# global.columns = TOKEN NE-COARSE-LIT NE-COARSE-METO NE-FINE-LIT NE-FINE-METO NE-FINE-COMP NE-NESTED NEL-LIT NEL-METO RENDER SEG OCR-INFO MISC
# language = fr
# newspaper = courriergdl
# date = 1847-10-02
# document_id = courriergdl-1847-10-02-a-i0002
# news-agency-as-source = _
# segment_iiif_link = https://iiif.eluxemburgensia.lu/iiif/2/ark:%2f70795%2fq4cp1z%2fpages%2f3/2161,2796,423,47/full/0/default.jpg
NAVIGATION	O	O	O	O	O	O	_	_	_	_	_	_
AÉRIENNE	O	O	O	O	O	O	_	_	EndOfLine	_	_	_
# segment_iiif_link = https://iiif.eluxemburgensia.lu/iiif/2/ark:%2f70795%2fq4cp1z%2fpages%2f3/1942,2844,867,48/full/0/default.jpg
EXPÉRIENCE	O	O	O	O	O	O	_	_	_	_	_	_
DE	O	O	O	O	O	O	_	_	_	_	_	_
L	O	O	O	O	O	O	_	_	NoSpaceAfter	_	_	_
'	O	O	O	O	O	O	_	_	NoSpaceAfter	_	_	_
APPAREIL	O	O	O	O	O	O	_	_	_	_	_	_
DE	O	O	O	O	O	O	_	_	_	_	_	_
M	O	O	O	O	O	O	_	_	NoSpaceAfter	_	_	_
.	O	O	O	O	O	O	_	_	_	_	_	_
LE	O	O	O	O	O	O	_	_	_	_	_	_
DOCTEUR	O	O	O	O	O	O	_	_	_	_	_	_
VAN	O	O	O	O	O	O	_	_	_	_	_	_
HECKE	O	O	O	O	O	O	_	_	NoSpaceAfter	_	_	_
.	O	O	O	O	O	O	_	_	EndOfLine	EndOfSentence	_	_
# segment_iiif_link = https://iiif.eluxemburgensia.lu/iiif/2/ark:%2f70795%2fq4cp1z%2fpages%2f3/1985,2890,826,47/full/0/default.jpg
MM	O	O	O	O	O	O	_	_	NoSpaceAfter	_	_	_
.	O	O	O	O	O	O	_	_	_	_	_	_
le	O	O	O	O	O	O	_	_	_	_	_	_
docteur	O	O	O	O	O	O	_	_	_	_	_	_
Van	O	O	O	O	O	O	_	_	_	_	_	_
llcckc	O	O	O	O	O	O	_	_	_	_	_	_
et	O	O	O	O	O	O	_	_	_	_	_	_
Dupuis	O	O	O	O	O	O	_	_	NoSpaceAfter	_	_	_
-	O	O	O	O	O	O	_	_	NoSpaceAfter	_	_	_
Dclcourt	O	O	O	O	O	O	_	_	_	_	_	_
ont	O	O	O	O	O	O	_	_	EndOfLine	_	_	_
# segment_iiif_link = https://iiif.eluxemburgensia.lu/iiif/2/ark:%2f70795%2fq4cp1z%2fpages%2f3/1945,2936,863,48/full/0/default.jpg
fait	O	O	O	O	O	O	_	_	_	_	_	_
hier	O	O	O	O	O	O	_	_	NoSpaceAfter	_	_	_
,	O	O	O	O	O	O	_	_	_	_	_	_
à	O	O	O	O	O	O	_	_	_	_	_	_
deux	O	O	O	O	O	O	_	_	_	_	_	_
heures	O	O	O	O	O	O	_	_	NoSpaceAfter	_	_	_
,	O	O	O	O	O	O	_	_	_	_	_	_
leur	O	O	O	O	O	O	_	_	_	_	_	_
ascension	O	O	O	O	O	O	_	_	_	_	_	_
en	O	O	O	O	O	O	_	_	_	_	_	_
aérostal	O	O	O	O	O	O	_	_	NoSpaceAfter	_	_	_
.	O	O	O	O	O	O	_	_	EndOfLine	EndOfSentence	_	_
# segment_iiif_link = https://iiif.eluxemburgensia.lu/iiif/2/ark:%2f70795%2fq4cp1z%2fpages%2f3/1944,2982,853,47/full/0/default.jpg
Plusieurs	O	O	O	O	O	O	_	_	_	_	_	_
milliers	O	O	O	O	O	O	_	_	_	_	_	_
de	O	O	O	O	O	O	_	_	_	_	_	_
personnes	O	O	O	O	O	O	_	_	_	_	_	_
assistaient	O	O	O	O	O	O	_	_	_	_	_	_
à	O	O	O	O	O	O	_	_	_	_	_	_
celte	O	O	O	O	O	O	_	_	EndOfLine	_	_	_
# segment_iiif_link = https://iiif.eluxemburgensia.lu/iiif/2/ark:%2f70795%2fq4cp1z%2fpages%2f3/1944,3029,870,56/full/0/default.jpg
expérience	O	O	O	O	O	O	_	_	_	_	_	_
intéressante	O	O	O	O	O	O	_	_	NoSpaceAfter	_	_	_
.	O	O	O	O	O	O	_	_	_	EndOfSentence	_	_
On	O	O	O	O	O	O	_	_	_	_	_	_
remarquait	O	O	O	O	O	O	_	_	_	_	_	_
dans	O	O	O	O	O	O	_	_	_	_	_	_
l	O	O	O	O	O	O	_	_	NoSpaceAfter	_	_	_
'	O	O	O	O	O	O	_	_	NoSpaceAfter	_	_	_
enceinte	O	O	O	O	O	O	_	_	EndOfLine	_	_	_
# segment_iiif_link = https://iiif.eluxemburgensia.lu/iiif/2/ark:%2f70795%2fq4cp1z%2fpages%2f3/1946,3075,868,45/full/0/default.jpg
réservée	O	O	O	O	O	O	_	_	_	_	_	_
MM	O	O	O	O	O	O	_	_	NoSpaceAfter	_	_	_
.	O	O	O	O	O	O	_	_	_	EndOfSentence	_	_
Rogicr	O	O	O	O	O	O	_	_	NoSpaceAfter	_	_	_
,	O	O	O	O	O	O	_	_	_	_	_	_
ministre	O	O	O	O	O	O	_	_	_	_	_	_
de	O	O	O	O	O	O	_	_	_	_	_	_
l	O	O	O	O	O	O	_	_	NoSpaceAfter	_	_	_
'	O	O	O	O	O	O	_	_	NoSpaceAfter	_	_	_
intérieur	O	O	O	O	O	O	_	_	NoSpaceAfter	_	_	_
;	O	O	O	O	O	O	_	_	_	_	_	_
Stevens	O	O	O	O	O	O	_	_	NoSpaceAfter	_	_	_
,	O	O	O	O	O	O	_	_	EndOfLine	_	_	_
# segment_iiif_link = https://iiif.eluxemburgensia.lu/iiif/2/ark:%2f70795%2fq4cp1z%2fpages%2f3/1946,3120,854,47/full/0/default.jpg
faisant	O	O	O	O	O	O	_	_	_	_	_	_
fonction	O	O	O	O	O	O	_	_	NoSpaceAfter	_	_	_
-	O	O	O	O	O	O	_	_	_	_	_	_
de	O	O	O	O	O	O	_	_	_	_	_	_
secrétaire	O	O	O	O	O	O	_	_	_	_	_	_
général	O	O	O	O	O	O	_	_	_	_	_	_
de	O	O	O	O	O	O	_	_	_	_	_	_
ce	O	O	O	O	O	O	_	_	EndOfLine	_	_	_
# segment_iiif_link = https://iiif.eluxemburgensia.lu/iiif/2/ark:%2f70795%2fq4cp1z%2fpages%2f3/1946,3173,868,48/full/0/default.jpg
département	O	O	O	O	O	O	_	_	NoSpaceAfter	_	_	_
;	O	O	O	O	O	O	_	_	_	_	_	_
Sabine	O	O	O	O	O	O	_	_	NoSpaceAfter	_	_	_
,	O	O	O	O	O	O	_	_	_	_	_	_
de	O	O	O	O	O	O	_	_	_	_	_	_
la	O	O	O	O	O	O	_	_	_	_	_	_
société	O	O	O	O	O	O	_	_	_	_	_	_
royale	O	O	O	O	O	O	_	_	_	_	_	_
de	O	O	O	O	O	O	_	_	_	_	_	_
Londres	O	O	O	O	O	O	_	_	NoSpaceAfter	_	_	_
;	O	O	O	O	O	O	_	_	EndOfLine	_	_	_
# segment_iiif_link = https://iiif.eluxemburgensia.lu/iiif/2/ark:%2f70795%2fq4cp1z%2fpages%2f3/1946,3213,867,58/full/0/default.jpg
•	O	O	O	O	O	O	_	_	NoSpaceAfter	_	_	_
Quetelcl	O	O	O	O	O	O	_	_	NoSpaceAfter	_	_	_
,	O	O	O	O	O	O	_	_	_	_	_	_
secrétaire	O	O	O	O	O	O	_	_	_	_	_	_
perpétuel	O	O	O	O	O	O	_	_	_	_	_	_
de	O	O	O	O	O	O	_	_	_	_	_	_
l	O	O	O	O	O	O	_	_	NoSpaceAfter	_	_	_
'	O	O	O	O	O	O	_	_	NoSpaceAfter	_	_	_
Académie	O	O	O	O	O	O	_	_	NoSpaceAfter	_	_	_
;	O	O	O	O	O	O	_	_	_	_	_	_
Devaux	O	O	O	O	O	O	_	_	NoSpaceAfter	_	_	_
,	O	O	O	O	O	O	_	_	EndOfLine	_	_	_
# segment_iiif_link = https://iiif.eluxemburgensia.lu/iiif/2/ark:%2f70795%2fq4cp1z%2fpages%2f3/1946,3263,868,56/full/0/default.jpg
inspecteur	O	O	O	O	O	O	_	_	_	_	_	_
général	O	O	O	O	O	O	_	_	_	_	_	_
des	O	O	O	O	O	O	_	_	_	_	_	_
mines	O	O	O	O	O	O	_	_	NoSpaceAfter	_	_	_
,	O	O	O	O	O	O	_	_	_	_	_	_
et	O	O	O	O	O	O	_	_	_	_	_	_
Gillon	O	O	O	O	O	O	_	_	NoSpaceAfter	_	_	_
,	O	O	O	O	O	O	_	_	_	_	_	_
bourgmestre	O	O	O	O	O	O	_	_	EndOfLine	_	_	_
# segment_iiif_link = https://iiif.eluxemburgensia.lu/iiif/2/ark:%2f70795%2fq4cp1z%2fpages%2f3/1946,3308,866,47/full/0/default.jpg
de	O	O	O	O	O	O	_	_	_	_	_	_
Sainl	O	O	O	O	O	O	_	_	NoSpaceAfter	_	_	_
-	O	O	O	O	O	O	_	_	NoSpaceAfter	_	_	_
Josse	O	O	O	O	O	O	_	_	NoSpaceAfter	_	_	_
-	O	O	O	O	O	O	_	_	NoSpaceAfter	_	_	_
leti	O	O	O	O	O	O	_	_	NoSpaceAfter	_	_	_
-	O	O	O	O	O	O	_	_	NoSpaceAfter	_	_	_
Noode	O	O	O	O	O	O	_	_	NoSpaceAfter	_	_	_
,	O	O	O	O	O	O	_	_	_	_	_	_
à	O	O	O	O	O	O	_	_	_	_	_	_
qui	O	O	O	O	O	O	_	_	_	_	_	_
M	O	O	O	O	O	O	_	_	NoSpaceAfter	_	_	_
.	O	O	O	O	O	O	_	_	_	_	_	_
le	O	O	O	O	O	O	_	_	_	_	_	_
docteur	O	O	O	O	O	O	_	_	_	_	_	_
Van	O	O	O	O	O	O	_	_	EndOfLine	_	_	_
# segment_iiif_link = https://iiif.eluxemburgensia.lu/iiif/2/ark:%2f70795%2fq4cp1z%2fpages%2f3/1945,3353,866,47/full/0/default.jpg
Hecke	O	O	O	O	O	O	_	_	_	_	_	_
a	O	O	O	O	O	O	_	_	_	_	_	_
donné	O	O	O	O	O	O	_	_	_	_	_	_
tics	O	O	O	O	O	O	_	_	_	_	_	_
explications	O	O	O	O	O	O	_	_	_	_	_	_
sur	O	O	O	O	O	O	_	_	_	_	_	_
le	O	O	O	O	O	O	_	_	_	_	_	_
procédé	O	O	O	O	O	O	_	_	_	_	_	_
au	O	O	O	O	O	O	_	_	EndOfLine	_	_	_
# segment_iiif_link = https://iiif.eluxemburgensia.lu/iiif/2/ark:%2f70795%2fq4cp1z%2fpages%2f3/1946,3408,867,47/full/0/default.jpg
moyen	O	O	O	O	O	O	_	_	_	_	_	_
duquel	O	O	O	O	O	O	_	_	_	_	_	_
il	O	O	O	O	O	O	_	_	_	_	_	_
prétend	O	O	O	O	O	O	_	_	_	_	_	_
faire	O	O	O	O	O	O	_	_	_	_	_	_
monter	O	O	O	O	O	O	_	_	_	_	_	_
ou	O	O	O	O	O	O	_	_	_	_	_	_
descendre	O	O	O	O	O	O	_	_	EndOfLine	_	_	_
# segment_iiif_link = https://iiif.eluxemburgensia.lu/iiif/2/ark:%2f70795%2fq4cp1z%2fpages%2f3/1944,3444,869,44/full/0/default.jpg
à	O	O	O	O	O	O	_	_	_	_	_	_
volonté	O	O	O	O	O	O	_	_	_	_	_	_
l	O	O	O	O	O	O	_	_	NoSpaceAfter	_	_	_
'	O	O	O	O	O	O	_	_	NoSpaceAfter	_	_	_
aérostat	O	O	O	O	O	O	_	_	_	_	_	_
et	O	O	O	O	O	O	_	_	_	_	_	_
trouver	O	O	O	O	O	O	_	_	_	_	_	_
ainsi	O	O	O	O	O	O	_	_	_	_	_	_
les	O	O	O	O	O	O	_	_	_	_	_	_
courants	O	O	O	O	O	O	_	_	_	_	_	_
qui	O	O	O	O	O	O	_	_	EndOfLine	_	_	_
# segment_iiif_link = https://iiif.eluxemburgensia.lu/iiif/2/ark:%2f70795%2fq4cp1z%2fpages%2f3/1945,3485,715,49/full/0/default.jpg
doiveut	O	O	O	O	O	O	_	_	_	_	_	_
y	O	O	O	O	O	O	_	_	_	_	_	_
imprimer	O	O	O	O	O	O	_	_	_	_	_	_
la	O	O	O	O	O	O	_	_	_	_	_	_
direction	O	O	O	O	O	O	_	_	_	_	_	_
qu	O	O	O	O	O	O	_	_	NoSpaceAfter	_	_	_
'	O	O	O	O	O	O	_	_	NoSpaceAfter	_	_	_
il	O	O	O	O	O	O	_	_	_	_	_	_
désire	O	O	O	O	O	O	_	_	NoSpaceAfter	_	_	_
.	O	O	O	O	O	O	_	_	EndOfLine	EndOfSentence	_	_
# segment_iiif_link = https://iiif.eluxemburgensia.lu/iiif/2/ark:%2f70795%2fq4cp1z%2fpages%2f3/1985,3533,831,49/full/0/default.jpg
M	O	O	O	O	O	O	_	_	NoSpaceAfter	_	_	_
.	O	O	O	O	O	O	_	_	_	_	_	_
le	O	O	O	O	O	O	_	_	_	_	_	_
docteur	O	O	O	O	O	O	_	_	_	_	_	_
Van	O	O	O	O	O	O	_	_	_	_	_	_
Hecke	O	O	O	O	O	O	_	_	_	_	_	_
est	O	O	O	O	O	O	_	_	_	_	_	_
revenu	O	O	O	O	O	O	_	_	_	_	_	_
hier	O	O	O	O	O	O	_	_	_	_	_	_
soir	O	O	O	O	O	O	_	_	_	_	_	_
à	O	O	O	O	O	O	_	_	EndOfLine	_	_	_
# segment_iiif_link = https://iiif.eluxemburgensia.lu/iiif/2/ark:%2f70795%2fq4cp1z%2fpages%2f3/1946,3581,869,56/full/0/default.jpg
Bruxelles	O	O	O	O	O	O	_	_	NoSpaceAfter	_	_	_
;	O	O	O	O	O	O	_	_	_	_	_	_
nous	O	O	O	O	O	O	_	_	_	_	_	_
devons	O	O	O	O	O	O	_	_	_	_	_	_
à	O	O	O	O	O	O	_	_	_	_	_	_
sou	O	O	O	O	O	O	_	_	_	_	_	_
obligeance	O	O	O	O	O	O	_	_	_	_	_	_
les	O	O	O	O	O	O	_	_	_	_	_	_
détails	O	O	O	O	O	O	_	_	EndOfLine	_	_	_
# segment_iiif_link = https://iiif.eluxemburgensia.lu/iiif/2/ark:%2f70795%2fq4cp1z%2fpages%2f3/1946,3631,868,44/full/0/default.jpg
suiranls	O	O	O	O	O	O	_	_	_	_	_	_
que	O	O	O	O	O	O	_	_	_	_	_	_
tout	O	O	O	O	O	O	_	_	_	_	_	_
le	O	O	O	O	O	O	_	_	_	_	_	_
monde	O	O	O	O	O	O	_	_	_	_	_	_
lira	O	O	O	O	O	O	_	_	_	_	_	_
avec	O	O	O	O	O	O	_	_	_	_	_	_
un	O	O	O	O	O	O	_	_	_	_	_	_
vif	O	O	O	O	O	O	_	_	_	_	_	_
intérêt	O	O	O	O	O	O	_	_	_	_	_	_
:	O	O	O	O	O	O	_	_	EndOfLine	_	_	_
# segment_iiif_link = https://iiif.eluxemburgensia.lu/iiif/2/ark:%2f70795%2fq4cp1z%2fpages%2f3/1988,3688,824,30/full/0/default.jpg
u	O	O	O	O	O	O	_	_	_	_	_	_
Au	O	O	O	O	O	O	_	_	_	_	_	_
départ	O	O	O	O	O	O	_	_	NoSpaceAfter	_	_	_
,	O	O	O	O	O	O	_	_	_	_	_	_
il	O	O	O	O	O	O	_	_	_	_	_	_
uiauquait	O	O	O	O	O	O	_	_	_	_	_	_
ao	O	O	O	O	O	O	_	_	_	_	_	_
ballon	O	O	O	O	O	O	_	_	_	_	_	_
environ	O	O	O	O	O	O	_	_	_	_	_	_
deux	O	O	O	O	O	O	_	_	EndOfLine	_	_	_
# segment_iiif_link = https://iiif.eluxemburgensia.lu/iiif/2/ark:%2f70795%2fq4cp1z%2fpages%2f3/1942,3719,866,58/full/0/default.jpg
kilogrammes	O	O	O	O	O	O	_	_	_	_	_	_
pour	O	O	O	O	O	O	_	_	_	_	_	_
être	O	O	O	O	O	O	_	_	_	_	_	_
en	O	O	O	O	O	O	_	_	_	_	_	_
équilibre	O	O	O	O	O	O	_	_	NoSpaceAfter	_	_	_
;	O	O	O	O	O	O	_	_	_	_	_	_
l	O	O	O	O	O	O	_	_	NoSpaceAfter	_	_	_
'	O	O	O	O	O	O	_	_	NoSpaceAfter	_	_	_
ascension	O	O	O	O	O	O	_	_	_	_	_	_
n	O	O	O	O	O	O	_	_	NoSpaceAfter	_	_	_
'	O	O	O	O	O	O	_	_	NoSpaceAfter	_	_	_
a	O	O	O	O	O	O	_	_	_	_	_	_
eu	O	O	O	O	O	O	_	_	EndOfLine	_	_	_
# segment_iiif_link = https://iiif.eluxemburgensia.lu/iiif/2/ark:%2f70795%2fq4cp1z%2fpages%2f3/1945,3766,863,47/full/0/default.jpg
lieu	O	O	O	O	O	O	_	_	_	_	_	_
par	O	O	O	O	O	O	_	_	_	_	_	_
conséquent	O	O	O	O	O	O	_	_	_	_	_	_
que	O	O	O	O	O	O	_	_	_	_	_	_
par	O	O	O	O	O	O	_	_	_	_	_	_
l	O	O	O	O	O	O	_	_	NoSpaceAfter	_	_	_
'	O	O	O	O	O	O	_	_	NoSpaceAfter	_	_	_
action	O	O	O	O	O	O	_	_	_	_	_	_
des	O	O	O	O	O	O	_	_	_	_	_	_
appareils	O	O	O	O	O	O	_	_	NoSpaceAfter	_	_	_
.	O	O	O	O	O	O	_	_	_	EndOfSentence	_	_
Le	O	O	O	O	O	O	_	_	EndOfLine	_	_	_
# segment_iiif_link = https://iiif.eluxemburgensia.lu/iiif/2/ark:%2f70795%2fq4cp1z%2fpages%2f3/1942,3817,851,40/full/0/default.jpg
vent	O	O	O	O	O	O	_	_	_	_	_	_
portant	O	O	O	O	O	O	_	_	_	_	_	_
l	O	O	O	O	O	O	_	_	NoSpaceAfter	_	_	_
'	O	O	O	O	O	O	_	_	NoSpaceAfter	_	_	_
aérostat	O	O	O	O	O	O	_	_	_	_	_	_
au	O	O	O	O	O	O	_	_	NoSpaceAfter	_	_	_
-	O	O	O	O	O	O	_	_	NoSpaceAfter	_	_	_
dessus	O	O	O	O	O	O	_	_	_	_	_	_
de	O	O	O	O	O	O	_	_	_	_	_	_
la	O	O	O	O	O	O	_	_	_	_	_	_
ville	O	O	O	O	O	O	_	_	NoSpaceAfter	_	_	_
,	O	O	O	O	O	O	_	_	_	_	_	_
la	O	O	O	O	O	O	_	_	EndOfLine	_	_	_
# segment_iiif_link = https://iiif.eluxemburgensia.lu/iiif/2/ark:%2f70795%2fq4cp1z%2fpages%2f3/1941,3862,866,41/full/0/default.jpg
descente	O	O	O	O	O	O	_	_	_	_	_	_
ne	O	O	O	O	O	O	_	_	_	_	_	_
put	O	O	O	O	O	O	_	_	_	_	_	_
avoir	O	O	O	O	O	O	_	_	_	_	_	_
lieu	O	O	O	O	O	O	_	_	_	_	_	_
immédiatement	O	O	O	O	O	O	_	_	NoSpaceAfter	_	_	_
,	O	O	O	O	O	O	_	_	_	_	_	_
comme	O	O	O	O	O	O	_	_	_	_	_	_
le	O	O	O	O	O	O	_	_	EndOfLine	_	_	_
# segment_iiif_link = https://iiif.eluxemburgensia.lu/iiif/2/ark:%2f70795%2fq4cp1z%2fpages%2f3/1944,3901,862,45/full/0/default.jpg
voulaient	O	O	O	O	O	O	_	_	_	_	_	_
les	O	O	O	O	O	O	_	_	_	_	_	_
aérouautes	O	O	O	O	O	O	_	_	NoSpaceAfter	_	_	_
.	O	O	O	O	O	O	_	_	_	EndOfSentence	_	_
Le	O	O	O	O	O	O	_	_	_	_	_	_
départ	O	O	O	O	O	O	_	_	_	_	_	_
avait	O	O	O	O	O	O	_	_	_	_	_	_
en	O	O	O	O	O	O	_	_	_	_	_	_
lieu	O	O	O	O	O	O	_	_	_	_	_	_
à	O	O	O	O	O	O	_	_	EndOfLine	_	_	_
# segment_iiif_link = https://iiif.eluxemburgensia.lu/iiif/2/ark:%2f70795%2fq4cp1z%2fpages%2f3/1941,3947,866,47/full/0/default.jpg
deux	O	O	O	O	O	O	_	_	_	_	_	_
heures	O	O	O	O	O	O	_	_	_	_	_	_
et	O	O	O	O	O	O	_	_	_	_	_	_
quart	O	O	O	O	O	O	_	_	_	_	_	_
;	O	O	O	O	O	O	_	_	_	_	_	_
quelques	O	O	O	O	O	O	_	_	_	_	_	_
minutes	O	O	O	O	O	O	_	_	_	_	_	_
après	O	O	O	O	O	O	_	_	NoSpaceAfter	_	_	_
,	O	O	O	O	O	O	_	_	_	_	_	_
le	O	O	O	O	O	O	_	_	_	_	_	_
ballon	O	O	O	O	O	O	_	_	EndOfLine	_	_	_
# segment_iiif_link = https://iiif.eluxemburgensia.lu/iiif/2/ark:%2f70795%2fq4cp1z%2fpages%2f3/1941,3998,868,43/full/0/default.jpg
traversait	O	O	O	O	O	O	_	_	_	_	_	_
les	O	O	O	O	O	O	_	_	_	_	_	_
nuages	O	O	O	O	O	O	_	_	_	_	_	_
et	O	O	O	O	O	O	_	_	_	_	_	_
le	O	O	O	O	O	O	_	_	_	_	_	_
soleil	O	O	O	O	O	O	_	_	_	_	_	_
paraissait	O	O	O	O	O	O	_	_	_	_	_	_
radieux	O	O	O	O	O	O	_	_	_	_	_	_
ans	O	O	O	O	O	O	_	_	EndOfLine	_	_	_
# segment_iiif_link = https://iiif.eluxemburgensia.lu/iiif/2/ark:%2f70795%2fq4cp1z%2fpages%2f3/1942,4038,851,51/full/0/default.jpg
hardis	O	O	O	O	O	O	_	_	_	_	_	_
navigateurs	O	O	O	O	O	O	_	_	NoSpaceAfter	_	_	_
.	O	O	O	O	O	O	_	_	_	EndOfSentence	_	_
Le	O	O	O	O	O	O	_	_	_	_	_	_
baromètre	O	O	O	O	O	O	_	_	_	_	_	_
marquait	O	O	O	O	O	O	_	_	_	_	_	_
61	O	O	O	O	O	O	_	_	NoSpaceAfter	_	_	_
°	O	O	O	O	O	O	_	_	EndOfLine	_	_	_
# segment_iiif_link = https://iiif.eluxemburgensia.lu/iiif/2/ark:%2f70795%2fq4cp1z%2fpages%2f3/1940,4089,872,55/full/0/default.jpg
centigrades	O	O	O	O	O	O	_	_	_	_	_	_
et	O	O	O	O	O	O	_	_	_	_	_	_
le	O	O	O	O	O	O	_	_	_	_	_	_
thermomètre	O	O	O	O	O	O	_	_	_	_	_	_
10	O	O	O	O	O	O	_	_	NoSpaceAfter	_	_	_
"	O	O	O	O	O	O	_	_	_	_	_	_
Réaurnor	O	O	O	O	O	O	_	_	NoSpaceAfter	_	_	_
.	O	O	O	O	O	O	_	_	_	EndOfSentence	_	_
En	O	O	O	O	O	O	_	_	_	_	_	_
ce	O	O	O	O	O	O	_	_	_	_	_	_
moment	O	O	O	O	O	O	_	_	NoSpaceAfter	_	_	_
,	O	O	O	O	O	O	_	_	EndOfLine	_	_	_
# segment_iiif_link = https://iiif.eluxemburgensia.lu/iiif/2/ark:%2f70795%2fq4cp1z%2fpages%2f3/1942,4132,852,49/full/0/default.jpg
le	O	O	O	O	O	O	_	_	_	_	_	_
soleil	O	O	O	O	O	O	_	_	_	_	_	_
produisant	O	O	O	O	O	O	_	_	_	_	_	_
sur	O	O	O	O	O	O	_	_	_	_	_	_
le	O	O	O	O	O	O	_	_	_	_	_	_
gaz	O	O	O	O	O	O	_	_	_	_	_	_
une	O	O	O	O	O	O	_	_	_	_	_	_
légère	O	O	O	O	O	O	_	_	_	_	_	_
dilatation	O	O	O	O	O	O	_	_	EndOfLine	_	_	_
# segment_iiif_link = https://iiif.eluxemburgensia.lu/iiif/2/ark:%2f70795%2fq4cp1z%2fpages%2f3/1941,4182,874,45/full/0/default.jpg
rendit	O	O	O	O	O	O	_	_	_	_	_	_
inutile	O	O	O	O	O	O	_	_	_	_	_	_
le	O	O	O	O	O	O	_	_	_	_	_	_
jeu	O	O	O	O	O	O	_	_	_	_	_	_
ries	O	O	O	O	O	O	_	_	_	_	_	_
appaids	O	O	O	O	O	O	_	_	_	_	_	_
:	O	O	O	O	O	O	_	_	_	_	_	_
on	O	O	O	O	O	O	_	_	_	_	_	_
n	O	O	O	O	O	O	_	_	NoSpaceAfter	_	_	_
'	O	O	O	O	O	O	_	_	NoSpaceAfter	_	_	_
apercevait	O	O	O	O	O	O	_	_	_	_	_	_
plus	O	O	O	O	O	O	_	_	EndOfLine	_	_	_
# segment_iiif_link = https://iiif.eluxemburgensia.lu/iiif/2/ark:%2f70795%2fq4cp1z%2fpages%2f3/1941,4235,878,37/full/0/default.jpg
aucune	O	O	O	O	O	O	_	_	_	_	_	_
trace	O	O	O	O	O	O	_	_	_	_	_	_
de	O	O	O	O	O	O	_	_	_	_	_	_
la	O	O	O	O	O	O	_	_	_	_	_	_
terre	O	O	O	O	O	O	_	_	NoSpaceAfter	_	_	_
;	O	O	O	O	O	O	_	_	_	_	_	_
les	O	O	O	O	O	O	_	_	_	_	_	_
nuages	O	O	O	O	O	O	_	_	_	_	_	_
ap	O	O	O	O	O	O	_	_	_	_	_	_
para	O	O	O	O	O	O	_	_	_	_	_	_
j	O	O	O	O	O	O	_	_	_	_	_	_
ssaie	O	O	O	O	O	O	_	_	_	_	_	_
_	O	O	O	O	O	O	_	_	_	_	_	_
t	O	O	O	O	O	O	_	_	EndOfLine	_	_	_
# segment_iiif_link = https://iiif.eluxemburgensia.lu/iiif/2/ark:%2f70795%2fq4cp1z%2fpages%2f3/1940,4280,515,38/full/0/default.jpg
comme	O	O	O	O	O	O	_	_	_	_	_	_
des	O	O	O	O	O	O	_	_	_	_	_	_
montagnes	O	O	O	O	O	O	_	_	NoSpaceAfter	_	_	_
'	O	O	O	O	O	O	_	_	NoSpaceAfter	_	_	_
de	O	O	O	O	O	O	_	_	_	_	_	_
glace	O	O	O	O	O	O	_	_	NoSpaceAfter	_	_	_
.	O	O	O	O	O	O	_	_	EndOfLine	EndOfSentence	_	_
# segment_iiif_link = https://iiif.eluxemburgensia.lu/iiif/2/ark:%2f70795%2fq4cp1z%2fpages%2f4/325,292,833,30/full/0/default.jpg
»	O	O	O	O	O	O	_	_	NoSpaceAfter	_	_	_
s	O	O	O	O	O	O	_	_	_	_	_	_
L	O	O	O	O	O	O	_	_	NoSpaceAfter	_	_	_
'	O	O	O	O	O	O	_	_	NoSpaceAfter	_	_	_
aéroslat	O	O	O	O	O	O	_	_	_	_	_	_
continua	O	O	O	O	O	O	_	_	_	_	_	_
à	O	O	O	O	O	O	_	_	_	_	_	_
monter	O	O	O	O	O	O	_	_	_	_	_	_
pendant	O	O	O	O	O	O	_	_	_	_	_	_
plusieurs	O	O	O	O	O	O	_	_	EndOfLine	_	_	_
# segment_iiif_link = https://iiif.eluxemburgensia.lu/iiif/2/ark:%2f70795%2fq4cp1z%2fpages%2f4/289,324,872,50/full/0/default.jpg
minutes	O	O	O	O	O	O	_	_	NoSpaceAfter	_	_	_
;	O	O	O	O	O	O	_	_	_	_	_	_
à	O	O	O	O	O	O	_	_	_	_	_	_
deux	O	O	O	O	O	O	_	_	_	_	_	_
heures	O	O	O	O	O	O	_	_	_	_	_	_
el	O	O	O	O	O	O	_	_	_	_	_	_
demie	O	O	O	O	O	O	_	_	_	_	_	_
il	O	O	O	O	O	O	_	_	_	_	_	_
avait	O	O	O	O	O	O	_	_	_	_	_	_
atteint	O	O	O	O	O	O	_	_	_	_	_	_
4,500	O	O	O	O	O	O	_	_	EndOfLine	_	_	_
# segment_iiif_link = https://iiif.eluxemburgensia.lu/iiif/2/ark:%2f70795%2fq4cp1z%2fpages%2f4/290,370,872,48/full/0/default.jpg
mètres	O	O	O	O	O	O	_	_	_	_	_	_
:	O	O	O	O	O	O	_	_	_	_	_	_
le	O	O	O	O	O	O	_	_	_	_	_	_
baromètre	O	O	O	O	O	O	_	_	_	_	_	_
marquait	O	O	O	O	O	O	_	_	_	_	_	_
35	O	O	O	O	O	O	_	_	NoSpaceAfter	_	_	_
°	O	O	O	O	O	O	_	_	NoSpaceAfter	_	_	_
,	O	O	O	O	O	O	_	_	_	_	_	_
lout	O	O	O	O	O	O	_	_	_	_	_	_
à	O	O	O	O	O	O	_	_	_	_	_	_
coup	O	O	O	O	O	O	_	_	_	_	_	_
la	O	O	O	O	O	O	_	_	EndOfLine	_	_	_
# segment_iiif_link = https://iiif.eluxemburgensia.lu/iiif/2/ark:%2f70795%2fq4cp1z%2fpages%2f4/290,417,873,51/full/0/default.jpg
boussole	O	O	O	O	O	O	_	_	_	_	_	_
fit	O	O	O	O	O	O	_	_	_	_	_	_
un	O	O	O	O	O	O	_	_	_	_	_	_
quart	O	O	O	O	O	O	_	_	_	_	_	_
de	O	O	O	O	O	O	_	_	_	_	_	_
conversion	O	O	O	O	O	O	_	_	NoSpaceAfter	_	_	_
,	O	O	O	O	O	O	_	_	_	_	_	_
indiquant	O	O	O	O	O	O	_	_	_	_	_	_
roule	O	O	O	O	O	O	_	_	EndOfLine	_	_	_
# segment_iiif_link = https://iiif.eluxemburgensia.lu/iiif/2/ark:%2f70795%2fq4cp1z%2fpages%2f4/290,465,858,49/full/0/default.jpg
directe	O	O	O	O	O	O	_	_	_	_	_	_
du	O	O	O	O	O	O	_	_	_	_	_	_
nord	O	O	O	O	O	O	_	_	_	_	_	_
au	O	O	O	O	O	O	_	_	_	_	_	_
sud	O	O	O	O	O	O	_	_	NoSpaceAfter	_	_	_
;	O	O	O	O	O	O	_	_	_	_	_	_
le	O	O	O	O	O	O	_	_	_	_	_	_
ballon	O	O	O	O	O	O	_	_	_	_	_	_
s	O	O	O	O	O	O	_	_	NoSpaceAfter	_	_	_
'	O	O	O	O	O	O	_	_	NoSpaceAfter	_	_	_
y	O	O	O	O	O	O	_	_	_	_	_	_
maintint	O	O	O	O	O	O	_	_	EndOfLine	_	_	_
# segment_iiif_link = https://iiif.eluxemburgensia.lu/iiif/2/ark:%2f70795%2fq4cp1z%2fpages%2f4/291,524,871,36/full/0/default.jpg
environ	O	O	O	O	O	O	_	_	_	_	_	_
un	O	O	O	O	O	O	_	_	_	_	_	_
quart	O	O	O	O	O	O	_	_	_	_	_	_
d	O	O	O	O	O	O	_	_	NoSpaceAfter	_	_	_
'	O	O	O	O	O	O	_	_	NoSpaceAfter	_	_	_
heure	O	O	O	O	O	O	_	_	NoSpaceAfter	_	_	_
;	O	O	O	O	O	O	_	_	_	_	_	_
le	O	O	O	O	O	O	_	_	_	_	_	_
thermomètre	O	O	O	O	O	O	_	_	_	_	_	_
marquait	O	O	O	O	O	O	_	_	_	_	_	_
15	O	O	O	O	O	O	_	_	NoSpaceAfter	_	_	_
°	O	O	O	O	O	O	_	_	NoSpaceAfter	_	_	_
.	O	O	O	O	O	O	_	_	EndOfLine	EndOfSentence	_	_
# segment_iiif_link = https://iiif.eluxemburgensia.lu/iiif/2/ark:%2f70795%2fq4cp1z%2fpages%2f4/291,559,857,47/full/0/default.jpg
Ne	O	O	O	O	O	O	_	_	_	_	_	_
voulant	O	O	O	O	O	O	_	_	_	_	_	_
pas	O	O	O	O	O	O	_	_	_	_	_	_
trop	O	O	O	O	O	O	_	_	_	_	_	_
s	O	O	O	O	O	O	_	_	NoSpaceAfter	_	_	_
'	O	O	O	O	O	O	_	_	NoSpaceAfter	_	_	_
éloigner	O	O	O	O	O	O	_	_	_	_	_	_
de	O	O	O	O	O	O	_	_	_	_	_	_
Bruxelles	O	O	O	O	O	O	_	_	NoSpaceAfter	_	_	_
,	O	O	O	O	O	O	_	_	_	_	_	_
les	O	O	O	O	O	O	_	_	EndOfLine	_	_	_
# segment_iiif_link = https://iiif.eluxemburgensia.lu/iiif/2/ark:%2f70795%2fq4cp1z%2fpages%2f4/290,616,876,47/full/0/default.jpg
voyageurs	O	O	O	O	O	O	_	_	_	_	_	_
manœuvrèrent	O	O	O	O	O	O	_	_	_	_	_	_
pour	O	O	O	O	O	O	_	_	_	_	_	_
descendre	O	O	O	O	O	O	_	_	_	_	_	_
:	O	O	O	O	O	O	_	_	_	_	_	_
en	O	O	O	O	O	O	_	_	_	_	_	_
moins	O	O	O	O	O	O	_	_	_	_	_	_
de	O	O	O	O	O	O	_	_	EndOfLine	_	_	_
# segment_iiif_link = https://iiif.eluxemburgensia.lu/iiif/2/ark:%2f70795%2fq4cp1z%2fpages%2f4/290,654,875,56/full/0/default.jpg
cinq	O	O	O	O	O	O	_	_	_	_	_	_
minutes	O	O	O	O	O	O	_	_	NoSpaceAfter	_	_	_
,	O	O	O	O	O	O	_	_	_	_	_	_
ils	O	O	O	O	O	O	_	_	_	_	_	_
étaient	O	O	O	O	O	O	_	_	_	_	_	_
descendus	O	O	O	O	O	O	_	_	_	_	_	_
de	O	O	O	O	O	O	_	_	_	_	_	_
2,500	O	O	O	O	O	O	_	_	_	_	_	_
mètres	O	O	O	O	O	O	_	_	NoSpaceAfter	_	_	_
;	O	O	O	O	O	O	_	_	EndOfLine	_	_	_
# segment_iiif_link = https://iiif.eluxemburgensia.lu/iiif/2/ark:%2f70795%2fq4cp1z%2fpages%2f4/292,698,876,47/full/0/default.jpg
ils	O	O	O	O	O	O	_	_	_	_	_	_
relraversaienl	O	O	O	O	O	O	_	_	_	_	_	_
les	O	O	O	O	O	O	_	_	_	_	_	_
nuages	O	O	O	O	O	O	_	_	_	_	_	_
et	O	O	O	O	O	O	_	_	_	_	_	_
revoyaient	O	O	O	O	O	O	_	_	_	_	_	_
la	O	O	O	O	O	O	_	_	_	_	_	_
terre	O	O	O	O	O	O	_	_	NoSpaceAfter	_	_	_
.	O	O	O	O	O	O	_	_	_	EndOfSentence	_	_
Le	O	O	O	O	O	O	_	_	EndOfLine	_	_	_
# segment_iiif_link = https://iiif.eluxemburgensia.lu/iiif/2/ark:%2f70795%2fq4cp1z%2fpages%2f4/296,742,872,48/full/0/default.jpg
baromètre	O	O	O	O	O	O	_	_	_	_	_	_
marquait	O	O	O	O	O	O	_	_	_	_	_	_
58	O	O	O	O	O	O	_	_	NoSpaceAfter	_	_	_
°	O	O	O	O	O	O	_	_	_	_	_	_
1	O	O	O	O	O	O	_	_	NoSpaceAfter	_	_	_
/	O	O	O	O	O	O	_	_	NoSpaceAfter	_	_	_
2	O	O	O	O	O	O	_	_	_	_	_	_
el	O	O	O	O	O	O	_	_	_	_	_	_
le	O	O	O	O	O	O	_	_	_	_	_	_
thermomètre	O	O	O	O	O	O	_	_	_	_	_	_
11	O	O	O	O	O	O	_	_	NoSpaceAfter	_	_	_
°	O	O	O	O	O	O	_	_	NoSpaceAfter	_	_	_
.	O	O	O	O	O	O	_	_	EndOfLine	EndOfSentence	_	_
# segment_iiif_link = https://iiif.eluxemburgensia.lu/iiif/2/ark:%2f70795%2fq4cp1z%2fpages%2f4/294,789,873,47/full/0/default.jpg
On	O	O	O	O	O	O	_	_	_	_	_	_
apercevait	O	O	O	O	O	O	_	_	_	_	_	_
une	O	O	O	O	O	O	_	_	_	_	_	_
ville	O	O	O	O	O	O	_	_	_	_	_	_
qui	O	O	O	O	O	O	_	_	_	_	_	_
semblait	O	O	O	O	O	O	_	_	_	_	_	_
être	O	O	O	O	O	O	_	_	_	_	_	_
à	O	O	O	O	O	O	_	_	_	_	_	_
environ	O	O	O	O	O	O	_	_	EndOfLine	_	_	_
# segment_iiif_link = https://iiif.eluxemburgensia.lu/iiif/2/ark:%2f70795%2fq4cp1z%2fpages%2f4/295,835,860,49/full/0/default.jpg
dix	O	O	O	O	O	O	_	_	_	_	_	_
kilomètres	O	O	O	O	O	O	_	_	_	_	_	_
de	O	O	O	O	O	O	_	_	_	_	_	_
distance	O	O	O	O	O	O	_	_	NoSpaceAfter	_	_	_
.	O	O	O	O	O	O	_	_	_	EndOfSentence	_	_
Les	O	O	O	O	O	O	_	_	_	_	_	_
voyageurs	O	O	O	O	O	O	_	_	_	_	_	_
crurent	O	O	O	O	O	O	_	_	EndOfLine	_	_	_
# segment_iiif_link = https://iiif.eluxemburgensia.lu/iiif/2/ark:%2f70795%2fq4cp1z%2fpages%2f4/295,881,875,48/full/0/default.jpg
d	O	O	O	O	O	O	_	_	NoSpaceAfter	_	_	_
'	O	O	O	O	O	O	_	_	NoSpaceAfter	_	_	_
abord	O	O	O	O	O	O	_	_	_	_	_	_
que	O	O	O	O	O	O	_	_	_	_	_	_
ce	O	O	O	O	O	O	_	_	_	_	_	_
pouvait	O	O	O	O	O	O	_	_	_	_	_	_
être	O	O	O	O	O	O	_	_	_	_	_	_
Mons	O	O	O	O	O	O	_	_	_	_	_	_
;	O	O	O	O	O	O	_	_	_	_	_	_
ainsi	O	O	O	O	O	O	_	_	_	_	_	_
qu	O	O	O	O	O	O	_	_	NoSpaceAfter	_	_	_
'	O	O	O	O	O	O	_	_	NoSpaceAfter	_	_	_
ils	O	O	O	O	O	O	_	_	_	_	_	_
l	O	O	O	O	O	O	_	_	NoSpaceAfter	_	_	_
'	O	O	O	O	O	O	_	_	NoSpaceAfter	_	_	_
apprirent	O	O	O	O	O	O	_	_	EndOfLine	_	_	_
# segment_iiif_link = https://iiif.eluxemburgensia.lu/iiif/2/ark:%2f70795%2fq4cp1z%2fpages%2f4/296,928,873,58/full/0/default.jpg
bientôt	O	O	O	O	O	O	_	_	NoSpaceAfter	_	_	_
,	O	O	O	O	O	O	_	_	_	_	_	_
c	O	O	O	O	O	O	_	_	NoSpaceAfter	_	_	_
'	O	O	O	O	O	O	_	_	NoSpaceAfter	_	_	_
était	O	O	O	O	O	O	_	_	_	_	_	_
Charleroy	O	O	O	O	O	O	_	_	NoSpaceAfter	_	_	_
.	O	O	O	O	O	O	_	_	_	EndOfSentence	_	_
Après	O	O	O	O	O	O	_	_	_	_	_	_
avoir	O	O	O	O	O	O	_	_	_	_	_	_
dépassé	O	O	O	O	O	O	_	_	_	_	_	_
un	O	O	O	O	O	O	_	_	EndOfLine	_	_	_
# segment_iiif_link = https://iiif.eluxemburgensia.lu/iiif/2/ark:%2f70795%2fq4cp1z%2fpages%2f4/292,978,876,55/full/0/default.jpg
pelit	O	O	O	O	O	O	_	_	_	_	_	_
bois	O	O	O	O	O	O	_	_	NoSpaceAfter	_	_	_
,	O	O	O	O	O	O	_	_	_	_	_	_
une	O	O	O	O	O	O	_	_	_	_	_	_
plainte	O	O	O	O	O	O	_	_	_	_	_	_
immense	O	O	O	O	O	O	_	_	_	_	_	_
s	O	O	O	O	O	O	_	_	NoSpaceAfter	_	_	_
'	O	O	O	O	O	O	_	_	NoSpaceAfter	_	_	_
étendit	O	O	O	O	O	O	_	_	_	_	_	_
sous	O	O	O	O	O	O	_	_	EndOfLine	_	_	_
# segment_iiif_link = https://iiif.eluxemburgensia.lu/iiif/2/ark:%2f70795%2fq4cp1z%2fpages%2f4/297,1022,870,47/full/0/default.jpg
leurs	O	O	O	O	O	O	_	_	_	_	_	_
pieds	O	O	O	O	O	O	_	_	_	_	_	_
:	O	O	O	O	O	O	_	_	_	_	_	_
ils	O	O	O	O	O	O	_	_	_	_	_	_
y	O	O	O	O	O	O	_	_	_	_	_	_
descendirent	O	O	O	O	O	O	_	_	_	_	_	_
immédiatement	O	O	O	O	O	O	_	_	NoSpaceAfter	_	_	_
.	O	O	O	O	O	O	_	_	_	EndOfSentence	_	_
M	O	O	O	O	O	O	_	_	NoSpaceAfter	_	_	_
.	O	O	O	O	O	O	_	_	EndOfLine	_	_	_
# segment_iiif_link = https://iiif.eluxemburgensia.lu/iiif/2/ark:%2f70795%2fq4cp1z%2fpages%2f4/297,1068,856,57/full/0/default.jpg
Dupuis	O	O	O	O	O	O	_	_	NoSpaceAfter	_	_	_
-	O	O	O	O	O	O	_	_	NoSpaceAfter	_	_	_
Dclcourl	O	O	O	O	O	O	_	_	_	_	_	_
,	O	O	O	O	O	O	_	_	_	_	_	_
en	O	O	O	O	O	O	_	_	_	_	_	_
sa	O	O	O	O	O	O	_	_	_	_	_	_
qualité	O	O	O	O	O	O	_	_	_	_	_	_
de	O	O	O	O	O	O	_	_	_	_	_	_
vétéran	O	O	O	O	O	O	_	_	_	_	_	_
de	O	O	O	O	O	O	_	_	_	_	_	_
la	O	O	O	O	O	O	_	_	EndOfLine	_	_	_
# segment_iiif_link = https://iiif.eluxemburgensia.lu/iiif/2/ark:%2f70795%2fq4cp1z%2fpages%2f4/296,1115,873,53/full/0/default.jpg
navigation	O	O	O	O	O	O	_	_	_	_	_	_
aérienne	O	O	O	O	O	O	_	_	NoSpaceAfter	_	_	_
,	O	O	O	O	O	O	_	_	_	_	_	_
ne	O	O	O	O	O	O	_	_	_	_	_	_
voulut	O	O	O	O	O	O	_	_	_	_	_	_
descendre	O	O	O	O	O	O	_	_	_	_	_	_
que	O	O	O	O	O	O	_	_	_	_	_	_
le	O	O	O	O	O	O	_	_	_	_	_	_
dernier	O	O	O	O	O	O	_	_	NoSpaceAfter	_	_	_
;	O	O	O	O	O	O	_	_	EndOfLine	_	_	_
# segment_iiif_link = https://iiif.eluxemburgensia.lu/iiif/2/ark:%2f70795%2fq4cp1z%2fpages%2f4/296,1158,873,44/full/0/default.jpg
mais	O	O	O	O	O	O	_	_	_	_	_	_
à	O	O	O	O	O	O	_	_	_	_	_	_
peine	O	O	O	O	O	O	_	_	_	_	_	_
M	O	O	O	O	O	O	_	_	NoSpaceAfter	_	_	_
.	O	O	O	O	O	O	_	_	_	_	_	_
Van	O	O	O	O	O	O	_	_	_	_	_	_
Hecke	O	O	O	O	O	O	_	_	_	_	_	_
avail	O	O	O	O	O	O	_	_	NoSpaceAfter	_	_	_
-	O	O	O	O	O	O	_	_	NoSpaceAfter	_	_	_
il	O	O	O	O	O	O	_	_	_	_	_	_
mis	O	O	O	O	O	O	_	_	_	_	_	_
pied	O	O	O	O	O	O	_	_	_	_	_	_
à	O	O	O	O	O	O	_	_	_	_	_	_
terre	O	O	O	O	O	O	_	_	EndOfLine	_	_	_
# segment_iiif_link = https://iiif.eluxemburgensia.lu/iiif/2/ark:%2f70795%2fq4cp1z%2fpages%2f4/297,1215,868,48/full/0/default.jpg
que	O	O	O	O	O	O	_	_	_	_	_	_
le	O	O	O	O	O	O	_	_	_	_	_	_
ballon	O	O	O	O	O	O	_	_	NoSpaceAfter	_	_	_
,	O	O	O	O	O	O	_	_	_	_	_	_
allégé	O	O	O	O	O	O	_	_	_	_	_	_
d	O	O	O	O	O	O	_	_	NoSpaceAfter	_	_	_
'	O	O	O	O	O	O	_	_	NoSpaceAfter	_	_	_
une	O	O	O	O	O	O	_	_	_	_	_	_
soixantaine	O	O	O	O	O	O	_	_	_	_	_	_
de	O	O	O	O	O	O	_	_	_	_	_	_
kilos	O	O	O	O	O	O	_	_	NoSpaceAfter	_	_	_
,	O	O	O	O	O	O	_	_	_	_	_	_
se	O	O	O	O	O	O	_	_	_	_	_	_
mil	O	O	O	O	O	O	_	_	EndOfLine	_	_	_
# segment_iiif_link = https://iiif.eluxemburgensia.lu/iiif/2/ark:%2f70795%2fq4cp1z%2fpages%2f4/294,1253,873,47/full/0/default.jpg
à	O	O	O	O	O	O	_	_	_	_	_	_
courir	O	O	O	O	O	O	_	_	_	_	_	_
borizontalemcnt	O	O	O	O	O	O	_	_	NoSpaceAfter	_	_	_
,	O	O	O	O	O	O	_	_	_	_	_	_
et	O	O	O	O	O	O	_	_	_	_	_	_
se	O	O	O	O	O	O	_	_	_	_	_	_
serait	O	O	O	O	O	O	_	_	_	_	_	_
enlevé	O	O	O	O	O	O	_	_	_	_	_	_
si	O	O	O	O	O	O	_	_	_	_	_	_
M	O	O	O	O	O	O	_	_	NoSpaceAfter	_	_	_
.	O	O	O	O	O	O	_	_	EndOfLine	_	_	_
# segment_iiif_link = https://iiif.eluxemburgensia.lu/iiif/2/ark:%2f70795%2fq4cp1z%2fpages%2f4/292,1298,873,48/full/0/default.jpg
Van	O	O	O	O	O	O	_	_	_	_	_	_
Hecke	O	O	O	O	O	O	_	_	_	_	_	_
ne	O	O	O	O	O	O	_	_	_	_	_	_
s	O	O	O	O	O	O	_	_	NoSpaceAfter	_	_	_
'	O	O	O	O	O	O	_	_	NoSpaceAfter	_	_	_
y	O	O	O	O	O	O	_	_	_	_	_	_
fût	O	O	O	O	O	O	_	_	_	_	_	_
attaché	O	O	O	O	O	O	_	_	_	_	_	_
en	O	O	O	O	O	O	_	_	_	_	_	_
se	O	O	O	O	O	O	_	_	_	_	_	_
laissant	O	O	O	O	O	O	_	_	_	_	_	_
entraîner	O	O	O	O	O	O	_	_	NoSpaceAfter	_	_	_
.	O	O	O	O	O	O	_	_	EndOfLine	EndOfSentence	_	_
# segment_iiif_link = https://iiif.eluxemburgensia.lu/iiif/2/ark:%2f70795%2fq4cp1z%2fpages%2f4/294,1344,874,49/full/0/default.jpg
Une	O	O	O	O	O	O	_	_	_	_	_	_
haie	O	O	O	O	O	O	_	_	_	_	_	_
«	O	O	O	O	O	O	_	_	NoSpaceAfter	_	_	_
jui	O	O	O	O	O	O	_	_	_	_	_	_
se	O	O	O	O	O	O	_	_	_	_	_	_
trouva	O	O	O	O	O	O	_	_	_	_	_	_
sur	O	O	O	O	O	O	_	_	_	_	_	_
son	O	O	O	O	O	O	_	_	_	_	_	_
passage	O	O	O	O	O	O	_	_	_	_	_	_
le	O	O	O	O	O	O	_	_	_	_	_	_
contraignit	O	O	O	O	O	O	_	_	EndOfLine	_	_	_
# segment_iiif_link = https://iiif.eluxemburgensia.lu/iiif/2/ark:%2f70795%2fq4cp1z%2fpages%2f4/292,1393,878,47/full/0/default.jpg
à	O	O	O	O	O	O	_	_	_	_	_	_
lâcher	O	O	O	O	O	O	_	_	_	_	_	_
prise	O	O	O	O	O	O	_	_	NoSpaceAfter	_	_	_
;	O	O	O	O	O	O	_	_	_	_	_	_
il	O	O	O	O	O	O	_	_	_	_	_	_
tomba	O	O	O	O	O	O	_	_	_	_	_	_
sans	O	O	O	O	O	O	_	_	_	_	_	_
se	O	O	O	O	O	O	_	_	_	_	_	_
blesser	O	O	O	O	O	O	_	_	NoSpaceAfter	_	_	_
,	O	O	O	O	O	O	_	_	_	_	_	_
ct	O	O	O	O	O	O	_	_	_	_	_	_
M	O	O	O	O	O	O	_	_	NoSpaceAfter	_	_	_
.	O	O	O	O	O	O	_	_	_	_	_	_
Dupuis	O	O	O	O	O	O	_	_	NoSpaceAfter	_	_	_
-	O	O	O	O	O	O	_	_	EndOfLine	_	_	_
# segment_iiif_link = https://iiif.eluxemburgensia.lu/iiif/2/ark:%2f70795%2fq4cp1z%2fpages%2f4/294,1438,875,48/full/0/default.jpg
Delcourt	O	O	O	O	O	O	_	_	_	_	_	_
lui	O	O	O	O	O	O	_	_	_	_	_	_
cria	O	O	O	O	O	O	_	_	_	_	_	_
en	O	O	O	O	O	O	_	_	_	_	_	_
s	O	O	O	O	O	O	_	_	NoSpaceAfter	_	_	_
'	O	O	O	O	O	O	_	_	NoSpaceAfter	_	_	_
élevant	O	O	O	O	O	O	_	_	_	_	_	_
dans	O	O	O	O	O	O	_	_	_	_	_	_
l	O	O	O	O	O	O	_	_	NoSpaceAfter	_	_	_
'	O	O	O	O	O	O	_	_	NoSpaceAfter	_	_	_
atmosphère	O	O	O	O	O	O	_	_	NoSpaceAfter	_	_	_
:	O	O	O	O	O	O	_	_	_	_	_	_
r	O	O	O	O	O	O	_	_	NoSpaceAfter	_	_	_
.	O	O	O	O	O	O	_	_	_	_	_	_
Ne	O	O	O	O	O	O	_	_	EndOfLine	_	_	_
# segment_iiif_link = https://iiif.eluxemburgensia.lu/iiif/2/ark:%2f70795%2fq4cp1z%2fpages%2f4/292,1485,875,58/full/0/default.jpg
craignez	O	O	O	O	O	O	_	_	_	_	_	_
rien	O	O	O	O	O	O	_	_	NoSpaceAfter	_	_	_
,	O	O	O	O	O	O	_	_	_	_	_	_
je	O	O	O	O	O	O	_	_	_	_	_	_
réponds	O	O	O	O	O	O	_	_	_	_	_	_
de	O	O	O	O	O	O	_	_	_	_	_	_
lout	O	O	O	O	O	O	_	_	_	_	_	_
;	O	O	O	O	O	O	_	_	_	_	_	_
je	O	O	O	O	O	O	_	_	_	_	_	_
pense	O	O	O	O	O	O	_	_	_	_	_	_
que	O	O	O	O	O	O	_	_	_	_	_	_
je	O	O	O	O	O	O	_	_	_	_	_	_
vais	O	O	O	O	O	O	_	_	EndOfLine	_	_	_
# segment_iiif_link = https://iiif.eluxemburgensia.lu/iiif/2/ark:%2f70795%2fq4cp1z%2fpages%2f4/290,1531,248,56/full/0/default.jpg
jusqu	O	O	O	O	O	O	_	_	NoSpaceAfter	_	_	_
'	O	O	O	O	O	O	_	_	NoSpaceAfter	_	_	_
à	O	O	O	O	O	O	_	_	_	_	_	_
Paris	O	O	O	O	O	O	_	_	NoSpaceAfter	_	_	_
.	O	O	O	O	O	O	_	_	_	_	_	_
»	O	O	O	O	O	O	_	_	EndOfLine	_	_	_
# segment_iiif_link = https://iiif.eluxemburgensia.lu/iiif/2/ark:%2f70795%2fq4cp1z%2fpages%2f4/336,1588,834,34/full/0/default.jpg
»	O	O	O	O	O	O	_	_	_	_	_	_
M	O	O	O	O	O	O	_	_	NoSpaceAfter	_	_	_
.	O	O	O	O	O	O	_	_	_	_	_	_
Van	O	O	O	O	O	O	_	_	_	_	_	_
Hecke	O	O	O	O	O	O	_	_	_	_	_	_
était	O	O	O	O	O	O	_	_	_	_	_	_
descendu	O	O	O	O	O	O	_	_	_	_	_	_
sur	O	O	O	O	O	O	_	_	_	_	_	_
la	O	O	O	O	O	O	_	_	_	_	_	_
commune	O	O	O	O	O	O	_	_	_	_	_	_
de	O	O	O	O	O	O	_	_	EndOfLine	_	_	_
# segment_iiif_link = https://iiif.eluxemburgensia.lu/iiif/2/ark:%2f70795%2fq4cp1z%2fpages%2f4/294,1620,855,49/full/0/default.jpg
Liberchie	O	O	O	O	O	O	_	_	_	_	_	_
,	O	O	O	O	O	O	_	_	_	_	_	_
à	O	O	O	O	O	O	_	_	_	_	_	_
10	O	O	O	O	O	O	_	_	_	_	_	_
kilomètres	O	O	O	O	O	O	_	_	_	_	_	_
de	O	O	O	O	O	O	_	_	_	_	_	_
Charlcroy	O	O	O	O	O	O	_	_	_	_	_	_
,	O	O	O	O	O	O	_	_	_	_	_	_
à	O	O	O	O	O	O	_	_	_	_	_	_
20	O	O	O	O	O	O	_	_	EndOfLine	_	_	_
# segment_iiif_link = https://iiif.eluxemburgensia.lu/iiif/2/ark:%2f70795%2fq4cp1z%2fpages%2f4/291,1673,877,43/full/0/default.jpg
minutes	O	O	O	O	O	O	_	_	_	_	_	_
de	O	O	O	O	O	O	_	_	_	_	_	_
la	O	O	O	O	O	O	_	_	_	_	_	_
chaussée	O	O	O	O	O	O	_	_	_	_	_	_
de	O	O	O	O	O	O	_	_	_	_	_	_
Bruxelles	O	O	O	O	O	O	_	_	NoSpaceAfter	_	_	_
.	O	O	O	O	O	O	_	_	_	EndOfSentence	_	_
L	O	O	O	O	O	O	_	_	NoSpaceAfter	_	_	_
'	O	O	O	O	O	O	_	_	NoSpaceAfter	_	_	_
aérostat	O	O	O	O	O	O	_	_	_	_	_	_
avait	O	O	O	O	O	O	_	_	EndOfLine	_	_	_
# segment_iiif_link = https://iiif.eluxemburgensia.lu/iiif/2/ark:%2f70795%2fq4cp1z%2fpages%2f4/294,1715,873,48/full/0/default.jpg
touché	O	O	O	O	O	O	_	_	_	_	_	_
la	O	O	O	O	O	O	_	_	_	_	_	_
terre	O	O	O	O	O	O	_	_	_	_	_	_
à	O	O	O	O	O	O	_	_	_	_	_	_
trois	O	O	O	O	O	O	_	_	_	_	_	_
heures	O	O	O	O	O	O	_	_	_	_	_	_
précises	O	O	O	O	O	O	_	_	NoSpaceAfter	_	_	_
,	O	O	O	O	O	O	_	_	_	_	_	_
ainsi	O	O	O	O	O	O	_	_	_	_	_	_
«	O	O	O	O	O	O	_	_	NoSpaceAfter	_	_	_
pic	O	O	O	O	O	O	_	_	_	_	_	_
l	O	O	O	O	O	O	_	_	NoSpaceAfter	_	_	_
'	O	O	O	O	O	O	_	_	NoSpaceAfter	_	_	_
ont	O	O	O	O	O	O	_	_	EndOfLine	_	_	_
# segment_iiif_link = https://iiif.eluxemburgensia.lu/iiif/2/ark:%2f70795%2fq4cp1z%2fpages%2f4/294,1762,875,45/full/0/default.jpg
attesté	O	O	O	O	O	O	_	_	_	_	_	_
MM	O	O	O	O	O	O	_	_	NoSpaceAfter	_	_	_
.	O	O	O	O	O	O	_	_	_	_	_	_
Duvieusart	O	O	O	O	O	O	_	_	NoSpaceAfter	_	_	_
,	O	O	O	O	O	O	_	_	_	_	_	_
bourgmestre	O	O	O	O	O	O	_	_	NoSpaceAfter	_	_	_
,	O	O	O	O	O	O	_	_	_	_	_	_
de	O	O	O	O	O	O	_	_	_	_	_	_
Bceqevort	O	O	O	O	O	O	_	_	NoSpaceAfter	_	_	_
-	O	O	O	O	O	O	_	_	EndOfLine	_	_	_
# segment_iiif_link = https://iiif.eluxemburgensia.lu/iiif/2/ark:%2f70795%2fq4cp1z%2fpages%2f4/291,1803,876,48/full/0/default.jpg
Berlrand	O	O	O	O	O	O	_	_	_	_	_	_
et	O	O	O	O	O	O	_	_	_	_	_	_
N	O	O	O	O	O	O	_	_	NoSpaceAfter	_	_	_
.	O	O	O	O	O	O	_	_	_	_	_	_
de	O	O	O	O	O	O	_	_	_	_	_	_
Becqevort	O	O	O	O	O	O	_	_	NoSpaceAfter	_	_	_
,	O	O	O	O	O	O	_	_	_	_	_	_
notables	O	O	O	O	O	O	_	_	_	_	_	_
de	O	O	O	O	O	O	_	_	_	_	_	_
la	O	O	O	O	O	O	_	_	_	_	_	_
commune	O	O	O	O	O	O	_	_	EndOfLine	_	_	_
# segment_iiif_link = https://iiif.eluxemburgensia.lu/iiif/2/ark:%2f70795%2fq4cp1z%2fpages%2f4/291,1850,876,48/full/0/default.jpg
de	O	O	O	O	O	O	_	_	_	_	_	_
Liberchie	O	O	O	O	O	O	_	_	NoSpaceAfter	_	_	_
.	O	O	O	O	O	O	_	_	_	_	_	_
Le	O	O	O	O	O	O	_	_	_	_	_	_
ballon	O	O	O	O	O	O	_	_	_	_	_	_
avait	O	O	O	O	O	O	_	_	_	_	_	_
élé	O	O	O	O	O	O	_	_	_	_	_	_
vu	O	O	O	O	O	O	_	_	_	_	_	_
à	O	O	O	O	O	O	_	_	_	_	_	_
deux	O	O	O	O	O	O	_	_	_	_	_	_
heures	O	O	O	O	O	O	_	_	_	_	_	_
cl	O	O	O	O	O	O	_	_	EndOfLine	_	_	_
# segment_iiif_link = https://iiif.eluxemburgensia.lu/iiif/2/ark:%2f70795%2fq4cp1z%2fpages%2f4/296,1896,852,49/full/0/default.jpg
demie	O	O	O	O	O	O	_	_	_	_	_	_
à	O	O	O	O	O	O	_	_	_	_	_	_
la	O	O	O	O	O	O	_	_	_	_	_	_
station	O	O	O	O	O	O	_	_	_	_	_	_
de	O	O	O	O	O	O	_	_	_	_	_	_
Saint	O	O	O	O	O	O	_	_	NoSpaceAfter	_	_	_
-	O	O	O	O	O	O	_	_	NoSpaceAfter	_	_	_
Laurent	O	O	O	O	O	O	_	_	_	_	_	_
,	O	O	O	O	O	O	_	_	_	_	_	_
où	O	O	O	O	O	O	_	_	_	_	_	_
M	O	O	O	O	O	O	_	_	NoSpaceAfter	_	_	_
.	O	O	O	O	O	O	_	_	_	_	_	_
le	O	O	O	O	O	O	_	_	EndOfLine	_	_	_
# segment_iiif_link = https://iiif.eluxemburgensia.lu/iiif/2/ark:%2f70795%2fq4cp1z%2fpages%2f4/292,1952,874,42/full/0/default.jpg
docteur	O	O	O	O	O	O	_	_	_	_	_	_
Van	O	O	O	O	O	O	_	_	_	_	_	_
Hecke	O	O	O	O	O	O	_	_	_	_	_	_
reprit	O	O	O	O	O	O	_	_	_	_	_	_
le	O	O	O	O	O	O	_	_	_	_	_	_
chemin	O	O	O	O	O	O	_	_	_	_	_	_
de	O	O	O	O	O	O	_	_	_	_	_	_
fer	O	O	O	O	O	O	_	_	_	_	_	_
pour	O	O	O	O	O	O	_	_	_	_	_	_
revenir	O	O	O	O	O	O	_	_	EndOfLine	_	_	_
# segment_iiif_link = https://iiif.eluxemburgensia.lu/iiif/2/ark:%2f70795%2fq4cp1z%2fpages%2f4/290,1993,876,48/full/0/default.jpg
à	O	O	O	O	O	O	_	_	_	_	_	_
Bruxelles	O	O	O	O	O	O	_	_	NoSpaceAfter	_	_	_
.	O	O	O	O	O	O	_	_	_	_	_	_
Nous	O	O	O	O	O	O	_	_	_	_	_	_
tenons	O	O	O	O	O	O	_	_	_	_	_	_
les	O	O	O	O	O	O	_	_	_	_	_	_
détails	O	O	O	O	O	O	_	_	_	_	_	_
qui	O	O	O	O	O	O	_	_	_	_	_	_
précèdent	O	O	O	O	O	O	_	_	_	_	_	_
rie	O	O	O	O	O	O	_	_	EndOfLine	_	_	_
# segment_iiif_link = https://iiif.eluxemburgensia.lu/iiif/2/ark:%2f70795%2fq4cp1z%2fpages%2f4/290,2039,876,47/full/0/default.jpg
la	O	O	O	O	O	O	_	_	_	_	_	_
bonche	O	O	O	O	O	O	_	_	_	_	_	_
même	O	O	O	O	O	O	_	_	_	_	_	_
de	O	O	O	O	O	O	_	_	_	_	_	_
M	O	O	O	O	O	O	_	_	NoSpaceAfter	_	_	_
.	O	O	O	O	O	O	_	_	_	_	_	_
Van	O	O	O	O	O	O	_	_	_	_	_	_
Hecke	O	O	O	O	O	O	_	_	NoSpaceAfter	_	_	_
,	O	O	O	O	O	O	_	_	_	_	_	_
qui	O	O	O	O	O	O	_	_	_	_	_	_
nous	O	O	O	O	O	O	_	_	_	_	_	_
autorise	O	O	O	O	O	O	_	_	EndOfLine	_	_	_
# segment_iiif_link = https://iiif.eluxemburgensia.lu/iiif/2/ark:%2f70795%2fq4cp1z%2fpages%2f4/288,2084,877,49/full/0/default.jpg
aies	O	O	O	O	O	O	_	_	_	_	_	_
publier	O	O	O	O	O	O	_	_	NoSpaceAfter	_	_	_
;	O	O	O	O	O	O	_	_	_	_	_	_
nous	O	O	O	O	O	O	_	_	_	_	_	_
attendons	O	O	O	O	O	O	_	_	_	_	_	_
avec	O	O	O	O	O	O	_	_	_	_	_	_
impatience	O	O	O	O	O	O	_	_	_	_	_	_
des	O	O	O	O	O	O	_	_	EndOfLine	_	_	_
# segment_iiif_link = https://iiif.eluxemburgensia.lu/iiif/2/ark:%2f70795%2fq4cp1z%2fpages%2f4/284,2131,881,48/full/0/default.jpg
nouvelles	O	O	O	O	O	O	_	_	_	_	_	_
de	O	O	O	O	O	O	_	_	_	_	_	_
M	O	O	O	O	O	O	_	_	NoSpaceAfter	_	_	_
.	O	O	O	O	O	O	_	_	_	_	_	_
Dupuis	O	O	O	O	O	O	_	_	NoSpaceAfter	_	_	_
-	O	O	O	O	O	O	_	_	NoSpaceAfter	_	_	_
Dclcourt	O	O	O	O	O	O	_	_	NoSpaceAfter	_	_	_
,	O	O	O	O	O	O	_	_	_	_	_	_
qui	O	O	O	O	O	O	_	_	_	_	_	_
a	O	O	O	O	O	O	_	_	_	_	_	_
achevé	O	O	O	O	O	O	_	_	_	_	_	_
seul	O	O	O	O	O	O	_	_	_	_	_	_
le	O	O	O	O	O	O	_	_	EndOfLine	_	_	_
# segment_iiif_link = https://iiif.eluxemburgensia.lu/iiif/2/ark:%2f70795%2fq4cp1z%2fpages%2f4/282,2187,140,49/full/0/default.jpg
voyage	O	O	O	O	O	O	_	_	NoSpaceAfter	_	_	_
.	O	O	O	O	O	O	_	_	_	_	_	_
»	O	O	O	O	O	O	_	_	EndOfLine	EndOfSentence	_	_

# language = fr
# newspaper = courriergdl
# date = 1847-10-02
# document_id = courriergdl-1847-10-02-a-i0002
# news-agency-as-source = _
# segment_iiif_link = https://iiif.eluxemburgensia.lu/iiif/2/ark:%2f70795%2fq4cp1z%2fpages%2f3/2161,2796,423,47/full/0/default.jpg
NAVIGATION	O	O	O	O	O	O	_	_	_	_	_	_
AÉRIENNE	O	O	O	O	O	O	_	_	EndOfLine	_	_	_
# segment_iiif_link = https://iiif.eluxemburgensia.lu/iiif/2/ark:%2f70795%2fq4cp1z%2fpages%2f3/1942,2844,867,48/full/0/default.jpg
EXPÉRIENCE	O	O	O	O	O	O	_	_	_	_	_	_
DE	O	O	O	O	O	O	_	_	_	_	_	_
L	O	O	O	O	O	O	_	_	NoSpaceAfter	_	_	_
'	O	O	O	O	O	O	_	_	NoSpaceAfter	_	_	_
APPAREIL	O	O	O	O	O	O	_	_	_	_	_	_
DE	O	O	O	O	O	O	_	_	_	_	_	_
M	O	O	O	O	O	O	_	_	NoSpaceAfter	_	_	_
.	O	O	O	O	O	O	_	_	_	_	_	_
LE	O	O	O	O	O	O	_	_	_	_	_	_
DOCTEUR	O	O	O	O	O	O	_	_	_	_	_	_
VAN	O	O	O	O	O	O	_	_	_	_	_	_
HECKE	O	O	O	O	O	O	_	_	NoSpaceAfter	_	_	_
.	O	O	O	O	O	O	_	_	EndOfLine	EndOfSentence	_	_
# segment_iiif_link = https://iiif.eluxemburgensia.lu/iiif/2/ark:%2f70795%2fq4cp1z%2fpages%2f3/1985,2890,826,47/full/0/default.jpg
MM	O	O	O	O	O	O	_	_	NoSpaceAfter	_	_	_
.	O	O	O	O	O	O	_	_	_	_	_	_
le	O	O	O	O	O	O	_	_	_	_	_	_
docteur	O	O	O	O	O	O	_	_	_	_	_	_
Van	O	O	O	O	O	O	_	_	_	_	_	_
llcckc	O	O	O	O	O	O	_	_	_	_	_	_
et	O	O	O	O	O	O	_	_	_	_	_	_
Dupuis	O	O	O	O	O	O	_	_	NoSpaceAfter	_	_	_
-	O	O	O	O	O	O	_	_	NoSpaceAfter	_	_	_
Dclcourt	O	O	O	O	O	O	_	_	_	_	_	_
ont	O	O	O	O	O	O	_	_	EndOfLine	_	_	_
# segment_iiif_link = https://iiif.eluxemburgensia.lu/iiif/2/ark:%2f70795%2fq4cp1z%2fpages%2f3/1945,2936,863,48/full/0/default.jpg
fait	O	O	O	O	O	O	_	_	_	_	_	_
hier	O	O	O	O	O	O	_	_	NoSpaceAfter	_	_	_
,	O	O	O	O	O	O	_	_	_	_	_	_
à	O	O	O	O	O	O	_	_	_	_	_	_
deux	O	O	O	O	O	O	_	_	_	_	_	_
heures	O	O	O	O	O	O	_	_	NoSpaceAfter	_	_	_
,	O	O	O	O	O	O	_	_	_	_	_	_
leur	O	O	O	O	O	O	_	_	_	_	_	_
ascension	O	O	O	O	O	O	_	_	_	_	_	_
en	O	O	O	O	O	O	_	_	_	_	_	_
aérostal	O	O	O	O	O	O	_	_	NoSpaceAfter	_	_	_
.	O	O	O	O	O	O	_	_	EndOfLine	EndOfSentence	_	_
# segment_iiif_link = https://iiif.eluxemburgensia.lu/iiif/2/ark:%2f70795%2fq4cp1z%2fpages%2f3/1944,2982,853,47/full/0/default.jpg
Plusieurs	O	O	O	O	O	O	_	_	_	_	_	_
milliers	O	O	O	O	O	O	_	_	_	_	_	_
de	O	O	O	O	O	O	_	_	_	_	_	_
personnes	O	O	O	O	O	O	_	_	_	_	_	_
assistaient	O	O	O	O	O	O	_	_	_	_	_	_
à	O	O	O	O	O	O	_	_	_	_	_	_
celte	O	O	O	O	O	O	_	_	EndOfLine	_	_	_
# segment_iiif_link = https://iiif.eluxemburgensia.lu/iiif/2/ark:%2f70795%2fq4cp1z%2fpages%2f3/1944,3029,870,56/full/0/default.jpg
expérience	O	O	O	O	O	O	_	_	_	_	_	_
intéressante	O	O	O	O	O	O	_	_	NoSpaceAfter	_	_	_
.	O	O	O	O	O	O	_	_	_	EndOfSentence	_	_
On	O	O	O	O	O	O	_	_	_	_	_	_
remarquait	O	O	O	O	O	O	_	_	_	_	_	_
dans	O	O	O	O	O	O	_	_	_	_	_	_
l	O	O	O	O	O	O	_	_	NoSpaceAfter	_	_	_
'	O	O	O	O	O	O	_	_	NoSpaceAfter	_	_	_
enceinte	O	O	O	O	O	O	_	_	EndOfLine	_	_	_
# segment_iiif_link = https://iiif.eluxemburgensia.lu/iiif/2/ark:%2f70795%2fq4cp1z%2fpages%2f3/1946,3075,868,45/full/0/default.jpg
réservée	O	O	O	O	O	O	_	_	_	_	_	_
MM	O	O	O	O	O	O	_	_	NoSpaceAfter	_	_	_
.	O	O	O	O	O	O	_	_	_	EndOfSentence	_	_
Rogicr	O	O	O	O	O	O	_	_	NoSpaceAfter	_	_	_
,	O	O	O	O	O	O	_	_	_	_	_	_
ministre	O	O	O	O	O	O	_	_	_	_	_	_
de	O	O	O	O	O	O	_	_	_	_	_	_
l	O	O	O	O	O	O	_	_	NoSpaceAfter	_	_	_
'	O	O	O	O	O	O	_	_	NoSpaceAfter	_	_	_
intérieur	O	O	O	O	O	O	_	_	NoSpaceAfter	_	_	_
;	O	O	O	O	O	O	_	_	_	_	_	_
Stevens	O	O	O	O	O	O	_	_	NoSpaceAfter	_	_	_
,	O	O	O	O	O	O	_	_	EndOfLine	_	_	_
# segment_iiif_link = https://iiif.eluxemburgensia.lu/iiif/2/ark:%2f70795%2fq4cp1z%2fpages%2f3/1946,3120,854,47/full/0/default.jpg
faisant	O	O	O	O	O	O	_	_	_	_	_	_
fonction	O	O	O	O	O	O	_	_	NoSpaceAfter	_	_	_
-	O	O	O	O	O	O	_	_	_	_	_	_
de	O	O	O	O	O	O	_	_	_	_	_	_
secrétaire	O	O	O	O	O	O	_	_	_	_	_	_
général	O	O	O	O	O	O	_	_	_	_	_	_
de	O	O	O	O	O	O	_	_	_	_	_	_
ce	O	O	O	O	O	O	_	_	EndOfLine	_	_	_
# segment_iiif_link = https://iiif.eluxemburgensia.lu/iiif/2/ark:%2f70795%2fq4cp1z%2fpages%2f3/1946,3173,868,48/full/0/default.jpg
département	O	O	O	O	O	O	_	_	NoSpaceAfter	_	_	_
;	O	O	O	O	O	O	_	_	_	_	_	_
Sabine	O	O	O	O	O	O	_	_	NoSpaceAfter	_	_	_
,	O	O	O	O	O	O	_	_	_	_	_	_
de	O	O	O	O	O	O	_	_	_	_	_	_
la	O	O	O	O	O	O	_	_	_	_	_	_
société	O	O	O	O	O	O	_	_	_	_	_	_
royale	O	O	O	O	O	O	_	_	_	_	_	_
de	O	O	O	O	O	O	_	_	_	_	_	_
Londres	O	O	O	O	O	O	_	_	NoSpaceAfter	_	_	_
;	O	O	O	O	O	O	_	_	EndOfLine	_	_	_
# segment_iiif_link = https://iiif.eluxemburgensia.lu/iiif/2/ark:%2f70795%2fq4cp1z%2fpages%2f3/1946,3213,867,58/full/0/default.jpg
•	O	O	O	O	O	O	_	_	NoSpaceAfter	_	_	_
Quetelcl	O	O	O	O	O	O	_	_	NoSpaceAfter	_	_	_
,	O	O	O	O	O	O	_	_	_	_	_	_
secrétaire	O	O	O	O	O	O	_	_	_	_	_	_
perpétuel	O	O	O	O	O	O	_	_	_	_	_	_
de	O	O	O	O	O	O	_	_	_	_	_	_
l	O	O	O	O	O	O	_	_	NoSpaceAfter	_	_	_
'	O	O	O	O	O	O	_	_	NoSpaceAfter	_	_	_
Académie	O	O	O	O	O	O	_	_	NoSpaceAfter	_	_	_
;	O	O	O	O	O	O	_	_	_	_	_	_
Devaux	O	O	O	O	O	O	_	_	NoSpaceAfter	_	_	_
,	O	O	O	O	O	O	_	_	EndOfLine	_	_	_
# segment_iiif_link = https://iiif.eluxemburgensia.lu/iiif/2/ark:%2f70795%2fq4cp1z%2fpages%2f3/1946,3263,868,56/full/0/default.jpg
inspecteur	O	O	O	O	O	O	_	_	_	_	_	_
général	O	O	O	O	O	O	_	_	_	_	_	_
des	O	O	O	O	O	O	_	_	_	_	_	_
mines	O	O	O	O	O	O	_	_	NoSpaceAfter	_	_	_
,	O	O	O	O	O	O	_	_	_	_	_	_
et	O	O	O	O	O	O	_	_	_	_	_	_
Gillon	O	O	O	O	O	O	_	_	NoSpaceAfter	_	_	_
,	O	O	O	O	O	O	_	_	_	_	_	_
bourgmestre	O	O	O	O	O	O	_	_	EndOfLine	_	_	_
# segment_iiif_link = https://iiif.eluxemburgensia.lu/iiif/2/ark:%2f70795%2fq4cp1z%2fpages%2f3/1946,3308,866,47/full/0/default.jpg
de	O	O	O	O	O	O	_	_	_	_	_	_
Sainl	O	O	O	O	O	O	_	_	NoSpaceAfter	_	_	_
-	O	O	O	O	O	O	_	_	NoSpaceAfter	_	_	_
Josse	O	O	O	O	O	O	_	_	NoSpaceAfter	_	_	_
-	O	O	O	O	O	O	_	_	NoSpaceAfter	_	_	_
leti	O	O	O	O	O	O	_	_	NoSpaceAfter	_	_	_
-	O	O	O	O	O	O	_	_	NoSpaceAfter	_	_	_
Noode	O	O	O	O	O	O	_	_	NoSpaceAfter	_	_	_
,	O	O	O	O	O	O	_	_	_	_	_	_
à	O	O	O	O	O	O	_	_	_	_	_	_
qui	O	O	O	O	O	O	_	_	_	_	_	_
M	O	O	O	O	O	O	_	_	NoSpaceAfter	_	_	_
.	O	O	O	O	O	O	_	_	_	_	_	_
le	O	O	O	O	O	O	_	_	_	_	_	_
docteur	O	O	O	O	O	O	_	_	_	_	_	_
Van	O	O	O	O	O	O	_	_	EndOfLine	_	_	_
# segment_iiif_link = https://iiif.eluxemburgensia.lu/iiif/2/ark:%2f70795%2fq4cp1z%2fpages%2f3/1945,3353,866,47/full/0/default.jpg
Hecke	O	O	O	O	O	O	_	_	_	_	_	_
a	O	O	O	O	O	O	_	_	_	_	_	_
donné	O	O	O	O	O	O	_	_	_	_	_	_
tics	O	O	O	O	O	O	_	_	_	_	_	_
explications	O	O	O	O	O	O	_	_	_	_	_	_
sur	O	O	O	O	O	O	_	_	_	_	_	_
le	O	O	O	O	O	O	_	_	_	_	_	_
procédé	O	O	O	O	O	O	_	_	_	_	_	_
au	O	O	O	O	O	O	_	_	EndOfLine	_	_	_
# segment_iiif_link = https://iiif.eluxemburgensia.lu/iiif/2/ark:%2f70795%2fq4cp1z%2fpages%2f3/1946,3408,867,47/full/0/default.jpg
moyen	O	O	O	O	O	O	_	_	_	_	_	_
duquel	O	O	O	O	O	O	_	_	_	_	_	_
il	O	O	O	O	O	O	_	_	_	_	_	_
prétend	O	O	O	O	O	O	_	_	_	_	_	_
faire	O	O	O	O	O	O	_	_	_	_	_	_
monter	O	O	O	O	O	O	_	_	_	_	_	_
ou	O	O	O	O	O	O	_	_	_	_	_	_
descendre	O	O	O	O	O	O	_	_	EndOfLine	_	_	_
# segment_iiif_link = https://iiif.eluxemburgensia.lu/iiif/2/ark:%2f70795%2fq4cp1z%2fpages%2f3/1944,3444,869,44/full/0/default.jpg
à	O	O	O	O	O	O	_	_	_	_	_	_
volonté	O	O	O	O	O	O	_	_	_	_	_	_
l	O	O	O	O	O	O	_	_	NoSpaceAfter	_	_	_
'	O	O	O	O	O	O	_	_	NoSpaceAfter	_	_	_
aérostat	O	O	O	O	O	O	_	_	_	_	_	_
et	O	O	O	O	O	O	_	_	_	_	_	_
trouver	O	O	O	O	O	O	_	_	_	_	_	_
ainsi	O	O	O	O	O	O	_	_	_	_	_	_
les	O	O	O	O	O	O	_	_	_	_	_	_
courants	O	O	O	O	O	O	_	_	_	_	_	_
qui	O	O	O	O	O	O	_	_	EndOfLine	_	_	_
# segment_iiif_link = https://iiif.eluxemburgensia.lu/iiif/2/ark:%2f70795%2fq4cp1z%2fpages%2f3/1945,3485,715,49/full/0/default.jpg
doiveut	O	O	O	O	O	O	_	_	_	_	_	_
y	O	O	O	O	O	O	_	_	_	_	_	_
imprimer	O	O	O	O	O	O	_	_	_	_	_	_
la	O	O	O	O	O	O	_	_	_	_	_	_
direction	O	O	O	O	O	O	_	_	_	_	_	_
qu	O	O	O	O	O	O	_	_	NoSpaceAfter	_	_	_
'	O	O	O	O	O	O	_	_	NoSpaceAfter	_	_	_
il	O	O	O	O	O	O	_	_	_	_	_	_
désire	O	O	O	O	O	O	_	_	NoSpaceAfter	_	_	_
.	O	O	O	O	O	O	_	_	EndOfLine	EndOfSentence	_	_
# segment_iiif_link = https://iiif.eluxemburgensia.lu/iiif/2/ark:%2f70795%2fq4cp1z%2fpages%2f3/1985,3533,831,49/full/0/default.jpg
M	O	O	O	O	O	O	_	_	NoSpaceAfter	_	_	_
.	O	O	O	O	O	O	_	_	_	_	_	_
le	O	O	O	O	O	O	_	_	_	_	_	_
docteur	O	O	O	O	O	O	_	_	_	_	_	_
Van	O	O	O	O	O	O	_	_	_	_	_	_
Hecke	O	O	O	O	O	O	_	_	_	_	_	_
est	O	O	O	O	O	O	_	_	_	_	_	_
revenu	O	O	O	O	O	O	_	_	_	_	_	_
hier	O	O	O	O	O	O	_	_	_	_	_	_
soir	O	O	O	O	O	O	_	_	_	_	_	_
à	O	O	O	O	O	O	_	_	EndOfLine	_	_	_
# segment_iiif_link = https://iiif.eluxemburgensia.lu/iiif/2/ark:%2f70795%2fq4cp1z%2fpages%2f3/1946,3581,869,56/full/0/default.jpg
Bruxelles	O	O	O	O	O	O	_	_	NoSpaceAfter	_	_	_
;	O	O	O	O	O	O	_	_	_	_	_	_
nous	O	O	O	O	O	O	_	_	_	_	_	_
devons	O	O	O	O	O	O	_	_	_	_	_	_
à	O	O	O	O	O	O	_	_	_	_	_	_
sou	O	O	O	O	O	O	_	_	_	_	_	_
obligeance	O	O	O	O	O	O	_	_	_	_	_	_
les	O	O	O	O	O	O	_	_	_	_	_	_
détails	O	O	O	O	O	O	_	_	EndOfLine	_	_	_
# segment_iiif_link = https://iiif.eluxemburgensia.lu/iiif/2/ark:%2f70795%2fq4cp1z%2fpages%2f3/1946,3631,868,44/full/0/default.jpg
suiranls	O	O	O	O	O	O	_	_	_	_	_	_
que	O	O	O	O	O	O	_	_	_	_	_	_
tout	O	O	O	O	O	O	_	_	_	_	_	_
le	O	O	O	O	O	O	_	_	_	_	_	_
monde	O	O	O	O	O	O	_	_	_	_	_	_
lira	O	O	O	O	O	O	_	_	_	_	_	_
avec	O	O	O	O	O	O	_	_	_	_	_	_
un	O	O	O	O	O	O	_	_	_	_	_	_
vif	O	O	O	O	O	O	_	_	_	_	_	_
intérêt	O	O	O	O	O	O	_	_	_	_	_	_
:	O	O	O	O	O	O	_	_	EndOfLine	_	_	_
# segment_iiif_link = https://iiif.eluxemburgensia.lu/iiif/2/ark:%2f70795%2fq4cp1z%2fpages%2f3/1988,3688,824,30/full/0/default.jpg
u	O	O	O	O	O	O	_	_	_	_	_	_
Au	O	O	O	O	O	O	_	_	_	_	_	_
départ	O	O	O	O	O	O	_	_	NoSpaceAfter	_	_	_
,	O	O	O	O	O	O	_	_	_	_	_	_
il	O	O	O	O	O	O	_	_	_	_	_	_
uiauquait	O	O	O	O	O	O	_	_	_	_	_	_
ao	O	O	O	O	O	O	_	_	_	_	_	_
ballon	O	O	O	O	O	O	_	_	_	_	_	_
environ	O	O	O	O	O	O	_	_	_	_	_	_
deux	O	O	O	O	O	O	_	_	EndOfLine	_	_	_
# segment_iiif_link = https://iiif.eluxemburgensia.lu/iiif/2/ark:%2f70795%2fq4cp1z%2fpages%2f3/1942,3719,866,58/full/0/default.jpg
kilogrammes	O	O	O	O	O	O	_	_	_	_	_	_
pour	O	O	O	O	O	O	_	_	_	_	_	_
être	O	O	O	O	O	O	_	_	_	_	_	_
en	O	O	O	O	O	O	_	_	_	_	_	_
équilibre	O	O	O	O	O	O	_	_	NoSpaceAfter	_	_	_
;	O	O	O	O	O	O	_	_	_	_	_	_
l	O	O	O	O	O	O	_	_	NoSpaceAfter	_	_	_
'	O	O	O	O	O	O	_	_	NoSpaceAfter	_	_	_
ascension	O	O	O	O	O	O	_	_	_	_	_	_
n	O	O	O	O	O	O	_	_	NoSpaceAfter	_	_	_
'	O	O	O	O	O	O	_	_	NoSpaceAfter	_	_	_
a	O	O	O	O	O	O	_	_	_	_	_	_
eu	O	O	O	O	O	O	_	_	EndOfLine	_	_	_
# segment_iiif_link = https://iiif.eluxemburgensia.lu/iiif/2/ark:%2f70795%2fq4cp1z%2fpages%2f3/1945,3766,863,47/full/0/default.jpg
lieu	O	O	O	O	O	O	_	_	_	_	_	_
par	O	O	O	O	O	O	_	_	_	_	_	_
conséquent	O	O	O	O	O	O	_	_	_	_	_	_
que	O	O	O	O	O	O	_	_	_	_	_	_
par	O	O	O	O	O	O	_	_	_	_	_	_
l	O	O	O	O	O	O	_	_	NoSpaceAfter	_	_	_
'	O	O	O	O	O	O	_	_	NoSpaceAfter	_	_	_
action	O	O	O	O	O	O	_	_	_	_	_	_
des	O	O	O	O	O	O	_	_	_	_	_	_
appareils	O	O	O	O	O	O	_	_	NoSpaceAfter	_	_	_
.	O	O	O	O	O	O	_	_	_	EndOfSentence	_	_
Le	O	O	O	O	O	O	_	_	EndOfLine	_	_	_
# segment_iiif_link = https://iiif.eluxemburgensia.lu/iiif/2/ark:%2f70795%2fq4cp1z%2fpages%2f3/1942,3817,851,40/full/0/default.jpg
vent	O	O	O	O	O	O	_	_	_	_	_	_
portant	O	O	O	O	O	O	_	_	_	_	_	_
l	O	O	O	O	O	O	_	_	NoSpaceAfter	_	_	_
'	O	O	O	O	O	O	_	_	NoSpaceAfter	_	_	_
aérostat	O	O	O	O	O	O	_	_	_	_	_	_
au	O	O	O	O	O	O	_	_	NoSpaceAfter	_	_	_
-	O	O	O	O	O	O	_	_	NoSpaceAfter	_	_	_
dessus	O	O	O	O	O	O	_	_	_	_	_	_
de	O	O	O	O	O	O	_	_	_	_	_	_
la	O	O	O	O	O	O	_	_	_	_	_	_
ville	O	O	O	O	O	O	_	_	NoSpaceAfter	_	_	_
,	O	O	O	O	O	O	_	_	_	_	_	_
la	O	O	O	O	O	O	_	_	EndOfLine	_	_	_
# segment_iiif_link = https://iiif.eluxemburgensia.lu/iiif/2/ark:%2f70795%2fq4cp1z%2fpages%2f3/1941,3862,866,41/full/0/default.jpg
descente	O	O	O	O	O	O	_	_	_	_	_	_
ne	O	O	O	O	O	O	_	_	_	_	_	_
put	O	O	O	O	O	O	_	_	_	_	_	_
avoir	O	O	O	O	O	O	_	_	_	_	_	_
lieu	O	O	O	O	O	O	_	_	_	_	_	_
immédiatement	O	O	O	O	O	O	_	_	NoSpaceAfter	_	_	_
,	O	O	O	O	O	O	_	_	_	_	_	_
comme	O	O	O	O	O	O	_	_	_	_	_	_
le	O	O	O	O	O	O	_	_	EndOfLine	_	_	_
# segment_iiif_link = https://iiif.eluxemburgensia.lu/iiif/2/ark:%2f70795%2fq4cp1z%2fpages%2f3/1944,3901,862,45/full/0/default.jpg
voulaient	O	O	O	O	O	O	_	_	_	_	_	_
les	O	O	O	O	O	O	_	_	_	_	_	_
aérouautes	O	O	O	O	O	O	_	_	NoSpaceAfter	_	_	_
.	O	O	O	O	O	O	_	_	_	EndOfSentence	_	_
Le	O	O	O	O	O	O	_	_	_	_	_	_
départ	O	O	O	O	O	O	_	_	_	_	_	_
avait	O	O	O	O	O	O	_	_	_	_	_	_
en	O	O	O	O	O	O	_	_	_	_	_	_
lieu	O	O	O	O	O	O	_	_	_	_	_	_
à	O	O	O	O	O	O	_	_	EndOfLine	_	_	_
# segment_iiif_link = https://iiif.eluxemburgensia.lu/iiif/2/ark:%2f70795%2fq4cp1z%2fpages%2f3/1941,3947,866,47/full/0/default.jpg
deux	O	O	O	O	O	O	_	_	_	_	_	_
heures	O	O	O	O	O	O	_	_	_	_	_	_
et	O	O	O	O	O	O	_	_	_	_	_	_
quart	O	O	O	O	O	O	_	_	_	_	_	_
;	O	O	O	O	O	O	_	_	_	_	_	_
quelques	O	O	O	O	O	O	_	_	_	_	_	_
minutes	O	O	O	O	O	O	_	_	_	_	_	_
après	O	O	O	O	O	O	_	_	NoSpaceAfter	_	_	_
,	O	O	O	O	O	O	_	_	_	_	_	_
le	O	O	O	O	O	O	_	_	_	_	_	_
ballon	O	O	O	O	O	O	_	_	EndOfLine	_	_	_
# segment_iiif_link = https://iiif.eluxemburgensia.lu/iiif/2/ark:%2f70795%2fq4cp1z%2fpages%2f3/1941,3998,868,43/full/0/default.jpg
traversait	O	O	O	O	O	O	_	_	_	_	_	_
les	O	O	O	O	O	O	_	_	_	_	_	_
nuages	O	O	O	O	O	O	_	_	_	_	_	_
et	O	O	O	O	O	O	_	_	_	_	_	_
le	O	O	O	O	O	O	_	_	_	_	_	_
soleil	O	O	O	O	O	O	_	_	_	_	_	_
paraissait	O	O	O	O	O	O	_	_	_	_	_	_
radieux	O	O	O	O	O	O	_	_	_	_	_	_
ans	O	O	O	O	O	O	_	_	EndOfLine	_	_	_
# segment_iiif_link = https://iiif.eluxemburgensia.lu/iiif/2/ark:%2f70795%2fq4cp1z%2fpages%2f3/1942,4038,851,51/full/0/default.jpg
hardis	O	O	O	O	O	O	_	_	_	_	_	_
navigateurs	O	O	O	O	O	O	_	_	NoSpaceAfter	_	_	_
.	O	O	O	O	O	O	_	_	_	EndOfSentence	_	_
Le	O	O	O	O	O	O	_	_	_	_	_	_
baromètre	O	O	O	O	O	O	_	_	_	_	_	_
marquait	O	O	O	O	O	O	_	_	_	_	_	_
61	O	O	O	O	O	O	_	_	NoSpaceAfter	_	_	_
°	O	O	O	O	O	O	_	_	EndOfLine	_	_	_
# segment_iiif_link = https://iiif.eluxemburgensia.lu/iiif/2/ark:%2f70795%2fq4cp1z%2fpages%2f3/1940,4089,872,55/full/0/default.jpg
centigrades	O	O	O	O	O	O	_	_	_	_	_	_
et	O	O	O	O	O	O	_	_	_	_	_	_
le	O	O	O	O	O	O	_	_	_	_	_	_
thermomètre	O	O	O	O	O	O	_	_	_	_	_	_
10	O	O	O	O	O	O	_	_	NoSpaceAfter	_	_	_
"	O	O	O	O	O	O	_	_	_	_	_	_
Réaurnor	O	O	O	O	O	O	_	_	NoSpaceAfter	_	_	_
.	O	O	O	O	O	O	_	_	_	EndOfSentence	_	_
En	O	O	O	O	O	O	_	_	_	_	_	_
ce	O	O	O	O	O	O	_	_	_	_	_	_
moment	O	O	O	O	O	O	_	_	NoSpaceAfter	_	_	_
,	O	O	O	O	O	O	_	_	EndOfLine	_	_	_
# segment_iiif_link = https://iiif.eluxemburgensia.lu/iiif/2/ark:%2f70795%2fq4cp1z%2fpages%2f3/1942,4132,852,49/full/0/default.jpg
le	O	O	O	O	O	O	_	_	_	_	_	_
soleil	O	O	O	O	O	O	_	_	_	_	_	_
produisant	O	O	O	O	O	O	_	_	_	_	_	_
sur	O	O	O	O	O	O	_	_	_	_	_	_
le	O	O	O	O	O	O	_	_	_	_	_	_
gaz	O	O	O	O	O	O	_	_	_	_	_	_
une	O	O	O	O	O	O	_	_	_	_	_	_
légère	O	O	O	O	O	O	_	_	_	_	_	_
dilatation	O	O	O	O	O	O	_	_	EndOfLine	_	_	_
# segment_iiif_link = https://iiif.eluxemburgensia.lu/iiif/2/ark:%2f70795%2fq4cp1z%2fpages%2f3/1941,4182,874,45/full/0/default.jpg
rendit	O	O	O	O	O	O	_	_	_	_	_	_
inutile	O	O	O	O	O	O	_	_	_	_	_	_
le	O	O	O	O	O	O	_	_	_	_	_	_
jeu	O	O	O	O	O	O	_	_	_	_	_	_
ries	O	O	O	O	O	O	_	_	_	_	_	_
appaids	O	O	O	O	O	O	_	_	_	_	_	_
:	O	O	O	O	O	O	_	_	_	_	_	_
on	O	O	O	O	O	O	_	_	_	_	_	_
n	O	O	O	O	O	O	_	_	NoSpaceAfter	_	_	_
'	O	O	O	O	O	O	_	_	NoSpaceAfter	_	_	_
apercevait	O	O	O	O	O	O	_	_	_	_	_	_
plus	O	O	O	O	O	O	_	_	EndOfLine	_	_	_
# segment_iiif_link = https://iiif.eluxemburgensia.lu/iiif/2/ark:%2f70795%2fq4cp1z%2fpages%2f3/1941,4235,878,37/full/0/default.jpg
aucune	O	O	O	O	O	O	_	_	_	_	_	_
trace	O	O	O	O	O	O	_	_	_	_	_	_
de	O	O	O	O	O	O	_	_	_	_	_	_
la	O	O	O	O	O	O	_	_	_	_	_	_
terre	O	O	O	O	O	O	_	_	NoSpaceAfter	_	_	_
;	O	O	O	O	O	O	_	_	_	_	_	_
les	O	O	O	O	O	O	_	_	_	_	_	_
nuages	O	O	O	O	O	O	_	_	_	_	_	_
ap	O	O	O	O	O	O	_	_	_	_	_	_
para	O	O	O	O	O	O	_	_	_	_	_	_
j	O	O	O	O	O	O	_	_	_	_	_	_
ssaie	O	O	O	O	O	O	_	_	_	_	_	_
_	O	O	O	O	O	O	_	_	_	_	_	_
t	O	O	O	O	O	O	_	_	EndOfLine	_	_	_
# segment_iiif_link = https://iiif.eluxemburgensia.lu/iiif/2/ark:%2f70795%2fq4cp1z%2fpages%2f3/1940,4280,515,38/full/0/default.jpg
comme	O	O	O	O	O	O	_	_	_	_	_	_
des	O	O	O	O	O	O	_	_	_	_	_	_
montagnes	O	O	O	O	O	O	_	_	NoSpaceAfter	_	_	_
'	O	O	O	O	O	O	_	_	NoSpaceAfter	_	_	_
de	O	O	O	O	O	O	_	_	_	_	_	_
glace	O	O	O	O	O	O	_	_	NoSpaceAfter	_	_	_
.	O	O	O	O	O	O	_	_	EndOfLine	EndOfSentence	_	_
# segment_iiif_link = https://iiif.eluxemburgensia.lu/iiif/2/ark:%2f70795%2fq4cp1z%2fpages%2f4/325,292,833,30/full/0/default.jpg
»	O	O	O	O	O	O	_	_	NoSpaceAfter	_	_	_
s	O	O	O	O	O	O	_	_	_	_	_	_
L	O	O	O	O	O	O	_	_	NoSpaceAfter	_	_	_
'	O	O	O	O	O	O	_	_	NoSpaceAfter	_	_	_
aéroslat	O	O	O	O	O	O	_	_	_	_	_	_
continua	O	O	O	O	O	O	_	_	_	_	_	_
à	O	O	O	O	O	O	_	_	_	_	_	_
monter	O	O	O	O	O	O	_	_	_	_	_	_
pendant	O	O	O	O	O	O	_	_	_	_	_	_
plusieurs	O	O	O	O	O	O	_	_	EndOfLine	_	_	_
# segment_iiif_link = https://iiif.eluxemburgensia.lu/iiif/2/ark:%2f70795%2fq4cp1z%2fpages%2f4/289,324,872,50/full/0/default.jpg
minutes	O	O	O	O	O	O	_	_	NoSpaceAfter	_	_	_
;	O	O	O	O	O	O	_	_	_	_	_	_
à	O	O	O	O	O	O	_	_	_	_	_	_
deux	O	O	O	O	O	O	_	_	_	_	_	_
heures	O	O	O	O	O	O	_	_	_	_	_	_
el	O	O	O	O	O	O	_	_	_	_	_	_
demie	O	O	O	O	O	O	_	_	_	_	_	_
il	O	O	O	O	O	O	_	_	_	_	_	_
avait	O	O	O	O	O	O	_	_	_	_	_	_
atteint	O	O	O	O	O	O	_	_	_	_	_	_
4,500	O	O	O	O	O	O	_	_	EndOfLine	_	_	_
# segment_iiif_link = https://iiif.eluxemburgensia.lu/iiif/2/ark:%2f70795%2fq4cp1z%2fpages%2f4/290,370,872,48/full/0/default.jpg
mètres	O	O	O	O	O	O	_	_	_	_	_	_
:	O	O	O	O	O	O	_	_	_	_	_	_
le	O	O	O	O	O	O	_	_	_	_	_	_
baromètre	O	O	O	O	O	O	_	_	_	_	_	_
marquait	O	O	O	O	O	O	_	_	_	_	_	_
35	O	O	O	O	O	O	_	_	NoSpaceAfter	_	_	_
°	O	O	O	O	O	O	_	_	NoSpaceAfter	_	_	_
,	O	O	O	O	O	O	_	_	_	_	_	_
lout	O	O	O	O	O	O	_	_	_	_	_	_
à	O	O	O	O	O	O	_	_	_	_	_	_
coup	O	O	O	O	O	O	_	_	_	_	_	_
la	O	O	O	O	O	O	_	_	EndOfLine	_	_	_
# segment_iiif_link = https://iiif.eluxemburgensia.lu/iiif/2/ark:%2f70795%2fq4cp1z%2fpages%2f4/290,417,873,51/full/0/default.jpg
boussole	O	O	O	O	O	O	_	_	_	_	_	_
fit	O	O	O	O	O	O	_	_	_	_	_	_
un	O	O	O	O	O	O	_	_	_	_	_	_
quart	O	O	O	O	O	O	_	_	_	_	_	_
de	O	O	O	O	O	O	_	_	_	_	_	_
conversion	O	O	O	O	O	O	_	_	NoSpaceAfter	_	_	_
,	O	O	O	O	O	O	_	_	_	_	_	_
indiquant	O	O	O	O	O	O	_	_	_	_	_	_
roule	O	O	O	O	O	O	_	_	EndOfLine	_	_	_
# segment_iiif_link = https://iiif.eluxemburgensia.lu/iiif/2/ark:%2f70795%2fq4cp1z%2fpages%2f4/290,465,858,49/full/0/default.jpg
directe	O	O	O	O	O	O	_	_	_	_	_	_
du	O	O	O	O	O	O	_	_	_	_	_	_
nord	O	O	O	O	O	O	_	_	_	_	_	_
au	O	O	O	O	O	O	_	_	_	_	_	_
sud	O	O	O	O	O	O	_	_	NoSpaceAfter	_	_	_
;	O	O	O	O	O	O	_	_	_	_	_	_
le	O	O	O	O	O	O	_	_	_	_	_	_
ballon	O	O	O	O	O	O	_	_	_	_	_	_
s	O	O	O	O	O	O	_	_	NoSpaceAfter	_	_	_
'	O	O	O	O	O	O	_	_	NoSpaceAfter	_	_	_
y	O	O	O	O	O	O	_	_	_	_	_	_
maintint	O	O	O	O	O	O	_	_	EndOfLine	_	_	_
# segment_iiif_link = https://iiif.eluxemburgensia.lu/iiif/2/ark:%2f70795%2fq4cp1z%2fpages%2f4/291,524,871,36/full/0/default.jpg
environ	O	O	O	O	O	O	_	_	_	_	_	_
un	O	O	O	O	O	O	_	_	_	_	_	_
quart	O	O	O	O	O	O	_	_	_	_	_	_
d	O	O	O	O	O	O	_	_	NoSpaceAfter	_	_	_
'	O	O	O	O	O	O	_	_	NoSpaceAfter	_	_	_
heure	O	O	O	O	O	O	_	_	NoSpaceAfter	_	_	_
;	O	O	O	O	O	O	_	_	_	_	_	_
le	O	O	O	O	O	O	_	_	_	_	_	_
thermomètre	O	O	O	O	O	O	_	_	_	_	_	_
marquait	O	O	O	O	O	O	_	_	_	_	_	_
15	O	O	O	O	O	O	_	_	NoSpaceAfter	_	_	_
°	O	O	O	O	O	O	_	_	NoSpaceAfter	_	_	_
.	O	O	O	O	O	O	_	_	EndOfLine	EndOfSentence	_	_
# segment_iiif_link = https://iiif.eluxemburgensia.lu/iiif/2/ark:%2f70795%2fq4cp1z%2fpages%2f4/291,559,857,47/full/0/default.jpg
Ne	O	O	O	O	O	O	_	_	_	_	_	_
voulant	O	O	O	O	O	O	_	_	_	_	_	_
pas	O	O	O	O	O	O	_	_	_	_	_	_
trop	O	O	O	O	O	O	_	_	_	_	_	_
s	O	O	O	O	O	O	_	_	NoSpaceAfter	_	_	_
'	O	O	O	O	O	O	_	_	NoSpaceAfter	_	_	_
éloigner	O	O	O	O	O	O	_	_	_	_	_	_
de	O	O	O	O	O	O	_	_	_	_	_	_
Bruxelles	O	O	O	O	O	O	_	_	NoSpaceAfter	_	_	_
,	O	O	O	O	O	O	_	_	_	_	_	_
les	O	O	O	O	O	O	_	_	EndOfLine	_	_	_
# segment_iiif_link = https://iiif.eluxemburgensia.lu/iiif/2/ark:%2f70795%2fq4cp1z%2fpages%2f4/290,616,876,47/full/0/default.jpg
voyageurs	O	O	O	O	O	O	_	_	_	_	_	_
manœuvrèrent	O	O	O	O	O	O	_	_	_	_	_	_
pour	O	O	O	O	O	O	_	_	_	_	_	_
descendre	O	O	O	O	O	O	_	_	_	_	_	_
:	O	O	O	O	O	O	_	_	_	_	_	_
en	O	O	O	O	O	O	_	_	_	_	_	_
moins	O	O	O	O	O	O	_	_	_	_	_	_
de	O	O	O	O	O	O	_	_	EndOfLine	_	_	_
# segment_iiif_link = https://iiif.eluxemburgensia.lu/iiif/2/ark:%2f70795%2fq4cp1z%2fpages%2f4/290,654,875,56/full/0/default.jpg
cinq	O	O	O	O	O	O	_	_	_	_	_	_
minutes	O	O	O	O	O	O	_	_	NoSpaceAfter	_	_	_
,	O	O	O	O	O	O	_	_	_	_	_	_
ils	O	O	O	O	O	O	_	_	_	_	_	_
étaient	O	O	O	O	O	O	_	_	_	_	_	_
descendus	O	O	O	O	O	O	_	_	_	_	_	_
de	O	O	O	O	O	O	_	_	_	_	_	_
2,500	O	O	O	O	O	O	_	_	_	_	_	_
mètres	O	O	O	O	O	O	_	_	NoSpaceAfter	_	_	_
;	O	O	O	O	O	O	_	_	EndOfLine	_	_	_
# segment_iiif_link = https://iiif.eluxemburgensia.lu/iiif/2/ark:%2f70795%2fq4cp1z%2fpages%2f4/292,698,876,47/full/0/default.jpg
ils	O	O	O	O	O	O	_	_	_	_	_	_
relraversaienl	O	O	O	O	O	O	_	_	_	_	_	_
les	O	O	O	O	O	O	_	_	_	_	_	_
nuages	O	O	O	O	O	O	_	_	_	_	_	_
et	O	O	O	O	O	O	_	_	_	_	_	_
revoyaient	O	O	O	O	O	O	_	_	_	_	_	_
la	O	O	O	O	O	O	_	_	_	_	_	_
terre	O	O	O	O	O	O	_	_	NoSpaceAfter	_	_	_
.	O	O	O	O	O	O	_	_	_	EndOfSentence	_	_
Le	O	O	O	O	O	O	_	_	EndOfLine	_	_	_
# segment_iiif_link = https://iiif.eluxemburgensia.lu/iiif/2/ark:%2f70795%2fq4cp1z%2fpages%2f4/296,742,872,48/full/0/default.jpg
baromètre	O	O	O	O	O	O	_	_	_	_	_	_
marquait	O	O	O	O	O	O	_	_	_	_	_	_
58	O	O	O	O	O	O	_	_	NoSpaceAfter	_	_	_
°	O	O	O	O	O	O	_	_	_	_	_	_
1	O	O	O	O	O	O	_	_	NoSpaceAfter	_	_	_
/	O	O	O	O	O	O	_	_	NoSpaceAfter	_	_	_
2	O	O	O	O	O	O	_	_	_	_	_	_
el	O	O	O	O	O	O	_	_	_	_	_	_
le	O	O	O	O	O	O	_	_	_	_	_	_
thermomètre	O	O	O	O	O	O	_	_	_	_	_	_
11	O	O	O	O	O	O	_	_	NoSpaceAfter	_	_	_
°	O	O	O	O	O	O	_	_	NoSpaceAfter	_	_	_
.	O	O	O	O	O	O	_	_	EndOfLine	EndOfSentence	_	_
# segment_iiif_link = https://iiif.eluxemburgensia.lu/iiif/2/ark:%2f70795%2fq4cp1z%2fpages%2f4/294,789,873,47/full/0/default.jpg
On	O	O	O	O	O	O	_	_	_	_	_	_
apercevait	O	O	O	O	O	O	_	_	_	_	_	_
une	O	O	O	O	O	O	_	_	_	_	_	_
ville	O	O	O	O	O	O	_	_	_	_	_	_
qui	O	O	O	O	O	O	_	_	_	_	_	_
semblait	O	O	O	O	O	O	_	_	_	_	_	_
être	O	O	O	O	O	O	_	_	_	_	_	_
à	O	O	O	O	O	O	_	_	_	_	_	_
environ	O	O	O	O	O	O	_	_	EndOfLine	_	_	_
# segment_iiif_link = https://iiif.eluxemburgensia.lu/iiif/2/ark:%2f70795%2fq4cp1z%2fpages%2f4/295,835,860,49/full/0/default.jpg
dix	O	O	O	O	O	O	_	_	_	_	_	_
kilomètres	O	O	O	O	O	O	_	_	_	_	_	_
de	O	O	O	O	O	O	_	_	_	_	_	_
distance	O	O	O	O	O	O	_	_	NoSpaceAfter	_	_	_
.	O	O	O	O	O	O	_	_	_	EndOfSentence	_	_
Les	O	O	O	O	O	O	_	_	_	_	_	_
voyageurs	O	O	O	O	O	O	_	_	_	_	_	_
crurent	O	O	O	O	O	O	_	_	EndOfLine	_	_	_
# segment_iiif_link = https://iiif.eluxemburgensia.lu/iiif/2/ark:%2f70795%2fq4cp1z%2fpages%2f4/295,881,875,48/full/0/default.jpg
d	O	O	O	O	O	O	_	_	NoSpaceAfter	_	_	_
'	O	O	O	O	O	O	_	_	NoSpaceAfter	_	_	_
abord	O	O	O	O	O	O	_	_	_	_	_	_
que	O	O	O	O	O	O	_	_	_	_	_	_
ce	O	O	O	O	O	O	_	_	_	_	_	_
pouvait	O	O	O	O	O	O	_	_	_	_	_	_
être	O	O	O	O	O	O	_	_	_	_	_	_
Mons	O	O	O	O	O	O	_	_	_	_	_	_
;	O	O	O	O	O	O	_	_	_	_	_	_
ainsi	O	O	O	O	O	O	_	_	_	_	_	_
qu	O	O	O	O	O	O	_	_	NoSpaceAfter	_	_	_
'	O	O	O	O	O	O	_	_	NoSpaceAfter	_	_	_
ils	O	O	O	O	O	O	_	_	_	_	_	_
l	O	O	O	O	O	O	_	_	NoSpaceAfter	_	_	_
'	O	O	O	O	O	O	_	_	NoSpaceAfter	_	_	_
apprirent	O	O	O	O	O	O	_	_	EndOfLine	_	_	_
# segment_iiif_link = https://iiif.eluxemburgensia.lu/iiif/2/ark:%2f70795%2fq4cp1z%2fpages%2f4/296,928,873,58/full/0/default.jpg
bientôt	O	O	O	O	O	O	_	_	NoSpaceAfter	_	_	_
,	O	O	O	O	O	O	_	_	_	_	_	_
c	O	O	O	O	O	O	_	_	NoSpaceAfter	_	_	_
'	O	O	O	O	O	O	_	_	NoSpaceAfter	_	_	_
était	O	O	O	O	O	O	_	_	_	_	_	_
Charleroy	O	O	O	O	O	O	_	_	NoSpaceAfter	_	_	_
.	O	O	O	O	O	O	_	_	_	EndOfSentence	_	_
Après	O	O	O	O	O	O	_	_	_	_	_	_
avoir	O	O	O	O	O	O	_	_	_	_	_	_
dépassé	O	O	O	O	O	O	_	_	_	_	_	_
un	O	O	O	O	O	O	_	_	EndOfLine	_	_	_
# segment_iiif_link = https://iiif.eluxemburgensia.lu/iiif/2/ark:%2f70795%2fq4cp1z%2fpages%2f4/292,978,876,55/full/0/default.jpg
pelit	O	O	O	O	O	O	_	_	_	_	_	_
bois	O	O	O	O	O	O	_	_	NoSpaceAfter	_	_	_
,	O	O	O	O	O	O	_	_	_	_	_	_
une	O	O	O	O	O	O	_	_	_	_	_	_
plainte	O	O	O	O	O	O	_	_	_	_	_	_
immense	O	O	O	O	O	O	_	_	_	_	_	_
s	O	O	O	O	O	O	_	_	NoSpaceAfter	_	_	_
'	O	O	O	O	O	O	_	_	NoSpaceAfter	_	_	_
étendit	O	O	O	O	O	O	_	_	_	_	_	_
sous	O	O	O	O	O	O	_	_	EndOfLine	_	_	_
# segment_iiif_link = https://iiif.eluxemburgensia.lu/iiif/2/ark:%2f70795%2fq4cp1z%2fpages%2f4/297,1022,870,47/full/0/default.jpg
leurs	O	O	O	O	O	O	_	_	_	_	_	_
pieds	O	O	O	O	O	O	_	_	_	_	_	_
:	O	O	O	O	O	O	_	_	_	_	_	_
ils	O	O	O	O	O	O	_	_	_	_	_	_
y	O	O	O	O	O	O	_	_	_	_	_	_
descendirent	O	O	O	O	O	O	_	_	_	_	_	_
immédiatement	O	O	O	O	O	O	_	_	NoSpaceAfter	_	_	_
.	O	O	O	O	O	O	_	_	_	EndOfSentence	_	_
M	O	O	O	O	O	O	_	_	NoSpaceAfter	_	_	_
.	O	O	O	O	O	O	_	_	EndOfLine	_	_	_
# segment_iiif_link = https://iiif.eluxemburgensia.lu/iiif/2/ark:%2f70795%2fq4cp1z%2fpages%2f4/297,1068,856,57/full/0/default.jpg
Dupuis	O	O	O	O	O	O	_	_	NoSpaceAfter	_	_	_
-	O	O	O	O	O	O	_	_	NoSpaceAfter	_	_	_
Dclcourl	O	O	O	O	O	O	_	_	_	_	_	_
,	O	O	O	O	O	O	_	_	_	_	_	_
en	O	O	O	O	O	O	_	_	_	_	_	_
sa	O	O	O	O	O	O	_	_	_	_	_	_
qualité	O	O	O	O	O	O	_	_	_	_	_	_
de	O	O	O	O	O	O	_	_	_	_	_	_
vétéran	O	O	O	O	O	O	_	_	_	_	_	_
de	O	O	O	O	O	O	_	_	_	_	_	_
la	O	O	O	O	O	O	_	_	EndOfLine	_	_	_
# segment_iiif_link = https://iiif.eluxemburgensia.lu/iiif/2/ark:%2f70795%2fq4cp1z%2fpages%2f4/296,1115,873,53/full/0/default.jpg
navigation	O	O	O	O	O	O	_	_	_	_	_	_
aérienne	O	O	O	O	O	O	_	_	NoSpaceAfter	_	_	_
,	O	O	O	O	O	O	_	_	_	_	_	_
ne	O	O	O	O	O	O	_	_	_	_	_	_
voulut	O	O	O	O	O	O	_	_	_	_	_	_
descendre	O	O	O	O	O	O	_	_	_	_	_	_
que	O	O	O	O	O	O	_	_	_	_	_	_
le	O	O	O	O	O	O	_	_	_	_	_	_
dernier	O	O	O	O	O	O	_	_	NoSpaceAfter	_	_	_
;	O	O	O	O	O	O	_	_	EndOfLine	_	_	_
# segment_iiif_link = https://iiif.eluxemburgensia.lu/iiif/2/ark:%2f70795%2fq4cp1z%2fpages%2f4/296,1158,873,44/full/0/default.jpg
mais	O	O	O	O	O	O	_	_	_	_	_	_
à	O	O	O	O	O	O	_	_	_	_	_	_
peine	O	O	O	O	O	O	_	_	_	_	_	_
M	O	O	O	O	O	O	_	_	NoSpaceAfter	_	_	_
.	O	O	O	O	O	O	_	_	_	_	_	_
Van	O	O	O	O	O	O	_	_	_	_	_	_
Hecke	O	O	O	O	O	O	_	_	_	_	_	_
avail	O	O	O	O	O	O	_	_	NoSpaceAfter	_	_	_
-	O	O	O	O	O	O	_	_	NoSpaceAfter	_	_	_
il	O	O	O	O	O	O	_	_	_	_	_	_
mis	O	O	O	O	O	O	_	_	_	_	_	_
pied	O	O	O	O	O	O	_	_	_	_	_	_
à	O	O	O	O	O	O	_	_	_	_	_	_
terre	O	O	O	O	O	O	_	_	EndOfLine	_	_	_
# segment_iiif_link = https://iiif.eluxemburgensia.lu/iiif/2/ark:%2f70795%2fq4cp1z%2fpages%2f4/297,1215,868,48/full/0/default.jpg
que	O	O	O	O	O	O	_	_	_	_	_	_
le	O	O	O	O	O	O	_	_	_	_	_	_
ballon	O	O	O	O	O	O	_	_	NoSpaceAfter	_	_	_
,	O	O	O	O	O	O	_	_	_	_	_	_
allégé	O	O	O	O	O	O	_	_	_	_	_	_
d	O	O	O	O	O	O	_	_	NoSpaceAfter	_	_	_
'	O	O	O	O	O	O	_	_	NoSpaceAfter	_	_	_
une	O	O	O	O	O	O	_	_	_	_	_	_
soixantaine	O	O	O	O	O	O	_	_	_	_	_	_
de	O	O	O	O	O	O	_	_	_	_	_	_
kilos	O	O	O	O	O	O	_	_	NoSpaceAfter	_	_	_
,	O	O	O	O	O	O	_	_	_	_	_	_
se	O	O	O	O	O	O	_	_	_	_	_	_
mil	O	O	O	O	O	O	_	_	EndOfLine	_	_	_
# segment_iiif_link = https://iiif.eluxemburgensia.lu/iiif/2/ark:%2f70795%2fq4cp1z%2fpages%2f4/294,1253,873,47/full/0/default.jpg
à	O	O	O	O	O	O	_	_	_	_	_	_
courir	O	O	O	O	O	O	_	_	_	_	_	_
borizontalemcnt	O	O	O	O	O	O	_	_	NoSpaceAfter	_	_	_
,	O	O	O	O	O	O	_	_	_	_	_	_
et	O	O	O	O	O	O	_	_	_	_	_	_
se	O	O	O	O	O	O	_	_	_	_	_	_
serait	O	O	O	O	O	O	_	_	_	_	_	_
enlevé	O	O	O	O	O	O	_	_	_	_	_	_
si	O	O	O	O	O	O	_	_	_	_	_	_
M	O	O	O	O	O	O	_	_	NoSpaceAfter	_	_	_
.	O	O	O	O	O	O	_	_	EndOfLine	_	_	_
# segment_iiif_link = https://iiif.eluxemburgensia.lu/iiif/2/ark:%2f70795%2fq4cp1z%2fpages%2f4/292,1298,873,48/full/0/default.jpg
Van	O	O	O	O	O	O	_	_	_	_	_	_
Hecke	O	O	O	O	O	O	_	_	_	_	_	_
ne	O	O	O	O	O	O	_	_	_	_	_	_
s	O	O	O	O	O	O	_	_	NoSpaceAfter	_	_	_
'	O	O	O	O	O	O	_	_	NoSpaceAfter	_	_	_
y	O	O	O	O	O	O	_	_	_	_	_	_
fût	O	O	O	O	O	O	_	_	_	_	_	_
attaché	O	O	O	O	O	O	_	_	_	_	_	_
en	O	O	O	O	O	O	_	_	_	_	_	_
se	O	O	O	O	O	O	_	_	_	_	_	_
laissant	O	O	O	O	O	O	_	_	_	_	_	_
entraîner	O	O	O	O	O	O	_	_	NoSpaceAfter	_	_	_
.	O	O	O	O	O	O	_	_	EndOfLine	EndOfSentence	_	_
# segment_iiif_link = https://iiif.eluxemburgensia.lu/iiif/2/ark:%2f70795%2fq4cp1z%2fpages%2f4/294,1344,874,49/full/0/default.jpg
Une	O	O	O	O	O	O	_	_	_	_	_	_
haie	O	O	O	O	O	O	_	_	_	_	_	_
«	O	O	O	O	O	O	_	_	NoSpaceAfter	_	_	_
jui	O	O	O	O	O	O	_	_	_	_	_	_
se	O	O	O	O	O	O	_	_	_	_	_	_
trouva	O	O	O	O	O	O	_	_	_	_	_	_
sur	O	O	O	O	O	O	_	_	_	_	_	_
son	O	O	O	O	O	O	_	_	_	_	_	_
passage	O	O	O	O	O	O	_	_	_	_	_	_
le	O	O	O	O	O	O	_	_	_	_	_	_
contraignit	O	O	O	O	O	O	_	_	EndOfLine	_	_	_
# segment_iiif_link = https://iiif.eluxemburgensia.lu/iiif/2/ark:%2f70795%2fq4cp1z%2fpages%2f4/292,1393,878,47/full/0/default.jpg
à	O	O	O	O	O	O	_	_	_	_	_	_
lâcher	O	O	O	O	O	O	_	_	_	_	_	_
prise	O	O	O	O	O	O	_	_	NoSpaceAfter	_	_	_
;	O	O	O	O	O	O	_	_	_	_	_	_
il	O	O	O	O	O	O	_	_	_	_	_	_
tomba	O	O	O	O	O	O	_	_	_	_	_	_
sans	O	O	O	O	O	O	_	_	_	_	_	_
se	O	O	O	O	O	O	_	_	_	_	_	_
blesser	O	O	O	O	O	O	_	_	NoSpaceAfter	_	_	_
,	O	O	O	O	O	O	_	_	_	_	_	_
ct	O	O	O	O	O	O	_	_	_	_	_	_
M	O	O	O	O	O	O	_	_	NoSpaceAfter	_	_	_
.	O	O	O	O	O	O	_	_	_	_	_	_
Dupuis	O	O	O	O	O	O	_	_	NoSpaceAfter	_	_	_
-	O	O	O	O	O	O	_	_	EndOfLine	_	_	_
# segment_iiif_link = https://iiif.eluxemburgensia.lu/iiif/2/ark:%2f70795%2fq4cp1z%2fpages%2f4/294,1438,875,48/full/0/default.jpg
Delcourt	O	O	O	O	O	O	_	_	_	_	_	_
lui	O	O	O	O	O	O	_	_	_	_	_	_
cria	O	O	O	O	O	O	_	_	_	_	_	_
en	O	O	O	O	O	O	_	_	_	_	_	_
s	O	O	O	O	O	O	_	_	NoSpaceAfter	_	_	_
'	O	O	O	O	O	O	_	_	NoSpaceAfter	_	_	_
élevant	O	O	O	O	O	O	_	_	_	_	_	_
dans	O	O	O	O	O	O	_	_	_	_	_	_
l	O	O	O	O	O	O	_	_	NoSpaceAfter	_	_	_
'	O	O	O	O	O	O	_	_	NoSpaceAfter	_	_	_
atmosphère	O	O	O	O	O	O	_	_	NoSpaceAfter	_	_	_
:	O	O	O	O	O	O	_	_	_	_	_	_
r	O	O	O	O	O	O	_	_	NoSpaceAfter	_	_	_
.	O	O	O	O	O	O	_	_	_	_	_	_
Ne	O	O	O	O	O	O	_	_	EndOfLine	_	_	_
# segment_iiif_link = https://iiif.eluxemburgensia.lu/iiif/2/ark:%2f70795%2fq4cp1z%2fpages%2f4/292,1485,875,58/full/0/default.jpg
craignez	O	O	O	O	O	O	_	_	_	_	_	_
rien	O	O	O	O	O	O	_	_	NoSpaceAfter	_	_	_
,	O	O	O	O	O	O	_	_	_	_	_	_
je	O	O	O	O	O	O	_	_	_	_	_	_
réponds	O	O	O	O	O	O	_	_	_	_	_	_
de	O	O	O	O	O	O	_	_	_	_	_	_
lout	O	O	O	O	O	O	_	_	_	_	_	_
;	O	O	O	O	O	O	_	_	_	_	_	_
je	O	O	O	O	O	O	_	_	_	_	_	_
pense	O	O	O	O	O	O	_	_	_	_	_	_
que	O	O	O	O	O	O	_	_	_	_	_	_
je	O	O	O	O	O	O	_	_	_	_	_	_
vais	O	O	O	O	O	O	_	_	EndOfLine	_	_	_
# segment_iiif_link = https://iiif.eluxemburgensia.lu/iiif/2/ark:%2f70795%2fq4cp1z%2fpages%2f4/290,1531,248,56/full/0/default.jpg
jusqu	O	O	O	O	O	O	_	_	NoSpaceAfter	_	_	_
'	O	O	O	O	O	O	_	_	NoSpaceAfter	_	_	_
à	O	O	O	O	O	O	_	_	_	_	_	_
Paris	O	O	O	O	O	O	_	_	NoSpaceAfter	_	_	_
.	O	O	O	O	O	O	_	_	_	_	_	_
»	O	O	O	O	O	O	_	_	EndOfLine	_	_	_
# segment_iiif_link = https://iiif.eluxemburgensia.lu/iiif/2/ark:%2f70795%2fq4cp1z%2fpages%2f4/336,1588,834,34/full/0/default.jpg
»	O	O	O	O	O	O	_	_	_	_	_	_
M	O	O	O	O	O	O	_	_	NoSpaceAfter	_	_	_
.	O	O	O	O	O	O	_	_	_	_	_	_
Van	O	O	O	O	O	O	_	_	_	_	_	_
Hecke	O	O	O	O	O	O	_	_	_	_	_	_
était	O	O	O	O	O	O	_	_	_	_	_	_
descendu	O	O	O	O	O	O	_	_	_	_	_	_
sur	O	O	O	O	O	O	_	_	_	_	_	_
la	O	O	O	O	O	O	_	_	_	_	_	_
commune	O	O	O	O	O	O	_	_	_	_	_	_
de	O	O	O	O	O	O	_	_	EndOfLine	_	_	_
# segment_iiif_link = https://iiif.eluxemburgensia.lu/iiif/2/ark:%2f70795%2fq4cp1z%2fpages%2f4/294,1620,855,49/full/0/default.jpg
Liberchie	O	O	O	O	O	O	_	_	_	_	_	_
,	O	O	O	O	O	O	_	_	_	_	_	_
à	O	O	O	O	O	O	_	_	_	_	_	_
10	O	O	O	O	O	O	_	_	_	_	_	_
kilomètres	O	O	O	O	O	O	_	_	_	_	_	_
de	O	O	O	O	O	O	_	_	_	_	_	_
Charlcroy	O	O	O	O	O	O	_	_	_	_	_	_
,	O	O	O	O	O	O	_	_	_	_	_	_
à	O	O	O	O	O	O	_	_	_	_	_	_
20	O	O	O	O	O	O	_	_	EndOfLine	_	_	_
# segment_iiif_link = https://iiif.eluxemburgensia.lu/iiif/2/ark:%2f70795%2fq4cp1z%2fpages%2f4/291,1673,877,43/full/0/default.jpg
minutes	O	O	O	O	O	O	_	_	_	_	_	_
de	O	O	O	O	O	O	_	_	_	_	_	_
la	O	O	O	O	O	O	_	_	_	_	_	_
chaussée	O	O	O	O	O	O	_	_	_	_	_	_
de	O	O	O	O	O	O	_	_	_	_	_	_
Bruxelles	O	O	O	O	O	O	_	_	NoSpaceAfter	_	_	_
.	O	O	O	O	O	O	_	_	_	EndOfSentence	_	_
L	O	O	O	O	O	O	_	_	NoSpaceAfter	_	_	_
'	O	O	O	O	O	O	_	_	NoSpaceAfter	_	_	_
aérostat	O	O	O	O	O	O	_	_	_	_	_	_
avait	O	O	O	O	O	O	_	_	EndOfLine	_	_	_
# segment_iiif_link = https://iiif.eluxemburgensia.lu/iiif/2/ark:%2f70795%2fq4cp1z%2fpages%2f4/294,1715,873,48/full/0/default.jpg
touché	O	O	O	O	O	O	_	_	_	_	_	_
la	O	O	O	O	O	O	_	_	_	_	_	_
terre	O	O	O	O	O	O	_	_	_	_	_	_
à	O	O	O	O	O	O	_	_	_	_	_	_
trois	O	O	O	O	O	O	_	_	_	_	_	_
heures	O	O	O	O	O	O	_	_	_	_	_	_
précises	O	O	O	O	O	O	_	_	NoSpaceAfter	_	_	_
,	O	O	O	O	O	O	_	_	_	_	_	_
ainsi	O	O	O	O	O	O	_	_	_	_	_	_
«	O	O	O	O	O	O	_	_	NoSpaceAfter	_	_	_
pic	O	O	O	O	O	O	_	_	_	_	_	_
l	O	O	O	O	O	O	_	_	NoSpaceAfter	_	_	_
'	O	O	O	O	O	O	_	_	NoSpaceAfter	_	_	_
ont	O	O	O	O	O	O	_	_	EndOfLine	_	_	_
# segment_iiif_link = https://iiif.eluxemburgensia.lu/iiif/2/ark:%2f70795%2fq4cp1z%2fpages%2f4/294,1762,875,45/full/0/default.jpg
attesté	O	O	O	O	O	O	_	_	_	_	_	_
MM	O	O	O	O	O	O	_	_	NoSpaceAfter	_	_	_
.	O	O	O	O	O	O	_	_	_	_	_	_
Duvieusart	O	O	O	O	O	O	_	_	NoSpaceAfter	_	_	_
,	O	O	O	O	O	O	_	_	_	_	_	_
bourgmestre	O	O	O	O	O	O	_	_	NoSpaceAfter	_	_	_
,	O	O	O	O	O	O	_	_	_	_	_	_
de	O	O	O	O	O	O	_	_	_	_	_	_
Bceqevort	O	O	O	O	O	O	_	_	NoSpaceAfter	_	_	_
-	O	O	O	O	O	O	_	_	EndOfLine	_	_	_
# segment_iiif_link = https://iiif.eluxemburgensia.lu/iiif/2/ark:%2f70795%2fq4cp1z%2fpages%2f4/291,1803,876,48/full/0/default.jpg
Berlrand	O	O	O	O	O	O	_	_	_	_	_	_
et	O	O	O	O	O	O	_	_	_	_	_	_
N	O	O	O	O	O	O	_	_	NoSpaceAfter	_	_	_
.	O	O	O	O	O	O	_	_	_	_	_	_
de	O	O	O	O	O	O	_	_	_	_	_	_
Becqevort	O	O	O	O	O	O	_	_	NoSpaceAfter	_	_	_
,	O	O	O	O	O	O	_	_	_	_	_	_
notables	O	O	O	O	O	O	_	_	_	_	_	_
de	O	O	O	O	O	O	_	_	_	_	_	_
la	O	O	O	O	O	O	_	_	_	_	_	_
commune	O	O	O	O	O	O	_	_	EndOfLine	_	_	_
# segment_iiif_link = https://iiif.eluxemburgensia.lu/iiif/2/ark:%2f70795%2fq4cp1z%2fpages%2f4/291,1850,876,48/full/0/default.jpg
de	O	O	O	O	O	O	_	_	_	_	_	_
Liberchie	O	O	O	O	O	O	_	_	NoSpaceAfter	_	_	_
.	O	O	O	O	O	O	_	_	_	_	_	_
Le	O	O	O	O	O	O	_	_	_	_	_	_
ballon	O	O	O	O	O	O	_	_	_	_	_	_
avait	O	O	O	O	O	O	_	_	_	_	_	_
élé	O	O	O	O	O	O	_	_	_	_	_	_
vu	O	O	O	O	O	O	_	_	_	_	_	_
à	O	O	O	O	O	O	_	_	_	_	_	_
deux	O	O	O	O	O	O	_	_	_	_	_	_
heures	O	O	O	O	O	O	_	_	_	_	_	_
cl	O	O	O	O	O	O	_	_	EndOfLine	_	_	_
# segment_iiif_link = https://iiif.eluxemburgensia.lu/iiif/2/ark:%2f70795%2fq4cp1z%2fpages%2f4/296,1896,852,49/full/0/default.jpg
demie	O	O	O	O	O	O	_	_	_	_	_	_
à	O	O	O	O	O	O	_	_	_	_	_	_
la	O	O	O	O	O	O	_	_	_	_	_	_
station	O	O	O	O	O	O	_	_	_	_	_	_
de	O	O	O	O	O	O	_	_	_	_	_	_
Saint	O	O	O	O	O	O	_	_	NoSpaceAfter	_	_	_
-	O	O	O	O	O	O	_	_	NoSpaceAfter	_	_	_
Laurent	O	O	O	O	O	O	_	_	_	_	_	_
,	O	O	O	O	O	O	_	_	_	_	_	_
où	O	O	O	O	O	O	_	_	_	_	_	_
M	O	O	O	O	O	O	_	_	NoSpaceAfter	_	_	_
.	O	O	O	O	O	O	_	_	_	_	_	_
le	O	O	O	O	O	O	_	_	EndOfLine	_	_	_
# segment_iiif_link = https://iiif.eluxemburgensia.lu/iiif/2/ark:%2f70795%2fq4cp1z%2fpages%2f4/292,1952,874,42/full/0/default.jpg
docteur	O	O	O	O	O	O	_	_	_	_	_	_
Van	O	O	O	O	O	O	_	_	_	_	_	_
Hecke	O	O	O	O	O	O	_	_	_	_	_	_
reprit	O	O	O	O	O	O	_	_	_	_	_	_
le	O	O	O	O	O	O	_	_	_	_	_	_
chemin	O	O	O	O	O	O	_	_	_	_	_	_
de	O	O	O	O	O	O	_	_	_	_	_	_
fer	O	O	O	O	O	O	_	_	_	_	_	_
pour	O	O	O	O	O	O	_	_	_	_	_	_
revenir	O	O	O	O	O	O	_	_	EndOfLine	_	_	_
# segment_iiif_link = https://iiif.eluxemburgensia.lu/iiif/2/ark:%2f70795%2fq4cp1z%2fpages%2f4/290,1993,876,48/full/0/default.jpg
à	O	O	O	O	O	O	_	_	_	_	_	_
Bruxelles	O	O	O	O	O	O	_	_	NoSpaceAfter	_	_	_
.	O	O	O	O	O	O	_	_	_	_	_	_
Nous	O	O	O	O	O	O	_	_	_	_	_	_
tenons	O	O	O	O	O	O	_	_	_	_	_	_
les	O	O	O	O	O	O	_	_	_	_	_	_
détails	O	O	O	O	O	O	_	_	_	_	_	_
qui	O	O	O	O	O	O	_	_	_	_	_	_
précèdent	O	O	O	O	O	O	_	_	_	_	_	_
rie	O	O	O	O	O	O	_	_	EndOfLine	_	_	_
# segment_iiif_link = https://iiif.eluxemburgensia.lu/iiif/2/ark:%2f70795%2fq4cp1z%2fpages%2f4/290,2039,876,47/full/0/default.jpg
la	O	O	O	O	O	O	_	_	_	_	_	_
bonche	O	O	O	O	O	O	_	_	_	_	_	_
même	O	O	O	O	O	O	_	_	_	_	_	_
de	O	O	O	O	O	O	_	_	_	_	_	_
M	O	O	O	O	O	O	_	_	NoSpaceAfter	_	_	_
.	O	O	O	O	O	O	_	_	_	_	_	_
Van	O	O	O	O	O	O	_	_	_	_	_	_
Hecke	O	O	O	O	O	O	_	_	NoSpaceAfter	_	_	_
,	O	O	O	O	O	O	_	_	_	_	_	_
qui	O	O	O	O	O	O	_	_	_	_	_	_
nous	O	O	O	O	O	O	_	_	_	_	_	_
autorise	O	O	O	O	O	O	_	_	EndOfLine	_	_	_
# segment_iiif_link = https://iiif.eluxemburgensia.lu/iiif/2/ark:%2f70795%2fq4cp1z%2fpages%2f4/288,2084,877,49/full/0/default.jpg
aies	O	O	O	O	O	O	_	_	_	_	_	_
publier	O	O	O	O	O	O	_	_	NoSpaceAfter	_	_	_
;	O	O	O	O	O	O	_	_	_	_	_	_
nous	O	O	O	O	O	O	_	_	_	_	_	_
attendons	O	O	O	O	O	O	_	_	_	_	_	_
avec	O	O	O	O	O	O	_	_	_	_	_	_
impatience	O	O	O	O	O	O	_	_	_	_	_	_
des	O	O	O	O	O	O	_	_	EndOfLine	_	_	_
# segment_iiif_link = https://iiif.eluxemburgensia.lu/iiif/2/ark:%2f70795%2fq4cp1z%2fpages%2f4/284,2131,881,48/full/0/default.jpg
nouvelles	O	O	O	O	O	O	_	_	_	_	_	_
de	O	O	O	O	O	O	_	_	_	_	_	_
M	O	O	O	O	O	O	_	_	NoSpaceAfter	_	_	_
.	O	O	O	O	O	O	_	_	_	_	_	_
Dupuis	O	O	O	O	O	O	_	_	NoSpaceAfter	_	_	_
-	O	O	O	O	O	O	_	_	NoSpaceAfter	_	_	_
Dclcourt	O	O	O	O	O	O	_	_	NoSpaceAfter	_	_	_
,	O	O	O	O	O	O	_	_	_	_	_	_
qui	O	O	O	O	O	O	_	_	_	_	_	_
a	O	O	O	O	O	O	_	_	_	_	_	_
achevé	O	O	O	O	O	O	_	_	_	_	_	_
seul	O	O	O	O	O	O	_	_	_	_	_	_
le	O	O	O	O	O	O	_	_	EndOfLine	_	_	_
# segment_iiif_link = https://iiif.eluxemburgensia.lu/iiif/2/ark:%2f70795%2fq4cp1z%2fpages%2f4/282,2187,140,49/full/0/default.jpg
voyage	O	O	O	O	O	O	_	_	NoSpaceAfter	_	_	_
.	O	O	O	O	O	O	_	_	_	_	_	_
»	O	O	O	O	O	O	_	_	EndOfLine	EndOfSentence	_	_

# language = fr
# newspaper = courriergdl
# date = 1852-02-14
# document_id = courriergdl-1852-02-14-a-i0002
# news-agency-as-source = _
# segment_iiif_link = https://iiif.eluxemburgensia.lu/iiif/2/ark:%2f70795%2f5sxp1n%2fpages%2f1/1052,3949,814,70/full/0/default.jpg
GRAND	O	O	O	O	O	O	_	_	NoSpaceAfter	_	_	_
-	O	O	O	O	O	O	_	_	NoSpaceAfter	_	_	_
DUCHÉ	O	O	O	O	O	O	_	_	_	_	_	_
DE	O	O	O	O	O	O	_	_	_	_	_	_
LUXEMBOURG	O	O	O	O	O	O	_	_	EndOfLine	_	_	_
# segment_iiif_link = https://iiif.eluxemburgensia.lu/iiif/2/ark:%2f70795%2f5sxp1n%2fpages%2f1/1248,4013,409,58/full/0/default.jpg
Luxembourg	O	O	O	O	O	O	_	_	NoSpaceAfter	_	_	_
,	O	O	O	O	O	O	_	_	_	_	_	_
14	O	O	O	O	O	O	_	_	_	_	_	_
février	O	O	O	O	O	O	_	_	NoSpaceAfter	_	_	_
.	O	O	O	O	O	O	_	_	EndOfLine	EndOfSentence	_	_
# segment_iiif_link = https://iiif.eluxemburgensia.lu/iiif/2/ark:%2f70795%2f5sxp1n%2fpages%2f1/1077,4072,829,47/full/0/default.jpg
Nous	O	O	O	O	O	O	_	_	_	_	_	_
avons	O	O	O	O	O	O	_	_	NoSpaceAfter	_	_	_
,	O	O	O	O	O	O	_	_	_	_	_	_
au	O	O	O	O	O	O	_	_	_	_	_	_
dernier	O	O	O	O	O	O	_	_	_	_	_	_
numéro	O	O	O	O	O	O	_	_	NoSpaceAfter	_	_	_
,	O	O	O	O	O	O	_	_	_	_	_	_
dit	O	O	O	O	O	O	_	_	_	_	_	_
quelques	O	O	O	O	O	O	_	_	_	_	_	_
mois	O	O	O	O	O	O	_	_	EndOfLine	_	_	_
# segment_iiif_link = https://iiif.eluxemburgensia.lu/iiif/2/ark:%2f70795%2f5sxp1n%2fpages%2f1/1035,4118,852,51/full/0/default.jpg
de	O	O	O	O	O	O	_	_	_	_	_	_
l	O	O	O	O	O	O	_	_	NoSpaceAfter	_	_	_
'	O	O	O	O	O	O	_	_	NoSpaceAfter	_	_	_
événement	O	O	O	O	O	O	_	_	_	_	_	_
de	O	O	O	O	O	O	_	_	_	_	_	_
Septfonlaines	O	O	O	O	O	O	_	_	_	_	_	_
:	O	O	O	O	O	O	_	_	_	_	_	_
le	O	O	O	O	O	O	_	_	_	_	_	_
Wort	O	O	O	O	O	O	_	_	_	_	_	_
nous	O	O	O	O	O	O	_	_	EndOfLine	_	_	_
# segment_iiif_link = https://iiif.eluxemburgensia.lu/iiif/2/ark:%2f70795%2f5sxp1n%2fpages%2f1/1035,4175,870,38/full/0/default.jpg
menace	O	O	O	O	O	O	_	_	_	_	_	_
à	O	O	O	O	O	O	_	_	_	_	_	_
ce	O	O	O	O	O	O	_	_	_	_	_	_
sujet	O	O	O	O	O	O	_	_	NoSpaceAfter	_	_	_
,	O	O	O	O	O	O	_	_	_	_	_	_
«	O	O	O	O	O	O	_	_	_	_	_	_
il	O	O	O	O	O	O	_	_	_	_	_	_
va	O	O	O	O	O	O	_	_	_	_	_	_
éclairer	O	O	O	O	O	O	_	_	_	_	_	_
notre	O	O	O	O	O	O	_	_	_	_	_	_
pensée	O	O	O	O	O	O	_	_	_	_	_	_
obscure	O	O	O	O	O	O	_	_	NoSpaceAfter	_	_	_
.	O	O	O	O	O	O	_	_	EndOfLine	_	_	_
# segment_iiif_link = https://iiif.eluxemburgensia.lu/iiif/2/ark:%2f70795%2f5sxp1n%2fpages%2f1/1985,867,874,36/full/0/default.jpg
«	O	O	O	O	O	O	_	_	_	_	_	_
qui	O	O	O	O	O	O	_	_	NoSpaceAfter	_	_	_
,	O	O	O	O	O	O	_	_	_	_	_	_
en	O	O	O	O	O	O	_	_	_	_	_	_
se	O	O	O	O	O	O	_	_	_	_	_	_
montrant	O	O	O	O	O	O	_	_	_	_	_	_
indifférente	O	O	O	O	O	O	_	_	_	_	_	_
sur	O	O	O	O	O	O	_	_	_	_	_	_
la	O	O	O	O	O	O	_	_	_	_	_	_
question	O	O	O	O	O	O	_	_	EndOfLine	_	_	_
# segment_iiif_link = https://iiif.eluxemburgensia.lu/iiif/2/ark:%2f70795%2f5sxp1n%2fpages%2f1/1985,915,876,32/full/0/default.jpg
•	O	O	O	O	O	O	_	_	NoSpaceAfter	_	_	_
•	O	O	O	O	O	O	_	_	_	_	_	_
religieuse	O	O	O	O	O	O	_	_	NoSpaceAfter	_	_	_
,	O	O	O	O	O	O	_	_	_	_	_	_
renferme	O	O	O	O	O	O	_	_	_	_	_	_
cependant	O	O	O	O	O	O	_	_	_	_	_	_
une	O	O	O	O	O	O	_	_	_	_	_	_
hostilité	O	O	O	O	O	O	_	_	_	_	_	_
flagrante	O	O	O	O	O	O	_	_	EndOfLine	_	_	_
# segment_iiif_link = https://iiif.eluxemburgensia.lu/iiif/2/ark:%2f70795%2f5sxp1n%2fpages%2f1/1986,962,794,32/full/0/default.jpg
»	O	O	O	O	O	O	_	_	_	_	_	_
au	O	O	O	O	O	O	_	_	_	_	_	_
sentiment	O	O	O	O	O	O	_	_	_	_	_	_
catholique	O	O	O	O	O	O	_	_	_	_	_	_
de	O	O	O	O	O	O	_	_	_	_	_	_
nos	O	O	O	O	O	O	_	_	_	_	_	_
cortciloyens	O	O	O	O	O	O	_	_	NoSpaceAfter	_	_	_
.	O	O	O	O	O	O	_	_	_	EndOfSentence	_	_
»	O	O	O	O	O	O	_	_	EndOfLine	_	_	_
# segment_iiif_link = https://iiif.eluxemburgensia.lu/iiif/2/ark:%2f70795%2f5sxp1n%2fpages%2f1/2026,996,834,55/full/0/default.jpg
Que	O	O	O	O	O	O	_	_	_	_	_	_
les	O	O	O	O	O	O	_	_	_	_	_	_
allures	O	O	O	O	O	O	_	_	_	_	_	_
tlu	O	O	O	O	O	O	_	_	_	_	_	_
Wort	O	O	O	O	O	O	_	_	_	_	_	_
et	O	O	O	O	O	O	_	_	_	_	_	_
celles	O	O	O	O	O	O	_	_	_	_	_	_
du	O	O	O	O	O	O	_	_	_	_	_	_
Courrier	O	O	O	O	O	O	_	_	_	_	_	_
ne	O	O	O	O	O	O	_	_	EndOfLine	_	_	_
# segment_iiif_link = https://iiif.eluxemburgensia.lu/iiif/2/ark:%2f70795%2f5sxp1n%2fpages%2f1/1986,1041,561,51/full/0/default.jpg
s	O	O	O	O	O	O	_	_	NoSpaceAfter	_	_	_
'	O	O	O	O	O	O	_	_	NoSpaceAfter	_	_	_
accordent	O	O	O	O	O	O	_	_	_	_	_	_
pas	O	O	O	O	O	O	_	_	NoSpaceAfter	_	_	_
,	O	O	O	O	O	O	_	_	_	_	_	_
cela	O	O	O	O	O	O	_	_	_	_	_	_
est	O	O	O	O	O	O	_	_	_	_	_	_
très	O	O	O	O	O	O	_	_	NoSpaceAfter	_	_	_
-	O	O	O	O	O	O	_	_	NoSpaceAfter	_	_	_
vrai	O	O	O	O	O	O	_	_	NoSpaceAfter	_	_	_
.	O	O	O	O	O	O	_	_	EndOfLine	EndOfSentence	_	_
# segment_iiif_link = https://iiif.eluxemburgensia.lu/iiif/2/ark:%2f70795%2f5sxp1n%2fpages%2f1/2030,1091,830,48/full/0/default.jpg
Le	O	O	O	O	O	O	_	_	_	_	_	_
Wort	O	O	O	O	O	O	_	_	_	_	_	_
veut	O	O	O	O	O	O	_	_	_	_	_	_
agiter	O	O	O	O	O	O	_	_	_	_	_	_
le	O	O	O	O	O	O	_	_	_	_	_	_
pays	O	O	O	O	O	O	_	_	NoSpaceAfter	_	_	_
,	O	O	O	O	O	O	_	_	_	_	_	_
il	O	O	O	O	O	O	_	_	_	_	_	_
a	O	O	O	O	O	O	_	_	_	_	_	_
en	O	O	O	O	O	O	_	_	_	_	_	_
main	O	O	O	O	O	O	_	_	_	_	_	_
un	O	O	O	O	O	O	_	_	EndOfLine	_	_	_
# segment_iiif_link = https://iiif.eluxemburgensia.lu/iiif/2/ark:%2f70795%2f5sxp1n%2fpages%2f1/1987,1137,873,60/full/0/default.jpg
puissant	O	O	O	O	O	O	_	_	_	_	_	_
levier	O	O	O	O	O	O	_	_	NoSpaceAfter	_	_	_
,	O	O	O	O	O	O	_	_	_	_	_	_
dont	O	O	O	O	O	O	_	_	_	_	_	_
il	O	O	O	O	O	O	_	_	_	_	_	_
use	O	O	O	O	O	O	_	_	_	_	_	_
hors	O	O	O	O	O	O	_	_	_	_	_	_
mesure	O	O	O	O	O	O	_	_	NoSpaceAfter	_	_	_
,	O	O	O	O	O	O	_	_	_	_	_	_
et	O	O	O	O	O	O	_	_	_	_	_	_
il	O	O	O	O	O	O	_	_	_	_	_	_
ne	O	O	O	O	O	O	_	_	_	_	_	_
s	O	O	O	O	O	O	_	_	NoSpaceAfter	_	_	_
'	O	O	O	O	O	O	_	_	NoSpaceAfter	_	_	_
ap	O	O	O	O	O	O	_	_	NoSpaceAfter	_	_	_
«	O	O	O	O	O	O	_	_	EndOfLine	_	_	_
# segment_iiif_link = https://iiif.eluxemburgensia.lu/iiif/2/ark:%2f70795%2f5sxp1n%2fpages%2f1/1990,1183,873,61/full/0/default.jpg
perçoit	O	O	O	O	O	O	_	_	_	_	_	_
pas	O	O	O	O	O	O	_	_	_	_	_	_
qu	O	O	O	O	O	O	_	_	NoSpaceAfter	_	_	_
'	O	O	O	O	O	O	_	_	NoSpaceAfter	_	_	_
il	O	O	O	O	O	O	_	_	_	_	_	_
le	O	O	O	O	O	O	_	_	_	_	_	_
fatigue	O	O	O	O	O	O	_	_	NoSpaceAfter	_	_	_
,	O	O	O	O	O	O	_	_	_	_	_	_
comme	O	O	O	O	O	O	_	_	_	_	_	_
on	O	O	O	O	O	O	_	_	_	_	_	_
use	O	O	O	O	O	O	_	_	_	_	_	_
tous	O	O	O	O	O	O	_	_	_	_	_	_
les	O	O	O	O	O	O	_	_	EndOfLine	_	_	_
# segment_iiif_link = https://iiif.eluxemburgensia.lu/iiif/2/ark:%2f70795%2f5sxp1n%2fpages%2f1/1990,1239,443,49/full/0/default.jpg
moyens	O	O	O	O	O	O	_	_	_	_	_	_
dont	O	O	O	O	O	O	_	_	_	_	_	_
on	O	O	O	O	O	O	_	_	_	_	_	_
fait	O	O	O	O	O	O	_	_	_	_	_	_
abus	O	O	O	O	O	O	_	_	NoSpaceAfter	_	_	_
.	O	O	O	O	O	O	_	_	EndOfLine	_	_	_
# segment_iiif_link = https://iiif.eluxemburgensia.lu/iiif/2/ark:%2f70795%2f5sxp1n%2fpages%2f1/2032,1278,829,45/full/0/default.jpg
Le	O	O	O	O	O	O	_	_	_	_	_	_
Courrie	O	O	O	O	O	O	_	_	NoSpaceAfter	_	_	_
-	O	O	O	O	O	O	_	_	_	_	_	_
aime	O	O	O	O	O	O	_	_	_	_	_	_
le	O	O	O	O	O	O	_	_	_	_	_	_
calme	O	O	O	O	O	O	_	_	NoSpaceAfter	_	_	_
,	O	O	O	O	O	O	_	_	_	_	_	_
l	O	O	O	O	O	O	_	_	NoSpaceAfter	_	_	_
'	O	O	O	O	O	O	_	_	NoSpaceAfter	_	_	_
ordre	O	O	O	O	O	O	_	_	NoSpaceAfter	_	_	_
,	O	O	O	O	O	O	_	_	_	_	_	_
la	O	O	O	O	O	O	_	_	_	_	_	_
modération	O	O	O	O	O	O	_	_	NoSpaceAfter	_	_	_
:	O	O	O	O	O	O	_	_	EndOfLine	_	_	_
# segment_iiif_link = https://iiif.eluxemburgensia.lu/iiif/2/ark:%2f70795%2f5sxp1n%2fpages%2f1/1990,1321,875,49/full/0/default.jpg
l	O	O	O	O	O	O	_	_	NoSpaceAfter	_	_	_
'	O	O	O	O	O	O	_	_	NoSpaceAfter	_	_	_
exaltation	O	O	O	O	O	O	_	_	_	_	_	_
en	O	O	O	O	O	O	_	_	_	_	_	_
religion	O	O	O	O	O	O	_	_	_	_	_	_
comme	O	O	O	O	O	O	_	_	_	_	_	_
en	O	O	O	O	O	O	_	_	_	_	_	_
toutes	O	O	O	O	O	O	_	_	_	_	_	_
choses	O	O	O	O	O	O	_	_	_	_	_	_
lui	O	O	O	O	O	O	_	_	EndOfLine	_	_	_
# segment_iiif_link = https://iiif.eluxemburgensia.lu/iiif/2/ark:%2f70795%2f5sxp1n%2fpages%2f1/1990,1370,876,58/full/0/default.jpg
parait	O	O	O	O	O	O	_	_	_	_	_	_
un	O	O	O	O	O	O	_	_	_	_	_	_
mal	O	O	O	O	O	O	_	_	NoSpaceAfter	_	_	_
;	O	O	O	O	O	O	_	_	_	_	_	_
il	O	O	O	O	O	O	_	_	_	_	_	_
aime	O	O	O	O	O	O	_	_	_	_	_	_
l	O	O	O	O	O	O	_	_	NoSpaceAfter	_	_	_
'	O	O	O	O	O	O	_	_	NoSpaceAfter	_	_	_
instruction	O	O	O	O	O	O	_	_	NoSpaceAfter	_	_	_
,	O	O	O	O	O	O	_	_	_	_	_	_
non	O	O	O	O	O	O	_	_	_	_	_	_
de	O	O	O	O	O	O	_	_	_	_	_	_
celles	O	O	O	O	O	O	_	_	EndOfLine	_	_	_
# segment_iiif_link = https://iiif.eluxemburgensia.lu/iiif/2/ark:%2f70795%2f5sxp1n%2fpages%2f1/1990,1415,875,60/full/0/default.jpg
qui	O	O	O	O	O	O	_	_	_	_	_	_
éblouissent	O	O	O	O	O	O	_	_	NoSpaceAfter	_	_	_
,	O	O	O	O	O	O	_	_	_	_	_	_
mais	O	O	O	O	O	O	_	_	_	_	_	_
de	O	O	O	O	O	O	_	_	_	_	_	_
celles	O	O	O	O	O	O	_	_	_	_	_	_
qui	O	O	O	O	O	O	_	_	_	_	_	_
éclairent	O	O	O	O	O	O	_	_	_	_	_	_
l	O	O	O	O	O	O	_	_	NoSpaceAfter	_	_	_
'	O	O	O	O	O	O	_	_	NoSpaceAfter	_	_	_
homme	O	O	O	O	O	O	_	_	EndOfLine	_	_	_
# segment_iiif_link = https://iiif.eluxemburgensia.lu/iiif/2/ark:%2f70795%2f5sxp1n%2fpages%2f1/1991,1472,409,37/full/0/default.jpg
sur	O	O	O	O	O	O	_	_	_	_	_	_
le	O	O	O	O	O	O	_	_	_	_	_	_
chemin	O	O	O	O	O	O	_	_	_	_	_	_
de	O	O	O	O	O	O	_	_	_	_	_	_
la	O	O	O	O	O	O	_	_	_	_	_	_
vie	O	O	O	O	O	O	_	_	NoSpaceAfter	_	_	_
.	O	O	O	O	O	O	_	_	EndOfLine	_	_	_
# segment_iiif_link = https://iiif.eluxemburgensia.lu/iiif/2/ark:%2f70795%2f5sxp1n%2fpages%2f1/2033,1508,818,48/full/0/default.jpg
Il	O	O	O	O	O	O	_	_	_	_	_	_
aime	O	O	O	O	O	O	_	_	_	_	_	_
la	O	O	O	O	O	O	_	_	_	_	_	_
religion	O	O	O	O	O	O	_	_	NoSpaceAfter	_	_	_
,	O	O	O	O	O	O	_	_	_	_	_	_
enseigne	O	O	O	O	O	O	_	_	_	_	_	_
le	O	O	O	O	O	O	_	_	_	_	_	_
plus	O	O	O	O	O	O	_	_	_	_	_	_
profond	O	O	O	O	O	O	_	_	EndOfLine	_	_	_
# segment_iiif_link = https://iiif.eluxemburgensia.lu/iiif/2/ark:%2f70795%2f5sxp1n%2fpages%2f1/1992,1560,874,51/full/0/default.jpg
respect	O	O	O	O	O	O	_	_	_	_	_	_
pour	O	O	O	O	O	O	_	_	_	_	_	_
elle	O	O	O	O	O	O	_	_	NoSpaceAfter	_	_	_
'	O	O	O	O	O	O	_	_	NoSpaceAfter	_	_	_
,	O	O	O	O	O	O	_	_	_	_	_	_
non	O	O	O	O	O	O	_	_	_	_	_	_
pas	O	O	O	O	O	O	_	_	_	_	_	_
seulement	O	O	O	O	O	O	_	_	_	_	_	_
parce	O	O	O	O	O	O	_	_	_	_	_	_
qu	O	O	O	O	O	O	_	_	NoSpaceAfter	_	_	_
'	O	O	O	O	O	O	_	_	NoSpaceAfter	_	_	_
elle	O	O	O	O	O	O	_	_	_	_	_	_
est	O	O	O	O	O	O	_	_	EndOfLine	_	_	_
# segment_iiif_link = https://iiif.eluxemburgensia.lu/iiif/2/ark:%2f70795%2f5sxp1n%2fpages%2f1/1992,1604,871,43/full/0/default.jpg
notre	O	O	O	O	O	O	_	_	_	_	_	_
foi	O	O	O	O	O	O	_	_	NoSpaceAfter	_	_	_
,	O	O	O	O	O	O	_	_	_	_	_	_
non	O	O	O	O	O	O	_	_	_	_	_	_
pas	O	O	O	O	O	O	_	_	_	_	_	_
seulement	O	O	O	O	O	O	_	_	_	_	_	_
parce	O	O	O	O	O	O	_	_	_	_	_	_
qu	O	O	O	O	O	O	_	_	NoSpaceAfter	_	_	_
'	O	O	O	O	O	O	_	_	NoSpaceAfter	_	_	_
elle	O	O	O	O	O	O	_	_	_	_	_	_
encourage	O	O	O	O	O	O	_	_	NoSpaceAfter	_	_	_
,	O	O	O	O	O	O	_	_	EndOfLine	_	_	_
# segment_iiif_link = https://iiif.eluxemburgensia.lu/iiif/2/ark:%2f70795%2f5sxp1n%2fpages%2f1/1991,1644,876,49/full/0/default.jpg
soutient	O	O	O	O	O	O	_	_	_	_	_	_
et	O	O	O	O	O	O	_	_	_	_	_	_
qu	O	O	O	O	O	O	_	_	NoSpaceAfter	_	_	_
'	O	O	O	O	O	O	_	_	NoSpaceAfter	_	_	_
elle	O	O	O	O	O	O	_	_	_	_	_	_
console	O	O	O	O	O	O	_	_	NoSpaceAfter	_	_	_
,	O	O	O	O	O	O	_	_	_	_	_	_
mais	O	O	O	O	O	O	_	_	_	_	_	_
encore	O	O	O	O	O	O	_	_	_	_	_	_
parce	O	O	O	O	O	O	_	_	_	_	_	_
qu	O	O	O	O	O	O	_	_	NoSpaceAfter	_	_	_
'	O	O	O	O	O	O	_	_	NoSpaceAfter	_	_	_
elle	O	O	O	O	O	O	_	_	EndOfLine	_	_	_
# segment_iiif_link = https://iiif.eluxemburgensia.lu/iiif/2/ark:%2f70795%2f5sxp1n%2fpages%2f1/1990,1696,864,42/full/0/default.jpg
est	O	O	O	O	O	O	_	_	_	_	_	_
un	O	O	O	O	O	O	_	_	_	_	_	_
principe	O	O	O	O	O	O	_	_	_	_	_	_
absolu	O	O	O	O	O	O	_	_	_	_	_	_
d	O	O	O	O	O	O	_	_	NoSpaceAfter	_	_	_
'	O	O	O	O	O	O	_	_	NoSpaceAfter	_	_	_
existence	O	O	O	O	O	O	_	_	_	_	_	_
sociale	O	O	O	O	O	O	_	_	_	_	_	_
et	O	O	O	O	O	O	_	_	_	_	_	_
de	O	O	O	O	O	O	_	_	EndOfLine	_	_	_
# segment_iiif_link = https://iiif.eluxemburgensia.lu/iiif/2/ark:%2f70795%2f5sxp1n%2fpages%2f1/2799,1696,55,50/full/0/default.jpg
civilisal	O	O	O	O	O	O	_	_	EndOfLine|NoSpaceAfter	_	_	_
# segment_iiif_link = https://iiif.eluxemburgensia.lu/iiif/2/ark:%2f70795%2f5sxp1n%2fpages%2f1/2033,1783,833,47/full/0/default.jpg
ion	O	O	O	O	O	O	_	_	NoSpaceAfter	_	_	_
.	O	O	O	O	O	O	_	_	_	_	_	_
Le	O	O	O	O	O	O	_	_	_	_	_	_
Courrier	O	O	O	O	O	O	_	_	_	_	_	_
a	O	O	O	O	O	O	_	_	_	_	_	_
écrit	O	O	O	O	O	O	_	_	_	_	_	_
:	O	O	O	O	O	O	_	_	_	_	_	_
Un	O	O	O	O	O	O	_	_	_	_	_	_
peuple	O	O	O	O	O	O	_	_	_	_	_	_
ne	O	O	O	O	O	O	_	_	_	_	_	_
peut	O	O	O	O	O	O	_	_	_	_	_	_
exister	O	O	O	O	O	O	_	_	EndOfLine	_	_	_
# segment_iiif_link = https://iiif.eluxemburgensia.lu/iiif/2/ark:%2f70795%2f5sxp1n%2fpages%2f1/1988,1837,228,40/full/0/default.jpg
sans	O	O	O	O	O	O	_	_	_	_	_	_
religion	O	O	O	O	O	O	_	_	NoSpaceAfter	_	_	_
.	O	O	O	O	O	O	_	_	EndOfLine	_	_	_
# segment_iiif_link = https://iiif.eluxemburgensia.lu/iiif/2/ark:%2f70795%2f5sxp1n%2fpages%2f1/2030,1875,822,48/full/0/default.jpg
Nous	O	O	O	O	O	O	_	_	_	_	_	_
aimons	O	O	O	O	O	O	_	_	_	_	_	_
la	O	O	O	O	O	O	_	_	_	_	_	_
religion	O	O	O	O	O	O	_	_	_	_	_	_
,	O	O	O	O	O	O	_	_	_	_	_	_
et	O	O	O	O	O	O	_	_	_	_	_	_
pour	O	O	O	O	O	O	_	_	_	_	_	_
les	O	O	O	O	O	O	_	_	_	_	_	_
doux	O	O	O	O	O	O	_	_	EndOfLine	_	_	_
# segment_iiif_link = https://iiif.eluxemburgensia.lu/iiif/2/ark:%2f70795%2f5sxp1n%2fpages%2f1/1988,1919,879,48/full/0/default.jpg
bienfaits	O	O	O	O	O	O	_	_	_	_	_	_
qu	O	O	O	O	O	O	_	_	NoSpaceAfter	_	_	_
'	O	O	O	O	O	O	_	_	NoSpaceAfter	_	_	_
elle	O	O	O	O	O	O	_	_	_	_	_	_
répand	O	O	O	O	O	O	_	_	_	_	_	_
sur	O	O	O	O	O	O	_	_	_	_	_	_
notre	O	O	O	O	O	O	_	_	_	_	_	_
vie	O	O	O	O	O	O	_	_	NoSpaceAfter	_	_	_
,	O	O	O	O	O	O	_	_	_	_	_	_
par	O	O	O	O	O	O	_	_	_	_	_	_
l	O	O	O	O	O	O	_	_	NoSpaceAfter	_	_	_
'	O	O	O	O	O	O	_	_	NoSpaceAfter	_	_	_
espoir	O	O	O	O	O	O	_	_	_	_	_	_
de	O	O	O	O	O	O	_	_	EndOfLine	_	_	_
# segment_iiif_link = https://iiif.eluxemburgensia.lu/iiif/2/ark:%2f70795%2f5sxp1n%2fpages%2f1/1986,1963,881,54/full/0/default.jpg
l	O	O	O	O	O	O	_	_	NoSpaceAfter	_	_	_
'	O	O	O	O	O	O	_	_	NoSpaceAfter	_	_	_
éternité	O	O	O	O	O	O	_	_	NoSpaceAfter	_	_	_
,	O	O	O	O	O	O	_	_	_	_	_	_
par	O	O	O	O	O	O	_	_	_	_	_	_
la	O	O	O	O	O	O	_	_	_	_	_	_
bienfaisance	O	O	O	O	O	O	_	_	NoSpaceAfter	_	_	_
,	O	O	O	O	O	O	_	_	_	_	_	_
par	O	O	O	O	O	O	_	_	_	_	_	_
la	O	O	O	O	O	O	_	_	_	_	_	_
morale	O	O	O	O	O	O	_	_	NoSpaceAfter	_	_	_
,	O	O	O	O	O	O	_	_	_	_	_	_
parla	O	O	O	O	O	O	_	_	EndOfLine	_	_	_
# segment_iiif_link = https://iiif.eluxemburgensia.lu/iiif/2/ark:%2f70795%2f5sxp1n%2fpages%2f1/1988,2009,820,55/full/0/default.jpg
famille	O	O	O	O	O	O	_	_	NoSpaceAfter	_	_	_
,	O	O	O	O	O	O	_	_	_	_	_	_
et	O	O	O	O	O	O	_	_	_	_	_	_
nous	O	O	O	O	O	O	_	_	_	_	_	_
l	O	O	O	O	O	O	_	_	NoSpaceAfter	_	_	_
'	O	O	O	O	O	O	_	_	NoSpaceAfter	_	_	_
aimons	O	O	O	O	O	O	_	_	_	_	_	_
encore	O	O	O	O	O	O	_	_	_	_	_	_
comme	O	O	O	O	O	O	_	_	_	_	_	_
citoyen	O	O	O	O	O	O	_	_	NoSpaceAfter	_	_	_
.	O	O	O	O	O	O	_	_	EndOfLine	_	_	_
# segment_iiif_link = https://iiif.eluxemburgensia.lu/iiif/2/ark:%2f70795%2f5sxp1n%2fpages%2f1/2030,2057,837,50/full/0/default.jpg
Nous	O	O	O	O	O	O	_	_	_	_	_	_
respectons	O	O	O	O	O	O	_	_	_	_	_	_
et	O	O	O	O	O	O	_	_	_	_	_	_
nous	O	O	O	O	O	O	_	_	_	_	_	_
vénérons	O	O	O	O	O	O	_	_	_	_	_	_
le	O	O	O	O	O	O	_	_	_	_	_	_
clergé	O	O	O	O	O	O	_	_	NoSpaceAfter	_	_	_
,	O	O	O	O	O	O	_	_	_	_	_	_
et	O	O	O	O	O	O	_	_	EndOfLine	_	_	_
# segment_iiif_link = https://iiif.eluxemburgensia.lu/iiif/2/ark:%2f70795%2f5sxp1n%2fpages%2f1/1990,2108,879,57/full/0/default.jpg
peut	O	O	O	O	O	O	_	_	NoSpaceAfter	_	_	_
-	O	O	O	O	O	O	_	_	NoSpaceAfter	_	_	_
être	O	O	O	O	O	O	_	_	_	_	_	_
plus	O	O	O	O	O	O	_	_	_	_	_	_
que	O	O	O	O	O	O	_	_	_	_	_	_
les	O	O	O	O	O	O	_	_	_	_	_	_
autres	O	O	O	O	O	O	_	_	NoSpaceAfter	_	_	_
,	O	O	O	O	O	O	_	_	_	_	_	_
ces	O	O	O	O	O	O	_	_	_	_	_	_
hommes	O	O	O	O	O	O	_	_	_	_	_	_
hardis	O	O	O	O	O	O	_	_	_	_	_	_
et	O	O	O	O	O	O	_	_	EndOfLine	_	_	_
# segment_iiif_link = https://iiif.eluxemburgensia.lu/iiif/2/ark:%2f70795%2f5sxp1n%2fpages%2f1/1991,2153,878,60/full/0/default.jpg
dévoués	O	O	O	O	O	O	_	_	NoSpaceAfter	_	_	_
,	O	O	O	O	O	O	_	_	_	_	_	_
qui	O	O	O	O	O	O	_	_	_	_	_	_
aux	O	O	O	O	O	O	_	_	_	_	_	_
austérités	O	O	O	O	O	O	_	_	_	_	_	_
de	O	O	O	O	O	O	_	_	_	_	_	_
la	O	O	O	O	O	O	_	_	_	_	_	_
vie	O	O	O	O	O	O	_	_	_	_	_	_
commune	O	O	O	O	O	O	_	_	_	_	_	_
k	O	O	O	O	O	O	_	_	EndOfLine	_	_	_
# segment_iiif_link = https://iiif.eluxemburgensia.lu/iiif/2/ark:%2f70795%2f5sxp1n%2fpages%2f1/1991,2207,875,43/full/0/default.jpg
tous	O	O	O	O	O	O	_	_	_	_	_	_
les	O	O	O	O	O	O	_	_	_	_	_	_
prêtres	O	O	O	O	O	O	_	_	NoSpaceAfter	_	_	_
,	O	O	O	O	O	O	_	_	_	_	_	_
joignent	O	O	O	O	O	O	_	_	_	_	_	_
encore	O	O	O	O	O	O	_	_	_	_	_	_
une	O	O	O	O	O	O	_	_	_	_	_	_
sainte	O	O	O	O	O	O	_	_	_	_	_	_
ardeur	O	O	O	O	O	O	_	_	NoSpaceAfter	_	_	_
,	O	O	O	O	O	O	_	_	EndOfLine	_	_	_
# segment_iiif_link = https://iiif.eluxemburgensia.lu/iiif/2/ark:%2f70795%2f5sxp1n%2fpages%2f1/1990,2246,611,55/full/0/default.jpg
qui	O	O	O	O	O	O	_	_	_	_	_	_
les	O	O	O	O	O	O	_	_	_	_	_	_
livre	O	O	O	O	O	O	_	_	_	_	_	_
à	O	O	O	O	O	O	_	_	_	_	_	_
un	O	O	O	O	O	O	_	_	_	_	_	_
combat	O	O	O	O	O	O	_	_	_	_	_	_
perpétuel	O	O	O	O	O	O	_	_	NoSpaceAfter	_	_	_
.	O	O	O	O	O	O	_	_	EndOfLine	_	_	_
# segment_iiif_link = https://iiif.eluxemburgensia.lu/iiif/2/ark:%2f70795%2f5sxp1n%2fpages%2f1/2031,2287,822,47/full/0/default.jpg
Mais	O	O	O	O	O	O	_	_	_	_	_	_
pour	O	O	O	O	O	O	_	_	_	_	_	_
nous	O	O	O	O	O	O	_	_	NoSpaceAfter	_	_	_
,	O	O	O	O	O	O	_	_	_	_	_	_
il	O	O	O	O	O	O	_	_	_	_	_	_
faut	O	O	O	O	O	O	_	_	_	_	_	_
enseigner	O	O	O	O	O	O	_	_	NoSpaceAfter	_	_	_
,	O	O	O	O	O	O	_	_	_	_	_	_
et	O	O	O	O	O	O	_	_	_	_	_	_
non	O	O	O	O	O	O	_	_	EndOfLine	_	_	_
# segment_iiif_link = https://iiif.eluxemburgensia.lu/iiif/2/ark:%2f70795%2f5sxp1n%2fpages%2f1/1987,2329,878,57/full/0/default.jpg
fanatiser	O	O	O	O	O	O	_	_	NoSpaceAfter	_	_	_
,	O	O	O	O	O	O	_	_	_	_	_	_
il	O	O	O	O	O	O	_	_	_	_	_	_
faut	O	O	O	O	O	O	_	_	_	_	_	_
calmer	O	O	O	O	O	O	_	_	NoSpaceAfter	_	_	_
,	O	O	O	O	O	O	_	_	_	_	_	_
et	O	O	O	O	O	O	_	_	_	_	_	_
non	O	O	O	O	O	O	_	_	_	_	_	_
irriter	O	O	O	O	O	O	_	_	NoSpaceAfter	_	_	_
,	O	O	O	O	O	O	_	_	_	_	_	_
rassurer	O	O	O	O	O	O	_	_	_	_	_	_
et	O	O	O	O	O	O	_	_	_	_	_	_
non	O	O	O	O	O	O	_	_	EndOfLine	_	_	_
# segment_iiif_link = https://iiif.eluxemburgensia.lu/iiif/2/ark:%2f70795%2f5sxp1n%2fpages%2f1/1987,2378,881,61/full/0/default.jpg
effrayer	O	O	O	O	O	O	_	_	NoSpaceAfter	_	_	_
,	O	O	O	O	O	O	_	_	_	_	_	_
conduire	O	O	O	O	O	O	_	_	_	_	_	_
et	O	O	O	O	O	O	_	_	_	_	_	_
non	O	O	O	O	O	O	_	_	_	_	_	_
égarer	O	O	O	O	O	O	_	_	NoSpaceAfter	_	_	_
,	O	O	O	O	O	O	_	_	_	_	_	_
être	O	O	O	O	O	O	_	_	_	_	_	_
une	O	O	O	O	O	O	_	_	_	_	_	_
espérance	O	O	O	O	O	O	_	_	EndOfLine	_	_	_
# segment_iiif_link = https://iiif.eluxemburgensia.lu/iiif/2/ark:%2f70795%2f5sxp1n%2fpages%2f1/1988,2433,391,44/full/0/default.jpg
et	O	O	O	O	O	O	_	_	_	_	_	_
non	O	O	O	O	O	O	_	_	_	_	_	_
pas	O	O	O	O	O	O	_	_	_	_	_	_
un	O	O	O	O	O	O	_	_	_	_	_	_
danger	O	O	O	O	O	O	_	_	NoSpaceAfter	_	_	_
.	O	O	O	O	O	O	_	_	EndOfLine	_	_	_
# segment_iiif_link = https://iiif.eluxemburgensia.lu/iiif/2/ark:%2f70795%2f5sxp1n%2fpages%2f1/2032,2476,819,48/full/0/default.jpg
En	O	O	O	O	O	O	_	_	_	_	_	_
quoi	O	O	O	O	O	O	_	_	_	_	_	_
donc	O	O	O	O	O	O	_	_	_	_	_	_
avons	O	O	O	O	O	O	_	_	NoSpaceAfter	_	_	_
-	O	O	O	O	O	O	_	_	NoSpaceAfter	_	_	_
nous	O	O	O	O	O	O	_	_	_	_	_	_
heurté	O	O	O	O	O	O	_	_	_	_	_	_
le	O	O	O	O	O	O	_	_	_	_	_	_
sentiment	O	O	O	O	O	O	_	_	EndOfLine	_	_	_
# segment_iiif_link = https://iiif.eluxemburgensia.lu/iiif/2/ark:%2f70795%2f5sxp1n%2fpages%2f1/1988,2519,428,60/full/0/default.jpg
religieux	O	O	O	O	O	O	_	_	NoSpaceAfter	_	_	_
?	O	O	O	O	O	O	_	_	_	_	_	_
est	O	O	O	O	O	O	_	_	NoSpaceAfter	_	_	_
-	O	O	O	O	O	O	_	_	NoSpaceAfter	_	_	_
ce	O	O	O	O	O	O	_	_	_	_	_	_
en	O	O	O	O	O	O	_	_	_	_	_	_
disant	O	O	O	O	O	O	_	_	_	_	_	_
:	O	O	O	O	O	O	_	_	EndOfLine	_	_	_
# segment_iiif_link = https://iiif.eluxemburgensia.lu/iiif/2/ark:%2f70795%2f5sxp1n%2fpages%2f1/2032,2583,833,32/full/0/default.jpg
<	O	O	O	O	O	O	_	_	NoSpaceAfter	_	_	_
«	O	O	O	O	O	O	_	_	_	_	_	_
Point	O	O	O	O	O	O	_	_	_	_	_	_
de	O	O	O	O	O	O	_	_	_	_	_	_
doute	O	O	O	O	O	O	_	_	NoSpaceAfter	_	_	_
,	O	O	O	O	O	O	_	_	_	_	_	_
et	O	O	O	O	O	O	_	_	_	_	_	_
à	O	O	O	O	O	O	_	_	_	_	_	_
Septfontaines	O	O	O	O	O	O	_	_	_	_	_	_
et	O	O	O	O	O	O	_	_	_	_	_	_
ailleurs	O	O	O	O	O	O	_	_	NoSpaceAfter	_	_	_
,	O	O	O	O	O	O	_	_	_	_	_	_
la	O	O	O	O	O	O	_	_	EndOfLine	_	_	_
# segment_iiif_link = https://iiif.eluxemburgensia.lu/iiif/2/ark:%2f70795%2f5sxp1n%2fpages%2f1/1987,2612,879,53/full/0/default.jpg
»	O	O	O	O	O	O	_	_	NoSpaceAfter	_	_	_
liberté	O	O	O	O	O	O	_	_	NoSpaceAfter	_	_	_
,	O	O	O	O	O	O	_	_	_	_	_	_
que	O	O	O	O	O	O	_	_	_	_	_	_
l	O	O	O	O	O	O	_	_	NoSpaceAfter	_	_	_
'	O	O	O	O	O	O	_	_	NoSpaceAfter	_	_	_
Etat	O	O	O	O	O	O	_	_	_	_	_	_
entend	O	O	O	O	O	O	_	_	_	_	_	_
laisser	O	O	O	O	O	O	_	_	_	_	_	_
ä	O	O	O	O	O	O	_	_	_	_	_	_
l	O	O	O	O	O	O	_	_	NoSpaceAfter	_	_	_
'	O	O	O	O	O	O	_	_	NoSpaceAfter	_	_	_
Eglise	O	O	O	O	O	O	_	_	NoSpaceAfter	_	_	_
,	O	O	O	O	O	O	_	_	_	_	_	_
autorise	O	O	O	O	O	O	_	_	EndOfLine	_	_	_
# segment_iiif_link = https://iiif.eluxemburgensia.lu/iiif/2/ark:%2f70795%2f5sxp1n%2fpages%2f1/1987,2661,880,50/full/0/default.jpg
»	O	O	O	O	O	O	_	_	NoSpaceAfter	_	_	_
les	O	O	O	O	O	O	_	_	_	_	_	_
missions	O	O	O	O	O	O	_	_	_	_	_	_
partout	O	O	O	O	O	O	_	_	NoSpaceAfter	_	_	_
,	O	O	O	O	O	O	_	_	_	_	_	_
tant	O	O	O	O	O	O	_	_	_	_	_	_
qu	O	O	O	O	O	O	_	_	NoSpaceAfter	_	_	_
'	O	O	O	O	O	O	_	_	NoSpaceAfter	_	_	_
elles	O	O	O	O	O	O	_	_	_	_	_	_
ne	O	O	O	O	O	O	_	_	_	_	_	_
deviennent	O	O	O	O	O	O	_	_	_	_	_	_
pas	O	O	O	O	O	O	_	_	EndOfLine	_	_	_
# segment_iiif_link = https://iiif.eluxemburgensia.lu/iiif/2/ark:%2f70795%2f5sxp1n%2fpages%2f1/1988,2721,863,34/full/0/default.jpg
»	O	O	O	O	O	O	_	_	_	_	_	_
un	O	O	O	O	O	O	_	_	_	_	_	_
sujet	O	O	O	O	O	O	_	_	_	_	_	_
de	O	O	O	O	O	O	_	_	_	_	_	_
trouble	O	O	O	O	O	O	_	_	_	_	_	_
ou	O	O	O	O	O	O	_	_	_	_	_	_
de	O	O	O	O	O	O	_	_	_	_	_	_
scandale	O	O	O	O	O	O	_	_	_	_	_	_
:	O	O	O	O	O	O	_	_	_	_	_	_
l	O	O	O	O	O	O	_	_	NoSpaceAfter	_	_	_
'	O	O	O	O	O	O	_	_	NoSpaceAfter	_	_	_
ordre	O	O	O	O	O	O	_	_	_	_	_	_
public	O	O	O	O	O	O	_	_	EndOfLine	_	_	_
# segment_iiif_link = https://iiif.eluxemburgensia.lu/iiif/2/ark:%2f70795%2f5sxp1n%2fpages%2f1/1988,2757,877,47/full/0/default.jpg
»	O	O	O	O	O	O	_	_	NoSpaceAfter	_	_	_
le	O	O	O	O	O	O	_	_	_	_	_	_
premier	O	O	O	O	O	O	_	_	_	_	_	_
des	O	O	O	O	O	O	_	_	_	_	_	_
droits	O	O	O	O	O	O	_	_	_	_	_	_
et	O	O	O	O	O	O	_	_	_	_	_	_
des	O	O	O	O	O	O	_	_	_	_	_	_
devoirs	O	O	O	O	O	O	_	_	NoSpaceAfter	_	_	_
,	O	O	O	O	O	O	_	_	_	_	_	_
doit	O	O	O	O	O	O	_	_	_	_	_	_
intervenir	O	O	O	O	O	O	_	_	EndOfLine	_	_	_
# segment_iiif_link = https://iiif.eluxemburgensia.lu/iiif/2/ark:%2f70795%2f5sxp1n%2fpages%2f1/1988,2804,135,48/full/0/default.jpg
»	O	O	O	O	O	O	_	_	NoSpaceAfter	_	_	_
alors	O	O	O	O	O	O	_	_	NoSpaceAfter	_	_	_
.	O	O	O	O	O	O	_	_	_	EndOfSentence	_	_
»	O	O	O	O	O	O	_	_	EndOfLine	_	_	_
# segment_iiif_link = https://iiif.eluxemburgensia.lu/iiif/2/ark:%2f70795%2f5sxp1n%2fpages%2f1/2027,2855,838,48/full/0/default.jpg
Et	O	O	O	O	O	O	_	_	_	_	_	_
qui	O	O	O	O	O	O	_	_	_	_	_	_
oserait	O	O	O	O	O	O	_	_	_	_	_	_
donc	O	O	O	O	O	O	_	_	_	_	_	_
douler	O	O	O	O	O	O	_	_	_	_	_	_
de	O	O	O	O	O	O	_	_	_	_	_	_
cette	O	O	O	O	O	O	_	_	_	_	_	_
vérité	O	O	O	O	O	O	_	_	_	_	_	_
,	O	O	O	O	O	O	_	_	_	_	_	_
que	O	O	O	O	O	O	_	_	_	_	_	_
si	O	O	O	O	O	O	_	_	EndOfLine	_	_	_
# segment_iiif_link = https://iiif.eluxemburgensia.lu/iiif/2/ark:%2f70795%2f5sxp1n%2fpages%2f1/1988,2902,877,49/full/0/default.jpg
les	O	O	O	O	O	O	_	_	_	_	_	_
missions	O	O	O	O	O	O	_	_	NoSpaceAfter	_	_	_
,	O	O	O	O	O	O	_	_	_	_	_	_
que	O	O	O	O	O	O	_	_	_	_	_	_
des	O	O	O	O	O	O	_	_	_	_	_	_
étrangers	O	O	O	O	O	O	_	_	_	_	_	_
viennent	O	O	O	O	O	O	_	_	_	_	_	_
prêcher	O	O	O	O	O	O	_	_	_	_	_	_
au	O	O	O	O	O	O	_	_	EndOfLine	_	_	_
# segment_iiif_link = https://iiif.eluxemburgensia.lu/iiif/2/ark:%2f70795%2f5sxp1n%2fpages%2f1/1987,2948,865,50/full/0/default.jpg
milieu	O	O	O	O	O	O	_	_	_	_	_	_
de	O	O	O	O	O	O	_	_	_	_	_	_
nous	O	O	O	O	O	O	_	_	NoSpaceAfter	_	_	_
,	O	O	O	O	O	O	_	_	_	_	_	_
dussent	O	O	O	O	O	O	_	_	_	_	_	_
y	O	O	O	O	O	O	_	_	_	_	_	_
être	O	O	O	O	O	O	_	_	_	_	_	_
une	O	O	O	O	O	O	_	_	_	_	_	_
cause	O	O	O	O	O	O	_	_	_	_	_	_
de	O	O	O	O	O	O	_	_	_	_	_	_
trouble	O	O	O	O	O	O	_	_	EndOfLine	_	_	_
# segment_iiif_link = https://iiif.eluxemburgensia.lu/iiif/2/ark:%2f70795%2f5sxp1n%2fpages%2f1/1986,2994,666,49/full/0/default.jpg
le	O	O	O	O	O	O	_	_	_	_	_	_
devoir	O	O	O	O	O	O	_	_	_	_	_	_
de	O	O	O	O	O	O	_	_	_	_	_	_
l	O	O	O	O	O	O	_	_	NoSpaceAfter	_	_	_
'	O	O	O	O	O	O	_	_	NoSpaceAfter	_	_	_
Etat	O	O	O	O	O	O	_	_	_	_	_	_
serait	O	O	O	O	O	O	_	_	_	_	_	_
de	O	O	O	O	O	O	_	_	_	_	_	_
les	O	O	O	O	O	O	_	_	_	_	_	_
arrêter	O	O	O	O	O	O	_	_	NoSpaceAfter	_	_	_
.	O	O	O	O	O	O	_	_	EndOfLine	EndOfSentence	_	_
# segment_iiif_link = https://iiif.eluxemburgensia.lu/iiif/2/ark:%2f70795%2f5sxp1n%2fpages%2f1/2029,3042,834,45/full/0/default.jpg
Nous	O	O	O	O	O	O	_	_	_	_	_	_
nous	O	O	O	O	O	O	_	_	_	_	_	_
livrons	O	O	O	O	O	O	_	_	_	_	_	_
ainsi	O	O	O	O	O	O	_	_	_	_	_	_
à	O	O	O	O	O	O	_	_	_	_	_	_
la	O	O	O	O	O	O	_	_	_	_	_	_
critique	O	O	O	O	O	O	_	_	NoSpaceAfter	_	_	_
,	O	O	O	O	O	O	_	_	_	_	_	_
mais	O	O	O	O	O	O	_	_	_	_	_	_
que	O	O	O	O	O	O	_	_	EndOfLine	_	_	_
# segment_iiif_link = https://iiif.eluxemburgensia.lu/iiif/2/ark:%2f70795%2f5sxp1n%2fpages%2f1/1985,3085,864,49/full/0/default.jpg
l	O	O	O	O	O	O	_	_	NoSpaceAfter	_	_	_
'	O	O	O	O	O	O	_	_	NoSpaceAfter	_	_	_
on	O	O	O	O	O	O	_	_	_	_	_	_
y	O	O	O	O	O	O	_	_	_	_	_	_
prenne	O	O	O	O	O	O	_	_	_	_	_	_
garde	O	O	O	O	O	O	_	_	NoSpaceAfter	_	_	_
,	O	O	O	O	O	O	_	_	_	_	_	_
la	O	O	O	O	O	O	_	_	_	_	_	_
raison	O	O	O	O	O	O	_	_	_	_	_	_
humaine	O	O	O	O	O	O	_	_	_	_	_	_
a	O	O	O	O	O	O	_	_	_	_	_	_
une	O	O	O	O	O	O	_	_	EndOfLine	_	_	_
# segment_iiif_link = https://iiif.eluxemburgensia.lu/iiif/2/ark:%2f70795%2f5sxp1n%2fpages%2f1/1986,3129,859,60/full/0/default.jpg
atmosphère	O	O	O	O	O	O	_	_	_	_	_	_
qu	O	O	O	O	O	O	_	_	NoSpaceAfter	_	_	_
'	O	O	O	O	O	O	_	_	NoSpaceAfter	_	_	_
il	O	O	O	O	O	O	_	_	_	_	_	_
ne	O	O	O	O	O	O	_	_	_	_	_	_
faut	O	O	O	O	O	O	_	_	_	_	_	_
pas	O	O	O	O	O	O	_	_	_	_	_	_
traverser	O	O	O	O	O	O	_	_	NoSpaceAfter	_	_	_
,	O	O	O	O	O	O	_	_	_	_	_	_
l	O	O	O	O	O	O	_	_	NoSpaceAfter	_	_	_
'	O	O	O	O	O	O	_	_	NoSpaceAfter	_	_	_
exaltation	O	O	O	O	O	O	_	_	EndOfLine	_	_	_
# segment_iiif_link = https://iiif.eluxemburgensia.lu/iiif/2/ark:%2f70795%2f5sxp1n%2fpages%2f1/1985,3179,322,47/full/0/default.jpg
entraine	O	O	O	O	O	O	_	_	_	_	_	_
dans	O	O	O	O	O	O	_	_	_	_	_	_
le	O	O	O	O	O	O	_	_	_	_	_	_
vide	O	O	O	O	O	O	_	_	NoSpaceAfter	_	_	_
.	O	O	O	O	O	O	_	_	EndOfLine	EndOfSentence	_	_
# segment_iiif_link = https://iiif.eluxemburgensia.lu/iiif/2/ark:%2f70795%2f5sxp1n%2fpages%2f1/2025,3224,587,48/full/0/default.jpg
Nous	O	O	O	O	O	O	_	_	_	_	_	_
ne	O	O	O	O	O	O	_	_	_	_	_	_
cachons	O	O	O	O	O	O	_	_	_	_	_	_
pas	O	O	O	O	O	O	_	_	_	_	_	_
notre	O	O	O	O	O	O	_	_	_	_	_	_
pensée	O	O	O	O	O	O	_	_	NoSpaceAfter	_	_	_
.	O	O	O	O	O	O	_	_	EndOfLine	EndOfSentence	_	_
# segment_iiif_link = https://iiif.eluxemburgensia.lu/iiif/2/ark:%2f70795%2f5sxp1n%2fpages%2f1/2024,3267,819,48/full/0/default.jpg
Nous	O	O	O	O	O	O	_	_	_	_	_	_
voyons	O	O	O	O	O	O	_	_	_	_	_	_
à	O	O	O	O	O	O	_	_	_	_	_	_
regret	O	O	O	O	O	O	_	_	_	_	_	_
la	O	O	O	O	O	O	_	_	_	_	_	_
mission	O	O	O	O	O	O	_	_	_	_	_	_
s	O	O	O	O	O	O	_	_	NoSpaceAfter	_	_	_
'	O	O	O	O	O	O	_	_	NoSpaceAfter	_	_	_
implanter	O	O	O	O	O	O	_	_	EndOfLine	_	_	_
# segment_iiif_link = https://iiif.eluxemburgensia.lu/iiif/2/ark:%2f70795%2f5sxp1n%2fpages%2f1/2775,3276,68,49/full/0/default.jpg
che	O	O	O	O	O	O	_	_	NoSpaceAfter	_	_	_
*	O	O	O	O	O	O	_	_	NoSpaceAfter	_	_	_
n	O	O	O	O	O	O	_	_	EndOfLine|NoSpaceAfter	_	_	_
# segment_iiif_link = https://iiif.eluxemburgensia.lu/iiif/2/ark:%2f70795%2f5sxp1n%2fpages%2f1/2023,3359,834,50/full/0/default.jpg
ous	O	O	O	O	O	O	_	_	NoSpaceAfter	_	_	_
.	O	O	O	O	O	O	_	_	_	EndOfSentence	_	_
Parce	O	O	O	O	O	O	_	_	_	_	_	_
qu	O	O	O	O	O	O	_	_	NoSpaceAfter	_	_	_
'	O	O	O	O	O	O	_	_	NoSpaceAfter	_	_	_
elle	O	O	O	O	O	O	_	_	_	_	_	_
y	O	O	O	O	O	O	_	_	_	_	_	_
vient	O	O	O	O	O	O	_	_	_	_	_	_
comme	O	O	O	O	O	O	_	_	_	_	_	_
une	O	O	O	O	O	O	_	_	_	_	_	_
accusation	O	O	O	O	O	O	_	_	_	_	_	_
contre	O	O	O	O	O	O	_	_	EndOfLine	_	_	_
# segment_iiif_link = https://iiif.eluxemburgensia.lu/iiif/2/ark:%2f70795%2f5sxp1n%2fpages%2f1/1983,3407,875,50/full/0/default.jpg
le	O	O	O	O	O	O	_	_	_	_	_	_
sentiment	O	O	O	O	O	O	_	_	_	_	_	_
religieux	O	O	O	O	O	O	_	_	_	_	_	_
du	O	O	O	O	O	O	_	_	_	_	_	_
pays	O	O	O	O	O	O	_	_	NoSpaceAfter	_	_	_
,	O	O	O	O	O	O	_	_	_	_	_	_
parce	O	O	O	O	O	O	_	_	_	_	_	_
qu	O	O	O	O	O	O	_	_	NoSpaceAfter	_	_	_
'	O	O	O	O	O	O	_	_	NoSpaceAfter	_	_	_
elle	O	O	O	O	O	O	_	_	_	_	_	_
y	O	O	O	O	O	O	_	_	_	_	_	_
vient	O	O	O	O	O	O	_	_	EndOfLine	_	_	_
# segment_iiif_link = https://iiif.eluxemburgensia.lu/iiif/2/ark:%2f70795%2f5sxp1n%2fpages%2f1/1981,3465,861,41/full/0/default.jpg
comme	O	O	O	O	O	O	_	_	_	_	_	_
si	O	O	O	O	O	O	_	_	_	_	_	_
des	O	O	O	O	O	O	_	_	_	_	_	_
moyens	O	O	O	O	O	O	_	_	_	_	_	_
héroïques	O	O	O	O	O	O	_	_	_	_	_	_
étaient	O	O	O	O	O	O	_	_	EndOfLine	_	_	_
# segment_iiif_link = https://iiif.eluxemburgensia.lu/iiif/2/ark:%2f70795%2f5sxp1n%2fpages%2f1/1981,3504,877,49/full/0/default.jpg
indispensables	O	O	O	O	O	O	_	_	_	_	_	_
pour	O	O	O	O	O	O	_	_	_	_	_	_
vaincre	O	O	O	O	O	O	_	_	_	_	_	_
son	O	O	O	O	O	O	_	_	_	_	_	_
indifférence	O	O	O	O	O	O	_	_	NoSpaceAfter	_	_	_
,	O	O	O	O	O	O	_	_	_	_	_	_
parce	O	O	O	O	O	O	_	_	_	_	_	_
qu	O	O	O	O	O	O	_	_	NoSpaceAfter	_	_	_
'	O	O	O	O	O	O	_	_	NoSpaceAfter	_	_	_
elle	O	O	O	O	O	O	_	_	EndOfLine	_	_	_
# segment_iiif_link = https://iiif.eluxemburgensia.lu/iiif/2/ark:%2f70795%2f5sxp1n%2fpages%2f1/1981,3550,877,60/full/0/default.jpg
s	O	O	O	O	O	O	_	_	NoSpaceAfter	_	_	_
'	O	O	O	O	O	O	_	_	NoSpaceAfter	_	_	_
y	O	O	O	O	O	O	_	_	_	_	_	_
présente	O	O	O	O	O	O	_	_	_	_	_	_
comme	O	O	O	O	O	O	_	_	_	_	_	_
un	O	O	O	O	O	O	_	_	_	_	_	_
appui	O	O	O	O	O	O	_	_	_	_	_	_
dont	O	O	O	O	O	O	_	_	_	_	_	_
la	O	O	O	O	O	O	_	_	_	_	_	_
religion	O	O	O	O	O	O	_	_	_	_	_	_
aurait	O	O	O	O	O	O	_	_	EndOfLine	_	_	_
# segment_iiif_link = https://iiif.eluxemburgensia.lu/iiif/2/ark:%2f70795%2f5sxp1n%2fpages%2f1/1981,3596,465,51/full/0/default.jpg
besoin	O	O	O	O	O	O	_	_	_	_	_	_
dans	O	O	O	O	O	O	_	_	_	_	_	_
le	O	O	O	O	O	O	_	_	_	_	_	_
Luxembourg	O	O	O	O	O	O	_	_	NoSpaceAfter	_	_	_
.	O	O	O	O	O	O	_	_	EndOfLine	EndOfSentence	_	_
# segment_iiif_link = https://iiif.eluxemburgensia.lu/iiif/2/ark:%2f70795%2f5sxp1n%2fpages%2f1/2023,3643,828,50/full/0/default.jpg
Voilà	O	O	O	O	O	O	_	_	_	_	_	_
ce	O	O	O	O	O	O	_	_	_	_	_	_
qui	O	O	O	O	O	O	_	_	_	_	_	_
ressort	O	O	O	O	O	O	_	_	_	_	_	_
des	O	O	O	O	O	O	_	_	_	_	_	_
articles	O	O	O	O	O	O	_	_	_	_	_	_
violents	O	O	O	O	O	O	_	_	_	_	_	_
que	O	O	O	O	O	O	_	_	_	_	_	_
la	O	O	O	O	O	O	_	_	EndOfLine	_	_	_
# segment_iiif_link = https://iiif.eluxemburgensia.lu/iiif/2/ark:%2f70795%2f5sxp1n%2fpages%2f1/1983,3700,869,50/full/0/default.jpg
presse	O	O	O	O	O	O	_	_	_	_	_	_
cléricale	O	O	O	O	O	O	_	_	_	_	_	_
jelte	O	O	O	O	O	O	_	_	_	_	_	_
dans	O	O	O	O	O	O	_	_	_	_	_	_
le	O	O	O	O	O	O	_	_	_	_	_	_
pays	O	O	O	O	O	O	_	_	NoSpaceAfter	_	_	_
,	O	O	O	O	O	O	_	_	_	_	_	_
violents	O	O	O	O	O	O	_	_	_	_	_	_
contre	O	O	O	O	O	O	_	_	EndOfLine	_	_	_
# segment_iiif_link = https://iiif.eluxemburgensia.lu/iiif/2/ark:%2f70795%2f5sxp1n%2fpages%2f1/1981,3738,696,49/full/0/default.jpg
les	O	O	O	O	O	O	_	_	_	_	_	_
opinions	O	O	O	O	O	O	_	_	NoSpaceAfter	_	_	_
,	O	O	O	O	O	O	_	_	_	_	_	_
violents	O	O	O	O	O	O	_	_	_	_	_	_
contre	O	O	O	O	O	O	_	_	_	_	_	_
les	O	O	O	O	O	O	_	_	_	_	_	_
hommes	O	O	O	O	O	O	_	_	NoSpaceAfter	_	_	_
.	O	O	O	O	O	O	_	_	EndOfLine	EndOfSentence	_	_
# segment_iiif_link = https://iiif.eluxemburgensia.lu/iiif/2/ark:%2f70795%2f5sxp1n%2fpages%2f1/2024,3783,812,48/full/0/default.jpg
Nous	O	O	O	O	O	O	_	_	_	_	_	_
les	O	O	O	O	O	O	_	_	_	_	_	_
avons	O	O	O	O	O	O	_	_	_	_	_	_
laissé	O	O	O	O	O	O	_	_	_	_	_	_
passer	O	O	O	O	O	O	_	_	NoSpaceAfter	_	_	_
,	O	O	O	O	O	O	_	_	_	_	_	_
parce	O	O	O	O	O	O	_	_	_	_	_	_
que	O	O	O	O	O	O	_	_	_	_	_	_
nous	O	O	O	O	O	O	_	_	EndOfLine	_	_	_
# segment_iiif_link = https://iiif.eluxemburgensia.lu/iiif/2/ark:%2f70795%2f5sxp1n%2fpages%2f1/1981,3839,855,41/full/0/default.jpg
savons	O	O	O	O	O	O	_	_	_	_	_	_
que	O	O	O	O	O	O	_	_	_	_	_	_
le	O	O	O	O	O	O	_	_	_	_	_	_
bon	O	O	O	O	O	O	_	_	_	_	_	_
sens	O	O	O	O	O	O	_	_	_	_	_	_
du	O	O	O	O	O	O	_	_	_	_	_	_
pays	O	O	O	O	O	O	_	_	_	_	_	_
en	O	O	O	O	O	O	_	_	_	_	_	_
écartera	O	O	O	O	O	O	_	_	EndOfLine	_	_	_
# segment_iiif_link = https://iiif.eluxemburgensia.lu/iiif/2/ark:%2f70795%2f5sxp1n%2fpages%2f1/1983,3883,517,45/full/0/default.jpg
soigneusement	O	O	O	O	O	O	_	_	_	_	_	_
tout	O	O	O	O	O	O	_	_	_	_	_	_
ce	O	O	O	O	O	O	_	_	_	_	_	_
qu	O	O	O	O	O	O	_	_	NoSpaceAfter	_	_	_
'	O	O	O	O	O	O	_	_	NoSpaceAfter	_	_	_
il	O	O	O	O	O	O	_	_	_	_	_	_
faut	O	O	O	O	O	O	_	_	_	_	_	_
rejeter	O	O	O	O	O	O	_	_	NoSpaceAfter	_	_	_
.	O	O	O	O	O	O	_	_	EndOfLine	EndOfSentence	_	_
# segment_iiif_link = https://iiif.eluxemburgensia.lu/iiif/2/ark:%2f70795%2f5sxp1n%2fpages%2f1/2024,3926,829,58/full/0/default.jpg
Toujours	O	O	O	O	O	O	_	_	_	_	_	_
est	O	O	O	O	O	O	_	_	NoSpaceAfter	_	_	_
-	O	O	O	O	O	O	_	_	NoSpaceAfter	_	_	_
il	O	O	O	O	O	O	_	_	_	_	_	_
cependant	O	O	O	O	O	O	_	_	NoSpaceAfter	_	_	_
,	O	O	O	O	O	O	_	_	_	_	_	_
que	O	O	O	O	O	O	_	_	_	_	_	_
nous	O	O	O	O	O	O	_	_	NoSpaceAfter	_	_	_
,	O	O	O	O	O	O	_	_	_	_	_	_
si	O	O	O	O	O	O	_	_	_	_	_	_
dévoués	O	O	O	O	O	O	_	_	_	_	_	_
à	O	O	O	O	O	O	_	_	EndOfLine	_	_	_
# segment_iiif_link = https://iiif.eluxemburgensia.lu/iiif/2/ark:%2f70795%2f5sxp1n%2fpages%2f1/1984,3972,856,51/full/0/default.jpg
l	O	O	O	O	O	O	_	_	NoSpaceAfter	_	_	_
'	O	O	O	O	O	O	_	_	NoSpaceAfter	_	_	_
ordre	O	O	O	O	O	O	_	_	_	_	_	_
et	O	O	O	O	O	O	_	_	_	_	_	_
à	O	O	O	O	O	O	_	_	_	_	_	_
la	O	O	O	O	O	O	_	_	_	_	_	_
paix	O	O	O	O	O	O	_	_	NoSpaceAfter	_	_	_
,	O	O	O	O	O	O	_	_	_	_	_	_
nous	O	O	O	O	O	O	_	_	_	_	_	_
voyons	O	O	O	O	O	O	_	_	_	_	_	_
devant	O	O	O	O	O	O	_	_	_	_	_	_
nous	O	O	O	O	O	O	_	_	EndOfLine	_	_	_
# segment_iiif_link = https://iiif.eluxemburgensia.lu/iiif/2/ark:%2f70795%2f5sxp1n%2fpages%2f1/1984,4029,858,53/full/0/default.jpg
quelques	O	O	O	O	O	O	_	_	_	_	_	_
hommes	O	O	O	O	O	O	_	_	_	_	_	_
devenant	O	O	O	O	O	O	_	_	_	_	_	_
de	O	O	O	O	O	O	_	_	_	_	_	_
jour	O	O	O	O	O	O	_	_	_	_	_	_
en	O	O	O	O	O	O	_	_	_	_	_	_
jour	O	O	O	O	O	O	_	_	NoSpaceAfter	_	_	_
,	O	O	O	O	O	O	_	_	_	_	_	_
plus	O	O	O	O	O	O	_	_	EndOfLine	_	_	_
# segment_iiif_link = https://iiif.eluxemburgensia.lu/iiif/2/ark:%2f70795%2f5sxp1n%2fpages%2f1/1983,4070,871,58/full/0/default.jpg
injustes	O	O	O	O	O	O	_	_	NoSpaceAfter	_	_	_
,	O	O	O	O	O	O	_	_	_	_	_	_
plus	O	O	O	O	O	O	_	_	_	_	_	_
aggressifs	O	O	O	O	O	O	_	_	NoSpaceAfter	_	_	_
.	O	O	O	O	O	O	_	_	_	EndOfSentence	_	_
plus	O	O	O	O	O	O	_	_	_	_	_	_
tracassiers	O	O	O	O	O	O	_	_	NoSpaceAfter	_	_	_
,	O	O	O	O	O	O	_	_	_	_	_	_
plus	O	O	O	O	O	O	_	_	_	_	_	_
ardents	O	O	O	O	O	O	_	_	NoSpaceAfter	_	_	_
.	O	O	O	O	O	O	_	_	EndOfLine	EndOfSentence	_	_
# segment_iiif_link = https://iiif.eluxemburgensia.lu/iiif/2/ark:%2f70795%2f5sxp1n%2fpages%2f1/2027,4112,829,51/full/0/default.jpg
Chercher	O	O	O	O	O	O	_	_	_	_	_	_
à	O	O	O	O	O	O	_	_	_	_	_	_
désaffectionner	O	O	O	O	O	O	_	_	_	_	_	_
le	O	O	O	O	O	O	_	_	_	_	_	_
peuple	O	O	O	O	O	O	_	_	_	_	_	_
du	O	O	O	O	O	O	_	_	_	_	_	_
pouvoir	O	O	O	O	O	O	_	_	EndOfLine	_	_	_
# segment_iiif_link = https://iiif.eluxemburgensia.lu/iiif/2/ark:%2f70795%2f5sxp1n%2fpages%2f1/1987,4159,869,56/full/0/default.jpg
temporel	O	O	O	O	O	O	_	_	NoSpaceAfter	_	_	_
,	O	O	O	O	O	O	_	_	_	_	_	_
et	O	O	O	O	O	O	_	_	_	_	_	_
des	O	O	O	O	O	O	_	_	_	_	_	_
hommes	O	O	O	O	O	O	_	_	_	_	_	_
qui	O	O	O	O	O	O	_	_	_	_	_	_
l	O	O	O	O	O	O	_	_	NoSpaceAfter	_	_	_
'	O	O	O	O	O	O	_	_	NoSpaceAfter	_	_	_
exercent	O	O	O	O	O	O	_	_	NoSpaceAfter	_	_	_
,	O	O	O	O	O	O	_	_	_	_	_	_
ce	O	O	O	O	O	O	_	_	_	_	_	_
n	O	O	O	O	O	O	_	_	NoSpaceAfter	_	_	_
'	O	O	O	O	O	O	_	_	NoSpaceAfter	_	_	_
est	O	O	O	O	O	O	_	_	EndOfLine	_	_	_
# segment_iiif_link = https://iiif.eluxemburgensia.lu/iiif/2/ark:%2f70795%2f5sxp1n%2fpages%2f2/207,203,878,50/full/0/default.jpg
pas	O	O	O	O	O	O	_	_	_	_	_	_
à	O	O	O	O	O	O	_	_	_	_	_	_
nos	O	O	O	O	O	O	_	_	_	_	_	_
yeux	O	O	O	O	O	O	_	_	_	_	_	_
se	O	O	O	O	O	O	_	_	_	_	_	_
montrer	O	O	O	O	O	O	_	_	_	_	_	_
amis	O	O	O	O	O	O	_	_	_	_	_	_
de	O	O	O	O	O	O	_	_	_	_	_	_
son	O	O	O	O	O	O	_	_	_	_	_	_
pays	O	O	O	O	O	O	_	_	NoSpaceAfter	_	_	_
,	O	O	O	O	O	O	_	_	_	_	_	_
et	O	O	O	O	O	O	_	_	_	_	_	_
cela	O	O	O	O	O	O	_	_	EndOfLine	_	_	_
# segment_iiif_link = https://iiif.eluxemburgensia.lu/iiif/2/ark:%2f70795%2f5sxp1n%2fpages%2f2/206,248,879,43/full/0/default.jpg
est	O	O	O	O	O	O	_	_	_	_	_	_
d	O	O	O	O	O	O	_	_	NoSpaceAfter	_	_	_
'	O	O	O	O	O	O	_	_	NoSpaceAfter	_	_	_
autant	O	O	O	O	O	O	_	_	_	_	_	_
plus	O	O	O	O	O	O	_	_	_	_	_	_
dangereux	O	O	O	O	O	O	_	_	_	_	_	_
quand	O	O	O	O	O	O	_	_	_	_	_	_
celui	O	O	O	O	O	O	_	_	_	_	_	_
qui	O	O	O	O	O	O	_	_	_	_	_	_
le	O	O	O	O	O	O	_	_	_	_	_	_
fait	O	O	O	O	O	O	_	_	NoSpaceAfter	_	_	_
,	O	O	O	O	O	O	_	_	EndOfLine	_	_	_
# segment_iiif_link = https://iiif.eluxemburgensia.lu/iiif/2/ark:%2f70795%2f5sxp1n%2fpages%2f2/210,298,598,40/full/0/default.jpg
se	O	O	O	O	O	O	_	_	_	_	_	_
croit	O	O	O	O	O	O	_	_	_	_	_	_
en	O	O	O	O	O	O	_	_	_	_	_	_
droit	O	O	O	O	O	O	_	_	_	_	_	_
d	O	O	O	O	O	O	_	_	NoSpaceAfter	_	_	_
'	O	O	O	O	O	O	_	_	NoSpaceAfter	_	_	_
être	O	O	O	O	O	O	_	_	_	_	_	_
plus	O	O	O	O	O	O	_	_	_	_	_	_
écoulé	O	O	O	O	O	O	_	_	NoSpaceAfter	_	_	_
.	O	O	O	O	O	O	_	_	EndOfLine	EndOfSentence	_	_
# segment_iiif_link = https://iiif.eluxemburgensia.lu/iiif/2/ark:%2f70795%2f5sxp1n%2fpages%2f2/251,336,837,49/full/0/default.jpg
Nous	O	O	O	O	O	O	_	_	_	_	_	_
ne	O	O	O	O	O	O	_	_	_	_	_	_
le	O	O	O	O	O	O	_	_	_	_	_	_
cachons	O	O	O	O	O	O	_	_	_	_	_	_
pas	O	O	O	O	O	O	_	_	NoSpaceAfter	_	_	_
,	O	O	O	O	O	O	_	_	_	_	_	_
nous	O	O	O	O	O	O	_	_	_	_	_	_
ramenons	O	O	O	O	O	O	_	_	NoSpaceAfter	_	_	_
,	O	O	O	O	O	O	_	_	_	_	_	_
quant	O	O	O	O	O	O	_	_	EndOfLine	_	_	_
# segment_iiif_link = https://iiif.eluxemburgensia.lu/iiif/2/ark:%2f70795%2f5sxp1n%2fpages%2f2/209,383,880,45/full/0/default.jpg
à	O	O	O	O	O	O	_	_	_	_	_	_
nous	O	O	O	O	O	O	_	_	NoSpaceAfter	_	_	_
,	O	O	O	O	O	O	_	_	_	_	_	_
tout	O	O	O	O	O	O	_	_	_	_	_	_
à	O	O	O	O	O	O	_	_	_	_	_	_
un	O	O	O	O	O	O	_	_	_	_	_	_
premier	O	O	O	O	O	O	_	_	_	_	_	_
sentiment	O	O	O	O	O	O	_	_	NoSpaceAfter	_	_	_
,	O	O	O	O	O	O	_	_	_	_	_	_
la	O	O	O	O	O	O	_	_	_	_	_	_
Patrie	O	O	O	O	O	O	_	_	NoSpaceAfter	_	_	_
,	O	O	O	O	O	O	_	_	_	_	_	_
et	O	O	O	O	O	O	_	_	EndOfLine	_	_	_
# segment_iiif_link = https://iiif.eluxemburgensia.lu/iiif/2/ark:%2f70795%2f5sxp1n%2fpages%2f2/211,439,879,40/full/0/default.jpg
nous	O	O	O	O	O	O	_	_	_	_	_	_
craignons	O	O	O	O	O	O	_	_	NoSpaceAfter	_	_	_
,	O	O	O	O	O	O	_	_	_	_	_	_
n	O	O	O	O	O	O	_	_	NoSpaceAfter	_	_	_
'	O	O	O	O	O	O	_	_	NoSpaceAfter	_	_	_
importent	O	O	O	O	O	O	_	_	_	_	_	_
d	O	O	O	O	O	O	_	_	NoSpaceAfter	_	_	_
'	O	O	O	O	O	O	_	_	NoSpaceAfter	_	_	_
où	O	O	O	O	O	O	_	_	_	_	_	_
ils	O	O	O	O	O	O	_	_	_	_	_	_
viennent	O	O	O	O	O	O	_	_	NoSpaceAfter	_	_	_
,	O	O	O	O	O	O	_	_	_	_	_	_
les	O	O	O	O	O	O	_	_	EndOfLine	_	_	_
# segment_iiif_link = https://iiif.eluxemburgensia.lu/iiif/2/ark:%2f70795%2f5sxp1n%2fpages%2f2/210,477,694,48/full/0/default.jpg
faits	O	O	O	O	O	O	_	_	_	_	_	_
qui	O	O	O	O	O	O	_	_	_	_	_	_
peuvent	O	O	O	O	O	O	_	_	_	_	_	_
troubler	O	O	O	O	O	O	_	_	_	_	_	_
sa	O	O	O	O	O	O	_	_	_	_	_	_
tranquillité	O	O	O	O	O	O	_	_	NoSpaceAfter	_	_	_
.	O	O	O	O	O	O	_	_	EndOfLine	EndOfSentence	_	_
# segment_iiif_link = https://iiif.eluxemburgensia.lu/iiif/2/ark:%2f70795%2f5sxp1n%2fpages%2f2/251,524,826,47/full/0/default.jpg
Nous	O	O	O	O	O	O	_	_	_	_	_	_
avons	O	O	O	O	O	O	_	_	_	_	_	_
voulu	O	O	O	O	O	O	_	_	_	_	_	_
nous	O	O	O	O	O	O	_	_	_	_	_	_
taire	O	O	O	O	O	O	_	_	_	_	_	_
alors	O	O	O	O	O	O	_	_	NoSpaceAfter	_	_	_
,	O	O	O	O	O	O	_	_	_	_	_	_
niais	O	O	O	O	O	O	_	_	_	_	_	_
il	O	O	O	O	O	O	_	_	_	_	_	_
est	O	O	O	O	O	O	_	_	EndOfLine	_	_	_
# segment_iiif_link = https://iiif.eluxemburgensia.lu/iiif/2/ark:%2f70795%2f5sxp1n%2fpages%2f2/210,569,882,48/full/0/default.jpg
certain	O	O	O	O	O	O	_	_	_	_	_	_
que	O	O	O	O	O	O	_	_	_	_	_	_
des	O	O	O	O	O	O	_	_	_	_	_	_
actes	O	O	O	O	O	O	_	_	_	_	_	_
du	O	O	O	O	O	O	_	_	_	_	_	_
genre	O	O	O	O	O	O	_	_	_	_	_	_
de	O	O	O	O	O	O	_	_	_	_	_	_
l	O	O	O	O	O	O	_	_	NoSpaceAfter	_	_	_
'	O	O	O	O	O	O	_	_	NoSpaceAfter	_	_	_
achat	O	O	O	O	O	O	_	_	_	_	_	_
du	O	O	O	O	O	O	_	_	_	_	_	_
jardin	O	O	O	O	O	O	_	_	EndOfLine	_	_	_
# segment_iiif_link = https://iiif.eluxemburgensia.lu/iiif/2/ark:%2f70795%2f5sxp1n%2fpages%2f2/209,614,883,51/full/0/default.jpg
Scheuer	O	O	O	O	O	O	_	_	_	_	_	_
étaient	O	O	O	O	O	O	_	_	_	_	_	_
de	O	O	O	O	O	O	_	_	_	_	_	_
nature	O	O	O	O	O	O	_	_	_	_	_	_
à	O	O	O	O	O	O	_	_	_	_	_	_
jeter	O	O	O	O	O	O	_	_	_	_	_	_
l	O	O	O	O	O	O	_	_	NoSpaceAfter	_	_	_
'	O	O	O	O	O	O	_	_	NoSpaceAfter	_	_	_
inquiétude	O	O	O	O	O	O	_	_	_	_	_	_
dans	O	O	O	O	O	O	_	_	EndOfLine	_	_	_
# segment_iiif_link = https://iiif.eluxemburgensia.lu/iiif/2/ark:%2f70795%2f5sxp1n%2fpages%2f2/209,665,867,45/full/0/default.jpg
les	O	O	O	O	O	O	_	_	_	_	_	_
esprits	O	O	O	O	O	O	_	_	NoSpaceAfter	_	_	_
,	O	O	O	O	O	O	_	_	_	_	_	_
et	O	O	O	O	O	O	_	_	_	_	_	_
quand	O	O	O	O	O	O	_	_	_	_	_	_
des	O	O	O	O	O	O	_	_	_	_	_	_
actes	O	O	O	O	O	O	_	_	_	_	_	_
de	O	O	O	O	O	O	_	_	_	_	_	_
ce	O	O	O	O	O	O	_	_	_	_	_	_
genre	O	O	O	O	O	O	_	_	_	_	_	_
sont	O	O	O	O	O	O	_	_	EndOfLine	_	_	_
# segment_iiif_link = https://iiif.eluxemburgensia.lu/iiif/2/ark:%2f70795%2f5sxp1n%2fpages%2f2/207,718,872,40/full/0/default.jpg
encore	O	O	O	O	O	O	_	_	_	_	_	_
soutenus	O	O	O	O	O	O	_	_	_	_	_	_
avec	O	O	O	O	O	O	_	_	_	_	_	_
une	O	O	O	O	O	O	_	_	_	_	_	_
audace	O	O	O	O	O	O	_	_	_	_	_	_
incroyable	O	O	O	O	O	O	_	_	_	_	_	_
de	O	O	O	O	O	O	_	_	EndOfLine	_	_	_
# segment_iiif_link = https://iiif.eluxemburgensia.lu/iiif/2/ark:%2f70795%2f5sxp1n%2fpages%2f2/207,764,885,48/full/0/default.jpg
langage	O	O	O	O	O	O	_	_	_	_	_	_
,	O	O	O	O	O	O	_	_	_	_	_	_
tous	O	O	O	O	O	O	_	_	_	_	_	_
les	O	O	O	O	O	O	_	_	_	_	_	_
hommes	O	O	O	O	O	O	_	_	_	_	_	_
bien	O	O	O	O	O	O	_	_	_	_	_	_
pensants	O	O	O	O	O	O	_	_	_	_	_	_
sont	O	O	O	O	O	O	_	_	_	_	_	_
autorisés	O	O	O	O	O	O	_	_	NoSpaceAfter	_	_	_
,	O	O	O	O	O	O	_	_	EndOfLine	_	_	_
# segment_iiif_link = https://iiif.eluxemburgensia.lu/iiif/2/ark:%2f70795%2f5sxp1n%2fpages%2f2/206,810,873,38/full/0/default.jpg
comme	O	O	O	O	O	O	_	_	_	_	_	_
nous	O	O	O	O	O	O	_	_	_	_	_	_
l	O	O	O	O	O	O	_	_	NoSpaceAfter	_	_	_
'	O	O	O	O	O	O	_	_	NoSpaceAfter	_	_	_
avons	O	O	O	O	O	O	_	_	_	_	_	_
écrit	O	O	O	O	O	O	_	_	NoSpaceAfter	_	_	_
,	O	O	O	O	O	O	_	_	_	_	_	_
à	O	O	O	O	O	O	_	_	_	_	_	_
penser	O	O	O	O	O	O	_	_	NoSpaceAfter	_	_	_
,	O	O	O	O	O	O	_	_	_	_	_	_
qu	O	O	O	O	O	O	_	_	NoSpaceAfter	_	_	_
'	O	O	O	O	O	O	_	_	NoSpaceAfter	_	_	_
il	O	O	O	O	O	O	_	_	_	_	_	_
est	O	O	O	O	O	O	_	_	_	_	_	_
du	O	O	O	O	O	O	_	_	EndOfLine	_	_	_
# segment_iiif_link = https://iiif.eluxemburgensia.lu/iiif/2/ark:%2f70795%2f5sxp1n%2fpages%2f2/207,846,888,50/full/0/default.jpg
devoir	O	O	O	O	O	O	_	_	_	_	_	_
de	O	O	O	O	O	O	_	_	_	_	_	_
l	O	O	O	O	O	O	_	_	NoSpaceAfter	_	_	_
'	O	O	O	O	O	O	_	_	NoSpaceAfter	_	_	_
autorité	O	O	O	O	O	O	_	_	_	_	_	_
publique	O	O	O	O	O	O	_	_	_	_	_	_
de	O	O	O	O	O	O	_	_	_	_	_	_
veiller	O	O	O	O	O	O	_	_	NoSpaceAfter	_	_	_
,	O	O	O	O	O	O	_	_	_	_	_	_
à	O	O	O	O	O	O	_	_	_	_	_	_
ce	O	O	O	O	O	O	_	_	_	_	_	_
que	O	O	O	O	O	O	_	_	_	_	_	_
les	O	O	O	O	O	O	_	_	EndOfLine	_	_	_
# segment_iiif_link = https://iiif.eluxemburgensia.lu/iiif/2/ark:%2f70795%2f5sxp1n%2fpages%2f2/206,892,874,58/full/0/default.jpg
pratiques	O	O	O	O	O	O	_	_	_	_	_	_
religieuses	O	O	O	O	O	O	_	_	NoSpaceAfter	_	_	_
,	O	O	O	O	O	O	_	_	_	_	_	_
même	O	O	O	O	O	O	_	_	_	_	_	_
les	O	O	O	O	O	O	_	_	_	_	_	_
missions	O	O	O	O	O	O	_	_	NoSpaceAfter	_	_	_
,	O	O	O	O	O	O	_	_	_	_	_	_
ne	O	O	O	O	O	O	_	_	EndOfLine	_	_	_
# segment_iiif_link = https://iiif.eluxemburgensia.lu/iiif/2/ark:%2f70795%2f5sxp1n%2fpages%2f2/210,947,886,42/full/0/default.jpg
deviennent	O	O	O	O	O	O	_	_	_	_	_	_
pas	O	O	O	O	O	O	_	_	_	_	_	_
plus	O	O	O	O	O	O	_	_	_	_	_	_
que	O	O	O	O	O	O	_	_	_	_	_	_
leurs	O	O	O	O	O	O	_	_	_	_	_	_
auteurs	O	O	O	O	O	O	_	_	NoSpaceAfter	_	_	_
,	O	O	O	O	O	O	_	_	_	_	_	_
un	O	O	O	O	O	O	_	_	_	_	_	_
sujet	O	O	O	O	O	O	_	_	_	_	_	_
de	O	O	O	O	O	O	_	_	EndOfLine	_	_	_
# segment_iiif_link = https://iiif.eluxemburgensia.lu/iiif/2/ark:%2f70795%2f5sxp1n%2fpages%2f2/214,985,559,50/full/0/default.jpg
trouble	O	O	O	O	O	O	_	_	_	_	_	_
et	O	O	O	O	O	O	_	_	_	_	_	_
de	O	O	O	O	O	O	_	_	_	_	_	_
danger	O	O	O	O	O	O	_	_	_	_	_	_
dans	O	O	O	O	O	O	_	_	_	_	_	_
l	O	O	O	O	O	O	_	_	NoSpaceAfter	_	_	_
'	O	O	O	O	O	O	_	_	NoSpaceAfter	_	_	_
Etat	O	O	O	O	O	O	_	_	NoSpaceAfter	_	_	_
.	O	O	O	O	O	O	_	_	EndOfLine	EndOfSentence	_	_
# segment_iiif_link = https://iiif.eluxemburgensia.lu/iiif/2/ark:%2f70795%2f5sxp1n%2fpages%2f2/252,1032,826,49/full/0/default.jpg
Il	O	O	O	O	O	O	_	_	_	_	_	_
nous	O	O	O	O	O	O	_	_	_	_	_	_
semble	O	O	O	O	O	O	_	_	_	_	_	_
au	O	O	O	O	O	O	_	_	_	_	_	_
surplus	O	O	O	O	O	O	_	_	NoSpaceAfter	_	_	_
,	O	O	O	O	O	O	_	_	_	_	_	_
que	O	O	O	O	O	O	_	_	_	_	_	_
le	O	O	O	O	O	O	_	_	_	_	_	_
clergé	O	O	O	O	O	O	_	_	EndOfLine	_	_	_
# segment_iiif_link = https://iiif.eluxemburgensia.lu/iiif/2/ark:%2f70795%2f5sxp1n%2fpages%2f2/212,1080,884,58/full/0/default.jpg
Luxembourgeois	O	O	O	O	O	O	_	_	_	_	_	_
est	O	O	O	O	O	O	_	_	_	_	_	_
assez	O	O	O	O	O	O	_	_	_	_	_	_
zélé	O	O	O	O	O	O	_	_	_	_	_	_
et	O	O	O	O	O	O	_	_	_	_	_	_
assez	O	O	O	O	O	O	_	_	_	_	_	_
instruit	O	O	O	O	O	O	_	_	NoSpaceAfter	_	_	_
,	O	O	O	O	O	O	_	_	_	_	_	_
le	O	O	O	O	O	O	_	_	_	_	_	_
pays	O	O	O	O	O	O	_	_	EndOfLine	_	_	_
# segment_iiif_link = https://iiif.eluxemburgensia.lu/iiif/2/ark:%2f70795%2f5sxp1n%2fpages%2f2/209,1136,889,37/full/0/default.jpg
assez	O	O	O	O	O	O	_	_	_	_	_	_
religieux	O	O	O	O	O	O	_	_	_	_	_	_
et	O	O	O	O	O	O	_	_	_	_	_	_
assez	O	O	O	O	O	O	_	_	_	_	_	_
docile	O	O	O	O	O	O	_	_	NoSpaceAfter	_	_	_
,	O	O	O	O	O	O	_	_	_	_	_	_
pour	O	O	O	O	O	O	_	_	_	_	_	_
ne	O	O	O	O	O	O	_	_	_	_	_	_
pas	O	O	O	O	O	O	_	_	_	_	_	_
avoir	O	O	O	O	O	O	_	_	EndOfLine	_	_	_
# segment_iiif_link = https://iiif.eluxemburgensia.lu/iiif/2/ark:%2f70795%2f5sxp1n%2fpages%2f2/214,1171,882,49/full/0/default.jpg
besoin	O	O	O	O	O	O	_	_	_	_	_	_
de	O	O	O	O	O	O	_	_	_	_	_	_
désirer	O	O	O	O	O	O	_	_	_	_	_	_
au	O	O	O	O	O	O	_	_	_	_	_	_
milieu	O	O	O	O	O	O	_	_	_	_	_	_
de	O	O	O	O	O	O	_	_	_	_	_	_
nous	O	O	O	O	O	O	_	_	_	_	_	_
une	O	O	O	O	O	O	_	_	_	_	_	_
Maison	O	O	O	O	O	O	_	_	_	_	_	_
de	O	O	O	O	O	O	_	_	EndOfLine	_	_	_
# segment_iiif_link = https://iiif.eluxemburgensia.lu/iiif/2/ark:%2f70795%2f5sxp1n%2fpages%2f2/209,1218,886,54/full/0/default.jpg
mission	O	O	O	O	O	O	_	_	NoSpaceAfter	_	_	_
,	O	O	O	O	O	O	_	_	_	_	_	_
comme	O	O	O	O	O	O	_	_	_	_	_	_
si	O	O	O	O	O	O	_	_	_	_	_	_
nous	O	O	O	O	O	O	_	_	_	_	_	_
étions	O	O	O	O	O	O	_	_	_	_	_	_
des	O	O	O	O	O	O	_	_	_	_	_	_
incorrigibles	O	O	O	O	O	O	_	_	_	_	_	_
à	O	O	O	O	O	O	_	_	EndOfLine	_	_	_
# segment_iiif_link = https://iiif.eluxemburgensia.lu/iiif/2/ark:%2f70795%2f5sxp1n%2fpages%2f2/209,1266,99,49/full/0/default.jpg
la	O	O	O	O	O	O	_	_	_	_	_	_
foi	O	O	O	O	O	O	_	_	NoSpaceAfter	_	_	_
.	O	O	O	O	O	O	_	_	EndOfLine	EndOfSentence	_	_
# segment_iiif_link = https://iiif.eluxemburgensia.lu/iiif/2/ark:%2f70795%2f5sxp1n%2fpages%2f2/253,1368,826,48/full/0/default.jpg
Dans	O	O	O	O	O	O	_	_	_	_	_	_
notre	O	O	O	O	O	O	_	_	_	_	_	_
précédent	O	O	O	O	O	O	_	_	_	_	_	_
article	O	O	O	O	O	O	_	_	NoSpaceAfter	_	_	_
,	O	O	O	O	O	O	_	_	_	_	_	_
nous	O	O	O	O	O	O	_	_	_	_	_	_
n	O	O	O	O	O	O	_	_	NoSpaceAfter	_	_	_
'	O	O	O	O	O	O	_	_	NoSpaceAfter	_	_	_
avions	O	O	O	O	O	O	_	_	_	_	_	_
ni	O	O	O	O	O	O	_	_	EndOfLine	_	_	_
# segment_iiif_link = https://iiif.eluxemburgensia.lu/iiif/2/ark:%2f70795%2f5sxp1n%2fpages%2f2/210,1415,885,58/full/0/default.jpg
approuvé	O	O	O	O	O	O	_	_	_	_	_	_
ni	O	O	O	O	O	O	_	_	_	_	_	_
blâmé	O	O	O	O	O	O	_	_	_	_	_	_
M	O	O	O	O	O	O	_	_	NoSpaceAfter	_	_	_
.	O	O	O	O	O	O	_	_	_	_	_	_
Boch	O	O	O	O	O	O	_	_	_	_	_	_
:	O	O	O	O	O	O	_	_	_	_	_	_
nous	O	O	O	O	O	O	_	_	_	_	_	_
voulions	O	O	O	O	O	O	_	_	_	_	_	_
défendre	O	O	O	O	O	O	_	_	EndOfLine	_	_	_
# segment_iiif_link = https://iiif.eluxemburgensia.lu/iiif/2/ark:%2f70795%2f5sxp1n%2fpages%2f2/210,1471,885,38/full/0/default.jpg
ce	O	O	O	O	O	O	_	_	_	_	_	_
digne	O	O	O	O	O	O	_	_	_	_	_	_
citoyen	O	O	O	O	O	O	_	_	_	_	_	_
contre	O	O	O	O	O	O	_	_	_	_	_	_
de	O	O	O	O	O	O	_	_	_	_	_	_
méchantes	O	O	O	O	O	O	_	_	_	_	_	_
paroles	O	O	O	O	O	O	_	_	_	_	_	_
:	O	O	O	O	O	O	_	_	_	_	_	_
c	O	O	O	O	O	O	_	_	NoSpaceAfter	_	_	_
'	O	O	O	O	O	O	_	_	NoSpaceAfter	_	_	_
est	O	O	O	O	O	O	_	_	EndOfLine	_	_	_
# segment_iiif_link = https://iiif.eluxemburgensia.lu/iiif/2/ark:%2f70795%2f5sxp1n%2fpages%2f2/209,1518,886,38/full/0/default.jpg
en	O	O	O	O	O	O	_	_	_	_	_	_
général	O	O	O	O	O	O	_	_	_	_	_	_
que	O	O	O	O	O	O	_	_	_	_	_	_
nous	O	O	O	O	O	O	_	_	_	_	_	_
parlons	O	O	O	O	O	O	_	_	_	_	_	_
encore	O	O	O	O	O	O	_	_	_	_	_	_
aujourd	O	O	O	O	O	O	_	_	NoSpaceAfter	_	_	_
'	O	O	O	O	O	O	_	_	NoSpaceAfter	_	_	_
hui	O	O	O	O	O	O	_	_	NoSpaceAfter	_	_	_
,	O	O	O	O	O	O	_	_	_	_	_	_
et	O	O	O	O	O	O	_	_	EndOfLine	_	_	_
# segment_iiif_link = https://iiif.eluxemburgensia.lu/iiif/2/ark:%2f70795%2f5sxp1n%2fpages%2f2/211,1565,679,38/full/0/default.jpg
non	O	O	O	O	O	O	_	_	_	_	_	_
au	O	O	O	O	O	O	_	_	_	_	_	_
cas	O	O	O	O	O	O	_	_	_	_	_	_
particulier	O	O	O	O	O	O	_	_	_	_	_	_
de	O	O	O	O	O	O	_	_	_	_	_	_
Seplfontaines	O	O	O	O	O	O	_	_	NoSpaceAfter	_	_	_
.	O	O	O	O	O	O	_	_	EndOfLine	EndOfSentence	_	_
# segment_iiif_link = https://iiif.eluxemburgensia.lu/iiif/2/ark:%2f70795%2f5sxp1n%2fpages%2f2/253,1668,797,48/full/0/default.jpg
Petit	O	O	O	O	O	O	_	_	_	_	_	_
incident	O	O	O	O	O	O	_	_	_	_	_	_
à	O	O	O	O	O	O	_	_	_	_	_	_
la	O	O	O	O	O	O	_	_	_	_	_	_
Chambre	O	O	O	O	O	O	_	_	_	_	_	_
belge	O	O	O	O	O	O	_	_	NoSpaceAfter	_	_	_
,	O	O	O	O	O	O	_	_	_	_	_	_
le	O	O	O	O	O	O	_	_	_	_	_	_
11	O	O	O	O	O	O	_	_	_	_	_	_
février	O	O	O	O	O	O	_	_	NoSpaceAfter	_	_	_
.	O	O	O	O	O	O	_	_	EndOfLine	EndOfSentence	_	_
# segment_iiif_link = https://iiif.eluxemburgensia.lu/iiif/2/ark:%2f70795%2f5sxp1n%2fpages%2f2/255,1726,837,48/full/0/default.jpg
M	O	O	O	O	O	O	_	_	NoSpaceAfter	_	_	_
.	O	O	O	O	O	O	_	_	_	_	_	_
Orban	O	O	O	O	O	O	_	_	NoSpaceAfter	_	_	_
.	O	O	O	O	O	O	_	_	_	EndOfSentence	_	_
Je	O	O	O	O	O	O	_	_	_	_	_	_
demanderai	O	O	O	O	O	O	_	_	_	_	_	_
au	O	O	O	O	O	O	_	_	_	_	_	_
gouvernement	O	O	O	O	O	O	_	_	_	_	_	_
s	O	O	O	O	O	O	_	_	NoSpaceAfter	_	_	_
'	O	O	O	O	O	O	_	_	NoSpaceAfter	_	_	_
il	O	O	O	O	O	O	_	_	EndOfLine	_	_	_
# segment_iiif_link = https://iiif.eluxemburgensia.lu/iiif/2/ark:%2f70795%2f5sxp1n%2fpages%2f2/211,1772,879,50/full/0/default.jpg
maintient	O	O	O	O	O	O	_	_	_	_	_	_
le	O	O	O	O	O	O	_	_	_	_	_	_
principe	O	O	O	O	O	O	_	_	_	_	_	_
de	O	O	O	O	O	O	_	_	_	_	_	_
solidarité	O	O	O	O	O	O	_	_	_	_	_	_
quant	O	O	O	O	O	O	_	_	_	_	_	_
à	O	O	O	O	O	O	_	_	_	_	_	_
l	O	O	O	O	O	O	_	_	NoSpaceAfter	_	_	_
'	O	O	O	O	O	O	_	_	NoSpaceAfter	_	_	_
exécution	O	O	O	O	O	O	_	_	EndOfLine	_	_	_
# segment_iiif_link = https://iiif.eluxemburgensia.lu/iiif/2/ark:%2f70795%2f5sxp1n%2fpages%2f2/210,1817,865,51/full/0/default.jpg
des	O	O	O	O	O	O	_	_	_	_	_	_
travaux	O	O	O	O	O	O	_	_	_	_	_	_
en	O	O	O	O	O	O	_	_	_	_	_	_
général	O	O	O	O	O	O	_	_	NoSpaceAfter	_	_	_
,	O	O	O	O	O	O	_	_	_	_	_	_
en	O	O	O	O	O	O	_	_	_	_	_	_
ce	O	O	O	O	O	O	_	_	_	_	_	_
qui	O	O	O	O	O	O	_	_	_	_	_	_
concerne	O	O	O	O	O	O	_	_	_	_	_	_
plus	O	O	O	O	O	O	_	_	EndOfLine	_	_	_
# segment_iiif_link = https://iiif.eluxemburgensia.lu/iiif/2/ark:%2f70795%2f5sxp1n%2fpages%2f2/211,1866,754,49/full/0/default.jpg
particulièrement	O	O	O	O	O	O	_	_	_	_	_	_
la	O	O	O	O	O	O	_	_	_	_	_	_
Compagnie	O	O	O	O	O	O	_	_	_	_	_	_
du	O	O	O	O	O	O	_	_	_	_	_	_
Luxembourg	O	O	O	O	O	O	_	_	NoSpaceAfter	_	_	_
.	O	O	O	O	O	O	_	_	EndOfLine	EndOfSentence	_	_
# segment_iiif_link = https://iiif.eluxemburgensia.lu/iiif/2/ark:%2f70795%2f5sxp1n%2fpages%2f2/255,1912,833,48/full/0/default.jpg
M	O	O	O	O	O	O	_	_	NoSpaceAfter	_	_	_
.	O	O	O	O	O	O	_	_	_	_	_	_
van	O	O	O	O	O	O	_	_	_	_	_	_
HooREBECKe	O	O	O	O	O	O	_	_	NoSpaceAfter	_	_	_
,	O	O	O	O	O	O	_	_	_	_	_	_
ministre	O	O	O	O	O	O	_	_	NoSpaceAfter	_	_	_
.	O	O	O	O	O	O	_	_	_	EndOfSentence	_	_
La	O	O	O	O	O	O	_	_	_	_	_	_
compagnie	O	O	O	O	O	O	_	_	_	_	_	_
d	O	O	O	O	O	O	_	_	NoSpaceAfter	_	_	_
'	O	O	O	O	O	O	_	_	NoSpaceAfter	_	_	_
i	O	O	O	O	O	O	_	_	EndOfLine	_	_	_
# segment_iiif_link = https://iiif.eluxemburgensia.lu/iiif/2/ark:%2f70795%2f5sxp1n%2fpages%2f2/209,1958,880,61/full/0/default.jpg
Luxembourg	O	O	O	O	O	O	_	_	_	_	_	_
est	O	O	O	O	O	O	_	_	_	_	_	_
une	O	O	O	O	O	O	_	_	_	_	_	_
des	O	O	O	O	O	O	_	_	_	_	_	_
plus	O	O	O	O	O	O	_	_	_	_	_	_
solides	O	O	O	O	O	O	_	_	NoSpaceAfter	_	_	_
,	O	O	O	O	O	O	_	_	_	_	_	_
une	O	O	O	O	O	O	_	_	_	_	_	_
de	O	O	O	O	O	O	_	_	_	_	_	_
celles	O	O	O	O	O	O	_	_	EndOfLine	_	_	_
# segment_iiif_link = https://iiif.eluxemburgensia.lu/iiif/2/ark:%2f70795%2f5sxp1n%2fpages%2f2/206,2007,882,58/full/0/default.jpg
qui	O	O	O	O	O	O	_	_	_	_	_	_
présentent	O	O	O	O	O	O	_	_	_	_	_	_
le	O	O	O	O	O	O	_	_	_	_	_	_
plus	O	O	O	O	O	O	_	_	_	_	_	_
de	O	O	O	O	O	O	_	_	_	_	_	_
garanties	O	O	O	O	O	O	_	_	NoSpaceAfter	_	_	_
.	O	O	O	O	O	O	_	_	_	EndOfSentence	_	_
Elle	O	O	O	O	O	O	_	_	_	_	_	_
a	O	O	O	O	O	O	_	_	_	_	_	_
déjà	O	O	O	O	O	O	_	_	_	_	_	_
mis	O	O	O	O	O	O	_	_	EndOfLine	_	_	_
# segment_iiif_link = https://iiif.eluxemburgensia.lu/iiif/2/ark:%2f70795%2f5sxp1n%2fpages%2f2/205,2054,881,49/full/0/default.jpg
la	O	O	O	O	O	O	_	_	_	_	_	_
main	O	O	O	O	O	O	_	_	_	_	_	_
à	O	O	O	O	O	O	_	_	_	_	_	_
l	O	O	O	O	O	O	_	_	NoSpaceAfter	_	_	_
'	O	O	O	O	O	O	_	_	NoSpaceAfter	_	_	_
œuvre	O	O	O	O	O	O	_	_	NoSpaceAfter	_	_	_
.	O	O	O	O	O	O	_	_	_	EndOfSentence	_	_
Elle	O	O	O	O	O	O	_	_	_	_	_	_
émet	O	O	O	O	O	O	_	_	_	_	_	_
des	O	O	O	O	O	O	_	_	_	_	_	_
actions	O	O	O	O	O	O	_	_	_	_	_	_
nouvelles	O	O	O	O	O	O	_	_	NoSpaceAfter	_	_	_
.	O	O	O	O	O	O	_	_	EndOfLine	EndOfSentence	_	_
# segment_iiif_link = https://iiif.eluxemburgensia.lu/iiif/2/ark:%2f70795%2f5sxp1n%2fpages%2f2/206,2100,863,49/full/0/default.jpg
Je	O	O	O	O	O	O	_	_	_	_	_	_
m	O	O	O	O	O	O	_	_	NoSpaceAfter	_	_	_
'	O	O	O	O	O	O	_	_	NoSpaceAfter	_	_	_
étonne	O	O	O	O	O	O	_	_	_	_	_	_
de	O	O	O	O	O	O	_	_	_	_	_	_
ce	O	O	O	O	O	O	_	_	_	_	_	_
que	O	O	O	O	O	O	_	_	_	_	_	_
M	O	O	O	O	O	O	_	_	NoSpaceAfter	_	_	_
.	O	O	O	O	O	O	_	_	_	_	_	_
Orban	O	O	O	O	O	O	_	_	_	_	_	_
l	O	O	O	O	O	O	_	_	NoSpaceAfter	_	_	_
'	O	O	O	O	O	O	_	_	NoSpaceAfter	_	_	_
ait	O	O	O	O	O	O	_	_	_	_	_	_
accusée	O	O	O	O	O	O	_	_	_	_	_	_
de	O	O	O	O	O	O	_	_	EndOfLine	_	_	_
# segment_iiif_link = https://iiif.eluxemburgensia.lu/iiif/2/ark:%2f70795%2f5sxp1n%2fpages%2f2/206,2146,204,49/full/0/default.jpg
mauvais	O	O	O	O	O	O	_	_	_	_	_	_
vouloir	O	O	O	O	O	O	_	_	NoSpaceAfter	_	_	_
.	O	O	O	O	O	O	_	_	EndOfLine	EndOfSentence	_	_
# segment_iiif_link = https://iiif.eluxemburgensia.lu/iiif/2/ark:%2f70795%2f5sxp1n%2fpages%2f2/250,2191,838,49/full/0/default.jpg
M	O	O	O	O	O	O	_	_	NoSpaceAfter	_	_	_
.	O	O	O	O	O	O	_	_	_	_	_	_
Orban	O	O	O	O	O	O	_	_	NoSpaceAfter	_	_	_
.	O	O	O	O	O	O	_	_	_	EndOfSentence	_	_
Je	O	O	O	O	O	O	_	_	_	_	_	_
n	O	O	O	O	O	O	_	_	NoSpaceAfter	_	_	_
'	O	O	O	O	O	O	_	_	NoSpaceAfter	_	_	_
ai	O	O	O	O	O	O	_	_	_	_	_	_
pas	O	O	O	O	O	O	_	_	_	_	_	_
accusé	O	O	O	O	O	O	_	_	_	_	_	_
la	O	O	O	O	O	O	_	_	_	_	_	_
Compagnie	O	O	O	O	O	O	_	_	_	_	_	_
du	O	O	O	O	O	O	_	_	EndOfLine	_	_	_
# segment_iiif_link = https://iiif.eluxemburgensia.lu/iiif/2/ark:%2f70795%2f5sxp1n%2fpages%2f2/209,2233,881,60/full/0/default.jpg
Luxembourg	O	O	O	O	O	O	_	_	_	_	_	_
de	O	O	O	O	O	O	_	_	_	_	_	_
mauvais	O	O	O	O	O	O	_	_	_	_	_	_
vouloir	O	O	O	O	O	O	_	_	NoSpaceAfter	_	_	_
.	O	O	O	O	O	O	_	_	_	EndOfSentence	_	_
Mais	O	O	O	O	O	O	_	_	_	_	_	_
il	O	O	O	O	O	O	_	_	_	_	_	_
faut	O	O	O	O	O	O	_	_	_	_	_	_
autre	O	O	O	O	O	O	_	_	EndOfLine	_	_	_
# segment_iiif_link = https://iiif.eluxemburgensia.lu/iiif/2/ark:%2f70795%2f5sxp1n%2fpages%2f2/207,2281,882,51/full/0/default.jpg
rho	O	O	O	O	O	O	_	_	NoSpaceAfter	_	_	_
-	O	O	O	O	O	O	_	_	NoSpaceAfter	_	_	_
.	O	O	O	O	O	O	_	_	NoSpaceAfter	EndOfSentence	_	_
e	O	O	O	O	O	O	_	_	_	_	_	_
que	O	O	O	O	O	O	_	_	_	_	_	_
du	O	O	O	O	O	O	_	_	_	_	_	_
bon	O	O	O	O	O	O	_	_	_	_	_	_
vouloir	O	O	O	O	O	O	_	_	NoSpaceAfter	_	_	_
.	O	O	O	O	O	O	_	_	_	EndOfSentence	_	_
Il	O	O	O	O	O	O	_	_	_	_	_	_
faut	O	O	O	O	O	O	_	_	_	_	_	_
de	O	O	O	O	O	O	_	_	_	_	_	_
l	O	O	O	O	O	O	_	_	NoSpaceAfter	_	_	_
'	O	O	O	O	O	O	_	_	NoSpaceAfter	_	_	_
argent	O	O	O	O	O	O	_	_	NoSpaceAfter	_	_	_
.	O	O	O	O	O	O	_	_	_	EndOfSentence	_	_
Il	O	O	O	O	O	O	_	_	EndOfLine	_	_	_
# segment_iiif_link = https://iiif.eluxemburgensia.lu/iiif/2/ark:%2f70795%2f5sxp1n%2fpages%2f2/205,2331,865,49/full/0/default.jpg
faut	O	O	O	O	O	O	_	_	_	_	_	_
autre	O	O	O	O	O	O	_	_	_	_	_	_
chose	O	O	O	O	O	O	_	_	_	_	_	_
que	O	O	O	O	O	O	_	_	_	_	_	_
des	O	O	O	O	O	O	_	_	_	_	_	_
contrats	O	O	O	O	O	O	_	_	NoSpaceAfter	_	_	_
.	O	O	O	O	O	O	_	_	_	EndOfSentence	_	_
Il	O	O	O	O	O	O	_	_	_	_	_	_
faut	O	O	O	O	O	O	_	_	_	_	_	_
des	O	O	O	O	O	O	_	_	EndOfLine	_	_	_
# segment_iiif_link = https://iiif.eluxemburgensia.lu/iiif/2/ark:%2f70795%2f5sxp1n%2fpages%2f2/207,2376,555,55/full/0/default.jpg
actionnaires	O	O	O	O	O	O	_	_	NoSpaceAfter	_	_	_
,	O	O	O	O	O	O	_	_	_	_	_	_
et	O	O	O	O	O	O	_	_	_	_	_	_
vous	O	O	O	O	O	O	_	_	_	_	_	_
n	O	O	O	O	O	O	_	_	NoSpaceAfter	_	_	_
'	O	O	O	O	O	O	_	_	NoSpaceAfter	_	_	_
en	O	O	O	O	O	O	_	_	_	_	_	_
avez	O	O	O	O	O	O	_	_	_	_	_	_
pas	O	O	O	O	O	O	_	_	NoSpaceAfter	_	_	_
.	O	O	O	O	O	O	_	_	EndOfLine	EndOfSentence	_	_
# segment_iiif_link = https://iiif.eluxemburgensia.lu/iiif/2/ark:%2f70795%2f5sxp1n%2fpages%2f2/249,2424,679,47/full/0/default.jpg
M	O	O	O	O	O	O	_	_	NoSpaceAfter	_	_	_
.	O	O	O	O	O	O	_	_	_	_	_	_
Van	O	O	O	O	O	O	_	_	_	_	_	_
Hoorebeke	O	O	O	O	O	O	_	_	NoSpaceAfter	_	_	_
.	O	O	O	O	O	O	_	_	_	EndOfSentence	_	_
Qu	O	O	O	O	O	O	_	_	NoSpaceAfter	_	_	_
'	O	O	O	O	O	O	_	_	NoSpaceAfter	_	_	_
en	O	O	O	O	O	O	_	_	_	_	_	_
savez	O	O	O	O	O	O	_	_	NoSpaceAfter	_	_	_
-	O	O	O	O	O	O	_	_	NoSpaceAfter	_	_	_
vous	O	O	O	O	O	O	_	_	NoSpaceAfter	_	_	_
?	O	O	O	O	O	O	_	_	EndOfLine	EndOfSentence	_	_
# segment_iiif_link = https://iiif.eluxemburgensia.lu/iiif/2/ark:%2f70795%2f5sxp1n%2fpages%2f2/249,2469,394,47/full/0/default.jpg
La	O	O	O	O	O	O	_	_	_	_	_	_
discussion	O	O	O	O	O	O	_	_	_	_	_	_
est	O	O	O	O	O	O	_	_	_	_	_	_
close	O	O	O	O	O	O	_	_	NoSpaceAfter	_	_	_
.	O	O	O	O	O	O	_	_	EndOfLine	EndOfSentence	_	_
# segment_iiif_link = https://iiif.eluxemburgensia.lu/iiif/2/ark:%2f70795%2f5sxp1n%2fpages%2f2/249,2574,841,48/full/0/default.jpg
La	O	O	O	O	O	O	_	_	_	_	_	_
discussion	O	O	O	O	O	O	_	_	_	_	_	_
du	O	O	O	O	O	O	_	_	_	_	_	_
crédit	O	O	O	O	O	O	_	_	_	_	_	_
foncier	O	O	O	O	O	O	_	_	_	_	_	_
sera	O	O	O	O	O	O	_	_	_	_	_	_
envoyée	O	O	O	O	O	O	_	_	_	_	_	_
à	O	O	O	O	O	O	_	_	EndOfLine	_	_	_
# segment_iiif_link = https://iiif.eluxemburgensia.lu/iiif/2/ark:%2f70795%2f5sxp1n%2fpages%2f2/207,2632,885,40/full/0/default.jpg
nos	O	O	O	O	O	O	_	_	_	_	_	_
abonnés	O	O	O	O	O	O	_	_	NoSpaceAfter	_	_	_
,	O	O	O	O	O	O	_	_	_	_	_	_
lorsque	O	O	O	O	O	O	_	_	_	_	_	_
tous	O	O	O	O	O	O	_	_	_	_	_	_
les	O	O	O	O	O	O	_	_	_	_	_	_
comptes	O	O	O	O	O	O	_	_	NoSpaceAfter	_	_	_
-	O	O	O	O	O	O	_	_	NoSpaceAfter	_	_	_
rendus	O	O	O	O	O	O	_	_	_	_	_	_
seront	O	O	O	O	O	O	_	_	EndOfLine	_	_	_
# segment_iiif_link = https://iiif.eluxemburgensia.lu/iiif/2/ark:%2f70795%2f5sxp1n%2fpages%2f2/206,2668,873,60/full/0/default.jpg
publiés	O	O	O	O	O	O	_	_	_	_	_	_
:	O	O	O	O	O	O	_	_	_	_	_	_
il	O	O	O	O	O	O	_	_	_	_	_	_
sera	O	O	O	O	O	O	_	_	_	_	_	_
plus	O	O	O	O	O	O	_	_	_	_	_	_
facile	O	O	O	O	O	O	_	_	_	_	_	_
alors	O	O	O	O	O	O	_	_	_	_	_	_
de	O	O	O	O	O	O	_	_	_	_	_	_
suivre	O	O	O	O	O	O	_	_	_	_	_	_
les	O	O	O	O	O	O	_	_	EndOfLine	_	_	_
# segment_iiif_link = https://iiif.eluxemburgensia.lu/iiif/2/ark:%2f70795%2f5sxp1n%2fpages%2f2/207,2720,887,43/full/0/default.jpg
raisonnements	O	O	O	O	O	O	_	_	_	_	_	_
pour	O	O	O	O	O	O	_	_	_	_	_	_
ou	O	O	O	O	O	O	_	_	_	_	_	_
contre	O	O	O	O	O	O	_	_	_	_	_	_
qui	O	O	O	O	O	O	_	_	_	_	_	_
s	O	O	O	O	O	O	_	_	NoSpaceAfter	_	_	_
'	O	O	O	O	O	O	_	_	NoSpaceAfter	_	_	_
attachent	O	O	O	O	O	O	_	_	_	_	_	_
a	O	O	O	O	O	O	_	_	_	_	_	_
celle	O	O	O	O	O	O	_	_	EndOfLine	_	_	_
# segment_iiif_link = https://iiif.eluxemburgensia.lu/iiif/2/ark:%2f70795%2f5sxp1n%2fpages%2f2/209,2760,353,58/full/0/default.jpg
importante	O	O	O	O	O	O	_	_	_	_	_	_
opération	O	O	O	O	O	O	_	_	NoSpaceAfter	_	_	_
.	O	O	O	O	O	O	_	_	EndOfLine	EndOfSentence	_	_
# segment_iiif_link = https://iiif.eluxemburgensia.lu/iiif/2/ark:%2f70795%2f5sxp1n%2fpages%2f2/250,2872,843,48/full/0/default.jpg
Nous	O	O	O	O	O	O	_	_	_	_	_	_
étions	O	O	O	O	O	O	_	_	_	_	_	_
en	O	O	O	O	O	O	_	_	_	_	_	_
erreur	O	O	O	O	O	O	_	_	NoSpaceAfter	_	_	_
,	O	O	O	O	O	O	_	_	_	_	_	_
lorsque	O	O	O	O	O	O	_	_	_	_	_	_
nous	O	O	O	O	O	O	_	_	_	_	_	_
avons	O	O	O	O	O	O	_	_	_	_	_	_
dit	O	O	O	O	O	O	_	_	_	_	_	_
que	O	O	O	O	O	O	_	_	EndOfLine	_	_	_
# segment_iiif_link = https://iiif.eluxemburgensia.lu/iiif/2/ark:%2f70795%2f5sxp1n%2fpages%2f2/214,2928,879,38/full/0/default.jpg
a	O	O	O	O	O	O	_	_	_	_	_	_
place	O	O	O	O	O	O	_	_	_	_	_	_
du	O	O	O	O	O	O	_	_	_	_	_	_
Marehé	O	O	O	O	O	O	_	_	NoSpaceAfter	_	_	_
-	O	O	O	O	O	O	_	_	NoSpaceAfter	_	_	_
aux	O	O	O	O	O	O	_	_	NoSpaceAfter	_	_	_
-	O	O	O	O	O	O	_	_	NoSpaceAfter	_	_	_
Poissons	O	O	O	O	O	O	_	_	_	_	_	_
serait	O	O	O	O	O	O	_	_	_	_	_	_
enceinte	O	O	O	O	O	O	_	_	_	_	_	_
de	O	O	O	O	O	O	_	_	EndOfLine	_	_	_
# segment_iiif_link = https://iiif.eluxemburgensia.lu/iiif/2/ark:%2f70795%2f5sxp1n%2fpages%2f2/204,2964,105,50/full/0/default.jpg
loi	O	O	O	O	O	O	_	_	_	_	_	_
un	O	O	O	O	O	O	_	_	NoSpaceAfter	_	_	_
.	O	O	O	O	O	O	_	_	EndOfLine	EndOfSentence	_	_
# segment_iiif_link = https://iiif.eluxemburgensia.lu/iiif/2/ark:%2f70795%2f5sxp1n%2fpages%2f2/253,3009,823,48/full/0/default.jpg
Du	O	O	O	O	O	O	_	_	_	_	_	_
côté	O	O	O	O	O	O	_	_	_	_	_	_
de	O	O	O	O	O	O	_	_	_	_	_	_
la	O	O	O	O	O	O	_	_	_	_	_	_
rue	O	O	O	O	O	O	_	_	_	_	_	_
à	O	O	O	O	O	O	_	_	_	_	_	_
la	O	O	O	O	O	O	_	_	_	_	_	_
descente	O	O	O	O	O	O	_	_	NoSpaceAfter	_	_	_
,	O	O	O	O	O	O	_	_	_	_	_	_
elle	O	O	O	O	O	O	_	_	_	_	_	_
restera	O	O	O	O	O	O	_	_	EndOfLine	_	_	_
# segment_iiif_link = https://iiif.eluxemburgensia.lu/iiif/2/ark:%2f70795%2f5sxp1n%2fpages%2f2/206,3061,885,43/full/0/default.jpg
ouverte	O	O	O	O	O	O	_	_	_	_	_	_
et	O	O	O	O	O	O	_	_	_	_	_	_
de	O	O	O	O	O	O	_	_	_	_	_	_
niveau	O	O	O	O	O	O	_	_	_	_	_	_
:	O	O	O	O	O	O	_	_	_	_	_	_
il	O	O	O	O	O	O	_	_	_	_	_	_
n	O	O	O	O	O	O	_	_	NoSpaceAfter	_	_	_
'	O	O	O	O	O	O	_	_	NoSpaceAfter	_	_	_
y	O	O	O	O	O	O	_	_	_	_	_	_
aura	O	O	O	O	O	O	_	_	_	_	_	_
de	O	O	O	O	O	O	_	_	_	_	_	_
mur	O	O	O	O	O	O	_	_	_	_	_	_
que	O	O	O	O	O	O	_	_	_	_	_	_
vers	O	O	O	O	O	O	_	_	_	_	_	_
le	O	O	O	O	O	O	_	_	EndOfLine	_	_	_
# segment_iiif_link = https://iiif.eluxemburgensia.lu/iiif/2/ark:%2f70795%2f5sxp1n%2fpages%2f2/205,3105,484,56/full/0/default.jpg
bas	O	O	O	O	O	O	_	_	NoSpaceAfter	_	_	_
,	O	O	O	O	O	O	_	_	_	_	_	_
allant	O	O	O	O	O	O	_	_	_	_	_	_
sur	O	O	O	O	O	O	_	_	_	_	_	_
le	O	O	O	O	O	O	_	_	_	_	_	_
Paffenthal	O	O	O	O	O	O	_	_	NoSpaceAfter	_	_	_
.	O	O	O	O	O	O	_	_	EndOfLine	EndOfSentence	_	_
# segment_iiif_link = https://iiif.eluxemburgensia.lu/iiif/2/ark:%2f70795%2f5sxp1n%2fpages%2f2/250,3205,841,48/full/0/default.jpg
M	O	O	O	O	O	O	_	_	NoSpaceAfter	_	_	_
.	O	O	O	O	O	O	_	_	_	_	_	_
le	O	O	O	O	O	O	_	_	_	_	_	_
ministre	O	O	O	O	O	O	_	_	_	_	_	_
Manteuffel	O	O	O	O	O	O	_	_	_	_	_	_
a	O	O	O	O	O	O	_	_	_	_	_	_
dit	O	O	O	O	O	O	_	_	_	_	_	_
à	O	O	O	O	O	O	_	_	_	_	_	_
la	O	O	O	O	O	O	_	_	_	_	_	_
Chambre	O	O	O	O	O	O	_	_	EndOfLine	_	_	_
# segment_iiif_link = https://iiif.eluxemburgensia.lu/iiif/2/ark:%2f70795%2f5sxp1n%2fpages%2f2/209,3249,866,62/full/0/default.jpg
prussienne	O	O	O	O	O	O	_	_	_	_	_	_
le	O	O	O	O	O	O	_	_	_	_	_	_
6	O	O	O	O	O	O	_	_	_	_	_	_
février	O	O	O	O	O	O	_	_	_	_	_	_
dernier	O	O	O	O	O	O	_	_	NoSpaceAfter	_	_	_
,	O	O	O	O	O	O	_	_	_	_	_	_
que	O	O	O	O	O	O	_	_	_	_	_	_
Berlin	O	O	O	O	O	O	_	_	EndOfLine	_	_	_
# segment_iiif_link = https://iiif.eluxemburgensia.lu/iiif/2/ark:%2f70795%2f5sxp1n%2fpages%2f2/206,3297,886,50/full/0/default.jpg
s	O	O	O	O	O	O	_	_	NoSpaceAfter	_	_	_
'	O	O	O	O	O	O	_	_	NoSpaceAfter	_	_	_
aggrandissait	O	O	O	O	O	O	_	_	_	_	_	_
tous	O	O	O	O	O	O	_	_	_	_	_	_
les	O	O	O	O	O	O	_	_	_	_	_	_
ans	O	O	O	O	O	O	_	_	_	_	_	_
d	O	O	O	O	O	O	_	_	NoSpaceAfter	_	_	_
'	O	O	O	O	O	O	_	_	NoSpaceAfter	_	_	_
une	O	O	O	O	O	O	_	_	_	_	_	_
ville	O	O	O	O	O	O	_	_	_	_	_	_
étendue	O	O	O	O	O	O	_	_	_	_	_	_
comme	O	O	O	O	O	O	_	_	_	_	_	_
celle	O	O	O	O	O	O	_	_	EndOfLine	_	_	_
# segment_iiif_link = https://iiif.eluxemburgensia.lu/iiif/2/ark:%2f70795%2f5sxp1n%2fpages%2f2/207,3346,213,50/full/0/default.jpg
de	O	O	O	O	O	O	_	_	_	_	_	_
Coblence	O	O	O	O	O	O	_	_	NoSpaceAfter	_	_	_
.	O	O	O	O	O	O	_	_	EndOfLine	EndOfSentence	_	_
# segment_iiif_link = https://iiif.eluxemburgensia.lu/iiif/2/ark:%2f70795%2f5sxp1n%2fpages%2f2/250,3444,840,49/full/0/default.jpg
Il	O	O	O	O	O	O	_	_	_	_	_	_
a	O	O	O	O	O	O	_	_	_	_	_	_
dit	O	O	O	O	O	O	_	_	_	_	_	_
encore	O	O	O	O	O	O	_	_	_	_	_	_
que	O	O	O	O	O	O	_	_	_	_	_	_
la	O	O	O	O	O	O	_	_	_	_	_	_
police	O	O	O	O	O	O	_	_	_	_	_	_
avait	O	O	O	O	O	O	_	_	_	_	_	_
découvert	O	O	O	O	O	O	_	_	_	_	_	_
dans	O	O	O	O	O	O	_	_	EndOfLine	_	_	_
# segment_iiif_link = https://iiif.eluxemburgensia.lu/iiif/2/ark:%2f70795%2f5sxp1n%2fpages%2f2/210,3489,882,48/full/0/default.jpg
les	O	O	O	O	O	O	_	_	_	_	_	_
provinces	O	O	O	O	O	O	_	_	_	_	_	_
rhénanes	O	O	O	O	O	O	_	_	_	_	_	_
4	O	O	O	O	O	O	_	_	_	_	_	_
bandes	O	O	O	O	O	O	_	_	_	_	_	_
de	O	O	O	O	O	O	_	_	_	_	_	_
faux	O	O	O	O	O	O	_	_	_	_	_	_
raonnoyeurs	O	O	O	O	O	O	_	_	NoSpaceAfter	_	_	_
.	O	O	O	O	O	O	_	_	EndOfLine	EndOfSentence	_	_
# segment_iiif_link = https://iiif.eluxemburgensia.lu/iiif/2/ark:%2f70795%2f5sxp1n%2fpages%2f2/253,3596,840,48/full/0/default.jpg
Il	O	O	O	O	O	O	_	_	_	_	_	_
y	O	O	O	O	O	O	_	_	_	_	_	_
a	O	O	O	O	O	O	_	_	_	_	_	_
en	O	O	O	O	O	O	_	_	_	_	_	_
France	O	O	O	O	O	O	_	_	_	_	_	_
16	O	O	O	O	O	O	_	_	_	_	_	_
mille	O	O	O	O	O	O	_	_	_	_	_	_
nolaires	O	O	O	O	O	O	_	_	_	_	_	_
et	O	O	O	O	O	O	_	_	_	_	_	_
100	O	O	O	O	O	O	_	_	_	_	_	_
mille	O	O	O	O	O	O	_	_	EndOfLine	_	_	_
# segment_iiif_link = https://iiif.eluxemburgensia.lu/iiif/2/ark:%2f70795%2f5sxp1n%2fpages%2f2/211,3649,126,45/full/0/default.jpg
avocats	O	O	O	O	O	O	_	_	NoSpaceAfter	_	_	_
.	O	O	O	O	O	O	_	_	EndOfLine	EndOfSentence	_	_
# segment_iiif_link = https://iiif.eluxemburgensia.lu/iiif/2/ark:%2f70795%2f5sxp1n%2fpages%2f2/252,3748,840,51/full/0/default.jpg
Le	O	O	O	O	O	O	_	_	_	_	_	_
tronc	O	O	O	O	O	O	_	_	_	_	_	_
placé	O	O	O	O	O	O	_	_	_	_	_	_
au	O	O	O	O	O	O	_	_	_	_	_	_
secrétariat	O	O	O	O	O	O	_	_	_	_	_	_
de	O	O	O	O	O	O	_	_	_	_	_	_
la	O	O	O	O	O	O	_	_	_	_	_	_
commune	O	O	O	O	O	O	_	_	NoSpaceAfter	_	_	_
,	O	O	O	O	O	O	_	_	_	_	_	_
a	O	O	O	O	O	O	_	_	EndOfLine	_	_	_
# segment_iiif_link = https://iiif.eluxemburgensia.lu/iiif/2/ark:%2f70795%2f5sxp1n%2fpages%2f2/210,3800,884,48/full/0/default.jpg
été	O	O	O	O	O	O	_	_	_	_	_	_
ouvert	O	O	O	O	O	O	_	_	_	_	_	_
le	O	O	O	O	O	O	_	_	_	_	_	_
12	O	O	O	O	O	O	_	_	_	_	_	_
de	O	O	O	O	O	O	_	_	_	_	_	_
ce	O	O	O	O	O	O	_	_	_	_	_	_
mois	O	O	O	O	O	O	_	_	NoSpaceAfter	_	_	_
;	O	O	O	O	O	O	_	_	_	_	_	_
il	O	O	O	O	O	O	_	_	_	_	_	_
s	O	O	O	O	O	O	_	_	NoSpaceAfter	_	_	_
'	O	O	O	O	O	O	_	_	NoSpaceAfter	_	_	_
y	O	O	O	O	O	O	_	_	_	_	_	_
est	O	O	O	O	O	O	_	_	_	_	_	_
trouvé	O	O	O	O	O	O	_	_	_	_	_	_
quatre	O	O	O	O	O	O	_	_	EndOfLine	_	_	_
# segment_iiif_link = https://iiif.eluxemburgensia.lu/iiif/2/ark:%2f70795%2f5sxp1n%2fpages%2f2/211,3846,744,58/full/0/default.jpg
pièces	O	O	O	O	O	O	_	_	_	_	_	_
d	O	O	O	O	O	O	_	_	NoSpaceAfter	_	_	_
'	O	O	O	O	O	O	_	_	NoSpaceAfter	_	_	_
or	O	O	O	O	O	O	_	_	_	_	_	_
parmi	O	O	O	O	O	O	_	_	_	_	_	_
le	O	O	O	O	O	O	_	_	_	_	_	_
total	O	O	O	O	O	O	_	_	_	_	_	_
de	O	O	O	O	O	O	_	_	_	_	_	_
fr	O	O	O	O	O	O	_	_	NoSpaceAfter	_	_	_
.	O	O	O	O	O	O	_	_	_	_	_	_
120	O	O	O	O	O	O	_	_	_	_	_	_
50	O	O	O	O	O	O	_	_	_	_	_	_
c	O	O	O	O	O	O	_	_	NoSpaceAfter	_	_	_
.	O	O	O	O	O	O	_	_	EndOfLine	EndOfSentence	_	_

# language = fr
# newspaper = courriergdl
# date = 1852-02-14
# document_id = courriergdl-1852-02-14-a-i0002
# news-agency-as-source = _
# segment_iiif_link = https://iiif.eluxemburgensia.lu/iiif/2/ark:%2f70795%2f5sxp1n%2fpages%2f1/1052,3949,814,70/full/0/default.jpg
GRAND	O	O	O	O	O	O	_	_	NoSpaceAfter	_	_	_
-	O	O	O	O	O	O	_	_	NoSpaceAfter	_	_	_
DUCHÉ	O	O	O	O	O	O	_	_	_	_	_	_
DE	O	O	O	O	O	O	_	_	_	_	_	_
LUXEMBOURG	O	O	O	O	O	O	_	_	EndOfLine	_	_	_
# segment_iiif_link = https://iiif.eluxemburgensia.lu/iiif/2/ark:%2f70795%2f5sxp1n%2fpages%2f1/1248,4013,409,58/full/0/default.jpg
Luxembourg	O	O	O	O	O	O	_	_	NoSpaceAfter	_	_	_
,	O	O	O	O	O	O	_	_	_	_	_	_
14	O	O	O	O	O	O	_	_	_	_	_	_
février	O	O	O	O	O	O	_	_	NoSpaceAfter	_	_	_
.	O	O	O	O	O	O	_	_	EndOfLine	EndOfSentence	_	_
# segment_iiif_link = https://iiif.eluxemburgensia.lu/iiif/2/ark:%2f70795%2f5sxp1n%2fpages%2f1/1077,4072,829,47/full/0/default.jpg
Nous	O	O	O	O	O	O	_	_	_	_	_	_
avons	O	O	O	O	O	O	_	_	NoSpaceAfter	_	_	_
,	O	O	O	O	O	O	_	_	_	_	_	_
au	O	O	O	O	O	O	_	_	_	_	_	_
dernier	O	O	O	O	O	O	_	_	_	_	_	_
numéro	O	O	O	O	O	O	_	_	NoSpaceAfter	_	_	_
,	O	O	O	O	O	O	_	_	_	_	_	_
dit	O	O	O	O	O	O	_	_	_	_	_	_
quelques	O	O	O	O	O	O	_	_	_	_	_	_
mois	O	O	O	O	O	O	_	_	EndOfLine	_	_	_
# segment_iiif_link = https://iiif.eluxemburgensia.lu/iiif/2/ark:%2f70795%2f5sxp1n%2fpages%2f1/1035,4118,852,51/full/0/default.jpg
de	O	O	O	O	O	O	_	_	_	_	_	_
l	O	O	O	O	O	O	_	_	NoSpaceAfter	_	_	_
'	O	O	O	O	O	O	_	_	NoSpaceAfter	_	_	_
événement	O	O	O	O	O	O	_	_	_	_	_	_
de	O	O	O	O	O	O	_	_	_	_	_	_
Septfonlaines	O	O	O	O	O	O	_	_	_	_	_	_
:	O	O	O	O	O	O	_	_	_	_	_	_
le	O	O	O	O	O	O	_	_	_	_	_	_
Wort	O	O	O	O	O	O	_	_	_	_	_	_
nous	O	O	O	O	O	O	_	_	EndOfLine	_	_	_
# segment_iiif_link = https://iiif.eluxemburgensia.lu/iiif/2/ark:%2f70795%2f5sxp1n%2fpages%2f1/1035,4175,870,38/full/0/default.jpg
menace	O	O	O	O	O	O	_	_	_	_	_	_
à	O	O	O	O	O	O	_	_	_	_	_	_
ce	O	O	O	O	O	O	_	_	_	_	_	_
sujet	O	O	O	O	O	O	_	_	NoSpaceAfter	_	_	_
,	O	O	O	O	O	O	_	_	_	_	_	_
«	O	O	O	O	O	O	_	_	_	_	_	_
il	O	O	O	O	O	O	_	_	_	_	_	_
va	O	O	O	O	O	O	_	_	_	_	_	_
éclairer	O	O	O	O	O	O	_	_	_	_	_	_
notre	O	O	O	O	O	O	_	_	_	_	_	_
pensée	O	O	O	O	O	O	_	_	_	_	_	_
obscure	O	O	O	O	O	O	_	_	NoSpaceAfter	_	_	_
.	O	O	O	O	O	O	_	_	EndOfLine	_	_	_
# segment_iiif_link = https://iiif.eluxemburgensia.lu/iiif/2/ark:%2f70795%2f5sxp1n%2fpages%2f1/1985,867,874,36/full/0/default.jpg
«	O	O	O	O	O	O	_	_	_	_	_	_
qui	O	O	O	O	O	O	_	_	NoSpaceAfter	_	_	_
,	O	O	O	O	O	O	_	_	_	_	_	_
en	O	O	O	O	O	O	_	_	_	_	_	_
se	O	O	O	O	O	O	_	_	_	_	_	_
montrant	O	O	O	O	O	O	_	_	_	_	_	_
indifférente	O	O	O	O	O	O	_	_	_	_	_	_
sur	O	O	O	O	O	O	_	_	_	_	_	_
la	O	O	O	O	O	O	_	_	_	_	_	_
question	O	O	O	O	O	O	_	_	EndOfLine	_	_	_
# segment_iiif_link = https://iiif.eluxemburgensia.lu/iiif/2/ark:%2f70795%2f5sxp1n%2fpages%2f1/1985,915,876,32/full/0/default.jpg
•	O	O	O	O	O	O	_	_	NoSpaceAfter	_	_	_
•	O	O	O	O	O	O	_	_	_	_	_	_
religieuse	O	O	O	O	O	O	_	_	NoSpaceAfter	_	_	_
,	O	O	O	O	O	O	_	_	_	_	_	_
renferme	O	O	O	O	O	O	_	_	_	_	_	_
cependant	O	O	O	O	O	O	_	_	_	_	_	_
une	O	O	O	O	O	O	_	_	_	_	_	_
hostilité	O	O	O	O	O	O	_	_	_	_	_	_
flagrante	O	O	O	O	O	O	_	_	EndOfLine	_	_	_
# segment_iiif_link = https://iiif.eluxemburgensia.lu/iiif/2/ark:%2f70795%2f5sxp1n%2fpages%2f1/1986,962,794,32/full/0/default.jpg
»	O	O	O	O	O	O	_	_	_	_	_	_
au	O	O	O	O	O	O	_	_	_	_	_	_
sentiment	O	O	O	O	O	O	_	_	_	_	_	_
catholique	O	O	O	O	O	O	_	_	_	_	_	_
de	O	O	O	O	O	O	_	_	_	_	_	_
nos	O	O	O	O	O	O	_	_	_	_	_	_
cortciloyens	O	O	O	O	O	O	_	_	NoSpaceAfter	_	_	_
.	O	O	O	O	O	O	_	_	_	EndOfSentence	_	_
»	O	O	O	O	O	O	_	_	EndOfLine	_	_	_
# segment_iiif_link = https://iiif.eluxemburgensia.lu/iiif/2/ark:%2f70795%2f5sxp1n%2fpages%2f1/2026,996,834,55/full/0/default.jpg
Que	O	O	O	O	O	O	_	_	_	_	_	_
les	O	O	O	O	O	O	_	_	_	_	_	_
allures	O	O	O	O	O	O	_	_	_	_	_	_
tlu	O	O	O	O	O	O	_	_	_	_	_	_
Wort	O	O	O	O	O	O	_	_	_	_	_	_
et	O	O	O	O	O	O	_	_	_	_	_	_
celles	O	O	O	O	O	O	_	_	_	_	_	_
du	O	O	O	O	O	O	_	_	_	_	_	_
Courrier	O	O	O	O	O	O	_	_	_	_	_	_
ne	O	O	O	O	O	O	_	_	EndOfLine	_	_	_
# segment_iiif_link = https://iiif.eluxemburgensia.lu/iiif/2/ark:%2f70795%2f5sxp1n%2fpages%2f1/1986,1041,561,51/full/0/default.jpg
s	O	O	O	O	O	O	_	_	NoSpaceAfter	_	_	_
'	O	O	O	O	O	O	_	_	NoSpaceAfter	_	_	_
accordent	O	O	O	O	O	O	_	_	_	_	_	_
pas	O	O	O	O	O	O	_	_	NoSpaceAfter	_	_	_
,	O	O	O	O	O	O	_	_	_	_	_	_
cela	O	O	O	O	O	O	_	_	_	_	_	_
est	O	O	O	O	O	O	_	_	_	_	_	_
très	O	O	O	O	O	O	_	_	NoSpaceAfter	_	_	_
-	O	O	O	O	O	O	_	_	NoSpaceAfter	_	_	_
vrai	O	O	O	O	O	O	_	_	NoSpaceAfter	_	_	_
.	O	O	O	O	O	O	_	_	EndOfLine	EndOfSentence	_	_
# segment_iiif_link = https://iiif.eluxemburgensia.lu/iiif/2/ark:%2f70795%2f5sxp1n%2fpages%2f1/2030,1091,830,48/full/0/default.jpg
Le	O	O	O	O	O	O	_	_	_	_	_	_
Wort	O	O	O	O	O	O	_	_	_	_	_	_
veut	O	O	O	O	O	O	_	_	_	_	_	_
agiter	O	O	O	O	O	O	_	_	_	_	_	_
le	O	O	O	O	O	O	_	_	_	_	_	_
pays	O	O	O	O	O	O	_	_	NoSpaceAfter	_	_	_
,	O	O	O	O	O	O	_	_	_	_	_	_
il	O	O	O	O	O	O	_	_	_	_	_	_
a	O	O	O	O	O	O	_	_	_	_	_	_
en	O	O	O	O	O	O	_	_	_	_	_	_
main	O	O	O	O	O	O	_	_	_	_	_	_
un	O	O	O	O	O	O	_	_	EndOfLine	_	_	_
# segment_iiif_link = https://iiif.eluxemburgensia.lu/iiif/2/ark:%2f70795%2f5sxp1n%2fpages%2f1/1987,1137,873,60/full/0/default.jpg
puissant	O	O	O	O	O	O	_	_	_	_	_	_
levier	O	O	O	O	O	O	_	_	NoSpaceAfter	_	_	_
,	O	O	O	O	O	O	_	_	_	_	_	_
dont	O	O	O	O	O	O	_	_	_	_	_	_
il	O	O	O	O	O	O	_	_	_	_	_	_
use	O	O	O	O	O	O	_	_	_	_	_	_
hors	O	O	O	O	O	O	_	_	_	_	_	_
mesure	O	O	O	O	O	O	_	_	NoSpaceAfter	_	_	_
,	O	O	O	O	O	O	_	_	_	_	_	_
et	O	O	O	O	O	O	_	_	_	_	_	_
il	O	O	O	O	O	O	_	_	_	_	_	_
ne	O	O	O	O	O	O	_	_	_	_	_	_
s	O	O	O	O	O	O	_	_	NoSpaceAfter	_	_	_
'	O	O	O	O	O	O	_	_	NoSpaceAfter	_	_	_
ap	O	O	O	O	O	O	_	_	NoSpaceAfter	_	_	_
«	O	O	O	O	O	O	_	_	EndOfLine	_	_	_
# segment_iiif_link = https://iiif.eluxemburgensia.lu/iiif/2/ark:%2f70795%2f5sxp1n%2fpages%2f1/1990,1183,873,61/full/0/default.jpg
perçoit	O	O	O	O	O	O	_	_	_	_	_	_
pas	O	O	O	O	O	O	_	_	_	_	_	_
qu	O	O	O	O	O	O	_	_	NoSpaceAfter	_	_	_
'	O	O	O	O	O	O	_	_	NoSpaceAfter	_	_	_
il	O	O	O	O	O	O	_	_	_	_	_	_
le	O	O	O	O	O	O	_	_	_	_	_	_
fatigue	O	O	O	O	O	O	_	_	NoSpaceAfter	_	_	_
,	O	O	O	O	O	O	_	_	_	_	_	_
comme	O	O	O	O	O	O	_	_	_	_	_	_
on	O	O	O	O	O	O	_	_	_	_	_	_
use	O	O	O	O	O	O	_	_	_	_	_	_
tous	O	O	O	O	O	O	_	_	_	_	_	_
les	O	O	O	O	O	O	_	_	EndOfLine	_	_	_
# segment_iiif_link = https://iiif.eluxemburgensia.lu/iiif/2/ark:%2f70795%2f5sxp1n%2fpages%2f1/1990,1239,443,49/full/0/default.jpg
moyens	O	O	O	O	O	O	_	_	_	_	_	_
dont	O	O	O	O	O	O	_	_	_	_	_	_
on	O	O	O	O	O	O	_	_	_	_	_	_
fait	O	O	O	O	O	O	_	_	_	_	_	_
abus	O	O	O	O	O	O	_	_	NoSpaceAfter	_	_	_
.	O	O	O	O	O	O	_	_	EndOfLine	_	_	_
# segment_iiif_link = https://iiif.eluxemburgensia.lu/iiif/2/ark:%2f70795%2f5sxp1n%2fpages%2f1/2032,1278,829,45/full/0/default.jpg
Le	O	O	O	O	O	O	_	_	_	_	_	_
Courrie	O	O	O	O	O	O	_	_	NoSpaceAfter	_	_	_
-	O	O	O	O	O	O	_	_	_	_	_	_
aime	O	O	O	O	O	O	_	_	_	_	_	_
le	O	O	O	O	O	O	_	_	_	_	_	_
calme	O	O	O	O	O	O	_	_	NoSpaceAfter	_	_	_
,	O	O	O	O	O	O	_	_	_	_	_	_
l	O	O	O	O	O	O	_	_	NoSpaceAfter	_	_	_
'	O	O	O	O	O	O	_	_	NoSpaceAfter	_	_	_
ordre	O	O	O	O	O	O	_	_	NoSpaceAfter	_	_	_
,	O	O	O	O	O	O	_	_	_	_	_	_
la	O	O	O	O	O	O	_	_	_	_	_	_
modération	O	O	O	O	O	O	_	_	NoSpaceAfter	_	_	_
:	O	O	O	O	O	O	_	_	EndOfLine	_	_	_
# segment_iiif_link = https://iiif.eluxemburgensia.lu/iiif/2/ark:%2f70795%2f5sxp1n%2fpages%2f1/1990,1321,875,49/full/0/default.jpg
l	O	O	O	O	O	O	_	_	NoSpaceAfter	_	_	_
'	O	O	O	O	O	O	_	_	NoSpaceAfter	_	_	_
exaltation	O	O	O	O	O	O	_	_	_	_	_	_
en	O	O	O	O	O	O	_	_	_	_	_	_
religion	O	O	O	O	O	O	_	_	_	_	_	_
comme	O	O	O	O	O	O	_	_	_	_	_	_
en	O	O	O	O	O	O	_	_	_	_	_	_
toutes	O	O	O	O	O	O	_	_	_	_	_	_
choses	O	O	O	O	O	O	_	_	_	_	_	_
lui	O	O	O	O	O	O	_	_	EndOfLine	_	_	_
# segment_iiif_link = https://iiif.eluxemburgensia.lu/iiif/2/ark:%2f70795%2f5sxp1n%2fpages%2f1/1990,1370,876,58/full/0/default.jpg
parait	O	O	O	O	O	O	_	_	_	_	_	_
un	O	O	O	O	O	O	_	_	_	_	_	_
mal	O	O	O	O	O	O	_	_	NoSpaceAfter	_	_	_
;	O	O	O	O	O	O	_	_	_	_	_	_
il	O	O	O	O	O	O	_	_	_	_	_	_
aime	O	O	O	O	O	O	_	_	_	_	_	_
l	O	O	O	O	O	O	_	_	NoSpaceAfter	_	_	_
'	O	O	O	O	O	O	_	_	NoSpaceAfter	_	_	_
instruction	O	O	O	O	O	O	_	_	NoSpaceAfter	_	_	_
,	O	O	O	O	O	O	_	_	_	_	_	_
non	O	O	O	O	O	O	_	_	_	_	_	_
de	O	O	O	O	O	O	_	_	_	_	_	_
celles	O	O	O	O	O	O	_	_	EndOfLine	_	_	_
# segment_iiif_link = https://iiif.eluxemburgensia.lu/iiif/2/ark:%2f70795%2f5sxp1n%2fpages%2f1/1990,1415,875,60/full/0/default.jpg
qui	O	O	O	O	O	O	_	_	_	_	_	_
éblouissent	O	O	O	O	O	O	_	_	NoSpaceAfter	_	_	_
,	O	O	O	O	O	O	_	_	_	_	_	_
mais	O	O	O	O	O	O	_	_	_	_	_	_
de	O	O	O	O	O	O	_	_	_	_	_	_
celles	O	O	O	O	O	O	_	_	_	_	_	_
qui	O	O	O	O	O	O	_	_	_	_	_	_
éclairent	O	O	O	O	O	O	_	_	_	_	_	_
l	O	O	O	O	O	O	_	_	NoSpaceAfter	_	_	_
'	O	O	O	O	O	O	_	_	NoSpaceAfter	_	_	_
homme	O	O	O	O	O	O	_	_	EndOfLine	_	_	_
# segment_iiif_link = https://iiif.eluxemburgensia.lu/iiif/2/ark:%2f70795%2f5sxp1n%2fpages%2f1/1991,1472,409,37/full/0/default.jpg
sur	O	O	O	O	O	O	_	_	_	_	_	_
le	O	O	O	O	O	O	_	_	_	_	_	_
chemin	O	O	O	O	O	O	_	_	_	_	_	_
de	O	O	O	O	O	O	_	_	_	_	_	_
la	O	O	O	O	O	O	_	_	_	_	_	_
vie	O	O	O	O	O	O	_	_	NoSpaceAfter	_	_	_
.	O	O	O	O	O	O	_	_	EndOfLine	_	_	_
# segment_iiif_link = https://iiif.eluxemburgensia.lu/iiif/2/ark:%2f70795%2f5sxp1n%2fpages%2f1/2033,1508,818,48/full/0/default.jpg
Il	O	O	O	O	O	O	_	_	_	_	_	_
aime	O	O	O	O	O	O	_	_	_	_	_	_
la	O	O	O	O	O	O	_	_	_	_	_	_
religion	O	O	O	O	O	O	_	_	NoSpaceAfter	_	_	_
,	O	O	O	O	O	O	_	_	_	_	_	_
enseigne	O	O	O	O	O	O	_	_	_	_	_	_
le	O	O	O	O	O	O	_	_	_	_	_	_
plus	O	O	O	O	O	O	_	_	_	_	_	_
profond	O	O	O	O	O	O	_	_	EndOfLine	_	_	_
# segment_iiif_link = https://iiif.eluxemburgensia.lu/iiif/2/ark:%2f70795%2f5sxp1n%2fpages%2f1/1992,1560,874,51/full/0/default.jpg
respect	O	O	O	O	O	O	_	_	_	_	_	_
pour	O	O	O	O	O	O	_	_	_	_	_	_
elle	O	O	O	O	O	O	_	_	NoSpaceAfter	_	_	_
'	O	O	O	O	O	O	_	_	NoSpaceAfter	_	_	_
,	O	O	O	O	O	O	_	_	_	_	_	_
non	O	O	O	O	O	O	_	_	_	_	_	_
pas	O	O	O	O	O	O	_	_	_	_	_	_
seulement	O	O	O	O	O	O	_	_	_	_	_	_
parce	O	O	O	O	O	O	_	_	_	_	_	_
qu	O	O	O	O	O	O	_	_	NoSpaceAfter	_	_	_
'	O	O	O	O	O	O	_	_	NoSpaceAfter	_	_	_
elle	O	O	O	O	O	O	_	_	_	_	_	_
est	O	O	O	O	O	O	_	_	EndOfLine	_	_	_
# segment_iiif_link = https://iiif.eluxemburgensia.lu/iiif/2/ark:%2f70795%2f5sxp1n%2fpages%2f1/1992,1604,871,43/full/0/default.jpg
notre	O	O	O	O	O	O	_	_	_	_	_	_
foi	O	O	O	O	O	O	_	_	NoSpaceAfter	_	_	_
,	O	O	O	O	O	O	_	_	_	_	_	_
non	O	O	O	O	O	O	_	_	_	_	_	_
pas	O	O	O	O	O	O	_	_	_	_	_	_
seulement	O	O	O	O	O	O	_	_	_	_	_	_
parce	O	O	O	O	O	O	_	_	_	_	_	_
qu	O	O	O	O	O	O	_	_	NoSpaceAfter	_	_	_
'	O	O	O	O	O	O	_	_	NoSpaceAfter	_	_	_
elle	O	O	O	O	O	O	_	_	_	_	_	_
encourage	O	O	O	O	O	O	_	_	NoSpaceAfter	_	_	_
,	O	O	O	O	O	O	_	_	EndOfLine	_	_	_
# segment_iiif_link = https://iiif.eluxemburgensia.lu/iiif/2/ark:%2f70795%2f5sxp1n%2fpages%2f1/1991,1644,876,49/full/0/default.jpg
soutient	O	O	O	O	O	O	_	_	_	_	_	_
et	O	O	O	O	O	O	_	_	_	_	_	_
qu	O	O	O	O	O	O	_	_	NoSpaceAfter	_	_	_
'	O	O	O	O	O	O	_	_	NoSpaceAfter	_	_	_
elle	O	O	O	O	O	O	_	_	_	_	_	_
console	O	O	O	O	O	O	_	_	NoSpaceAfter	_	_	_
,	O	O	O	O	O	O	_	_	_	_	_	_
mais	O	O	O	O	O	O	_	_	_	_	_	_
encore	O	O	O	O	O	O	_	_	_	_	_	_
parce	O	O	O	O	O	O	_	_	_	_	_	_
qu	O	O	O	O	O	O	_	_	NoSpaceAfter	_	_	_
'	O	O	O	O	O	O	_	_	NoSpaceAfter	_	_	_
elle	O	O	O	O	O	O	_	_	EndOfLine	_	_	_
# segment_iiif_link = https://iiif.eluxemburgensia.lu/iiif/2/ark:%2f70795%2f5sxp1n%2fpages%2f1/1990,1696,864,42/full/0/default.jpg
est	O	O	O	O	O	O	_	_	_	_	_	_
un	O	O	O	O	O	O	_	_	_	_	_	_
principe	O	O	O	O	O	O	_	_	_	_	_	_
absolu	O	O	O	O	O	O	_	_	_	_	_	_
d	O	O	O	O	O	O	_	_	NoSpaceAfter	_	_	_
'	O	O	O	O	O	O	_	_	NoSpaceAfter	_	_	_
existence	O	O	O	O	O	O	_	_	_	_	_	_
sociale	O	O	O	O	O	O	_	_	_	_	_	_
et	O	O	O	O	O	O	_	_	_	_	_	_
de	O	O	O	O	O	O	_	_	EndOfLine	_	_	_
# segment_iiif_link = https://iiif.eluxemburgensia.lu/iiif/2/ark:%2f70795%2f5sxp1n%2fpages%2f1/2799,1696,55,50/full/0/default.jpg
civilisal	O	O	O	O	O	O	_	_	EndOfLine|NoSpaceAfter	_	_	_
# segment_iiif_link = https://iiif.eluxemburgensia.lu/iiif/2/ark:%2f70795%2f5sxp1n%2fpages%2f1/2033,1783,833,47/full/0/default.jpg
ion	O	O	O	O	O	O	_	_	NoSpaceAfter	_	_	_
.	O	O	O	O	O	O	_	_	_	_	_	_
Le	O	O	O	O	O	O	_	_	_	_	_	_
Courrier	O	O	O	O	O	O	_	_	_	_	_	_
a	O	O	O	O	O	O	_	_	_	_	_	_
écrit	O	O	O	O	O	O	_	_	_	_	_	_
:	O	O	O	O	O	O	_	_	_	_	_	_
Un	O	O	O	O	O	O	_	_	_	_	_	_
peuple	O	O	O	O	O	O	_	_	_	_	_	_
ne	O	O	O	O	O	O	_	_	_	_	_	_
peut	O	O	O	O	O	O	_	_	_	_	_	_
exister	O	O	O	O	O	O	_	_	EndOfLine	_	_	_
# segment_iiif_link = https://iiif.eluxemburgensia.lu/iiif/2/ark:%2f70795%2f5sxp1n%2fpages%2f1/1988,1837,228,40/full/0/default.jpg
sans	O	O	O	O	O	O	_	_	_	_	_	_
religion	O	O	O	O	O	O	_	_	NoSpaceAfter	_	_	_
.	O	O	O	O	O	O	_	_	EndOfLine	_	_	_
# segment_iiif_link = https://iiif.eluxemburgensia.lu/iiif/2/ark:%2f70795%2f5sxp1n%2fpages%2f1/2030,1875,822,48/full/0/default.jpg
Nous	O	O	O	O	O	O	_	_	_	_	_	_
aimons	O	O	O	O	O	O	_	_	_	_	_	_
la	O	O	O	O	O	O	_	_	_	_	_	_
religion	O	O	O	O	O	O	_	_	_	_	_	_
,	O	O	O	O	O	O	_	_	_	_	_	_
et	O	O	O	O	O	O	_	_	_	_	_	_
pour	O	O	O	O	O	O	_	_	_	_	_	_
les	O	O	O	O	O	O	_	_	_	_	_	_
doux	O	O	O	O	O	O	_	_	EndOfLine	_	_	_
# segment_iiif_link = https://iiif.eluxemburgensia.lu/iiif/2/ark:%2f70795%2f5sxp1n%2fpages%2f1/1988,1919,879,48/full/0/default.jpg
bienfaits	O	O	O	O	O	O	_	_	_	_	_	_
qu	O	O	O	O	O	O	_	_	NoSpaceAfter	_	_	_
'	O	O	O	O	O	O	_	_	NoSpaceAfter	_	_	_
elle	O	O	O	O	O	O	_	_	_	_	_	_
répand	O	O	O	O	O	O	_	_	_	_	_	_
sur	O	O	O	O	O	O	_	_	_	_	_	_
notre	O	O	O	O	O	O	_	_	_	_	_	_
vie	O	O	O	O	O	O	_	_	NoSpaceAfter	_	_	_
,	O	O	O	O	O	O	_	_	_	_	_	_
par	O	O	O	O	O	O	_	_	_	_	_	_
l	O	O	O	O	O	O	_	_	NoSpaceAfter	_	_	_
'	O	O	O	O	O	O	_	_	NoSpaceAfter	_	_	_
espoir	O	O	O	O	O	O	_	_	_	_	_	_
de	O	O	O	O	O	O	_	_	EndOfLine	_	_	_
# segment_iiif_link = https://iiif.eluxemburgensia.lu/iiif/2/ark:%2f70795%2f5sxp1n%2fpages%2f1/1986,1963,881,54/full/0/default.jpg
l	O	O	O	O	O	O	_	_	NoSpaceAfter	_	_	_
'	O	O	O	O	O	O	_	_	NoSpaceAfter	_	_	_
éternité	O	O	O	O	O	O	_	_	NoSpaceAfter	_	_	_
,	O	O	O	O	O	O	_	_	_	_	_	_
par	O	O	O	O	O	O	_	_	_	_	_	_
la	O	O	O	O	O	O	_	_	_	_	_	_
bienfaisance	O	O	O	O	O	O	_	_	NoSpaceAfter	_	_	_
,	O	O	O	O	O	O	_	_	_	_	_	_
par	O	O	O	O	O	O	_	_	_	_	_	_
la	O	O	O	O	O	O	_	_	_	_	_	_
morale	O	O	O	O	O	O	_	_	NoSpaceAfter	_	_	_
,	O	O	O	O	O	O	_	_	_	_	_	_
parla	O	O	O	O	O	O	_	_	EndOfLine	_	_	_
# segment_iiif_link = https://iiif.eluxemburgensia.lu/iiif/2/ark:%2f70795%2f5sxp1n%2fpages%2f1/1988,2009,820,55/full/0/default.jpg
famille	O	O	O	O	O	O	_	_	NoSpaceAfter	_	_	_
,	O	O	O	O	O	O	_	_	_	_	_	_
et	O	O	O	O	O	O	_	_	_	_	_	_
nous	O	O	O	O	O	O	_	_	_	_	_	_
l	O	O	O	O	O	O	_	_	NoSpaceAfter	_	_	_
'	O	O	O	O	O	O	_	_	NoSpaceAfter	_	_	_
aimons	O	O	O	O	O	O	_	_	_	_	_	_
encore	O	O	O	O	O	O	_	_	_	_	_	_
comme	O	O	O	O	O	O	_	_	_	_	_	_
citoyen	O	O	O	O	O	O	_	_	NoSpaceAfter	_	_	_
.	O	O	O	O	O	O	_	_	EndOfLine	_	_	_
# segment_iiif_link = https://iiif.eluxemburgensia.lu/iiif/2/ark:%2f70795%2f5sxp1n%2fpages%2f1/2030,2057,837,50/full/0/default.jpg
Nous	O	O	O	O	O	O	_	_	_	_	_	_
respectons	O	O	O	O	O	O	_	_	_	_	_	_
et	O	O	O	O	O	O	_	_	_	_	_	_
nous	O	O	O	O	O	O	_	_	_	_	_	_
vénérons	O	O	O	O	O	O	_	_	_	_	_	_
le	O	O	O	O	O	O	_	_	_	_	_	_
clergé	O	O	O	O	O	O	_	_	NoSpaceAfter	_	_	_
,	O	O	O	O	O	O	_	_	_	_	_	_
et	O	O	O	O	O	O	_	_	EndOfLine	_	_	_
# segment_iiif_link = https://iiif.eluxemburgensia.lu/iiif/2/ark:%2f70795%2f5sxp1n%2fpages%2f1/1990,2108,879,57/full/0/default.jpg
peut	O	O	O	O	O	O	_	_	NoSpaceAfter	_	_	_
-	O	O	O	O	O	O	_	_	NoSpaceAfter	_	_	_
être	O	O	O	O	O	O	_	_	_	_	_	_
plus	O	O	O	O	O	O	_	_	_	_	_	_
que	O	O	O	O	O	O	_	_	_	_	_	_
les	O	O	O	O	O	O	_	_	_	_	_	_
autres	O	O	O	O	O	O	_	_	NoSpaceAfter	_	_	_
,	O	O	O	O	O	O	_	_	_	_	_	_
ces	O	O	O	O	O	O	_	_	_	_	_	_
hommes	O	O	O	O	O	O	_	_	_	_	_	_
hardis	O	O	O	O	O	O	_	_	_	_	_	_
et	O	O	O	O	O	O	_	_	EndOfLine	_	_	_
# segment_iiif_link = https://iiif.eluxemburgensia.lu/iiif/2/ark:%2f70795%2f5sxp1n%2fpages%2f1/1991,2153,878,60/full/0/default.jpg
dévoués	O	O	O	O	O	O	_	_	NoSpaceAfter	_	_	_
,	O	O	O	O	O	O	_	_	_	_	_	_
qui	O	O	O	O	O	O	_	_	_	_	_	_
aux	O	O	O	O	O	O	_	_	_	_	_	_
austérités	O	O	O	O	O	O	_	_	_	_	_	_
de	O	O	O	O	O	O	_	_	_	_	_	_
la	O	O	O	O	O	O	_	_	_	_	_	_
vie	O	O	O	O	O	O	_	_	_	_	_	_
commune	O	O	O	O	O	O	_	_	_	_	_	_
k	O	O	O	O	O	O	_	_	EndOfLine	_	_	_
# segment_iiif_link = https://iiif.eluxemburgensia.lu/iiif/2/ark:%2f70795%2f5sxp1n%2fpages%2f1/1991,2207,875,43/full/0/default.jpg
tous	O	O	O	O	O	O	_	_	_	_	_	_
les	O	O	O	O	O	O	_	_	_	_	_	_
prêtres	O	O	O	O	O	O	_	_	NoSpaceAfter	_	_	_
,	O	O	O	O	O	O	_	_	_	_	_	_
joignent	O	O	O	O	O	O	_	_	_	_	_	_
encore	O	O	O	O	O	O	_	_	_	_	_	_
une	O	O	O	O	O	O	_	_	_	_	_	_
sainte	O	O	O	O	O	O	_	_	_	_	_	_
ardeur	O	O	O	O	O	O	_	_	NoSpaceAfter	_	_	_
,	O	O	O	O	O	O	_	_	EndOfLine	_	_	_
# segment_iiif_link = https://iiif.eluxemburgensia.lu/iiif/2/ark:%2f70795%2f5sxp1n%2fpages%2f1/1990,2246,611,55/full/0/default.jpg
qui	O	O	O	O	O	O	_	_	_	_	_	_
les	O	O	O	O	O	O	_	_	_	_	_	_
livre	O	O	O	O	O	O	_	_	_	_	_	_
à	O	O	O	O	O	O	_	_	_	_	_	_
un	O	O	O	O	O	O	_	_	_	_	_	_
combat	O	O	O	O	O	O	_	_	_	_	_	_
perpétuel	O	O	O	O	O	O	_	_	NoSpaceAfter	_	_	_
.	O	O	O	O	O	O	_	_	EndOfLine	_	_	_
# segment_iiif_link = https://iiif.eluxemburgensia.lu/iiif/2/ark:%2f70795%2f5sxp1n%2fpages%2f1/2031,2287,822,47/full/0/default.jpg
Mais	O	O	O	O	O	O	_	_	_	_	_	_
pour	O	O	O	O	O	O	_	_	_	_	_	_
nous	O	O	O	O	O	O	_	_	NoSpaceAfter	_	_	_
,	O	O	O	O	O	O	_	_	_	_	_	_
il	O	O	O	O	O	O	_	_	_	_	_	_
faut	O	O	O	O	O	O	_	_	_	_	_	_
enseigner	O	O	O	O	O	O	_	_	NoSpaceAfter	_	_	_
,	O	O	O	O	O	O	_	_	_	_	_	_
et	O	O	O	O	O	O	_	_	_	_	_	_
non	O	O	O	O	O	O	_	_	EndOfLine	_	_	_
# segment_iiif_link = https://iiif.eluxemburgensia.lu/iiif/2/ark:%2f70795%2f5sxp1n%2fpages%2f1/1987,2329,878,57/full/0/default.jpg
fanatiser	O	O	O	O	O	O	_	_	NoSpaceAfter	_	_	_
,	O	O	O	O	O	O	_	_	_	_	_	_
il	O	O	O	O	O	O	_	_	_	_	_	_
faut	O	O	O	O	O	O	_	_	_	_	_	_
calmer	O	O	O	O	O	O	_	_	NoSpaceAfter	_	_	_
,	O	O	O	O	O	O	_	_	_	_	_	_
et	O	O	O	O	O	O	_	_	_	_	_	_
non	O	O	O	O	O	O	_	_	_	_	_	_
irriter	O	O	O	O	O	O	_	_	NoSpaceAfter	_	_	_
,	O	O	O	O	O	O	_	_	_	_	_	_
rassurer	O	O	O	O	O	O	_	_	_	_	_	_
et	O	O	O	O	O	O	_	_	_	_	_	_
non	O	O	O	O	O	O	_	_	EndOfLine	_	_	_
# segment_iiif_link = https://iiif.eluxemburgensia.lu/iiif/2/ark:%2f70795%2f5sxp1n%2fpages%2f1/1987,2378,881,61/full/0/default.jpg
effrayer	O	O	O	O	O	O	_	_	NoSpaceAfter	_	_	_
,	O	O	O	O	O	O	_	_	_	_	_	_
conduire	O	O	O	O	O	O	_	_	_	_	_	_
et	O	O	O	O	O	O	_	_	_	_	_	_
non	O	O	O	O	O	O	_	_	_	_	_	_
égarer	O	O	O	O	O	O	_	_	NoSpaceAfter	_	_	_
,	O	O	O	O	O	O	_	_	_	_	_	_
être	O	O	O	O	O	O	_	_	_	_	_	_
une	O	O	O	O	O	O	_	_	_	_	_	_
espérance	O	O	O	O	O	O	_	_	EndOfLine	_	_	_
# segment_iiif_link = https://iiif.eluxemburgensia.lu/iiif/2/ark:%2f70795%2f5sxp1n%2fpages%2f1/1988,2433,391,44/full/0/default.jpg
et	O	O	O	O	O	O	_	_	_	_	_	_
non	O	O	O	O	O	O	_	_	_	_	_	_
pas	O	O	O	O	O	O	_	_	_	_	_	_
un	O	O	O	O	O	O	_	_	_	_	_	_
danger	O	O	O	O	O	O	_	_	NoSpaceAfter	_	_	_
.	O	O	O	O	O	O	_	_	EndOfLine	_	_	_
# segment_iiif_link = https://iiif.eluxemburgensia.lu/iiif/2/ark:%2f70795%2f5sxp1n%2fpages%2f1/2032,2476,819,48/full/0/default.jpg
En	O	O	O	O	O	O	_	_	_	_	_	_
quoi	O	O	O	O	O	O	_	_	_	_	_	_
donc	O	O	O	O	O	O	_	_	_	_	_	_
avons	O	O	O	O	O	O	_	_	NoSpaceAfter	_	_	_
-	O	O	O	O	O	O	_	_	NoSpaceAfter	_	_	_
nous	O	O	O	O	O	O	_	_	_	_	_	_
heurté	O	O	O	O	O	O	_	_	_	_	_	_
le	O	O	O	O	O	O	_	_	_	_	_	_
sentiment	O	O	O	O	O	O	_	_	EndOfLine	_	_	_
# segment_iiif_link = https://iiif.eluxemburgensia.lu/iiif/2/ark:%2f70795%2f5sxp1n%2fpages%2f1/1988,2519,428,60/full/0/default.jpg
religieux	O	O	O	O	O	O	_	_	NoSpaceAfter	_	_	_
?	O	O	O	O	O	O	_	_	_	_	_	_
est	O	O	O	O	O	O	_	_	NoSpaceAfter	_	_	_
-	O	O	O	O	O	O	_	_	NoSpaceAfter	_	_	_
ce	O	O	O	O	O	O	_	_	_	_	_	_
en	O	O	O	O	O	O	_	_	_	_	_	_
disant	O	O	O	O	O	O	_	_	_	_	_	_
:	O	O	O	O	O	O	_	_	EndOfLine	_	_	_
# segment_iiif_link = https://iiif.eluxemburgensia.lu/iiif/2/ark:%2f70795%2f5sxp1n%2fpages%2f1/2032,2583,833,32/full/0/default.jpg
<	O	O	O	O	O	O	_	_	NoSpaceAfter	_	_	_
«	O	O	O	O	O	O	_	_	_	_	_	_
Point	O	O	O	O	O	O	_	_	_	_	_	_
de	O	O	O	O	O	O	_	_	_	_	_	_
doute	O	O	O	O	O	O	_	_	NoSpaceAfter	_	_	_
,	O	O	O	O	O	O	_	_	_	_	_	_
et	O	O	O	O	O	O	_	_	_	_	_	_
à	O	O	O	O	O	O	_	_	_	_	_	_
Septfontaines	O	O	O	O	O	O	_	_	_	_	_	_
et	O	O	O	O	O	O	_	_	_	_	_	_
ailleurs	O	O	O	O	O	O	_	_	NoSpaceAfter	_	_	_
,	O	O	O	O	O	O	_	_	_	_	_	_
la	O	O	O	O	O	O	_	_	EndOfLine	_	_	_
# segment_iiif_link = https://iiif.eluxemburgensia.lu/iiif/2/ark:%2f70795%2f5sxp1n%2fpages%2f1/1987,2612,879,53/full/0/default.jpg
»	O	O	O	O	O	O	_	_	NoSpaceAfter	_	_	_
liberté	O	O	O	O	O	O	_	_	NoSpaceAfter	_	_	_
,	O	O	O	O	O	O	_	_	_	_	_	_
que	O	O	O	O	O	O	_	_	_	_	_	_
l	O	O	O	O	O	O	_	_	NoSpaceAfter	_	_	_
'	O	O	O	O	O	O	_	_	NoSpaceAfter	_	_	_
Etat	O	O	O	O	O	O	_	_	_	_	_	_
entend	O	O	O	O	O	O	_	_	_	_	_	_
laisser	O	O	O	O	O	O	_	_	_	_	_	_
ä	O	O	O	O	O	O	_	_	_	_	_	_
l	O	O	O	O	O	O	_	_	NoSpaceAfter	_	_	_
'	O	O	O	O	O	O	_	_	NoSpaceAfter	_	_	_
Eglise	O	O	O	O	O	O	_	_	NoSpaceAfter	_	_	_
,	O	O	O	O	O	O	_	_	_	_	_	_
autorise	O	O	O	O	O	O	_	_	EndOfLine	_	_	_
# segment_iiif_link = https://iiif.eluxemburgensia.lu/iiif/2/ark:%2f70795%2f5sxp1n%2fpages%2f1/1987,2661,880,50/full/0/default.jpg
»	O	O	O	O	O	O	_	_	NoSpaceAfter	_	_	_
les	O	O	O	O	O	O	_	_	_	_	_	_
missions	O	O	O	O	O	O	_	_	_	_	_	_
partout	O	O	O	O	O	O	_	_	NoSpaceAfter	_	_	_
,	O	O	O	O	O	O	_	_	_	_	_	_
tant	O	O	O	O	O	O	_	_	_	_	_	_
qu	O	O	O	O	O	O	_	_	NoSpaceAfter	_	_	_
'	O	O	O	O	O	O	_	_	NoSpaceAfter	_	_	_
elles	O	O	O	O	O	O	_	_	_	_	_	_
ne	O	O	O	O	O	O	_	_	_	_	_	_
deviennent	O	O	O	O	O	O	_	_	_	_	_	_
pas	O	O	O	O	O	O	_	_	EndOfLine	_	_	_
# segment_iiif_link = https://iiif.eluxemburgensia.lu/iiif/2/ark:%2f70795%2f5sxp1n%2fpages%2f1/1988,2721,863,34/full/0/default.jpg
»	O	O	O	O	O	O	_	_	_	_	_	_
un	O	O	O	O	O	O	_	_	_	_	_	_
sujet	O	O	O	O	O	O	_	_	_	_	_	_
de	O	O	O	O	O	O	_	_	_	_	_	_
trouble	O	O	O	O	O	O	_	_	_	_	_	_
ou	O	O	O	O	O	O	_	_	_	_	_	_
de	O	O	O	O	O	O	_	_	_	_	_	_
scandale	O	O	O	O	O	O	_	_	_	_	_	_
:	O	O	O	O	O	O	_	_	_	_	_	_
l	O	O	O	O	O	O	_	_	NoSpaceAfter	_	_	_
'	O	O	O	O	O	O	_	_	NoSpaceAfter	_	_	_
ordre	O	O	O	O	O	O	_	_	_	_	_	_
public	O	O	O	O	O	O	_	_	EndOfLine	_	_	_
# segment_iiif_link = https://iiif.eluxemburgensia.lu/iiif/2/ark:%2f70795%2f5sxp1n%2fpages%2f1/1988,2757,877,47/full/0/default.jpg
»	O	O	O	O	O	O	_	_	NoSpaceAfter	_	_	_
le	O	O	O	O	O	O	_	_	_	_	_	_
premier	O	O	O	O	O	O	_	_	_	_	_	_
des	O	O	O	O	O	O	_	_	_	_	_	_
droits	O	O	O	O	O	O	_	_	_	_	_	_
et	O	O	O	O	O	O	_	_	_	_	_	_
des	O	O	O	O	O	O	_	_	_	_	_	_
devoirs	O	O	O	O	O	O	_	_	NoSpaceAfter	_	_	_
,	O	O	O	O	O	O	_	_	_	_	_	_
doit	O	O	O	O	O	O	_	_	_	_	_	_
intervenir	O	O	O	O	O	O	_	_	EndOfLine	_	_	_
# segment_iiif_link = https://iiif.eluxemburgensia.lu/iiif/2/ark:%2f70795%2f5sxp1n%2fpages%2f1/1988,2804,135,48/full/0/default.jpg
»	O	O	O	O	O	O	_	_	NoSpaceAfter	_	_	_
alors	O	O	O	O	O	O	_	_	NoSpaceAfter	_	_	_
.	O	O	O	O	O	O	_	_	_	EndOfSentence	_	_
»	O	O	O	O	O	O	_	_	EndOfLine	_	_	_
# segment_iiif_link = https://iiif.eluxemburgensia.lu/iiif/2/ark:%2f70795%2f5sxp1n%2fpages%2f1/2027,2855,838,48/full/0/default.jpg
Et	O	O	O	O	O	O	_	_	_	_	_	_
qui	O	O	O	O	O	O	_	_	_	_	_	_
oserait	O	O	O	O	O	O	_	_	_	_	_	_
donc	O	O	O	O	O	O	_	_	_	_	_	_
douler	O	O	O	O	O	O	_	_	_	_	_	_
de	O	O	O	O	O	O	_	_	_	_	_	_
cette	O	O	O	O	O	O	_	_	_	_	_	_
vérité	O	O	O	O	O	O	_	_	_	_	_	_
,	O	O	O	O	O	O	_	_	_	_	_	_
que	O	O	O	O	O	O	_	_	_	_	_	_
si	O	O	O	O	O	O	_	_	EndOfLine	_	_	_
# segment_iiif_link = https://iiif.eluxemburgensia.lu/iiif/2/ark:%2f70795%2f5sxp1n%2fpages%2f1/1988,2902,877,49/full/0/default.jpg
les	O	O	O	O	O	O	_	_	_	_	_	_
missions	O	O	O	O	O	O	_	_	NoSpaceAfter	_	_	_
,	O	O	O	O	O	O	_	_	_	_	_	_
que	O	O	O	O	O	O	_	_	_	_	_	_
des	O	O	O	O	O	O	_	_	_	_	_	_
étrangers	O	O	O	O	O	O	_	_	_	_	_	_
viennent	O	O	O	O	O	O	_	_	_	_	_	_
prêcher	O	O	O	O	O	O	_	_	_	_	_	_
au	O	O	O	O	O	O	_	_	EndOfLine	_	_	_
# segment_iiif_link = https://iiif.eluxemburgensia.lu/iiif/2/ark:%2f70795%2f5sxp1n%2fpages%2f1/1987,2948,865,50/full/0/default.jpg
milieu	O	O	O	O	O	O	_	_	_	_	_	_
de	O	O	O	O	O	O	_	_	_	_	_	_
nous	O	O	O	O	O	O	_	_	NoSpaceAfter	_	_	_
,	O	O	O	O	O	O	_	_	_	_	_	_
dussent	O	O	O	O	O	O	_	_	_	_	_	_
y	O	O	O	O	O	O	_	_	_	_	_	_
être	O	O	O	O	O	O	_	_	_	_	_	_
une	O	O	O	O	O	O	_	_	_	_	_	_
cause	O	O	O	O	O	O	_	_	_	_	_	_
de	O	O	O	O	O	O	_	_	_	_	_	_
trouble	O	O	O	O	O	O	_	_	EndOfLine	_	_	_
# segment_iiif_link = https://iiif.eluxemburgensia.lu/iiif/2/ark:%2f70795%2f5sxp1n%2fpages%2f1/1986,2994,666,49/full/0/default.jpg
le	O	O	O	O	O	O	_	_	_	_	_	_
devoir	O	O	O	O	O	O	_	_	_	_	_	_
de	O	O	O	O	O	O	_	_	_	_	_	_
l	O	O	O	O	O	O	_	_	NoSpaceAfter	_	_	_
'	O	O	O	O	O	O	_	_	NoSpaceAfter	_	_	_
Etat	O	O	O	O	O	O	_	_	_	_	_	_
serait	O	O	O	O	O	O	_	_	_	_	_	_
de	O	O	O	O	O	O	_	_	_	_	_	_
les	O	O	O	O	O	O	_	_	_	_	_	_
arrêter	O	O	O	O	O	O	_	_	NoSpaceAfter	_	_	_
.	O	O	O	O	O	O	_	_	EndOfLine	EndOfSentence	_	_
# segment_iiif_link = https://iiif.eluxemburgensia.lu/iiif/2/ark:%2f70795%2f5sxp1n%2fpages%2f1/2029,3042,834,45/full/0/default.jpg
Nous	O	O	O	O	O	O	_	_	_	_	_	_
nous	O	O	O	O	O	O	_	_	_	_	_	_
livrons	O	O	O	O	O	O	_	_	_	_	_	_
ainsi	O	O	O	O	O	O	_	_	_	_	_	_
à	O	O	O	O	O	O	_	_	_	_	_	_
la	O	O	O	O	O	O	_	_	_	_	_	_
critique	O	O	O	O	O	O	_	_	NoSpaceAfter	_	_	_
,	O	O	O	O	O	O	_	_	_	_	_	_
mais	O	O	O	O	O	O	_	_	_	_	_	_
que	O	O	O	O	O	O	_	_	EndOfLine	_	_	_
# segment_iiif_link = https://iiif.eluxemburgensia.lu/iiif/2/ark:%2f70795%2f5sxp1n%2fpages%2f1/1985,3085,864,49/full/0/default.jpg
l	O	O	O	O	O	O	_	_	NoSpaceAfter	_	_	_
'	O	O	O	O	O	O	_	_	NoSpaceAfter	_	_	_
on	O	O	O	O	O	O	_	_	_	_	_	_
y	O	O	O	O	O	O	_	_	_	_	_	_
prenne	O	O	O	O	O	O	_	_	_	_	_	_
garde	O	O	O	O	O	O	_	_	NoSpaceAfter	_	_	_
,	O	O	O	O	O	O	_	_	_	_	_	_
la	O	O	O	O	O	O	_	_	_	_	_	_
raison	O	O	O	O	O	O	_	_	_	_	_	_
humaine	O	O	O	O	O	O	_	_	_	_	_	_
a	O	O	O	O	O	O	_	_	_	_	_	_
une	O	O	O	O	O	O	_	_	EndOfLine	_	_	_
# segment_iiif_link = https://iiif.eluxemburgensia.lu/iiif/2/ark:%2f70795%2f5sxp1n%2fpages%2f1/1986,3129,859,60/full/0/default.jpg
atmosphère	O	O	O	O	O	O	_	_	_	_	_	_
qu	O	O	O	O	O	O	_	_	NoSpaceAfter	_	_	_
'	O	O	O	O	O	O	_	_	NoSpaceAfter	_	_	_
il	O	O	O	O	O	O	_	_	_	_	_	_
ne	O	O	O	O	O	O	_	_	_	_	_	_
faut	O	O	O	O	O	O	_	_	_	_	_	_
pas	O	O	O	O	O	O	_	_	_	_	_	_
traverser	O	O	O	O	O	O	_	_	NoSpaceAfter	_	_	_
,	O	O	O	O	O	O	_	_	_	_	_	_
l	O	O	O	O	O	O	_	_	NoSpaceAfter	_	_	_
'	O	O	O	O	O	O	_	_	NoSpaceAfter	_	_	_
exaltation	O	O	O	O	O	O	_	_	EndOfLine	_	_	_
# segment_iiif_link = https://iiif.eluxemburgensia.lu/iiif/2/ark:%2f70795%2f5sxp1n%2fpages%2f1/1985,3179,322,47/full/0/default.jpg
entraine	O	O	O	O	O	O	_	_	_	_	_	_
dans	O	O	O	O	O	O	_	_	_	_	_	_
le	O	O	O	O	O	O	_	_	_	_	_	_
vide	O	O	O	O	O	O	_	_	NoSpaceAfter	_	_	_
.	O	O	O	O	O	O	_	_	EndOfLine	EndOfSentence	_	_
# segment_iiif_link = https://iiif.eluxemburgensia.lu/iiif/2/ark:%2f70795%2f5sxp1n%2fpages%2f1/2025,3224,587,48/full/0/default.jpg
Nous	O	O	O	O	O	O	_	_	_	_	_	_
ne	O	O	O	O	O	O	_	_	_	_	_	_
cachons	O	O	O	O	O	O	_	_	_	_	_	_
pas	O	O	O	O	O	O	_	_	_	_	_	_
notre	O	O	O	O	O	O	_	_	_	_	_	_
pensée	O	O	O	O	O	O	_	_	NoSpaceAfter	_	_	_
.	O	O	O	O	O	O	_	_	EndOfLine	EndOfSentence	_	_
# segment_iiif_link = https://iiif.eluxemburgensia.lu/iiif/2/ark:%2f70795%2f5sxp1n%2fpages%2f1/2024,3267,819,48/full/0/default.jpg
Nous	O	O	O	O	O	O	_	_	_	_	_	_
voyons	O	O	O	O	O	O	_	_	_	_	_	_
à	O	O	O	O	O	O	_	_	_	_	_	_
regret	O	O	O	O	O	O	_	_	_	_	_	_
la	O	O	O	O	O	O	_	_	_	_	_	_
mission	O	O	O	O	O	O	_	_	_	_	_	_
s	O	O	O	O	O	O	_	_	NoSpaceAfter	_	_	_
'	O	O	O	O	O	O	_	_	NoSpaceAfter	_	_	_
implanter	O	O	O	O	O	O	_	_	EndOfLine	_	_	_
# segment_iiif_link = https://iiif.eluxemburgensia.lu/iiif/2/ark:%2f70795%2f5sxp1n%2fpages%2f1/2775,3276,68,49/full/0/default.jpg
che	O	O	O	O	O	O	_	_	NoSpaceAfter	_	_	_
*	O	O	O	O	O	O	_	_	NoSpaceAfter	_	_	_
n	O	O	O	O	O	O	_	_	EndOfLine|NoSpaceAfter	_	_	_
# segment_iiif_link = https://iiif.eluxemburgensia.lu/iiif/2/ark:%2f70795%2f5sxp1n%2fpages%2f1/2023,3359,834,50/full/0/default.jpg
ous	O	O	O	O	O	O	_	_	NoSpaceAfter	_	_	_
.	O	O	O	O	O	O	_	_	_	EndOfSentence	_	_
Parce	O	O	O	O	O	O	_	_	_	_	_	_
qu	O	O	O	O	O	O	_	_	NoSpaceAfter	_	_	_
'	O	O	O	O	O	O	_	_	NoSpaceAfter	_	_	_
elle	O	O	O	O	O	O	_	_	_	_	_	_
y	O	O	O	O	O	O	_	_	_	_	_	_
vient	O	O	O	O	O	O	_	_	_	_	_	_
comme	O	O	O	O	O	O	_	_	_	_	_	_
une	O	O	O	O	O	O	_	_	_	_	_	_
accusation	O	O	O	O	O	O	_	_	_	_	_	_
contre	O	O	O	O	O	O	_	_	EndOfLine	_	_	_
# segment_iiif_link = https://iiif.eluxemburgensia.lu/iiif/2/ark:%2f70795%2f5sxp1n%2fpages%2f1/1983,3407,875,50/full/0/default.jpg
le	O	O	O	O	O	O	_	_	_	_	_	_
sentiment	O	O	O	O	O	O	_	_	_	_	_	_
religieux	O	O	O	O	O	O	_	_	_	_	_	_
du	O	O	O	O	O	O	_	_	_	_	_	_
pays	O	O	O	O	O	O	_	_	NoSpaceAfter	_	_	_
,	O	O	O	O	O	O	_	_	_	_	_	_
parce	O	O	O	O	O	O	_	_	_	_	_	_
qu	O	O	O	O	O	O	_	_	NoSpaceAfter	_	_	_
'	O	O	O	O	O	O	_	_	NoSpaceAfter	_	_	_
elle	O	O	O	O	O	O	_	_	_	_	_	_
y	O	O	O	O	O	O	_	_	_	_	_	_
vient	O	O	O	O	O	O	_	_	EndOfLine	_	_	_
# segment_iiif_link = https://iiif.eluxemburgensia.lu/iiif/2/ark:%2f70795%2f5sxp1n%2fpages%2f1/1981,3465,861,41/full/0/default.jpg
comme	O	O	O	O	O	O	_	_	_	_	_	_
si	O	O	O	O	O	O	_	_	_	_	_	_
des	O	O	O	O	O	O	_	_	_	_	_	_
moyens	O	O	O	O	O	O	_	_	_	_	_	_
héroïques	O	O	O	O	O	O	_	_	_	_	_	_
étaient	O	O	O	O	O	O	_	_	EndOfLine	_	_	_
# segment_iiif_link = https://iiif.eluxemburgensia.lu/iiif/2/ark:%2f70795%2f5sxp1n%2fpages%2f1/1981,3504,877,49/full/0/default.jpg
indispensables	O	O	O	O	O	O	_	_	_	_	_	_
pour	O	O	O	O	O	O	_	_	_	_	_	_
vaincre	O	O	O	O	O	O	_	_	_	_	_	_
son	O	O	O	O	O	O	_	_	_	_	_	_
indifférence	O	O	O	O	O	O	_	_	NoSpaceAfter	_	_	_
,	O	O	O	O	O	O	_	_	_	_	_	_
parce	O	O	O	O	O	O	_	_	_	_	_	_
qu	O	O	O	O	O	O	_	_	NoSpaceAfter	_	_	_
'	O	O	O	O	O	O	_	_	NoSpaceAfter	_	_	_
elle	O	O	O	O	O	O	_	_	EndOfLine	_	_	_
# segment_iiif_link = https://iiif.eluxemburgensia.lu/iiif/2/ark:%2f70795%2f5sxp1n%2fpages%2f1/1981,3550,877,60/full/0/default.jpg
s	O	O	O	O	O	O	_	_	NoSpaceAfter	_	_	_
'	O	O	O	O	O	O	_	_	NoSpaceAfter	_	_	_
y	O	O	O	O	O	O	_	_	_	_	_	_
présente	O	O	O	O	O	O	_	_	_	_	_	_
comme	O	O	O	O	O	O	_	_	_	_	_	_
un	O	O	O	O	O	O	_	_	_	_	_	_
appui	O	O	O	O	O	O	_	_	_	_	_	_
dont	O	O	O	O	O	O	_	_	_	_	_	_
la	O	O	O	O	O	O	_	_	_	_	_	_
religion	O	O	O	O	O	O	_	_	_	_	_	_
aurait	O	O	O	O	O	O	_	_	EndOfLine	_	_	_
# segment_iiif_link = https://iiif.eluxemburgensia.lu/iiif/2/ark:%2f70795%2f5sxp1n%2fpages%2f1/1981,3596,465,51/full/0/default.jpg
besoin	O	O	O	O	O	O	_	_	_	_	_	_
dans	O	O	O	O	O	O	_	_	_	_	_	_
le	O	O	O	O	O	O	_	_	_	_	_	_
Luxembourg	O	O	O	O	O	O	_	_	NoSpaceAfter	_	_	_
.	O	O	O	O	O	O	_	_	EndOfLine	EndOfSentence	_	_
# segment_iiif_link = https://iiif.eluxemburgensia.lu/iiif/2/ark:%2f70795%2f5sxp1n%2fpages%2f1/2023,3643,828,50/full/0/default.jpg
Voilà	O	O	O	O	O	O	_	_	_	_	_	_
ce	O	O	O	O	O	O	_	_	_	_	_	_
qui	O	O	O	O	O	O	_	_	_	_	_	_
ressort	O	O	O	O	O	O	_	_	_	_	_	_
des	O	O	O	O	O	O	_	_	_	_	_	_
articles	O	O	O	O	O	O	_	_	_	_	_	_
violents	O	O	O	O	O	O	_	_	_	_	_	_
que	O	O	O	O	O	O	_	_	_	_	_	_
la	O	O	O	O	O	O	_	_	EndOfLine	_	_	_
# segment_iiif_link = https://iiif.eluxemburgensia.lu/iiif/2/ark:%2f70795%2f5sxp1n%2fpages%2f1/1983,3700,869,50/full/0/default.jpg
presse	O	O	O	O	O	O	_	_	_	_	_	_
cléricale	O	O	O	O	O	O	_	_	_	_	_	_
jelte	O	O	O	O	O	O	_	_	_	_	_	_
dans	O	O	O	O	O	O	_	_	_	_	_	_
le	O	O	O	O	O	O	_	_	_	_	_	_
pays	O	O	O	O	O	O	_	_	NoSpaceAfter	_	_	_
,	O	O	O	O	O	O	_	_	_	_	_	_
violents	O	O	O	O	O	O	_	_	_	_	_	_
contre	O	O	O	O	O	O	_	_	EndOfLine	_	_	_
# segment_iiif_link = https://iiif.eluxemburgensia.lu/iiif/2/ark:%2f70795%2f5sxp1n%2fpages%2f1/1981,3738,696,49/full/0/default.jpg
les	O	O	O	O	O	O	_	_	_	_	_	_
opinions	O	O	O	O	O	O	_	_	NoSpaceAfter	_	_	_
,	O	O	O	O	O	O	_	_	_	_	_	_
violents	O	O	O	O	O	O	_	_	_	_	_	_
contre	O	O	O	O	O	O	_	_	_	_	_	_
les	O	O	O	O	O	O	_	_	_	_	_	_
hommes	O	O	O	O	O	O	_	_	NoSpaceAfter	_	_	_
.	O	O	O	O	O	O	_	_	EndOfLine	EndOfSentence	_	_
# segment_iiif_link = https://iiif.eluxemburgensia.lu/iiif/2/ark:%2f70795%2f5sxp1n%2fpages%2f1/2024,3783,812,48/full/0/default.jpg
Nous	O	O	O	O	O	O	_	_	_	_	_	_
les	O	O	O	O	O	O	_	_	_	_	_	_
avons	O	O	O	O	O	O	_	_	_	_	_	_
laissé	O	O	O	O	O	O	_	_	_	_	_	_
passer	O	O	O	O	O	O	_	_	NoSpaceAfter	_	_	_
,	O	O	O	O	O	O	_	_	_	_	_	_
parce	O	O	O	O	O	O	_	_	_	_	_	_
que	O	O	O	O	O	O	_	_	_	_	_	_
nous	O	O	O	O	O	O	_	_	EndOfLine	_	_	_
# segment_iiif_link = https://iiif.eluxemburgensia.lu/iiif/2/ark:%2f70795%2f5sxp1n%2fpages%2f1/1981,3839,855,41/full/0/default.jpg
savons	O	O	O	O	O	O	_	_	_	_	_	_
que	O	O	O	O	O	O	_	_	_	_	_	_
le	O	O	O	O	O	O	_	_	_	_	_	_
bon	O	O	O	O	O	O	_	_	_	_	_	_
sens	O	O	O	O	O	O	_	_	_	_	_	_
du	O	O	O	O	O	O	_	_	_	_	_	_
pays	O	O	O	O	O	O	_	_	_	_	_	_
en	O	O	O	O	O	O	_	_	_	_	_	_
écartera	O	O	O	O	O	O	_	_	EndOfLine	_	_	_
# segment_iiif_link = https://iiif.eluxemburgensia.lu/iiif/2/ark:%2f70795%2f5sxp1n%2fpages%2f1/1983,3883,517,45/full/0/default.jpg
soigneusement	O	O	O	O	O	O	_	_	_	_	_	_
tout	O	O	O	O	O	O	_	_	_	_	_	_
ce	O	O	O	O	O	O	_	_	_	_	_	_
qu	O	O	O	O	O	O	_	_	NoSpaceAfter	_	_	_
'	O	O	O	O	O	O	_	_	NoSpaceAfter	_	_	_
il	O	O	O	O	O	O	_	_	_	_	_	_
faut	O	O	O	O	O	O	_	_	_	_	_	_
rejeter	O	O	O	O	O	O	_	_	NoSpaceAfter	_	_	_
.	O	O	O	O	O	O	_	_	EndOfLine	EndOfSentence	_	_
# segment_iiif_link = https://iiif.eluxemburgensia.lu/iiif/2/ark:%2f70795%2f5sxp1n%2fpages%2f1/2024,3926,829,58/full/0/default.jpg
Toujours	O	O	O	O	O	O	_	_	_	_	_	_
est	O	O	O	O	O	O	_	_	NoSpaceAfter	_	_	_
-	O	O	O	O	O	O	_	_	NoSpaceAfter	_	_	_
il	O	O	O	O	O	O	_	_	_	_	_	_
cependant	O	O	O	O	O	O	_	_	NoSpaceAfter	_	_	_
,	O	O	O	O	O	O	_	_	_	_	_	_
que	O	O	O	O	O	O	_	_	_	_	_	_
nous	O	O	O	O	O	O	_	_	NoSpaceAfter	_	_	_
,	O	O	O	O	O	O	_	_	_	_	_	_
si	O	O	O	O	O	O	_	_	_	_	_	_
dévoués	O	O	O	O	O	O	_	_	_	_	_	_
à	O	O	O	O	O	O	_	_	EndOfLine	_	_	_
# segment_iiif_link = https://iiif.eluxemburgensia.lu/iiif/2/ark:%2f70795%2f5sxp1n%2fpages%2f1/1984,3972,856,51/full/0/default.jpg
l	O	O	O	O	O	O	_	_	NoSpaceAfter	_	_	_
'	O	O	O	O	O	O	_	_	NoSpaceAfter	_	_	_
ordre	O	O	O	O	O	O	_	_	_	_	_	_
et	O	O	O	O	O	O	_	_	_	_	_	_
à	O	O	O	O	O	O	_	_	_	_	_	_
la	O	O	O	O	O	O	_	_	_	_	_	_
paix	O	O	O	O	O	O	_	_	NoSpaceAfter	_	_	_
,	O	O	O	O	O	O	_	_	_	_	_	_
nous	O	O	O	O	O	O	_	_	_	_	_	_
voyons	O	O	O	O	O	O	_	_	_	_	_	_
devant	O	O	O	O	O	O	_	_	_	_	_	_
nous	O	O	O	O	O	O	_	_	EndOfLine	_	_	_
# segment_iiif_link = https://iiif.eluxemburgensia.lu/iiif/2/ark:%2f70795%2f5sxp1n%2fpages%2f1/1984,4029,858,53/full/0/default.jpg
quelques	O	O	O	O	O	O	_	_	_	_	_	_
hommes	O	O	O	O	O	O	_	_	_	_	_	_
devenant	O	O	O	O	O	O	_	_	_	_	_	_
de	O	O	O	O	O	O	_	_	_	_	_	_
jour	O	O	O	O	O	O	_	_	_	_	_	_
en	O	O	O	O	O	O	_	_	_	_	_	_
jour	O	O	O	O	O	O	_	_	NoSpaceAfter	_	_	_
,	O	O	O	O	O	O	_	_	_	_	_	_
plus	O	O	O	O	O	O	_	_	EndOfLine	_	_	_
# segment_iiif_link = https://iiif.eluxemburgensia.lu/iiif/2/ark:%2f70795%2f5sxp1n%2fpages%2f1/1983,4070,871,58/full/0/default.jpg
injustes	O	O	O	O	O	O	_	_	NoSpaceAfter	_	_	_
,	O	O	O	O	O	O	_	_	_	_	_	_
plus	O	O	O	O	O	O	_	_	_	_	_	_
aggressifs	O	O	O	O	O	O	_	_	NoSpaceAfter	_	_	_
.	O	O	O	O	O	O	_	_	_	EndOfSentence	_	_
plus	O	O	O	O	O	O	_	_	_	_	_	_
tracassiers	O	O	O	O	O	O	_	_	NoSpaceAfter	_	_	_
,	O	O	O	O	O	O	_	_	_	_	_	_
plus	O	O	O	O	O	O	_	_	_	_	_	_
ardents	O	O	O	O	O	O	_	_	NoSpaceAfter	_	_	_
.	O	O	O	O	O	O	_	_	EndOfLine	EndOfSentence	_	_
# segment_iiif_link = https://iiif.eluxemburgensia.lu/iiif/2/ark:%2f70795%2f5sxp1n%2fpages%2f1/2027,4112,829,51/full/0/default.jpg
Chercher	O	O	O	O	O	O	_	_	_	_	_	_
à	O	O	O	O	O	O	_	_	_	_	_	_
désaffectionner	O	O	O	O	O	O	_	_	_	_	_	_
le	O	O	O	O	O	O	_	_	_	_	_	_
peuple	O	O	O	O	O	O	_	_	_	_	_	_
du	O	O	O	O	O	O	_	_	_	_	_	_
pouvoir	O	O	O	O	O	O	_	_	EndOfLine	_	_	_
# segment_iiif_link = https://iiif.eluxemburgensia.lu/iiif/2/ark:%2f70795%2f5sxp1n%2fpages%2f1/1987,4159,869,56/full/0/default.jpg
temporel	O	O	O	O	O	O	_	_	NoSpaceAfter	_	_	_
,	O	O	O	O	O	O	_	_	_	_	_	_
et	O	O	O	O	O	O	_	_	_	_	_	_
des	O	O	O	O	O	O	_	_	_	_	_	_
hommes	O	O	O	O	O	O	_	_	_	_	_	_
qui	O	O	O	O	O	O	_	_	_	_	_	_
l	O	O	O	O	O	O	_	_	NoSpaceAfter	_	_	_
'	O	O	O	O	O	O	_	_	NoSpaceAfter	_	_	_
exercent	O	O	O	O	O	O	_	_	NoSpaceAfter	_	_	_
,	O	O	O	O	O	O	_	_	_	_	_	_
ce	O	O	O	O	O	O	_	_	_	_	_	_
n	O	O	O	O	O	O	_	_	NoSpaceAfter	_	_	_
'	O	O	O	O	O	O	_	_	NoSpaceAfter	_	_	_
est	O	O	O	O	O	O	_	_	EndOfLine	_	_	_
# segment_iiif_link = https://iiif.eluxemburgensia.lu/iiif/2/ark:%2f70795%2f5sxp1n%2fpages%2f2/207,203,878,50/full/0/default.jpg
pas	O	O	O	O	O	O	_	_	_	_	_	_
à	O	O	O	O	O	O	_	_	_	_	_	_
nos	O	O	O	O	O	O	_	_	_	_	_	_
yeux	O	O	O	O	O	O	_	_	_	_	_	_
se	O	O	O	O	O	O	_	_	_	_	_	_
montrer	O	O	O	O	O	O	_	_	_	_	_	_
amis	O	O	O	O	O	O	_	_	_	_	_	_
de	O	O	O	O	O	O	_	_	_	_	_	_
son	O	O	O	O	O	O	_	_	_	_	_	_
pays	O	O	O	O	O	O	_	_	NoSpaceAfter	_	_	_
,	O	O	O	O	O	O	_	_	_	_	_	_
et	O	O	O	O	O	O	_	_	_	_	_	_
cela	O	O	O	O	O	O	_	_	EndOfLine	_	_	_
# segment_iiif_link = https://iiif.eluxemburgensia.lu/iiif/2/ark:%2f70795%2f5sxp1n%2fpages%2f2/206,248,879,43/full/0/default.jpg
est	O	O	O	O	O	O	_	_	_	_	_	_
d	O	O	O	O	O	O	_	_	NoSpaceAfter	_	_	_
'	O	O	O	O	O	O	_	_	NoSpaceAfter	_	_	_
autant	O	O	O	O	O	O	_	_	_	_	_	_
plus	O	O	O	O	O	O	_	_	_	_	_	_
dangereux	O	O	O	O	O	O	_	_	_	_	_	_
quand	O	O	O	O	O	O	_	_	_	_	_	_
celui	O	O	O	O	O	O	_	_	_	_	_	_
qui	O	O	O	O	O	O	_	_	_	_	_	_
le	O	O	O	O	O	O	_	_	_	_	_	_
fait	O	O	O	O	O	O	_	_	NoSpaceAfter	_	_	_
,	O	O	O	O	O	O	_	_	EndOfLine	_	_	_
# segment_iiif_link = https://iiif.eluxemburgensia.lu/iiif/2/ark:%2f70795%2f5sxp1n%2fpages%2f2/210,298,598,40/full/0/default.jpg
se	O	O	O	O	O	O	_	_	_	_	_	_
croit	O	O	O	O	O	O	_	_	_	_	_	_
en	O	O	O	O	O	O	_	_	_	_	_	_
droit	O	O	O	O	O	O	_	_	_	_	_	_
d	O	O	O	O	O	O	_	_	NoSpaceAfter	_	_	_
'	O	O	O	O	O	O	_	_	NoSpaceAfter	_	_	_
être	O	O	O	O	O	O	_	_	_	_	_	_
plus	O	O	O	O	O	O	_	_	_	_	_	_
écoulé	O	O	O	O	O	O	_	_	NoSpaceAfter	_	_	_
.	O	O	O	O	O	O	_	_	EndOfLine	EndOfSentence	_	_
# segment_iiif_link = https://iiif.eluxemburgensia.lu/iiif/2/ark:%2f70795%2f5sxp1n%2fpages%2f2/251,336,837,49/full/0/default.jpg
Nous	O	O	O	O	O	O	_	_	_	_	_	_
ne	O	O	O	O	O	O	_	_	_	_	_	_
le	O	O	O	O	O	O	_	_	_	_	_	_
cachons	O	O	O	O	O	O	_	_	_	_	_	_
pas	O	O	O	O	O	O	_	_	NoSpaceAfter	_	_	_
,	O	O	O	O	O	O	_	_	_	_	_	_
nous	O	O	O	O	O	O	_	_	_	_	_	_
ramenons	O	O	O	O	O	O	_	_	NoSpaceAfter	_	_	_
,	O	O	O	O	O	O	_	_	_	_	_	_
quant	O	O	O	O	O	O	_	_	EndOfLine	_	_	_
# segment_iiif_link = https://iiif.eluxemburgensia.lu/iiif/2/ark:%2f70795%2f5sxp1n%2fpages%2f2/209,383,880,45/full/0/default.jpg
à	O	O	O	O	O	O	_	_	_	_	_	_
nous	O	O	O	O	O	O	_	_	NoSpaceAfter	_	_	_
,	O	O	O	O	O	O	_	_	_	_	_	_
tout	O	O	O	O	O	O	_	_	_	_	_	_
à	O	O	O	O	O	O	_	_	_	_	_	_
un	O	O	O	O	O	O	_	_	_	_	_	_
premier	O	O	O	O	O	O	_	_	_	_	_	_
sentiment	O	O	O	O	O	O	_	_	NoSpaceAfter	_	_	_
,	O	O	O	O	O	O	_	_	_	_	_	_
la	O	O	O	O	O	O	_	_	_	_	_	_
Patrie	O	O	O	O	O	O	_	_	NoSpaceAfter	_	_	_
,	O	O	O	O	O	O	_	_	_	_	_	_
et	O	O	O	O	O	O	_	_	EndOfLine	_	_	_
# segment_iiif_link = https://iiif.eluxemburgensia.lu/iiif/2/ark:%2f70795%2f5sxp1n%2fpages%2f2/211,439,879,40/full/0/default.jpg
nous	O	O	O	O	O	O	_	_	_	_	_	_
craignons	O	O	O	O	O	O	_	_	NoSpaceAfter	_	_	_
,	O	O	O	O	O	O	_	_	_	_	_	_
n	O	O	O	O	O	O	_	_	NoSpaceAfter	_	_	_
'	O	O	O	O	O	O	_	_	NoSpaceAfter	_	_	_
importent	O	O	O	O	O	O	_	_	_	_	_	_
d	O	O	O	O	O	O	_	_	NoSpaceAfter	_	_	_
'	O	O	O	O	O	O	_	_	NoSpaceAfter	_	_	_
où	O	O	O	O	O	O	_	_	_	_	_	_
ils	O	O	O	O	O	O	_	_	_	_	_	_
viennent	O	O	O	O	O	O	_	_	NoSpaceAfter	_	_	_
,	O	O	O	O	O	O	_	_	_	_	_	_
les	O	O	O	O	O	O	_	_	EndOfLine	_	_	_
# segment_iiif_link = https://iiif.eluxemburgensia.lu/iiif/2/ark:%2f70795%2f5sxp1n%2fpages%2f2/210,477,694,48/full/0/default.jpg
faits	O	O	O	O	O	O	_	_	_	_	_	_
qui	O	O	O	O	O	O	_	_	_	_	_	_
peuvent	O	O	O	O	O	O	_	_	_	_	_	_
troubler	O	O	O	O	O	O	_	_	_	_	_	_
sa	O	O	O	O	O	O	_	_	_	_	_	_
tranquillité	O	O	O	O	O	O	_	_	NoSpaceAfter	_	_	_
.	O	O	O	O	O	O	_	_	EndOfLine	EndOfSentence	_	_
# segment_iiif_link = https://iiif.eluxemburgensia.lu/iiif/2/ark:%2f70795%2f5sxp1n%2fpages%2f2/251,524,826,47/full/0/default.jpg
Nous	O	O	O	O	O	O	_	_	_	_	_	_
avons	O	O	O	O	O	O	_	_	_	_	_	_
voulu	O	O	O	O	O	O	_	_	_	_	_	_
nous	O	O	O	O	O	O	_	_	_	_	_	_
taire	O	O	O	O	O	O	_	_	_	_	_	_
alors	O	O	O	O	O	O	_	_	NoSpaceAfter	_	_	_
,	O	O	O	O	O	O	_	_	_	_	_	_
niais	O	O	O	O	O	O	_	_	_	_	_	_
il	O	O	O	O	O	O	_	_	_	_	_	_
est	O	O	O	O	O	O	_	_	EndOfLine	_	_	_
# segment_iiif_link = https://iiif.eluxemburgensia.lu/iiif/2/ark:%2f70795%2f5sxp1n%2fpages%2f2/210,569,882,48/full/0/default.jpg
certain	O	O	O	O	O	O	_	_	_	_	_	_
que	O	O	O	O	O	O	_	_	_	_	_	_
des	O	O	O	O	O	O	_	_	_	_	_	_
actes	O	O	O	O	O	O	_	_	_	_	_	_
du	O	O	O	O	O	O	_	_	_	_	_	_
genre	O	O	O	O	O	O	_	_	_	_	_	_
de	O	O	O	O	O	O	_	_	_	_	_	_
l	O	O	O	O	O	O	_	_	NoSpaceAfter	_	_	_
'	O	O	O	O	O	O	_	_	NoSpaceAfter	_	_	_
achat	O	O	O	O	O	O	_	_	_	_	_	_
du	O	O	O	O	O	O	_	_	_	_	_	_
jardin	O	O	O	O	O	O	_	_	EndOfLine	_	_	_
# segment_iiif_link = https://iiif.eluxemburgensia.lu/iiif/2/ark:%2f70795%2f5sxp1n%2fpages%2f2/209,614,883,51/full/0/default.jpg
Scheuer	O	O	O	O	O	O	_	_	_	_	_	_
étaient	O	O	O	O	O	O	_	_	_	_	_	_
de	O	O	O	O	O	O	_	_	_	_	_	_
nature	O	O	O	O	O	O	_	_	_	_	_	_
à	O	O	O	O	O	O	_	_	_	_	_	_
jeter	O	O	O	O	O	O	_	_	_	_	_	_
l	O	O	O	O	O	O	_	_	NoSpaceAfter	_	_	_
'	O	O	O	O	O	O	_	_	NoSpaceAfter	_	_	_
inquiétude	O	O	O	O	O	O	_	_	_	_	_	_
dans	O	O	O	O	O	O	_	_	EndOfLine	_	_	_
# segment_iiif_link = https://iiif.eluxemburgensia.lu/iiif/2/ark:%2f70795%2f5sxp1n%2fpages%2f2/209,665,867,45/full/0/default.jpg
les	O	O	O	O	O	O	_	_	_	_	_	_
esprits	O	O	O	O	O	O	_	_	NoSpaceAfter	_	_	_
,	O	O	O	O	O	O	_	_	_	_	_	_
et	O	O	O	O	O	O	_	_	_	_	_	_
quand	O	O	O	O	O	O	_	_	_	_	_	_
des	O	O	O	O	O	O	_	_	_	_	_	_
actes	O	O	O	O	O	O	_	_	_	_	_	_
de	O	O	O	O	O	O	_	_	_	_	_	_
ce	O	O	O	O	O	O	_	_	_	_	_	_
genre	O	O	O	O	O	O	_	_	_	_	_	_
sont	O	O	O	O	O	O	_	_	EndOfLine	_	_	_
# segment_iiif_link = https://iiif.eluxemburgensia.lu/iiif/2/ark:%2f70795%2f5sxp1n%2fpages%2f2/207,718,872,40/full/0/default.jpg
encore	O	O	O	O	O	O	_	_	_	_	_	_
soutenus	O	O	O	O	O	O	_	_	_	_	_	_
avec	O	O	O	O	O	O	_	_	_	_	_	_
une	O	O	O	O	O	O	_	_	_	_	_	_
audace	O	O	O	O	O	O	_	_	_	_	_	_
incroyable	O	O	O	O	O	O	_	_	_	_	_	_
de	O	O	O	O	O	O	_	_	EndOfLine	_	_	_
# segment_iiif_link = https://iiif.eluxemburgensia.lu/iiif/2/ark:%2f70795%2f5sxp1n%2fpages%2f2/207,764,885,48/full/0/default.jpg
langage	O	O	O	O	O	O	_	_	_	_	_	_
,	O	O	O	O	O	O	_	_	_	_	_	_
tous	O	O	O	O	O	O	_	_	_	_	_	_
les	O	O	O	O	O	O	_	_	_	_	_	_
hommes	O	O	O	O	O	O	_	_	_	_	_	_
bien	O	O	O	O	O	O	_	_	_	_	_	_
pensants	O	O	O	O	O	O	_	_	_	_	_	_
sont	O	O	O	O	O	O	_	_	_	_	_	_
autorisés	O	O	O	O	O	O	_	_	NoSpaceAfter	_	_	_
,	O	O	O	O	O	O	_	_	EndOfLine	_	_	_
# segment_iiif_link = https://iiif.eluxemburgensia.lu/iiif/2/ark:%2f70795%2f5sxp1n%2fpages%2f2/206,810,873,38/full/0/default.jpg
comme	O	O	O	O	O	O	_	_	_	_	_	_
nous	O	O	O	O	O	O	_	_	_	_	_	_
l	O	O	O	O	O	O	_	_	NoSpaceAfter	_	_	_
'	O	O	O	O	O	O	_	_	NoSpaceAfter	_	_	_
avons	O	O	O	O	O	O	_	_	_	_	_	_
écrit	O	O	O	O	O	O	_	_	NoSpaceAfter	_	_	_
,	O	O	O	O	O	O	_	_	_	_	_	_
à	O	O	O	O	O	O	_	_	_	_	_	_
penser	O	O	O	O	O	O	_	_	NoSpaceAfter	_	_	_
,	O	O	O	O	O	O	_	_	_	_	_	_
qu	O	O	O	O	O	O	_	_	NoSpaceAfter	_	_	_
'	O	O	O	O	O	O	_	_	NoSpaceAfter	_	_	_
il	O	O	O	O	O	O	_	_	_	_	_	_
est	O	O	O	O	O	O	_	_	_	_	_	_
du	O	O	O	O	O	O	_	_	EndOfLine	_	_	_
# segment_iiif_link = https://iiif.eluxemburgensia.lu/iiif/2/ark:%2f70795%2f5sxp1n%2fpages%2f2/207,846,888,50/full/0/default.jpg
devoir	O	O	O	O	O	O	_	_	_	_	_	_
de	O	O	O	O	O	O	_	_	_	_	_	_
l	O	O	O	O	O	O	_	_	NoSpaceAfter	_	_	_
'	O	O	O	O	O	O	_	_	NoSpaceAfter	_	_	_
autorité	O	O	O	O	O	O	_	_	_	_	_	_
publique	O	O	O	O	O	O	_	_	_	_	_	_
de	O	O	O	O	O	O	_	_	_	_	_	_
veiller	O	O	O	O	O	O	_	_	NoSpaceAfter	_	_	_
,	O	O	O	O	O	O	_	_	_	_	_	_
à	O	O	O	O	O	O	_	_	_	_	_	_
ce	O	O	O	O	O	O	_	_	_	_	_	_
que	O	O	O	O	O	O	_	_	_	_	_	_
les	O	O	O	O	O	O	_	_	EndOfLine	_	_	_
# segment_iiif_link = https://iiif.eluxemburgensia.lu/iiif/2/ark:%2f70795%2f5sxp1n%2fpages%2f2/206,892,874,58/full/0/default.jpg
pratiques	O	O	O	O	O	O	_	_	_	_	_	_
religieuses	O	O	O	O	O	O	_	_	NoSpaceAfter	_	_	_
,	O	O	O	O	O	O	_	_	_	_	_	_
même	O	O	O	O	O	O	_	_	_	_	_	_
les	O	O	O	O	O	O	_	_	_	_	_	_
missions	O	O	O	O	O	O	_	_	NoSpaceAfter	_	_	_
,	O	O	O	O	O	O	_	_	_	_	_	_
ne	O	O	O	O	O	O	_	_	EndOfLine	_	_	_
# segment_iiif_link = https://iiif.eluxemburgensia.lu/iiif/2/ark:%2f70795%2f5sxp1n%2fpages%2f2/210,947,886,42/full/0/default.jpg
deviennent	O	O	O	O	O	O	_	_	_	_	_	_
pas	O	O	O	O	O	O	_	_	_	_	_	_
plus	O	O	O	O	O	O	_	_	_	_	_	_
que	O	O	O	O	O	O	_	_	_	_	_	_
leurs	O	O	O	O	O	O	_	_	_	_	_	_
auteurs	O	O	O	O	O	O	_	_	NoSpaceAfter	_	_	_
,	O	O	O	O	O	O	_	_	_	_	_	_
un	O	O	O	O	O	O	_	_	_	_	_	_
sujet	O	O	O	O	O	O	_	_	_	_	_	_
de	O	O	O	O	O	O	_	_	EndOfLine	_	_	_
# segment_iiif_link = https://iiif.eluxemburgensia.lu/iiif/2/ark:%2f70795%2f5sxp1n%2fpages%2f2/214,985,559,50/full/0/default.jpg
trouble	O	O	O	O	O	O	_	_	_	_	_	_
et	O	O	O	O	O	O	_	_	_	_	_	_
de	O	O	O	O	O	O	_	_	_	_	_	_
danger	O	O	O	O	O	O	_	_	_	_	_	_
dans	O	O	O	O	O	O	_	_	_	_	_	_
l	O	O	O	O	O	O	_	_	NoSpaceAfter	_	_	_
'	O	O	O	O	O	O	_	_	NoSpaceAfter	_	_	_
Etat	O	O	O	O	O	O	_	_	NoSpaceAfter	_	_	_
.	O	O	O	O	O	O	_	_	EndOfLine	EndOfSentence	_	_
# segment_iiif_link = https://iiif.eluxemburgensia.lu/iiif/2/ark:%2f70795%2f5sxp1n%2fpages%2f2/252,1032,826,49/full/0/default.jpg
Il	O	O	O	O	O	O	_	_	_	_	_	_
nous	O	O	O	O	O	O	_	_	_	_	_	_
semble	O	O	O	O	O	O	_	_	_	_	_	_
au	O	O	O	O	O	O	_	_	_	_	_	_
surplus	O	O	O	O	O	O	_	_	NoSpaceAfter	_	_	_
,	O	O	O	O	O	O	_	_	_	_	_	_
que	O	O	O	O	O	O	_	_	_	_	_	_
le	O	O	O	O	O	O	_	_	_	_	_	_
clergé	O	O	O	O	O	O	_	_	EndOfLine	_	_	_
# segment_iiif_link = https://iiif.eluxemburgensia.lu/iiif/2/ark:%2f70795%2f5sxp1n%2fpages%2f2/212,1080,884,58/full/0/default.jpg
Luxembourgeois	O	O	O	O	O	O	_	_	_	_	_	_
est	O	O	O	O	O	O	_	_	_	_	_	_
assez	O	O	O	O	O	O	_	_	_	_	_	_
zélé	O	O	O	O	O	O	_	_	_	_	_	_
et	O	O	O	O	O	O	_	_	_	_	_	_
assez	O	O	O	O	O	O	_	_	_	_	_	_
instruit	O	O	O	O	O	O	_	_	NoSpaceAfter	_	_	_
,	O	O	O	O	O	O	_	_	_	_	_	_
le	O	O	O	O	O	O	_	_	_	_	_	_
pays	O	O	O	O	O	O	_	_	EndOfLine	_	_	_
# segment_iiif_link = https://iiif.eluxemburgensia.lu/iiif/2/ark:%2f70795%2f5sxp1n%2fpages%2f2/209,1136,889,37/full/0/default.jpg
assez	O	O	O	O	O	O	_	_	_	_	_	_
religieux	O	O	O	O	O	O	_	_	_	_	_	_
et	O	O	O	O	O	O	_	_	_	_	_	_
assez	O	O	O	O	O	O	_	_	_	_	_	_
docile	O	O	O	O	O	O	_	_	NoSpaceAfter	_	_	_
,	O	O	O	O	O	O	_	_	_	_	_	_
pour	O	O	O	O	O	O	_	_	_	_	_	_
ne	O	O	O	O	O	O	_	_	_	_	_	_
pas	O	O	O	O	O	O	_	_	_	_	_	_
avoir	O	O	O	O	O	O	_	_	EndOfLine	_	_	_
# segment_iiif_link = https://iiif.eluxemburgensia.lu/iiif/2/ark:%2f70795%2f5sxp1n%2fpages%2f2/214,1171,882,49/full/0/default.jpg
besoin	O	O	O	O	O	O	_	_	_	_	_	_
de	O	O	O	O	O	O	_	_	_	_	_	_
désirer	O	O	O	O	O	O	_	_	_	_	_	_
au	O	O	O	O	O	O	_	_	_	_	_	_
milieu	O	O	O	O	O	O	_	_	_	_	_	_
de	O	O	O	O	O	O	_	_	_	_	_	_
nous	O	O	O	O	O	O	_	_	_	_	_	_
une	O	O	O	O	O	O	_	_	_	_	_	_
Maison	O	O	O	O	O	O	_	_	_	_	_	_
de	O	O	O	O	O	O	_	_	EndOfLine	_	_	_
# segment_iiif_link = https://iiif.eluxemburgensia.lu/iiif/2/ark:%2f70795%2f5sxp1n%2fpages%2f2/209,1218,886,54/full/0/default.jpg
mission	O	O	O	O	O	O	_	_	NoSpaceAfter	_	_	_
,	O	O	O	O	O	O	_	_	_	_	_	_
comme	O	O	O	O	O	O	_	_	_	_	_	_
si	O	O	O	O	O	O	_	_	_	_	_	_
nous	O	O	O	O	O	O	_	_	_	_	_	_
étions	O	O	O	O	O	O	_	_	_	_	_	_
des	O	O	O	O	O	O	_	_	_	_	_	_
incorrigibles	O	O	O	O	O	O	_	_	_	_	_	_
à	O	O	O	O	O	O	_	_	EndOfLine	_	_	_
# segment_iiif_link = https://iiif.eluxemburgensia.lu/iiif/2/ark:%2f70795%2f5sxp1n%2fpages%2f2/209,1266,99,49/full/0/default.jpg
la	O	O	O	O	O	O	_	_	_	_	_	_
foi	O	O	O	O	O	O	_	_	NoSpaceAfter	_	_	_
.	O	O	O	O	O	O	_	_	EndOfLine	EndOfSentence	_	_
# segment_iiif_link = https://iiif.eluxemburgensia.lu/iiif/2/ark:%2f70795%2f5sxp1n%2fpages%2f2/253,1368,826,48/full/0/default.jpg
Dans	O	O	O	O	O	O	_	_	_	_	_	_
notre	O	O	O	O	O	O	_	_	_	_	_	_
précédent	O	O	O	O	O	O	_	_	_	_	_	_
article	O	O	O	O	O	O	_	_	NoSpaceAfter	_	_	_
,	O	O	O	O	O	O	_	_	_	_	_	_
nous	O	O	O	O	O	O	_	_	_	_	_	_
n	O	O	O	O	O	O	_	_	NoSpaceAfter	_	_	_
'	O	O	O	O	O	O	_	_	NoSpaceAfter	_	_	_
avions	O	O	O	O	O	O	_	_	_	_	_	_
ni	O	O	O	O	O	O	_	_	EndOfLine	_	_	_
# segment_iiif_link = https://iiif.eluxemburgensia.lu/iiif/2/ark:%2f70795%2f5sxp1n%2fpages%2f2/210,1415,885,58/full/0/default.jpg
approuvé	O	O	O	O	O	O	_	_	_	_	_	_
ni	O	O	O	O	O	O	_	_	_	_	_	_
blâmé	O	O	O	O	O	O	_	_	_	_	_	_
M	O	O	O	O	O	O	_	_	NoSpaceAfter	_	_	_
.	O	O	O	O	O	O	_	_	_	_	_	_
Boch	O	O	O	O	O	O	_	_	_	_	_	_
:	O	O	O	O	O	O	_	_	_	_	_	_
nous	O	O	O	O	O	O	_	_	_	_	_	_
voulions	O	O	O	O	O	O	_	_	_	_	_	_
défendre	O	O	O	O	O	O	_	_	EndOfLine	_	_	_
# segment_iiif_link = https://iiif.eluxemburgensia.lu/iiif/2/ark:%2f70795%2f5sxp1n%2fpages%2f2/210,1471,885,38/full/0/default.jpg
ce	O	O	O	O	O	O	_	_	_	_	_	_
digne	O	O	O	O	O	O	_	_	_	_	_	_
citoyen	O	O	O	O	O	O	_	_	_	_	_	_
contre	O	O	O	O	O	O	_	_	_	_	_	_
de	O	O	O	O	O	O	_	_	_	_	_	_
méchantes	O	O	O	O	O	O	_	_	_	_	_	_
paroles	O	O	O	O	O	O	_	_	_	_	_	_
:	O	O	O	O	O	O	_	_	_	_	_	_
c	O	O	O	O	O	O	_	_	NoSpaceAfter	_	_	_
'	O	O	O	O	O	O	_	_	NoSpaceAfter	_	_	_
est	O	O	O	O	O	O	_	_	EndOfLine	_	_	_
# segment_iiif_link = https://iiif.eluxemburgensia.lu/iiif/2/ark:%2f70795%2f5sxp1n%2fpages%2f2/209,1518,886,38/full/0/default.jpg
en	O	O	O	O	O	O	_	_	_	_	_	_
général	O	O	O	O	O	O	_	_	_	_	_	_
que	O	O	O	O	O	O	_	_	_	_	_	_
nous	O	O	O	O	O	O	_	_	_	_	_	_
parlons	O	O	O	O	O	O	_	_	_	_	_	_
encore	O	O	O	O	O	O	_	_	_	_	_	_
aujourd	O	O	O	O	O	O	_	_	NoSpaceAfter	_	_	_
'	O	O	O	O	O	O	_	_	NoSpaceAfter	_	_	_
hui	O	O	O	O	O	O	_	_	NoSpaceAfter	_	_	_
,	O	O	O	O	O	O	_	_	_	_	_	_
et	O	O	O	O	O	O	_	_	EndOfLine	_	_	_
# segment_iiif_link = https://iiif.eluxemburgensia.lu/iiif/2/ark:%2f70795%2f5sxp1n%2fpages%2f2/211,1565,679,38/full/0/default.jpg
non	O	O	O	O	O	O	_	_	_	_	_	_
au	O	O	O	O	O	O	_	_	_	_	_	_
cas	O	O	O	O	O	O	_	_	_	_	_	_
particulier	O	O	O	O	O	O	_	_	_	_	_	_
de	O	O	O	O	O	O	_	_	_	_	_	_
Seplfontaines	O	O	O	O	O	O	_	_	NoSpaceAfter	_	_	_
.	O	O	O	O	O	O	_	_	EndOfLine	EndOfSentence	_	_
# segment_iiif_link = https://iiif.eluxemburgensia.lu/iiif/2/ark:%2f70795%2f5sxp1n%2fpages%2f2/253,1668,797,48/full/0/default.jpg
Petit	O	O	O	O	O	O	_	_	_	_	_	_
incident	O	O	O	O	O	O	_	_	_	_	_	_
à	O	O	O	O	O	O	_	_	_	_	_	_
la	O	O	O	O	O	O	_	_	_	_	_	_
Chambre	O	O	O	O	O	O	_	_	_	_	_	_
belge	O	O	O	O	O	O	_	_	NoSpaceAfter	_	_	_
,	O	O	O	O	O	O	_	_	_	_	_	_
le	O	O	O	O	O	O	_	_	_	_	_	_
11	O	O	O	O	O	O	_	_	_	_	_	_
février	O	O	O	O	O	O	_	_	NoSpaceAfter	_	_	_
.	O	O	O	O	O	O	_	_	EndOfLine	EndOfSentence	_	_
# segment_iiif_link = https://iiif.eluxemburgensia.lu/iiif/2/ark:%2f70795%2f5sxp1n%2fpages%2f2/255,1726,837,48/full/0/default.jpg
M	O	O	O	O	O	O	_	_	NoSpaceAfter	_	_	_
.	O	O	O	O	O	O	_	_	_	_	_	_
Orban	O	O	O	O	O	O	_	_	NoSpaceAfter	_	_	_
.	O	O	O	O	O	O	_	_	_	EndOfSentence	_	_
Je	O	O	O	O	O	O	_	_	_	_	_	_
demanderai	O	O	O	O	O	O	_	_	_	_	_	_
au	O	O	O	O	O	O	_	_	_	_	_	_
gouvernement	O	O	O	O	O	O	_	_	_	_	_	_
s	O	O	O	O	O	O	_	_	NoSpaceAfter	_	_	_
'	O	O	O	O	O	O	_	_	NoSpaceAfter	_	_	_
il	O	O	O	O	O	O	_	_	EndOfLine	_	_	_
# segment_iiif_link = https://iiif.eluxemburgensia.lu/iiif/2/ark:%2f70795%2f5sxp1n%2fpages%2f2/211,1772,879,50/full/0/default.jpg
maintient	O	O	O	O	O	O	_	_	_	_	_	_
le	O	O	O	O	O	O	_	_	_	_	_	_
principe	O	O	O	O	O	O	_	_	_	_	_	_
de	O	O	O	O	O	O	_	_	_	_	_	_
solidarité	O	O	O	O	O	O	_	_	_	_	_	_
quant	O	O	O	O	O	O	_	_	_	_	_	_
à	O	O	O	O	O	O	_	_	_	_	_	_
l	O	O	O	O	O	O	_	_	NoSpaceAfter	_	_	_
'	O	O	O	O	O	O	_	_	NoSpaceAfter	_	_	_
exécution	O	O	O	O	O	O	_	_	EndOfLine	_	_	_
# segment_iiif_link = https://iiif.eluxemburgensia.lu/iiif/2/ark:%2f70795%2f5sxp1n%2fpages%2f2/210,1817,865,51/full/0/default.jpg
des	O	O	O	O	O	O	_	_	_	_	_	_
travaux	O	O	O	O	O	O	_	_	_	_	_	_
en	O	O	O	O	O	O	_	_	_	_	_	_
général	O	O	O	O	O	O	_	_	NoSpaceAfter	_	_	_
,	O	O	O	O	O	O	_	_	_	_	_	_
en	O	O	O	O	O	O	_	_	_	_	_	_
ce	O	O	O	O	O	O	_	_	_	_	_	_
qui	O	O	O	O	O	O	_	_	_	_	_	_
concerne	O	O	O	O	O	O	_	_	_	_	_	_
plus	O	O	O	O	O	O	_	_	EndOfLine	_	_	_
# segment_iiif_link = https://iiif.eluxemburgensia.lu/iiif/2/ark:%2f70795%2f5sxp1n%2fpages%2f2/211,1866,754,49/full/0/default.jpg
particulièrement	O	O	O	O	O	O	_	_	_	_	_	_
la	O	O	O	O	O	O	_	_	_	_	_	_
Compagnie	O	O	O	O	O	O	_	_	_	_	_	_
du	O	O	O	O	O	O	_	_	_	_	_	_
Luxembourg	O	O	O	O	O	O	_	_	NoSpaceAfter	_	_	_
.	O	O	O	O	O	O	_	_	EndOfLine	EndOfSentence	_	_
# segment_iiif_link = https://iiif.eluxemburgensia.lu/iiif/2/ark:%2f70795%2f5sxp1n%2fpages%2f2/255,1912,833,48/full/0/default.jpg
M	O	O	O	O	O	O	_	_	NoSpaceAfter	_	_	_
.	O	O	O	O	O	O	_	_	_	_	_	_
van	O	O	O	O	O	O	_	_	_	_	_	_
HooREBECKe	O	O	O	O	O	O	_	_	NoSpaceAfter	_	_	_
,	O	O	O	O	O	O	_	_	_	_	_	_
ministre	O	O	O	O	O	O	_	_	NoSpaceAfter	_	_	_
.	O	O	O	O	O	O	_	_	_	EndOfSentence	_	_
La	O	O	O	O	O	O	_	_	_	_	_	_
compagnie	O	O	O	O	O	O	_	_	_	_	_	_
d	O	O	O	O	O	O	_	_	NoSpaceAfter	_	_	_
'	O	O	O	O	O	O	_	_	NoSpaceAfter	_	_	_
i	O	O	O	O	O	O	_	_	EndOfLine	_	_	_
# segment_iiif_link = https://iiif.eluxemburgensia.lu/iiif/2/ark:%2f70795%2f5sxp1n%2fpages%2f2/209,1958,880,61/full/0/default.jpg
Luxembourg	O	O	O	O	O	O	_	_	_	_	_	_
est	O	O	O	O	O	O	_	_	_	_	_	_
une	O	O	O	O	O	O	_	_	_	_	_	_
des	O	O	O	O	O	O	_	_	_	_	_	_
plus	O	O	O	O	O	O	_	_	_	_	_	_
solides	O	O	O	O	O	O	_	_	NoSpaceAfter	_	_	_
,	O	O	O	O	O	O	_	_	_	_	_	_
une	O	O	O	O	O	O	_	_	_	_	_	_
de	O	O	O	O	O	O	_	_	_	_	_	_
celles	O	O	O	O	O	O	_	_	EndOfLine	_	_	_
# segment_iiif_link = https://iiif.eluxemburgensia.lu/iiif/2/ark:%2f70795%2f5sxp1n%2fpages%2f2/206,2007,882,58/full/0/default.jpg
qui	O	O	O	O	O	O	_	_	_	_	_	_
présentent	O	O	O	O	O	O	_	_	_	_	_	_
le	O	O	O	O	O	O	_	_	_	_	_	_
plus	O	O	O	O	O	O	_	_	_	_	_	_
de	O	O	O	O	O	O	_	_	_	_	_	_
garanties	O	O	O	O	O	O	_	_	NoSpaceAfter	_	_	_
.	O	O	O	O	O	O	_	_	_	EndOfSentence	_	_
Elle	O	O	O	O	O	O	_	_	_	_	_	_
a	O	O	O	O	O	O	_	_	_	_	_	_
déjà	O	O	O	O	O	O	_	_	_	_	_	_
mis	O	O	O	O	O	O	_	_	EndOfLine	_	_	_
# segment_iiif_link = https://iiif.eluxemburgensia.lu/iiif/2/ark:%2f70795%2f5sxp1n%2fpages%2f2/205,2054,881,49/full/0/default.jpg
la	O	O	O	O	O	O	_	_	_	_	_	_
main	O	O	O	O	O	O	_	_	_	_	_	_
à	O	O	O	O	O	O	_	_	_	_	_	_
l	O	O	O	O	O	O	_	_	NoSpaceAfter	_	_	_
'	O	O	O	O	O	O	_	_	NoSpaceAfter	_	_	_
œuvre	O	O	O	O	O	O	_	_	NoSpaceAfter	_	_	_
.	O	O	O	O	O	O	_	_	_	EndOfSentence	_	_
Elle	O	O	O	O	O	O	_	_	_	_	_	_
émet	O	O	O	O	O	O	_	_	_	_	_	_
des	O	O	O	O	O	O	_	_	_	_	_	_
actions	O	O	O	O	O	O	_	_	_	_	_	_
nouvelles	O	O	O	O	O	O	_	_	NoSpaceAfter	_	_	_
.	O	O	O	O	O	O	_	_	EndOfLine	EndOfSentence	_	_
# segment_iiif_link = https://iiif.eluxemburgensia.lu/iiif/2/ark:%2f70795%2f5sxp1n%2fpages%2f2/206,2100,863,49/full/0/default.jpg
Je	O	O	O	O	O	O	_	_	_	_	_	_
m	O	O	O	O	O	O	_	_	NoSpaceAfter	_	_	_
'	O	O	O	O	O	O	_	_	NoSpaceAfter	_	_	_
étonne	O	O	O	O	O	O	_	_	_	_	_	_
de	O	O	O	O	O	O	_	_	_	_	_	_
ce	O	O	O	O	O	O	_	_	_	_	_	_
que	O	O	O	O	O	O	_	_	_	_	_	_
M	O	O	O	O	O	O	_	_	NoSpaceAfter	_	_	_
.	O	O	O	O	O	O	_	_	_	_	_	_
Orban	O	O	O	O	O	O	_	_	_	_	_	_
l	O	O	O	O	O	O	_	_	NoSpaceAfter	_	_	_
'	O	O	O	O	O	O	_	_	NoSpaceAfter	_	_	_
ait	O	O	O	O	O	O	_	_	_	_	_	_
accusée	O	O	O	O	O	O	_	_	_	_	_	_
de	O	O	O	O	O	O	_	_	EndOfLine	_	_	_
# segment_iiif_link = https://iiif.eluxemburgensia.lu/iiif/2/ark:%2f70795%2f5sxp1n%2fpages%2f2/206,2146,204,49/full/0/default.jpg
mauvais	O	O	O	O	O	O	_	_	_	_	_	_
vouloir	O	O	O	O	O	O	_	_	NoSpaceAfter	_	_	_
.	O	O	O	O	O	O	_	_	EndOfLine	EndOfSentence	_	_
# segment_iiif_link = https://iiif.eluxemburgensia.lu/iiif/2/ark:%2f70795%2f5sxp1n%2fpages%2f2/250,2191,838,49/full/0/default.jpg
M	O	O	O	O	O	O	_	_	NoSpaceAfter	_	_	_
.	O	O	O	O	O	O	_	_	_	_	_	_
Orban	O	O	O	O	O	O	_	_	NoSpaceAfter	_	_	_
.	O	O	O	O	O	O	_	_	_	EndOfSentence	_	_
Je	O	O	O	O	O	O	_	_	_	_	_	_
n	O	O	O	O	O	O	_	_	NoSpaceAfter	_	_	_
'	O	O	O	O	O	O	_	_	NoSpaceAfter	_	_	_
ai	O	O	O	O	O	O	_	_	_	_	_	_
pas	O	O	O	O	O	O	_	_	_	_	_	_
accusé	O	O	O	O	O	O	_	_	_	_	_	_
la	O	O	O	O	O	O	_	_	_	_	_	_
Compagnie	O	O	O	O	O	O	_	_	_	_	_	_
du	O	O	O	O	O	O	_	_	EndOfLine	_	_	_
# segment_iiif_link = https://iiif.eluxemburgensia.lu/iiif/2/ark:%2f70795%2f5sxp1n%2fpages%2f2/209,2233,881,60/full/0/default.jpg
Luxembourg	O	O	O	O	O	O	_	_	_	_	_	_
de	O	O	O	O	O	O	_	_	_	_	_	_
mauvais	O	O	O	O	O	O	_	_	_	_	_	_
vouloir	O	O	O	O	O	O	_	_	NoSpaceAfter	_	_	_
.	O	O	O	O	O	O	_	_	_	EndOfSentence	_	_
Mais	O	O	O	O	O	O	_	_	_	_	_	_
il	O	O	O	O	O	O	_	_	_	_	_	_
faut	O	O	O	O	O	O	_	_	_	_	_	_
autre	O	O	O	O	O	O	_	_	EndOfLine	_	_	_
# segment_iiif_link = https://iiif.eluxemburgensia.lu/iiif/2/ark:%2f70795%2f5sxp1n%2fpages%2f2/207,2281,882,51/full/0/default.jpg
rho	O	O	O	O	O	O	_	_	NoSpaceAfter	_	_	_
-	O	O	O	O	O	O	_	_	NoSpaceAfter	_	_	_
.	O	O	O	O	O	O	_	_	NoSpaceAfter	EndOfSentence	_	_
e	O	O	O	O	O	O	_	_	_	_	_	_
que	O	O	O	O	O	O	_	_	_	_	_	_
du	O	O	O	O	O	O	_	_	_	_	_	_
bon	O	O	O	O	O	O	_	_	_	_	_	_
vouloir	O	O	O	O	O	O	_	_	NoSpaceAfter	_	_	_
.	O	O	O	O	O	O	_	_	_	EndOfSentence	_	_
Il	O	O	O	O	O	O	_	_	_	_	_	_
faut	O	O	O	O	O	O	_	_	_	_	_	_
de	O	O	O	O	O	O	_	_	_	_	_	_
l	O	O	O	O	O	O	_	_	NoSpaceAfter	_	_	_
'	O	O	O	O	O	O	_	_	NoSpaceAfter	_	_	_
argent	O	O	O	O	O	O	_	_	NoSpaceAfter	_	_	_
.	O	O	O	O	O	O	_	_	_	EndOfSentence	_	_
Il	O	O	O	O	O	O	_	_	EndOfLine	_	_	_
# segment_iiif_link = https://iiif.eluxemburgensia.lu/iiif/2/ark:%2f70795%2f5sxp1n%2fpages%2f2/205,2331,865,49/full/0/default.jpg
faut	O	O	O	O	O	O	_	_	_	_	_	_
autre	O	O	O	O	O	O	_	_	_	_	_	_
chose	O	O	O	O	O	O	_	_	_	_	_	_
que	O	O	O	O	O	O	_	_	_	_	_	_
des	O	O	O	O	O	O	_	_	_	_	_	_
contrats	O	O	O	O	O	O	_	_	NoSpaceAfter	_	_	_
.	O	O	O	O	O	O	_	_	_	EndOfSentence	_	_
Il	O	O	O	O	O	O	_	_	_	_	_	_
faut	O	O	O	O	O	O	_	_	_	_	_	_
des	O	O	O	O	O	O	_	_	EndOfLine	_	_	_
# segment_iiif_link = https://iiif.eluxemburgensia.lu/iiif/2/ark:%2f70795%2f5sxp1n%2fpages%2f2/207,2376,555,55/full/0/default.jpg
actionnaires	O	O	O	O	O	O	_	_	NoSpaceAfter	_	_	_
,	O	O	O	O	O	O	_	_	_	_	_	_
et	O	O	O	O	O	O	_	_	_	_	_	_
vous	O	O	O	O	O	O	_	_	_	_	_	_
n	O	O	O	O	O	O	_	_	NoSpaceAfter	_	_	_
'	O	O	O	O	O	O	_	_	NoSpaceAfter	_	_	_
en	O	O	O	O	O	O	_	_	_	_	_	_
avez	O	O	O	O	O	O	_	_	_	_	_	_
pas	O	O	O	O	O	O	_	_	NoSpaceAfter	_	_	_
.	O	O	O	O	O	O	_	_	EndOfLine	EndOfSentence	_	_
# segment_iiif_link = https://iiif.eluxemburgensia.lu/iiif/2/ark:%2f70795%2f5sxp1n%2fpages%2f2/249,2424,679,47/full/0/default.jpg
M	O	O	O	O	O	O	_	_	NoSpaceAfter	_	_	_
.	O	O	O	O	O	O	_	_	_	_	_	_
Van	O	O	O	O	O	O	_	_	_	_	_	_
Hoorebeke	O	O	O	O	O	O	_	_	NoSpaceAfter	_	_	_
.	O	O	O	O	O	O	_	_	_	EndOfSentence	_	_
Qu	O	O	O	O	O	O	_	_	NoSpaceAfter	_	_	_
'	O	O	O	O	O	O	_	_	NoSpaceAfter	_	_	_
en	O	O	O	O	O	O	_	_	_	_	_	_
savez	O	O	O	O	O	O	_	_	NoSpaceAfter	_	_	_
-	O	O	O	O	O	O	_	_	NoSpaceAfter	_	_	_
vous	O	O	O	O	O	O	_	_	NoSpaceAfter	_	_	_
?	O	O	O	O	O	O	_	_	EndOfLine	EndOfSentence	_	_
# segment_iiif_link = https://iiif.eluxemburgensia.lu/iiif/2/ark:%2f70795%2f5sxp1n%2fpages%2f2/249,2469,394,47/full/0/default.jpg
La	O	O	O	O	O	O	_	_	_	_	_	_
discussion	O	O	O	O	O	O	_	_	_	_	_	_
est	O	O	O	O	O	O	_	_	_	_	_	_
close	O	O	O	O	O	O	_	_	NoSpaceAfter	_	_	_
.	O	O	O	O	O	O	_	_	EndOfLine	EndOfSentence	_	_
# segment_iiif_link = https://iiif.eluxemburgensia.lu/iiif/2/ark:%2f70795%2f5sxp1n%2fpages%2f2/249,2574,841,48/full/0/default.jpg
La	O	O	O	O	O	O	_	_	_	_	_	_
discussion	O	O	O	O	O	O	_	_	_	_	_	_
du	O	O	O	O	O	O	_	_	_	_	_	_
crédit	O	O	O	O	O	O	_	_	_	_	_	_
foncier	O	O	O	O	O	O	_	_	_	_	_	_
sera	O	O	O	O	O	O	_	_	_	_	_	_
envoyée	O	O	O	O	O	O	_	_	_	_	_	_
à	O	O	O	O	O	O	_	_	EndOfLine	_	_	_
# segment_iiif_link = https://iiif.eluxemburgensia.lu/iiif/2/ark:%2f70795%2f5sxp1n%2fpages%2f2/207,2632,885,40/full/0/default.jpg
nos	O	O	O	O	O	O	_	_	_	_	_	_
abonnés	O	O	O	O	O	O	_	_	NoSpaceAfter	_	_	_
,	O	O	O	O	O	O	_	_	_	_	_	_
lorsque	O	O	O	O	O	O	_	_	_	_	_	_
tous	O	O	O	O	O	O	_	_	_	_	_	_
les	O	O	O	O	O	O	_	_	_	_	_	_
comptes	O	O	O	O	O	O	_	_	NoSpaceAfter	_	_	_
-	O	O	O	O	O	O	_	_	NoSpaceAfter	_	_	_
rendus	O	O	O	O	O	O	_	_	_	_	_	_
seront	O	O	O	O	O	O	_	_	EndOfLine	_	_	_
# segment_iiif_link = https://iiif.eluxemburgensia.lu/iiif/2/ark:%2f70795%2f5sxp1n%2fpages%2f2/206,2668,873,60/full/0/default.jpg
publiés	O	O	O	O	O	O	_	_	_	_	_	_
:	O	O	O	O	O	O	_	_	_	_	_	_
il	O	O	O	O	O	O	_	_	_	_	_	_
sera	O	O	O	O	O	O	_	_	_	_	_	_
plus	O	O	O	O	O	O	_	_	_	_	_	_
facile	O	O	O	O	O	O	_	_	_	_	_	_
alors	O	O	O	O	O	O	_	_	_	_	_	_
de	O	O	O	O	O	O	_	_	_	_	_	_
suivre	O	O	O	O	O	O	_	_	_	_	_	_
les	O	O	O	O	O	O	_	_	EndOfLine	_	_	_
# segment_iiif_link = https://iiif.eluxemburgensia.lu/iiif/2/ark:%2f70795%2f5sxp1n%2fpages%2f2/207,2720,887,43/full/0/default.jpg
raisonnements	O	O	O	O	O	O	_	_	_	_	_	_
pour	O	O	O	O	O	O	_	_	_	_	_	_
ou	O	O	O	O	O	O	_	_	_	_	_	_
contre	O	O	O	O	O	O	_	_	_	_	_	_
qui	O	O	O	O	O	O	_	_	_	_	_	_
s	O	O	O	O	O	O	_	_	NoSpaceAfter	_	_	_
'	O	O	O	O	O	O	_	_	NoSpaceAfter	_	_	_
attachent	O	O	O	O	O	O	_	_	_	_	_	_
a	O	O	O	O	O	O	_	_	_	_	_	_
celle	O	O	O	O	O	O	_	_	EndOfLine	_	_	_
# segment_iiif_link = https://iiif.eluxemburgensia.lu/iiif/2/ark:%2f70795%2f5sxp1n%2fpages%2f2/209,2760,353,58/full/0/default.jpg
importante	O	O	O	O	O	O	_	_	_	_	_	_
opération	O	O	O	O	O	O	_	_	NoSpaceAfter	_	_	_
.	O	O	O	O	O	O	_	_	EndOfLine	EndOfSentence	_	_
# segment_iiif_link = https://iiif.eluxemburgensia.lu/iiif/2/ark:%2f70795%2f5sxp1n%2fpages%2f2/250,2872,843,48/full/0/default.jpg
Nous	O	O	O	O	O	O	_	_	_	_	_	_
étions	O	O	O	O	O	O	_	_	_	_	_	_
en	O	O	O	O	O	O	_	_	_	_	_	_
erreur	O	O	O	O	O	O	_	_	NoSpaceAfter	_	_	_
,	O	O	O	O	O	O	_	_	_	_	_	_
lorsque	O	O	O	O	O	O	_	_	_	_	_	_
nous	O	O	O	O	O	O	_	_	_	_	_	_
avons	O	O	O	O	O	O	_	_	_	_	_	_
dit	O	O	O	O	O	O	_	_	_	_	_	_
que	O	O	O	O	O	O	_	_	EndOfLine	_	_	_
# segment_iiif_link = https://iiif.eluxemburgensia.lu/iiif/2/ark:%2f70795%2f5sxp1n%2fpages%2f2/214,2928,879,38/full/0/default.jpg
a	O	O	O	O	O	O	_	_	_	_	_	_
place	O	O	O	O	O	O	_	_	_	_	_	_
du	O	O	O	O	O	O	_	_	_	_	_	_
Marehé	O	O	O	O	O	O	_	_	NoSpaceAfter	_	_	_
-	O	O	O	O	O	O	_	_	NoSpaceAfter	_	_	_
aux	O	O	O	O	O	O	_	_	NoSpaceAfter	_	_	_
-	O	O	O	O	O	O	_	_	NoSpaceAfter	_	_	_
Poissons	O	O	O	O	O	O	_	_	_	_	_	_
serait	O	O	O	O	O	O	_	_	_	_	_	_
enceinte	O	O	O	O	O	O	_	_	_	_	_	_
de	O	O	O	O	O	O	_	_	EndOfLine	_	_	_
# segment_iiif_link = https://iiif.eluxemburgensia.lu/iiif/2/ark:%2f70795%2f5sxp1n%2fpages%2f2/204,2964,105,50/full/0/default.jpg
loi	O	O	O	O	O	O	_	_	_	_	_	_
un	O	O	O	O	O	O	_	_	NoSpaceAfter	_	_	_
.	O	O	O	O	O	O	_	_	EndOfLine	EndOfSentence	_	_
# segment_iiif_link = https://iiif.eluxemburgensia.lu/iiif/2/ark:%2f70795%2f5sxp1n%2fpages%2f2/253,3009,823,48/full/0/default.jpg
Du	O	O	O	O	O	O	_	_	_	_	_	_
côté	O	O	O	O	O	O	_	_	_	_	_	_
de	O	O	O	O	O	O	_	_	_	_	_	_
la	O	O	O	O	O	O	_	_	_	_	_	_
rue	O	O	O	O	O	O	_	_	_	_	_	_
à	O	O	O	O	O	O	_	_	_	_	_	_
la	O	O	O	O	O	O	_	_	_	_	_	_
descente	O	O	O	O	O	O	_	_	NoSpaceAfter	_	_	_
,	O	O	O	O	O	O	_	_	_	_	_	_
elle	O	O	O	O	O	O	_	_	_	_	_	_
restera	O	O	O	O	O	O	_	_	EndOfLine	_	_	_
# segment_iiif_link = https://iiif.eluxemburgensia.lu/iiif/2/ark:%2f70795%2f5sxp1n%2fpages%2f2/206,3061,885,43/full/0/default.jpg
ouverte	O	O	O	O	O	O	_	_	_	_	_	_
et	O	O	O	O	O	O	_	_	_	_	_	_
de	O	O	O	O	O	O	_	_	_	_	_	_
niveau	O	O	O	O	O	O	_	_	_	_	_	_
:	O	O	O	O	O	O	_	_	_	_	_	_
il	O	O	O	O	O	O	_	_	_	_	_	_
n	O	O	O	O	O	O	_	_	NoSpaceAfter	_	_	_
'	O	O	O	O	O	O	_	_	NoSpaceAfter	_	_	_
y	O	O	O	O	O	O	_	_	_	_	_	_
aura	O	O	O	O	O	O	_	_	_	_	_	_
de	O	O	O	O	O	O	_	_	_	_	_	_
mur	O	O	O	O	O	O	_	_	_	_	_	_
que	O	O	O	O	O	O	_	_	_	_	_	_
vers	O	O	O	O	O	O	_	_	_	_	_	_
le	O	O	O	O	O	O	_	_	EndOfLine	_	_	_
# segment_iiif_link = https://iiif.eluxemburgensia.lu/iiif/2/ark:%2f70795%2f5sxp1n%2fpages%2f2/205,3105,484,56/full/0/default.jpg
bas	O	O	O	O	O	O	_	_	NoSpaceAfter	_	_	_
,	O	O	O	O	O	O	_	_	_	_	_	_
allant	O	O	O	O	O	O	_	_	_	_	_	_
sur	O	O	O	O	O	O	_	_	_	_	_	_
le	O	O	O	O	O	O	_	_	_	_	_	_
Paffenthal	O	O	O	O	O	O	_	_	NoSpaceAfter	_	_	_
.	O	O	O	O	O	O	_	_	EndOfLine	EndOfSentence	_	_
# segment_iiif_link = https://iiif.eluxemburgensia.lu/iiif/2/ark:%2f70795%2f5sxp1n%2fpages%2f2/250,3205,841,48/full/0/default.jpg
M	O	O	O	O	O	O	_	_	NoSpaceAfter	_	_	_
.	O	O	O	O	O	O	_	_	_	_	_	_
le	O	O	O	O	O	O	_	_	_	_	_	_
ministre	O	O	O	O	O	O	_	_	_	_	_	_
Manteuffel	O	O	O	O	O	O	_	_	_	_	_	_
a	O	O	O	O	O	O	_	_	_	_	_	_
dit	O	O	O	O	O	O	_	_	_	_	_	_
à	O	O	O	O	O	O	_	_	_	_	_	_
la	O	O	O	O	O	O	_	_	_	_	_	_
Chambre	O	O	O	O	O	O	_	_	EndOfLine	_	_	_
# segment_iiif_link = https://iiif.eluxemburgensia.lu/iiif/2/ark:%2f70795%2f5sxp1n%2fpages%2f2/209,3249,866,62/full/0/default.jpg
prussienne	O	O	O	O	O	O	_	_	_	_	_	_
le	O	O	O	O	O	O	_	_	_	_	_	_
6	O	O	O	O	O	O	_	_	_	_	_	_
février	O	O	O	O	O	O	_	_	_	_	_	_
dernier	O	O	O	O	O	O	_	_	NoSpaceAfter	_	_	_
,	O	O	O	O	O	O	_	_	_	_	_	_
que	O	O	O	O	O	O	_	_	_	_	_	_
Berlin	O	O	O	O	O	O	_	_	EndOfLine	_	_	_
# segment_iiif_link = https://iiif.eluxemburgensia.lu/iiif/2/ark:%2f70795%2f5sxp1n%2fpages%2f2/206,3297,886,50/full/0/default.jpg
s	O	O	O	O	O	O	_	_	NoSpaceAfter	_	_	_
'	O	O	O	O	O	O	_	_	NoSpaceAfter	_	_	_
aggrandissait	O	O	O	O	O	O	_	_	_	_	_	_
tous	O	O	O	O	O	O	_	_	_	_	_	_
les	O	O	O	O	O	O	_	_	_	_	_	_
ans	O	O	O	O	O	O	_	_	_	_	_	_
d	O	O	O	O	O	O	_	_	NoSpaceAfter	_	_	_
'	O	O	O	O	O	O	_	_	NoSpaceAfter	_	_	_
une	O	O	O	O	O	O	_	_	_	_	_	_
ville	O	O	O	O	O	O	_	_	_	_	_	_
étendue	O	O	O	O	O	O	_	_	_	_	_	_
comme	O	O	O	O	O	O	_	_	_	_	_	_
celle	O	O	O	O	O	O	_	_	EndOfLine	_	_	_
# segment_iiif_link = https://iiif.eluxemburgensia.lu/iiif/2/ark:%2f70795%2f5sxp1n%2fpages%2f2/207,3346,213,50/full/0/default.jpg
de	O	O	O	O	O	O	_	_	_	_	_	_
Coblence	O	O	O	O	O	O	_	_	NoSpaceAfter	_	_	_
.	O	O	O	O	O	O	_	_	EndOfLine	EndOfSentence	_	_
# segment_iiif_link = https://iiif.eluxemburgensia.lu/iiif/2/ark:%2f70795%2f5sxp1n%2fpages%2f2/250,3444,840,49/full/0/default.jpg
Il	O	O	O	O	O	O	_	_	_	_	_	_
a	O	O	O	O	O	O	_	_	_	_	_	_
dit	O	O	O	O	O	O	_	_	_	_	_	_
encore	O	O	O	O	O	O	_	_	_	_	_	_
que	O	O	O	O	O	O	_	_	_	_	_	_
la	O	O	O	O	O	O	_	_	_	_	_	_
police	O	O	O	O	O	O	_	_	_	_	_	_
avait	O	O	O	O	O	O	_	_	_	_	_	_
découvert	O	O	O	O	O	O	_	_	_	_	_	_
dans	O	O	O	O	O	O	_	_	EndOfLine	_	_	_
# segment_iiif_link = https://iiif.eluxemburgensia.lu/iiif/2/ark:%2f70795%2f5sxp1n%2fpages%2f2/210,3489,882,48/full/0/default.jpg
les	O	O	O	O	O	O	_	_	_	_	_	_
provinces	O	O	O	O	O	O	_	_	_	_	_	_
rhénanes	O	O	O	O	O	O	_	_	_	_	_	_
4	O	O	O	O	O	O	_	_	_	_	_	_
bandes	O	O	O	O	O	O	_	_	_	_	_	_
de	O	O	O	O	O	O	_	_	_	_	_	_
faux	O	O	O	O	O	O	_	_	_	_	_	_
raonnoyeurs	O	O	O	O	O	O	_	_	NoSpaceAfter	_	_	_
.	O	O	O	O	O	O	_	_	EndOfLine	EndOfSentence	_	_
# segment_iiif_link = https://iiif.eluxemburgensia.lu/iiif/2/ark:%2f70795%2f5sxp1n%2fpages%2f2/253,3596,840,48/full/0/default.jpg
Il	O	O	O	O	O	O	_	_	_	_	_	_
y	O	O	O	O	O	O	_	_	_	_	_	_
a	O	O	O	O	O	O	_	_	_	_	_	_
en	O	O	O	O	O	O	_	_	_	_	_	_
France	O	O	O	O	O	O	_	_	_	_	_	_
16	O	O	O	O	O	O	_	_	_	_	_	_
mille	O	O	O	O	O	O	_	_	_	_	_	_
nolaires	O	O	O	O	O	O	_	_	_	_	_	_
et	O	O	O	O	O	O	_	_	_	_	_	_
100	O	O	O	O	O	O	_	_	_	_	_	_
mille	O	O	O	O	O	O	_	_	EndOfLine	_	_	_
# segment_iiif_link = https://iiif.eluxemburgensia.lu/iiif/2/ark:%2f70795%2f5sxp1n%2fpages%2f2/211,3649,126,45/full/0/default.jpg
avocats	O	O	O	O	O	O	_	_	NoSpaceAfter	_	_	_
.	O	O	O	O	O	O	_	_	EndOfLine	EndOfSentence	_	_
# segment_iiif_link = https://iiif.eluxemburgensia.lu/iiif/2/ark:%2f70795%2f5sxp1n%2fpages%2f2/252,3748,840,51/full/0/default.jpg
Le	O	O	O	O	O	O	_	_	_	_	_	_
tronc	O	O	O	O	O	O	_	_	_	_	_	_
placé	O	O	O	O	O	O	_	_	_	_	_	_
au	O	O	O	O	O	O	_	_	_	_	_	_
secrétariat	O	O	O	O	O	O	_	_	_	_	_	_
de	O	O	O	O	O	O	_	_	_	_	_	_
la	O	O	O	O	O	O	_	_	_	_	_	_
commune	O	O	O	O	O	O	_	_	NoSpaceAfter	_	_	_
,	O	O	O	O	O	O	_	_	_	_	_	_
a	O	O	O	O	O	O	_	_	EndOfLine	_	_	_
# segment_iiif_link = https://iiif.eluxemburgensia.lu/iiif/2/ark:%2f70795%2f5sxp1n%2fpages%2f2/210,3800,884,48/full/0/default.jpg
été	O	O	O	O	O	O	_	_	_	_	_	_
ouvert	O	O	O	O	O	O	_	_	_	_	_	_
le	O	O	O	O	O	O	_	_	_	_	_	_
12	O	O	O	O	O	O	_	_	_	_	_	_
de	O	O	O	O	O	O	_	_	_	_	_	_
ce	O	O	O	O	O	O	_	_	_	_	_	_
mois	O	O	O	O	O	O	_	_	NoSpaceAfter	_	_	_
;	O	O	O	O	O	O	_	_	_	_	_	_
il	O	O	O	O	O	O	_	_	_	_	_	_
s	O	O	O	O	O	O	_	_	NoSpaceAfter	_	_	_
'	O	O	O	O	O	O	_	_	NoSpaceAfter	_	_	_
y	O	O	O	O	O	O	_	_	_	_	_	_
est	O	O	O	O	O	O	_	_	_	_	_	_
trouvé	O	O	O	O	O	O	_	_	_	_	_	_
quatre	O	O	O	O	O	O	_	_	EndOfLine	_	_	_
# segment_iiif_link = https://iiif.eluxemburgensia.lu/iiif/2/ark:%2f70795%2f5sxp1n%2fpages%2f2/211,3846,744,58/full/0/default.jpg
pièces	O	O	O	O	O	O	_	_	_	_	_	_
d	O	O	O	O	O	O	_	_	NoSpaceAfter	_	_	_
'	O	O	O	O	O	O	_	_	NoSpaceAfter	_	_	_
or	O	O	O	O	O	O	_	_	_	_	_	_
parmi	O	O	O	O	O	O	_	_	_	_	_	_
le	O	O	O	O	O	O	_	_	_	_	_	_
total	O	O	O	O	O	O	_	_	_	_	_	_
de	O	O	O	O	O	O	_	_	_	_	_	_
fr	O	O	O	O	O	O	_	_	NoSpaceAfter	_	_	_
.	O	O	O	O	O	O	_	_	_	_	_	_
120	O	O	O	O	O	O	_	_	_	_	_	_
50	O	O	O	O	O	O	_	_	_	_	_	_
c	O	O	O	O	O	O	_	_	NoSpaceAfter	_	_	_
.	O	O	O	O	O	O	_	_	EndOfLine	EndOfSentence	_	_

# language = fr
# newspaper = courriergdl
# date = 1860-10-31
# document_id = courriergdl-1860-10-31-a-i0016
# news-agency-as-source = Q130879
# segment_iiif_link = https://iiif.eluxemburgensia.lu/iiif/2/ark:%2f70795%2ftgqkz4%2fpages%2f4/323,2038,637,63/full/0/default.jpg
Dernières	O	O	O	O	O	O	_	_	_	_	_	_
nouvelles	O	O	O	O	O	O	_	_	NoSpaceAfter	_	_	_
.	O	O	O	O	O	O	_	_	EndOfLine	EndOfSentence	_	_
# segment_iiif_link = https://iiif.eluxemburgensia.lu/iiif/2/ark:%2f70795%2ftgqkz4%2fpages%2f4/636,2115,364,53/full/0/default.jpg
Turin	O	O	O	O	O	O	_	_	NoSpaceAfter	_	_	_
,	O	O	O	O	O	O	_	_	_	_	_	_
le	O	O	O	O	O	O	_	_	_	_	_	_
28	O	O	O	O	O	O	_	_	_	_	_	_
octobre	O	O	O	O	O	O	_	_	NoSpaceAfter	_	_	_
.	O	O	O	O	O	O	_	_	EndOfLine	EndOfSentence	_	_
# segment_iiif_link = https://iiif.eluxemburgensia.lu/iiif/2/ark:%2f70795%2ftgqkz4%2fpages%2f4/289,2156,737,63/full/0/default.jpg
Naples	O	O	O	O	O	O	_	_	NoSpaceAfter	_	_	_
,	O	O	O	O	O	O	_	_	_	_	_	_
28	O	O	O	O	O	O	_	_	NoSpaceAfter	_	_	_
.	O	O	O	O	O	O	_	_	_	EndOfSentence	_	_
—	O	O	O	O	O	O	_	_	_	_	_	_
Voici	O	O	O	O	O	O	_	_	_	_	_	_
le	O	O	O	O	O	O	_	_	_	_	_	_
résultat	O	O	O	O	O	O	_	_	_	_	_	_
du	O	O	O	O	O	O	_	_	EndOfLine	_	_	_
# segment_iiif_link = https://iiif.eluxemburgensia.lu/iiif/2/ark:%2f70795%2ftgqkz4%2fpages%2f4/246,2207,794,49/full/0/default.jpg
dépouillement	O	O	O	O	O	O	_	_	_	_	_	_
des	O	O	O	O	O	O	_	_	_	_	_	_
votes	O	O	O	O	O	O	_	_	_	_	_	_
de	O	O	O	O	O	O	_	_	_	_	_	_
la	O	O	O	O	O	O	_	_	_	_	_	_
ville	O	O	O	O	O	O	_	_	_	_	_	_
et	O	O	O	O	O	O	_	_	_	_	_	_
de	O	O	O	O	O	O	_	_	_	_	_	_
la	O	O	O	O	O	O	_	_	_	_	_	_
province	O	O	O	O	O	O	_	_	_	_	_	_
de	O	O	O	O	O	O	_	_	EndOfLine	_	_	_
# segment_iiif_link = https://iiif.eluxemburgensia.lu/iiif/2/ark:%2f70795%2ftgqkz4%2fpages%2f4/248,2253,793,58/full/0/default.jpg
Naples	O	O	O	O	O	O	_	_	_	_	_	_
:	O	O	O	O	O	O	_	_	_	_	_	_
Inscrits	O	O	O	O	O	O	_	_	NoSpaceAfter	_	_	_
,	O	O	O	O	O	O	_	_	_	_	_	_
229,780	O	O	O	O	O	O	_	_	NoSpaceAfter	_	_	_
;	O	O	O	O	O	O	_	_	_	_	_	_
oui	O	O	O	O	O	O	_	_	NoSpaceAfter	_	_	_
,	O	O	O	O	O	O	_	_	_	_	_	_
185,468	O	O	O	O	O	O	_	_	NoSpaceAfter	_	_	_
;	O	O	O	O	O	O	_	_	_	_	_	_
non	O	O	O	O	O	O	_	_	NoSpaceAfter	_	_	_
,	O	O	O	O	O	O	_	_	EndOfLine	_	_	_
# segment_iiif_link = https://iiif.eluxemburgensia.lu/iiif/2/ark:%2f70795%2ftgqkz4%2fpages%2f4/249,2302,793,56/full/0/default.jpg
1,609	O	O	O	O	O	O	_	_	NoSpaceAfter	_	_	_
.	O	O	O	O	O	O	_	_	_	EndOfSentence	_	_
On	O	O	O	O	O	O	_	_	_	_	_	_
attend	O	O	O	O	O	O	_	_	_	_	_	_
les	O	O	O	O	O	O	_	_	_	_	_	_
mêmes	O	O	O	O	O	O	_	_	_	_	_	_
excellons	O	O	O	O	O	O	_	_	_	_	_	_
résultats	O	O	O	O	O	O	_	_	EndOfLine	_	_	_
# segment_iiif_link = https://iiif.eluxemburgensia.lu/iiif/2/ark:%2f70795%2ftgqkz4%2fpages%2f4/248,2345,793,51/full/0/default.jpg
des	O	O	O	O	O	O	_	_	_	_	_	_
autres	O	O	O	O	O	O	_	_	_	_	_	_
provinces	O	O	O	O	O	O	_	_	NoSpaceAfter	_	_	_
.	O	O	O	O	O	O	_	_	_	EndOfSentence	_	_
On	O	O	O	O	O	O	_	_	_	_	_	_
connaît	O	O	O	O	O	O	_	_	_	_	_	_
jusqu	O	O	O	O	O	O	_	_	NoSpaceAfter	_	_	_
'	O	O	O	O	O	O	_	_	NoSpaceAfter	_	_	_
ici	O	O	O	O	O	O	_	_	_	_	_	_
:	O	O	O	O	O	O	_	_	EndOfLine	_	_	_
# segment_iiif_link = https://iiif.eluxemburgensia.lu/iiif/2/ark:%2f70795%2ftgqkz4%2fpages%2f4/246,2390,797,60/full/0/default.jpg
Bani	O	O	O	O	O	O	_	_	NoSpaceAfter	_	_	_
,	O	O	O	O	O	O	_	_	_	_	_	_
127,007	O	O	O	O	O	O	_	_	_	_	_	_
o	O	O	O	O	O	O	_	_	NoSpaceAfter	_	_	_
*	O	O	O	O	O	O	_	_	NoSpaceAfter	_	_	_
i	O	O	O	O	O	O	_	_	_	_	_	_
;	O	O	O	O	O	O	_	_	_	_	_	_
non	O	O	O	O	O	O	_	_	NoSpaceAfter	_	_	_
,	O	O	O	O	O	O	_	_	_	_	_	_
G3	O	O	O	O	O	O	_	_	_	_	_	_
;	O	O	O	O	O	O	_	_	_	_	_	_
Bénévent	O	O	O	O	O	O	_	_	NoSpaceAfter	_	_	_
,	O	O	O	O	O	O	_	_	_	_	_	_
6,970	O	O	O	O	O	O	_	_	EndOfLine	_	_	_
# segment_iiif_link = https://iiif.eluxemburgensia.lu/iiif/2/ark:%2f70795%2ftgqkz4%2fpages%2f4/248,2440,271,58/full/0/default.jpg
oui	O	O	O	O	O	O	_	_	NoSpaceAfter	_	_	_
;	O	O	O	O	O	O	_	_	_	_	_	_
aucun	O	O	O	O	O	O	_	_	_	_	_	_
non	O	O	O	O	O	O	_	_	NoSpaceAfter	_	_	_
.	O	O	O	O	O	O	_	_	EndOfLine	EndOfSentence	_	_
# segment_iiif_link = https://iiif.eluxemburgensia.lu/iiif/2/ark:%2f70795%2ftgqkz4%2fpages%2f4/288,2487,752,50/full/0/default.jpg
La	O	O	O	O	O	O	_	_	_	_	_	_
satisfaction	O	O	O	O	O	O	_	_	_	_	_	_
publique	O	O	O	O	O	O	_	_	_	_	_	_
est	O	O	O	O	O	O	_	_	_	_	_	_
augmentée	O	O	O	O	O	O	_	_	_	_	_	_
par	O	O	O	O	O	O	_	_	EndOfLine	_	_	_
# segment_iiif_link = https://iiif.eluxemburgensia.lu/iiif/2/ark:%2f70795%2ftgqkz4%2fpages%2f4/245,2533,797,50/full/0/default.jpg
la	O	O	O	O	O	O	_	_	_	_	_	_
nouvelle	O	O	O	O	O	O	_	_	_	_	_	_
de	O	O	O	O	O	O	_	_	_	_	_	_
la	O	O	O	O	O	O	_	_	_	_	_	_
prochaine	O	O	O	O	O	O	_	_	_	_	_	_
arrivée	O	O	O	O	O	O	_	_	_	_	_	_
de	O	O	O	O	O	O	_	_	_	_	_	_
Victor	O	O	O	O	O	O	_	_	NoSpaceAfter	_	_	_
-	O	O	O	O	O	O	_	_	EndOfLine	_	_	_
# segment_iiif_link = https://iiif.eluxemburgensia.lu/iiif/2/ark:%2f70795%2ftgqkz4%2fpages%2f4/245,2579,193,54/full/0/default.jpg
Emmanuel	O	O	O	O	O	O	_	_	NoSpaceAfter	_	_	_
.	O	O	O	O	O	O	_	_	EndOfLine	EndOfSentence	_	_
# segment_iiif_link = https://iiif.eluxemburgensia.lu/iiif/2/ark:%2f70795%2ftgqkz4%2fpages%2f4/287,2656,374,50/full/0/default.jpg
On	O	O	O	O	O	O	_	_	_	_	_	_
lit	O	O	O	O	O	O	_	_	_	_	_	_
dans	O	O	O	O	O	O	_	_	_	_	_	_
la	O	O	O	O	O	O	_	_	_	_	_	_
Patrie	O	O	O	O	O	O	_	_	NoSpaceAfter	_	_	_
:	O	O	O	O	O	O	_	_	EndOfLine	_	_	_
# segment_iiif_link = https://iiif.eluxemburgensia.lu/iiif/2/ark:%2f70795%2ftgqkz4%2fpages%2f4/287,2703,754,50/full/0/default.jpg
«	O	O	O	O	O	O	_	_	NoSpaceAfter	_	_	_
Une	O	O	O	O	O	O	_	_	_	_	_	_
dépêche	O	O	O	O	O	O	_	_	_	_	_	_
télégraphique	O	O	O	O	O	O	_	_	_	_	_	_
de	O	O	O	O	O	O	_	_	_	_	_	_
Naples	O	O	O	O	O	O	_	_	_	_	_	_
nous	O	O	O	O	O	O	_	_	EndOfLine	_	_	_
# segment_iiif_link = https://iiif.eluxemburgensia.lu/iiif/2/ark:%2f70795%2ftgqkz4%2fpages%2f4/244,2750,800,55/full/0/default.jpg
apporte	O	O	O	O	O	O	_	_	_	_	_	_
les	O	O	O	O	O	O	_	_	_	_	_	_
détails	O	O	O	O	O	O	_	_	_	_	_	_
suivans	O	O	O	O	O	O	_	_	_	_	_	_
sur	O	O	O	O	O	O	_	_	_	_	_	_
l	O	O	O	O	O	O	_	_	NoSpaceAfter	_	_	_
'	O	O	O	O	O	O	_	_	NoSpaceAfter	_	_	_
engagement	O	O	O	O	O	O	_	_	EndOfLine	_	_	_
# segment_iiif_link = https://iiif.eluxemburgensia.lu/iiif/2/ark:%2f70795%2ftgqkz4%2fpages%2f4/248,2792,106,48/full/0/default.jpg
du	O	O	O	O	O	O	_	_	_	_	_	_
26	O	O	O	O	O	O	_	_	NoSpaceAfter	_	_	_
.	O	O	O	O	O	O	_	_	EndOfLine	_	_	_
# segment_iiif_link = https://iiif.eluxemburgensia.lu/iiif/2/ark:%2f70795%2ftgqkz4%2fpages%2f4/289,2833,755,53/full/0/default.jpg
»	O	O	O	O	O	O	_	_	NoSpaceAfter	_	_	_
Un	O	O	O	O	O	O	_	_	_	_	_	_
combat	O	O	O	O	O	O	_	_	_	_	_	_
très	O	O	O	O	O	O	_	_	NoSpaceAfter	_	_	_
-	O	O	O	O	O	O	_	_	NoSpaceAfter	_	_	_
vif	O	O	O	O	O	O	_	_	_	_	_	_
a	O	O	O	O	O	O	_	_	_	_	_	_
eu	O	O	O	O	O	O	_	_	_	_	_	_
lieu	O	O	O	O	O	O	_	_	_	_	_	_
le	O	O	O	O	O	O	_	_	NoSpaceAfter	_	_	_
-	O	O	O	O	O	O	_	_	_	_	_	_
26	O	O	O	O	O	O	_	_	_	_	_	_
entre	O	O	O	O	O	O	_	_	EndOfLine	_	_	_
# segment_iiif_link = https://iiif.eluxemburgensia.lu/iiif/2/ark:%2f70795%2ftgqkz4%2fpages%2f4/244,2881,799,54/full/0/default.jpg
l	O	O	O	O	O	O	_	_	NoSpaceAfter	_	_	_
'	O	O	O	O	O	O	_	_	NoSpaceAfter	_	_	_
armée	O	O	O	O	O	O	_	_	_	_	_	_
napolitaine	O	O	O	O	O	O	_	_	NoSpaceAfter	_	_	_
,	O	O	O	O	O	O	_	_	_	_	_	_
qui	O	O	O	O	O	O	_	_	_	_	_	_
opérait	O	O	O	O	O	O	_	_	_	_	_	_
sa	O	O	O	O	O	O	_	_	_	_	_	_
retraite	O	O	O	O	O	O	_	_	_	_	_	_
sur	O	O	O	O	O	O	_	_	EndOfLine	_	_	_
# segment_iiif_link = https://iiif.eluxemburgensia.lu/iiif/2/ark:%2f70795%2ftgqkz4%2fpages%2f4/244,2930,795,60/full/0/default.jpg
Gaëte	O	O	O	O	O	O	_	_	NoSpaceAfter	_	_	_
,	O	O	O	O	O	O	_	_	_	_	_	_
et	O	O	O	O	O	O	_	_	_	_	_	_
l	O	O	O	O	O	O	_	_	NoSpaceAfter	_	_	_
'	O	O	O	O	O	O	_	_	NoSpaceAfter	_	_	_
armée	O	O	O	O	O	O	_	_	_	_	_	_
piémontaise	O	O	O	O	O	O	_	_	NoSpaceAfter	_	_	_
.	O	O	O	O	O	O	_	_	_	EndOfSentence	_	_
L	O	O	O	O	O	O	_	_	NoSpaceAfter	_	_	_
'	O	O	O	O	O	O	_	_	NoSpaceAfter	_	_	_
engagement	O	O	O	O	O	O	_	_	EndOfLine	_	_	_
# segment_iiif_link = https://iiif.eluxemburgensia.lu/iiif/2/ark:%2f70795%2ftgqkz4%2fpages%2f4/243,2988,780,41/full/0/default.jpg
a	O	O	O	O	O	O	_	_	_	_	_	_
eu	O	O	O	O	O	O	_	_	_	_	_	_
lieu	O	O	O	O	O	O	_	_	NoSpaceAfter	_	_	_
,	O	O	O	O	O	O	_	_	_	_	_	_
dit	O	O	O	O	O	O	_	_	NoSpaceAfter	_	_	_
-	O	O	O	O	O	O	_	_	NoSpaceAfter	_	_	_
on	O	O	O	O	O	O	_	_	NoSpaceAfter	_	_	_
.	O	O	O	O	O	O	_	_	_	EndOfSentence	_	_
près	O	O	O	O	O	O	_	_	_	_	_	_
de	O	O	O	O	O	O	_	_	_	_	_	_
Sessa	O	O	O	O	O	O	_	_	NoSpaceAfter	_	_	_
.	O	O	O	O	O	O	_	_	_	EndOfSentence	_	_
II	O	O	O	O	O	O	_	_	_	_	_	_
a	O	O	O	O	O	O	_	_	_	_	_	_
été	O	O	O	O	O	O	_	_	EndOfLine	_	_	_
# segment_iiif_link = https://iiif.eluxemburgensia.lu/iiif/2/ark:%2f70795%2ftgqkz4%2fpages%2f4/243,3026,381,51/full/0/default.jpg
favorable	O	O	O	O	O	O	_	_	_	_	_	_
aux	O	O	O	O	O	O	_	_	_	_	_	_
Piémontais	O	O	O	O	O	O	_	_	NoSpaceAfter	_	_	_
.	O	O	O	O	O	O	_	_	EndOfLine	EndOfSentence	_	_
# segment_iiif_link = https://iiif.eluxemburgensia.lu/iiif/2/ark:%2f70795%2ftgqkz4%2fpages%2f4/288,3072,751,61/full/0/default.jpg
»	O	O	O	O	O	O	_	_	NoSpaceAfter	_	_	_
L	O	O	O	O	O	O	_	_	NoSpaceAfter	_	_	_
'	O	O	O	O	O	O	_	_	NoSpaceAfter	_	_	_
arrière	O	O	O	O	O	O	_	_	NoSpaceAfter	_	_	_
-	O	O	O	O	O	O	_	_	NoSpaceAfter	_	_	_
garde	O	O	O	O	O	O	_	_	_	_	_	_
napolitaine	O	O	O	O	O	O	_	_	NoSpaceAfter	_	_	_
,	O	O	O	O	O	O	_	_	_	_	_	_
forte	O	O	O	O	O	O	_	_	_	_	_	_
environ	O	O	O	O	O	O	_	_	EndOfLine	_	_	_
# segment_iiif_link = https://iiif.eluxemburgensia.lu/iiif/2/ark:%2f70795%2ftgqkz4%2fpages%2f4/244,3120,780,50/full/0/default.jpg
de	O	O	O	O	O	O	_	_	_	_	_	_
12,090	O	O	O	O	O	O	_	_	_	_	_	_
hommes	O	O	O	O	O	O	_	_	NoSpaceAfter	_	_	_
,	O	O	O	O	O	O	_	_	_	_	_	_
a	O	O	O	O	O	O	_	_	_	_	_	_
été	O	O	O	O	O	O	_	_	_	_	_	_
principalement	O	O	O	O	O	O	_	_	EndOfLine	_	_	_
# segment_iiif_link = https://iiif.eluxemburgensia.lu/iiif/2/ark:%2f70795%2ftgqkz4%2fpages%2f4/245,3166,793,60/full/0/default.jpg
engagée	O	O	O	O	O	O	_	_	NoSpaceAfter	_	_	_
,	O	O	O	O	O	O	_	_	_	_	_	_
oll	O	O	O	O	O	O	_	_	NoSpaceAfter	_	_	_
"	O	O	O	O	O	O	_	_	_	_	_	_
a	O	O	O	O	O	O	_	_	_	_	_	_
été	O	O	O	O	O	O	_	_	_	_	_	_
rejetée	O	O	O	O	O	O	_	_	_	_	_	_
derrière	O	O	O	O	O	O	_	_	_	_	_	_
le	O	O	O	O	O	O	_	_	_	_	_	_
Garigliano	O	O	O	O	O	O	_	_	NoSpaceAfter	_	_	_
.	O	O	O	O	O	O	_	_	EndOfLine	EndOfSentence	_	_
# segment_iiif_link = https://iiif.eluxemburgensia.lu/iiif/2/ark:%2f70795%2ftgqkz4%2fpages%2f4/289,3211,730,53/full/0/default.jpg
»	O	O	O	O	O	O	_	_	NoSpaceAfter	_	_	_
Les	O	O	O	O	O	O	_	_	_	_	_	_
pertes	O	O	O	O	O	O	_	_	_	_	_	_
des	O	O	O	O	O	O	_	_	_	_	_	_
Piémontais	O	O	O	O	O	O	_	_	_	_	_	_
sont	O	O	O	O	O	O	_	_	_	_	_	_
peu	O	O	O	O	O	O	_	_	EndOfLine	_	_	_
# segment_iiif_link = https://iiif.eluxemburgensia.lu/iiif/2/ark:%2f70795%2ftgqkz4%2fpages%2f4/245,3261,778,58/full/0/default.jpg
nombreuses	O	O	O	O	O	O	_	_	NoSpaceAfter	_	_	_
,	O	O	O	O	O	O	_	_	_	_	_	_
(	O	O	O	O	O	O	_	_	NoSpaceAfter	_	_	_
elles	O	O	O	O	O	O	_	_	_	_	_	_
des	O	O	O	O	O	O	_	_	_	_	_	_
Napolitains	O	O	O	O	O	O	_	_	_	_	_	_
sont	O	O	O	O	O	O	_	_	_	_	_	_
plus	O	O	O	O	O	O	_	_	EndOfLine	_	_	_
# segment_iiif_link = https://iiif.eluxemburgensia.lu/iiif/2/ark:%2f70795%2ftgqkz4%2fpages%2f4/245,3307,778,58/full/0/default.jpg
considérables	O	O	O	O	O	O	_	_	NoSpaceAfter	_	_	_
;	O	O	O	O	O	O	_	_	_	_	_	_
ces	O	O	O	O	O	O	_	_	_	_	_	_
derniers	O	O	O	O	O	O	_	_	_	_	_	_
ont	O	O	O	O	O	O	_	_	_	_	_	_
eu	O	O	O	O	O	O	_	_	_	_	_	_
surtout	O	O	O	O	O	O	_	_	EndOfLine	_	_	_
# segment_iiif_link = https://iiif.eluxemburgensia.lu/iiif/2/ark:%2f70795%2ftgqkz4%2fpages%2f4/244,3365,355,49/full/0/default.jpg
beaucoup	O	O	O	O	O	O	_	_	_	_	_	_
de	O	O	O	O	O	O	_	_	_	_	_	_
piisouniers	O	O	O	O	O	O	_	_	NoSpaceAfter	_	_	_
.	O	O	O	O	O	O	_	_	EndOfLine	EndOfSentence	_	_
# segment_iiif_link = https://iiif.eluxemburgensia.lu/iiif/2/ark:%2f70795%2ftgqkz4%2fpages%2f4/288,3401,754,51/full/0/default.jpg
»	O	O	O	O	O	O	_	_	NoSpaceAfter	_	_	_
Le	O	O	O	O	O	O	_	_	_	_	_	_
roi	O	O	O	O	O	O	_	_	_	_	_	_
Virtor	O	O	O	O	O	O	_	_	NoSpaceAfter	_	_	_
-	O	O	O	O	O	O	_	_	NoSpaceAfter	_	_	_
Emmanuel	O	O	O	O	O	O	_	_	_	_	_	_
commandait	O	O	O	O	O	O	_	_	_	_	_	_
ses	O	O	O	O	O	O	_	_	EndOfLine	_	_	_
# segment_iiif_link = https://iiif.eluxemburgensia.lu/iiif/2/ark:%2f70795%2ftgqkz4%2fpages%2f4/244,3451,357,56/full/0/default.jpg
troupes	O	O	O	O	O	O	_	_	_	_	_	_
en	O	O	O	O	O	O	_	_	_	_	_	_
personne	O	O	O	O	O	O	_	_	NoSpaceAfter	_	_	_
.	O	O	O	O	O	O	_	_	EndOfLine	EndOfSentence	_	_
# segment_iiif_link = https://iiif.eluxemburgensia.lu/iiif/2/ark:%2f70795%2ftgqkz4%2fpages%2f4/288,3497,739,49/full/0/default.jpg
»	O	O	O	O	O	O	_	_	NoSpaceAfter	_	_	_
Aux	O	O	O	O	O	O	_	_	_	_	_	_
dernières	O	O	O	O	O	O	_	_	_	_	_	_
dates	O	O	O	O	O	O	_	_	NoSpaceAfter	_	_	_
,	O	O	O	O	O	O	_	_	_	_	_	_
les	O	O	O	O	O	O	_	_	_	_	_	_
Napolitains	O	O	O	O	O	O	_	_	EndOfLine	_	_	_
# segment_iiif_link = https://iiif.eluxemburgensia.lu/iiif/2/ark:%2f70795%2ftgqkz4%2fpages%2f4/245,3543,796,50/full/0/default.jpg
évacuaient	O	O	O	O	O	O	_	_	_	_	_	_
Sessa	O	O	O	O	O	O	_	_	_	_	_	_
pour	O	O	O	O	O	O	_	_	_	_	_	_
se	O	O	O	O	O	O	_	_	_	_	_	_
concentrer	O	O	O	O	O	O	_	_	_	_	_	_
sur	O	O	O	O	O	O	_	_	_	_	_	_
Traetto	O	O	O	O	O	O	_	_	NoSpaceAfter	_	_	_
,	O	O	O	O	O	O	_	_	EndOfLine	_	_	_
# segment_iiif_link = https://iiif.eluxemburgensia.lu/iiif/2/ark:%2f70795%2ftgqkz4%2fpages%2f4/244,3588,616,58/full/0/default.jpg
point	O	O	O	O	O	O	_	_	_	_	_	_
situé	O	O	O	O	O	O	_	_	_	_	_	_
derrière	O	O	O	O	O	O	_	_	_	_	_	_
le	O	O	O	O	O	O	_	_	_	_	_	_
Garigliano	O	O	O	O	O	O	_	_	NoSpaceAfter	_	_	_
.	O	O	O	O	O	O	_	_	NoSpaceAfter	EndOfSentence	_	_
»	O	O	O	O	O	O	_	_	EndOfLine	_	_	_
# segment_iiif_link = https://iiif.eluxemburgensia.lu/iiif/2/ark:%2f70795%2ftgqkz4%2fpages%2f4/288,3662,735,50/full/0/default.jpg
On	O	O	O	O	O	O	_	_	_	_	_	_
lit	O	O	O	O	O	O	_	_	_	_	_	_
dans	O	O	O	O	O	O	_	_	_	_	_	_
V	O	O	O	O	O	O	_	_	_	_	_	_
Opinion	O	O	O	O	O	O	_	_	_	_	_	_
nationale	O	O	O	O	O	O	_	_	_	_	_	_
de	O	O	O	O	O	O	_	_	_	_	_	_
ce	O	O	O	O	O	O	_	_	_	_	_	_
jour	O	O	O	O	O	O	_	_	_	_	_	_
:	O	O	O	O	O	O	_	_	EndOfLine	_	_	_
# segment_iiif_link = https://iiif.eluxemburgensia.lu/iiif/2/ark:%2f70795%2ftgqkz4%2fpages%2f4/288,3709,754,50/full/0/default.jpg
«	O	O	O	O	O	O	_	_	NoSpaceAfter	_	_	_
Une	O	O	O	O	O	O	_	_	_	_	_	_
dépêche	O	O	O	O	O	O	_	_	_	_	_	_
télégraphique	O	O	O	O	O	O	_	_	NoSpaceAfter	_	_	_
,	O	O	O	O	O	O	_	_	_	_	_	_
datée	O	O	O	O	O	O	_	_	_	_	_	_
de	O	O	O	O	O	O	_	_	_	_	_	_
Turin	O	O	O	O	O	O	_	_	NoSpaceAfter	_	_	_
,	O	O	O	O	O	O	_	_	EndOfLine	_	_	_
# segment_iiif_link = https://iiif.eluxemburgensia.lu/iiif/2/ark:%2f70795%2ftgqkz4%2fpages%2f4/244,3765,780,43/full/0/default.jpg
nous	O	O	O	O	O	O	_	_	_	_	_	_
apprend	O	O	O	O	O	O	_	_	_	_	_	_
qu	O	O	O	O	O	O	_	_	NoSpaceAfter	_	_	_
'	O	O	O	O	O	O	_	_	NoSpaceAfter	_	_	_
un	O	O	O	O	O	O	_	_	_	_	_	_
manifeste	O	O	O	O	O	O	_	_	_	_	_	_
émané	O	O	O	O	O	O	_	_	_	_	_	_
du	O	O	O	O	O	O	_	_	EndOfLine	_	_	_
# segment_iiif_link = https://iiif.eluxemburgensia.lu/iiif/2/ark:%2f70795%2ftgqkz4%2fpages%2f4/244,3804,781,53/full/0/default.jpg
gouvernement	O	O	O	O	O	O	_	_	_	_	_	_
italien	O	O	O	O	O	O	_	_	_	_	_	_
(	O	O	O	O	O	O	_	_	NoSpaceAfter	_	_	_
sans	O	O	O	O	O	O	_	_	_	_	_	_
doute	O	O	O	O	O	O	_	_	_	_	_	_
celui	O	O	O	O	O	O	_	_	_	_	_	_
que	O	O	O	O	O	O	_	_	EndOfLine	_	_	_
# segment_iiif_link = https://iiif.eluxemburgensia.lu/iiif/2/ark:%2f70795%2ftgqkz4%2fpages%2f4/243,3850,799,50/full/0/default.jpg
devait	O	O	O	O	O	O	_	_	_	_	_	_
publier	O	O	O	O	O	O	_	_	_	_	_	_
Victor	O	O	O	O	O	O	_	_	NoSpaceAfter	_	_	_
-	O	O	O	O	O	O	_	_	NoSpaceAfter	_	_	_
Emmanuel	O	O	O	O	O	O	_	_	_	_	_	_
après	O	O	O	O	O	O	_	_	_	_	_	_
avoir	O	O	O	O	O	O	_	_	EndOfLine	_	_	_
# segment_iiif_link = https://iiif.eluxemburgensia.lu/iiif/2/ark:%2f70795%2ftgqkz4%2fpages%2f4/244,3904,797,42/full/0/default.jpg
connu	O	O	O	O	O	O	_	_	_	_	_	_
le	O	O	O	O	O	O	_	_	_	_	_	_
résultat	O	O	O	O	O	O	_	_	_	_	_	_
du	O	O	O	O	O	O	_	_	_	_	_	_
plébiscite	O	O	O	O	O	O	_	_	NoSpaceAfter	_	_	_
)	O	O	O	O	O	O	_	_	_	_	_	_
a	O	O	O	O	O	O	_	_	_	_	_	_
produit	O	O	O	O	O	O	_	_	_	_	_	_
la	O	O	O	O	O	O	_	_	EndOfLine	_	_	_
# segment_iiif_link = https://iiif.eluxemburgensia.lu/iiif/2/ark:%2f70795%2ftgqkz4%2fpages%2f4/243,3942,795,57/full/0/default.jpg
plus	O	O	O	O	O	O	_	_	_	_	_	_
heureuse	O	O	O	O	O	O	_	_	_	_	_	_
impression	O	O	O	O	O	O	_	_	_	_	_	_
dans	O	O	O	O	O	O	_	_	_	_	_	_
toutes	O	O	O	O	O	O	_	_	_	_	_	_
les	O	O	O	O	O	O	_	_	EndOfLine	_	_	_
# segment_iiif_link = https://iiif.eluxemburgensia.lu/iiif/2/ark:%2f70795%2ftgqkz4%2fpages%2f4/244,3988,795,58/full/0/default.jpg
grandes	O	O	O	O	O	O	_	_	_	_	_	_
villes	O	O	O	O	O	O	_	_	_	_	_	_
de	O	O	O	O	O	O	_	_	_	_	_	_
la	O	O	O	O	O	O	_	_	_	_	_	_
Péninsule	O	O	O	O	O	O	_	_	NoSpaceAfter	_	_	_
,	O	O	O	O	O	O	_	_	_	_	_	_
et	O	O	O	O	O	O	_	_	_	_	_	_
donne	O	O	O	O	O	O	_	_	_	_	_	_
la	O	O	O	O	O	O	_	_	EndOfLine	_	_	_
# segment_iiif_link = https://iiif.eluxemburgensia.lu/iiif/2/ark:%2f70795%2ftgqkz4%2fpages%2f4/244,4033,797,51/full/0/default.jpg
meilleure	O	O	O	O	O	O	_	_	_	_	_	_
espérance	O	O	O	O	O	O	_	_	_	_	_	_
en	O	O	O	O	O	O	_	_	_	_	_	_
ce	O	O	O	O	O	O	_	_	_	_	_	_
qui	O	O	O	O	O	O	_	_	_	_	_	_
touche	O	O	O	O	O	O	_	_	_	_	_	_
le	O	O	O	O	O	O	_	_	_	_	_	_
sort	O	O	O	O	O	O	_	_	EndOfLine	_	_	_
# segment_iiif_link = https://iiif.eluxemburgensia.lu/iiif/2/ark:%2f70795%2ftgqkz4%2fpages%2f4/244,4080,387,50/full/0/default.jpg
de	O	O	O	O	O	O	_	_	_	_	_	_
Venise	O	O	O	O	O	O	_	_	_	_	_	_
et	O	O	O	O	O	O	_	_	_	_	_	_
de	O	O	O	O	O	O	_	_	_	_	_	_
Home	O	O	O	O	O	O	_	_	NoSpaceAfter	_	_	_
.	O	O	O	O	O	O	_	_	EndOfLine	_	_	_
# segment_iiif_link = https://iiif.eluxemburgensia.lu/iiif/2/ark:%2f70795%2ftgqkz4%2fpages%2f4/289,4124,739,51/full/0/default.jpg
»	O	O	O	O	O	O	_	_	NoSpaceAfter	_	_	_
Elle	O	O	O	O	O	O	_	_	_	_	_	_
ajoute	O	O	O	O	O	O	_	_	_	_	_	_
qu	O	O	O	O	O	O	_	_	NoSpaceAfter	_	_	_
'	O	O	O	O	O	O	_	_	NoSpaceAfter	_	_	_
une	O	O	O	O	O	O	_	_	_	_	_	_
colonne	O	O	O	O	O	O	_	_	_	_	_	_
napolitaine	O	O	O	O	O	O	_	_	NoSpaceAfter	_	_	_
,	O	O	O	O	O	O	_	_	EndOfLine	_	_	_
# segment_iiif_link = https://iiif.eluxemburgensia.lu/iiif/2/ark:%2f70795%2ftgqkz4%2fpages%2f4/244,4175,796,49/full/0/default.jpg
faisant	O	O	O	O	O	O	_	_	_	_	_	_
partie	O	O	O	O	O	O	_	_	NoSpaceAfter	_	_	_
,	O	O	O	O	O	O	_	_	_	_	_	_
soit	O	O	O	O	O	O	_	_	_	_	_	_
du	O	O	O	O	O	O	_	_	_	_	_	_
corps	O	O	O	O	O	O	_	_	_	_	_	_
qui	O	O	O	O	O	O	_	_	_	_	_	_
opérait	O	O	O	O	O	O	_	_	_	_	_	_
près	O	O	O	O	O	O	_	_	_	_	_	_
de	O	O	O	O	O	O	_	_	EndOfLine	_	_	_
# segment_iiif_link = https://iiif.eluxemburgensia.lu/iiif/2/ark:%2f70795%2ftgqkz4%2fpages%2f4/244,4220,796,60/full/0/default.jpg
Capoue	O	O	O	O	O	O	_	_	NoSpaceAfter	_	_	_
,	O	O	O	O	O	O	_	_	_	_	_	_
soit	O	O	O	O	O	O	_	_	_	_	_	_
de	O	O	O	O	O	O	_	_	_	_	_	_
la	O	O	O	O	O	O	_	_	_	_	_	_
garnison	O	O	O	O	O	O	_	_	_	_	_	_
de	O	O	O	O	O	O	_	_	_	_	_	_
cette	O	O	O	O	O	O	_	_	_	_	_	_
ville	O	O	O	O	O	O	_	_	NoSpaceAfter	_	_	_
,	O	O	O	O	O	O	_	_	_	_	_	_
est	O	O	O	O	O	O	_	_	EndOfLine	_	_	_
# segment_iiif_link = https://iiif.eluxemburgensia.lu/iiif/2/ark:%2f70795%2ftgqkz4%2fpages%2f4/240,4265,574,57/full/0/default.jpg
rentrée	O	O	O	O	O	O	_	_	NoSpaceAfter	_	_	_
,	O	O	O	O	O	O	_	_	_	_	_	_
avant	O	O	O	O	O	O	_	_	NoSpaceAfter	_	_	_
-	O	O	O	O	O	O	_	_	NoSpaceAfter	_	_	_
hier	O	O	O	O	O	O	_	_	_	_	_	_
27	O	O	O	O	O	O	_	_	NoSpaceAfter	_	_	_
,	O	O	O	O	O	O	_	_	_	_	_	_
à	O	O	O	O	O	O	_	_	_	_	_	_
Gaëte	O	O	O	O	O	O	_	_	NoSpaceAfter	_	_	_
.	O	O	O	O	O	O	_	_	_	EndOfSentence	_	_
»	O	O	O	O	O	O	_	_	EndOfLine	_	_	_
# segment_iiif_link = https://iiif.eluxemburgensia.lu/iiif/2/ark:%2f70795%2ftgqkz4%2fpages%2f4/462,4335,536,64/full/0/default.jpg
Londres	O	O	O	O	O	O	_	_	NoSpaceAfter	_	_	_
,	O	O	O	O	O	O	_	_	_	_	_	_
dimanche	O	O	O	O	O	O	_	_	_	_	_	_
28	O	O	O	O	O	O	_	_	_	_	_	_
octobre	O	O	O	O	O	O	_	_	NoSpaceAfter	_	_	_
.	O	O	O	O	O	O	_	_	EndOfLine	EndOfSentence	_	_
# segment_iiif_link = https://iiif.eluxemburgensia.lu/iiif/2/ark:%2f70795%2ftgqkz4%2fpages%2f4/282,4391,757,50/full/0/default.jpg
L	O	O	O	O	O	O	_	_	NoSpaceAfter	_	_	_
'	O	O	O	O	O	O	_	_	NoSpaceAfter	_	_	_
A	O	O	O	O	O	O	Q130879	_	_	_	Transcript:Agence Reuter|LED0.27	_
qgcncc	O	O	O	O	O	O	Q130879	_	_	_	Transcript:Agence Reuter|LED0.27	_
Reuter	O	O	O	O	O	O	Q130879	_	_	_	Transcript:Agence Reuter|LED0.27	_
a	O	O	O	O	O	O	_	_	_	_	_	_
reçu	O	O	O	O	O	O	_	_	_	_	_	_
une	O	O	O	O	O	O	_	_	_	_	_	_
dépêche	O	O	O	O	O	O	_	_	_	_	_	_
de	O	O	O	O	O	O	_	_	EndOfLine	_	_	_
# segment_iiif_link = https://iiif.eluxemburgensia.lu/iiif/2/ark:%2f70795%2ftgqkz4%2fpages%2f4/244,4438,796,51/full/0/default.jpg
Paris	O	O	O	O	O	O	_	_	_	_	_	_
annonçant	O	O	O	O	O	O	_	_	_	_	_	_
que	O	O	O	O	O	O	_	_	_	_	_	_
M	O	O	O	O	O	O	_	_	NoSpaceAfter	_	_	_
.	O	O	O	O	O	O	_	_	_	_	_	_
de	O	O	O	O	O	O	_	_	_	_	_	_
Metternich	O	O	O	O	O	O	_	_	_	_	_	_
aurait	O	O	O	O	O	O	_	_	EndOfLine	_	_	_
# segment_iiif_link = https://iiif.eluxemburgensia.lu/iiif/2/ark:%2f70795%2ftgqkz4%2fpages%2f4/242,4483,781,60/full/0/default.jpg
expliqué	O	O	O	O	O	O	_	_	_	_	_	_
à	O	O	O	O	O	O	_	_	_	_	_	_
M	O	O	O	O	O	O	_	_	NoSpaceAfter	_	_	_
.	O	O	O	O	O	O	_	_	_	_	_	_
Thouvenel	O	O	O	O	O	O	_	_	_	_	_	_
la	O	O	O	O	O	O	_	_	_	_	_	_
politique	O	O	O	O	O	O	_	_	_	_	_	_
de	O	O	O	O	O	O	_	_	EndOfLine	_	_	_
# segment_iiif_link = https://iiif.eluxemburgensia.lu/iiif/2/ark:%2f70795%2ftgqkz4%2fpages%2f4/240,4531,798,50/full/0/default.jpg
l	O	O	O	O	O	O	_	_	NoSpaceAfter	_	_	_
'	O	O	O	O	O	O	_	_	NoSpaceAfter	_	_	_
Autriche	O	O	O	O	O	O	_	_	NoSpaceAfter	_	_	_
,	O	O	O	O	O	O	_	_	_	_	_	_
on	O	O	O	O	O	O	_	_	_	_	_	_
la	O	O	O	O	O	O	_	_	_	_	_	_
résumant	O	O	O	O	O	O	_	_	_	_	_	_
dans	O	O	O	O	O	O	_	_	_	_	_	_
les	O	O	O	O	O	O	_	_	_	_	_	_
quatre	O	O	O	O	O	O	_	_	_	_	_	_
points	O	O	O	O	O	O	_	_	EndOfLine	_	_	_
# segment_iiif_link = https://iiif.eluxemburgensia.lu/iiif/2/ark:%2f70795%2ftgqkz4%2fpages%2f4/240,4575,159,54/full/0/default.jpg
suh	O	O	O	O	O	O	_	_	_	_	_	_
mts	O	O	O	O	O	O	_	_	NoSpaceAfter	_	_	_
:	O	O	O	O	O	O	_	_	EndOfLine	_	_	_
# segment_iiif_link = https://iiif.eluxemburgensia.lu/iiif/2/ark:%2f70795%2ftgqkz4%2fpages%2f4/282,4620,738,48/full/0/default.jpg
1	O	O	O	O	O	O	_	_	NoSpaceAfter	_	_	_
°	O	O	O	O	O	O	_	_	_	_	_	_
L	O	O	O	O	O	O	_	_	NoSpaceAfter	_	_	_
'	O	O	O	O	O	O	_	_	NoSpaceAfter	_	_	_
Autriche	O	O	O	O	O	O	_	_	_	_	_	_
exécutera	O	O	O	O	O	O	_	_	_	_	_	_
loyalement	O	O	O	O	O	O	_	_	_	_	_	_
les	O	O	O	O	O	O	_	_	EndOfLine	_	_	_
# segment_iiif_link = https://iiif.eluxemburgensia.lu/iiif/2/ark:%2f70795%2ftgqkz4%2fpages%2f4/238,4665,798,50/full/0/default.jpg
réformes	O	O	O	O	O	O	_	_	_	_	_	_
accordées	O	O	O	O	O	O	_	_	_	_	_	_
par	O	O	O	O	O	O	_	_	_	_	_	_
le	O	O	O	O	O	O	_	_	_	_	_	_
récent	O	O	O	O	O	O	_	_	_	_	_	_
diplôme	O	O	O	O	O	O	_	_	_	_	_	_
de	O	O	O	O	O	O	_	_	EndOfLine	_	_	_
# segment_iiif_link = https://iiif.eluxemburgensia.lu/iiif/2/ark:%2f70795%2ftgqkz4%2fpages%2f4/240,4710,209,61/full/0/default.jpg
l	O	O	O	O	O	O	_	_	NoSpaceAfter	_	_	_
'	O	O	O	O	O	O	_	_	NoSpaceAfter	_	_	_
Empereur	O	O	O	O	O	O	_	_	NoSpaceAfter	_	_	_
;	O	O	O	O	O	O	_	_	EndOfLine	_	_	_
# segment_iiif_link = https://iiif.eluxemburgensia.lu/iiif/2/ark:%2f70795%2ftgqkz4%2fpages%2f4/281,4754,740,47/full/0/default.jpg
2	O	O	O	O	O	O	_	_	NoSpaceAfter	_	_	_
°	O	O	O	O	O	O	_	_	_	_	_	_
Elle	O	O	O	O	O	O	_	_	_	_	_	_
continuera	O	O	O	O	O	O	_	_	_	_	_	_
à	O	O	O	O	O	O	_	_	_	_	_	_
garder	O	O	O	O	O	O	_	_	_	_	_	_
une	O	O	O	O	O	O	_	_	_	_	_	_
attitude	O	O	O	O	O	O	_	_	EndOfLine	_	_	_
# segment_iiif_link = https://iiif.eluxemburgensia.lu/iiif/2/ark:%2f70795%2ftgqkz4%2fpages%2f4/240,4792,799,63/full/0/default.jpg
défensive	O	O	O	O	O	O	_	_	NoSpaceAfter	_	_	_
,	O	O	O	O	O	O	_	_	_	_	_	_
les	O	O	O	O	O	O	_	_	_	_	_	_
armements	O	O	O	O	O	O	_	_	_	_	_	_
faits	O	O	O	O	O	O	_	_	_	_	_	_
en	O	O	O	O	O	O	_	_	_	_	_	_
Vénétie	O	O	O	O	O	O	_	_	_	_	_	_
ayant	O	O	O	O	O	O	_	_	EndOfLine	_	_	_
# segment_iiif_link = https://iiif.eluxemburgensia.lu/iiif/2/ark:%2f70795%2ftgqkz4%2fpages%2f4/242,4849,797,50/full/0/default.jpg
pour	O	O	O	O	O	O	_	_	_	_	_	_
but	O	O	O	O	O	O	_	_	_	_	_	_
unique	O	O	O	O	O	O	_	_	_	_	_	_
de	O	O	O	O	O	O	_	_	_	_	_	_
repousser	O	O	O	O	O	O	_	_	_	_	_	_
une	O	O	O	O	O	O	_	_	_	_	_	_
agression	O	O	O	O	O	O	_	_	NoSpaceAfter	_	_	_
;	O	O	O	O	O	O	_	_	EndOfLine	_	_	_
# segment_iiif_link = https://iiif.eluxemburgensia.lu/iiif/2/ark:%2f70795%2ftgqkz4%2fpages%2f4/282,4888,757,50/full/0/default.jpg
3	O	O	O	O	O	O	_	_	NoSpaceAfter	_	_	_
°	O	O	O	O	O	O	_	_	_	_	_	_
Elle	O	O	O	O	O	O	_	_	_	_	_	_
n	O	O	O	O	O	O	_	_	NoSpaceAfter	_	_	_
'	O	O	O	O	O	O	_	_	NoSpaceAfter	_	_	_
abandonnera	O	O	O	O	O	O	_	_	_	_	_	_
pas	O	O	O	O	O	O	_	_	_	_	_	_
le	O	O	O	O	O	O	_	_	_	_	_	_
système	O	O	O	O	O	O	_	_	_	_	_	_
de	O	O	O	O	O	O	_	_	EndOfLine	_	_	_
# segment_iiif_link = https://iiif.eluxemburgensia.lu/iiif/2/ark:%2f70795%2ftgqkz4%2fpages%2f4/239,4933,302,62/full/0/default.jpg
non	O	O	O	O	O	O	_	_	NoSpaceAfter	_	_	_
-	O	O	O	O	O	O	_	_	NoSpaceAfter	_	_	_
intervention	O	O	O	O	O	O	_	_	NoSpaceAfter	_	_	_
;	O	O	O	O	O	O	_	_	EndOfLine	_	_	_
# segment_iiif_link = https://iiif.eluxemburgensia.lu/iiif/2/ark:%2f70795%2ftgqkz4%2fpages%2f4/281,4987,757,49/full/0/default.jpg
4	O	O	O	O	O	O	_	_	NoSpaceAfter	_	_	_
°	O	O	O	O	O	O	_	_	_	_	_	_
Elle	O	O	O	O	O	O	_	_	_	_	_	_
croit	O	O	O	O	O	O	_	_	_	_	_	_
qu	O	O	O	O	O	O	_	_	NoSpaceAfter	_	_	_
'	O	O	O	O	O	O	_	_	NoSpaceAfter	_	_	_
un	O	O	O	O	O	O	_	_	_	_	_	_
congrès	O	O	O	O	O	O	_	_	_	_	_	_
ne	O	O	O	O	O	O	_	_	_	_	_	_
pourra	O	O	O	O	O	O	_	_	_	_	_	_
pas	O	O	O	O	O	O	_	_	EndOfLine	_	_	_
# segment_iiif_link = https://iiif.eluxemburgensia.lu/iiif/2/ark:%2f70795%2ftgqkz4%2fpages%2f4/238,5031,784,55/full/0/default.jpg
aboutir	O	O	O	O	O	O	_	_	_	_	_	_
à	O	O	O	O	O	O	_	_	_	_	_	_
une	O	O	O	O	O	O	_	_	_	_	_	_
solution	O	O	O	O	O	O	_	_	_	_	_	_
pratique	O	O	O	O	O	O	_	_	NoSpaceAfter	_	_	_
,	O	O	O	O	O	O	_	_	_	_	_	_
avant	O	O	O	O	O	O	_	_	EndOfLine	_	_	_
# segment_iiif_link = https://iiif.eluxemburgensia.lu/iiif/2/ark:%2f70795%2ftgqkz4%2fpages%2f4/239,5082,797,49/full/0/default.jpg
l	O	O	O	O	O	O	_	_	NoSpaceAfter	_	_	_
'	O	O	O	O	O	O	_	_	NoSpaceAfter	_	_	_
adoption	O	O	O	O	O	O	_	_	_	_	_	_
d	O	O	O	O	O	O	_	_	NoSpaceAfter	_	_	_
'	O	O	O	O	O	O	_	_	NoSpaceAfter	_	_	_
un	O	O	O	O	O	O	_	_	_	_	_	_
programme	O	O	O	O	O	O	_	_	_	_	_	_
commun	O	O	O	O	O	O	_	_	_	_	_	_
ne.r	O	O	O	O	O	O	_	_	_	_	_	_
les	O	O	O	O	O	O	_	_	_	_	_	_
mandes	O	O	O	O	O	O	_	_	EndOfLine	_	_	_
# segment_iiif_link = https://iiif.eluxemburgensia.lu/iiif/2/ark:%2f70795%2ftgqkz4%2fpages%2f4/235,5128,607,58/full/0/default.jpg
puissances	O	O	O	O	O	O	_	_	NoSpaceAfter	_	_	_
,	O	O	O	O	O	O	_	_	_	_	_	_
adoption	O	O	O	O	O	O	_	_	_	_	_	_
qui	O	O	O	O	O	O	_	_	_	_	_	_
lui	O	O	O	O	O	O	_	_	_	_	_	_
parait	O	O	O	O	O	O	_	_	EndOfLine	_	_	_
# segment_iiif_link = _
problé	O	O	O	O	O	O	_	_	EndOfLine|NoSpaceAfter	_	_	_
# segment_iiif_link = https://iiif.eluxemburgensia.lu/iiif/2/ark:%2f70795%2ftgqkz4%2fpages%2f4/812,5227,3,21/full/0/default.jpg
matique	O	O	O	O	O	O	_	_	NoSpaceAfter	_	_	_
.	O	O	O	O	O	O	_	_	_	EndOfSentence	_	_
Jules	O	O	O	O	O	O	_	_	_	_	LED0.00	_
Metz	O	O	O	O	O	O	_	_	EndOfLine	_	LED0.00	_
# segment_iiif_link = https://iiif.eluxemburgensia.lu/iiif/2/ark:%2f70795%2ftgqkz4%2fpages%2f4/824,5233,165,51/full/0/default.jpg
réducteur	O	O	O	O	O	O	_	_	NoSpaceAfter	_	_	_
.	O	O	O	O	O	O	_	_	EndOfLine	EndOfSentence	_	_

# language = fr
# newspaper = courriergdl
# date = 1860-10-31
# document_id = courriergdl-1860-10-31-a-i0016
# news-agency-as-source = Q130879
# segment_iiif_link = https://iiif.eluxemburgensia.lu/iiif/2/ark:%2f70795%2ftgqkz4%2fpages%2f4/323,2038,637,63/full/0/default.jpg
Dernières	O	O	O	O	O	O	_	_	_	_	_	_
nouvelles	O	O	O	O	O	O	_	_	NoSpaceAfter	_	_	_
.	O	O	O	O	O	O	_	_	EndOfLine	EndOfSentence	_	_
# segment_iiif_link = https://iiif.eluxemburgensia.lu/iiif/2/ark:%2f70795%2ftgqkz4%2fpages%2f4/636,2115,364,53/full/0/default.jpg
Turin	O	O	O	O	O	O	_	_	NoSpaceAfter	_	_	_
,	O	O	O	O	O	O	_	_	_	_	_	_
le	O	O	O	O	O	O	_	_	_	_	_	_
28	O	O	O	O	O	O	_	_	_	_	_	_
octobre	O	O	O	O	O	O	_	_	NoSpaceAfter	_	_	_
.	O	O	O	O	O	O	_	_	EndOfLine	EndOfSentence	_	_
# segment_iiif_link = https://iiif.eluxemburgensia.lu/iiif/2/ark:%2f70795%2ftgqkz4%2fpages%2f4/289,2156,737,63/full/0/default.jpg
Naples	O	O	O	O	O	O	_	_	NoSpaceAfter	_	_	_
,	O	O	O	O	O	O	_	_	_	_	_	_
28	O	O	O	O	O	O	_	_	NoSpaceAfter	_	_	_
.	O	O	O	O	O	O	_	_	_	EndOfSentence	_	_
—	O	O	O	O	O	O	_	_	_	_	_	_
Voici	O	O	O	O	O	O	_	_	_	_	_	_
le	O	O	O	O	O	O	_	_	_	_	_	_
résultat	O	O	O	O	O	O	_	_	_	_	_	_
du	O	O	O	O	O	O	_	_	EndOfLine	_	_	_
# segment_iiif_link = https://iiif.eluxemburgensia.lu/iiif/2/ark:%2f70795%2ftgqkz4%2fpages%2f4/246,2207,794,49/full/0/default.jpg
dépouillement	O	O	O	O	O	O	_	_	_	_	_	_
des	O	O	O	O	O	O	_	_	_	_	_	_
votes	O	O	O	O	O	O	_	_	_	_	_	_
de	O	O	O	O	O	O	_	_	_	_	_	_
la	O	O	O	O	O	O	_	_	_	_	_	_
ville	O	O	O	O	O	O	_	_	_	_	_	_
et	O	O	O	O	O	O	_	_	_	_	_	_
de	O	O	O	O	O	O	_	_	_	_	_	_
la	O	O	O	O	O	O	_	_	_	_	_	_
province	O	O	O	O	O	O	_	_	_	_	_	_
de	O	O	O	O	O	O	_	_	EndOfLine	_	_	_
# segment_iiif_link = https://iiif.eluxemburgensia.lu/iiif/2/ark:%2f70795%2ftgqkz4%2fpages%2f4/248,2253,793,58/full/0/default.jpg
Naples	O	O	O	O	O	O	_	_	_	_	_	_
:	O	O	O	O	O	O	_	_	_	_	_	_
Inscrits	O	O	O	O	O	O	_	_	NoSpaceAfter	_	_	_
,	O	O	O	O	O	O	_	_	_	_	_	_
229,780	O	O	O	O	O	O	_	_	NoSpaceAfter	_	_	_
;	O	O	O	O	O	O	_	_	_	_	_	_
oui	O	O	O	O	O	O	_	_	NoSpaceAfter	_	_	_
,	O	O	O	O	O	O	_	_	_	_	_	_
185,468	O	O	O	O	O	O	_	_	NoSpaceAfter	_	_	_
;	O	O	O	O	O	O	_	_	_	_	_	_
non	O	O	O	O	O	O	_	_	NoSpaceAfter	_	_	_
,	O	O	O	O	O	O	_	_	EndOfLine	_	_	_
# segment_iiif_link = https://iiif.eluxemburgensia.lu/iiif/2/ark:%2f70795%2ftgqkz4%2fpages%2f4/249,2302,793,56/full/0/default.jpg
1,609	O	O	O	O	O	O	_	_	NoSpaceAfter	_	_	_
.	O	O	O	O	O	O	_	_	_	EndOfSentence	_	_
On	O	O	O	O	O	O	_	_	_	_	_	_
attend	O	O	O	O	O	O	_	_	_	_	_	_
les	O	O	O	O	O	O	_	_	_	_	_	_
mêmes	O	O	O	O	O	O	_	_	_	_	_	_
excellons	O	O	O	O	O	O	_	_	_	_	_	_
résultats	O	O	O	O	O	O	_	_	EndOfLine	_	_	_
# segment_iiif_link = https://iiif.eluxemburgensia.lu/iiif/2/ark:%2f70795%2ftgqkz4%2fpages%2f4/248,2345,793,51/full/0/default.jpg
des	O	O	O	O	O	O	_	_	_	_	_	_
autres	O	O	O	O	O	O	_	_	_	_	_	_
provinces	O	O	O	O	O	O	_	_	NoSpaceAfter	_	_	_
.	O	O	O	O	O	O	_	_	_	EndOfSentence	_	_
On	O	O	O	O	O	O	_	_	_	_	_	_
connaît	O	O	O	O	O	O	_	_	_	_	_	_
jusqu	O	O	O	O	O	O	_	_	NoSpaceAfter	_	_	_
'	O	O	O	O	O	O	_	_	NoSpaceAfter	_	_	_
ici	O	O	O	O	O	O	_	_	_	_	_	_
:	O	O	O	O	O	O	_	_	EndOfLine	_	_	_
# segment_iiif_link = https://iiif.eluxemburgensia.lu/iiif/2/ark:%2f70795%2ftgqkz4%2fpages%2f4/246,2390,797,60/full/0/default.jpg
Bani	O	O	O	O	O	O	_	_	NoSpaceAfter	_	_	_
,	O	O	O	O	O	O	_	_	_	_	_	_
127,007	O	O	O	O	O	O	_	_	_	_	_	_
o	O	O	O	O	O	O	_	_	NoSpaceAfter	_	_	_
*	O	O	O	O	O	O	_	_	NoSpaceAfter	_	_	_
i	O	O	O	O	O	O	_	_	_	_	_	_
;	O	O	O	O	O	O	_	_	_	_	_	_
non	O	O	O	O	O	O	_	_	NoSpaceAfter	_	_	_
,	O	O	O	O	O	O	_	_	_	_	_	_
G3	O	O	O	O	O	O	_	_	_	_	_	_
;	O	O	O	O	O	O	_	_	_	_	_	_
Bénévent	O	O	O	O	O	O	_	_	NoSpaceAfter	_	_	_
,	O	O	O	O	O	O	_	_	_	_	_	_
6,970	O	O	O	O	O	O	_	_	EndOfLine	_	_	_
# segment_iiif_link = https://iiif.eluxemburgensia.lu/iiif/2/ark:%2f70795%2ftgqkz4%2fpages%2f4/248,2440,271,58/full/0/default.jpg
oui	O	O	O	O	O	O	_	_	NoSpaceAfter	_	_	_
;	O	O	O	O	O	O	_	_	_	_	_	_
aucun	O	O	O	O	O	O	_	_	_	_	_	_
non	O	O	O	O	O	O	_	_	NoSpaceAfter	_	_	_
.	O	O	O	O	O	O	_	_	EndOfLine	EndOfSentence	_	_
# segment_iiif_link = https://iiif.eluxemburgensia.lu/iiif/2/ark:%2f70795%2ftgqkz4%2fpages%2f4/288,2487,752,50/full/0/default.jpg
La	O	O	O	O	O	O	_	_	_	_	_	_
satisfaction	O	O	O	O	O	O	_	_	_	_	_	_
publique	O	O	O	O	O	O	_	_	_	_	_	_
est	O	O	O	O	O	O	_	_	_	_	_	_
augmentée	O	O	O	O	O	O	_	_	_	_	_	_
par	O	O	O	O	O	O	_	_	EndOfLine	_	_	_
# segment_iiif_link = https://iiif.eluxemburgensia.lu/iiif/2/ark:%2f70795%2ftgqkz4%2fpages%2f4/245,2533,797,50/full/0/default.jpg
la	O	O	O	O	O	O	_	_	_	_	_	_
nouvelle	O	O	O	O	O	O	_	_	_	_	_	_
de	O	O	O	O	O	O	_	_	_	_	_	_
la	O	O	O	O	O	O	_	_	_	_	_	_
prochaine	O	O	O	O	O	O	_	_	_	_	_	_
arrivée	O	O	O	O	O	O	_	_	_	_	_	_
de	O	O	O	O	O	O	_	_	_	_	_	_
Victor	O	O	O	O	O	O	_	_	NoSpaceAfter	_	_	_
-	O	O	O	O	O	O	_	_	EndOfLine	_	_	_
# segment_iiif_link = https://iiif.eluxemburgensia.lu/iiif/2/ark:%2f70795%2ftgqkz4%2fpages%2f4/245,2579,193,54/full/0/default.jpg
Emmanuel	O	O	O	O	O	O	_	_	NoSpaceAfter	_	_	_
.	O	O	O	O	O	O	_	_	EndOfLine	EndOfSentence	_	_
# segment_iiif_link = https://iiif.eluxemburgensia.lu/iiif/2/ark:%2f70795%2ftgqkz4%2fpages%2f4/287,2656,374,50/full/0/default.jpg
On	O	O	O	O	O	O	_	_	_	_	_	_
lit	O	O	O	O	O	O	_	_	_	_	_	_
dans	O	O	O	O	O	O	_	_	_	_	_	_
la	O	O	O	O	O	O	_	_	_	_	_	_
Patrie	O	O	O	O	O	O	_	_	NoSpaceAfter	_	_	_
:	O	O	O	O	O	O	_	_	EndOfLine	_	_	_
# segment_iiif_link = https://iiif.eluxemburgensia.lu/iiif/2/ark:%2f70795%2ftgqkz4%2fpages%2f4/287,2703,754,50/full/0/default.jpg
«	O	O	O	O	O	O	_	_	NoSpaceAfter	_	_	_
Une	O	O	O	O	O	O	_	_	_	_	_	_
dépêche	O	O	O	O	O	O	_	_	_	_	_	_
télégraphique	O	O	O	O	O	O	_	_	_	_	_	_
de	O	O	O	O	O	O	_	_	_	_	_	_
Naples	O	O	O	O	O	O	_	_	_	_	_	_
nous	O	O	O	O	O	O	_	_	EndOfLine	_	_	_
# segment_iiif_link = https://iiif.eluxemburgensia.lu/iiif/2/ark:%2f70795%2ftgqkz4%2fpages%2f4/244,2750,800,55/full/0/default.jpg
apporte	O	O	O	O	O	O	_	_	_	_	_	_
les	O	O	O	O	O	O	_	_	_	_	_	_
détails	O	O	O	O	O	O	_	_	_	_	_	_
suivans	O	O	O	O	O	O	_	_	_	_	_	_
sur	O	O	O	O	O	O	_	_	_	_	_	_
l	O	O	O	O	O	O	_	_	NoSpaceAfter	_	_	_
'	O	O	O	O	O	O	_	_	NoSpaceAfter	_	_	_
engagement	O	O	O	O	O	O	_	_	EndOfLine	_	_	_
# segment_iiif_link = https://iiif.eluxemburgensia.lu/iiif/2/ark:%2f70795%2ftgqkz4%2fpages%2f4/248,2792,106,48/full/0/default.jpg
du	O	O	O	O	O	O	_	_	_	_	_	_
26	O	O	O	O	O	O	_	_	NoSpaceAfter	_	_	_
.	O	O	O	O	O	O	_	_	EndOfLine	_	_	_
# segment_iiif_link = https://iiif.eluxemburgensia.lu/iiif/2/ark:%2f70795%2ftgqkz4%2fpages%2f4/289,2833,755,53/full/0/default.jpg
»	O	O	O	O	O	O	_	_	NoSpaceAfter	_	_	_
Un	O	O	O	O	O	O	_	_	_	_	_	_
combat	O	O	O	O	O	O	_	_	_	_	_	_
très	O	O	O	O	O	O	_	_	NoSpaceAfter	_	_	_
-	O	O	O	O	O	O	_	_	NoSpaceAfter	_	_	_
vif	O	O	O	O	O	O	_	_	_	_	_	_
a	O	O	O	O	O	O	_	_	_	_	_	_
eu	O	O	O	O	O	O	_	_	_	_	_	_
lieu	O	O	O	O	O	O	_	_	_	_	_	_
le	O	O	O	O	O	O	_	_	NoSpaceAfter	_	_	_
-	O	O	O	O	O	O	_	_	_	_	_	_
26	O	O	O	O	O	O	_	_	_	_	_	_
entre	O	O	O	O	O	O	_	_	EndOfLine	_	_	_
# segment_iiif_link = https://iiif.eluxemburgensia.lu/iiif/2/ark:%2f70795%2ftgqkz4%2fpages%2f4/244,2881,799,54/full/0/default.jpg
l	O	O	O	O	O	O	_	_	NoSpaceAfter	_	_	_
'	O	O	O	O	O	O	_	_	NoSpaceAfter	_	_	_
armée	O	O	O	O	O	O	_	_	_	_	_	_
napolitaine	O	O	O	O	O	O	_	_	NoSpaceAfter	_	_	_
,	O	O	O	O	O	O	_	_	_	_	_	_
qui	O	O	O	O	O	O	_	_	_	_	_	_
opérait	O	O	O	O	O	O	_	_	_	_	_	_
sa	O	O	O	O	O	O	_	_	_	_	_	_
retraite	O	O	O	O	O	O	_	_	_	_	_	_
sur	O	O	O	O	O	O	_	_	EndOfLine	_	_	_
# segment_iiif_link = https://iiif.eluxemburgensia.lu/iiif/2/ark:%2f70795%2ftgqkz4%2fpages%2f4/244,2930,795,60/full/0/default.jpg
Gaëte	O	O	O	O	O	O	_	_	NoSpaceAfter	_	_	_
,	O	O	O	O	O	O	_	_	_	_	_	_
et	O	O	O	O	O	O	_	_	_	_	_	_
l	O	O	O	O	O	O	_	_	NoSpaceAfter	_	_	_
'	O	O	O	O	O	O	_	_	NoSpaceAfter	_	_	_
armée	O	O	O	O	O	O	_	_	_	_	_	_
piémontaise	O	O	O	O	O	O	_	_	NoSpaceAfter	_	_	_
.	O	O	O	O	O	O	_	_	_	EndOfSentence	_	_
L	O	O	O	O	O	O	_	_	NoSpaceAfter	_	_	_
'	O	O	O	O	O	O	_	_	NoSpaceAfter	_	_	_
engagement	O	O	O	O	O	O	_	_	EndOfLine	_	_	_
# segment_iiif_link = https://iiif.eluxemburgensia.lu/iiif/2/ark:%2f70795%2ftgqkz4%2fpages%2f4/243,2988,780,41/full/0/default.jpg
a	O	O	O	O	O	O	_	_	_	_	_	_
eu	O	O	O	O	O	O	_	_	_	_	_	_
lieu	O	O	O	O	O	O	_	_	NoSpaceAfter	_	_	_
,	O	O	O	O	O	O	_	_	_	_	_	_
dit	O	O	O	O	O	O	_	_	NoSpaceAfter	_	_	_
-	O	O	O	O	O	O	_	_	NoSpaceAfter	_	_	_
on	O	O	O	O	O	O	_	_	NoSpaceAfter	_	_	_
.	O	O	O	O	O	O	_	_	_	EndOfSentence	_	_
près	O	O	O	O	O	O	_	_	_	_	_	_
de	O	O	O	O	O	O	_	_	_	_	_	_
Sessa	O	O	O	O	O	O	_	_	NoSpaceAfter	_	_	_
.	O	O	O	O	O	O	_	_	_	EndOfSentence	_	_
II	O	O	O	O	O	O	_	_	_	_	_	_
a	O	O	O	O	O	O	_	_	_	_	_	_
été	O	O	O	O	O	O	_	_	EndOfLine	_	_	_
# segment_iiif_link = https://iiif.eluxemburgensia.lu/iiif/2/ark:%2f70795%2ftgqkz4%2fpages%2f4/243,3026,381,51/full/0/default.jpg
favorable	O	O	O	O	O	O	_	_	_	_	_	_
aux	O	O	O	O	O	O	_	_	_	_	_	_
Piémontais	O	O	O	O	O	O	_	_	NoSpaceAfter	_	_	_
.	O	O	O	O	O	O	_	_	EndOfLine	EndOfSentence	_	_
# segment_iiif_link = https://iiif.eluxemburgensia.lu/iiif/2/ark:%2f70795%2ftgqkz4%2fpages%2f4/288,3072,751,61/full/0/default.jpg
»	O	O	O	O	O	O	_	_	NoSpaceAfter	_	_	_
L	O	O	O	O	O	O	_	_	NoSpaceAfter	_	_	_
'	O	O	O	O	O	O	_	_	NoSpaceAfter	_	_	_
arrière	O	O	O	O	O	O	_	_	NoSpaceAfter	_	_	_
-	O	O	O	O	O	O	_	_	NoSpaceAfter	_	_	_
garde	O	O	O	O	O	O	_	_	_	_	_	_
napolitaine	O	O	O	O	O	O	_	_	NoSpaceAfter	_	_	_
,	O	O	O	O	O	O	_	_	_	_	_	_
forte	O	O	O	O	O	O	_	_	_	_	_	_
environ	O	O	O	O	O	O	_	_	EndOfLine	_	_	_
# segment_iiif_link = https://iiif.eluxemburgensia.lu/iiif/2/ark:%2f70795%2ftgqkz4%2fpages%2f4/244,3120,780,50/full/0/default.jpg
de	O	O	O	O	O	O	_	_	_	_	_	_
12,090	O	O	O	O	O	O	_	_	_	_	_	_
hommes	O	O	O	O	O	O	_	_	NoSpaceAfter	_	_	_
,	O	O	O	O	O	O	_	_	_	_	_	_
a	O	O	O	O	O	O	_	_	_	_	_	_
été	O	O	O	O	O	O	_	_	_	_	_	_
principalement	O	O	O	O	O	O	_	_	EndOfLine	_	_	_
# segment_iiif_link = https://iiif.eluxemburgensia.lu/iiif/2/ark:%2f70795%2ftgqkz4%2fpages%2f4/245,3166,793,60/full/0/default.jpg
engagée	O	O	O	O	O	O	_	_	NoSpaceAfter	_	_	_
,	O	O	O	O	O	O	_	_	_	_	_	_
oll	O	O	O	O	O	O	_	_	NoSpaceAfter	_	_	_
"	O	O	O	O	O	O	_	_	_	_	_	_
a	O	O	O	O	O	O	_	_	_	_	_	_
été	O	O	O	O	O	O	_	_	_	_	_	_
rejetée	O	O	O	O	O	O	_	_	_	_	_	_
derrière	O	O	O	O	O	O	_	_	_	_	_	_
le	O	O	O	O	O	O	_	_	_	_	_	_
Garigliano	O	O	O	O	O	O	_	_	NoSpaceAfter	_	_	_
.	O	O	O	O	O	O	_	_	EndOfLine	EndOfSentence	_	_
# segment_iiif_link = https://iiif.eluxemburgensia.lu/iiif/2/ark:%2f70795%2ftgqkz4%2fpages%2f4/289,3211,730,53/full/0/default.jpg
»	O	O	O	O	O	O	_	_	NoSpaceAfter	_	_	_
Les	O	O	O	O	O	O	_	_	_	_	_	_
pertes	O	O	O	O	O	O	_	_	_	_	_	_
des	O	O	O	O	O	O	_	_	_	_	_	_
Piémontais	O	O	O	O	O	O	_	_	_	_	_	_
sont	O	O	O	O	O	O	_	_	_	_	_	_
peu	O	O	O	O	O	O	_	_	EndOfLine	_	_	_
# segment_iiif_link = https://iiif.eluxemburgensia.lu/iiif/2/ark:%2f70795%2ftgqkz4%2fpages%2f4/245,3261,778,58/full/0/default.jpg
nombreuses	O	O	O	O	O	O	_	_	NoSpaceAfter	_	_	_
,	O	O	O	O	O	O	_	_	_	_	_	_
(	O	O	O	O	O	O	_	_	NoSpaceAfter	_	_	_
elles	O	O	O	O	O	O	_	_	_	_	_	_
des	O	O	O	O	O	O	_	_	_	_	_	_
Napolitains	O	O	O	O	O	O	_	_	_	_	_	_
sont	O	O	O	O	O	O	_	_	_	_	_	_
plus	O	O	O	O	O	O	_	_	EndOfLine	_	_	_
# segment_iiif_link = https://iiif.eluxemburgensia.lu/iiif/2/ark:%2f70795%2ftgqkz4%2fpages%2f4/245,3307,778,58/full/0/default.jpg
considérables	O	O	O	O	O	O	_	_	NoSpaceAfter	_	_	_
;	O	O	O	O	O	O	_	_	_	_	_	_
ces	O	O	O	O	O	O	_	_	_	_	_	_
derniers	O	O	O	O	O	O	_	_	_	_	_	_
ont	O	O	O	O	O	O	_	_	_	_	_	_
eu	O	O	O	O	O	O	_	_	_	_	_	_
surtout	O	O	O	O	O	O	_	_	EndOfLine	_	_	_
# segment_iiif_link = https://iiif.eluxemburgensia.lu/iiif/2/ark:%2f70795%2ftgqkz4%2fpages%2f4/244,3365,355,49/full/0/default.jpg
beaucoup	O	O	O	O	O	O	_	_	_	_	_	_
de	O	O	O	O	O	O	_	_	_	_	_	_
piisouniers	O	O	O	O	O	O	_	_	NoSpaceAfter	_	_	_
.	O	O	O	O	O	O	_	_	EndOfLine	EndOfSentence	_	_
# segment_iiif_link = https://iiif.eluxemburgensia.lu/iiif/2/ark:%2f70795%2ftgqkz4%2fpages%2f4/288,3401,754,51/full/0/default.jpg
»	O	O	O	O	O	O	_	_	NoSpaceAfter	_	_	_
Le	O	O	O	O	O	O	_	_	_	_	_	_
roi	O	O	O	O	O	O	_	_	_	_	_	_
Virtor	O	O	O	O	O	O	_	_	NoSpaceAfter	_	_	_
-	O	O	O	O	O	O	_	_	NoSpaceAfter	_	_	_
Emmanuel	O	O	O	O	O	O	_	_	_	_	_	_
commandait	O	O	O	O	O	O	_	_	_	_	_	_
ses	O	O	O	O	O	O	_	_	EndOfLine	_	_	_
# segment_iiif_link = https://iiif.eluxemburgensia.lu/iiif/2/ark:%2f70795%2ftgqkz4%2fpages%2f4/244,3451,357,56/full/0/default.jpg
troupes	O	O	O	O	O	O	_	_	_	_	_	_
en	O	O	O	O	O	O	_	_	_	_	_	_
personne	O	O	O	O	O	O	_	_	NoSpaceAfter	_	_	_
.	O	O	O	O	O	O	_	_	EndOfLine	EndOfSentence	_	_
# segment_iiif_link = https://iiif.eluxemburgensia.lu/iiif/2/ark:%2f70795%2ftgqkz4%2fpages%2f4/288,3497,739,49/full/0/default.jpg
»	O	O	O	O	O	O	_	_	NoSpaceAfter	_	_	_
Aux	O	O	O	O	O	O	_	_	_	_	_	_
dernières	O	O	O	O	O	O	_	_	_	_	_	_
dates	O	O	O	O	O	O	_	_	NoSpaceAfter	_	_	_
,	O	O	O	O	O	O	_	_	_	_	_	_
les	O	O	O	O	O	O	_	_	_	_	_	_
Napolitains	O	O	O	O	O	O	_	_	EndOfLine	_	_	_
# segment_iiif_link = https://iiif.eluxemburgensia.lu/iiif/2/ark:%2f70795%2ftgqkz4%2fpages%2f4/245,3543,796,50/full/0/default.jpg
évacuaient	O	O	O	O	O	O	_	_	_	_	_	_
Sessa	O	O	O	O	O	O	_	_	_	_	_	_
pour	O	O	O	O	O	O	_	_	_	_	_	_
se	O	O	O	O	O	O	_	_	_	_	_	_
concentrer	O	O	O	O	O	O	_	_	_	_	_	_
sur	O	O	O	O	O	O	_	_	_	_	_	_
Traetto	O	O	O	O	O	O	_	_	NoSpaceAfter	_	_	_
,	O	O	O	O	O	O	_	_	EndOfLine	_	_	_
# segment_iiif_link = https://iiif.eluxemburgensia.lu/iiif/2/ark:%2f70795%2ftgqkz4%2fpages%2f4/244,3588,616,58/full/0/default.jpg
point	O	O	O	O	O	O	_	_	_	_	_	_
situé	O	O	O	O	O	O	_	_	_	_	_	_
derrière	O	O	O	O	O	O	_	_	_	_	_	_
le	O	O	O	O	O	O	_	_	_	_	_	_
Garigliano	O	O	O	O	O	O	_	_	NoSpaceAfter	_	_	_
.	O	O	O	O	O	O	_	_	NoSpaceAfter	EndOfSentence	_	_
»	O	O	O	O	O	O	_	_	EndOfLine	_	_	_
# segment_iiif_link = https://iiif.eluxemburgensia.lu/iiif/2/ark:%2f70795%2ftgqkz4%2fpages%2f4/288,3662,735,50/full/0/default.jpg
On	O	O	O	O	O	O	_	_	_	_	_	_
lit	O	O	O	O	O	O	_	_	_	_	_	_
dans	O	O	O	O	O	O	_	_	_	_	_	_
V	O	O	O	O	O	O	_	_	_	_	_	_
Opinion	O	O	O	O	O	O	_	_	_	_	_	_
nationale	O	O	O	O	O	O	_	_	_	_	_	_
de	O	O	O	O	O	O	_	_	_	_	_	_
ce	O	O	O	O	O	O	_	_	_	_	_	_
jour	O	O	O	O	O	O	_	_	_	_	_	_
:	O	O	O	O	O	O	_	_	EndOfLine	_	_	_
# segment_iiif_link = https://iiif.eluxemburgensia.lu/iiif/2/ark:%2f70795%2ftgqkz4%2fpages%2f4/288,3709,754,50/full/0/default.jpg
«	O	O	O	O	O	O	_	_	NoSpaceAfter	_	_	_
Une	O	O	O	O	O	O	_	_	_	_	_	_
dépêche	O	O	O	O	O	O	_	_	_	_	_	_
télégraphique	O	O	O	O	O	O	_	_	NoSpaceAfter	_	_	_
,	O	O	O	O	O	O	_	_	_	_	_	_
datée	O	O	O	O	O	O	_	_	_	_	_	_
de	O	O	O	O	O	O	_	_	_	_	_	_
Turin	O	O	O	O	O	O	_	_	NoSpaceAfter	_	_	_
,	O	O	O	O	O	O	_	_	EndOfLine	_	_	_
# segment_iiif_link = https://iiif.eluxemburgensia.lu/iiif/2/ark:%2f70795%2ftgqkz4%2fpages%2f4/244,3765,780,43/full/0/default.jpg
nous	O	O	O	O	O	O	_	_	_	_	_	_
apprend	O	O	O	O	O	O	_	_	_	_	_	_
qu	O	O	O	O	O	O	_	_	NoSpaceAfter	_	_	_
'	O	O	O	O	O	O	_	_	NoSpaceAfter	_	_	_
un	O	O	O	O	O	O	_	_	_	_	_	_
manifeste	O	O	O	O	O	O	_	_	_	_	_	_
émané	O	O	O	O	O	O	_	_	_	_	_	_
du	O	O	O	O	O	O	_	_	EndOfLine	_	_	_
# segment_iiif_link = https://iiif.eluxemburgensia.lu/iiif/2/ark:%2f70795%2ftgqkz4%2fpages%2f4/244,3804,781,53/full/0/default.jpg
gouvernement	O	O	O	O	O	O	_	_	_	_	_	_
italien	O	O	O	O	O	O	_	_	_	_	_	_
(	O	O	O	O	O	O	_	_	NoSpaceAfter	_	_	_
sans	O	O	O	O	O	O	_	_	_	_	_	_
doute	O	O	O	O	O	O	_	_	_	_	_	_
celui	O	O	O	O	O	O	_	_	_	_	_	_
que	O	O	O	O	O	O	_	_	EndOfLine	_	_	_
# segment_iiif_link = https://iiif.eluxemburgensia.lu/iiif/2/ark:%2f70795%2ftgqkz4%2fpages%2f4/243,3850,799,50/full/0/default.jpg
devait	O	O	O	O	O	O	_	_	_	_	_	_
publier	O	O	O	O	O	O	_	_	_	_	_	_
Victor	O	O	O	O	O	O	_	_	NoSpaceAfter	_	_	_
-	O	O	O	O	O	O	_	_	NoSpaceAfter	_	_	_
Emmanuel	O	O	O	O	O	O	_	_	_	_	_	_
après	O	O	O	O	O	O	_	_	_	_	_	_
avoir	O	O	O	O	O	O	_	_	EndOfLine	_	_	_
# segment_iiif_link = https://iiif.eluxemburgensia.lu/iiif/2/ark:%2f70795%2ftgqkz4%2fpages%2f4/244,3904,797,42/full/0/default.jpg
connu	O	O	O	O	O	O	_	_	_	_	_	_
le	O	O	O	O	O	O	_	_	_	_	_	_
résultat	O	O	O	O	O	O	_	_	_	_	_	_
du	O	O	O	O	O	O	_	_	_	_	_	_
plébiscite	O	O	O	O	O	O	_	_	NoSpaceAfter	_	_	_
)	O	O	O	O	O	O	_	_	_	_	_	_
a	O	O	O	O	O	O	_	_	_	_	_	_
produit	O	O	O	O	O	O	_	_	_	_	_	_
la	O	O	O	O	O	O	_	_	EndOfLine	_	_	_
# segment_iiif_link = https://iiif.eluxemburgensia.lu/iiif/2/ark:%2f70795%2ftgqkz4%2fpages%2f4/243,3942,795,57/full/0/default.jpg
plus	O	O	O	O	O	O	_	_	_	_	_	_
heureuse	O	O	O	O	O	O	_	_	_	_	_	_
impression	O	O	O	O	O	O	_	_	_	_	_	_
dans	O	O	O	O	O	O	_	_	_	_	_	_
toutes	O	O	O	O	O	O	_	_	_	_	_	_
les	O	O	O	O	O	O	_	_	EndOfLine	_	_	_
# segment_iiif_link = https://iiif.eluxemburgensia.lu/iiif/2/ark:%2f70795%2ftgqkz4%2fpages%2f4/244,3988,795,58/full/0/default.jpg
grandes	O	O	O	O	O	O	_	_	_	_	_	_
villes	O	O	O	O	O	O	_	_	_	_	_	_
de	O	O	O	O	O	O	_	_	_	_	_	_
la	O	O	O	O	O	O	_	_	_	_	_	_
Péninsule	O	O	O	O	O	O	_	_	NoSpaceAfter	_	_	_
,	O	O	O	O	O	O	_	_	_	_	_	_
et	O	O	O	O	O	O	_	_	_	_	_	_
donne	O	O	O	O	O	O	_	_	_	_	_	_
la	O	O	O	O	O	O	_	_	EndOfLine	_	_	_
# segment_iiif_link = https://iiif.eluxemburgensia.lu/iiif/2/ark:%2f70795%2ftgqkz4%2fpages%2f4/244,4033,797,51/full/0/default.jpg
meilleure	O	O	O	O	O	O	_	_	_	_	_	_
espérance	O	O	O	O	O	O	_	_	_	_	_	_
en	O	O	O	O	O	O	_	_	_	_	_	_
ce	O	O	O	O	O	O	_	_	_	_	_	_
qui	O	O	O	O	O	O	_	_	_	_	_	_
touche	O	O	O	O	O	O	_	_	_	_	_	_
le	O	O	O	O	O	O	_	_	_	_	_	_
sort	O	O	O	O	O	O	_	_	EndOfLine	_	_	_
# segment_iiif_link = https://iiif.eluxemburgensia.lu/iiif/2/ark:%2f70795%2ftgqkz4%2fpages%2f4/244,4080,387,50/full/0/default.jpg
de	O	O	O	O	O	O	_	_	_	_	_	_
Venise	O	O	O	O	O	O	_	_	_	_	_	_
et	O	O	O	O	O	O	_	_	_	_	_	_
de	O	O	O	O	O	O	_	_	_	_	_	_
Home	O	O	O	O	O	O	_	_	NoSpaceAfter	_	_	_
.	O	O	O	O	O	O	_	_	EndOfLine	_	_	_
# segment_iiif_link = https://iiif.eluxemburgensia.lu/iiif/2/ark:%2f70795%2ftgqkz4%2fpages%2f4/289,4124,739,51/full/0/default.jpg
»	O	O	O	O	O	O	_	_	NoSpaceAfter	_	_	_
Elle	O	O	O	O	O	O	_	_	_	_	_	_
ajoute	O	O	O	O	O	O	_	_	_	_	_	_
qu	O	O	O	O	O	O	_	_	NoSpaceAfter	_	_	_
'	O	O	O	O	O	O	_	_	NoSpaceAfter	_	_	_
une	O	O	O	O	O	O	_	_	_	_	_	_
colonne	O	O	O	O	O	O	_	_	_	_	_	_
napolitaine	O	O	O	O	O	O	_	_	NoSpaceAfter	_	_	_
,	O	O	O	O	O	O	_	_	EndOfLine	_	_	_
# segment_iiif_link = https://iiif.eluxemburgensia.lu/iiif/2/ark:%2f70795%2ftgqkz4%2fpages%2f4/244,4175,796,49/full/0/default.jpg
faisant	O	O	O	O	O	O	_	_	_	_	_	_
partie	O	O	O	O	O	O	_	_	NoSpaceAfter	_	_	_
,	O	O	O	O	O	O	_	_	_	_	_	_
soit	O	O	O	O	O	O	_	_	_	_	_	_
du	O	O	O	O	O	O	_	_	_	_	_	_
corps	O	O	O	O	O	O	_	_	_	_	_	_
qui	O	O	O	O	O	O	_	_	_	_	_	_
opérait	O	O	O	O	O	O	_	_	_	_	_	_
près	O	O	O	O	O	O	_	_	_	_	_	_
de	O	O	O	O	O	O	_	_	EndOfLine	_	_	_
# segment_iiif_link = https://iiif.eluxemburgensia.lu/iiif/2/ark:%2f70795%2ftgqkz4%2fpages%2f4/244,4220,796,60/full/0/default.jpg
Capoue	O	O	O	O	O	O	_	_	NoSpaceAfter	_	_	_
,	O	O	O	O	O	O	_	_	_	_	_	_
soit	O	O	O	O	O	O	_	_	_	_	_	_
de	O	O	O	O	O	O	_	_	_	_	_	_
la	O	O	O	O	O	O	_	_	_	_	_	_
garnison	O	O	O	O	O	O	_	_	_	_	_	_
de	O	O	O	O	O	O	_	_	_	_	_	_
cette	O	O	O	O	O	O	_	_	_	_	_	_
ville	O	O	O	O	O	O	_	_	NoSpaceAfter	_	_	_
,	O	O	O	O	O	O	_	_	_	_	_	_
est	O	O	O	O	O	O	_	_	EndOfLine	_	_	_
# segment_iiif_link = https://iiif.eluxemburgensia.lu/iiif/2/ark:%2f70795%2ftgqkz4%2fpages%2f4/240,4265,574,57/full/0/default.jpg
rentrée	O	O	O	O	O	O	_	_	NoSpaceAfter	_	_	_
,	O	O	O	O	O	O	_	_	_	_	_	_
avant	O	O	O	O	O	O	_	_	NoSpaceAfter	_	_	_
-	O	O	O	O	O	O	_	_	NoSpaceAfter	_	_	_
hier	O	O	O	O	O	O	_	_	_	_	_	_
27	O	O	O	O	O	O	_	_	NoSpaceAfter	_	_	_
,	O	O	O	O	O	O	_	_	_	_	_	_
à	O	O	O	O	O	O	_	_	_	_	_	_
Gaëte	O	O	O	O	O	O	_	_	NoSpaceAfter	_	_	_
.	O	O	O	O	O	O	_	_	_	EndOfSentence	_	_
»	O	O	O	O	O	O	_	_	EndOfLine	_	_	_
# segment_iiif_link = https://iiif.eluxemburgensia.lu/iiif/2/ark:%2f70795%2ftgqkz4%2fpages%2f4/462,4335,536,64/full/0/default.jpg
Londres	O	O	O	O	O	O	_	_	NoSpaceAfter	_	_	_
,	O	O	O	O	O	O	_	_	_	_	_	_
dimanche	O	O	O	O	O	O	_	_	_	_	_	_
28	O	O	O	O	O	O	_	_	_	_	_	_
octobre	O	O	O	O	O	O	_	_	NoSpaceAfter	_	_	_
.	O	O	O	O	O	O	_	_	EndOfLine	EndOfSentence	_	_
# segment_iiif_link = https://iiif.eluxemburgensia.lu/iiif/2/ark:%2f70795%2ftgqkz4%2fpages%2f4/282,4391,757,50/full/0/default.jpg
L	O	O	O	O	O	O	_	_	NoSpaceAfter	_	_	_
'	O	O	O	O	O	O	_	_	NoSpaceAfter	_	_	_
A	O	O	O	O	O	O	Q130879	_	_	_	Transcript:Agence Reuter|LED0.27	_
qgcncc	O	O	O	O	O	O	Q130879	_	_	_	Transcript:Agence Reuter|LED0.27	_
Reuter	O	O	O	O	O	O	Q130879	_	_	_	Transcript:Agence Reuter|LED0.27	_
a	O	O	O	O	O	O	_	_	_	_	_	_
reçu	O	O	O	O	O	O	_	_	_	_	_	_
une	O	O	O	O	O	O	_	_	_	_	_	_
dépêche	O	O	O	O	O	O	_	_	_	_	_	_
de	O	O	O	O	O	O	_	_	EndOfLine	_	_	_
# segment_iiif_link = https://iiif.eluxemburgensia.lu/iiif/2/ark:%2f70795%2ftgqkz4%2fpages%2f4/244,4438,796,51/full/0/default.jpg
Paris	O	O	O	O	O	O	_	_	_	_	_	_
annonçant	O	O	O	O	O	O	_	_	_	_	_	_
que	O	O	O	O	O	O	_	_	_	_	_	_
M	O	O	O	O	O	O	_	_	NoSpaceAfter	_	_	_
.	O	O	O	O	O	O	_	_	_	_	_	_
de	O	O	O	O	O	O	_	_	_	_	_	_
Metternich	O	O	O	O	O	O	_	_	_	_	_	_
aurait	O	O	O	O	O	O	_	_	EndOfLine	_	_	_
# segment_iiif_link = https://iiif.eluxemburgensia.lu/iiif/2/ark:%2f70795%2ftgqkz4%2fpages%2f4/242,4483,781,60/full/0/default.jpg
expliqué	O	O	O	O	O	O	_	_	_	_	_	_
à	O	O	O	O	O	O	_	_	_	_	_	_
M	O	O	O	O	O	O	_	_	NoSpaceAfter	_	_	_
.	O	O	O	O	O	O	_	_	_	_	_	_
Thouvenel	O	O	O	O	O	O	_	_	_	_	_	_
la	O	O	O	O	O	O	_	_	_	_	_	_
politique	O	O	O	O	O	O	_	_	_	_	_	_
de	O	O	O	O	O	O	_	_	EndOfLine	_	_	_
# segment_iiif_link = https://iiif.eluxemburgensia.lu/iiif/2/ark:%2f70795%2ftgqkz4%2fpages%2f4/240,4531,798,50/full/0/default.jpg
l	O	O	O	O	O	O	_	_	NoSpaceAfter	_	_	_
'	O	O	O	O	O	O	_	_	NoSpaceAfter	_	_	_
Autriche	O	O	O	O	O	O	_	_	NoSpaceAfter	_	_	_
,	O	O	O	O	O	O	_	_	_	_	_	_
on	O	O	O	O	O	O	_	_	_	_	_	_
la	O	O	O	O	O	O	_	_	_	_	_	_
résumant	O	O	O	O	O	O	_	_	_	_	_	_
dans	O	O	O	O	O	O	_	_	_	_	_	_
les	O	O	O	O	O	O	_	_	_	_	_	_
quatre	O	O	O	O	O	O	_	_	_	_	_	_
points	O	O	O	O	O	O	_	_	EndOfLine	_	_	_
# segment_iiif_link = https://iiif.eluxemburgensia.lu/iiif/2/ark:%2f70795%2ftgqkz4%2fpages%2f4/240,4575,159,54/full/0/default.jpg
suh	O	O	O	O	O	O	_	_	_	_	_	_
mts	O	O	O	O	O	O	_	_	NoSpaceAfter	_	_	_
:	O	O	O	O	O	O	_	_	EndOfLine	_	_	_
# segment_iiif_link = https://iiif.eluxemburgensia.lu/iiif/2/ark:%2f70795%2ftgqkz4%2fpages%2f4/282,4620,738,48/full/0/default.jpg
1	O	O	O	O	O	O	_	_	NoSpaceAfter	_	_	_
°	O	O	O	O	O	O	_	_	_	_	_	_
L	O	O	O	O	O	O	_	_	NoSpaceAfter	_	_	_
'	O	O	O	O	O	O	_	_	NoSpaceAfter	_	_	_
Autriche	O	O	O	O	O	O	_	_	_	_	_	_
exécutera	O	O	O	O	O	O	_	_	_	_	_	_
loyalement	O	O	O	O	O	O	_	_	_	_	_	_
les	O	O	O	O	O	O	_	_	EndOfLine	_	_	_
# segment_iiif_link = https://iiif.eluxemburgensia.lu/iiif/2/ark:%2f70795%2ftgqkz4%2fpages%2f4/238,4665,798,50/full/0/default.jpg
réformes	O	O	O	O	O	O	_	_	_	_	_	_
accordées	O	O	O	O	O	O	_	_	_	_	_	_
par	O	O	O	O	O	O	_	_	_	_	_	_
le	O	O	O	O	O	O	_	_	_	_	_	_
récent	O	O	O	O	O	O	_	_	_	_	_	_
diplôme	O	O	O	O	O	O	_	_	_	_	_	_
de	O	O	O	O	O	O	_	_	EndOfLine	_	_	_
# segment_iiif_link = https://iiif.eluxemburgensia.lu/iiif/2/ark:%2f70795%2ftgqkz4%2fpages%2f4/240,4710,209,61/full/0/default.jpg
l	O	O	O	O	O	O	_	_	NoSpaceAfter	_	_	_
'	O	O	O	O	O	O	_	_	NoSpaceAfter	_	_	_
Empereur	O	O	O	O	O	O	_	_	NoSpaceAfter	_	_	_
;	O	O	O	O	O	O	_	_	EndOfLine	_	_	_
# segment_iiif_link = https://iiif.eluxemburgensia.lu/iiif/2/ark:%2f70795%2ftgqkz4%2fpages%2f4/281,4754,740,47/full/0/default.jpg
2	O	O	O	O	O	O	_	_	NoSpaceAfter	_	_	_
°	O	O	O	O	O	O	_	_	_	_	_	_
Elle	O	O	O	O	O	O	_	_	_	_	_	_
continuera	O	O	O	O	O	O	_	_	_	_	_	_
à	O	O	O	O	O	O	_	_	_	_	_	_
garder	O	O	O	O	O	O	_	_	_	_	_	_
une	O	O	O	O	O	O	_	_	_	_	_	_
attitude	O	O	O	O	O	O	_	_	EndOfLine	_	_	_
# segment_iiif_link = https://iiif.eluxemburgensia.lu/iiif/2/ark:%2f70795%2ftgqkz4%2fpages%2f4/240,4792,799,63/full/0/default.jpg
défensive	O	O	O	O	O	O	_	_	NoSpaceAfter	_	_	_
,	O	O	O	O	O	O	_	_	_	_	_	_
les	O	O	O	O	O	O	_	_	_	_	_	_
armements	O	O	O	O	O	O	_	_	_	_	_	_
faits	O	O	O	O	O	O	_	_	_	_	_	_
en	O	O	O	O	O	O	_	_	_	_	_	_
Vénétie	O	O	O	O	O	O	_	_	_	_	_	_
ayant	O	O	O	O	O	O	_	_	EndOfLine	_	_	_
# segment_iiif_link = https://iiif.eluxemburgensia.lu/iiif/2/ark:%2f70795%2ftgqkz4%2fpages%2f4/242,4849,797,50/full/0/default.jpg
pour	O	O	O	O	O	O	_	_	_	_	_	_
but	O	O	O	O	O	O	_	_	_	_	_	_
unique	O	O	O	O	O	O	_	_	_	_	_	_
de	O	O	O	O	O	O	_	_	_	_	_	_
repousser	O	O	O	O	O	O	_	_	_	_	_	_
une	O	O	O	O	O	O	_	_	_	_	_	_
agression	O	O	O	O	O	O	_	_	NoSpaceAfter	_	_	_
;	O	O	O	O	O	O	_	_	EndOfLine	_	_	_
# segment_iiif_link = https://iiif.eluxemburgensia.lu/iiif/2/ark:%2f70795%2ftgqkz4%2fpages%2f4/282,4888,757,50/full/0/default.jpg
3	O	O	O	O	O	O	_	_	NoSpaceAfter	_	_	_
°	O	O	O	O	O	O	_	_	_	_	_	_
Elle	O	O	O	O	O	O	_	_	_	_	_	_
n	O	O	O	O	O	O	_	_	NoSpaceAfter	_	_	_
'	O	O	O	O	O	O	_	_	NoSpaceAfter	_	_	_
abandonnera	O	O	O	O	O	O	_	_	_	_	_	_
pas	O	O	O	O	O	O	_	_	_	_	_	_
le	O	O	O	O	O	O	_	_	_	_	_	_
système	O	O	O	O	O	O	_	_	_	_	_	_
de	O	O	O	O	O	O	_	_	EndOfLine	_	_	_
# segment_iiif_link = https://iiif.eluxemburgensia.lu/iiif/2/ark:%2f70795%2ftgqkz4%2fpages%2f4/239,4933,302,62/full/0/default.jpg
non	O	O	O	O	O	O	_	_	NoSpaceAfter	_	_	_
-	O	O	O	O	O	O	_	_	NoSpaceAfter	_	_	_
intervention	O	O	O	O	O	O	_	_	NoSpaceAfter	_	_	_
;	O	O	O	O	O	O	_	_	EndOfLine	_	_	_
# segment_iiif_link = https://iiif.eluxemburgensia.lu/iiif/2/ark:%2f70795%2ftgqkz4%2fpages%2f4/281,4987,757,49/full/0/default.jpg
4	O	O	O	O	O	O	_	_	NoSpaceAfter	_	_	_
°	O	O	O	O	O	O	_	_	_	_	_	_
Elle	O	O	O	O	O	O	_	_	_	_	_	_
croit	O	O	O	O	O	O	_	_	_	_	_	_
qu	O	O	O	O	O	O	_	_	NoSpaceAfter	_	_	_
'	O	O	O	O	O	O	_	_	NoSpaceAfter	_	_	_
un	O	O	O	O	O	O	_	_	_	_	_	_
congrès	O	O	O	O	O	O	_	_	_	_	_	_
ne	O	O	O	O	O	O	_	_	_	_	_	_
pourra	O	O	O	O	O	O	_	_	_	_	_	_
pas	O	O	O	O	O	O	_	_	EndOfLine	_	_	_
# segment_iiif_link = https://iiif.eluxemburgensia.lu/iiif/2/ark:%2f70795%2ftgqkz4%2fpages%2f4/238,5031,784,55/full/0/default.jpg
aboutir	O	O	O	O	O	O	_	_	_	_	_	_
à	O	O	O	O	O	O	_	_	_	_	_	_
une	O	O	O	O	O	O	_	_	_	_	_	_
solution	O	O	O	O	O	O	_	_	_	_	_	_
pratique	O	O	O	O	O	O	_	_	NoSpaceAfter	_	_	_
,	O	O	O	O	O	O	_	_	_	_	_	_
avant	O	O	O	O	O	O	_	_	EndOfLine	_	_	_
# segment_iiif_link = https://iiif.eluxemburgensia.lu/iiif/2/ark:%2f70795%2ftgqkz4%2fpages%2f4/239,5082,797,49/full/0/default.jpg
l	O	O	O	O	O	O	_	_	NoSpaceAfter	_	_	_
'	O	O	O	O	O	O	_	_	NoSpaceAfter	_	_	_
adoption	O	O	O	O	O	O	_	_	_	_	_	_
d	O	O	O	O	O	O	_	_	NoSpaceAfter	_	_	_
'	O	O	O	O	O	O	_	_	NoSpaceAfter	_	_	_
un	O	O	O	O	O	O	_	_	_	_	_	_
programme	O	O	O	O	O	O	_	_	_	_	_	_
commun	O	O	O	O	O	O	_	_	_	_	_	_
ne.r	O	O	O	O	O	O	_	_	_	_	_	_
les	O	O	O	O	O	O	_	_	_	_	_	_
mandes	O	O	O	O	O	O	_	_	EndOfLine	_	_	_
# segment_iiif_link = https://iiif.eluxemburgensia.lu/iiif/2/ark:%2f70795%2ftgqkz4%2fpages%2f4/235,5128,607,58/full/0/default.jpg
puissances	O	O	O	O	O	O	_	_	NoSpaceAfter	_	_	_
,	O	O	O	O	O	O	_	_	_	_	_	_
adoption	O	O	O	O	O	O	_	_	_	_	_	_
qui	O	O	O	O	O	O	_	_	_	_	_	_
lui	O	O	O	O	O	O	_	_	_	_	_	_
parait	O	O	O	O	O	O	_	_	EndOfLine	_	_	_
# segment_iiif_link = _
problé	O	O	O	O	O	O	_	_	EndOfLine|NoSpaceAfter	_	_	_
# segment_iiif_link = https://iiif.eluxemburgensia.lu/iiif/2/ark:%2f70795%2ftgqkz4%2fpages%2f4/812,5227,3,21/full/0/default.jpg
matique	O	O	O	O	O	O	_	_	NoSpaceAfter	_	_	_
.	O	O	O	O	O	O	_	_	_	EndOfSentence	_	_
Jules	O	O	O	O	O	O	_	_	_	_	LED0.00	_
Metz	O	O	O	O	O	O	_	_	EndOfLine	_	LED0.00	_
# segment_iiif_link = https://iiif.eluxemburgensia.lu/iiif/2/ark:%2f70795%2ftgqkz4%2fpages%2f4/824,5233,165,51/full/0/default.jpg
réducteur	O	O	O	O	O	O	_	_	NoSpaceAfter	_	_	_
.	O	O	O	O	O	O	_	_	EndOfLine	EndOfSentence	_	_

# language = fr
# newspaper = courriergdl
# date = 1864-12-15
# document_id = courriergdl-1864-12-15-a-i0005
# news-agency-as-source = _
# segment_iiif_link = https://iiif.eluxemburgensia.lu/iiif/2/ark:%2f70795%2fvf8bx0%2fpages%2f1/316,3742,432,54/full/0/default.jpg
FEUILLETON	O	O	O	O	O	O	_	_	NoSpaceAfter	_	_	_
.	I-pers	O	I-pers.ind.articleauthor	O	O	O	_	_	EndOfLine	EndOfSentence	_	_
# segment_iiif_link = https://iiif.eluxemburgensia.lu/iiif/2/ark:%2f70795%2fvf8bx0%2fpages%2f1/124,3848,799,22/full/0/default.jpg
LE	O	O	O	O	O	O	_	_	_	_	_	_
TUEUR	O	O	O	O	O	O	_	_	_	_	_	_
DU	O	O	O	O	O	O	_	_	_	_	_	_
ROI	O	O	O	O	O	O	_	_	_	_	_	_
(	O	O	O	O	O	O	_	_	NoSpaceAfter	_	_	_
*	O	O	O	O	O	O	_	_	NoSpaceAfter	_	_	_
)	O	O	O	O	O	O	_	_	EndOfLine	_	_	_
# segment_iiif_link = https://iiif.eluxemburgensia.lu/iiif/2/ark:%2f70795%2fvf8bx0%2fpages%2f1/316,3941,56,49/full/0/default.jpg
par	O	O	O	O	O	O	_	_	EndOfLine	_	_	_
# segment_iiif_link = https://iiif.eluxemburgensia.lu/iiif/2/ark:%2f70795%2fvf8bx0%2fpages%2f1/388,3927,331,50/full/0/default.jpg
TURPIN	O	O	O	O	O	O	_	_	_	_	LED0.00	_
DE	O	O	O	O	O	O	_	_	_	_	LED0.00	_
SANSAY	O	O	O	O	O	O	_	_	EndOfLine	_	LED0.00	_
# segment_iiif_link = https://iiif.eluxemburgensia.lu/iiif/2/ark:%2f70795%2fvf8bx0%2fpages%2f1/308,4006,428,53/full/0/default.jpg
PREMIERE	O	O	O	O	O	O	_	_	_	_	_	_
PARTIE	O	O	O	O	O	O	_	_	EndOfLine	_	_	_
# segment_iiif_link = https://iiif.eluxemburgensia.lu/iiif/2/ark:%2f70795%2fvf8bx0%2fpages%2f1/498,4093,48,47/full/0/default.jpg
IX	O	O	O	O	O	O	_	_	NoSpaceAfter	_	_	_
.	O	O	O	O	O	O	_	_	EndOfLine	EndOfSentence	_	_
# segment_iiif_link = https://iiif.eluxemburgensia.lu/iiif/2/ark:%2f70795%2fvf8bx0%2fpages%2f1/368,4135,301,49/full/0/default.jpg
Un	O	O	O	O	O	O	_	_	_	_	_	_
éclair	O	O	O	O	O	O	_	_	_	_	_	_
du	O	O	O	O	O	O	_	_	_	_	_	_
passé	O	O	O	O	O	O	_	_	NoSpaceAfter	_	_	_
.	O	O	O	O	O	O	_	_	EndOfLine	EndOfSentence	_	_
# segment_iiif_link = https://iiif.eluxemburgensia.lu/iiif/2/ark:%2f70795%2fvf8bx0%2fpages%2f1/449,4183,111,54/full/0/default.jpg
(	O	O	O	O	O	O	_	_	NoSpaceAfter	_	_	_
Suite	O	O	O	O	O	O	_	_	NoSpaceAfter	_	_	_
.	O	O	O	O	O	O	_	_	NoSpaceAfter	_	_	_
)	O	O	O	O	O	O	_	_	EndOfLine	EndOfSentence	_	_
# segment_iiif_link = https://iiif.eluxemburgensia.lu/iiif/2/ark:%2f70795%2fvf8bx0%2fpages%2f1/157,4231,764,50/full/0/default.jpg
On	O	O	O	O	O	O	_	_	_	_	_	_
7	O	O	O	O	O	O	_	_	_	_	_	_
pénétrait	O	O	O	O	O	O	_	_	_	_	_	_
par	O	O	O	O	O	O	_	_	_	_	_	_
un	O	O	O	O	O	O	_	_	_	_	_	_
couloir	O	O	O	O	O	O	_	_	_	_	_	_
aboutissant	O	O	O	O	O	O	_	_	_	_	_	_
h	O	O	O	O	O	O	_	_	_	_	_	_
un	O	O	O	O	O	O	_	_	EndOfLine	_	_	_
# segment_iiif_link = https://iiif.eluxemburgensia.lu/iiif/2/ark:%2f70795%2fvf8bx0%2fpages%2f1/121,4274,802,54/full/0/default.jpg
demi	O	O	O	O	O	O	_	_	NoSpaceAfter	_	_	_
-	O	O	O	O	O	O	_	_	NoSpaceAfter	_	_	_
cercle	O	O	O	O	O	O	_	_	NoSpaceAfter	_	_	_
,	O	O	O	O	O	O	_	_	_	_	_	_
autour	O	O	O	O	O	O	_	_	_	_	_	_
duquel	O	O	O	O	O	O	_	_	_	_	_	_
se	O	O	O	O	O	O	_	_	_	_	_	_
trouvaient	O	O	O	O	O	O	_	_	_	_	_	_
plusieurs	O	O	O	O	O	O	_	_	EndOfLine	_	_	_
# segment_iiif_link = https://iiif.eluxemburgensia.lu/iiif/2/ark:%2f70795%2fvf8bx0%2fpages%2f1/124,4328,101,49/full/0/default.jpg
portes	O	O	O	O	O	O	_	_	NoSpaceAfter	_	_	_
.	O	O	O	O	O	O	_	_	EndOfLine	EndOfSentence	_	_
# segment_iiif_link = https://iiif.eluxemburgensia.lu/iiif/2/ark:%2f70795%2fvf8bx0%2fpages%2f1/157,4368,765,47/full/0/default.jpg
L	O	O	O	O	O	O	_	_	NoSpaceAfter	_	_	_
'	O	O	O	O	O	O	_	_	NoSpaceAfter	_	_	_
issue	O	O	O	O	O	O	_	_	_	_	_	_
de	O	O	O	O	O	O	_	_	_	_	_	_
droite	O	O	O	O	O	O	_	_	_	_	_	_
communiquait	O	O	O	O	O	O	_	_	_	_	_	_
au	O	O	O	O	O	O	_	_	_	_	_	_
laboratoire	O	O	O	O	O	O	_	_	EndOfLine	_	_	_
# segment_iiif_link = https://iiif.eluxemburgensia.lu/iiif/2/ark:%2f70795%2fvf8bx0%2fpages%2f1/122,4403,801,43/full/0/default.jpg
du	O	O	O	O	O	O	_	_	_	_	_	_
parfumeur	O	O	O	O	O	O	_	_	NoSpaceAfter	_	_	_
,	O	O	O	O	O	O	_	_	NoSpaceAfter	_	_	_
—	O	O	O	O	O	O	_	_	NoSpaceAfter	_	_	_
profession	O	O	O	O	O	O	_	_	_	_	_	_
qui	O	O	O	O	O	O	_	_	NoSpaceAfter	_	_	_
,	O	O	O	O	O	O	_	_	_	_	_	_
alors	O	O	O	O	O	O	_	_	NoSpaceAfter	_	_	_
,	O	O	O	O	O	O	_	_	_	_	_	_
réunissait	O	O	O	O	O	O	_	_	_	_	_	_
les	O	O	O	O	O	O	_	_	EndOfLine	_	_	_
# segment_iiif_link = https://iiif.eluxemburgensia.lu/iiif/2/ark:%2f70795%2fvf8bx0%2fpages%2f1/119,4439,785,48/full/0/default.jpg
fonction	O	O	O	O	O	O	_	_	NoSpaceAfter	_	_	_
»	O	O	O	O	O	O	_	_	_	_	_	_
ramp	O	O	O	O	O	O	_	_	NoSpaceAfter	_	_	_
'	O	O	O	O	O	O	_	_	NoSpaceAfter	_	_	_
iiei	O	O	O	O	O	O	_	_	_	_	_	_
de	O	O	O	O	O	O	_	_	_	_	_	_
nos	O	O	O	O	O	O	_	_	_	_	_	_
jours	O	O	O	O	O	O	_	_	NoSpaceAfter	_	_	_
,	O	O	O	O	O	O	_	_	_	_	_	_
par	O	O	O	O	O	O	_	_	_	_	_	_
les	O	O	O	O	O	O	_	_	EndOfLine	_	_	_
# segment_iiif_link = https://iiif.eluxemburgensia.lu/iiif/2/ark:%2f70795%2fvf8bx0%2fpages%2f1/122,4482,337,47/full/0/default.jpg
pharmaciens	O	O	O	O	O	O	_	_	_	_	_	_
et	O	O	O	O	O	O	_	_	_	_	_	_
le	O	O	O	O	O	O	_	_	NoSpaceAfter	_	_	_
»	O	O	O	O	O	O	_	_	_	_	_	_
chimie	O	O	O	O	O	O	_	_	NoSpaceAfter	_	_	_
,	O	O	O	O	O	O	_	_	EndOfLine	_	_	_
# segment_iiif_link = https://iiif.eluxemburgensia.lu/iiif/2/ark:%2f70795%2fvf8bx0%2fpages%2f1/158,4526,750,45/full/0/default.jpg
Par	O	O	O	O	O	O	_	_	_	_	_	_
la	O	O	O	O	O	O	_	_	_	_	_	_
porte	O	O	O	O	O	O	_	_	_	_	_	_
de	O	O	O	O	O	O	_	_	_	_	_	_
eauch	O	O	O	O	O	O	_	_	_	_	_	_
arrivait	O	O	O	O	O	O	_	_	_	_	_	_
à	O	O	O	O	O	O	_	_	NoSpaceAfter	_	_	_
.	O	O	O	O	O	O	_	_	EndOfLine	EndOfSentence	_	_
# segment_iiif_link = https://iiif.eluxemburgensia.lu/iiif/2/ark:%2f70795%2fvf8bx0%2fpages%2f1/118,4567,405,41/full/0/default.jpg
l	O	O	O	O	O	O	_	_	NoSpaceAfter	_	_	_
'	O	O	O	O	O	O	_	_	NoSpaceAfter	_	_	_
appartement	O	O	O	O	O	O	_	_	_	_	_	_
particulier	O	O	O	O	O	O	_	_	_	_	_	_
de	O	O	O	O	O	O	_	_	_	_	_	_
Ré	O	O	O	O	O	O	_	_	_	_	_	_
né	O	O	O	O	O	O	_	_	EndOfLine	_	_	_
# segment_iiif_link = https://iiif.eluxemburgensia.lu/iiif/2/ark:%2f70795%2fvf8bx0%2fpages%2f1/158,4602,764,47/full/0/default.jpg
Ouvrons	O	O	O	O	O	O	_	_	_	_	_	_
cette	O	O	O	O	O	O	_	_	_	_	_	_
dernière	O	O	O	O	O	O	_	_	_	_	_	_
,	O	O	O	O	O	O	_	_	_	_	_	_
t	O	O	O	O	O	O	_	_	_	_	_	_
ne	O	O	O	O	O	O	_	_	_	_	_	_
8n	O	O	O	O	O	O	_	_	_	_	_	_
t	O	O	O	O	O	O	_	_	NoSpaceAfter	_	_	_
;	O	O	O	O	O	O	_	_	NoSpaceAfter	_	_	_
.	O	O	O	O	O	O	_	_	EndOfLine	EndOfSentence	_	_
# segment_iiif_link = https://iiif.eluxemburgensia.lu/iiif/2/ark:%2f70795%2fvf8bx0%2fpages%2f1/120,4646,803,49/full/0/default.jpg
chanbre	O	O	O	O	O	O	_	_	_	_	_	_
où	O	O	O	O	O	O	_	_	_	_	_	_
sont	O	O	O	O	O	O	_	_	_	_	_	_
des	O	O	O	O	O	O	_	_	_	_	_	_
fioles	O	O	O	O	O	O	_	_	NoSpaceAfter	_	_	_
'	O	O	O	O	O	O	_	_	_	_	_	_
a	O	O	O	O	O	O	_	_	NoSpaceAfter	_	_	_
«	O	O	O	O	O	O	_	_	_	_	_	_
r	O	O	O	O	O	O	_	_	NoSpaceAfter	_	_	_
<	O	O	O	O	O	O	_	_	_	_	_	_
ÎI	O	O	O	O	O	O	_	_	_	_	_	_
ers	O	O	O	O	O	O	_	_	NoSpaceAfter	_	_	_
<	O	O	O	O	O	O	_	_	NoSpaceAfter	_	_	_
mii	O	O	O	O	O	O	_	_	_	_	_	_
U	O	O	O	O	O	O	_	_	_	_	_	_
4	O	O	O	O	O	O	_	_	_	_	_	_
j	O	O	O	O	O	O	_	_	NoSpaceAfter	_	_	_
»	O	O	O	O	O	O	_	_	EndOfLine	_	_	_
# segment_iiif_link = https://iiif.eluxemburgensia.lu/iiif/2/ark:%2f70795%2fvf8bx0%2fpages%2f1/122,4668,802,54/full/0/default.jpg
L	O	O	O	O	O	O	_	_	_	_	_	_
.	O	O	O	O	O	O	_	_	_	EndOfSentence	_	_
,	O	O	O	O	O	O	_	_	NoSpaceAfter	_	_	_
.	O	O	O	O	O	O	_	_	_	EndOfSentence	_	_
,	O	O	O	O	O	O	_	_	_	_	_	_
„	O	O	O	O	O	O	_	_	_	_	_	_
,	O	O	O	O	O	O	_	_	_	_	_	_
to	O	O	O	O	O	O	_	_	_	_	_	_
ut	O	O	O	O	O	O	_	_	NoSpaceAfter	_	_	_
«	O	O	O	O	O	O	_	_	_	_	_	_
nature	O	O	O	O	O	O	_	_	_	_	_	_
et	O	O	O	O	O	O	_	_	_	_	_	_
de	O	O	O	O	O	O	_	_	EndOfLine	_	_	_
# segment_iiif_link = https://iiif.eluxemburgensia.lu/iiif/2/ark:%2f70795%2fvf8bx0%2fpages%2f1/122,4693,603,44/full/0/default.jpg
toutes	O	O	O	O	O	O	_	_	_	_	_	_
dimensions	O	O	O	O	O	O	_	_	NoSpaceAfter	_	_	_
,	O	O	O	O	O	O	_	_	_	_	_	_
et	O	O	O	O	O	O	_	_	_	_	_	_
entrons	O	O	O	O	O	O	_	_	_	_	_	_
J	O	O	O	O	O	O	_	_	_	_	_	_
an	O	O	O	O	O	O	_	_	_	_	_	_
,	O	O	O	O	O	O	_	_	_	_	_	_
„	O	O	O	O	O	O	_	_	_	_	_	_
n	O	O	O	O	O	O	_	_	EndOfLine	_	_	_
# segment_iiif_link = https://iiif.eluxemburgensia.lu/iiif/2/ark:%2f70795%2fvf8bx0%2fpages%2f1/122,4739,802,47/full/0/default.jpg
mune	O	O	O	O	O	O	_	_	NoSpaceAfter	_	_	_
,	O	O	O	O	O	O	_	_	_	_	_	_
où	O	O	O	O	O	O	_	_	_	_	_	_
deux	O	O	O	O	O	O	_	_	_	_	_	_
personnages	O	O	O	O	O	O	_	_	_	_	_	_
étaient	O	O	O	O	O	O	_	_	_	_	_	_
»	O	O	O	O	O	O	_	_	_	_	_	_
ssi	O	O	O	O	O	O	_	_	_	_	_	_
"	O	O	O	O	O	O	_	_	_	_	_	_
*	O	O	O	O	O	O	_	_	_	_	_	_
*	O	O	O	O	O	O	_	_	NoSpaceAfter	_	_	_
°	O	O	O	O	O	O	_	_	_	_	_	_
m	O	O	O	O	O	O	_	_	_	_	_	_
"	O	O	O	O	O	O	_	_	EndOfLine	_	_	_
# segment_iiif_link = https://iiif.eluxemburgensia.lu/iiif/2/ark:%2f70795%2fvf8bx0%2fpages%2f1/122,4783,804,38/full/0/default.jpg
une	O	O	O	O	O	O	_	_	_	_	_	_
table	O	O	O	O	O	O	_	_	_	_	_	_
recouveite	O	O	O	O	O	O	_	_	_	_	_	_
de	O	O	O	O	O	O	_	_	_	_	_	_
simples	O	O	O	O	O	O	_	_	_	_	_	_
et	O	O	O	O	O	O	_	_	_	_	_	_
d	O	O	O	O	O	O	_	_	NoSpaceAfter	_	_	_
'	O	O	O	O	O	O	_	_	NoSpaceAfter	_	_	_
in	O	O	O	O	O	O	_	_	_	_	_	_
fàu	O	O	O	O	O	O	_	_	_	_	_	_
0	O	O	O	O	O	O	_	_	_	_	_	_
8Tan	O	O	O	O	O	O	_	_	_	_	_	_
'	O	O	O	O	O	O	_	_	EndOfLine	_	_	_
# segment_iiif_link = https://iiif.eluxemburgensia.lu/iiif/2/ark:%2f70795%2fvf8bx0%2fpages%2f1/120,4816,807,56/full/0/default.jpg
nuscrits	O	O	O	O	O	O	_	_	NoSpaceAfter	_	_	_
,	O	O	O	O	O	O	_	_	_	_	_	_
parchemins	O	O	O	O	O	O	_	_	_	_	_	_
provenant	O	O	O	O	O	O	_	_	_	_	_	_
des	O	O	O	O	O	O	_	_	_	_	_	_
bibliothèque	O	O	O	O	O	O	_	_	NoSpaceAfter	_	_	_
.	O	O	O	O	O	O	_	_	EndOfLine	_	_	_
# segment_iiif_link = https://iiif.eluxemburgensia.lu/iiif/2/ark:%2f70795%2fvf8bx0%2fpages%2f1/121,4859,738,47/full/0/default.jpg
des	O	O	O	O	O	O	_	_	_	_	_	_
moin	O	O	O	O	O	O	_	_	NoSpaceAfter	_	_	_
«	O	O	O	O	O	O	_	_	NoSpaceAfter	_	_	_
«	O	O	O	O	O	O	_	_	NoSpaceAfter	_	_	_
,	O	O	O	O	O	O	_	_	_	_	_	_
cet	O	O	O	O	O	O	_	_	_	_	_	_
érudits	O	O	O	O	O	O	_	_	_	_	_	_
chercheurs	O	O	O	O	O	O	_	_	_	_	_	_
de	O	O	O	O	O	O	_	_	_	_	_	_
science	O	O	O	O	O	O	_	_	NoSpaceAfter	_	_	_
.	O	O	O	O	O	O	_	_	EndOfLine	_	_	_
# segment_iiif_link = https://iiif.eluxemburgensia.lu/iiif/2/ark:%2f70795%2fvf8bx0%2fpages%2f1/157,4899,711,48/full/0/default.jpg
Les	O	O	O	O	O	O	_	_	_	_	_	_
deux	O	O	O	O	O	O	_	_	_	_	_	_
personnages	O	O	O	O	O	O	_	_	_	_	_	_
étaient	O	O	O	O	O	O	_	_	_	_	_	_
du	O	O	O	O	O	O	_	_	_	_	_	_
même	O	O	O	O	O	O	_	_	_	_	_	_
âge	O	O	O	O	O	O	_	_	NoSpaceAfter	_	_	_
.	O	O	O	O	O	O	_	_	EndOfLine	_	_	_
# segment_iiif_link = https://iiif.eluxemburgensia.lu/iiif/2/ark:%2f70795%2fvf8bx0%2fpages%2f1/157,4942,767,45/full/0/default.jpg
De	O	O	O	O	O	O	_	_	_	_	_	_
longs	O	O	O	O	O	O	_	_	_	_	_	_
cheveux	O	O	O	O	O	O	_	_	_	_	_	_
blancs	O	O	O	O	O	O	_	_	_	_	_	_
pendaient	O	O	O	O	O	O	_	_	_	_	_	_
sur	O	O	O	O	O	O	_	_	_	_	_	_
leurs	O	O	O	O	O	O	_	_	EndOfLine	_	_	_
# segment_iiif_link = https://iiif.eluxemburgensia.lu/iiif/2/ark:%2f70795%2fvf8bx0%2fpages%2f1/119,4981,790,58/full/0/default.jpg
épaules	O	O	O	O	O	O	_	_	NoSpaceAfter	_	_	_
;	O	O	O	O	O	O	_	_	_	_	_	_
l	O	O	O	O	O	O	_	_	_	_	_	_
cur	O	O	O	O	O	O	_	_	_	_	_	_
,	O	O	O	O	O	O	_	_	_	_	_	_
C01	O	O	O	O	O	O	_	_	_	_	_	_
.	O	O	O	O	O	O	_	_	_	_	_	_
p3	O	O	O	O	O	O	_	_	_	_	_	_
étaient	O	O	O	O	O	O	_	_	_	_	_	_
vêtus	O	O	O	O	O	O	_	_	_	_	_	_
de	O	O	O	O	O	O	_	_	_	_	_	_
velours	O	O	O	O	O	O	_	_	EndOfLine	_	_	_
# segment_iiif_link = https://iiif.eluxemburgensia.lu/iiif/2/ark:%2f70795%2fvf8bx0%2fpages%2f1/121,5026,382,44/full/0/default.jpg
bordées	O	O	O	O	O	O	_	_	_	_	_	_
de	O	O	O	O	O	O	_	_	_	_	_	_
fourrure	O	O	O	O	O	O	_	_	_	_	_	_
brune	O	O	O	O	O	O	_	_	NoSpaceAfter	_	_	_
.	O	O	O	O	O	O	_	_	EndOfLine	_	_	_
# segment_iiif_link = https://iiif.eluxemburgensia.lu/iiif/2/ark:%2f70795%2fvf8bx0%2fpages%2f1/118,5064,806,84/full/0/default.jpg
i	O	O	O	O	O	O	_	_	NoSpaceAfter	_	_	_
>	O	O	O	O	O	O	_	_	NoSpaceAfter	_	_	_
Jn	O	O	O	O	O	O	_	_	_	_	_	_
Un	O	O	O	O	O	O	_	_	_	_	_	_
'	O	O	O	O	O	O	_	_	_	_	_	_
•	O	O	O	O	O	O	_	_	_	_	_	_
R	O	O	O	O	O	O	_	_	_	_	_	_
"	O	O	O	O	O	O	_	_	_	_	_	_
né	O	O	O	O	O	O	_	_	_	_	_	_
'	O	O	O	O	O	O	_	_	_	_	_	_
a	O	O	O	O	O	O	_	_	NoSpaceAfter	_	_	_
,	O	O	O	O	O	O	_	_	NoSpaceAfter	_	_	_
ait	O	O	O	O	O	O	_	_	_	_	_	_
lâ	O	O	O	O	O	O	_	_	_	_	_	_
figure	O	O	O	O	O	O	_	_	_	_	_	_
osseuse	O	O	O	O	O	O	_	_	NoSpaceAfter	_	_	_
,	O	O	O	O	O	O	_	_	_	_	_	_
pateline	O	O	O	O	O	O	_	_	NoSpaceAfter	_	_	_
,	O	O	O	O	O	O	_	_	EndOfLine	_	_	_
# segment_iiif_link = https://iiif.eluxemburgensia.lu/iiif/2/ark:%2f70795%2fvf8bx0%2fpages%2f1/120,5152,673,48/full/0/default.jpg
enfin	O	O	O	O	O	O	_	_	_	_	_	_
*	O	O	O	O	O	O	_	_	NoSpaceAfter	_	_	_
'	O	O	O	O	O	O	_	_	_	_	_	_
r	O	O	O	O	O	O	_	_	_	_	_	_
°	O	O	O	O	O	O	_	_	_	_	_	_
nd	O	O	O	O	O	O	_	_	_	_	_	_
'	O	O	O	O	O	O	_	_	_	_	_	_
'	O	O	O	O	O	O	_	_	NoSpaceAfter	_	_	_
*	O	O	O	O	O	O	_	_	_	_	_	_
phy	O	O	O	O	O	O	_	_	_	_	_	_
'	O	O	O	O	O	O	_	_	_	_	_	_
ioBOniie	O	O	O	O	O	O	_	_	_	_	_	_
de	O	O	O	O	O	O	_	_	_	_	_	_
'	O	O	O	O	O	O	_	_	NoSpaceAfter	_	_	_
»	O	O	O	O	O	O	_	_	EndOfLine	_	_	_
# segment_iiif_link = https://iiif.eluxemburgensia.lu/iiif/2/ark:%2f70795%2fvf8bx0%2fpages%2f1/118,5199,804,86/full/0/default.jpg
vertTri	O	O	O	O	O	O	_	_	NoSpaceAfter	_	_	_
/	O	O	O	O	O	O	_	_	NoSpaceAfter	_	_	_
'	O	O	O	O	O	O	_	_	_	_	_	_
0	O	O	O	O	O	O	_	_	_	_	_	_
"	O	O	O	O	O	O	_	_	NoSpaceAfter	_	_	_
'	O	O	O	O	O	O	_	_	_	_	_	_
taillem	O	O	O	O	O	O	_	_	_	_	_	_
°	O	O	O	O	O	O	_	_	NoSpaceAfter	_	_	_
y	O	O	O	O	O	O	_	_	_	_	_	_
en	O	O	O	O	O	O	_	_	_	_	_	_
ne	O	O	O	O	O	O	_	_	NoSpaceAfter	_	_	_
.	O	O	O	O	O	O	_	_	_	EndOfSentence	_	_
»	O	O	O	O	O	O	_	_	NoSpaceAfter	_	_	_
vaille	O	O	O	O	O	O	_	_	_	_	_	_
front	O	O	O	O	O	O	_	_	_	_	_	_
cou	O	O	O	O	O	O	_	_	NoSpaceAfter	_	_	_
-	O	O	O	O	O	O	_	_	EndOfLine	_	_	_
# segment_iiif_link = https://iiif.eluxemburgensia.lu/iiif/2/ark:%2f70795%2fvf8bx0%2fpages%2f1/116,5244,807,84/full/0/default.jpg
Z	O	O	O	O	O	O	_	_	NoSpaceAfter	_	_	_
.	O	O	O	O	O	O	_	_	_	_	_	_
iï	O	O	O	O	O	O	_	_	NoSpaceAfter	_	_	_
-	O	O	O	O	O	O	_	_	_	_	_	_
(	O	O	O	O	O	O	_	_	_	_	_	_
"	O	O	O	O	O	O	_	_	_	_	_	_
MttW	O	O	O	O	O	O	_	_	NoSpaceAfter	_	_	_
,	O	O	O	O	O	O	_	_	NoSpaceAfter	_	_	_
i	O	O	O	O	O	O	_	_	_	_	_	_
Son	O	O	O	O	O	O	_	_	_	_	_	_
«	O	O	O	O	O	O	_	_	NoSpaceAfter	_	_	_
u	O	O	O	O	O	O	_	_	_	_	_	_
«	O	O	O	O	O	O	_	_	NoSpaceAfter	_	_	_
ait	O	O	O	O	O	O	_	_	_	_	_	_
renfoncé	O	O	O	O	O	O	_	_	EndOfLine	_	_	_
# segment_iiif_link = https://iiif.eluxemburgensia.lu/iiif/2/ark:%2f70795%2fvf8bx0%2fpages%2f1/116,5284,808,50/full/0/default.jpg
dan	O	O	O	O	O	O	_	_	NoSpaceAfter	_	_	_
.	O	O	O	O	O	O	_	_	_	_	_	_
son	O	O	O	O	O	O	_	_	_	_	_	_
orbite	O	O	O	O	O	O	_	_	NoSpaceAfter	_	_	_
;	O	O	O	O	O	O	_	_	_	_	_	_
son	O	O	O	O	O	O	_	_	_	_	_	_
corps	O	O	O	O	O	O	_	_	_	_	_	_
semblait	O	O	O	O	O	O	_	_	_	_	_	_
brisé	O	O	O	O	O	O	_	_	_	_	_	_
plus	O	O	O	O	O	O	_	_	_	_	_	_
en	O	O	O	O	O	O	_	_	NoSpaceAfter	_	_	_
-	O	O	O	O	O	O	_	_	EndOfLine	_	_	_
# segment_iiif_link = https://iiif.eluxemburgensia.lu/iiif/2/ark:%2f70795%2fvf8bx0%2fpages%2f1/1007,3742,642,40/full/0/default.jpg
core	O	O	O	O	O	O	_	_	_	_	_	_
par	O	O	O	O	O	O	_	_	_	_	_	_
le	O	O	O	O	O	O	_	_	_	_	_	_
chagrin	O	O	O	O	O	O	_	_	_	_	_	_
que	O	O	O	O	O	O	_	_	_	_	_	_
par	O	O	O	O	O	O	_	_	_	_	_	_
les	O	O	O	O	O	O	_	_	_	_	_	_
années	O	O	O	O	O	O	_	_	NoSpaceAfter	_	_	_
.	O	O	O	O	O	O	_	_	EndOfLine	_	_	_
# segment_iiif_link = https://iiif.eluxemburgensia.lu/iiif/2/ark:%2f70795%2fvf8bx0%2fpages%2f1/1044,3778,766,45/full/0/default.jpg
Il	O	O	O	O	O	O	_	_	_	_	_	_
avait	O	O	O	O	O	O	_	_	_	_	_	_
nom	O	O	O	O	O	O	_	_	_	_	_	_
Jérôme	O	O	O	O	O	O	_	_	_	_	_	_
Touchet	O	O	O	O	O	O	_	_	NoSpaceAfter	_	_	_
,	O	O	O	O	O	O	_	_	_	_	_	_
et	O	O	O	O	O	O	_	_	_	_	_	_
était	O	O	O	O	O	O	_	_	_	_	_	_
père	O	O	O	O	O	O	_	_	_	_	_	_
de	O	O	O	O	O	O	_	_	EndOfLine	_	_	_
# segment_iiif_link = https://iiif.eluxemburgensia.lu/iiif/2/ark:%2f70795%2fvf8bx0%2fpages%2f1/1007,3820,634,47/full/0/default.jpg
l	O	O	O	O	O	O	_	_	NoSpaceAfter	_	_	_
'	O	O	O	O	O	O	_	_	NoSpaceAfter	_	_	_
ancienne	O	O	O	O	O	O	_	_	_	_	_	_
maltresse	O	O	O	O	O	O	_	_	_	_	_	_
du	O	O	O	O	O	O	_	_	_	_	_	_
roi	O	O	O	O	O	O	_	_	_	_	_	_
Charles	O	O	O	O	O	O	_	_	_	_	_	_
IX	O	O	O	O	O	O	_	_	NoSpaceAfter	_	_	_
.	O	O	O	O	O	O	_	_	EndOfLine	_	_	_
# segment_iiif_link = https://iiif.eluxemburgensia.lu/iiif/2/ark:%2f70795%2fvf8bx0%2fpages%2f1/1044,3863,767,44/full/0/default.jpg
Les	O	O	O	O	O	O	_	_	_	_	_	_
deux	O	O	O	O	O	O	_	_	_	_	_	_
vieillards	O	O	O	O	O	O	_	_	NoSpaceAfter	_	_	_
,	O	O	O	O	O	O	_	_	_	_	_	_
amis	O	O	O	O	O	O	_	_	_	_	_	_
d	O	O	O	O	O	O	_	_	NoSpaceAfter	_	_	_
'	O	O	O	O	O	O	_	_	NoSpaceAfter	_	_	_
enfance	O	O	O	O	O	O	_	_	NoSpaceAfter	_	_	_
,	O	O	O	O	O	O	_	_	_	_	_	_
et	O	O	O	O	O	O	_	_	_	_	_	_
ayant	O	O	O	O	O	O	_	_	_	_	_	_
fait	O	O	O	O	O	O	_	_	EndOfLine	_	_	_
# segment_iiif_link = https://iiif.eluxemburgensia.lu/iiif/2/ark:%2f70795%2fvf8bx0%2fpages%2f1/1006,3904,805,55/full/0/default.jpg
ensemble	O	O	O	O	O	O	_	_	NoSpaceAfter	_	_	_
,	O	O	O	O	O	O	_	_	_	_	_	_
a	O	O	O	O	O	O	_	_	_	_	_	_
Orléans	O	O	O	O	O	O	_	_	NoSpaceAfter	_	_	_
,	O	O	O	O	O	O	_	_	_	_	_	_
l	O	O	O	O	O	O	_	_	NoSpaceAfter	_	_	_
'	O	O	O	O	O	O	_	_	NoSpaceAfter	_	_	_
apprentissage	O	O	O	O	O	O	_	_	_	_	_	_
d	O	O	O	O	O	O	_	_	NoSpaceAfter	_	_	_
'	O	O	O	O	O	O	_	_	NoSpaceAfter	_	_	_
une	O	O	O	O	O	O	_	_	_	_	_	_
même	O	O	O	O	O	O	_	_	EndOfLine	_	_	_
# segment_iiif_link = https://iiif.eluxemburgensia.lu/iiif/2/ark:%2f70795%2fvf8bx0%2fpages%2f1/1006,3948,804,53/full/0/default.jpg
profession	O	O	O	O	O	O	_	_	NoSpaceAfter	_	_	_
,	O	O	O	O	O	O	_	_	_	_	_	_
se	O	O	O	O	O	O	_	_	_	_	_	_
racontaient	O	O	O	O	O	O	_	_	_	_	_	_
les	O	O	O	O	O	O	_	_	_	_	_	_
souvenirs	O	O	O	O	O	O	_	_	_	_	_	_
des	O	O	O	O	O	O	_	_	_	_	_	_
beaux	O	O	O	O	O	O	_	_	EndOfLine	_	_	_
# segment_iiif_link = https://iiif.eluxemburgensia.lu/iiif/2/ark:%2f70795%2fvf8bx0%2fpages%2f1/1003,3989,806,54/full/0/default.jpg
jours	O	O	O	O	O	O	_	_	_	_	_	_
de	O	O	O	O	O	O	_	_	_	_	_	_
leur	O	O	O	O	O	O	_	_	_	_	_	_
jeunesse	O	O	O	O	O	O	_	_	NoSpaceAfter	_	_	_
,	O	O	O	O	O	O	_	_	_	_	_	_
perdue	O	O	O	O	O	O	_	_	_	_	_	_
depuis	O	O	O	O	O	O	_	_	_	_	_	_
longtemps	O	O	O	O	O	O	_	_	NoSpaceAfter	_	_	_
,	O	O	O	O	O	O	_	_	EndOfLine	_	_	_
# segment_iiif_link = https://iiif.eluxemburgensia.lu/iiif/2/ark:%2f70795%2fvf8bx0%2fpages%2f1/1005,4031,90,47/full/0/default.jpg
hélas	O	O	O	O	O	O	_	_	NoSpaceAfter	_	_	_
!	O	O	O	O	O	O	_	_	EndOfLine	_	_	_
# segment_iiif_link = https://iiif.eluxemburgensia.lu/iiif/2/ark:%2f70795%2fvf8bx0%2fpages%2f1/1041,4073,768,48/full/0/default.jpg
Une	O	O	O	O	O	O	_	_	_	_	_	_
douce	O	O	O	O	O	O	_	_	_	_	_	_
expansion	O	O	O	O	O	O	_	_	_	_	_	_
les	O	O	O	O	O	O	_	_	_	_	_	_
animait	O	O	O	O	O	O	_	_	_	_	_	_
avant	O	O	O	O	O	O	_	_	_	_	_	_
qu	O	O	O	O	O	O	_	_	NoSpaceAfter	_	_	_
'	O	O	O	O	O	O	_	_	NoSpaceAfter	_	_	_
ils	O	O	O	O	O	O	_	_	EndOfLine	_	_	_
# segment_iiif_link = https://iiif.eluxemburgensia.lu/iiif/2/ark:%2f70795%2fvf8bx0%2fpages%2f1/1005,4117,804,47/full/0/default.jpg
n	O	O	O	O	O	O	_	_	NoSpaceAfter	_	_	_
'	O	O	O	O	O	O	_	_	NoSpaceAfter	_	_	_
eussent	O	O	O	O	O	O	_	_	_	_	_	_
atteint	O	O	O	O	O	O	_	_	_	_	_	_
le	O	O	O	O	O	O	_	_	_	_	_	_
récit	O	O	O	O	O	O	_	_	_	_	_	_
de	O	O	O	O	O	O	_	_	_	_	_	_
la	O	O	O	O	O	O	_	_	_	_	_	_
vingtième	O	O	O	O	O	O	_	_	_	_	_	_
année	O	O	O	O	O	O	_	_	NoSpaceAfter	_	_	_
;	O	O	O	O	O	O	_	_	EndOfLine	_	_	_
# segment_iiif_link = https://iiif.eluxemburgensia.lu/iiif/2/ark:%2f70795%2fvf8bx0%2fpages%2f1/1005,4161,787,51/full/0/default.jpg
puis	O	O	O	O	O	O	_	_	NoSpaceAfter	_	_	_
,	O	O	O	O	O	O	_	_	_	_	_	_
leur	O	O	O	O	O	O	_	_	_	_	_	_
visage	O	O	O	O	O	O	_	_	_	_	_	_
s	O	O	O	O	O	O	_	_	NoSpaceAfter	_	_	_
'	O	O	O	O	O	O	_	_	NoSpaceAfter	_	_	_
assombrit	O	O	O	O	O	O	_	_	_	_	_	_
à	O	O	O	O	O	O	_	_	_	_	_	_
mesure	O	O	O	O	O	O	_	_	_	_	_	_
qu	O	O	O	O	O	O	_	_	NoSpaceAfter	_	_	_
'	O	O	O	O	O	O	_	_	NoSpaceAfter	_	_	_
ils	O	O	O	O	O	O	_	_	EndOfLine	_	_	_
# segment_iiif_link = https://iiif.eluxemburgensia.lu/iiif/2/ark:%2f70795%2fvf8bx0%2fpages%2f1/1005,4201,786,47/full/0/default.jpg
avancèrent	O	O	O	O	O	O	_	_	_	_	_	_
daus	O	O	O	O	O	O	_	_	_	_	_	_
le	O	O	O	O	O	O	_	_	_	_	_	_
cour	O	O	O	O	O	O	_	_	NoSpaceAfter	_	_	_
-	O	O	O	O	O	O	_	_	NoSpaceAfter	_	_	_
i	O	O	O	O	O	O	_	_	_	_	_	_
de	O	O	O	O	O	O	_	_	_	_	_	_
leur	O	O	O	O	O	O	_	_	_	_	_	_
existence	O	O	O	O	O	O	_	_	NoSpaceAfter	_	_	_
,	O	O	O	O	O	O	_	_	_	_	_	_
si	O	O	O	O	O	O	_	_	EndOfLine	_	_	_
# segment_iiif_link = https://iiif.eluxemburgensia.lu/iiif/2/ark:%2f70795%2fvf8bx0%2fpages%2f1/1005,4247,693,44/full/0/default.jpg
bizarrement	O	O	O	O	O	O	_	_	_	_	_	_
traversée	O	O	O	O	O	O	_	_	_	_	_	_
par	O	O	O	O	O	O	_	_	_	_	_	_
les	O	O	O	O	O	O	_	_	_	_	_	_
giboulées	O	O	O	O	O	O	_	_	_	_	_	_
du	O	O	O	O	O	O	_	_	_	_	_	_
destin	O	O	O	O	O	O	_	_	NoSpaceAfter	_	_	_
.	O	O	O	O	O	O	_	_	EndOfLine	_	_	_
# segment_iiif_link = https://iiif.eluxemburgensia.lu/iiif/2/ark:%2f70795%2fvf8bx0%2fpages%2f1/1042,4299,765,24/full/0/default.jpg
—	O	O	O	O	O	O	_	_	_	_	_	_
J	O	O	O	O	O	O	_	_	NoSpaceAfter	_	_	_
'	O	O	O	O	O	O	_	_	NoSpaceAfter	_	_	_
ai	O	O	O	O	O	O	_	_	_	_	_	_
fait	O	O	O	O	O	O	_	_	_	_	_	_
ma	O	O	O	O	O	O	_	_	_	_	_	_
fortune	O	O	O	O	O	O	_	_	_	_	_	_
au	O	O	O	O	O	O	_	_	_	_	_	_
service	O	O	O	O	O	O	_	_	_	_	_	_
des	O	O	O	O	O	O	_	_	_	_	_	_
puissants	O	O	O	O	O	O	_	_	NoSpaceAfter	_	_	_
,	O	O	O	O	O	O	_	_	EndOfLine	_	_	_
# segment_iiif_link = https://iiif.eluxemburgensia.lu/iiif/2/ark:%2f70795%2fvf8bx0%2fpages%2f1/1005,4327,410,48/full/0/default.jpg
dit	O	O	O	O	O	O	_	_	_	_	_	_
René	O	O	O	O	O	O	_	_	_	_	_	_
avec	O	O	O	O	O	O	_	_	_	_	_	_
un	O	O	O	O	O	O	_	_	_	_	_	_
sourire	O	O	O	O	O	O	_	_	NoSpaceAfter	_	_	_
.	O	O	O	O	O	O	_	_	EndOfLine	_	_	_
# segment_iiif_link = https://iiif.eluxemburgensia.lu/iiif/2/ark:%2f70795%2fvf8bx0%2fpages%2f1/1040,4383,767,25/full/0/default.jpg
—	O	O	O	O	O	O	_	_	_	_	_	_
Les	O	O	O	O	O	O	_	_	_	_	_	_
puissants	O	O	O	O	O	O	_	_	_	_	_	_
m	O	O	O	O	O	O	_	_	NoSpaceAfter	_	_	_
'	O	O	O	O	O	O	_	_	NoSpaceAfter	_	_	_
ont	O	O	O	O	O	O	_	_	_	_	_	_
ruiné	O	O	O	O	O	O	_	_	NoSpaceAfter	_	_	_
!	O	O	O	O	O	O	_	_	_	_	_	_
fit	O	O	O	O	O	O	_	_	_	_	_	_
Jérôme	O	O	O	O	O	O	_	_	_	_	_	_
Touchet	O	O	O	O	O	O	_	_	NoSpaceAfter	_	_	_
,	O	O	O	O	O	O	_	_	EndOfLine	_	_	_
# segment_iiif_link = https://iiif.eluxemburgensia.lu/iiif/2/ark:%2f70795%2fvf8bx0%2fpages%2f1/1005,4422,244,38/full/0/default.jpg
avec	O	O	O	O	O	O	_	_	_	_	_	_
amertume	O	O	O	O	O	O	_	_	NoSpaceAfter	_	_	_
.	O	O	O	O	O	O	_	_	EndOfLine	_	_	_
# segment_iiif_link = https://iiif.eluxemburgensia.lu/iiif/2/ark:%2f70795%2fvf8bx0%2fpages%2f1/1039,4468,770,25/full/0/default.jpg
—	O	O	O	O	O	O	_	_	_	_	_	_
J	O	O	O	O	O	O	_	_	NoSpaceAfter	_	_	_
'	O	O	O	O	O	O	_	_	NoSpaceAfter	_	_	_
ai	O	O	O	O	O	O	_	_	_	_	_	_
eu	O	O	O	O	O	O	_	_	_	_	_	_
le	O	O	O	O	O	O	_	_	_	_	_	_
courage	O	O	O	O	O	O	_	_	_	_	_	_
de	O	O	O	O	O	O	_	_	_	_	_	_
m	O	O	O	O	O	O	_	_	NoSpaceAfter	_	_	_
'	O	O	O	O	O	O	_	_	NoSpaceAfter	_	_	_
abaisser	O	O	O	O	O	O	_	_	_	_	_	_
devant	O	O	O	O	O	O	_	_	_	_	_	_
la	O	O	O	O	O	O	_	_	EndOfLine	_	_	_
# segment_iiif_link = https://iiif.eluxemburgensia.lu/iiif/2/ark:%2f70795%2fvf8bx0%2fpages%2f1/1003,4500,396,54/full/0/default.jpg
grandeur	O	O	O	O	O	O	_	_	NoSpaceAfter	_	_	_
,	O	O	O	O	O	O	_	_	_	_	_	_
mon	O	O	O	O	O	O	_	_	_	_	_	_
vieil	O	O	O	O	O	O	_	_	_	_	_	_
ami	O	O	O	O	O	O	_	_	NoSpaceAfter	_	_	_
!	O	O	O	O	O	O	_	_	EndOfLine	_	_	_
# segment_iiif_link = https://iiif.eluxemburgensia.lu/iiif/2/ark:%2f70795%2fvf8bx0%2fpages%2f1/1040,4556,768,24/full/0/default.jpg
—	O	O	O	O	O	O	_	_	_	_	_	_
Moi	O	O	O	O	O	O	_	_	NoSpaceAfter	_	_	_
,	O	O	O	O	O	O	_	_	_	_	_	_
j	O	O	O	O	O	O	_	_	NoSpaceAfter	_	_	_
'	O	O	O	O	O	O	_	_	NoSpaceAfter	_	_	_
avais	O	O	O	O	O	O	_	_	_	_	_	_
bâti	O	O	O	O	O	O	_	_	NoSpaceAfter	_	_	_
,	O	O	O	O	O	O	_	_	_	_	_	_
pierre	O	O	O	O	O	O	_	_	_	_	_	_
à	O	O	O	O	O	O	_	_	_	_	_	_
pierre	O	O	O	O	O	O	_	_	NoSpaceAfter	_	_	_
,	O	O	O	O	O	O	_	_	_	_	_	_
un	O	O	O	O	O	O	_	_	_	_	_	_
petit	O	O	O	O	O	O	_	_	EndOfLine	_	_	_
# segment_iiif_link = https://iiif.eluxemburgensia.lu/iiif/2/ark:%2f70795%2fvf8bx0%2fpages%2f1/1005,4585,803,48/full/0/default.jpg
tdifice	O	O	O	O	O	O	_	_	_	_	_	_
de	O	O	O	O	O	O	_	_	_	_	_	_
bonheur	O	O	O	O	O	O	_	_	_	_	_	_
pour	O	O	O	O	O	O	_	_	_	_	_	_
mon	O	O	O	O	O	O	_	_	_	_	_	_
enfant	O	O	O	O	O	O	_	_	NoSpaceAfter	_	_	_
.	O	O	O	O	O	O	_	_	NoSpaceAfter	_	_	_
.	O	O	O	O	O	O	_	_	NoSpaceAfter	_	_	_
.	O	O	O	O	O	O	_	_	_	_	_	_
Un	O	O	O	O	O	O	_	_	_	_	_	_
roi	O	O	O	O	O	O	_	_	_	_	_	_
m	O	O	O	O	O	O	_	_	NoSpaceAfter	_	_	_
'	O	O	O	O	O	O	_	_	NoSpaceAfter	_	_	_
a	O	O	O	O	O	O	_	_	EndOfLine	_	_	_
# segment_iiif_link = https://iiif.eluxemburgensia.lu/iiif/2/ark:%2f70795%2fvf8bx0%2fpages%2f1/1005,4628,210,48/full/0/default.jpg
volé	O	O	O	O	O	O	_	_	_	_	_	_
ma	O	O	O	O	O	O	_	_	_	_	_	_
fille	O	O	O	O	O	O	_	_	NoSpaceAfter	_	_	_
!	O	O	O	O	O	O	_	_	EndOfLine	_	_	_
# segment_iiif_link = https://iiif.eluxemburgensia.lu/iiif/2/ark:%2f70795%2fvf8bx0%2fpages%2f1/1041,4673,752,55/full/0/default.jpg
Après	O	O	O	O	O	O	_	_	_	_	_	_
quelques	O	O	O	O	O	O	_	_	_	_	_	_
secondes	O	O	O	O	O	O	_	_	_	_	_	_
do	O	O	O	O	O	O	_	_	_	_	_	_
silence	O	O	O	O	O	O	_	_	_	_	_	_
pendant	O	O	O	O	O	O	_	_	EndOfLine	_	_	_
# segment_iiif_link = https://iiif.eluxemburgensia.lu/iiif/2/ark:%2f70795%2fvf8bx0%2fpages%2f1/1006,4718,786,60/full/0/default.jpg
lesquelles	O	O	O	O	O	O	_	_	_	_	_	_
Jérôme	O	O	O	O	O	O	_	_	_	_	_	_
essuya	O	O	O	O	O	O	_	_	_	_	_	_
ses	O	O	O	O	O	O	_	_	_	_	_	_
larmes	O	O	O	O	O	O	_	_	NoSpaceAfter	_	_	_
,	O	O	O	O	O	O	_	_	_	_	_	_
le	O	O	O	O	O	O	_	_	_	_	_	_
vieillard	O	O	O	O	O	O	_	_	EndOfLine	_	_	_
# segment_iiif_link = https://iiif.eluxemburgensia.lu/iiif/2/ark:%2f70795%2fvf8bx0%2fpages%2f1/1007,4768,92,50/full/0/default.jpg
continua	O	O	O	O	O	O	_	_	_	_	_	_
:	O	O	O	O	O	O	_	_	EndOfLine	_	_	_
# segment_iiif_link = https://iiif.eluxemburgensia.lu/iiif/2/ark:%2f70795%2fvf8bx0%2fpages%2f1/1044,4828,762,28/full/0/default.jpg
—	O	O	O	O	O	O	_	_	_	_	_	_
Enfin	O	O	O	O	O	O	_	_	NoSpaceAfter	_	_	_
,	O	O	O	O	O	O	_	_	_	_	_	_
ami	O	O	O	O	O	O	_	_	NoSpaceAfter	_	_	_
,	O	O	O	O	O	O	_	_	_	_	_	_
je	O	O	O	O	O	O	_	_	_	_	_	_
te	O	O	O	O	O	O	_	_	_	_	_	_
remercie	O	O	O	O	O	O	_	_	_	_	_	_
de	O	O	O	O	O	O	_	_	_	_	_	_
l	O	O	O	O	O	O	_	_	NoSpaceAfter	_	_	_
'	O	O	O	O	O	O	_	_	NoSpaceAfter	_	_	_
hospitalité	O	O	O	O	O	O	_	_	_	_	_	_
que	O	O	O	O	O	O	_	_	EndOfLine	_	_	_
# segment_iiif_link = https://iiif.eluxemburgensia.lu/iiif/2/ark:%2f70795%2fvf8bx0%2fpages%2f1/1006,4865,528,44/full/0/default.jpg
tu	O	O	O	O	O	O	_	_	_	_	_	_
m	O	O	O	O	O	O	_	_	NoSpaceAfter	_	_	_
'	O	O	O	O	O	O	_	_	NoSpaceAfter	_	_	_
as	O	O	O	O	O	O	_	_	_	_	_	_
donnée	O	O	O	O	O	O	_	_	_	_	_	_
si	O	O	O	O	O	O	_	_	_	_	_	_
généreuscme.it	O	O	O	O	O	O	_	_	NoSpaceAfter	_	_	_
.	O	O	O	O	O	O	_	_	EndOfLine	_	_	_
# segment_iiif_link = https://iiif.eluxemburgensia.lu/iiif/2/ark:%2f70795%2fvf8bx0%2fpages%2f1/1046,4919,761,24/full/0/default.jpg
—	O	O	O	O	O	O	_	_	_	_	_	_
Pourquoi	O	O	O	O	O	O	_	_	_	_	_	_
m	O	O	O	O	O	O	_	_	NoSpaceAfter	_	_	_
«	O	O	O	O	O	O	_	_	_	_	_	_
remercier	O	O	O	O	O	O	_	_	NoSpaceAfter	_	_	_
,	O	O	O	O	O	O	_	_	_	_	_	_
Jérôme	O	O	O	O	O	O	_	_	NoSpaceAfter	_	_	_
?	O	O	O	O	O	O	_	_	NoSpaceAfter	_	_	_
.	O	O	O	O	O	O	_	_	NoSpaceAfter	_	_	_
.	O	O	O	O	O	O	_	_	NoSpaceAfter	_	_	_
.	O	O	O	O	O	O	_	_	_	_	_	_
Il	O	O	O	O	O	O	_	_	_	_	_	_
m	O	O	O	O	O	O	_	_	NoSpaceAfter	_	_	_
'	O	O	O	O	O	O	_	_	NoSpaceAfter	_	_	_
est	O	O	O	O	O	O	_	_	EndOfLine	_	_	_
# segment_iiif_link = https://iiif.eluxemburgensia.lu/iiif/2/ark:%2f70795%2fvf8bx0%2fpages%2f1/1006,4940,782,44/full/0/default.jpg
si	O	O	O	O	O	O	_	_	NoSpaceAfter	_	_	_
"	O	O	O	O	O	O	_	_	_	_	_	_
doux	O	O	O	O	O	O	_	_	_	_	_	_
de	O	O	O	O	O	O	_	_	_	_	_	_
faire	O	O	O	O	O	O	_	_	_	_	_	_
parfois	O	O	O	O	O	O	_	_	_	_	_	_
un	O	O	O	O	O	O	_	_	_	_	_	_
peu	O	O	O	O	O	O	_	_	_	_	_	_
de	O	O	O	O	O	O	_	_	_	_	_	_
bien	O	O	O	O	O	O	_	_	NoSpaceAfter	_	_	_
,	O	O	O	O	O	O	_	_	_	_	_	_
en	O	O	O	O	O	O	_	_	EndOfLine	_	_	_
# segment_iiif_link = https://iiif.eluxemburgensia.lu/iiif/2/ark:%2f70795%2fvf8bx0%2fpages%2f1/1006,4983,786,47/full/0/default.jpg
réparation	O	O	O	O	O	O	_	_	_	_	_	_
du	O	O	O	O	O	O	_	_	_	_	_	_
ma	O	O	O	O	O	O	_	_	_	_	_	_
l	O	O	O	O	O	O	_	_	_	_	_	_
que	O	O	O	O	O	O	_	_	_	_	_	_
j	O	O	O	O	O	O	_	_	NoSpaceAfter	_	_	_
'	O	O	O	O	O	O	_	_	NoSpaceAfter	_	_	_
ai	O	O	O	O	O	O	_	_	_	_	_	_
laissé	O	O	O	O	O	O	_	_	_	_	_	_
commettre	O	O	O	O	O	O	_	_	_	_	_	_
!	O	O	O	O	O	O	_	_	NoSpaceAfter	EndOfSentence	_	_
.	O	O	O	O	O	O	_	_	NoSpaceAfter	_	_	_
.	O	O	O	O	O	O	_	_	NoSpaceAfter	_	_	_
.	O	O	O	O	O	O	_	_	EndOfLine	EndOfSentence	_	_
# segment_iiif_link = https://iiif.eluxemburgensia.lu/iiif/2/ark:%2f70795%2fvf8bx0%2fpages%2f1/1005,5017,801,56/full/0/default.jpg
D	O	O	O	O	O	O	_	_	NoSpaceAfter	_	_	_
'	O	O	O	O	O	O	_	_	NoSpaceAfter	_	_	_
ailleurs	O	O	O	O	O	O	_	_	NoSpaceAfter	_	_	_
,	O	O	O	O	O	O	_	_	_	_	_	_
notre	O	O	O	O	O	O	_	_	_	_	_	_
amitié	O	O	O	O	O	O	_	_	NoSpaceAfter	_	_	_
,	O	O	O	O	O	O	_	_	_	_	_	_
alors	O	O	O	O	O	O	_	_	_	_	_	_
que	O	O	O	O	O	O	_	_	_	_	_	_
nous	O	O	O	O	O	O	_	_	_	_	_	_
étions	O	O	O	O	O	O	_	_	_	_	_	_
enfants	O	O	O	O	O	O	_	_	NoSpaceAfter	_	_	_
,	O	O	O	O	O	O	_	_	EndOfLine	_	_	_
# segment_iiif_link = https://iiif.eluxemburgensia.lu/iiif/2/ark:%2f70795%2fvf8bx0%2fpages%2f1/1005,5058,801,54/full/0/default.jpg
n	O	O	O	O	O	O	_	_	NoSpaceAfter	_	_	_
'	O	O	O	O	O	O	_	_	NoSpaceAfter	_	_	_
a	O	O	O	O	O	O	_	_	NoSpaceAfter	_	_	_
-	O	O	O	O	O	O	_	_	NoSpaceAfter	_	_	_
t	O	O	O	O	O	O	_	_	NoSpaceAfter	_	_	_
-	O	O	O	O	O	O	_	_	NoSpaceAfter	_	_	_
ell	O	O	O	O	O	O	_	_	NoSpaceAfter	_	_	_
«	O	O	O	O	O	O	_	_	_	_	_	_
P	O	O	O	O	O	O	_	_	NoSpaceAfter	_	_	_
(	O	O	O	O	O	O	_	_	NoSpaceAfter	_	_	_
W	O	O	O	O	O	O	_	_	_	_	_	_
été	O	O	O	O	O	O	_	_	_	_	_	_
eMe	O	O	O	O	O	O	_	_	_	_	_	_
ar	O	O	O	O	O	O	_	_	_	_	_	_
i	O	O	O	O	O	O	_	_	_	_	_	_
e	O	O	O	O	O	O	_	_	_	_	_	_
\	O	O	O	O	O	O	_	_	NoSpaceAfter	_	_	_
[	O	O	O	O	O	O	_	_	_	_	_	_
9îi	O	O	O	O	O	O	_	_	_	_	_	_
le	O	O	O	O	O	O	_	_	_	_	_	_
plus	O	O	O	O	O	O	_	_	_	_	_	_
vrai	O	O	O	O	O	O	_	_	NoSpaceAfter	_	_	_
.	O	O	O	O	O	O	_	_	NoSpaceAfter	_	_	_
.	O	O	O	O	O	O	_	_	NoSpaceAfter	_	_	_
.	O	O	O	O	O	O	_	_	EndOfLine	_	_	_
# segment_iiif_link = https://iiif.eluxemburgensia.lu/iiif/2/ark:%2f70795%2fvf8bx0%2fpages%2f1/1005,5100,477,48/full/0/default.jpg
1	O	O	O	O	O	O	_	_	NoSpaceAfter	_	_	_
»	O	O	O	O	O	O	_	_	_	_	_	_
Réciprocité	O	O	O	O	O	O	_	_	_	_	_	_
du	O	O	O	O	O	O	_	_	_	_	_	_
dévou	O	O	O	O	O	O	_	_	NoSpaceAfter	_	_	_
,	O	O	O	O	O	O	_	_	_	_	_	_
ment	O	O	O	O	O	O	_	_	NoSpaceAfter	_	_	_
!	O	O	O	O	O	O	_	_	EndOfLine	_	_	_
# segment_iiif_link = https://iiif.eluxemburgensia.lu/iiif/2/ark:%2f70795%2fvf8bx0%2fpages%2f1/1086,5152,705,49/full/0/default.jpg
uui	O	O	O	O	O	O	_	_	NoSpaceAfter	_	_	_
,	O	O	O	O	O	O	_	_	_	_	_	_
et	O	O	O	O	O	O	_	_	_	_	_	_
je	O	O	O	O	O	O	_	_	_	_	_	_
te	O	O	O	O	O	O	_	_	_	_	_	_
remercie	O	O	O	O	O	O	_	_	_	_	_	_
surtout	O	O	O	O	O	O	_	_	NoSpaceAfter	_	_	_
,	O	O	O	O	O	O	_	_	_	_	_	_
René	O	O	O	O	O	O	_	_	NoSpaceAfter	_	_	_
,	O	O	O	O	O	O	_	_	_	_	_	_
de	O	O	O	O	O	O	_	_	EndOfLine	_	_	_
# segment_iiif_link = https://iiif.eluxemburgensia.lu/iiif/2/ark:%2f70795%2fvf8bx0%2fpages%2f1/1005,5189,802,47/full/0/default.jpg
vouloir	O	O	O	O	O	O	_	_	_	_	_	_
bien	O	O	O	O	O	O	_	_	_	_	_	_
encore	O	O	O	O	O	O	_	_	_	_	_	_
me	O	O	O	O	O	O	_	_	_	_	_	_
id	O	O	O	O	O	O	_	_	_	_	_	_
aujourd	O	O	O	O	O	O	_	_	NoSpaceAfter	_	_	_
'	O	O	O	O	O	O	_	_	NoSpaceAfter	_	_	_
hui	O	O	O	O	O	O	_	_	_	_	_	_
dans	O	O	O	O	O	O	_	_	_	_	_	_
ma	O	O	O	O	O	O	_	_	EndOfLine	_	_	_
# segment_iiif_link = https://iiif.eluxemburgensia.lu/iiif/2/ark:%2f70795%2fvf8bx0%2fpages%2f1/1005,5235,505,53/full/0/default.jpg
vengeance	O	O	O	O	O	O	_	_	NoSpaceAfter	_	_	_
!	O	O	O	O	O	O	_	_	NoSpaceAfter	_	_	_
.	O	O	O	O	O	O	_	_	NoSpaceAfter	_	_	_
.	O	O	O	O	O	O	_	_	NoSpaceAfter	_	_	_
.	O	O	O	O	O	O	_	_	_	_	_	_
J	O	O	O	O	O	O	_	_	EndOfLine	_	_	_
# segment_iiif_link = https://iiif.eluxemburgensia.lu/iiif/2/ark:%2f70795%2fvf8bx0%2fpages%2f1/1042,5278,766,48/full/0/default.jpg
En	O	O	O	O	O	O	_	_	_	_	_	_
prononçant	O	O	O	O	O	O	_	_	_	_	_	_
ces	O	O	O	O	O	O	_	_	_	_	_	_
mott	O	O	O	O	O	O	_	_	NoSpaceAfter	_	_	_
{	O	O	O	O	O	O	_	_	_	_	_	_
Jérôme	O	O	O	O	O	O	_	_	_	_	_	_
tourna	O	O	O	O	O	O	_	_	_	_	_	_
dans	O	O	O	O	O	O	_	_	EndOfLine	_	_	_
# segment_iiif_link = https://iiif.eluxemburgensia.lu/iiif/2/ark:%2f70795%2fvf8bx0%2fpages%2f1/1005,5329,803,42/full/0/default.jpg
ses	O	O	O	O	O	O	_	_	_	_	_	_
doigts	O	O	O	O	O	O	_	_	_	_	_	_
une	O	O	O	O	O	O	_	_	_	_	_	_
petite	O	O	O	O	O	O	_	_	_	_	_	_
boite	O	O	O	O	O	O	_	_	_	_	_	_
qm	O	O	O	O	O	O	_	_	_	_	_	_
aTait	O	O	O	O	O	O	_	_	_	_	_	_
prise	O	O	O	O	O	O	_	_	_	_	_	_
SU	O	O	O	O	O	O	_	_	_	_	_	_
r	O	O	O	O	O	O	_	_	_	_	_	_
la	O	O	O	O	O	O	_	_	EndOfLine	_	_	_
# segment_iiif_link = https://iiif.eluxemburgensia.lu/iiif/2/ark:%2f70795%2fvf8bx0%2fpages%2f1/1005,5367,85,47/full/0/default.jpg
table	O	O	O	O	O	O	_	_	NoSpaceAfter	_	_	_
.	O	O	O	O	O	O	_	_	EndOfLine	_	_	_
# segment_iiif_link = https://iiif.eluxemburgensia.lu/iiif/2/ark:%2f70795%2fvf8bx0%2fpages%2f1/2104,3754,590,37/full/0/default.jpg
a	O	O	O	O	O	O	_	_	_	_	_	_
;	O	O	O	O	O	O	_	_	_	_	_	_
ldeme	O	O	O	O	O	O	_	_	_	_	_	_
"	O	O	O	O	O	O	_	_	NoSpaceAfter	_	_	_
t	O	O	O	O	O	O	_	_	_	_	_	_
cette	O	O	O	O	O	O	_	_	_	_	_	_
boite	O	O	O	O	O	O	_	_	NoSpaceAfter	_	_	_
;	O	O	O	O	O	O	_	_	_	_	_	_
et	O	O	O	O	O	O	_	_	_	_	_	_
son	O	O	O	O	O	O	_	_	_	_	_	_
regard	O	O	O	O	O	O	_	_	EndOfLine	_	_	_
# segment_iiif_link = https://iiif.eluxemburgensia.lu/iiif/2/ark:%2f70795%2fvf8bx0%2fpages%2f1/1890,3796,518,38/full/0/default.jpg
sen	O	O	O	O	O	O	_	_	_	_	_	_
.	O	O	O	O	O	O	_	_	NoSpaceAfter	_	_	_
lia	O	O	O	O	O	O	_	_	_	_	_	_
d	O	O	O	O	O	O	_	_	NoSpaceAfter	_	_	_
'	O	O	O	O	O	O	_	_	NoSpaceAfter	_	_	_
un	O	O	O	O	O	O	_	_	_	_	_	_
feu	O	O	O	O	O	O	_	_	_	_	_	_
extraordinaire	O	O	O	O	O	O	_	_	NoSpaceAfter	_	_	_
.	O	O	O	O	O	O	_	_	EndOfLine	_	_	_
# segment_iiif_link = https://iiif.eluxemburgensia.lu/iiif/2/ark:%2f70795%2fvf8bx0%2fpages%2f1/1924,3829,757,49/full/0/default.jpg
Eli	O	O	O	O	O	O	_	_	NoSpaceAfter	_	_	_
.	O	O	O	O	O	O	_	_	_	_	_	_
contenait	O	O	O	O	O	O	_	_	_	_	_	_
des	O	O	O	O	O	O	_	_	_	_	_	_
morceaux	O	O	O	O	O	O	_	_	_	_	_	_
d	O	O	O	O	O	O	_	_	NoSpaceAfter	_	_	_
'	O	O	O	O	O	O	_	_	NoSpaceAfter	_	_	_
une	O	O	O	O	O	O	_	_	_	_	_	_
pâte	O	O	O	O	O	O	_	_	_	_	_	_
à	O	O	O	O	O	O	_	_	EndOfLine	_	_	_
# segment_iiif_link = https://iiif.eluxemburgensia.lu/iiif/2/ark:%2f70795%2fvf8bx0%2fpages%2f1/1889,3874,804,55/full/0/default.jpg
l	O	O	O	O	O	O	_	_	NoSpaceAfter	_	_	_
'	O	O	O	O	O	O	_	_	NoSpaceAfter	_	_	_
augehque	O	O	O	O	O	O	_	_	NoSpaceAfter	_	_	_
,	O	O	O	O	O	O	_	_	_	_	_	_
que	O	O	O	O	O	O	_	_	_	_	_	_
Jérôme	O	O	O	O	O	O	_	_	NoSpaceAfter	_	_	_
,	O	O	O	O	O	O	_	_	_	_	_	_
SCCondé	O	O	O	O	O	O	_	_	_	_	_	_
R6né	O	O	O	O	O	O	_	_	NoSpaceAfter	_	_	_
>	O	O	O	O	O	O	_	_	_	_	_	_
ava	O	O	O	O	O	O	_	_	_	_	_	_
;	O	O	O	O	O	O	_	_	_	_	_	_
t	O	O	O	O	O	O	_	_	_	_	_	_
fa	O	O	O	O	O	O	_	_	_	_	_	_
.	O	O	O	O	O	O	_	_	EndOfLine	_	_	_
# segment_iiif_link = https://iiif.eluxemburgensia.lu/iiif/2/ark:%2f70795%2fvf8bx0%2fpages%2f1/1888,3920,805,51/full/0/default.jpg
brique	O	O	O	O	O	O	_	_	_	_	_	_
dans	O	O	O	O	O	O	_	_	_	_	_	_
le	O	O	O	O	O	O	_	_	_	_	_	_
laboratoire	O	O	O	O	O	O	_	_	_	_	_	_
de	O	O	O	O	O	O	_	_	_	_	_	_
la	O	O	O	O	O	O	_	_	_	_	_	_
rue	O	O	O	O	O	O	_	_	_	_	_	_
Maître	O	O	O	O	O	O	_	_	NoSpaceAfter	_	_	_
-	O	O	O	O	O	O	_	_	EndOfLine	_	_	_
# segment_iiif_link = https://iiif.eluxemburgensia.lu/iiif/2/ark:%2f70795%2fvf8bx0%2fpages%2f1/1892,3960,106,48/full/0/default.jpg
Albert	O	O	O	O	O	O	_	_	NoSpaceAfter	_	_	_
.	O	O	O	O	O	O	_	_	EndOfLine	_	_	_
# segment_iiif_link = https://iiif.eluxemburgensia.lu/iiif/2/ark:%2f70795%2fvf8bx0%2fpages%2f1/1924,4018,770,24/full/0/default.jpg
—	O	O	O	O	O	O	_	_	_	_	_	_
Il	O	O	O	O	O	O	_	_	_	_	_	_
ne	O	O	O	O	O	O	_	_	_	_	_	_
s	O	O	O	O	O	O	_	_	NoSpaceAfter	_	_	_
'	O	O	O	O	O	O	_	_	NoSpaceAfter	_	_	_
agira	O	O	O	O	O	O	_	_	_	_	_	_
pl	O	O	O	O	O	O	_	_	_	_	_	_
u8	O	O	O	O	O	O	_	_	_	_	_	_
„	O	O	O	O	O	O	_	_	NoSpaceAfter	_	_	_
,	O	O	O	O	O	O	_	_	_	_	_	_
aintenanti	O	O	O	O	O	O	_	_	_	_	_	_
dit	O	O	O	O	O	O	_	_	_	_	_	_
i	O	O	O	O	O	O	_	_	_	_	_	_
e	O	O	O	O	O	O	_	_	_	_	_	_
père	O	O	O	O	O	O	_	_	_	_	_	_
de	O	O	O	O	O	O	_	_	EndOfLine	_	_	_
# segment_iiif_link = https://iiif.eluxemburgensia.lu/iiif/2/ark:%2f70795%2fvf8bx0%2fpages%2f1/1888,4046,720,55/full/0/default.jpg
l	O	O	O	O	O	O	_	_	NoSpaceAfter	_	_	_
'	O	O	O	O	O	O	_	_	NoSpaceAfter	_	_	_
ex	O	O	O	O	O	O	_	_	NoSpaceAfter	_	_	_
-	O	O	O	O	O	O	_	_	NoSpaceAfter	_	_	_
favonte	O	O	O	O	O	O	_	_	NoSpaceAfter	_	_	_
,	O	O	O	O	O	O	_	_	_	_	_	_
.1	O	O	O	O	O	O	_	_	_	_	_	_
ne	O	O	O	O	O	O	_	_	_	_	_	_
8	O	O	O	O	O	O	_	_	_	_	_	_
>	O	O	O	O	O	O	_	_	_	_	_	_
agira	O	O	O	O	O	O	_	_	_	_	_	_
,	O	O	O	O	O	O	_	_	_	_	_	_
ng	O	O	O	O	O	O	_	_	_	_	_	_
de	O	O	O	O	O	O	_	_	_	_	_	_
faire	O	O	O	O	O	O	_	_	EndOfLine	_	_	_
# segment_iiif_link = https://iiif.eluxemburgensia.lu/iiif/2/ark:%2f70795%2fvf8bx0%2fpages%2f1/1888,4097,514,38/full/0/default.jpg
venir	O	O	O	O	O	O	_	_	_	_	_	_
ce	O	O	O	O	O	O	_	_	NoSpaceAfter	_	_	_
.	O	O	O	O	O	O	_	_	NoSpaceAfter	_	_	_
,	O	O	O	O	O	O	_	_	_	_	_	_
présent	O	O	O	O	O	O	_	_	_	_	_	_
à	O	O	O	O	O	O	_	_	_	_	_	_
SSll	O	O	O	O	O	O	_	_	_	_	_	_
adress	O	O	O	O	O	O	_	_	NoSpaceAfter	_	_	_
(	O	O	O	O	O	O	_	_	_	_	_	_
,	O	O	O	O	O	O	_	_	EndOfLine	_	_	_
# segment_iiif_link = https://iiif.eluxemburgensia.lu/iiif/2/ark:%2f70795%2fvf8bx0%2fpages%2f1/1924,4131,768,49/full/0/default.jpg
-	O	O	O	O	O	O	_	_	NoSpaceAfter	_	_	_
Et	O	O	O	O	O	O	_	_	_	_	_	_
ce	O	O	O	O	O	O	_	_	_	_	_	_
ne	O	O	O	O	O	O	_	_	_	_	_	_
sera	O	O	O	O	O	O	_	_	_	_	_	_
-	O	O	O	O	O	O	_	_	NoSpaceAfter	_	_	_
.	O	O	O	O	O	O	_	_	NoSpaceAfter	_	_	_
as	O	O	O	O	O	O	_	_	_	_	_	_
difficil	O	O	O	O	O	O	_	_	_	_	_	_
reprit	O	O	O	O	O	O	_	_	_	_	_	_
Ré	O	O	O	O	O	O	_	_	_	_	_	_
né	O	O	O	O	O	O	_	_	NoSpaceAfter	_	_	_
;	O	O	O	O	O	O	_	_	_	_	_	_
il	O	O	O	O	O	O	_	_	_	_	_	_
ne	O	O	O	O	O	O	_	_	EndOfLine	_	_	_
# segment_iiif_link = https://iiif.eluxemburgensia.lu/iiif/2/ark:%2f70795%2fvf8bx0%2fpages%2f1/1888,4175,807,47/full/0/default.jpg
faudra	O	O	O	O	O	O	_	_	_	_	_	_
pour	O	O	O	O	O	O	_	_	_	_	_	_
cela	O	O	O	O	O	O	_	_	_	_	_	_
qu	O	O	O	O	O	O	_	_	NoSpaceAfter	_	_	_
>	O	O	O	O	O	O	_	_	_	_	_	_
Un	O	O	O	O	O	O	_	_	_	_	_	_
do	O	O	O	O	O	O	_	_	_	_	_	_
dence	O	O	O	O	O	O	_	_	_	_	_	_
.	O	O	O	O	O	O	_	_	EndOfLine	_	_	_
# segment_iiif_link = https://iiif.eluxemburgensia.lu/iiif/2/ark:%2f70795%2fvf8bx0%2fpages%2f1/1924,4217,753,47/full/0/default.jpg
-	O	O	O	O	O	O	_	_	NoSpaceAfter	_	_	_
Oh	O	O	O	O	O	O	_	_	NoSpaceAfter	_	_	_
!	O	O	O	O	O	O	_	_	_	_	_	_
sois	O	O	O	O	O	O	_	_	_	_	_	_
tranquille	O	O	O	O	O	O	_	_	NoSpaceAfter	_	_	_
,	O	O	O	O	O	O	_	_	_	_	_	_
mon	O	O	O	O	O	O	_	_	_	_	_	_
viei	O	O	O	O	O	O	_	_	_	_	_	_
i	O	O	O	O	O	O	_	_	_	_	_	_
ami	O	O	O	O	O	O	_	_	_	_	_	_
,	O	O	O	O	O	O	_	_	_	_	_	_
je	O	O	O	O	O	O	_	_	EndOfLine	_	_	_
# segment_iiif_link = https://iiif.eluxemburgensia.lu/iiif/2/ark:%2f70795%2fvf8bx0%2fpages%2f1/1887,4268,783,37/full/0/default.jpg
préférerai	O	O	O	O	O	O	_	_	NoSpaceAfter	_	_	_
,	O	O	O	O	O	O	_	_	_	_	_	_
mourir	O	O	O	O	O	O	_	_	_	_	_	_
plutôt	O	O	O	O	O	O	_	_	_	_	_	_
que	O	O	O	O	O	O	_	_	_	_	_	_
de	O	O	O	O	O	O	_	_	_	_	_	_
comprome	O	O	O	O	O	O	_	_	_	_	_	_
tlre	O	O	O	O	O	O	_	_	_	_	_	_
ton	O	O	O	O	O	O	_	_	EndOfLine	_	_	_
# segment_iiif_link = https://iiif.eluxemburgensia.lu/iiif/2/ark:%2f70795%2fvf8bx0%2fpages%2f1/1887,4306,320,43/full/0/default.jpg
dévouement	O	O	O	O	O	O	_	_	_	_	_	_
pour	O	O	O	O	O	O	_	_	_	_	_	_
moi	O	O	O	O	O	O	_	_	NoSpaceAfter	_	_	_
.	O	O	O	O	O	O	_	_	EndOfLine	_	_	_
# segment_iiif_link = https://iiif.eluxemburgensia.lu/iiif/2/ark:%2f70795%2fvf8bx0%2fpages%2f1/1924,4359,766,24/full/0/default.jpg
—	O	O	O	O	O	O	_	_	_	_	_	_
Charles	O	O	O	O	O	O	_	_	_	_	_	_
IX	O	O	O	O	O	O	_	_	_	_	_	_
a	O	O	O	O	O	O	_	_	_	_	_	_
souvent	O	O	O	O	O	O	_	_	_	_	_	_
des	O	O	O	O	O	O	_	_	_	_	_	_
spasmes	O	O	O	O	O	O	_	_	_	_	_	_
nerveux	O	O	O	O	O	O	_	_	NoSpaceAfter	_	_	_
,	O	O	O	O	O	O	_	_	EndOfLine	_	_	_
# segment_iiif_link = https://iiif.eluxemburgensia.lu/iiif/2/ark:%2f70795%2fvf8bx0%2fpages%2f1/1887,4391,552,44/full/0/default.jpg
tu	O	O	O	O	O	O	_	_	_	_	_	_
le	O	O	O	O	O	O	_	_	_	_	_	_
sais	O	O	O	O	O	O	_	_	_	_	_	_
?	O	O	O	O	O	O	_	_	_	_	_	_
*	O	O	O	O	O	O	_	_	EndOfLine	_	_	_
# segment_iiif_link = https://iiif.eluxemburgensia.lu/iiif/2/ark:%2f70795%2fvf8bx0%2fpages%2f1/1925,4445,102,23/full/0/default.jpg
—	O	O	O	O	O	O	_	_	_	_	_	_
Oui	O	O	O	O	O	O	_	_	NoSpaceAfter	_	_	_
.	O	O	O	O	O	O	_	_	EndOfLine	_	_	_
# segment_iiif_link = https://iiif.eluxemburgensia.lu/iiif/2/ark:%2f70795%2fvf8bx0%2fpages%2f1/1924,4472,766,55/full/0/default.jpg
-	O	O	O	O	O	O	_	_	NoSpaceAfter	_	_	_
Botali	O	O	O	O	O	O	_	_	NoSpaceAfter	_	_	_
,	O	O	O	O	O	O	_	_	_	_	_	_
son	O	O	O	O	O	O	_	_	_	_	_	_
médecin	O	O	O	O	O	O	_	_	NoSpaceAfter	_	_	_
,	O	O	O	O	O	O	_	_	_	_	_	_
est	O	O	O	O	O	O	_	_	_	_	_	_
à	O	O	O	O	O	O	_	_	_	_	_	_
la	O	O	O	O	O	O	_	_	_	_	_	_
recherche	O	O	O	O	O	O	_	_	_	_	_	_
de	O	O	O	O	O	O	_	_	EndOfLine	_	_	_
# segment_iiif_link = https://iiif.eluxemburgensia.lu/iiif/2/ark:%2f70795%2fvf8bx0%2fpages%2f1/1885,4515,320,47/full/0/default.jpg
remèdes	O	O	O	O	O	O	_	_	_	_	_	_
nouveaux	O	O	O	O	O	O	_	_	NoSpaceAfter	_	_	_
.	O	O	O	O	O	O	_	_	NoSpaceAfter	_	_	_
.	O	O	O	O	O	O	_	_	EndOfLine	_	_	_
# segment_iiif_link = https://iiif.eluxemburgensia.lu/iiif/2/ark:%2f70795%2fvf8bx0%2fpages%2f1/1921,4572,198,25/full/0/default.jpg
—	O	O	O	O	O	O	_	_	_	_	_	_
Eh	O	O	O	O	O	O	_	_	_	_	_	_
bien	O	O	O	O	O	O	_	_	_	_	_	_
?	O	O	O	O	O	O	_	_	EndOfLine	_	_	_
# segment_iiif_link = https://iiif.eluxemburgensia.lu/iiif/2/ark:%2f70795%2fvf8bx0%2fpages%2f1/1922,4615,764,25/full/0/default.jpg
—	O	O	O	O	O	O	_	_	_	_	_	_
Eh	O	O	O	O	O	O	_	_	_	_	_	_
bien	O	O	O	O	O	O	_	_	NoSpaceAfter	_	_	_
.	O	O	O	O	O	O	_	_	NoSpaceAfter	_	_	_
.	O	O	O	O	O	O	_	_	NoSpaceAfter	_	_	_
.	O	O	O	O	O	O	_	_	_	_	_	_
à	O	O	O	O	O	O	_	_	_	_	_	_
la	O	O	O	O	O	O	_	_	_	_	_	_
première	O	O	O	O	O	O	_	_	_	_	_	_
occasion	O	O	O	O	O	O	_	_	NoSpaceAfter	_	_	_
,	O	O	O	O	O	O	_	_	_	_	_	_
et	O	O	O	O	O	O	_	_	_	_	_	_
elle	O	O	O	O	O	O	_	_	_	_	_	_
no	O	O	O	O	O	O	_	_	EndOfLine	_	_	_
# segment_iiif_link = https://iiif.eluxemburgensia.lu/iiif/2/ark:%2f70795%2fvf8bx0%2fpages%2f1/1886,4644,802,48/full/0/default.jpg
tardera	O	O	O	O	O	O	_	_	_	_	_	_
pas	O	O	O	O	O	O	_	_	NoSpaceAfter	_	_	_
,	O	O	O	O	O	O	_	_	_	_	_	_
je	O	O	O	O	O	O	_	_	_	_	_	_
l	O	O	O	O	O	O	_	_	NoSpaceAfter	_	_	_
'	O	O	O	O	O	O	_	_	NoSpaceAfter	_	_	_
espère	O	O	O	O	O	O	_	_	NoSpaceAfter	_	_	_
,	O	O	O	O	O	O	_	_	NoSpaceAfter	_	_	_
-	O	O	O	O	O	O	_	_	_	_	_	_
dug3è	O	O	O	O	O	O	_	_	_	_	_	_
.	O	O	O	O	O	O	_	_	_	_	_	_
je	O	O	O	O	O	O	_	_	_	_	_	_
u	O	O	O	O	O	O	_	_	_	_	_	_
faire	O	O	O	O	O	O	_	_	_	_	_	_
naître	O	O	O	O	O	O	_	_	NoSpaceAfter	_	_	_
,	O	O	O	O	O	O	_	_	EndOfLine	_	_	_
# segment_iiif_link = https://iiif.eluxemburgensia.lu/iiif/2/ark:%2f70795%2fvf8bx0%2fpages%2f1/1886,4691,706,42/full/0/default.jpg
-	O	O	O	O	O	O	_	_	NoSpaceAfter	_	_	_
tu	O	O	O	O	O	O	_	_	_	_	_	_
offriras	O	O	O	O	O	O	_	_	_	_	_	_
cette	O	O	O	O	O	O	_	_	_	_	_	_
boîte	O	O	O	O	O	O	_	_	_	_	_	_
au	O	O	O	O	O	O	_	_	_	_	_	_
mé	O	O	O	O	O	O	_	_	_	_	_	_
decin	O	O	O	O	O	O	_	_	_	_	_	_
Bottali	O	O	O	O	O	O	_	_	NoSpaceAfter	_	_	_
.	O	O	O	O	O	O	_	_	EndOfLine	_	_	_
# segment_iiif_link = https://iiif.eluxemburgensia.lu/iiif/2/ark:%2f70795%2fvf8bx0%2fpages%2f1/1922,4744,767,25/full/0/default.jpg
—	O	O	O	O	O	O	_	_	_	_	_	_
Et	O	O	O	O	O	O	_	_	_	_	_	_
le	O	O	O	O	O	O	_	_	_	_	_	_
soir	O	O	O	O	O	O	_	_	_	_	_	_
même	O	O	O	O	O	O	_	_	_	_	_	_
j	O	O	O	O	O	O	_	_	NoSpaceAfter	_	_	_
'	O	O	O	O	O	O	_	_	_	_	_	_
aurai	O	O	O	O	O	O	_	_	_	_	_	_
,	O	O	O	O	O	O	_	_	_	_	_	_
aissé	O	O	O	O	O	O	_	_	_	_	_	_
]	O	O	O	O	O	O	_	_	NoSpaceAfter	_	_	_
o	O	O	O	O	O	O	_	_	_	_	_	_
m	O	O	O	O	O	O	_	_	_	_	_	_
de	O	O	O	O	O	O	_	_	_	_	_	_
moi	O	O	O	O	O	O	_	_	_	_	_	_
la	O	O	O	O	O	O	_	_	EndOfLine	_	_	_
# segment_iiif_link = https://iiif.eluxemburgensia.lu/iiif/2/ark:%2f70795%2fvf8bx0%2fpages%2f1/1886,4775,127,51/full/0/default.jpg
capitale	O	O	O	O	O	O	_	_	NoSpaceAfter	_	_	_
.	O	O	O	O	O	O	_	_	EndOfLine	_	_	_
# segment_iiif_link = https://iiif.eluxemburgensia.lu/iiif/2/ark:%2f70795%2fvf8bx0%2fpages%2f1/1924,4816,747,48/full/0/default.jpg
-	O	O	O	O	O	O	_	_	NoSpaceAfter	_	_	_
Dam	O	O	O	O	O	O	_	_	NoSpaceAfter	_	_	_
!	O	O	O	O	O	O	_	_	_	_	_	_
à	O	O	O	O	O	O	_	_	_	_	_	_
moins	O	O	O	O	O	O	_	_	_	_	_	_
q	O	O	O	O	O	O	_	_	_	_	_	_
ue	O	O	O	O	O	O	_	_	_	_	_	_
tu	O	O	O	O	O	O	_	_	_	_	_	_
ne	O	O	O	O	O	O	_	_	_	_	_	_
veuiI	O	O	O	O	O	O	_	_	_	_	_	_
|	O	O	O	O	O	O	_	_	_	_	_	_
es	O	O	O	O	O	O	_	_	_	_	_	_
,	O	O	O	O	O	O	_	_	_	_	_	_
le	O	O	O	O	O	O	_	_	EndOfLine	_	_	_
# segment_iiif_link = https://iiif.eluxemburgensia.lu/iiif/2/ark:%2f70795%2fvf8bx0%2fpages%2f1/1885,4868,689,44/full/0/default.jpg
lendemain	O	O	O	O	O	O	_	_	NoSpaceAfter	_	_	_
,	O	O	O	O	O	O	_	_	_	_	_	_
être	O	O	O	O	O	O	_	_	_	_	_	_
roué	O	O	O	O	O	O	_	_	_	_	_	_
vif	O	O	O	O	O	O	_	_	_	_	_	_
en	O	O	O	O	O	O	_	_	_	_	_	_
g	O	O	O	O	O	O	_	_	_	_	_	_
rèye	O	O	O	O	O	O	_	_	NoSpaceAfter	_	_	_
!	O	O	O	O	O	O	_	_	_	_	_	_
ricana	O	O	O	O	O	O	_	_	_	_	_	_
René	O	O	O	O	O	O	_	_	NoSpaceAfter	_	_	_
.	O	O	O	O	O	O	_	_	EndOfLine	_	_	_
# segment_iiif_link = https://iiif.eluxemburgensia.lu/iiif/2/ark:%2f70795%2fvf8bx0%2fpages%2f1/1924,4918,748,24/full/0/default.jpg
—	O	O	O	O	O	O	_	_	_	_	_	_
Je	O	O	O	O	O	O	_	_	_	_	_	_
ne	O	O	O	O	O	O	_	_	_	_	_	_
veux	O	O	O	O	O	O	_	_	_	_	_	_
quitter	O	O	O	O	O	O	_	_	_	_	_	_
l	O	O	O	O	O	O	_	_	_	_	_	_
ft	O	O	O	O	O	O	_	_	_	_	_	_
vio	O	O	O	O	O	O	_	_	_	_	_	_
qu	O	O	O	O	O	O	_	_	_	_	_	_
'	O	O	O	O	O	O	_	_	_	_	_	_
ap	O	O	O	O	O	O	_	_	_	_	_	_
rès	O	O	O	O	O	O	_	_	_	_	_	_
avoir	O	O	O	O	O	O	_	_	EndOfLine	_	_	_
# segment_iiif_link = https://iiif.eluxemburgensia.lu/iiif/2/ark:%2f70795%2fvf8bx0%2fpages%2f1/1885,4946,790,53/full/0/default.jpg
accompli	O	O	O	O	O	O	_	_	_	_	_	_
une	O	O	O	O	O	O	_	_	_	_	_	_
mission	O	O	O	O	O	O	_	_	_	_	_	_
que	O	O	O	O	O	O	_	_	_	_	_	_
j	O	O	O	O	O	O	_	_	_	_	_	_
e	O	O	O	O	O	O	_	_	_	_	_	_
considère	O	O	O	O	O	O	_	_	_	_	_	_
comme	O	O	O	O	O	O	_	_	EndOfLine	_	_	_
# segment_iiif_link = https://iiif.eluxemburgensia.lu/iiif/2/ark:%2f70795%2fvf8bx0%2fpages%2f1/1886,4990,800,53/full/0/default.jpg
sacrée	O	O	O	O	O	O	_	_	NoSpaceAfter	_	_	_
,	O	O	O	O	O	O	_	_	_	_	_	_
accentua	O	O	O	O	O	O	_	_	_	_	_	_
lentement	O	O	O	O	O	O	_	_	_	_	_	_
l	O	O	O	O	O	O	_	_	_	_	_	_
e	O	O	O	O	O	O	_	_	_	_	_	_
p	O	O	O	O	O	O	_	_	_	_	_	_
ère	O	O	O	O	O	O	_	_	_	_	_	_
de	O	O	O	O	O	O	_	_	_	_	_	_
Marie	O	O	O	O	O	O	_	_	_	_	_	_
Touchet	O	O	O	O	O	O	_	_	NoSpaceAfter	_	_	_
.	O	O	O	O	O	O	_	_	EndOfLine	_	_	_
# segment_iiif_link = https://iiif.eluxemburgensia.lu/iiif/2/ark:%2f70795%2fvf8bx0%2fpages%2f1/1922,5046,764,23/full/0/default.jpg
—	O	O	O	O	O	O	_	_	_	_	_	_
Sois	O	O	O	O	O	O	_	_	_	_	_	_
tranquille	O	O	O	O	O	O	_	_	NoSpaceAfter	_	_	_
,	O	O	O	O	O	O	_	_	_	_	_	_
fflon	O	O	O	O	O	O	_	_	_	_	_	_
vjei	O	O	O	O	O	O	_	_	_	_	_	_
,	O	O	O	O	O	O	_	_	_	_	_	_
m	O	O	O	O	O	O	_	_	_	_	_	_
[	O	O	O	O	O	O	_	_	_	_	_	_
}	O	O	O	O	O	O	_	_	_	_	_	_
dans	O	O	O	O	O	O	_	_	_	_	_	_
quelques	O	O	O	O	O	O	_	_	EndOfLine	_	_	_
# segment_iiif_link = https://iiif.eluxemburgensia.lu/iiif/2/ark:%2f70795%2fvf8bx0%2fpages%2f1/1883,5075,697,54/full/0/default.jpg
jours	O	O	O	O	O	O	_	_	_	_	_	_
l	O	O	O	O	O	O	_	_	NoSpaceAfter	_	_	_
'	O	O	O	O	O	O	_	_	NoSpaceAfter	_	_	_
occasion	O	O	O	O	O	O	_	_	_	_	_	_
cherchée	O	O	O	O	O	O	_	_	_	_	_	_
g	O	O	O	O	O	O	_	_	NoSpaceAfter	_	_	_
'	O	O	O	O	O	O	_	_	NoSpaceAfter	_	_	_
off	O	O	O	O	O	O	_	_	NoSpaceAfter	_	_	_
-	O	O	O	O	O	O	_	_	NoSpaceAfter	_	_	_
ira	O	O	O	O	O	O	_	_	_	_	_	_
pour	O	O	O	O	O	O	_	_	_	_	_	_
toi	O	O	O	O	O	O	_	_	NoSpaceAfter	_	_	_
?	O	O	O	O	O	O	_	_	EndOfLine	_	_	_
# segment_iiif_link = https://iiif.eluxemburgensia.lu/iiif/2/ark:%2f70795%2fvf8bx0%2fpages%2f1/1924,5134,299,23/full/0/default.jpg
—	O	O	O	O	O	O	_	_	_	_	_	_
Vrai	O	O	O	O	O	O	_	_	_	_	_	_
?	O	O	O	O	O	O	_	_	_	_	_	_
où	O	O	O	O	O	O	_	_	_	_	_	_
donc	O	O	O	O	O	O	_	_	_	_	_	_
?	O	O	O	O	O	O	_	_	EndOfLine	_	_	_
# segment_iiif_link = https://iiif.eluxemburgensia.lu/iiif/2/ark:%2f70795%2fvf8bx0%2fpages%2f1/1924,5179,475,23/full/0/default.jpg
—	O	O	O	O	O	O	_	_	_	_	_	_
A	O	O	O	O	O	O	_	_	_	_	_	_
la	O	O	O	O	O	O	_	_	_	_	_	_
tour	O	O	O	O	O	O	_	_	_	_	_	_
des	O	O	O	O	O	O	_	_	_	_	_	_
Astrologues	O	O	O	O	O	O	_	_	NoSpaceAfter	_	_	_
.	O	O	O	O	O	O	_	_	EndOfLine	_	_	_
# segment_iiif_link = https://iiif.eluxemburgensia.lu/iiif/2/ark:%2f70795%2fvf8bx0%2fpages%2f1/1924,5220,764,25/full/0/default.jpg
—	O	O	O	O	O	O	_	_	_	_	_	_
Cette	O	O	O	O	O	O	_	_	_	_	_	_
demeure	O	O	O	O	O	O	_	_	_	_	_	_
ténébreuse	O	O	O	O	O	O	_	_	NoSpaceAfter	_	_	_
,	O	O	O	O	O	O	_	_	_	_	_	_
où	O	O	O	O	O	O	_	_	_	_	_	_
se	O	O	O	O	O	O	_	_	_	_	_	_
rend	O	O	O	O	O	O	_	_	_	_	_	_
chaque	O	O	O	O	O	O	_	_	EndOfLine	_	_	_
# segment_iiif_link = https://iiif.eluxemburgensia.lu/iiif/2/ark:%2f70795%2fvf8bx0%2fpages%2f1/1886,5250,314,48/full/0/default.jpg
nuit	O	O	O	O	O	O	_	_	_	_	_	_
la	O	O	O	O	O	O	_	_	_	_	_	_
reine	O	O	O	O	O	O	_	_	NoSpaceAfter	_	_	_
-	O	O	O	O	O	O	_	_	NoSpaceAfter	_	_	_
mère	O	O	O	O	O	O	_	_	NoSpaceAfter	_	_	_
?	O	O	O	O	O	O	_	_	EndOfLine	_	_	_
# segment_iiif_link = https://iiif.eluxemburgensia.lu/iiif/2/ark:%2f70795%2fvf8bx0%2fpages%2f1/1924,5307,234,24/full/0/default.jpg
—	O	O	O	O	O	O	_	_	_	_	_	_
Précisément	O	O	O	O	O	O	_	_	NoSpaceAfter	_	_	_
.	O	O	O	O	O	O	_	_	EndOfLine	_	_	_
# segment_iiif_link = https://iiif.eluxemburgensia.lu/iiif/2/ark:%2f70795%2fvf8bx0%2fpages%2f1/1922,5352,766,24/full/0/default.jpg
—	O	O	O	O	O	O	_	_	_	_	_	_
Et	O	O	O	O	O	O	_	_	_	_	_	_
l	O	O	O	O	O	O	_	_	NoSpaceAfter	_	_	_
'	O	O	O	O	O	O	_	_	NoSpaceAfter	_	_	_
occasion	O	O	O	O	O	O	_	_	_	_	_	_
se	O	O	O	O	O	O	_	_	_	_	_	_
présenterait	O	O	O	O	O	O	_	_	_	_	_	_
sûrement	O	O	O	O	O	O	_	_	NoSpaceAfter	_	_	_
,	O	O	O	O	O	O	_	_	_	_	_	_
dis	O	O	O	O	O	O	_	_	NoSpaceAfter	_	_	_
-	O	O	O	O	O	O	_	_	NoSpaceAfter	_	_	_
tu	O	O	O	O	O	O	_	_	NoSpaceAfter	_	_	_
?	O	O	O	O	O	O	_	_	EndOfLine	_	_	_
# segment_iiif_link = https://iiif.eluxemburgensia.lu/iiif/2/ark:%2f70795%2fvf8bx0%2fpages%2f1/1925,5396,757,25/full/0/default.jpg
—	O	O	O	O	O	O	_	_	_	_	_	_
Bottali	O	O	O	O	O	O	_	_	_	_	_	_
assistera	O	O	O	O	O	O	_	_	_	_	_	_
aux	O	O	O	O	O	O	_	_	_	_	_	_
mystères	O	O	O	O	O	O	_	_	_	_	_	_
de	O	O	O	O	O	O	_	_	_	_	_	_
sorcellerie	O	O	O	O	O	O	_	_	EndOfLine	_	_	_
# segment_iiif_link = https://iiif.eluxemburgensia.lu/iiif/2/ark:%2f70795%2fvf8bx0%2fpages%2f1/2780,3773,480,50/full/0/default.jpg
qui	O	O	O	O	O	O	_	_	_	_	_	_
auront	O	O	O	O	O	O	_	_	_	_	_	_
lieu	O	O	O	O	O	O	_	_	_	_	_	_
bientôt	O	O	O	O	O	O	_	_	_	_	_	_
pour	O	O	O	O	O	O	_	_	NoSpaceAfter	_	_	_
.	O	O	O	O	O	O	_	_	NoSpaceAfter	_	_	_
.	O	O	O	O	O	O	_	_	NoSpaceAfter	_	_	_
.	O	O	O	O	O	O	_	_	EndOfLine	_	_	_
# segment_iiif_link = https://iiif.eluxemburgensia.lu/iiif/2/ark:%2f70795%2fvf8bx0%2fpages%2f1/2816,3813,769,47/full/0/default.jpg
Le	O	O	O	O	O	O	_	_	_	_	_	_
parfumeur	O	O	O	O	O	O	_	_	_	_	_	_
fut	O	O	O	O	O	O	_	_	_	_	_	_
interrompu	O	O	O	O	O	O	_	_	_	_	_	_
dans	O	O	O	O	O	O	_	_	_	_	_	_
sa	O	O	O	O	O	O	_	_	_	_	_	_
phrase	O	O	O	O	O	O	_	_	EndOfLine	_	_	_
# segment_iiif_link = https://iiif.eluxemburgensia.lu/iiif/2/ark:%2f70795%2fvf8bx0%2fpages%2f1/2777,3863,789,44/full/0/default.jpg
par	O	O	O	O	O	O	_	_	_	_	_	_
un	O	O	O	O	O	O	_	_	_	_	_	_
valet	O	O	O	O	O	O	_	_	_	_	_	_
venant	O	O	O	O	O	O	_	_	_	_	_	_
annoncer	O	O	O	O	O	O	_	_	_	_	_	_
qu	O	O	O	O	O	O	_	_	NoSpaceAfter	_	_	_
'	O	O	O	O	O	O	_	_	NoSpaceAfter	_	_	_
une	O	O	O	O	O	O	_	_	_	_	_	_
dame	O	O	O	O	O	O	_	_	EndOfLine	_	_	_
# segment_iiif_link = https://iiif.eluxemburgensia.lu/iiif/2/ark:%2f70795%2fvf8bx0%2fpages%2f1/2777,3898,715,53/full/0/default.jpg
masquée	O	O	O	O	O	O	_	_	_	_	_	_
demandait	O	O	O	O	O	O	_	_	_	_	_	_
à	O	O	O	O	O	O	_	_	_	_	_	_
parler	O	O	O	O	O	O	_	_	_	_	_	_
à	O	O	O	O	O	O	_	_	_	_	_	_
Jérôme	O	O	O	O	O	O	_	_	_	_	_	_
Touchet	O	O	O	O	O	O	_	_	NoSpaceAfter	_	_	_
.	O	O	O	O	O	O	_	_	EndOfLine	_	_	_
# segment_iiif_link = https://iiif.eluxemburgensia.lu/iiif/2/ark:%2f70795%2fvf8bx0%2fpages%2f1/2815,3954,534,23/full/0/default.jpg
—	O	O	O	O	O	O	_	_	_	_	_	_
A	O	O	O	O	O	O	_	_	_	_	_	_
moi	O	O	O	O	O	O	_	_	NoSpaceAfter	_	_	_
?	O	O	O	O	O	O	_	_	_	_	_	_
fit	O	O	O	O	O	O	_	_	_	_	_	_
le	O	O	O	O	O	O	_	_	_	_	_	_
vieillard	O	O	O	O	O	O	_	_	_	_	_	_
étonné	O	O	O	O	O	O	_	_	NoSpaceAfter	_	_	_
.	O	O	O	O	O	O	_	_	EndOfLine	_	_	_
# segment_iiif_link = https://iiif.eluxemburgensia.lu/iiif/2/ark:%2f70795%2fvf8bx0%2fpages%2f1/2814,3998,749,24/full/0/default.jpg
—	O	O	O	O	O	O	_	_	_	_	_	_
Oui	O	O	O	O	O	O	_	_	NoSpaceAfter	_	_	_
,	O	O	O	O	O	O	_	_	_	_	_	_
messire	O	O	O	O	O	O	_	_	NoSpaceAfter	_	_	_
,	O	O	O	O	O	O	_	_	_	_	_	_
à	O	O	O	O	O	O	_	_	_	_	_	_
vous	O	O	O	O	O	O	_	_	_	_	_	_
seul	O	O	O	O	O	O	_	_	NoSpaceAfter	_	_	_
,	O	O	O	O	O	O	_	_	_	_	_	_
répondit	O	O	O	O	O	O	_	_	_	_	_	_
le	O	O	O	O	O	O	_	_	_	_	_	_
valet	O	O	O	O	O	O	_	_	NoSpaceAfter	_	_	_
.	O	O	O	O	O	O	_	_	EndOfLine	_	_	_
# segment_iiif_link = https://iiif.eluxemburgensia.lu/iiif/2/ark:%2f70795%2fvf8bx0%2fpages%2f1/2813,4038,525,25/full/0/default.jpg
—	O	O	O	O	O	O	_	_	_	_	_	_
Fais	O	O	O	O	O	O	_	_	_	_	_	_
entrer	O	O	O	O	O	O	_	_	NoSpaceAfter	_	_	_
,	O	O	O	O	O	O	_	_	_	_	_	_
dit	O	O	O	O	O	O	_	_	_	_	_	_
le	O	O	O	O	O	O	_	_	_	_	_	_
parfumeur	O	O	O	O	O	O	_	_	NoSpaceAfter	_	_	_
.	O	O	O	O	O	O	_	_	EndOfLine	_	_	_
# segment_iiif_link = https://iiif.eluxemburgensia.lu/iiif/2/ark:%2f70795%2fvf8bx0%2fpages%2f1/2811,4066,510,54/full/0/default.jpg
Puis	O	O	O	O	O	O	_	_	NoSpaceAfter	_	_	_
,	O	O	O	O	O	O	_	_	_	_	_	_
se	O	O	O	O	O	O	_	_	_	_	_	_
préparant	O	O	O	O	O	O	_	_	_	_	_	_
à	O	O	O	O	O	O	_	_	_	_	_	_
se	O	O	O	O	O	O	_	_	_	_	_	_
retirer	O	O	O	O	O	O	_	_	NoSpaceAfter	_	_	_
:	O	O	O	O	O	O	_	_	EndOfLine	_	_	_
# segment_iiif_link = https://iiif.eluxemburgensia.lu/iiif/2/ark:%2f70795%2fvf8bx0%2fpages%2f1/2812,4123,766,24/full/0/default.jpg
—	O	O	O	O	O	O	_	_	_	_	_	_
Si	O	O	O	O	O	O	_	_	_	_	_	_
tu	O	O	O	O	O	O	_	_	_	_	_	_
as	O	O	O	O	O	O	_	_	_	_	_	_
besoin	O	O	O	O	O	O	_	_	_	_	_	_
de	O	O	O	O	O	O	_	_	_	_	_	_
moi	O	O	O	O	O	O	_	_	NoSpaceAfter	_	_	_
.	O	O	O	O	O	O	_	_	_	_	_	_
appelle	O	O	O	O	O	O	_	_	NoSpaceAfter	_	_	_
.	O	O	O	O	O	O	_	_	NoSpaceAfter	_	_	_
.	O	O	O	O	O	O	_	_	NoSpaceAfter	_	_	_
.	O	O	O	O	O	O	_	_	_	_	_	_
j	O	O	O	O	O	O	_	_	NoSpaceAfter	_	_	_
'	O	O	O	O	O	O	_	_	NoSpaceAfter	_	_	_
accourrai	O	O	O	O	O	O	_	_	EndOfLine	_	_	_
# segment_iiif_link = https://iiif.eluxemburgensia.lu/iiif/2/ark:%2f70795%2fvf8bx0%2fpages%2f1/2775,4152,127,47/full/0/default.jpg
aussitôt	O	O	O	O	O	O	_	_	NoSpaceAfter	_	_	_
.	O	O	O	O	O	O	_	_	EndOfLine	_	_	_
# segment_iiif_link = https://iiif.eluxemburgensia.lu/iiif/2/ark:%2f70795%2fvf8bx0%2fpages%2f1/2811,4192,754,45/full/0/default.jpg
Et	O	O	O	O	O	O	_	_	_	_	_	_
René	O	O	O	O	O	O	_	_	_	_	_	_
disparut	O	O	O	O	O	O	_	_	_	_	_	_
au	O	O	O	O	O	O	_	_	_	_	_	_
moment	O	O	O	O	O	O	_	_	_	_	_	_
où	O	O	O	O	O	O	_	_	_	_	_	_
le	O	O	O	O	O	O	_	_	_	_	_	_
valet	O	O	O	O	O	O	_	_	EndOfLine	_	_	_
# segment_iiif_link = https://iiif.eluxemburgensia.lu/iiif/2/ark:%2f70795%2fvf8bx0%2fpages%2f1/2775,4233,402,48/full/0/default.jpg
introduisait	O	O	O	O	O	O	_	_	_	_	_	_
la	O	O	O	O	O	O	_	_	_	_	_	_
dame	O	O	O	O	O	O	_	_	_	_	_	_
masquée	O	O	O	O	O	O	_	_	NoSpaceAfter	_	_	_
.	O	O	O	O	O	O	_	_	EndOfLine	_	_	_
# segment_iiif_link = https://iiif.eluxemburgensia.lu/iiif/2/ark:%2f70795%2fvf8bx0%2fpages%2f1/2809,4278,757,44/full/0/default.jpg
A	O	O	O	O	O	O	_	_	_	_	_	_
sa	O	O	O	O	O	O	_	_	_	_	_	_
vue	O	O	O	O	O	O	_	_	NoSpaceAfter	_	_	_
,	O	O	O	O	O	O	_	_	_	_	_	_
Jérôme	O	O	O	O	O	O	_	_	_	_	_	_
Touchet	O	O	O	O	O	O	_	_	_	_	_	_
éprouva	O	O	O	O	O	O	_	_	_	_	_	_
un	O	O	O	O	O	O	_	_	EndOfLine	_	_	_
# segment_iiif_link = https://iiif.eluxemburgensia.lu/iiif/2/ark:%2f70795%2fvf8bx0%2fpages%2f1/2773,4318,654,48/full/0/default.jpg
tressaillement	O	O	O	O	O	O	_	_	_	_	_	_
dont	O	O	O	O	O	O	_	_	_	_	_	_
il	O	O	O	O	O	O	_	_	_	_	_	_
ne	O	O	O	O	O	O	_	_	_	_	_	_
put	O	O	O	O	O	O	_	_	_	_	_	_
se	O	O	O	O	O	O	_	_	_	_	_	_
rendre	O	O	O	O	O	O	_	_	_	_	_	_
compte	O	O	O	O	O	O	_	_	NoSpaceAfter	_	_	_
.	O	O	O	O	O	O	_	_	EndOfLine	_	_	_
# segment_iiif_link = https://iiif.eluxemburgensia.lu/iiif/2/ark:%2f70795%2fvf8bx0%2fpages%2f1/2809,4361,766,45/full/0/default.jpg
11	O	O	O	O	O	O	_	_	_	_	_	_
lui	O	O	O	O	O	O	_	_	_	_	_	_
indiqua	O	O	O	O	O	O	_	_	_	_	_	_
un	O	O	O	O	O	O	_	_	_	_	_	_
siège	O	O	O	O	O	O	_	_	NoSpaceAfter	_	_	_
,	O	O	O	O	O	O	_	_	_	_	_	_
et	O	O	O	O	O	O	_	_	_	_	_	_
lorsque	O	O	O	O	O	O	_	_	_	_	_	_
la	O	O	O	O	O	O	_	_	_	_	_	_
dame	O	O	O	O	O	O	_	_	_	_	_	_
se	O	O	O	O	O	O	_	_	EndOfLine	_	_	_
# segment_iiif_link = https://iiif.eluxemburgensia.lu/iiif/2/ark:%2f70795%2fvf8bx0%2fpages%2f1/2772,4403,162,48/full/0/default.jpg
fut	O	O	O	O	O	O	_	_	_	_	_	_
assise	O	O	O	O	O	O	_	_	_	_	_	_
:	O	O	O	O	O	O	_	_	EndOfLine	_	_	_
# segment_iiif_link = https://iiif.eluxemburgensia.lu/iiif/2/ark:%2f70795%2fvf8bx0%2fpages%2f1/2809,4461,748,25/full/0/default.jpg
—	O	O	O	O	O	O	_	_	_	_	_	_
Qui	O	O	O	O	O	O	_	_	_	_	_	_
ai	O	O	O	O	O	O	_	_	NoSpaceAfter	_	_	_
-	O	O	O	O	O	O	_	_	NoSpaceAfter	_	_	_
je	O	O	O	O	O	O	_	_	_	_	_	_
l	O	O	O	O	O	O	_	_	NoSpaceAfter	_	_	_
'	O	O	O	O	O	O	_	_	NoSpaceAfter	_	_	_
honneur	O	O	O	O	O	O	_	_	_	_	_	_
de	O	O	O	O	O	O	_	_	_	_	_	_
recevoir	O	O	O	O	O	O	_	_	NoSpaceAfter	_	_	_
?	O	O	O	O	O	O	_	_	_	_	_	_
balbutia	O	O	O	O	O	O	_	_	EndOfLine	_	_	_
# segment_iiif_link = https://iiif.eluxemburgensia.lu/iiif/2/ark:%2f70795%2fvf8bx0%2fpages%2f1/2773,4492,222,47/full/0/default.jpg
Jérôme	O	O	O	O	O	O	_	_	_	_	_	_
intrigué	O	O	O	O	O	O	_	_	NoSpaceAfter	_	_	_
.	O	O	O	O	O	O	_	_	EndOfLine	_	_	_
# segment_iiif_link = https://iiif.eluxemburgensia.lu/iiif/2/ark:%2f70795%2fvf8bx0%2fpages%2f1/2809,4536,748,45/full/0/default.jpg
Pour	O	O	O	O	O	O	_	_	_	_	_	_
toute	O	O	O	O	O	O	_	_	_	_	_	_
réponse	O	O	O	O	O	O	_	_	NoSpaceAfter	_	_	_
,	O	O	O	O	O	O	_	_	_	_	_	_
la	O	O	O	O	O	O	_	_	_	_	_	_
visiteuse	O	O	O	O	O	O	_	_	_	_	_	_
enleva	O	O	O	O	O	O	_	_	EndOfLine	_	_	_
# segment_iiif_link = https://iiif.eluxemburgensia.lu/iiif/2/ark:%2f70795%2fvf8bx0%2fpages%2f1/2773,4580,282,43/full/0/default.jpg
prestement	O	O	O	O	O	O	_	_	_	_	_	_
son	O	O	O	O	O	O	_	_	_	_	_	_
masque	O	O	O	O	O	O	_	_	NoSpaceAfter	_	_	_
.	O	O	O	O	O	O	_	_	EndOfLine	_	_	_
# segment_iiif_link = https://iiif.eluxemburgensia.lu/iiif/2/ark:%2f70795%2fvf8bx0%2fpages%2f1/2807,4617,392,47/full/0/default.jpg
Jérôme	O	O	O	O	O	O	_	_	_	_	_	_
reconnut	O	O	O	O	O	O	_	_	_	_	_	_
sa	O	O	O	O	O	O	_	_	_	_	_	_
fille	O	O	O	O	O	O	_	_	NoSpaceAfter	_	_	_
.	O	O	O	O	O	O	_	_	EndOfLine	_	_	_
# segment_iiif_link = https://iiif.eluxemburgensia.lu/iiif/2/ark:%2f70795%2fvf8bx0%2fpages%2f1/2808,4658,763,48/full/0/default.jpg
C	O	O	O	O	O	O	_	_	NoSpaceAfter	_	_	_
'	O	O	O	O	O	O	_	_	NoSpaceAfter	_	_	_
était	O	O	O	O	O	O	_	_	_	_	_	_
Marie	O	O	O	O	O	O	_	_	NoSpaceAfter	_	_	_
,	O	O	O	O	O	O	_	_	_	_	_	_
en	O	O	O	O	O	O	_	_	_	_	_	_
effet	O	O	O	O	O	O	_	_	NoSpaceAfter	_	_	_
,	O	O	O	O	O	O	_	_	_	_	_	_
instruite	O	O	O	O	O	O	_	_	_	_	_	_
par	O	O	O	O	O	O	_	_	_	_	_	_
Maureîd	O	O	O	O	O	O	_	_	EndOfLine	_	_	_
# segment_iiif_link = https://iiif.eluxemburgensia.lu/iiif/2/ark:%2f70795%2fvf8bx0%2fpages%2f1/2772,4702,672,45/full/0/default.jpg
du	O	O	O	O	O	O	_	_	_	_	_	_
séjour	O	O	O	O	O	O	_	_	_	_	_	_
occupé	O	O	O	O	O	O	_	_	_	_	_	_
à	O	O	O	O	O	O	_	_	_	_	_	_
Paris	O	O	O	O	O	O	_	_	_	_	_	_
par	O	O	O	O	O	O	_	_	_	_	_	_
le	O	O	O	O	O	O	_	_	_	_	_	_
vieillard	O	O	O	O	O	O	_	_	NoSpaceAfter	_	_	_
.	O	O	O	O	O	O	_	_	EndOfLine	_	_	_
# segment_iiif_link = https://iiif.eluxemburgensia.lu/iiif/2/ark:%2f70795%2fvf8bx0%2fpages%2f1/2806,4745,767,48/full/0/default.jpg
Jérôme	O	O	O	O	O	O	_	_	_	_	_	_
devint	O	O	O	O	O	O	_	_	_	_	_	_
subitement	O	O	O	O	O	O	_	_	_	_	_	_
pâle	O	O	O	O	O	O	_	_	_	_	_	_
et	O	O	O	O	O	O	_	_	NoSpaceAfter	_	_	_
,	O	O	O	O	O	O	_	_	_	_	_	_
réprimant	O	O	O	O	O	O	_	_	_	_	_	_
uu	O	O	O	O	O	O	_	_	EndOfLine	_	_	_
# segment_iiif_link = https://iiif.eluxemburgensia.lu/iiif/2/ark:%2f70795%2fvf8bx0%2fpages%2f1/2772,4791,539,49/full/0/default.jpg
geste	O	O	O	O	O	O	_	_	_	_	_	_
de	O	O	O	O	O	O	_	_	_	_	_	_
colère	O	O	O	O	O	O	_	_	NoSpaceAfter	_	_	_
,	O	O	O	O	O	O	_	_	_	_	_	_
voulut	O	O	O	O	O	O	_	_	_	_	_	_
s	O	O	O	O	O	O	_	_	NoSpaceAfter	_	_	_
'	O	O	O	O	O	O	_	_	NoSpaceAfter	_	_	_
éloigner	O	O	O	O	O	O	_	_	NoSpaceAfter	_	_	_
.	O	O	O	O	O	O	_	_	EndOfLine	_	_	_
# segment_iiif_link = https://iiif.eluxemburgensia.lu/iiif/2/ark:%2f70795%2fvf8bx0%2fpages%2f1/2807,4846,752,24/full/0/default.jpg
—	O	O	O	O	O	O	_	_	_	_	_	_
Restez	O	O	O	O	O	O	_	_	NoSpaceAfter	_	_	_
,	O	O	O	O	O	O	_	_	_	_	_	_
mon	O	O	O	O	O	O	_	_	_	_	_	_
père	O	O	O	O	O	O	_	_	NoSpaceAfter	_	_	_
,	O	O	O	O	O	O	_	_	_	_	_	_
je	O	O	O	O	O	O	_	_	_	_	_	_
vous	O	O	O	O	O	O	_	_	_	_	_	_
en	O	O	O	O	O	O	_	_	_	_	_	_
prie	O	O	O	O	O	O	_	_	NoSpaceAfter	_	_	_
!	O	O	O	O	O	O	_	_	_	_	_	_
dit	O	O	O	O	O	O	_	_	EndOfLine	_	_	_
# segment_iiif_link = https://iiif.eluxemburgensia.lu/iiif/2/ark:%2f70795%2fvf8bx0%2fpages%2f1/2770,4874,535,47/full/0/default.jpg
l	O	O	O	O	O	O	_	_	NoSpaceAfter	_	_	_
'	O	O	O	O	O	O	_	_	NoSpaceAfter	_	_	_
Orléanaiae	O	O	O	O	O	O	_	_	_	_	_	_
en	O	O	O	O	O	O	_	_	_	_	_	_
lui	O	O	O	O	O	O	_	_	_	_	_	_
saisissant	O	O	O	O	O	O	_	_	_	_	_	_
la	O	O	O	O	O	O	_	_	_	_	_	_
main	O	O	O	O	O	O	_	_	NoSpaceAfter	_	_	_
.	O	O	O	O	O	O	_	_	EndOfLine	_	_	_
# segment_iiif_link = https://iiif.eluxemburgensia.lu/iiif/2/ark:%2f70795%2fvf8bx0%2fpages%2f1/2808,4933,766,23/full/0/default.jpg
—	O	O	O	O	O	O	_	_	_	_	_	_
Fille	O	O	O	O	O	O	_	_	_	_	_	_
maudite	O	O	O	O	O	O	_	_	NoSpaceAfter	_	_	_
,	O	O	O	O	O	O	_	_	_	_	_	_
laisser	O	O	O	O	O	O	_	_	NoSpaceAfter	_	_	_
-	O	O	O	O	O	O	_	_	NoSpaceAfter	_	_	_
moi	O	O	O	O	O	O	_	_	_	_	_	_
!	O	O	O	O	O	O	_	_	_	_	_	_
laissez	O	O	O	O	O	O	_	_	NoSpaceAfter	_	_	_
-	O	O	O	O	O	O	_	_	NoSpaceAfter	_	_	_
moi	O	O	O	O	O	O	_	_	_	_	_	_
!	O	O	O	O	O	O	_	_	_	_	_	_
s	O	O	O	O	O	O	_	_	NoSpaceAfter	_	_	_
'	O	O	O	O	O	O	_	_	NoSpaceAfter	_	_	_
écria	O	O	O	O	O	O	_	_	EndOfLine	_	_	_
# segment_iiif_link = https://iiif.eluxemburgensia.lu/iiif/2/ark:%2f70795%2fvf8bx0%2fpages%2f1/2772,4958,804,47/full/0/default.jpg
le	O	O	O	O	O	O	_	_	_	_	_	_
vieillard	O	O	O	O	O	O	_	_	NoSpaceAfter	_	_	_
,	O	O	O	O	O	O	_	_	_	_	_	_
en	O	O	O	O	O	O	_	_	_	_	_	_
cherchant	O	O	O	O	O	O	_	_	_	_	_	_
à	O	O	O	O	O	O	_	_	_	_	_	_
se	O	O	O	O	O	O	_	_	_	_	_	_
dégager	O	O	O	O	O	O	_	_	_	_	_	_
de	O	O	O	O	O	O	_	_	_	_	_	_
l	O	O	O	O	O	O	_	_	NoSpaceAfter	_	_	_
'	O	O	O	O	O	O	_	_	NoSpaceAfter	_	_	_
étreinte	O	O	O	O	O	O	_	_	EndOfLine	_	_	_
# segment_iiif_link = https://iiif.eluxemburgensia.lu/iiif/2/ark:%2f70795%2fvf8bx0%2fpages%2f1/2772,5002,90,47/full/0/default.jpg
filiale	O	O	O	O	O	O	_	_	NoSpaceAfter	_	_	_
.	O	O	O	O	O	O	_	_	EndOfLine	_	_	_
# segment_iiif_link = https://iiif.eluxemburgensia.lu/iiif/2/ark:%2f70795%2fvf8bx0%2fpages%2f1/2807,5057,755,24/full/0/default.jpg
—	O	O	O	O	O	O	_	_	_	_	_	_
Non	O	O	O	O	O	O	_	_	NoSpaceAfter	_	_	_
,	O	O	O	O	O	O	_	_	_	_	_	_
mon	O	O	O	O	O	O	_	_	_	_	_	_
père	O	O	O	O	O	O	_	_	NoSpaceAfter	_	_	_
,	O	O	O	O	O	O	_	_	_	_	_	_
j	O	O	O	O	O	O	_	_	NoSpaceAfter	_	_	_
'	O	O	O	O	O	O	_	_	NoSpaceAfter	_	_	_
ai	O	O	O	O	O	O	_	_	_	_	_	_
eu	O	O	O	O	O	O	_	_	_	_	_	_
le	O	O	O	O	O	O	_	_	_	_	_	_
courage	O	O	O	O	O	O	_	_	EndOfLine	_	_	_
# segment_iiif_link = https://iiif.eluxemburgensia.lu/iiif/2/ark:%2f70795%2fvf8bx0%2fpages%2f1/2770,5090,803,43/full/0/default.jpg
d	O	O	O	O	O	O	_	_	NoSpaceAfter	_	_	_
'	O	O	O	O	O	O	_	_	NoSpaceAfter	_	_	_
affronter	O	O	O	O	O	O	_	_	_	_	_	_
votre	O	O	O	O	O	O	_	_	_	_	_	_
courroux	O	O	O	O	O	O	_	_	NoSpaceAfter	_	_	_
,	O	O	O	O	O	O	_	_	_	_	_	_
il	O	O	O	O	O	O	_	_	_	_	_	_
faut	O	O	O	O	O	O	_	_	_	_	_	_
que	O	O	O	O	O	O	_	_	_	_	_	_
vous	O	O	O	O	O	O	_	_	_	_	_	_
m	O	O	O	O	O	O	_	_	NoSpaceAfter	_	_	_
'	O	O	O	O	O	O	_	_	NoSpaceAfter	_	_	_
entendiez	O	O	O	O	O	O	_	_	NoSpaceAfter	_	_	_
!	O	O	O	O	O	O	_	_	EndOfLine	_	_	_
# segment_iiif_link = https://iiif.eluxemburgensia.lu/iiif/2/ark:%2f70795%2fvf8bx0%2fpages%2f1/2805,5142,749,25/full/0/default.jpg
—	O	O	O	O	O	O	_	_	_	_	_	_
Mm	O	O	O	O	O	O	_	_	_	_	_	_
ne	O	O	O	O	O	O	_	_	_	_	_	_
vois	O	O	O	O	O	O	_	_	NoSpaceAfter	_	_	_
-	O	O	O	O	O	O	_	_	NoSpaceAfter	_	_	_
tu	O	O	O	O	O	O	_	_	_	_	_	_
pas	O	O	O	O	O	O	_	_	_	_	_	_
quêta	O	O	O	O	O	O	_	_	_	_	_	_
présente	O	O	O	O	O	O	_	_	_	_	_	_
fait	O	O	O	O	O	O	_	_	EndOfLine	_	_	_
# segment_iiif_link = https://iiif.eluxemburgensia.lu/iiif/2/ark:%2f70795%2fvf8bx0%2fpages%2f1/2770,5175,655,43/full/0/default.jpg
monter	O	O	O	O	O	O	_	_	_	_	_	_
à	O	O	O	O	O	O	_	_	_	_	_	_
mon	O	O	O	O	O	O	_	_	_	_	_	_
front	O	O	O	O	O	O	_	_	_	_	_	_
la	O	O	O	O	O	O	_	_	_	_	_	_
rougeur	O	O	O	O	O	O	_	_	_	_	_	_
de	O	O	O	O	O	O	_	_	_	_	_	_
la	O	O	O	O	O	O	_	_	_	_	_	_
honte	O	O	O	O	O	O	_	_	NoSpaceAfter	_	_	_
!	O	O	O	O	O	O	_	_	EndOfLine	_	_	_
# segment_iiif_link = https://iiif.eluxemburgensia.lu/iiif/2/ark:%2f70795%2fvf8bx0%2fpages%2f1/2807,5230,765,25/full/0/default.jpg
—	O	O	O	O	O	O	_	_	_	_	_	_
Je	O	O	O	O	O	O	_	_	_	_	_	_
ne	O	O	O	O	O	O	_	_	_	_	_	_
suis	O	O	O	O	O	O	_	_	_	_	_	_
plus	O	O	O	O	O	O	_	_	_	_	_	_
la	O	O	O	O	O	O	_	_	_	_	_	_
maîtresse	O	O	O	O	O	O	_	_	_	_	_	_
du	O	O	O	O	O	O	_	_	_	_	_	_
roi	O	O	O	O	O	O	_	_	NoSpaceAfter	_	_	_
.	O	O	O	O	O	O	_	_	NoSpaceAfter	_	_	_
.	O	O	O	O	O	O	_	_	NoSpaceAfter	_	_	_
.	O	O	O	O	O	O	_	_	_	_	_	_
je	O	O	O	O	O	O	_	_	_	_	_	_
suis	O	O	O	O	O	O	_	_	EndOfLine	_	_	_
# segment_iiif_link = https://iiif.eluxemburgensia.lu/iiif/2/ark:%2f70795%2fvf8bx0%2fpages%2f1/2770,5267,802,38/full/0/default.jpg
une	O	O	O	O	O	O	_	_	_	_	_	_
fille	O	O	O	O	O	O	_	_	_	_	_	_
repentante	O	O	O	O	O	O	_	_	_	_	_	_
et	O	O	O	O	O	O	_	_	_	_	_	_
malheureuse	O	O	O	O	O	O	_	_	NoSpaceAfter	_	_	_
!	O	O	O	O	O	O	_	_	_	_	_	_
dit	O	O	O	O	O	O	_	_	_	_	_	_
Mai	O	O	O	O	O	O	_	_	_	_	_	_
.	O	O	O	O	O	O	_	_	NoSpaceAfter	_	_	_
e	O	O	O	O	O	O	_	_	_	_	_	_
d	O	O	O	O	O	O	_	_	NoSpaceAfter	_	_	_
'	O	O	O	O	O	O	_	_	NoSpaceAfter	_	_	_
un	O	O	O	O	O	O	_	_	EndOfLine	_	_	_
# segment_iiif_link = https://iiif.eluxemburgensia.lu/iiif/2/ark:%2f70795%2fvf8bx0%2fpages%2f1/2770,5305,803,43/full/0/default.jpg
ton	O	O	O	O	O	O	_	_	_	_	_	_
de	O	O	O	O	O	O	_	_	_	_	_	_
voix	O	O	O	O	O	O	_	_	_	_	_	_
indéfinissable	O	O	O	O	O	O	_	_	NoSpaceAfter	_	_	_
:	O	O	O	O	O	O	_	_	_	_	_	_
je	O	O	O	O	O	O	_	_	_	_	_	_
vous	O	O	O	O	O	O	_	_	_	_	_	_
demandegrac	O	O	O	O	O	O	_	_	NoSpaceAfter	_	_	_
«	O	O	O	O	O	O	_	_	EndOfLine	_	_	_
# segment_iiif_link = https://iiif.eluxemburgensia.lu/iiif/2/ark:%2f70795%2fvf8bx0%2fpages%2f1/2770,5348,125,45/full/0/default.jpg
•	O	O	O	O	O	O	_	_	NoSpaceAfter	_	_	_
t	O	O	O	O	O	O	_	_	_	_	_	_
pitié	O	O	O	O	O	O	_	_	NoSpaceAfter	_	_	_
!	O	O	O	O	O	O	_	_	EndOfLine	_	_	_
# segment_iiif_link = https://iiif.eluxemburgensia.lu/iiif/2/ark:%2f70795%2fvf8bx0%2fpages%2f1/2808,5388,752,50/full/0/default.jpg
Ce	O	O	O	O	O	O	_	_	NoSpaceAfter	_	_	_
»	O	O	O	O	O	O	_	_	_	_	_	_
mots	O	O	O	O	O	O	_	_	_	_	_	_
fondirent	O	O	O	O	O	O	_	_	_	_	_	_
en	O	O	O	O	O	O	_	_	_	_	_	_
un	O	O	O	O	O	O	_	_	_	_	_	_
instant	O	O	O	O	O	O	_	_	_	_	_	_
toute	O	O	O	O	O	O	_	_	NoSpaceAfter	_	_	_
,	O	O	O	O	O	O	_	_	EndOfLine	_	_	_
# segment_iiif_link = https://iiif.eluxemburgensia.lu/iiif/2/ark:%2f70795%2fvf8bx0%2fpages%2f1/153,5346,241,56/full/0/default.jpg
f	O	O	O	O	O	O	_	_	NoSpaceAfter	_	_	_
*	O	O	O	O	O	O	_	_	NoSpaceAfter	_	_	_
)	O	O	O	O	O	O	_	_	_	_	_	_
XVI	O	O	O	O	O	O	_	_	NoSpaceAfter	_	_	_
«	O	O	O	O	O	O	_	_	_	_	_	_
siiole	O	O	O	O	O	O	_	_	NoSpaceAfter	_	_	_
.	O	O	O	O	O	O	_	_	EndOfLine	_	_	_
# segment_iiif_link = https://iiif.eluxemburgensia.lu/iiif/2/ark:%2f70795%2fvf8bx0%2fpages%2f2/233,3768,482,40/full/0/default.jpg
.	O	O	O	O	O	O	_	_	NoSpaceAfter	_	_	_
»	O	O	O	O	O	O	_	_	NoSpaceAfter	_	_	_
iglace3	O	O	O	O	O	O	_	_	_	_	_	_
du	O	O	O	O	O	O	_	_	_	_	_	_
cœur	O	O	O	O	O	O	_	_	_	_	_	_
de	O	O	O	O	O	O	_	_	_	_	_	_
ce	O	O	O	O	O	O	_	_	_	_	_	_
père	O	O	O	O	O	O	_	_	_	_	_	_
irrité	O	O	O	O	O	O	_	_	NoSpaceAfter	_	_	_
.	O	O	O	O	O	O	_	_	EndOfLine	EndOfSentence	_	_
# segment_iiif_link = https://iiif.eluxemburgensia.lu/iiif/2/ark:%2f70795%2fvf8bx0%2fpages%2f2/328,3803,692,48/full/0/default.jpg
s	O	O	O	O	O	O	_	_	NoSpaceAfter	_	_	_
'	O	O	O	O	O	O	_	_	NoSpaceAfter	_	_	_
affaissa	O	O	O	O	O	O	_	_	_	_	_	_
plutôt	O	O	O	O	O	O	_	_	_	_	_	_
qu	O	O	O	O	O	O	_	_	NoSpaceAfter	_	_	_
'	O	O	O	O	O	O	_	_	NoSpaceAfter	_	_	_
il	O	O	O	O	O	O	_	_	_	_	_	_
ne	O	O	O	O	O	O	_	_	_	_	_	_
s	O	O	O	O	O	O	_	_	NoSpaceAfter	_	_	_
'	O	O	O	O	O	O	_	_	NoSpaceAfter	_	_	_
assit	O	O	O	O	O	O	_	_	_	_	_	_
sur	O	O	O	O	O	O	_	_	_	_	_	_
un	O	O	O	O	O	O	_	_	EndOfLine	_	_	_
# segment_iiif_link = https://iiif.eluxemburgensia.lu/iiif/2/ark:%2f70795%2fvf8bx0%2fpages%2f2/233,3848,640,50/full/0/default.jpg
escabeau	O	O	O	O	O	O	_	_	NoSpaceAfter	_	_	_
,	O	O	O	O	O	O	_	_	_	_	_	_
et	O	O	O	O	O	O	_	_	_	_	_	_
faisant	O	O	O	O	O	O	_	_	_	_	_	_
appel	O	O	O	O	O	O	_	_	_	_	_	_
à	O	O	O	O	O	O	_	_	_	_	_	_
son	O	O	O	O	O	O	_	_	_	_	_	_
courage	O	O	O	O	O	O	_	_	_	_	_	_
:	O	O	O	O	O	O	_	_	EndOfLine	_	_	_
# segment_iiif_link = https://iiif.eluxemburgensia.lu/iiif/2/ark:%2f70795%2fvf8bx0%2fpages%2f2/269,3901,673,24/full/0/default.jpg
—	O	O	O	O	O	O	_	_	_	_	_	_
Que	O	O	O	O	O	O	_	_	_	_	_	_
voulez	O	O	O	O	O	O	_	_	NoSpaceAfter	_	_	_
-	O	O	O	O	O	O	_	_	NoSpaceAfter	_	_	_
vous	O	O	O	O	O	O	_	_	_	_	_	_
de	O	O	O	O	O	O	_	_	_	_	_	_
mai	O	O	O	O	O	O	_	_	NoSpaceAfter	_	_	_
?	O	O	O	O	O	O	_	_	_	EndOfSentence	_	_
Parlez	O	O	O	O	O	O	_	_	NoSpaceAfter	_	_	_
,	O	O	O	O	O	O	_	_	_	_	_	_
dit	O	O	O	O	O	O	_	_	NoSpaceAfter	_	_	_
-	O	O	O	O	O	O	_	_	NoSpaceAfter	_	_	_
il	O	O	O	O	O	O	_	_	NoSpaceAfter	_	_	_
.	O	O	O	O	O	O	_	_	EndOfLine	EndOfSentence	_	_
# segment_iiif_link = https://iiif.eluxemburgensia.lu/iiif/2/ark:%2f70795%2fvf8bx0%2fpages%2f2/272,3946,765,23/full/0/default.jpg
—	O	O	O	O	O	O	_	_	_	_	_	_
Il	O	O	O	O	O	O	_	_	_	_	_	_
y	O	O	O	O	O	O	_	_	_	_	_	_
a	O	O	O	O	O	O	_	_	_	_	_	_
quelques	O	O	O	O	O	O	_	_	_	_	_	_
jours	O	O	O	O	O	O	_	_	NoSpaceAfter	_	_	_
,	O	O	O	O	O	O	_	_	_	_	_	_
reprit	O	O	O	O	O	O	_	_	_	_	_	_
Marie	O	O	O	O	O	O	_	_	NoSpaceAfter	_	_	_
,	O	O	O	O	O	O	_	_	_	_	_	_
subissant	O	O	O	O	O	O	_	_	EndOfLine	_	_	_
# segment_iiif_link = https://iiif.eluxemburgensia.lu/iiif/2/ark:%2f70795%2fvf8bx0%2fpages%2f2/233,3973,790,56/full/0/default.jpg
malgré	O	O	O	O	O	O	_	_	_	_	_	_
elle	O	O	O	O	O	O	_	_	_	_	_	_
une	O	O	O	O	O	O	_	_	_	_	_	_
émotion	O	O	O	O	O	O	_	_	_	_	_	_
poignante	O	O	O	O	O	O	_	_	NoSpaceAfter	_	_	_
,	O	O	O	O	O	O	_	_	_	_	_	_
je	O	O	O	O	O	O	_	_	_	_	_	_
vous	O	O	O	O	O	O	_	_	EndOfLine	_	_	_
# segment_iiif_link = https://iiif.eluxemburgensia.lu/iiif/2/ark:%2f70795%2fvf8bx0%2fpages%2f2/236,4018,801,51/full/0/default.jpg
rencontrai	O	O	O	O	O	O	_	_	NoSpaceAfter	_	_	_
,	O	O	O	O	O	O	_	_	_	_	_	_
et	O	O	O	O	O	O	_	_	NoSpaceAfter	_	_	_
.	O	O	O	O	O	O	_	_	NoSpaceAfter	_	_	_
.	O	O	O	O	O	O	_	_	NoSpaceAfter	_	_	_
.	O	O	O	O	O	O	_	_	_	_	_	_
je	O	O	O	O	O	O	_	_	_	_	_	_
sentis	O	O	O	O	O	O	_	_	_	_	_	_
tressaillir	O	O	O	O	O	O	_	_	_	_	_	_
toutes	O	O	O	O	O	O	_	_	_	_	_	_
les	O	O	O	O	O	O	_	_	_	_	_	_
fibres	O	O	O	O	O	O	_	_	EndOfLine	_	_	_
# segment_iiif_link = https://iiif.eluxemburgensia.lu/iiif/2/ark:%2f70795%2fvf8bx0%2fpages%2f2/236,4059,236,48/full/0/default.jpg
de	O	O	O	O	O	O	_	_	_	_	_	_
mon	O	O	O	O	O	O	_	_	_	_	_	_
cœur	O	O	O	O	O	O	_	_	NoSpaceAfter	_	_	_
.	O	O	O	O	O	O	_	_	NoSpaceAfter	_	_	_
.	O	O	O	O	O	O	_	_	NoSpaceAfter	_	_	_
.	O	O	O	O	O	O	_	_	EndOfLine	EndOfSentence	_	_
# segment_iiif_link = https://iiif.eluxemburgensia.lu/iiif/2/ark:%2f70795%2fvf8bx0%2fpages%2f2/270,4104,769,44/full/0/default.jpg
Le	O	O	O	O	O	O	_	_	_	_	_	_
vieillard	O	O	O	O	O	O	_	_	_	_	_	_
hacha	O	O	O	O	O	O	_	_	_	_	_	_
la	O	O	O	O	O	O	_	_	_	_	_	_
tète	O	O	O	O	O	O	_	_	_	_	_	_
en	O	O	O	O	O	O	_	_	_	_	_	_
signe	O	O	O	O	O	O	_	_	_	_	_	_
d	O	O	O	O	O	O	_	_	NoSpaceAfter	_	_	_
'	O	O	O	O	O	O	_	_	NoSpaceAfter	_	_	_
incrédulité	O	O	O	O	O	O	_	_	NoSpaceAfter	_	_	_
.	O	O	O	O	O	O	_	_	EndOfLine	EndOfSentence	_	_
# segment_iiif_link = https://iiif.eluxemburgensia.lu/iiif/2/ark:%2f70795%2fvf8bx0%2fpages%2f2/270,4161,766,24/full/0/default.jpg
—	O	O	O	O	O	O	_	_	_	_	_	_
Oh	O	O	O	O	O	O	_	_	NoSpaceAfter	_	_	_
!	O	O	O	O	O	O	_	_	_	_	_	_
ne	O	O	O	O	O	O	_	_	_	_	_	_
doutez	O	O	O	O	O	O	_	_	_	_	_	_
pas	O	O	O	O	O	O	_	_	_	_	_	_
de	O	O	O	O	O	O	_	_	_	_	_	_
mes	O	O	O	O	O	O	_	_	_	_	_	_
paroles	O	O	O	O	O	O	_	_	NoSpaceAfter	_	_	_
.	O	O	O	O	O	O	_	_	NoSpaceAfter	_	_	_
.	O	O	O	O	O	O	_	_	NoSpaceAfter	_	_	_
.	O	O	O	O	O	O	_	_	_	EndOfSentence	_	_
La	O	O	O	O	O	O	_	_	_	_	_	_
vue	O	O	O	O	O	O	_	_	EndOfLine	_	_	_
# segment_iiif_link = https://iiif.eluxemburgensia.lu/iiif/2/ark:%2f70795%2fvf8bx0%2fpages%2f2/237,4189,800,45/full/0/default.jpg
d	O	O	O	O	O	O	_	_	NoSpaceAfter	_	_	_
'	O	O	O	O	O	O	_	_	NoSpaceAfter	_	_	_
un	O	O	O	O	O	O	_	_	_	_	_	_
père	O	O	O	O	O	O	_	_	_	_	_	_
a	O	O	O	O	O	O	_	_	_	_	_	_
le	O	O	O	O	O	O	_	_	_	_	_	_
privilège	O	O	O	O	O	O	_	_	_	_	_	_
de	O	O	O	O	O	O	_	_	_	_	_	_
réveiller	O	O	O	O	O	O	_	_	_	_	_	_
les	O	O	O	O	O	O	_	_	_	_	_	_
sentiments	O	O	O	O	O	O	_	_	EndOfLine	_	_	_
# segment_iiif_link = https://iiif.eluxemburgensia.lu/iiif/2/ark:%2f70795%2fvf8bx0%2fpages%2f2/233,4231,531,47/full/0/default.jpg
endor	O	O	O	O	O	O	_	_	_	_	_	_
is	O	O	O	O	O	O	_	_	_	_	_	_
dans	O	O	O	O	O	O	_	_	_	_	_	_
l	O	O	O	O	O	O	_	_	NoSpaceAfter	_	_	_
'	O	O	O	O	O	O	_	_	NoSpaceAfter	_	_	_
âme	O	O	O	O	O	O	_	_	_	_	_	_
d	O	O	O	O	O	O	_	_	NoSpaceAfter	_	_	_
'	O	O	O	O	O	O	_	_	NoSpaceAfter	_	_	_
un	O	O	O	O	O	O	_	_	_	_	_	_
enfant	O	O	O	O	O	O	_	_	NoSpaceAfter	_	_	_
.	O	O	O	O	O	O	_	_	EndOfLine	EndOfSentence	_	_
# segment_iiif_link = https://iiif.eluxemburgensia.lu/iiif/2/ark:%2f70795%2fvf8bx0%2fpages%2f2/276,4287,749,24/full/0/default.jpg
—	O	O	O	O	O	O	_	_	_	_	_	_
N	O	O	O	O	O	O	_	_	NoSpaceAfter	_	_	_
'	O	O	O	O	O	O	_	_	NoSpaceAfter	_	_	_
étaient	O	O	O	O	O	O	_	_	NoSpaceAfter	_	_	_
-	O	O	O	O	O	O	_	_	NoSpaceAfter	_	_	_
ils	O	O	O	O	O	O	_	_	_	_	_	_
doue	O	O	O	O	O	O	_	_	_	_	_	_
pas	O	O	O	O	O	O	_	_	_	_	_	_
morts	O	O	O	O	O	O	_	_	_	_	_	_
en	O	O	O	O	O	O	_	_	_	_	_	_
toi	O	O	O	O	O	O	_	_	NoSpaceAfter	_	_	_
,	O	O	O	O	O	O	_	_	_	_	_	_
ces	O	O	O	O	O	O	_	_	EndOfLine	_	_	_
# segment_iiif_link = https://iiif.eluxemburgensia.lu/iiif/2/ark:%2f70795%2fvf8bx0%2fpages%2f2/237,4317,800,45/full/0/default.jpg
sentiments	O	O	O	O	O	O	_	_	NoSpaceAfter	_	_	_
,	O	O	O	O	O	O	_	_	_	_	_	_
le	O	O	O	O	O	O	_	_	_	_	_	_
jour	O	O	O	O	O	O	_	_	_	_	_	_
où	O	O	O	O	O	O	_	_	_	_	_	_
tu	O	O	O	O	O	O	_	_	_	_	_	_
quittas	O	O	O	O	O	O	_	_	_	_	_	_
la	O	O	O	O	O	O	_	_	_	_	_	_
maison	O	O	O	O	O	O	_	_	_	_	_	_
paternelle	O	O	O	O	O	O	_	_	EndOfLine	_	_	_
# segment_iiif_link = https://iiif.eluxemburgensia.lu/iiif/2/ark:%2f70795%2fvf8bx0%2fpages%2f2/237,4368,802,43/full/0/default.jpg
pour	O	O	O	O	O	O	_	_	_	_	_	_
monter	O	O	O	O	O	O	_	_	_	_	_	_
sur	O	O	O	O	O	O	_	_	_	_	_	_
le	O	O	O	O	O	O	_	_	_	_	_	_
parois	O	O	O	O	O	O	_	_	_	_	_	_
de	O	O	O	O	O	O	_	_	_	_	_	_
la	O	O	O	O	O	O	_	_	_	_	_	_
débauche	O	O	O	O	O	O	_	_	_	_	_	_
et	O	O	O	O	O	O	_	_	_	_	_	_
de	O	O	O	O	O	O	_	_	EndOfLine	_	_	_
# segment_iiif_link = https://iiif.eluxemburgensia.lu/iiif/2/ark:%2f70795%2fvf8bx0%2fpages%2f2/235,4403,142,47/full/0/default.jpg
l	O	O	O	O	O	O	_	_	NoSpaceAfter	_	_	_
'	O	O	O	O	O	O	_	_	NoSpaceAfter	_	_	_
infamie	O	O	O	O	O	O	_	_	_	_	_	_
I	O	O	O	O	O	O	_	_	EndOfLine	_	_	_
# segment_iiif_link = https://iiif.eluxemburgensia.lu/iiif/2/ark:%2f70795%2fvf8bx0%2fpages%2f2/271,4446,686,44/full/0/default.jpg
L	O	O	O	O	O	O	_	_	NoSpaceAfter	_	_	_
'	O	O	O	O	O	O	_	_	NoSpaceAfter	_	_	_
Orlùanaise	O	O	O	O	O	O	_	_	_	_	_	_
cacha	O	O	O	O	O	O	_	_	_	_	_	_
sa	O	O	O	O	O	O	_	_	_	_	_	_
tête	O	O	O	O	O	O	_	_	_	_	_	_
dans	O	O	O	O	O	O	_	_	_	_	_	_
ses	O	O	O	O	O	O	_	_	_	_	_	_
mains	O	O	O	O	O	O	_	_	NoSpaceAfter	_	_	_
.	O	O	O	O	O	O	_	_	EndOfLine	EndOfSentence	_	_
# segment_iiif_link = https://iiif.eluxemburgensia.lu/iiif/2/ark:%2f70795%2fvf8bx0%2fpages%2f2/272,4489,545,45/full/0/default.jpg
Mois	O	O	O	O	O	O	_	_	_	_	_	_
réprimant	O	O	O	O	O	O	_	_	_	_	_	_
aussitôt	O	O	O	O	O	O	_	_	_	_	_	_
sa	O	O	O	O	O	O	_	_	_	_	_	_
honte	O	O	O	O	O	O	_	_	_	_	_	_
:	O	O	O	O	O	O	_	_	EndOfLine	_	_	_
# segment_iiif_link = https://iiif.eluxemburgensia.lu/iiif/2/ark:%2f70795%2fvf8bx0%2fpages%2f2/274,4544,762,22/full/0/default.jpg
—	O	O	O	O	O	O	_	_	_	_	_	_
Je	O	O	O	O	O	O	_	_	_	_	_	_
viens	O	O	O	O	O	O	_	_	_	_	_	_
vous	O	O	O	O	O	O	_	_	_	_	_	_
demander	O	O	O	O	O	O	_	_	_	_	_	_
pardon	O	O	O	O	O	O	_	_	NoSpaceAfter	_	_	_
,	O	O	O	O	O	O	_	_	_	_	_	_
mon	O	O	O	O	O	O	_	_	_	_	_	_
père	O	O	O	O	O	O	_	_	NoSpaceAfter	_	_	_
,	O	O	O	O	O	O	_	_	EndOfLine	_	_	_
# segment_iiif_link = https://iiif.eluxemburgensia.lu/iiif/2/ark:%2f70795%2fvf8bx0%2fpages%2f2/239,4569,657,47/full/0/default.jpg
de	O	O	O	O	O	O	_	_	_	_	_	_
tout	O	O	O	O	O	O	_	_	_	_	_	_
le	O	O	O	O	O	O	_	_	_	_	_	_
chagrin	O	O	O	O	O	O	_	_	_	_	_	_
que	O	O	O	O	O	O	_	_	_	_	_	_
je	O	O	O	O	O	O	_	_	_	_	_	_
vous	O	O	O	O	O	O	_	_	_	_	_	_
ai	O	O	O	O	O	O	_	_	_	_	_	_
causé	O	O	O	O	O	O	_	_	NoSpaceAfter	_	_	_
.	O	O	O	O	O	O	_	_	EndOfLine	EndOfSentence	_	_
# segment_iiif_link = https://iiif.eluxemburgensia.lu/iiif/2/ark:%2f70795%2fvf8bx0%2fpages%2f2/276,4626,764,23/full/0/default.jpg
—	O	O	O	O	O	O	_	_	_	_	_	_
Le	O	O	O	O	O	O	_	_	_	_	_	_
déshonneur	O	O	O	O	O	O	_	_	_	_	_	_
de	O	O	O	O	O	O	_	_	_	_	_	_
ma	O	O	O	O	O	O	_	_	_	_	_	_
maison	O	O	O	O	O	O	_	_	_	_	_	_
a	O	O	O	O	O	O	_	_	_	_	_	_
été	O	O	O	O	O	O	_	_	_	_	_	_
consommé	O	O	O	O	O	O	_	_	NoSpaceAfter	_	_	_
;	O	O	O	O	O	O	_	_	EndOfLine	_	_	_
# segment_iiif_link = https://iiif.eluxemburgensia.lu/iiif/2/ark:%2f70795%2fvf8bx0%2fpages%2f2/237,4663,783,41/full/0/default.jpg
mes	O	O	O	O	O	O	_	_	_	_	_	_
lèvres	O	O	O	O	O	O	_	_	_	_	_	_
ne	O	O	O	O	O	O	_	_	_	_	_	_
sauraient	O	O	O	O	O	O	_	_	_	_	_	_
rétracter	O	O	O	O	O	O	_	_	_	_	_	_
la	O	O	O	O	O	O	_	_	_	_	_	_
malédiction	O	O	O	O	O	O	_	_	NoSpaceAfter	_	_	_
.	O	O	O	O	O	O	_	_	EndOfLine	EndOfSentence	_	_
# segment_iiif_link = https://iiif.eluxemburgensia.lu/iiif/2/ark:%2f70795%2fvf8bx0%2fpages%2f2/276,4712,764,23/full/0/default.jpg
—	O	O	O	O	O	O	_	_	_	_	_	_
Oui	O	O	O	O	O	O	_	_	NoSpaceAfter	_	_	_
.	O	O	O	O	O	O	_	_	NoSpaceAfter	_	_	_
.	O	O	O	O	O	O	_	_	NoSpaceAfter	_	_	_
.	O	O	O	O	O	O	_	_	_	_	_	_
c	O	O	O	O	O	O	_	_	NoSpaceAfter	_	_	_
'	O	O	O	O	O	O	_	_	NoSpaceAfter	_	_	_
est	O	O	O	O	O	O	_	_	_	_	_	_
vrai	O	O	O	O	O	O	_	_	NoSpaceAfter	_	_	_
!	O	O	O	O	O	O	_	_	NoSpaceAfter	EndOfSentence	_	_
.	O	O	O	O	O	O	_	_	NoSpaceAfter	_	_	_
.	O	O	O	O	O	O	_	_	NoSpaceAfter	_	_	_
.	O	O	O	O	O	O	_	_	_	_	_	_
je	O	O	O	O	O	O	_	_	_	_	_	_
suis	O	O	O	O	O	O	_	_	_	_	_	_
une	O	O	O	O	O	O	_	_	_	_	_	_
fille	O	O	O	O	O	O	_	_	_	_	_	_
maudite	O	O	O	O	O	O	_	_	NoSpaceAfter	_	_	_
.	O	O	O	O	O	O	_	_	NoSpaceAfter	_	_	_
.	O	O	O	O	O	O	_	_	NoSpaceAfter	_	_	_
.	O	O	O	O	O	O	_	_	EndOfLine	_	_	_
# segment_iiif_link = https://iiif.eluxemburgensia.lu/iiif/2/ark:%2f70795%2fvf8bx0%2fpages%2f2/237,4744,802,48/full/0/default.jpg
les	O	O	O	O	O	O	_	_	_	_	_	_
passions	O	O	O	O	O	O	_	_	_	_	_	_
m	O	O	O	O	O	O	_	_	NoSpaceAfter	_	_	_
'	O	O	O	O	O	O	_	_	NoSpaceAfter	_	_	_
ont	O	O	O	O	O	O	_	_	_	_	_	_
perdue	O	O	O	O	O	O	_	_	NoSpaceAfter	_	_	_
.	O	O	O	O	O	O	_	_	NoSpaceAfter	_	_	_
.	O	O	O	O	O	O	_	_	NoSpaceAfter	_	_	_
.	O	O	O	O	O	O	_	_	_	_	_	_
j	O	O	O	O	O	O	_	_	NoSpaceAfter	_	_	_
'	O	O	O	O	O	O	_	_	NoSpaceAfter	_	_	_
ai	O	O	O	O	O	O	_	_	_	_	_	_
été	O	O	O	O	O	O	_	_	_	_	_	_
entraînée	O	O	O	O	O	O	_	_	_	_	_	_
par	O	O	O	O	O	O	_	_	EndOfLine	_	_	_
# segment_iiif_link = https://iiif.eluxemburgensia.lu/iiif/2/ark:%2f70795%2fvf8bx0%2fpages%2f2/239,4794,801,40/full/0/default.jpg
une	O	O	O	O	O	O	_	_	_	_	_	_
ambition	O	O	O	O	O	O	_	_	_	_	_	_
dont	O	O	O	O	O	O	_	_	_	_	_	_
je	O	O	O	O	O	O	_	_	_	_	_	_
ne	O	O	O	O	O	O	_	_	_	_	_	_
me	O	O	O	O	O	O	_	_	_	_	_	_
rendais	O	O	O	O	O	O	_	_	_	_	_	_
pas	O	O	O	O	O	O	_	_	_	_	_	_
compte	O	O	O	O	O	O	_	_	NoSpaceAfter	_	_	_
.	O	O	O	O	O	O	_	_	NoSpaceAfter	_	_	_
.	O	O	O	O	O	O	_	_	NoSpaceAfter	_	_	_
.	O	O	O	O	O	O	_	_	EndOfLine	EndOfSentence	_	_
# segment_iiif_link = https://iiif.eluxemburgensia.lu/iiif/2/ark:%2f70795%2fvf8bx0%2fpages%2f2/236,4831,801,45/full/0/default.jpg
Oh	O	O	O	O	O	O	_	_	_	_	_	_
!	O	O	O	O	O	O	_	_	_	_	_	_
mon	O	O	O	O	O	O	_	_	_	_	_	_
père	O	O	O	O	O	O	_	_	NoSpaceAfter	_	_	_
,	O	O	O	O	O	O	_	_	_	_	_	_
mon	O	O	O	O	O	O	_	_	_	_	_	_
père	O	O	O	O	O	O	_	_	NoSpaceAfter	_	_	_
,	O	O	O	O	O	O	_	_	_	_	_	_
voyez	O	O	O	O	O	O	_	_	_	_	_	_
mon	O	O	O	O	O	O	_	_	_	_	_	_
repentir	O	O	O	O	O	O	_	_	_	_	_	_
et	O	O	O	O	O	O	_	_	EndOfLine	_	_	_
# segment_iiif_link = https://iiif.eluxemburgensia.lu/iiif/2/ark:%2f70795%2fvf8bx0%2fpages%2f2/237,4881,803,38/full/0/default.jpg
mes	O	O	O	O	O	O	_	_	_	_	_	_
!	O	O	O	O	O	O	_	_	EndOfLine	EndOfSentence	_	_
# segment_iiif_link = https://iiif.eluxemburgensia.lu/iiif/2/ark:%2f70795%2fvf8bx0%2fpages%2f2/271,4931,768,25/full/0/default.jpg
—	O	O	O	O	O	O	_	_	_	_	_	_
Co	O	O	O	O	O	O	_	_	_	_	_	_
ne	O	O	O	O	O	O	_	_	_	_	_	_
sont	O	O	O	O	O	O	_	_	_	_	_	_
pas	O	O	O	O	O	O	_	_	_	_	_	_
encore	O	O	O	O	O	O	_	_	_	_	_	_
des	O	O	O	O	O	O	_	_	_	_	_	_
larmes	O	O	O	O	O	O	_	_	_	_	_	_
de	O	O	O	O	O	O	_	_	_	_	_	_
sang	O	O	O	O	O	O	_	_	NoSpaceAfter	_	_	_
,	O	O	O	O	O	O	_	_	EndOfLine	_	_	_
# segment_iiif_link = https://iiif.eluxemburgensia.lu/iiif/2/ark:%2f70795%2fvf8bx0%2fpages%2f2/236,4967,571,38/full/0/default.jpg
comme	O	O	O	O	O	O	_	_	_	_	_	_
celles	O	O	O	O	O	O	_	_	_	_	_	_
que	O	O	O	O	O	O	_	_	_	_	_	_
j	O	O	O	O	O	O	_	_	NoSpaceAfter	_	_	_
'	O	O	O	O	O	O	_	_	NoSpaceAfter	_	_	_
ai	O	O	O	O	O	O	_	_	_	_	_	_
versées	O	O	O	O	O	O	_	_	NoSpaceAfter	_	_	_
,	O	O	O	O	O	O	_	_	_	_	_	_
moi	O	O	O	O	O	O	_	_	NoSpaceAfter	_	_	_
!	O	O	O	O	O	O	_	_	EndOfLine	EndOfSentence	_	_
# segment_iiif_link = https://iiif.eluxemburgensia.lu/iiif/2/ark:%2f70795%2fvf8bx0%2fpages%2f2/272,5018,749,23/full/0/default.jpg
—	O	O	O	O	O	O	_	_	_	_	_	_
Mais	O	O	O	O	O	O	_	_	_	_	_	_
si	O	O	O	O	O	O	_	_	_	_	_	_
je	O	O	O	O	O	O	_	_	_	_	_	_
vous	O	O	O	O	O	O	_	_	_	_	_	_
domandais	O	O	O	O	O	O	_	_	NoSpaceAfter	_	_	_
,	O	O	O	O	O	O	_	_	_	_	_	_
suppliante	O	O	O	O	O	O	_	_	_	_	_	_
et	O	O	O	O	O	O	_	_	EndOfLine	_	_	_
# segment_iiif_link = https://iiif.eluxemburgensia.lu/iiif/2/ark:%2f70795%2fvf8bx0%2fpages%2f2/237,5043,799,54/full/0/default.jpg
humilié	O	O	O	O	O	O	_	_	NoSpaceAfter	_	_	_
,	O	O	O	O	O	O	_	_	_	_	_	_
de	O	O	O	O	O	O	_	_	_	_	_	_
m	O	O	O	O	O	O	_	_	NoSpaceAfter	_	_	_
'	O	O	O	O	O	O	_	_	NoSpaceAfter	_	_	_
ouvrir	O	O	O	O	O	O	_	_	_	_	_	_
la	O	O	O	O	O	O	_	_	_	_	_	_
maison	O	O	O	O	O	O	_	_	_	_	_	_
paternelle	O	O	O	O	O	O	_	_	NoSpaceAfter	_	_	_
,	O	O	O	O	O	O	_	_	_	_	_	_
et	O	O	O	O	O	O	_	_	_	_	_	_
de	O	O	O	O	O	O	_	_	_	_	_	_
m	O	O	O	O	O	O	_	_	NoSpaceAfter	_	_	_
'	O	O	O	O	O	O	_	_	NoSpaceAfter	_	_	_
y	O	O	O	O	O	O	_	_	EndOfLine	_	_	_
# segment_iiif_link = https://iiif.eluxemburgensia.lu/iiif/2/ark:%2f70795%2fvf8bx0%2fpages%2f2/238,5085,640,45/full/0/default.jpg
traiter	O	O	O	O	O	O	_	_	_	_	_	_
comme	O	O	O	O	O	O	_	_	_	_	_	_
votre	O	O	O	O	O	O	_	_	_	_	_	_
servante	O	O	O	O	O	O	_	_	NoSpaceAfter	_	_	_
.	O	O	O	O	O	O	_	_	NoSpaceAfter	_	_	_
.	O	O	O	O	O	O	_	_	NoSpaceAfter	_	_	_
.	O	O	O	O	O	O	_	_	_	_	_	_
dites	O	O	O	O	O	O	_	_	NoSpaceAfter	_	_	_
,	O	O	O	O	O	O	_	_	_	_	_	_
me	O	O	O	O	O	O	_	_	EndOfLine	_	_	_
# segment_iiif_link = _
recev	O	O	O	O	O	O	_	_	EndOfLine|NoSpaceAfter	_	_	_
# segment_iiif_link = https://iiif.eluxemburgensia.lu/iiif/2/ark:%2f70795%2fvf8bx0%2fpages%2f2/274,5186,749,24/full/0/default.jpg
riezvous	O	O	O	O	O	O	_	_	NoSpaceAfter	_	_	_
?	O	O	O	O	O	O	_	_	_	EndOfSentence	_	_
—	O	O	O	O	O	O	_	_	_	_	_	_
Jamaisl	O	O	O	O	O	O	_	_	_	_	_	_
L	O	O	O	O	O	O	_	_	NoSpaceAfter	_	_	_
'	O	O	O	O	O	O	_	_	NoSpaceAfter	_	_	_
ombre	O	O	O	O	O	O	_	_	_	_	_	_
de	O	O	O	O	O	O	_	_	_	_	_	_
votre	O	O	O	O	O	O	_	_	_	_	_	_
mère	O	O	O	O	O	O	_	_	_	_	_	_
vous	O	O	O	O	O	O	_	_	EndOfLine	_	_	_
# segment_iiif_link = https://iiif.eluxemburgensia.lu/iiif/2/ark:%2f70795%2fvf8bx0%2fpages%2f2/236,5214,803,47/full/0/default.jpg
chasserait	O	O	O	O	O	O	_	_	_	_	_	_
du	O	O	O	O	O	O	_	_	_	_	_	_
sanctuaire	O	O	O	O	O	O	_	_	_	_	_	_
de	O	O	O	O	O	O	_	_	_	_	_	_
la	O	O	O	O	O	O	_	_	_	_	_	_
famille	O	O	O	O	O	O	_	_	NoSpaceAfter	_	_	_
,	O	O	O	O	O	O	_	_	_	_	_	_
si	O	O	O	O	O	O	_	_	_	_	_	_
je	O	O	O	O	O	O	_	_	_	_	_	_
n	O	O	O	O	O	O	_	_	NoSpaceAfter	_	_	_
'	O	O	O	O	O	O	_	_	NoSpaceAfter	_	_	_
avais	O	O	O	O	O	O	_	_	_	_	_	_
le	O	O	O	O	O	O	_	_	EndOfLine	_	_	_
# segment_iiif_link = https://iiif.eluxemburgensia.lu/iiif/2/ark:%2f70795%2fvf8bx0%2fpages%2f2/235,5264,491,47/full/0/default.jpg
courage	O	O	O	O	O	O	_	_	_	_	_	_
de	O	O	O	O	O	O	_	_	_	_	_	_
le	O	O	O	O	O	O	_	_	_	_	_	_
faire	O	O	O	O	O	O	_	_	_	_	_	_
moi	O	O	O	O	O	O	_	_	NoSpaceAfter	_	_	_
-	O	O	O	O	O	O	_	_	NoSpaceAfter	_	_	_
même	O	O	O	O	O	O	_	_	NoSpaceAfter	_	_	_
!	O	O	O	O	O	O	_	_	EndOfLine	EndOfSentence	_	_
# segment_iiif_link = https://iiif.eluxemburgensia.lu/iiif/2/ark:%2f70795%2fvf8bx0%2fpages%2f2/270,5315,478,24/full/0/default.jpg
—	O	O	O	O	O	O	_	_	_	_	_	_
Oh	O	O	O	O	O	O	_	_	NoSpaceAfter	_	_	_
!	O	O	O	O	O	O	_	_	_	_	_	_
vous	O	O	O	O	O	O	_	_	_	_	_	_
êtes	O	O	O	O	O	O	_	_	_	_	_	_
impitoyable	O	O	O	O	O	O	_	_	NoSpaceAfter	_	_	_
!	O	O	O	O	O	O	_	_	EndOfLine	EndOfSentence	_	_
# segment_iiif_link = https://iiif.eluxemburgensia.lu/iiif/2/ark:%2f70795%2fvf8bx0%2fpages%2f2/270,5358,770,23/full/0/default.jpg
—	O	O	O	O	O	O	_	_	_	_	_	_
Si	O	O	O	O	O	O	_	_	_	_	_	_
l	O	O	O	O	O	O	_	_	NoSpaceAfter	_	_	_
'	O	O	O	O	O	O	_	_	NoSpaceAfter	_	_	_
enfant	O	O	O	O	O	O	_	_	_	_	_	_
maudite	O	O	O	O	O	O	_	_	_	_	_	_
n	O	O	O	O	O	O	_	_	NoSpaceAfter	_	_	_
'	O	O	O	O	O	O	_	_	NoSpaceAfter	_	_	_
a	O	O	O	O	O	O	_	_	_	_	_	_
pas	O	O	O	O	O	O	_	_	_	_	_	_
d	O	O	O	O	O	O	_	_	NoSpaceAfter	_	_	_
'	O	O	O	O	O	O	_	_	NoSpaceAfter	_	_	_
autre	O	O	O	O	O	O	_	_	_	_	_	_
but	O	O	O	O	O	O	_	_	NoSpaceAfter	_	_	_
,	O	O	O	O	O	O	_	_	_	_	_	_
en	O	O	O	O	O	O	_	_	EndOfLine	_	_	_
# segment_iiif_link = https://iiif.eluxemburgensia.lu/iiif/2/ark:%2f70795%2fvf8bx0%2fpages%2f2/236,5388,803,44/full/0/default.jpg
venant	O	O	O	O	O	O	_	_	_	_	_	_
ici	O	O	O	O	O	O	_	_	NoSpaceAfter	_	_	_
,	O	O	O	O	O	O	_	_	_	_	_	_
que	O	O	O	O	O	O	_	_	_	_	_	_
d	O	O	O	O	O	O	_	_	NoSpaceAfter	_	_	_
'	O	O	O	O	O	O	_	_	NoSpaceAfter	_	_	_
exiger	O	O	O	O	O	O	_	_	_	_	_	_
le	O	O	O	O	O	O	_	_	_	_	_	_
pardon	O	O	O	O	O	O	_	_	_	_	_	_
d	O	O	O	O	O	O	_	_	NoSpaceAfter	_	_	_
'	O	O	O	O	O	O	_	_	NoSpaceAfter	_	_	_
une	O	O	O	O	O	O	_	_	_	_	_	_
conduite	O	O	O	O	O	O	_	_	EndOfLine	_	_	_
# segment_iiif_link = https://iiif.eluxemburgensia.lu/iiif/2/ark:%2f70795%2fvf8bx0%2fpages%2f2/1113,3791,791,53/full/0/default.jpg
odieuse	O	O	O	O	O	O	_	_	NoSpaceAfter	_	_	_
,	O	O	O	O	O	O	_	_	_	_	_	_
qu	O	O	O	O	O	O	_	_	NoSpaceAfter	_	_	_
'	O	O	O	O	O	O	_	_	NoSpaceAfter	_	_	_
elle	O	O	O	O	O	O	_	_	_	_	_	_
sorte	O	O	O	O	O	O	_	_	_	_	_	_
à	O	O	O	O	O	O	_	_	_	_	_	_
l	O	O	O	O	O	O	_	_	NoSpaceAfter	_	_	_
'	O	O	O	O	O	O	_	_	NoSpaceAfter	_	_	_
instant	O	O	O	O	O	O	_	_	NoSpaceAfter	_	_	_
!	O	O	O	O	O	O	_	_	NoSpaceAfter	EndOfSentence	_	_
.	O	O	O	O	O	O	_	_	NoSpaceAfter	_	_	_
.	O	O	O	O	O	O	_	_	NoSpaceAfter	_	_	_
.	O	O	O	O	O	O	_	_	_	_	_	_
son	O	O	O	O	O	O	_	_	_	_	_	_
père	O	O	O	O	O	O	_	_	EndOfLine	_	_	_
# segment_iiif_link = https://iiif.eluxemburgensia.lu/iiif/2/ark:%2f70795%2fvf8bx0%2fpages%2f2/1113,3833,807,47/full/0/default.jpg
l	O	O	O	O	O	O	_	_	NoSpaceAfter	_	_	_
'	O	O	O	O	O	O	_	_	NoSpaceAfter	_	_	_
ordonne	O	O	O	O	O	O	_	_	NoSpaceAfter	_	_	_
!	O	O	O	O	O	O	_	_	_	EndOfSentence	_	_
Adieu	O	O	O	O	O	O	_	_	_	_	_	_
!	O	O	O	O	O	O	_	_	EndOfLine	EndOfSentence	_	_
# segment_iiif_link = https://iiif.eluxemburgensia.lu/iiif/2/ark:%2f70795%2fvf8bx0%2fpages%2f2/1150,3877,764,47/full/0/default.jpg
Marie	O	O	O	O	O	O	_	_	_	_	_	_
Touchet	O	O	O	O	O	O	_	_	_	_	_	_
redressa	O	O	O	O	O	O	_	_	_	_	_	_
sa	O	O	O	O	O	O	_	_	_	_	_	_
tête	O	O	O	O	O	O	_	_	_	_	_	_
courhée	O	O	O	O	O	O	_	_	_	_	_	_
par	O	O	O	O	O	O	_	_	_	_	_	_
1	O	O	O	O	O	O	_	_	NoSpaceAfter	_	_	_
»	O	O	O	O	O	O	_	_	EndOfLine	_	_	_
# segment_iiif_link = https://iiif.eluxemburgensia.lu/iiif/2/ark:%2f70795%2fvf8bx0%2fpages%2f2/1113,3921,179,53/full/0/default.jpg
prostration	O	O	O	O	O	O	_	_	NoSpaceAfter	_	_	_
.	O	O	O	O	O	O	_	_	EndOfLine	EndOfSentence	_	_
# segment_iiif_link = https://iiif.eluxemburgensia.lu/iiif/2/ark:%2f70795%2fvf8bx0%2fpages%2f2/1149,3962,771,48/full/0/default.jpg
Et	O	O	O	O	O	O	_	_	_	_	_	_
comme	O	O	O	O	O	O	_	_	_	_	_	_
répondant	O	O	O	O	O	O	_	_	_	_	_	_
à	O	O	O	O	O	O	_	_	_	_	_	_
une	O	O	O	O	O	O	_	_	_	_	_	_
pensée	O	O	O	O	O	O	_	_	_	_	_	_
intime	O	O	O	O	O	O	_	_	_	_	_	_
:	O	O	O	O	O	O	_	_	EndOfLine	_	_	_
# segment_iiif_link = https://iiif.eluxemburgensia.lu/iiif/2/ark:%2f70795%2fvf8bx0%2fpages%2f2/1150,4020,767,25/full/0/default.jpg
—	O	O	O	O	O	O	_	_	_	_	_	_
Eh	O	O	O	O	O	O	_	_	_	_	_	_
bien	O	O	O	O	O	O	_	_	NoSpaceAfter	_	_	_
,	O	O	O	O	O	O	_	_	_	_	_	_
oui	O	O	O	O	O	O	_	_	NoSpaceAfter	_	_	_
,	O	O	O	O	O	O	_	_	_	_	_	_
dit	O	O	O	O	O	O	_	_	NoSpaceAfter	_	_	_
-	O	O	O	O	O	O	_	_	NoSpaceAfter	_	_	_
elle	O	O	O	O	O	O	_	_	NoSpaceAfter	_	_	_
,	O	O	O	O	O	O	_	_	_	_	_	_
j	O	O	O	O	O	O	_	_	NoSpaceAfter	_	_	_
'	O	O	O	O	O	O	_	_	NoSpaceAfter	_	_	_
avais	O	O	O	O	O	O	_	_	_	_	_	_
un	O	O	O	O	O	O	_	_	_	_	_	_
autre	O	O	O	O	O	O	_	_	_	_	_	_
but	O	O	O	O	O	O	_	_	EndOfLine	_	_	_
# segment_iiif_link = https://iiif.eluxemburgensia.lu/iiif/2/ark:%2f70795%2fvf8bx0%2fpages%2f2/1113,4055,802,40/full/0/default.jpg
en	O	O	O	O	O	O	_	_	_	_	_	_
venant	O	O	O	O	O	O	_	_	_	_	_	_
ici	O	O	O	O	O	O	_	_	NoSpaceAfter	_	_	_
.	O	O	O	O	O	O	_	_	NoSpaceAfter	EndOfSentence	_	_
—	O	O	O	O	O	O	_	_	NoSpaceAfter	_	_	_
Ma	O	O	O	O	O	O	_	_	_	_	_	_
mère	O	O	O	O	O	O	_	_	_	_	_	_
était	O	O	O	O	O	O	_	_	_	_	_	_
catholique	O	O	O	O	O	O	_	_	_	_	_	_
et	O	O	O	O	O	O	_	_	_	_	_	_
m	O	O	O	O	O	O	_	_	NoSpaceAfter	_	_	_
'	O	O	O	O	O	O	_	_	NoSpaceAfter	_	_	_
a	O	O	O	O	O	O	_	_	EndOfLine	_	_	_
# segment_iiif_link = https://iiif.eluxemburgensia.lu/iiif/2/ark:%2f70795%2fvf8bx0%2fpages%2f2/1112,4093,802,53/full/0/default.jpg
élevée	O	O	O	O	O	O	_	_	NoSpaceAfter	_	_	_
,	O	O	O	O	O	O	_	_	_	_	_	_
moi	O	O	O	O	O	O	_	_	NoSpaceAfter	_	_	_
,	O	O	O	O	O	O	_	_	_	_	_	_
dans	O	O	O	O	O	O	_	_	_	_	_	_
les	O	O	O	O	O	O	_	_	_	_	_	_
dogmes	O	O	O	O	O	O	_	_	_	_	_	_
de	O	O	O	O	O	O	_	_	_	_	_	_
sa	O	O	O	O	O	O	_	_	_	_	_	_
sainte	O	O	O	O	O	O	_	_	_	_	_	_
croyance	O	O	O	O	O	O	_	_	NoSpaceAfter	_	_	_
;	O	O	O	O	O	O	_	_	EndOfLine	_	_	_
# segment_iiif_link = https://iiif.eluxemburgensia.lu/iiif/2/ark:%2f70795%2fvf8bx0%2fpages%2f2/1113,4143,585,45/full/0/default.jpg
vous	O	O	O	O	O	O	_	_	NoSpaceAfter	_	_	_
,	O	O	O	O	O	O	_	_	_	_	_	_
mon	O	O	O	O	O	O	_	_	_	_	_	_
père	O	O	O	O	O	O	_	_	NoSpaceAfter	_	_	_
,	O	O	O	O	O	O	_	_	_	_	_	_
vous	O	O	O	O	O	O	_	_	_	_	_	_
êtes	O	O	O	O	O	O	_	_	_	_	_	_
huguenot	O	O	O	O	O	O	_	_	NoSpaceAfter	_	_	_
.	O	O	O	O	O	O	_	_	EndOfLine	EndOfSentence	_	_
# segment_iiif_link = https://iiif.eluxemburgensia.lu/iiif/2/ark:%2f70795%2fvf8bx0%2fpages%2f2/1150,4192,768,24/full/0/default.jpg
—	O	O	O	O	O	O	_	_	_	_	_	_
Silence	O	O	O	O	O	O	_	_	NoSpaceAfter	_	_	_
,	O	O	O	O	O	O	_	_	_	_	_	_
malheureuse	O	O	O	O	O	O	_	_	NoSpaceAfter	_	_	_
!	O	O	O	O	O	O	_	_	_	_	_	_
interrompit	O	O	O	O	O	O	_	_	_	_	_	_
Jérôme	O	O	O	O	O	O	_	_	_	_	_	_
en	O	O	O	O	O	O	_	_	EndOfLine	_	_	_
# segment_iiif_link = https://iiif.eluxemburgensia.lu/iiif/2/ark:%2f70795%2fvf8bx0%2fpages%2f2/1113,4221,389,55/full/0/default.jpg
regardant	O	O	O	O	O	O	_	_	_	_	_	_
autour	O	O	O	O	O	O	_	_	_	_	_	_
de	O	O	O	O	O	O	_	_	_	_	_	_
lui	O	O	O	O	O	O	_	_	NoSpaceAfter	_	_	_
.	O	O	O	O	O	O	_	_	EndOfLine	EndOfSentence	_	_
# segment_iiif_link = https://iiif.eluxemburgensia.lu/iiif/2/ark:%2f70795%2fvf8bx0%2fpages%2f2/1151,4278,766,25/full/0/default.jpg
—	O	O	O	O	O	O	_	_	_	_	_	_
Vous	O	O	O	O	O	O	_	_	_	_	_	_
êtes	O	O	O	O	O	O	_	_	_	_	_	_
huguenot	O	O	O	O	O	O	_	_	NoSpaceAfter	_	_	_
,	O	O	O	O	O	O	_	_	_	_	_	_
continua	O	O	O	O	O	O	_	_	_	_	_	_
Marie	O	O	O	O	O	O	_	_	NoSpaceAfter	_	_	_
,	O	O	O	O	O	O	_	_	_	_	_	_
et	O	O	O	O	O	O	_	_	_	_	_	_
je	O	O	O	O	O	O	_	_	EndOfLine	_	_	_
# segment_iiif_link = https://iiif.eluxemburgensia.lu/iiif/2/ark:%2f70795%2fvf8bx0%2fpages%2f2/1114,4307,802,45/full/0/default.jpg
viens	O	O	O	O	O	O	_	_	_	_	_	_
vous	O	O	O	O	O	O	_	_	_	_	_	_
dire	O	O	O	O	O	O	_	_	_	_	_	_
:	O	O	O	O	O	O	_	_	_	_	_	_
fuyez	O	O	O	O	O	O	_	_	_	_	_	_
de	O	O	O	O	O	O	_	_	_	_	_	_
Paris	O	O	O	O	O	O	_	_	NoSpaceAfter	_	_	_
,	O	O	O	O	O	O	_	_	_	_	_	_
car	O	O	O	O	O	O	_	_	_	_	_	_
des	O	O	O	O	O	O	_	_	_	_	_	_
drames	O	O	O	O	O	O	_	_	EndOfLine	_	_	_
# segment_iiif_link = https://iiif.eluxemburgensia.lu/iiif/2/ark:%2f70795%2fvf8bx0%2fpages%2f2/1114,4347,375,53/full/0/default.jpg
sangl	O	O	O	O	O	O	_	_	_	_	_	_
:	O	O	O	O	O	O	_	_	NoSpaceAfter	_	_	_
cts	O	O	O	O	O	O	_	_	_	_	_	_
s	O	O	O	O	O	O	_	_	NoSpaceAfter	_	_	_
'	O	O	O	O	O	O	_	_	NoSpaceAfter	_	_	_
y	O	O	O	O	O	O	_	_	_	_	_	_
préparent	O	O	O	O	O	O	_	_	NoSpaceAfter	_	_	_
.	O	O	O	O	O	O	_	_	EndOfLine	EndOfSentence	_	_
# segment_iiif_link = https://iiif.eluxemburgensia.lu/iiif/2/ark:%2f70795%2fvf8bx0%2fpages%2f2/1150,4405,752,25/full/0/default.jpg
—	O	O	O	O	O	O	_	_	_	_	_	_
Vos	O	O	O	O	O	O	_	_	_	_	_	_
conseils	O	O	O	O	O	O	_	_	_	_	_	_
doivent	O	O	O	O	O	O	_	_	_	_	_	_
être	O	O	O	O	O	O	_	_	_	_	_	_
perfides	O	O	O	O	O	O	_	_	_	_	_	_
comme	O	O	O	O	O	O	_	_	EndOfLine	_	_	_
# segment_iiif_link = https://iiif.eluxemburgensia.lu/iiif/2/ark:%2f70795%2fvf8bx0%2fpages%2f2/1112,4439,803,42/full/0/default.jpg
votre	O	O	O	O	O	O	_	_	_	_	_	_
prétendue	O	O	O	O	O	O	_	_	_	_	_	_
affection	O	O	O	O	O	O	_	_	_	_	_	_
filiale	O	O	O	O	O	O	_	_	NoSpaceAfter	_	_	_
.	O	O	O	O	O	O	_	_	NoSpaceAfter	_	_	_
.	O	O	O	O	O	O	_	_	NoSpaceAfter	_	_	_
.	O	O	O	O	O	O	_	_	_	EndOfSentence	_	_
Je	O	O	O	O	O	O	_	_	_	_	_	_
ne	O	O	O	O	O	O	_	_	_	_	_	_
veux	O	O	O	O	O	O	_	_	_	_	_	_
pas	O	O	O	O	O	O	_	_	_	_	_	_
de	O	O	O	O	O	O	_	_	EndOfLine	_	_	_
# segment_iiif_link = https://iiif.eluxemburgensia.lu/iiif/2/ark:%2f70795%2fvf8bx0%2fpages%2f2/1111,4487,593,38/full/0/default.jpg
vos	O	O	O	O	O	O	_	_	_	_	_	_
conseils	O	O	O	O	O	O	_	_	NoSpaceAfter	_	_	_
,	O	O	O	O	O	O	_	_	_	_	_	_
laissez	O	O	O	O	O	O	_	_	NoSpaceAfter	_	_	_
-	O	O	O	O	O	O	_	_	NoSpaceAfter	_	_	_
moi	O	O	O	O	O	O	_	_	_	_	_	_
!	O	O	O	O	O	O	_	_	_	_	_	_
laissez	O	O	O	O	O	O	_	_	NoSpaceAfter	_	_	_
-	O	O	O	O	O	O	_	_	NoSpaceAfter	_	_	_
moi	O	O	O	O	O	O	_	_	NoSpaceAfter	_	_	_
!	O	O	O	O	O	O	_	_	EndOfLine	EndOfSentence	_	_
# segment_iiif_link = https://iiif.eluxemburgensia.lu/iiif/2/ark:%2f70795%2fvf8bx0%2fpages%2f2/1151,4536,766,23/full/0/default.jpg
—	O	O	O	O	O	O	_	_	_	_	_	_
Je	O	O	O	O	O	O	_	_	_	_	_	_
vous	O	O	O	O	O	O	_	_	_	_	_	_
préserverai	O	O	O	O	O	O	_	_	_	_	_	_
malgré	O	O	O	O	O	O	_	_	_	_	_	_
vous	O	O	O	O	O	O	_	_	NoSpaceAfter	_	_	_
,	O	O	O	O	O	O	_	_	_	_	_	_
mon	O	O	O	O	O	O	_	_	_	_	_	_
père	O	O	O	O	O	O	_	_	NoSpaceAfter	_	_	_
,	O	O	O	O	O	O	_	_	EndOfLine	_	_	_
# segment_iiif_link = https://iiif.eluxemburgensia.lu/iiif/2/ark:%2f70795%2fvf8bx0%2fpages%2f2/1117,4563,799,47/full/0/default.jpg
des	O	O	O	O	O	O	_	_	_	_	_	_
périls	O	O	O	O	O	O	_	_	_	_	_	_
qui	O	O	O	O	O	O	_	_	_	_	_	_
menacent	O	O	O	O	O	O	_	_	_	_	_	_
les	O	O	O	O	O	O	_	_	_	_	_	_
adeptes	O	O	O	O	O	O	_	_	_	_	_	_
de	O	O	O	O	O	O	_	_	_	_	_	_
la	O	O	O	O	O	O	_	_	_	_	_	_
religion	O	O	O	O	O	O	_	_	EndOfLine	_	_	_
# segment_iiif_link = https://iiif.eluxemburgensia.lu/iiif/2/ark:%2f70795%2fvf8bx0%2fpages%2f2/1117,4607,141,45/full/0/default.jpg
réformée	O	O	O	O	O	O	_	_	NoSpaceAfter	_	_	_
;	O	O	O	O	O	O	_	_	NoSpaceAfter	_	_	_
.	O	O	O	O	O	O	_	_	EndOfLine	EndOfSentence	_	_
# segment_iiif_link = https://iiif.eluxemburgensia.lu/iiif/2/ark:%2f70795%2fvf8bx0%2fpages%2f2/1150,4664,767,24/full/0/default.jpg
—	O	O	O	O	O	O	_	_	_	_	_	_
Me	O	O	O	O	O	O	_	_	_	_	_	_
protéger	O	O	O	O	O	O	_	_	NoSpaceAfter	_	_	_
,	O	O	O	O	O	O	_	_	_	_	_	_
vous	O	O	O	O	O	O	_	_	NoSpaceAfter	_	_	_
.	O	O	O	O	O	O	_	_	NoSpaceAfter	_	_	_
.	O	O	O	O	O	O	_	_	NoSpaceAfter	_	_	_
.	O	O	O	O	O	O	_	_	_	_	_	_
qui	O	O	O	O	O	O	_	_	_	_	_	_
ave	O	O	O	O	O	O	_	_	NoSpaceAfter	_	_	_
«	O	O	O	O	O	O	_	_	_	_	_	_
avili	O	O	O	O	O	O	_	_	_	_	_	_
mon	O	O	O	O	O	O	_	_	_	_	_	_
nom	O	O	O	O	O	O	_	_	NoSpaceAfter	_	_	_
,	O	O	O	O	O	O	_	_	EndOfLine	_	_	_
# segment_iiif_link = https://iiif.eluxemburgensia.lu/iiif/2/ark:%2f70795%2fvf8bx0%2fpages%2f2/1116,4693,790,51/full/0/default.jpg
qui	O	O	O	O	O	O	_	_	_	_	_	_
avez	O	O	O	O	O	O	_	_	_	_	_	_
traîné	O	O	O	O	O	O	_	_	_	_	_	_
mon	O	O	O	O	O	O	_	_	_	_	_	_
honneur	O	O	O	O	O	O	_	_	_	_	_	_
sur	O	O	O	O	O	O	_	_	_	_	_	_
la	O	O	O	O	O	O	_	_	_	_	_	_
claie	O	O	O	O	O	O	_	_	_	_	_	_
de	O	O	O	O	O	O	_	_	EndOfLine	_	_	_
# segment_iiif_link = https://iiif.eluxemburgensia.lu/iiif/2/ark:%2f70795%2fvf8bx0%2fpages%2f2/1114,4735,787,48/full/0/default.jpg
l	O	O	O	O	O	O	_	_	NoSpaceAfter	_	_	_
'	O	O	O	O	O	O	_	_	NoSpaceAfter	_	_	_
infamie	O	O	O	O	O	O	_	_	NoSpaceAfter	_	_	_
!	O	O	O	O	O	O	_	_	NoSpaceAfter	EndOfSentence	_	_
.	O	O	O	O	O	O	_	_	NoSpaceAfter	_	_	_
.	O	O	O	O	O	O	_	_	NoSpaceAfter	_	_	_
.	O	O	O	O	O	O	_	_	_	EndOfSentence	_	_
Non	O	O	O	O	O	O	_	_	NoSpaceAfter	_	_	_
,	O	O	O	O	O	O	_	_	_	_	_	_
je	O	O	O	O	O	O	_	_	_	_	_	_
ne	O	O	O	O	O	O	_	_	_	_	_	_
puis	O	O	O	O	O	O	_	_	_	_	_	_
croire	O	O	O	O	O	O	_	_	_	_	_	_
à	O	O	O	O	O	O	_	_	_	_	_	_
tant	O	O	O	O	O	O	_	_	_	_	_	_
do	O	O	O	O	O	O	_	_	EndOfLine	_	_	_
# segment_iiif_link = https://iiif.eluxemburgensia.lu/iiif/2/ark:%2f70795%2fvf8bx0%2fpages%2f2/1116,4778,804,45/full/0/default.jpg
grandeur	O	O	O	O	O	O	_	_	_	_	_	_
d	O	O	O	O	O	O	_	_	NoSpaceAfter	_	_	_
'	O	O	O	O	O	O	_	_	NoSpaceAfter	_	_	_
àme	O	O	O	O	O	O	_	_	_	_	_	_
de	O	O	O	O	O	O	_	_	_	_	_	_
votre	O	O	O	O	O	O	_	_	_	_	_	_
part	O	O	O	O	O	O	_	_	NoSpaceAfter	_	_	_
.	O	O	O	O	O	O	_	_	NoSpaceAfter	_	_	_
.	O	O	O	O	O	O	_	_	NoSpaceAfter	_	_	_
.	O	O	O	O	O	O	_	_	_	EndOfSentence	_	_
Vous	O	O	O	O	O	O	_	_	_	_	_	_
mentez	O	O	O	O	O	O	_	_	_	_	_	_
encore	O	O	O	O	O	O	_	_	NoSpaceAfter	_	_	_
,	O	O	O	O	O	O	_	_	EndOfLine	_	_	_
# segment_iiif_link = https://iiif.eluxemburgensia.lu/iiif/2/ark:%2f70795%2fvf8bx0%2fpages%2f2/1113,4828,513,42/full/0/default.jpg
comme	O	O	O	O	O	O	_	_	_	_	_	_
jadis	O	O	O	O	O	O	_	_	_	_	_	_
vous	O	O	O	O	O	O	_	_	_	_	_	_
m	O	O	O	O	O	O	_	_	NoSpaceAfter	_	_	_
'	O	O	O	O	O	O	_	_	NoSpaceAfter	_	_	_
avez	O	O	O	O	O	O	_	_	_	_	_	_
menti	O	O	O	O	O	O	_	_	NoSpaceAfter	_	_	_
!	O	O	O	O	O	O	_	_	EndOfLine	EndOfSentence	_	_
# segment_iiif_link = https://iiif.eluxemburgensia.lu/iiif/2/ark:%2f70795%2fvf8bx0%2fpages%2f2/1150,4878,768,24/full/0/default.jpg
—	O	O	O	O	O	O	_	_	_	_	_	_
Mentir	O	O	O	O	O	O	_	_	_	_	_	_
en	O	O	O	O	O	O	_	_	_	_	_	_
co	O	O	O	O	O	O	_	_	_	_	_	_
moment	O	O	O	O	O	O	_	_	NoSpaceAfter	_	_	_
.	O	O	O	O	O	O	_	_	NoSpaceAfter	_	_	_
.	O	O	O	O	O	O	_	_	NoSpaceAfter	_	_	_
.	O	O	O	O	O	O	_	_	_	_	_	_
moi	O	O	O	O	O	O	_	_	NoSpaceAfter	_	_	_
!	O	O	O	O	O	O	_	_	_	_	_	_
oh	O	O	O	O	O	O	_	_	NoSpaceAfter	_	_	_
!	O	O	O	O	O	O	_	_	_	_	_	_
vous	O	O	O	O	O	O	_	_	_	_	_	_
êies	O	O	O	O	O	O	_	_	EndOfLine	_	_	_
# segment_iiif_link = https://iiif.eluxemburgensia.lu/iiif/2/ark:%2f70795%2fvf8bx0%2fpages%2f2/1113,4904,787,57/full/0/default.jpg
implacable	O	O	O	O	O	O	_	_	NoSpaceAfter	_	_	_
!	O	O	O	O	O	O	_	_	_	EndOfSentence	_	_
Mon	O	O	O	O	O	O	_	_	_	_	_	_
père	O	O	O	O	O	O	_	_	NoSpaceAfter	_	_	_
,	O	O	O	O	O	O	_	_	_	_	_	_
votre	O	O	O	O	O	O	_	_	_	_	_	_
existence	O	O	O	O	O	O	_	_	_	_	_	_
est	O	O	O	O	O	O	_	_	_	_	_	_
en	O	O	O	O	O	O	_	_	EndOfLine	_	_	_
# segment_iiif_link = https://iiif.eluxemburgensia.lu/iiif/2/ark:%2f70795%2fvf8bx0%2fpages%2f2/1112,4957,456,45/full/0/default.jpg
danger	O	O	O	O	O	O	_	_	NoSpaceAfter	_	_	_
,	O	O	O	O	O	O	_	_	_	_	_	_
et	O	O	O	O	O	O	_	_	_	_	_	_
je	O	O	O	O	O	O	_	_	_	_	_	_
veux	O	O	O	O	O	O	_	_	_	_	_	_
vous	O	O	O	O	O	O	_	_	_	_	_	_
sauver	O	O	O	O	O	O	_	_	NoSpaceAfter	_	_	_
.	O	O	O	O	O	O	_	_	EndOfLine	EndOfSentence	_	_
# segment_iiif_link = https://iiif.eluxemburgensia.lu/iiif/2/ark:%2f70795%2fvf8bx0%2fpages%2f2/1150,5006,768,24/full/0/default.jpg
—	O	O	O	O	O	O	_	_	_	_	_	_
C	O	O	O	O	O	O	_	_	NoSpaceAfter	_	_	_
'	O	O	O	O	O	O	_	_	NoSpaceAfter	_	_	_
est	O	O	O	O	O	O	_	_	_	_	_	_
inutile	O	O	O	O	O	O	_	_	NoSpaceAfter	_	_	_
;	O	O	O	O	O	O	_	_	_	_	_	_
si	O	O	O	O	O	O	_	_	_	_	_	_
l	O	O	O	O	O	O	_	_	_	_	_	_
a	O	O	O	O	O	O	_	_	_	_	_	_
Providence	O	O	O	O	O	O	_	_	_	_	_	_
me	O	O	O	O	O	O	_	_	_	_	_	_
réserve	O	O	O	O	O	O	_	_	_	_	_	_
de	O	O	O	O	O	O	_	_	EndOfLine	_	_	_
# segment_iiif_link = https://iiif.eluxemburgensia.lu/iiif/2/ark:%2f70795%2fvf8bx0%2fpages%2f2/1112,5036,805,44/full/0/default.jpg
boire	O	O	O	O	O	O	_	_	_	_	_	_
le	O	O	O	O	O	O	_	_	_	_	_	_
calice	O	O	O	O	O	O	_	_	_	_	_	_
d	O	O	O	O	O	O	_	_	NoSpaceAfter	_	_	_
'	O	O	O	O	O	O	_	_	NoSpaceAfter	_	_	_
amertume	O	O	O	O	O	O	_	_	_	_	_	_
jusqu	O	O	O	O	O	O	_	_	NoSpaceAfter	_	_	_
'	O	O	O	O	O	O	_	_	NoSpaceAfter	_	_	_
à	O	O	O	O	O	O	_	_	_	_	_	_
la	O	O	O	O	O	O	_	_	_	_	_	_
lie	O	O	O	O	O	O	_	_	NoSpaceAfter	_	_	_
,	O	O	O	O	O	O	_	_	_	_	_	_
il	O	O	O	O	O	O	_	_	_	_	_	_
vous	O	O	O	O	O	O	_	_	EndOfLine	_	_	_
# segment_iiif_link = https://iiif.eluxemburgensia.lu/iiif/2/ark:%2f70795%2fvf8bx0%2fpages%2f2/1113,5078,805,54/full/0/default.jpg
appartient	O	O	O	O	O	O	_	_	_	_	_	_
moins	O	O	O	O	O	O	_	_	_	_	_	_
qu	O	O	O	O	O	O	_	_	NoSpaceAfter	_	_	_
'	O	O	O	O	O	O	_	_	NoSpaceAfter	_	_	_
à	O	O	O	O	O	O	_	_	_	_	_	_
tout	O	O	O	O	O	O	_	_	_	_	_	_
autre	O	O	O	O	O	O	_	_	_	_	_	_
de	O	O	O	O	O	O	_	_	_	_	_	_
détourner	O	O	O	O	O	O	_	_	_	_	_	_
la	O	O	O	O	O	O	_	_	EndOfLine	_	_	_
# segment_iiif_link = https://iiif.eluxemburgensia.lu/iiif/2/ark:%2f70795%2fvf8bx0%2fpages%2f2/1113,5128,481,45/full/0/default.jpg
coupe	O	O	O	O	O	O	_	_	_	_	_	_
de	O	O	O	O	O	O	_	_	_	_	_	_
mes	O	O	O	O	O	O	_	_	_	_	_	_
lèvres	O	O	O	O	O	O	_	_	NoSpaceAfter	_	_	_
.	O	O	O	O	O	O	_	_	NoSpaceAfter	_	_	_
.	O	O	O	O	O	O	_	_	NoSpaceAfter	_	_	_
.	O	O	O	O	O	O	_	_	_	EndOfSentence	_	_
Sortez	O	O	O	O	O	O	_	_	NoSpaceAfter	_	_	_
!	O	O	O	O	O	O	_	_	EndOfLine	EndOfSentence	_	_
# segment_iiif_link = https://iiif.eluxemburgensia.lu/iiif/2/ark:%2f70795%2fvf8bx0%2fpages%2f2/1151,5163,754,47/full/0/default.jpg
Ces	O	O	O	O	O	O	_	_	_	_	_	_
mots	O	O	O	O	O	O	_	_	_	_	_	_
étaient	O	O	O	O	O	O	_	_	_	_	_	_
sans	O	O	O	O	O	O	_	_	_	_	_	_
réplique	O	O	O	O	O	O	_	_	_	_	_	_
pour	O	O	O	O	O	O	_	_	EndOfLine	_	_	_
# segment_iiif_link = https://iiif.eluxemburgensia.lu/iiif/2/ark:%2f70795%2fvf8bx0%2fpages%2f2/1114,5207,309,45/full/0/default.jpg
l	O	O	O	O	O	O	_	_	NoSpaceAfter	_	_	_
'	O	O	O	O	O	O	_	_	NoSpaceAfter	_	_	_
ex	O	O	O	O	O	O	_	_	NoSpaceAfter	_	_	_
-	O	O	O	O	O	O	_	_	NoSpaceAfter	_	_	_
favorite	O	O	O	O	O	O	_	_	_	_	_	_
de	O	O	O	O	O	O	_	_	_	_	_	_
Charles	O	O	O	O	O	O	_	_	_	_	_	_
IX	O	O	O	O	O	O	_	_	NoSpaceAfter	_	_	_
.	O	O	O	O	O	O	_	_	EndOfLine	EndOfSentence	_	_
# segment_iiif_link = https://iiif.eluxemburgensia.lu/iiif/2/ark:%2f70795%2fvf8bx0%2fpages%2f2/1150,5250,537,47/full/0/default.jpg
Jérôme	O	O	O	O	O	O	_	_	_	_	_	_
lui	O	O	O	O	O	O	_	_	_	_	_	_
fit	O	O	O	O	O	O	_	_	_	_	_	_
un	O	O	O	O	O	O	_	_	_	_	_	_
geste	O	O	O	O	O	O	_	_	_	_	_	_
impératif	O	O	O	O	O	O	_	_	NoSpaceAfter	_	_	_
.	O	O	O	O	O	O	_	_	EndOfLine	EndOfSentence	_	_
# segment_iiif_link = https://iiif.eluxemburgensia.lu/iiif/2/ark:%2f70795%2fvf8bx0%2fpages%2f2/1331,5298,540,55/full/0/default.jpg
(	O	O	O	O	O	O	_	_	NoSpaceAfter	_	_	_
La	O	O	O	O	O	O	_	_	_	_	_	_
suite	O	O	O	O	O	O	_	_	_	_	_	_
à	O	O	O	O	O	O	_	_	_	_	_	_
un	O	O	O	O	O	O	_	_	_	_	_	_
prochain	O	O	O	O	O	O	_	_	_	_	_	_
numéro	O	O	O	O	O	O	_	_	NoSpaceAfter	_	_	_
.	O	O	O	O	O	O	_	_	NoSpaceAfter	_	_	_
)	O	O	O	O	O	O	_	_	EndOfLine	EndOfSentence	_	_

# language = fr
# newspaper = courriergdl
# date = 1864-12-15
# document_id = courriergdl-1864-12-15-a-i0005
# news-agency-as-source = _
# segment_iiif_link = https://iiif.eluxemburgensia.lu/iiif/2/ark:%2f70795%2fvf8bx0%2fpages%2f1/316,3742,432,54/full/0/default.jpg
FEUILLETON	O	O	O	O	O	O	_	_	NoSpaceAfter	_	_	_
.	I-pers	O	I-pers.ind.articleauthor	O	O	O	_	_	EndOfLine	EndOfSentence	_	_
# segment_iiif_link = https://iiif.eluxemburgensia.lu/iiif/2/ark:%2f70795%2fvf8bx0%2fpages%2f1/124,3848,799,22/full/0/default.jpg
LE	O	O	O	O	O	O	_	_	_	_	_	_
TUEUR	O	O	O	O	O	O	_	_	_	_	_	_
DU	O	O	O	O	O	O	_	_	_	_	_	_
ROI	O	O	O	O	O	O	_	_	_	_	_	_
(	O	O	O	O	O	O	_	_	NoSpaceAfter	_	_	_
*	O	O	O	O	O	O	_	_	NoSpaceAfter	_	_	_
)	O	O	O	O	O	O	_	_	EndOfLine	_	_	_
# segment_iiif_link = https://iiif.eluxemburgensia.lu/iiif/2/ark:%2f70795%2fvf8bx0%2fpages%2f1/316,3941,56,49/full/0/default.jpg
par	O	O	O	O	O	O	_	_	EndOfLine	_	_	_
# segment_iiif_link = https://iiif.eluxemburgensia.lu/iiif/2/ark:%2f70795%2fvf8bx0%2fpages%2f1/388,3927,331,50/full/0/default.jpg
TURPIN	O	O	O	O	O	O	_	_	_	_	LED0.00	_
DE	O	O	O	O	O	O	_	_	_	_	LED0.00	_
SANSAY	O	O	O	O	O	O	_	_	EndOfLine	_	LED0.00	_
# segment_iiif_link = https://iiif.eluxemburgensia.lu/iiif/2/ark:%2f70795%2fvf8bx0%2fpages%2f1/308,4006,428,53/full/0/default.jpg
PREMIERE	O	O	O	O	O	O	_	_	_	_	_	_
PARTIE	O	O	O	O	O	O	_	_	EndOfLine	_	_	_
# segment_iiif_link = https://iiif.eluxemburgensia.lu/iiif/2/ark:%2f70795%2fvf8bx0%2fpages%2f1/498,4093,48,47/full/0/default.jpg
IX	O	O	O	O	O	O	_	_	NoSpaceAfter	_	_	_
.	O	O	O	O	O	O	_	_	EndOfLine	EndOfSentence	_	_
# segment_iiif_link = https://iiif.eluxemburgensia.lu/iiif/2/ark:%2f70795%2fvf8bx0%2fpages%2f1/368,4135,301,49/full/0/default.jpg
Un	O	O	O	O	O	O	_	_	_	_	_	_
éclair	O	O	O	O	O	O	_	_	_	_	_	_
du	O	O	O	O	O	O	_	_	_	_	_	_
passé	O	O	O	O	O	O	_	_	NoSpaceAfter	_	_	_
.	O	O	O	O	O	O	_	_	EndOfLine	EndOfSentence	_	_
# segment_iiif_link = https://iiif.eluxemburgensia.lu/iiif/2/ark:%2f70795%2fvf8bx0%2fpages%2f1/449,4183,111,54/full/0/default.jpg
(	O	O	O	O	O	O	_	_	NoSpaceAfter	_	_	_
Suite	O	O	O	O	O	O	_	_	NoSpaceAfter	_	_	_
.	O	O	O	O	O	O	_	_	NoSpaceAfter	_	_	_
)	O	O	O	O	O	O	_	_	EndOfLine	EndOfSentence	_	_
# segment_iiif_link = https://iiif.eluxemburgensia.lu/iiif/2/ark:%2f70795%2fvf8bx0%2fpages%2f1/157,4231,764,50/full/0/default.jpg
On	O	O	O	O	O	O	_	_	_	_	_	_
7	O	O	O	O	O	O	_	_	_	_	_	_
pénétrait	O	O	O	O	O	O	_	_	_	_	_	_
par	O	O	O	O	O	O	_	_	_	_	_	_
un	O	O	O	O	O	O	_	_	_	_	_	_
couloir	O	O	O	O	O	O	_	_	_	_	_	_
aboutissant	O	O	O	O	O	O	_	_	_	_	_	_
h	O	O	O	O	O	O	_	_	_	_	_	_
un	O	O	O	O	O	O	_	_	EndOfLine	_	_	_
# segment_iiif_link = https://iiif.eluxemburgensia.lu/iiif/2/ark:%2f70795%2fvf8bx0%2fpages%2f1/121,4274,802,54/full/0/default.jpg
demi	O	O	O	O	O	O	_	_	NoSpaceAfter	_	_	_
-	O	O	O	O	O	O	_	_	NoSpaceAfter	_	_	_
cercle	O	O	O	O	O	O	_	_	NoSpaceAfter	_	_	_
,	O	O	O	O	O	O	_	_	_	_	_	_
autour	O	O	O	O	O	O	_	_	_	_	_	_
duquel	O	O	O	O	O	O	_	_	_	_	_	_
se	O	O	O	O	O	O	_	_	_	_	_	_
trouvaient	O	O	O	O	O	O	_	_	_	_	_	_
plusieurs	O	O	O	O	O	O	_	_	EndOfLine	_	_	_
# segment_iiif_link = https://iiif.eluxemburgensia.lu/iiif/2/ark:%2f70795%2fvf8bx0%2fpages%2f1/124,4328,101,49/full/0/default.jpg
portes	O	O	O	O	O	O	_	_	NoSpaceAfter	_	_	_
.	O	O	O	O	O	O	_	_	EndOfLine	EndOfSentence	_	_
# segment_iiif_link = https://iiif.eluxemburgensia.lu/iiif/2/ark:%2f70795%2fvf8bx0%2fpages%2f1/157,4368,765,47/full/0/default.jpg
L	O	O	O	O	O	O	_	_	NoSpaceAfter	_	_	_
'	O	O	O	O	O	O	_	_	NoSpaceAfter	_	_	_
issue	O	O	O	O	O	O	_	_	_	_	_	_
de	O	O	O	O	O	O	_	_	_	_	_	_
droite	O	O	O	O	O	O	_	_	_	_	_	_
communiquait	O	O	O	O	O	O	_	_	_	_	_	_
au	O	O	O	O	O	O	_	_	_	_	_	_
laboratoire	O	O	O	O	O	O	_	_	EndOfLine	_	_	_
# segment_iiif_link = https://iiif.eluxemburgensia.lu/iiif/2/ark:%2f70795%2fvf8bx0%2fpages%2f1/122,4403,801,43/full/0/default.jpg
du	O	O	O	O	O	O	_	_	_	_	_	_
parfumeur	O	O	O	O	O	O	_	_	NoSpaceAfter	_	_	_
,	O	O	O	O	O	O	_	_	NoSpaceAfter	_	_	_
—	O	O	O	O	O	O	_	_	NoSpaceAfter	_	_	_
profession	O	O	O	O	O	O	_	_	_	_	_	_
qui	O	O	O	O	O	O	_	_	NoSpaceAfter	_	_	_
,	O	O	O	O	O	O	_	_	_	_	_	_
alors	O	O	O	O	O	O	_	_	NoSpaceAfter	_	_	_
,	O	O	O	O	O	O	_	_	_	_	_	_
réunissait	O	O	O	O	O	O	_	_	_	_	_	_
les	O	O	O	O	O	O	_	_	EndOfLine	_	_	_
# segment_iiif_link = https://iiif.eluxemburgensia.lu/iiif/2/ark:%2f70795%2fvf8bx0%2fpages%2f1/119,4439,785,48/full/0/default.jpg
fonction	O	O	O	O	O	O	_	_	NoSpaceAfter	_	_	_
»	O	O	O	O	O	O	_	_	_	_	_	_
ramp	O	O	O	O	O	O	_	_	NoSpaceAfter	_	_	_
'	O	O	O	O	O	O	_	_	NoSpaceAfter	_	_	_
iiei	O	O	O	O	O	O	_	_	_	_	_	_
de	O	O	O	O	O	O	_	_	_	_	_	_
nos	O	O	O	O	O	O	_	_	_	_	_	_
jours	O	O	O	O	O	O	_	_	NoSpaceAfter	_	_	_
,	O	O	O	O	O	O	_	_	_	_	_	_
par	O	O	O	O	O	O	_	_	_	_	_	_
les	O	O	O	O	O	O	_	_	EndOfLine	_	_	_
# segment_iiif_link = https://iiif.eluxemburgensia.lu/iiif/2/ark:%2f70795%2fvf8bx0%2fpages%2f1/122,4482,337,47/full/0/default.jpg
pharmaciens	O	O	O	O	O	O	_	_	_	_	_	_
et	O	O	O	O	O	O	_	_	_	_	_	_
le	O	O	O	O	O	O	_	_	NoSpaceAfter	_	_	_
»	O	O	O	O	O	O	_	_	_	_	_	_
chimie	O	O	O	O	O	O	_	_	NoSpaceAfter	_	_	_
,	O	O	O	O	O	O	_	_	EndOfLine	_	_	_
# segment_iiif_link = https://iiif.eluxemburgensia.lu/iiif/2/ark:%2f70795%2fvf8bx0%2fpages%2f1/158,4526,750,45/full/0/default.jpg
Par	O	O	O	O	O	O	_	_	_	_	_	_
la	O	O	O	O	O	O	_	_	_	_	_	_
porte	O	O	O	O	O	O	_	_	_	_	_	_
de	O	O	O	O	O	O	_	_	_	_	_	_
eauch	O	O	O	O	O	O	_	_	_	_	_	_
arrivait	O	O	O	O	O	O	_	_	_	_	_	_
à	O	O	O	O	O	O	_	_	NoSpaceAfter	_	_	_
.	O	O	O	O	O	O	_	_	EndOfLine	EndOfSentence	_	_
# segment_iiif_link = https://iiif.eluxemburgensia.lu/iiif/2/ark:%2f70795%2fvf8bx0%2fpages%2f1/118,4567,405,41/full/0/default.jpg
l	O	O	O	O	O	O	_	_	NoSpaceAfter	_	_	_
'	O	O	O	O	O	O	_	_	NoSpaceAfter	_	_	_
appartement	O	O	O	O	O	O	_	_	_	_	_	_
particulier	O	O	O	O	O	O	_	_	_	_	_	_
de	O	O	O	O	O	O	_	_	_	_	_	_
Ré	O	O	O	O	O	O	_	_	_	_	_	_
né	O	O	O	O	O	O	_	_	EndOfLine	_	_	_
# segment_iiif_link = https://iiif.eluxemburgensia.lu/iiif/2/ark:%2f70795%2fvf8bx0%2fpages%2f1/158,4602,764,47/full/0/default.jpg
Ouvrons	O	O	O	O	O	O	_	_	_	_	_	_
cette	O	O	O	O	O	O	_	_	_	_	_	_
dernière	O	O	O	O	O	O	_	_	_	_	_	_
,	O	O	O	O	O	O	_	_	_	_	_	_
t	O	O	O	O	O	O	_	_	_	_	_	_
ne	O	O	O	O	O	O	_	_	_	_	_	_
8n	O	O	O	O	O	O	_	_	_	_	_	_
t	O	O	O	O	O	O	_	_	NoSpaceAfter	_	_	_
;	O	O	O	O	O	O	_	_	NoSpaceAfter	_	_	_
.	O	O	O	O	O	O	_	_	EndOfLine	EndOfSentence	_	_
# segment_iiif_link = https://iiif.eluxemburgensia.lu/iiif/2/ark:%2f70795%2fvf8bx0%2fpages%2f1/120,4646,803,49/full/0/default.jpg
chanbre	O	O	O	O	O	O	_	_	_	_	_	_
où	O	O	O	O	O	O	_	_	_	_	_	_
sont	O	O	O	O	O	O	_	_	_	_	_	_
des	O	O	O	O	O	O	_	_	_	_	_	_
fioles	O	O	O	O	O	O	_	_	NoSpaceAfter	_	_	_
'	O	O	O	O	O	O	_	_	_	_	_	_
a	O	O	O	O	O	O	_	_	NoSpaceAfter	_	_	_
«	O	O	O	O	O	O	_	_	_	_	_	_
r	O	O	O	O	O	O	_	_	NoSpaceAfter	_	_	_
<	O	O	O	O	O	O	_	_	_	_	_	_
ÎI	O	O	O	O	O	O	_	_	_	_	_	_
ers	O	O	O	O	O	O	_	_	NoSpaceAfter	_	_	_
<	O	O	O	O	O	O	_	_	NoSpaceAfter	_	_	_
mii	O	O	O	O	O	O	_	_	_	_	_	_
U	O	O	O	O	O	O	_	_	_	_	_	_
4	O	O	O	O	O	O	_	_	_	_	_	_
j	O	O	O	O	O	O	_	_	NoSpaceAfter	_	_	_
»	O	O	O	O	O	O	_	_	EndOfLine	_	_	_
# segment_iiif_link = https://iiif.eluxemburgensia.lu/iiif/2/ark:%2f70795%2fvf8bx0%2fpages%2f1/122,4668,802,54/full/0/default.jpg
L	O	O	O	O	O	O	_	_	_	_	_	_
.	O	O	O	O	O	O	_	_	_	EndOfSentence	_	_
,	O	O	O	O	O	O	_	_	NoSpaceAfter	_	_	_
.	O	O	O	O	O	O	_	_	_	EndOfSentence	_	_
,	O	O	O	O	O	O	_	_	_	_	_	_
„	O	O	O	O	O	O	_	_	_	_	_	_
,	O	O	O	O	O	O	_	_	_	_	_	_
to	O	O	O	O	O	O	_	_	_	_	_	_
ut	O	O	O	O	O	O	_	_	NoSpaceAfter	_	_	_
«	O	O	O	O	O	O	_	_	_	_	_	_
nature	O	O	O	O	O	O	_	_	_	_	_	_
et	O	O	O	O	O	O	_	_	_	_	_	_
de	O	O	O	O	O	O	_	_	EndOfLine	_	_	_
# segment_iiif_link = https://iiif.eluxemburgensia.lu/iiif/2/ark:%2f70795%2fvf8bx0%2fpages%2f1/122,4693,603,44/full/0/default.jpg
toutes	O	O	O	O	O	O	_	_	_	_	_	_
dimensions	O	O	O	O	O	O	_	_	NoSpaceAfter	_	_	_
,	O	O	O	O	O	O	_	_	_	_	_	_
et	O	O	O	O	O	O	_	_	_	_	_	_
entrons	O	O	O	O	O	O	_	_	_	_	_	_
J	O	O	O	O	O	O	_	_	_	_	_	_
an	O	O	O	O	O	O	_	_	_	_	_	_
,	O	O	O	O	O	O	_	_	_	_	_	_
„	O	O	O	O	O	O	_	_	_	_	_	_
n	O	O	O	O	O	O	_	_	EndOfLine	_	_	_
# segment_iiif_link = https://iiif.eluxemburgensia.lu/iiif/2/ark:%2f70795%2fvf8bx0%2fpages%2f1/122,4739,802,47/full/0/default.jpg
mune	O	O	O	O	O	O	_	_	NoSpaceAfter	_	_	_
,	O	O	O	O	O	O	_	_	_	_	_	_
où	O	O	O	O	O	O	_	_	_	_	_	_
deux	O	O	O	O	O	O	_	_	_	_	_	_
personnages	O	O	O	O	O	O	_	_	_	_	_	_
étaient	O	O	O	O	O	O	_	_	_	_	_	_
»	O	O	O	O	O	O	_	_	_	_	_	_
ssi	O	O	O	O	O	O	_	_	_	_	_	_
"	O	O	O	O	O	O	_	_	_	_	_	_
*	O	O	O	O	O	O	_	_	_	_	_	_
*	O	O	O	O	O	O	_	_	NoSpaceAfter	_	_	_
°	O	O	O	O	O	O	_	_	_	_	_	_
m	O	O	O	O	O	O	_	_	_	_	_	_
"	O	O	O	O	O	O	_	_	EndOfLine	_	_	_
# segment_iiif_link = https://iiif.eluxemburgensia.lu/iiif/2/ark:%2f70795%2fvf8bx0%2fpages%2f1/122,4783,804,38/full/0/default.jpg
une	O	O	O	O	O	O	_	_	_	_	_	_
table	O	O	O	O	O	O	_	_	_	_	_	_
recouveite	O	O	O	O	O	O	_	_	_	_	_	_
de	O	O	O	O	O	O	_	_	_	_	_	_
simples	O	O	O	O	O	O	_	_	_	_	_	_
et	O	O	O	O	O	O	_	_	_	_	_	_
d	O	O	O	O	O	O	_	_	NoSpaceAfter	_	_	_
'	O	O	O	O	O	O	_	_	NoSpaceAfter	_	_	_
in	O	O	O	O	O	O	_	_	_	_	_	_
fàu	O	O	O	O	O	O	_	_	_	_	_	_
0	O	O	O	O	O	O	_	_	_	_	_	_
8Tan	O	O	O	O	O	O	_	_	_	_	_	_
'	O	O	O	O	O	O	_	_	EndOfLine	_	_	_
# segment_iiif_link = https://iiif.eluxemburgensia.lu/iiif/2/ark:%2f70795%2fvf8bx0%2fpages%2f1/120,4816,807,56/full/0/default.jpg
nuscrits	O	O	O	O	O	O	_	_	NoSpaceAfter	_	_	_
,	O	O	O	O	O	O	_	_	_	_	_	_
parchemins	O	O	O	O	O	O	_	_	_	_	_	_
provenant	O	O	O	O	O	O	_	_	_	_	_	_
des	O	O	O	O	O	O	_	_	_	_	_	_
bibliothèque	O	O	O	O	O	O	_	_	NoSpaceAfter	_	_	_
.	O	O	O	O	O	O	_	_	EndOfLine	_	_	_
# segment_iiif_link = https://iiif.eluxemburgensia.lu/iiif/2/ark:%2f70795%2fvf8bx0%2fpages%2f1/121,4859,738,47/full/0/default.jpg
des	O	O	O	O	O	O	_	_	_	_	_	_
moin	O	O	O	O	O	O	_	_	NoSpaceAfter	_	_	_
«	O	O	O	O	O	O	_	_	NoSpaceAfter	_	_	_
«	O	O	O	O	O	O	_	_	NoSpaceAfter	_	_	_
,	O	O	O	O	O	O	_	_	_	_	_	_
cet	O	O	O	O	O	O	_	_	_	_	_	_
érudits	O	O	O	O	O	O	_	_	_	_	_	_
chercheurs	O	O	O	O	O	O	_	_	_	_	_	_
de	O	O	O	O	O	O	_	_	_	_	_	_
science	O	O	O	O	O	O	_	_	NoSpaceAfter	_	_	_
.	O	O	O	O	O	O	_	_	EndOfLine	_	_	_
# segment_iiif_link = https://iiif.eluxemburgensia.lu/iiif/2/ark:%2f70795%2fvf8bx0%2fpages%2f1/157,4899,711,48/full/0/default.jpg
Les	O	O	O	O	O	O	_	_	_	_	_	_
deux	O	O	O	O	O	O	_	_	_	_	_	_
personnages	O	O	O	O	O	O	_	_	_	_	_	_
étaient	O	O	O	O	O	O	_	_	_	_	_	_
du	O	O	O	O	O	O	_	_	_	_	_	_
même	O	O	O	O	O	O	_	_	_	_	_	_
âge	O	O	O	O	O	O	_	_	NoSpaceAfter	_	_	_
.	O	O	O	O	O	O	_	_	EndOfLine	_	_	_
# segment_iiif_link = https://iiif.eluxemburgensia.lu/iiif/2/ark:%2f70795%2fvf8bx0%2fpages%2f1/157,4942,767,45/full/0/default.jpg
De	O	O	O	O	O	O	_	_	_	_	_	_
longs	O	O	O	O	O	O	_	_	_	_	_	_
cheveux	O	O	O	O	O	O	_	_	_	_	_	_
blancs	O	O	O	O	O	O	_	_	_	_	_	_
pendaient	O	O	O	O	O	O	_	_	_	_	_	_
sur	O	O	O	O	O	O	_	_	_	_	_	_
leurs	O	O	O	O	O	O	_	_	EndOfLine	_	_	_
# segment_iiif_link = https://iiif.eluxemburgensia.lu/iiif/2/ark:%2f70795%2fvf8bx0%2fpages%2f1/119,4981,790,58/full/0/default.jpg
épaules	O	O	O	O	O	O	_	_	NoSpaceAfter	_	_	_
;	O	O	O	O	O	O	_	_	_	_	_	_
l	O	O	O	O	O	O	_	_	_	_	_	_
cur	O	O	O	O	O	O	_	_	_	_	_	_
,	O	O	O	O	O	O	_	_	_	_	_	_
C01	O	O	O	O	O	O	_	_	_	_	_	_
.	O	O	O	O	O	O	_	_	_	_	_	_
p3	O	O	O	O	O	O	_	_	_	_	_	_
étaient	O	O	O	O	O	O	_	_	_	_	_	_
vêtus	O	O	O	O	O	O	_	_	_	_	_	_
de	O	O	O	O	O	O	_	_	_	_	_	_
velours	O	O	O	O	O	O	_	_	EndOfLine	_	_	_
# segment_iiif_link = https://iiif.eluxemburgensia.lu/iiif/2/ark:%2f70795%2fvf8bx0%2fpages%2f1/121,5026,382,44/full/0/default.jpg
bordées	O	O	O	O	O	O	_	_	_	_	_	_
de	O	O	O	O	O	O	_	_	_	_	_	_
fourrure	O	O	O	O	O	O	_	_	_	_	_	_
brune	O	O	O	O	O	O	_	_	NoSpaceAfter	_	_	_
.	O	O	O	O	O	O	_	_	EndOfLine	_	_	_
# segment_iiif_link = https://iiif.eluxemburgensia.lu/iiif/2/ark:%2f70795%2fvf8bx0%2fpages%2f1/118,5064,806,84/full/0/default.jpg
i	O	O	O	O	O	O	_	_	NoSpaceAfter	_	_	_
>	O	O	O	O	O	O	_	_	NoSpaceAfter	_	_	_
Jn	O	O	O	O	O	O	_	_	_	_	_	_
Un	O	O	O	O	O	O	_	_	_	_	_	_
'	O	O	O	O	O	O	_	_	_	_	_	_
•	O	O	O	O	O	O	_	_	_	_	_	_
R	O	O	O	O	O	O	_	_	_	_	_	_
"	O	O	O	O	O	O	_	_	_	_	_	_
né	O	O	O	O	O	O	_	_	_	_	_	_
'	O	O	O	O	O	O	_	_	_	_	_	_
a	O	O	O	O	O	O	_	_	NoSpaceAfter	_	_	_
,	O	O	O	O	O	O	_	_	NoSpaceAfter	_	_	_
ait	O	O	O	O	O	O	_	_	_	_	_	_
lâ	O	O	O	O	O	O	_	_	_	_	_	_
figure	O	O	O	O	O	O	_	_	_	_	_	_
osseuse	O	O	O	O	O	O	_	_	NoSpaceAfter	_	_	_
,	O	O	O	O	O	O	_	_	_	_	_	_
pateline	O	O	O	O	O	O	_	_	NoSpaceAfter	_	_	_
,	O	O	O	O	O	O	_	_	EndOfLine	_	_	_
# segment_iiif_link = https://iiif.eluxemburgensia.lu/iiif/2/ark:%2f70795%2fvf8bx0%2fpages%2f1/120,5152,673,48/full/0/default.jpg
enfin	O	O	O	O	O	O	_	_	_	_	_	_
*	O	O	O	O	O	O	_	_	NoSpaceAfter	_	_	_
'	O	O	O	O	O	O	_	_	_	_	_	_
r	O	O	O	O	O	O	_	_	_	_	_	_
°	O	O	O	O	O	O	_	_	_	_	_	_
nd	O	O	O	O	O	O	_	_	_	_	_	_
'	O	O	O	O	O	O	_	_	_	_	_	_
'	O	O	O	O	O	O	_	_	NoSpaceAfter	_	_	_
*	O	O	O	O	O	O	_	_	_	_	_	_
phy	O	O	O	O	O	O	_	_	_	_	_	_
'	O	O	O	O	O	O	_	_	_	_	_	_
ioBOniie	O	O	O	O	O	O	_	_	_	_	_	_
de	O	O	O	O	O	O	_	_	_	_	_	_
'	O	O	O	O	O	O	_	_	NoSpaceAfter	_	_	_
»	O	O	O	O	O	O	_	_	EndOfLine	_	_	_
# segment_iiif_link = https://iiif.eluxemburgensia.lu/iiif/2/ark:%2f70795%2fvf8bx0%2fpages%2f1/118,5199,804,86/full/0/default.jpg
vertTri	O	O	O	O	O	O	_	_	NoSpaceAfter	_	_	_
/	O	O	O	O	O	O	_	_	NoSpaceAfter	_	_	_
'	O	O	O	O	O	O	_	_	_	_	_	_
0	O	O	O	O	O	O	_	_	_	_	_	_
"	O	O	O	O	O	O	_	_	NoSpaceAfter	_	_	_
'	O	O	O	O	O	O	_	_	_	_	_	_
taillem	O	O	O	O	O	O	_	_	_	_	_	_
°	O	O	O	O	O	O	_	_	NoSpaceAfter	_	_	_
y	O	O	O	O	O	O	_	_	_	_	_	_
en	O	O	O	O	O	O	_	_	_	_	_	_
ne	O	O	O	O	O	O	_	_	NoSpaceAfter	_	_	_
.	O	O	O	O	O	O	_	_	_	EndOfSentence	_	_
»	O	O	O	O	O	O	_	_	NoSpaceAfter	_	_	_
vaille	O	O	O	O	O	O	_	_	_	_	_	_
front	O	O	O	O	O	O	_	_	_	_	_	_
cou	O	O	O	O	O	O	_	_	NoSpaceAfter	_	_	_
-	O	O	O	O	O	O	_	_	EndOfLine	_	_	_
# segment_iiif_link = https://iiif.eluxemburgensia.lu/iiif/2/ark:%2f70795%2fvf8bx0%2fpages%2f1/116,5244,807,84/full/0/default.jpg
Z	O	O	O	O	O	O	_	_	NoSpaceAfter	_	_	_
.	O	O	O	O	O	O	_	_	_	_	_	_
iï	O	O	O	O	O	O	_	_	NoSpaceAfter	_	_	_
-	O	O	O	O	O	O	_	_	_	_	_	_
(	O	O	O	O	O	O	_	_	_	_	_	_
"	O	O	O	O	O	O	_	_	_	_	_	_
MttW	O	O	O	O	O	O	_	_	NoSpaceAfter	_	_	_
,	O	O	O	O	O	O	_	_	NoSpaceAfter	_	_	_
i	O	O	O	O	O	O	_	_	_	_	_	_
Son	O	O	O	O	O	O	_	_	_	_	_	_
«	O	O	O	O	O	O	_	_	NoSpaceAfter	_	_	_
u	O	O	O	O	O	O	_	_	_	_	_	_
«	O	O	O	O	O	O	_	_	NoSpaceAfter	_	_	_
ait	O	O	O	O	O	O	_	_	_	_	_	_
renfoncé	O	O	O	O	O	O	_	_	EndOfLine	_	_	_
# segment_iiif_link = https://iiif.eluxemburgensia.lu/iiif/2/ark:%2f70795%2fvf8bx0%2fpages%2f1/116,5284,808,50/full/0/default.jpg
dan	O	O	O	O	O	O	_	_	NoSpaceAfter	_	_	_
.	O	O	O	O	O	O	_	_	_	_	_	_
son	O	O	O	O	O	O	_	_	_	_	_	_
orbite	O	O	O	O	O	O	_	_	NoSpaceAfter	_	_	_
;	O	O	O	O	O	O	_	_	_	_	_	_
son	O	O	O	O	O	O	_	_	_	_	_	_
corps	O	O	O	O	O	O	_	_	_	_	_	_
semblait	O	O	O	O	O	O	_	_	_	_	_	_
brisé	O	O	O	O	O	O	_	_	_	_	_	_
plus	O	O	O	O	O	O	_	_	_	_	_	_
en	O	O	O	O	O	O	_	_	NoSpaceAfter	_	_	_
-	O	O	O	O	O	O	_	_	EndOfLine	_	_	_
# segment_iiif_link = https://iiif.eluxemburgensia.lu/iiif/2/ark:%2f70795%2fvf8bx0%2fpages%2f1/1007,3742,642,40/full/0/default.jpg
core	O	O	O	O	O	O	_	_	_	_	_	_
par	O	O	O	O	O	O	_	_	_	_	_	_
le	O	O	O	O	O	O	_	_	_	_	_	_
chagrin	O	O	O	O	O	O	_	_	_	_	_	_
que	O	O	O	O	O	O	_	_	_	_	_	_
par	O	O	O	O	O	O	_	_	_	_	_	_
les	O	O	O	O	O	O	_	_	_	_	_	_
années	O	O	O	O	O	O	_	_	NoSpaceAfter	_	_	_
.	O	O	O	O	O	O	_	_	EndOfLine	_	_	_
# segment_iiif_link = https://iiif.eluxemburgensia.lu/iiif/2/ark:%2f70795%2fvf8bx0%2fpages%2f1/1044,3778,766,45/full/0/default.jpg
Il	O	O	O	O	O	O	_	_	_	_	_	_
avait	O	O	O	O	O	O	_	_	_	_	_	_
nom	O	O	O	O	O	O	_	_	_	_	_	_
Jérôme	O	O	O	O	O	O	_	_	_	_	_	_
Touchet	O	O	O	O	O	O	_	_	NoSpaceAfter	_	_	_
,	O	O	O	O	O	O	_	_	_	_	_	_
et	O	O	O	O	O	O	_	_	_	_	_	_
était	O	O	O	O	O	O	_	_	_	_	_	_
père	O	O	O	O	O	O	_	_	_	_	_	_
de	O	O	O	O	O	O	_	_	EndOfLine	_	_	_
# segment_iiif_link = https://iiif.eluxemburgensia.lu/iiif/2/ark:%2f70795%2fvf8bx0%2fpages%2f1/1007,3820,634,47/full/0/default.jpg
l	O	O	O	O	O	O	_	_	NoSpaceAfter	_	_	_
'	O	O	O	O	O	O	_	_	NoSpaceAfter	_	_	_
ancienne	O	O	O	O	O	O	_	_	_	_	_	_
maltresse	O	O	O	O	O	O	_	_	_	_	_	_
du	O	O	O	O	O	O	_	_	_	_	_	_
roi	O	O	O	O	O	O	_	_	_	_	_	_
Charles	O	O	O	O	O	O	_	_	_	_	_	_
IX	O	O	O	O	O	O	_	_	NoSpaceAfter	_	_	_
.	O	O	O	O	O	O	_	_	EndOfLine	_	_	_
# segment_iiif_link = https://iiif.eluxemburgensia.lu/iiif/2/ark:%2f70795%2fvf8bx0%2fpages%2f1/1044,3863,767,44/full/0/default.jpg
Les	O	O	O	O	O	O	_	_	_	_	_	_
deux	O	O	O	O	O	O	_	_	_	_	_	_
vieillards	O	O	O	O	O	O	_	_	NoSpaceAfter	_	_	_
,	O	O	O	O	O	O	_	_	_	_	_	_
amis	O	O	O	O	O	O	_	_	_	_	_	_
d	O	O	O	O	O	O	_	_	NoSpaceAfter	_	_	_
'	O	O	O	O	O	O	_	_	NoSpaceAfter	_	_	_
enfance	O	O	O	O	O	O	_	_	NoSpaceAfter	_	_	_
,	O	O	O	O	O	O	_	_	_	_	_	_
et	O	O	O	O	O	O	_	_	_	_	_	_
ayant	O	O	O	O	O	O	_	_	_	_	_	_
fait	O	O	O	O	O	O	_	_	EndOfLine	_	_	_
# segment_iiif_link = https://iiif.eluxemburgensia.lu/iiif/2/ark:%2f70795%2fvf8bx0%2fpages%2f1/1006,3904,805,55/full/0/default.jpg
ensemble	O	O	O	O	O	O	_	_	NoSpaceAfter	_	_	_
,	O	O	O	O	O	O	_	_	_	_	_	_
a	O	O	O	O	O	O	_	_	_	_	_	_
Orléans	O	O	O	O	O	O	_	_	NoSpaceAfter	_	_	_
,	O	O	O	O	O	O	_	_	_	_	_	_
l	O	O	O	O	O	O	_	_	NoSpaceAfter	_	_	_
'	O	O	O	O	O	O	_	_	NoSpaceAfter	_	_	_
apprentissage	O	O	O	O	O	O	_	_	_	_	_	_
d	O	O	O	O	O	O	_	_	NoSpaceAfter	_	_	_
'	O	O	O	O	O	O	_	_	NoSpaceAfter	_	_	_
une	O	O	O	O	O	O	_	_	_	_	_	_
même	O	O	O	O	O	O	_	_	EndOfLine	_	_	_
# segment_iiif_link = https://iiif.eluxemburgensia.lu/iiif/2/ark:%2f70795%2fvf8bx0%2fpages%2f1/1006,3948,804,53/full/0/default.jpg
profession	O	O	O	O	O	O	_	_	NoSpaceAfter	_	_	_
,	O	O	O	O	O	O	_	_	_	_	_	_
se	O	O	O	O	O	O	_	_	_	_	_	_
racontaient	O	O	O	O	O	O	_	_	_	_	_	_
les	O	O	O	O	O	O	_	_	_	_	_	_
souvenirs	O	O	O	O	O	O	_	_	_	_	_	_
des	O	O	O	O	O	O	_	_	_	_	_	_
beaux	O	O	O	O	O	O	_	_	EndOfLine	_	_	_
# segment_iiif_link = https://iiif.eluxemburgensia.lu/iiif/2/ark:%2f70795%2fvf8bx0%2fpages%2f1/1003,3989,806,54/full/0/default.jpg
jours	O	O	O	O	O	O	_	_	_	_	_	_
de	O	O	O	O	O	O	_	_	_	_	_	_
leur	O	O	O	O	O	O	_	_	_	_	_	_
jeunesse	O	O	O	O	O	O	_	_	NoSpaceAfter	_	_	_
,	O	O	O	O	O	O	_	_	_	_	_	_
perdue	O	O	O	O	O	O	_	_	_	_	_	_
depuis	O	O	O	O	O	O	_	_	_	_	_	_
longtemps	O	O	O	O	O	O	_	_	NoSpaceAfter	_	_	_
,	O	O	O	O	O	O	_	_	EndOfLine	_	_	_
# segment_iiif_link = https://iiif.eluxemburgensia.lu/iiif/2/ark:%2f70795%2fvf8bx0%2fpages%2f1/1005,4031,90,47/full/0/default.jpg
hélas	O	O	O	O	O	O	_	_	NoSpaceAfter	_	_	_
!	O	O	O	O	O	O	_	_	EndOfLine	_	_	_
# segment_iiif_link = https://iiif.eluxemburgensia.lu/iiif/2/ark:%2f70795%2fvf8bx0%2fpages%2f1/1041,4073,768,48/full/0/default.jpg
Une	O	O	O	O	O	O	_	_	_	_	_	_
douce	O	O	O	O	O	O	_	_	_	_	_	_
expansion	O	O	O	O	O	O	_	_	_	_	_	_
les	O	O	O	O	O	O	_	_	_	_	_	_
animait	O	O	O	O	O	O	_	_	_	_	_	_
avant	O	O	O	O	O	O	_	_	_	_	_	_
qu	O	O	O	O	O	O	_	_	NoSpaceAfter	_	_	_
'	O	O	O	O	O	O	_	_	NoSpaceAfter	_	_	_
ils	O	O	O	O	O	O	_	_	EndOfLine	_	_	_
# segment_iiif_link = https://iiif.eluxemburgensia.lu/iiif/2/ark:%2f70795%2fvf8bx0%2fpages%2f1/1005,4117,804,47/full/0/default.jpg
n	O	O	O	O	O	O	_	_	NoSpaceAfter	_	_	_
'	O	O	O	O	O	O	_	_	NoSpaceAfter	_	_	_
eussent	O	O	O	O	O	O	_	_	_	_	_	_
atteint	O	O	O	O	O	O	_	_	_	_	_	_
le	O	O	O	O	O	O	_	_	_	_	_	_
récit	O	O	O	O	O	O	_	_	_	_	_	_
de	O	O	O	O	O	O	_	_	_	_	_	_
la	O	O	O	O	O	O	_	_	_	_	_	_
vingtième	O	O	O	O	O	O	_	_	_	_	_	_
année	O	O	O	O	O	O	_	_	NoSpaceAfter	_	_	_
;	O	O	O	O	O	O	_	_	EndOfLine	_	_	_
# segment_iiif_link = https://iiif.eluxemburgensia.lu/iiif/2/ark:%2f70795%2fvf8bx0%2fpages%2f1/1005,4161,787,51/full/0/default.jpg
puis	O	O	O	O	O	O	_	_	NoSpaceAfter	_	_	_
,	O	O	O	O	O	O	_	_	_	_	_	_
leur	O	O	O	O	O	O	_	_	_	_	_	_
visage	O	O	O	O	O	O	_	_	_	_	_	_
s	O	O	O	O	O	O	_	_	NoSpaceAfter	_	_	_
'	O	O	O	O	O	O	_	_	NoSpaceAfter	_	_	_
assombrit	O	O	O	O	O	O	_	_	_	_	_	_
à	O	O	O	O	O	O	_	_	_	_	_	_
mesure	O	O	O	O	O	O	_	_	_	_	_	_
qu	O	O	O	O	O	O	_	_	NoSpaceAfter	_	_	_
'	O	O	O	O	O	O	_	_	NoSpaceAfter	_	_	_
ils	O	O	O	O	O	O	_	_	EndOfLine	_	_	_
# segment_iiif_link = https://iiif.eluxemburgensia.lu/iiif/2/ark:%2f70795%2fvf8bx0%2fpages%2f1/1005,4201,786,47/full/0/default.jpg
avancèrent	O	O	O	O	O	O	_	_	_	_	_	_
daus	O	O	O	O	O	O	_	_	_	_	_	_
le	O	O	O	O	O	O	_	_	_	_	_	_
cour	O	O	O	O	O	O	_	_	NoSpaceAfter	_	_	_
-	O	O	O	O	O	O	_	_	NoSpaceAfter	_	_	_
i	O	O	O	O	O	O	_	_	_	_	_	_
de	O	O	O	O	O	O	_	_	_	_	_	_
leur	O	O	O	O	O	O	_	_	_	_	_	_
existence	O	O	O	O	O	O	_	_	NoSpaceAfter	_	_	_
,	O	O	O	O	O	O	_	_	_	_	_	_
si	O	O	O	O	O	O	_	_	EndOfLine	_	_	_
# segment_iiif_link = https://iiif.eluxemburgensia.lu/iiif/2/ark:%2f70795%2fvf8bx0%2fpages%2f1/1005,4247,693,44/full/0/default.jpg
bizarrement	O	O	O	O	O	O	_	_	_	_	_	_
traversée	O	O	O	O	O	O	_	_	_	_	_	_
par	O	O	O	O	O	O	_	_	_	_	_	_
les	O	O	O	O	O	O	_	_	_	_	_	_
giboulées	O	O	O	O	O	O	_	_	_	_	_	_
du	O	O	O	O	O	O	_	_	_	_	_	_
destin	O	O	O	O	O	O	_	_	NoSpaceAfter	_	_	_
.	O	O	O	O	O	O	_	_	EndOfLine	_	_	_
# segment_iiif_link = https://iiif.eluxemburgensia.lu/iiif/2/ark:%2f70795%2fvf8bx0%2fpages%2f1/1042,4299,765,24/full/0/default.jpg
—	O	O	O	O	O	O	_	_	_	_	_	_
J	O	O	O	O	O	O	_	_	NoSpaceAfter	_	_	_
'	O	O	O	O	O	O	_	_	NoSpaceAfter	_	_	_
ai	O	O	O	O	O	O	_	_	_	_	_	_
fait	O	O	O	O	O	O	_	_	_	_	_	_
ma	O	O	O	O	O	O	_	_	_	_	_	_
fortune	O	O	O	O	O	O	_	_	_	_	_	_
au	O	O	O	O	O	O	_	_	_	_	_	_
service	O	O	O	O	O	O	_	_	_	_	_	_
des	O	O	O	O	O	O	_	_	_	_	_	_
puissants	O	O	O	O	O	O	_	_	NoSpaceAfter	_	_	_
,	O	O	O	O	O	O	_	_	EndOfLine	_	_	_
# segment_iiif_link = https://iiif.eluxemburgensia.lu/iiif/2/ark:%2f70795%2fvf8bx0%2fpages%2f1/1005,4327,410,48/full/0/default.jpg
dit	O	O	O	O	O	O	_	_	_	_	_	_
René	O	O	O	O	O	O	_	_	_	_	_	_
avec	O	O	O	O	O	O	_	_	_	_	_	_
un	O	O	O	O	O	O	_	_	_	_	_	_
sourire	O	O	O	O	O	O	_	_	NoSpaceAfter	_	_	_
.	O	O	O	O	O	O	_	_	EndOfLine	_	_	_
# segment_iiif_link = https://iiif.eluxemburgensia.lu/iiif/2/ark:%2f70795%2fvf8bx0%2fpages%2f1/1040,4383,767,25/full/0/default.jpg
—	O	O	O	O	O	O	_	_	_	_	_	_
Les	O	O	O	O	O	O	_	_	_	_	_	_
puissants	O	O	O	O	O	O	_	_	_	_	_	_
m	O	O	O	O	O	O	_	_	NoSpaceAfter	_	_	_
'	O	O	O	O	O	O	_	_	NoSpaceAfter	_	_	_
ont	O	O	O	O	O	O	_	_	_	_	_	_
ruiné	O	O	O	O	O	O	_	_	NoSpaceAfter	_	_	_
!	O	O	O	O	O	O	_	_	_	_	_	_
fit	O	O	O	O	O	O	_	_	_	_	_	_
Jérôme	O	O	O	O	O	O	_	_	_	_	_	_
Touchet	O	O	O	O	O	O	_	_	NoSpaceAfter	_	_	_
,	O	O	O	O	O	O	_	_	EndOfLine	_	_	_
# segment_iiif_link = https://iiif.eluxemburgensia.lu/iiif/2/ark:%2f70795%2fvf8bx0%2fpages%2f1/1005,4422,244,38/full/0/default.jpg
avec	O	O	O	O	O	O	_	_	_	_	_	_
amertume	O	O	O	O	O	O	_	_	NoSpaceAfter	_	_	_
.	O	O	O	O	O	O	_	_	EndOfLine	_	_	_
# segment_iiif_link = https://iiif.eluxemburgensia.lu/iiif/2/ark:%2f70795%2fvf8bx0%2fpages%2f1/1039,4468,770,25/full/0/default.jpg
—	O	O	O	O	O	O	_	_	_	_	_	_
J	O	O	O	O	O	O	_	_	NoSpaceAfter	_	_	_
'	O	O	O	O	O	O	_	_	NoSpaceAfter	_	_	_
ai	O	O	O	O	O	O	_	_	_	_	_	_
eu	O	O	O	O	O	O	_	_	_	_	_	_
le	O	O	O	O	O	O	_	_	_	_	_	_
courage	O	O	O	O	O	O	_	_	_	_	_	_
de	O	O	O	O	O	O	_	_	_	_	_	_
m	O	O	O	O	O	O	_	_	NoSpaceAfter	_	_	_
'	O	O	O	O	O	O	_	_	NoSpaceAfter	_	_	_
abaisser	O	O	O	O	O	O	_	_	_	_	_	_
devant	O	O	O	O	O	O	_	_	_	_	_	_
la	O	O	O	O	O	O	_	_	EndOfLine	_	_	_
# segment_iiif_link = https://iiif.eluxemburgensia.lu/iiif/2/ark:%2f70795%2fvf8bx0%2fpages%2f1/1003,4500,396,54/full/0/default.jpg
grandeur	O	O	O	O	O	O	_	_	NoSpaceAfter	_	_	_
,	O	O	O	O	O	O	_	_	_	_	_	_
mon	O	O	O	O	O	O	_	_	_	_	_	_
vieil	O	O	O	O	O	O	_	_	_	_	_	_
ami	O	O	O	O	O	O	_	_	NoSpaceAfter	_	_	_
!	O	O	O	O	O	O	_	_	EndOfLine	_	_	_
# segment_iiif_link = https://iiif.eluxemburgensia.lu/iiif/2/ark:%2f70795%2fvf8bx0%2fpages%2f1/1040,4556,768,24/full/0/default.jpg
—	O	O	O	O	O	O	_	_	_	_	_	_
Moi	O	O	O	O	O	O	_	_	NoSpaceAfter	_	_	_
,	O	O	O	O	O	O	_	_	_	_	_	_
j	O	O	O	O	O	O	_	_	NoSpaceAfter	_	_	_
'	O	O	O	O	O	O	_	_	NoSpaceAfter	_	_	_
avais	O	O	O	O	O	O	_	_	_	_	_	_
bâti	O	O	O	O	O	O	_	_	NoSpaceAfter	_	_	_
,	O	O	O	O	O	O	_	_	_	_	_	_
pierre	O	O	O	O	O	O	_	_	_	_	_	_
à	O	O	O	O	O	O	_	_	_	_	_	_
pierre	O	O	O	O	O	O	_	_	NoSpaceAfter	_	_	_
,	O	O	O	O	O	O	_	_	_	_	_	_
un	O	O	O	O	O	O	_	_	_	_	_	_
petit	O	O	O	O	O	O	_	_	EndOfLine	_	_	_
# segment_iiif_link = https://iiif.eluxemburgensia.lu/iiif/2/ark:%2f70795%2fvf8bx0%2fpages%2f1/1005,4585,803,48/full/0/default.jpg
tdifice	O	O	O	O	O	O	_	_	_	_	_	_
de	O	O	O	O	O	O	_	_	_	_	_	_
bonheur	O	O	O	O	O	O	_	_	_	_	_	_
pour	O	O	O	O	O	O	_	_	_	_	_	_
mon	O	O	O	O	O	O	_	_	_	_	_	_
enfant	O	O	O	O	O	O	_	_	NoSpaceAfter	_	_	_
.	O	O	O	O	O	O	_	_	NoSpaceAfter	_	_	_
.	O	O	O	O	O	O	_	_	NoSpaceAfter	_	_	_
.	O	O	O	O	O	O	_	_	_	_	_	_
Un	O	O	O	O	O	O	_	_	_	_	_	_
roi	O	O	O	O	O	O	_	_	_	_	_	_
m	O	O	O	O	O	O	_	_	NoSpaceAfter	_	_	_
'	O	O	O	O	O	O	_	_	NoSpaceAfter	_	_	_
a	O	O	O	O	O	O	_	_	EndOfLine	_	_	_
# segment_iiif_link = https://iiif.eluxemburgensia.lu/iiif/2/ark:%2f70795%2fvf8bx0%2fpages%2f1/1005,4628,210,48/full/0/default.jpg
volé	O	O	O	O	O	O	_	_	_	_	_	_
ma	O	O	O	O	O	O	_	_	_	_	_	_
fille	O	O	O	O	O	O	_	_	NoSpaceAfter	_	_	_
!	O	O	O	O	O	O	_	_	EndOfLine	_	_	_
# segment_iiif_link = https://iiif.eluxemburgensia.lu/iiif/2/ark:%2f70795%2fvf8bx0%2fpages%2f1/1041,4673,752,55/full/0/default.jpg
Après	O	O	O	O	O	O	_	_	_	_	_	_
quelques	O	O	O	O	O	O	_	_	_	_	_	_
secondes	O	O	O	O	O	O	_	_	_	_	_	_
do	O	O	O	O	O	O	_	_	_	_	_	_
silence	O	O	O	O	O	O	_	_	_	_	_	_
pendant	O	O	O	O	O	O	_	_	EndOfLine	_	_	_
# segment_iiif_link = https://iiif.eluxemburgensia.lu/iiif/2/ark:%2f70795%2fvf8bx0%2fpages%2f1/1006,4718,786,60/full/0/default.jpg
lesquelles	O	O	O	O	O	O	_	_	_	_	_	_
Jérôme	O	O	O	O	O	O	_	_	_	_	_	_
essuya	O	O	O	O	O	O	_	_	_	_	_	_
ses	O	O	O	O	O	O	_	_	_	_	_	_
larmes	O	O	O	O	O	O	_	_	NoSpaceAfter	_	_	_
,	O	O	O	O	O	O	_	_	_	_	_	_
le	O	O	O	O	O	O	_	_	_	_	_	_
vieillard	O	O	O	O	O	O	_	_	EndOfLine	_	_	_
# segment_iiif_link = https://iiif.eluxemburgensia.lu/iiif/2/ark:%2f70795%2fvf8bx0%2fpages%2f1/1007,4768,92,50/full/0/default.jpg
continua	O	O	O	O	O	O	_	_	_	_	_	_
:	O	O	O	O	O	O	_	_	EndOfLine	_	_	_
# segment_iiif_link = https://iiif.eluxemburgensia.lu/iiif/2/ark:%2f70795%2fvf8bx0%2fpages%2f1/1044,4828,762,28/full/0/default.jpg
—	O	O	O	O	O	O	_	_	_	_	_	_
Enfin	O	O	O	O	O	O	_	_	NoSpaceAfter	_	_	_
,	O	O	O	O	O	O	_	_	_	_	_	_
ami	O	O	O	O	O	O	_	_	NoSpaceAfter	_	_	_
,	O	O	O	O	O	O	_	_	_	_	_	_
je	O	O	O	O	O	O	_	_	_	_	_	_
te	O	O	O	O	O	O	_	_	_	_	_	_
remercie	O	O	O	O	O	O	_	_	_	_	_	_
de	O	O	O	O	O	O	_	_	_	_	_	_
l	O	O	O	O	O	O	_	_	NoSpaceAfter	_	_	_
'	O	O	O	O	O	O	_	_	NoSpaceAfter	_	_	_
hospitalité	O	O	O	O	O	O	_	_	_	_	_	_
que	O	O	O	O	O	O	_	_	EndOfLine	_	_	_
# segment_iiif_link = https://iiif.eluxemburgensia.lu/iiif/2/ark:%2f70795%2fvf8bx0%2fpages%2f1/1006,4865,528,44/full/0/default.jpg
tu	O	O	O	O	O	O	_	_	_	_	_	_
m	O	O	O	O	O	O	_	_	NoSpaceAfter	_	_	_
'	O	O	O	O	O	O	_	_	NoSpaceAfter	_	_	_
as	O	O	O	O	O	O	_	_	_	_	_	_
donnée	O	O	O	O	O	O	_	_	_	_	_	_
si	O	O	O	O	O	O	_	_	_	_	_	_
généreuscme.it	O	O	O	O	O	O	_	_	NoSpaceAfter	_	_	_
.	O	O	O	O	O	O	_	_	EndOfLine	_	_	_
# segment_iiif_link = https://iiif.eluxemburgensia.lu/iiif/2/ark:%2f70795%2fvf8bx0%2fpages%2f1/1046,4919,761,24/full/0/default.jpg
—	O	O	O	O	O	O	_	_	_	_	_	_
Pourquoi	O	O	O	O	O	O	_	_	_	_	_	_
m	O	O	O	O	O	O	_	_	NoSpaceAfter	_	_	_
«	O	O	O	O	O	O	_	_	_	_	_	_
remercier	O	O	O	O	O	O	_	_	NoSpaceAfter	_	_	_
,	O	O	O	O	O	O	_	_	_	_	_	_
Jérôme	O	O	O	O	O	O	_	_	NoSpaceAfter	_	_	_
?	O	O	O	O	O	O	_	_	NoSpaceAfter	_	_	_
.	O	O	O	O	O	O	_	_	NoSpaceAfter	_	_	_
.	O	O	O	O	O	O	_	_	NoSpaceAfter	_	_	_
.	O	O	O	O	O	O	_	_	_	_	_	_
Il	O	O	O	O	O	O	_	_	_	_	_	_
m	O	O	O	O	O	O	_	_	NoSpaceAfter	_	_	_
'	O	O	O	O	O	O	_	_	NoSpaceAfter	_	_	_
est	O	O	O	O	O	O	_	_	EndOfLine	_	_	_
# segment_iiif_link = https://iiif.eluxemburgensia.lu/iiif/2/ark:%2f70795%2fvf8bx0%2fpages%2f1/1006,4940,782,44/full/0/default.jpg
si	O	O	O	O	O	O	_	_	NoSpaceAfter	_	_	_
"	O	O	O	O	O	O	_	_	_	_	_	_
doux	O	O	O	O	O	O	_	_	_	_	_	_
de	O	O	O	O	O	O	_	_	_	_	_	_
faire	O	O	O	O	O	O	_	_	_	_	_	_
parfois	O	O	O	O	O	O	_	_	_	_	_	_
un	O	O	O	O	O	O	_	_	_	_	_	_
peu	O	O	O	O	O	O	_	_	_	_	_	_
de	O	O	O	O	O	O	_	_	_	_	_	_
bien	O	O	O	O	O	O	_	_	NoSpaceAfter	_	_	_
,	O	O	O	O	O	O	_	_	_	_	_	_
en	O	O	O	O	O	O	_	_	EndOfLine	_	_	_
# segment_iiif_link = https://iiif.eluxemburgensia.lu/iiif/2/ark:%2f70795%2fvf8bx0%2fpages%2f1/1006,4983,786,47/full/0/default.jpg
réparation	O	O	O	O	O	O	_	_	_	_	_	_
du	O	O	O	O	O	O	_	_	_	_	_	_
ma	O	O	O	O	O	O	_	_	_	_	_	_
l	O	O	O	O	O	O	_	_	_	_	_	_
que	O	O	O	O	O	O	_	_	_	_	_	_
j	O	O	O	O	O	O	_	_	NoSpaceAfter	_	_	_
'	O	O	O	O	O	O	_	_	NoSpaceAfter	_	_	_
ai	O	O	O	O	O	O	_	_	_	_	_	_
laissé	O	O	O	O	O	O	_	_	_	_	_	_
commettre	O	O	O	O	O	O	_	_	_	_	_	_
!	O	O	O	O	O	O	_	_	NoSpaceAfter	EndOfSentence	_	_
.	O	O	O	O	O	O	_	_	NoSpaceAfter	_	_	_
.	O	O	O	O	O	O	_	_	NoSpaceAfter	_	_	_
.	O	O	O	O	O	O	_	_	EndOfLine	EndOfSentence	_	_
# segment_iiif_link = https://iiif.eluxemburgensia.lu/iiif/2/ark:%2f70795%2fvf8bx0%2fpages%2f1/1005,5017,801,56/full/0/default.jpg
D	O	O	O	O	O	O	_	_	NoSpaceAfter	_	_	_
'	O	O	O	O	O	O	_	_	NoSpaceAfter	_	_	_
ailleurs	O	O	O	O	O	O	_	_	NoSpaceAfter	_	_	_
,	O	O	O	O	O	O	_	_	_	_	_	_
notre	O	O	O	O	O	O	_	_	_	_	_	_
amitié	O	O	O	O	O	O	_	_	NoSpaceAfter	_	_	_
,	O	O	O	O	O	O	_	_	_	_	_	_
alors	O	O	O	O	O	O	_	_	_	_	_	_
que	O	O	O	O	O	O	_	_	_	_	_	_
nous	O	O	O	O	O	O	_	_	_	_	_	_
étions	O	O	O	O	O	O	_	_	_	_	_	_
enfants	O	O	O	O	O	O	_	_	NoSpaceAfter	_	_	_
,	O	O	O	O	O	O	_	_	EndOfLine	_	_	_
# segment_iiif_link = https://iiif.eluxemburgensia.lu/iiif/2/ark:%2f70795%2fvf8bx0%2fpages%2f1/1005,5058,801,54/full/0/default.jpg
n	O	O	O	O	O	O	_	_	NoSpaceAfter	_	_	_
'	O	O	O	O	O	O	_	_	NoSpaceAfter	_	_	_
a	O	O	O	O	O	O	_	_	NoSpaceAfter	_	_	_
-	O	O	O	O	O	O	_	_	NoSpaceAfter	_	_	_
t	O	O	O	O	O	O	_	_	NoSpaceAfter	_	_	_
-	O	O	O	O	O	O	_	_	NoSpaceAfter	_	_	_
ell	O	O	O	O	O	O	_	_	NoSpaceAfter	_	_	_
«	O	O	O	O	O	O	_	_	_	_	_	_
P	O	O	O	O	O	O	_	_	NoSpaceAfter	_	_	_
(	O	O	O	O	O	O	_	_	NoSpaceAfter	_	_	_
W	O	O	O	O	O	O	_	_	_	_	_	_
été	O	O	O	O	O	O	_	_	_	_	_	_
eMe	O	O	O	O	O	O	_	_	_	_	_	_
ar	O	O	O	O	O	O	_	_	_	_	_	_
i	O	O	O	O	O	O	_	_	_	_	_	_
e	O	O	O	O	O	O	_	_	_	_	_	_
\	O	O	O	O	O	O	_	_	NoSpaceAfter	_	_	_
[	O	O	O	O	O	O	_	_	_	_	_	_
9îi	O	O	O	O	O	O	_	_	_	_	_	_
le	O	O	O	O	O	O	_	_	_	_	_	_
plus	O	O	O	O	O	O	_	_	_	_	_	_
vrai	O	O	O	O	O	O	_	_	NoSpaceAfter	_	_	_
.	O	O	O	O	O	O	_	_	NoSpaceAfter	_	_	_
.	O	O	O	O	O	O	_	_	NoSpaceAfter	_	_	_
.	O	O	O	O	O	O	_	_	EndOfLine	_	_	_
# segment_iiif_link = https://iiif.eluxemburgensia.lu/iiif/2/ark:%2f70795%2fvf8bx0%2fpages%2f1/1005,5100,477,48/full/0/default.jpg
1	O	O	O	O	O	O	_	_	NoSpaceAfter	_	_	_
»	O	O	O	O	O	O	_	_	_	_	_	_
Réciprocité	O	O	O	O	O	O	_	_	_	_	_	_
du	O	O	O	O	O	O	_	_	_	_	_	_
dévou	O	O	O	O	O	O	_	_	NoSpaceAfter	_	_	_
,	O	O	O	O	O	O	_	_	_	_	_	_
ment	O	O	O	O	O	O	_	_	NoSpaceAfter	_	_	_
!	O	O	O	O	O	O	_	_	EndOfLine	_	_	_
# segment_iiif_link = https://iiif.eluxemburgensia.lu/iiif/2/ark:%2f70795%2fvf8bx0%2fpages%2f1/1086,5152,705,49/full/0/default.jpg
uui	O	O	O	O	O	O	_	_	NoSpaceAfter	_	_	_
,	O	O	O	O	O	O	_	_	_	_	_	_
et	O	O	O	O	O	O	_	_	_	_	_	_
je	O	O	O	O	O	O	_	_	_	_	_	_
te	O	O	O	O	O	O	_	_	_	_	_	_
remercie	O	O	O	O	O	O	_	_	_	_	_	_
surtout	O	O	O	O	O	O	_	_	NoSpaceAfter	_	_	_
,	O	O	O	O	O	O	_	_	_	_	_	_
René	O	O	O	O	O	O	_	_	NoSpaceAfter	_	_	_
,	O	O	O	O	O	O	_	_	_	_	_	_
de	O	O	O	O	O	O	_	_	EndOfLine	_	_	_
# segment_iiif_link = https://iiif.eluxemburgensia.lu/iiif/2/ark:%2f70795%2fvf8bx0%2fpages%2f1/1005,5189,802,47/full/0/default.jpg
vouloir	O	O	O	O	O	O	_	_	_	_	_	_
bien	O	O	O	O	O	O	_	_	_	_	_	_
encore	O	O	O	O	O	O	_	_	_	_	_	_
me	O	O	O	O	O	O	_	_	_	_	_	_
id	O	O	O	O	O	O	_	_	_	_	_	_
aujourd	O	O	O	O	O	O	_	_	NoSpaceAfter	_	_	_
'	O	O	O	O	O	O	_	_	NoSpaceAfter	_	_	_
hui	O	O	O	O	O	O	_	_	_	_	_	_
dans	O	O	O	O	O	O	_	_	_	_	_	_
ma	O	O	O	O	O	O	_	_	EndOfLine	_	_	_
# segment_iiif_link = https://iiif.eluxemburgensia.lu/iiif/2/ark:%2f70795%2fvf8bx0%2fpages%2f1/1005,5235,505,53/full/0/default.jpg
vengeance	O	O	O	O	O	O	_	_	NoSpaceAfter	_	_	_
!	O	O	O	O	O	O	_	_	NoSpaceAfter	_	_	_
.	O	O	O	O	O	O	_	_	NoSpaceAfter	_	_	_
.	O	O	O	O	O	O	_	_	NoSpaceAfter	_	_	_
.	O	O	O	O	O	O	_	_	_	_	_	_
J	O	O	O	O	O	O	_	_	EndOfLine	_	_	_
# segment_iiif_link = https://iiif.eluxemburgensia.lu/iiif/2/ark:%2f70795%2fvf8bx0%2fpages%2f1/1042,5278,766,48/full/0/default.jpg
En	O	O	O	O	O	O	_	_	_	_	_	_
prononçant	O	O	O	O	O	O	_	_	_	_	_	_
ces	O	O	O	O	O	O	_	_	_	_	_	_
mott	O	O	O	O	O	O	_	_	NoSpaceAfter	_	_	_
{	O	O	O	O	O	O	_	_	_	_	_	_
Jérôme	O	O	O	O	O	O	_	_	_	_	_	_
tourna	O	O	O	O	O	O	_	_	_	_	_	_
dans	O	O	O	O	O	O	_	_	EndOfLine	_	_	_
# segment_iiif_link = https://iiif.eluxemburgensia.lu/iiif/2/ark:%2f70795%2fvf8bx0%2fpages%2f1/1005,5329,803,42/full/0/default.jpg
ses	O	O	O	O	O	O	_	_	_	_	_	_
doigts	O	O	O	O	O	O	_	_	_	_	_	_
une	O	O	O	O	O	O	_	_	_	_	_	_
petite	O	O	O	O	O	O	_	_	_	_	_	_
boite	O	O	O	O	O	O	_	_	_	_	_	_
qm	O	O	O	O	O	O	_	_	_	_	_	_
aTait	O	O	O	O	O	O	_	_	_	_	_	_
prise	O	O	O	O	O	O	_	_	_	_	_	_
SU	O	O	O	O	O	O	_	_	_	_	_	_
r	O	O	O	O	O	O	_	_	_	_	_	_
la	O	O	O	O	O	O	_	_	EndOfLine	_	_	_
# segment_iiif_link = https://iiif.eluxemburgensia.lu/iiif/2/ark:%2f70795%2fvf8bx0%2fpages%2f1/1005,5367,85,47/full/0/default.jpg
table	O	O	O	O	O	O	_	_	NoSpaceAfter	_	_	_
.	O	O	O	O	O	O	_	_	EndOfLine	_	_	_
# segment_iiif_link = https://iiif.eluxemburgensia.lu/iiif/2/ark:%2f70795%2fvf8bx0%2fpages%2f1/2104,3754,590,37/full/0/default.jpg
a	O	O	O	O	O	O	_	_	_	_	_	_
;	O	O	O	O	O	O	_	_	_	_	_	_
ldeme	O	O	O	O	O	O	_	_	_	_	_	_
"	O	O	O	O	O	O	_	_	NoSpaceAfter	_	_	_
t	O	O	O	O	O	O	_	_	_	_	_	_
cette	O	O	O	O	O	O	_	_	_	_	_	_
boite	O	O	O	O	O	O	_	_	NoSpaceAfter	_	_	_
;	O	O	O	O	O	O	_	_	_	_	_	_
et	O	O	O	O	O	O	_	_	_	_	_	_
son	O	O	O	O	O	O	_	_	_	_	_	_
regard	O	O	O	O	O	O	_	_	EndOfLine	_	_	_
# segment_iiif_link = https://iiif.eluxemburgensia.lu/iiif/2/ark:%2f70795%2fvf8bx0%2fpages%2f1/1890,3796,518,38/full/0/default.jpg
sen	O	O	O	O	O	O	_	_	_	_	_	_
.	O	O	O	O	O	O	_	_	NoSpaceAfter	_	_	_
lia	O	O	O	O	O	O	_	_	_	_	_	_
d	O	O	O	O	O	O	_	_	NoSpaceAfter	_	_	_
'	O	O	O	O	O	O	_	_	NoSpaceAfter	_	_	_
un	O	O	O	O	O	O	_	_	_	_	_	_
feu	O	O	O	O	O	O	_	_	_	_	_	_
extraordinaire	O	O	O	O	O	O	_	_	NoSpaceAfter	_	_	_
.	O	O	O	O	O	O	_	_	EndOfLine	_	_	_
# segment_iiif_link = https://iiif.eluxemburgensia.lu/iiif/2/ark:%2f70795%2fvf8bx0%2fpages%2f1/1924,3829,757,49/full/0/default.jpg
Eli	O	O	O	O	O	O	_	_	NoSpaceAfter	_	_	_
.	O	O	O	O	O	O	_	_	_	_	_	_
contenait	O	O	O	O	O	O	_	_	_	_	_	_
des	O	O	O	O	O	O	_	_	_	_	_	_
morceaux	O	O	O	O	O	O	_	_	_	_	_	_
d	O	O	O	O	O	O	_	_	NoSpaceAfter	_	_	_
'	O	O	O	O	O	O	_	_	NoSpaceAfter	_	_	_
une	O	O	O	O	O	O	_	_	_	_	_	_
pâte	O	O	O	O	O	O	_	_	_	_	_	_
à	O	O	O	O	O	O	_	_	EndOfLine	_	_	_
# segment_iiif_link = https://iiif.eluxemburgensia.lu/iiif/2/ark:%2f70795%2fvf8bx0%2fpages%2f1/1889,3874,804,55/full/0/default.jpg
l	O	O	O	O	O	O	_	_	NoSpaceAfter	_	_	_
'	O	O	O	O	O	O	_	_	NoSpaceAfter	_	_	_
augehque	O	O	O	O	O	O	_	_	NoSpaceAfter	_	_	_
,	O	O	O	O	O	O	_	_	_	_	_	_
que	O	O	O	O	O	O	_	_	_	_	_	_
Jérôme	O	O	O	O	O	O	_	_	NoSpaceAfter	_	_	_
,	O	O	O	O	O	O	_	_	_	_	_	_
SCCondé	O	O	O	O	O	O	_	_	_	_	_	_
R6né	O	O	O	O	O	O	_	_	NoSpaceAfter	_	_	_
>	O	O	O	O	O	O	_	_	_	_	_	_
ava	O	O	O	O	O	O	_	_	_	_	_	_
;	O	O	O	O	O	O	_	_	_	_	_	_
t	O	O	O	O	O	O	_	_	_	_	_	_
fa	O	O	O	O	O	O	_	_	_	_	_	_
.	O	O	O	O	O	O	_	_	EndOfLine	_	_	_
# segment_iiif_link = https://iiif.eluxemburgensia.lu/iiif/2/ark:%2f70795%2fvf8bx0%2fpages%2f1/1888,3920,805,51/full/0/default.jpg
brique	O	O	O	O	O	O	_	_	_	_	_	_
dans	O	O	O	O	O	O	_	_	_	_	_	_
le	O	O	O	O	O	O	_	_	_	_	_	_
laboratoire	O	O	O	O	O	O	_	_	_	_	_	_
de	O	O	O	O	O	O	_	_	_	_	_	_
la	O	O	O	O	O	O	_	_	_	_	_	_
rue	O	O	O	O	O	O	_	_	_	_	_	_
Maître	O	O	O	O	O	O	_	_	NoSpaceAfter	_	_	_
-	O	O	O	O	O	O	_	_	EndOfLine	_	_	_
# segment_iiif_link = https://iiif.eluxemburgensia.lu/iiif/2/ark:%2f70795%2fvf8bx0%2fpages%2f1/1892,3960,106,48/full/0/default.jpg
Albert	O	O	O	O	O	O	_	_	NoSpaceAfter	_	_	_
.	O	O	O	O	O	O	_	_	EndOfLine	_	_	_
# segment_iiif_link = https://iiif.eluxemburgensia.lu/iiif/2/ark:%2f70795%2fvf8bx0%2fpages%2f1/1924,4018,770,24/full/0/default.jpg
—	O	O	O	O	O	O	_	_	_	_	_	_
Il	O	O	O	O	O	O	_	_	_	_	_	_
ne	O	O	O	O	O	O	_	_	_	_	_	_
s	O	O	O	O	O	O	_	_	NoSpaceAfter	_	_	_
'	O	O	O	O	O	O	_	_	NoSpaceAfter	_	_	_
agira	O	O	O	O	O	O	_	_	_	_	_	_
pl	O	O	O	O	O	O	_	_	_	_	_	_
u8	O	O	O	O	O	O	_	_	_	_	_	_
„	O	O	O	O	O	O	_	_	NoSpaceAfter	_	_	_
,	O	O	O	O	O	O	_	_	_	_	_	_
aintenanti	O	O	O	O	O	O	_	_	_	_	_	_
dit	O	O	O	O	O	O	_	_	_	_	_	_
i	O	O	O	O	O	O	_	_	_	_	_	_
e	O	O	O	O	O	O	_	_	_	_	_	_
père	O	O	O	O	O	O	_	_	_	_	_	_
de	O	O	O	O	O	O	_	_	EndOfLine	_	_	_
# segment_iiif_link = https://iiif.eluxemburgensia.lu/iiif/2/ark:%2f70795%2fvf8bx0%2fpages%2f1/1888,4046,720,55/full/0/default.jpg
l	O	O	O	O	O	O	_	_	NoSpaceAfter	_	_	_
'	O	O	O	O	O	O	_	_	NoSpaceAfter	_	_	_
ex	O	O	O	O	O	O	_	_	NoSpaceAfter	_	_	_
-	O	O	O	O	O	O	_	_	NoSpaceAfter	_	_	_
favonte	O	O	O	O	O	O	_	_	NoSpaceAfter	_	_	_
,	O	O	O	O	O	O	_	_	_	_	_	_
.1	O	O	O	O	O	O	_	_	_	_	_	_
ne	O	O	O	O	O	O	_	_	_	_	_	_
8	O	O	O	O	O	O	_	_	_	_	_	_
>	O	O	O	O	O	O	_	_	_	_	_	_
agira	O	O	O	O	O	O	_	_	_	_	_	_
,	O	O	O	O	O	O	_	_	_	_	_	_
ng	O	O	O	O	O	O	_	_	_	_	_	_
de	O	O	O	O	O	O	_	_	_	_	_	_
faire	O	O	O	O	O	O	_	_	EndOfLine	_	_	_
# segment_iiif_link = https://iiif.eluxemburgensia.lu/iiif/2/ark:%2f70795%2fvf8bx0%2fpages%2f1/1888,4097,514,38/full/0/default.jpg
venir	O	O	O	O	O	O	_	_	_	_	_	_
ce	O	O	O	O	O	O	_	_	NoSpaceAfter	_	_	_
.	O	O	O	O	O	O	_	_	NoSpaceAfter	_	_	_
,	O	O	O	O	O	O	_	_	_	_	_	_
présent	O	O	O	O	O	O	_	_	_	_	_	_
à	O	O	O	O	O	O	_	_	_	_	_	_
SSll	O	O	O	O	O	O	_	_	_	_	_	_
adress	O	O	O	O	O	O	_	_	NoSpaceAfter	_	_	_
(	O	O	O	O	O	O	_	_	_	_	_	_
,	O	O	O	O	O	O	_	_	EndOfLine	_	_	_
# segment_iiif_link = https://iiif.eluxemburgensia.lu/iiif/2/ark:%2f70795%2fvf8bx0%2fpages%2f1/1924,4131,768,49/full/0/default.jpg
-	O	O	O	O	O	O	_	_	NoSpaceAfter	_	_	_
Et	O	O	O	O	O	O	_	_	_	_	_	_
ce	O	O	O	O	O	O	_	_	_	_	_	_
ne	O	O	O	O	O	O	_	_	_	_	_	_
sera	O	O	O	O	O	O	_	_	_	_	_	_
-	O	O	O	O	O	O	_	_	NoSpaceAfter	_	_	_
.	O	O	O	O	O	O	_	_	NoSpaceAfter	_	_	_
as	O	O	O	O	O	O	_	_	_	_	_	_
difficil	O	O	O	O	O	O	_	_	_	_	_	_
reprit	O	O	O	O	O	O	_	_	_	_	_	_
Ré	O	O	O	O	O	O	_	_	_	_	_	_
né	O	O	O	O	O	O	_	_	NoSpaceAfter	_	_	_
;	O	O	O	O	O	O	_	_	_	_	_	_
il	O	O	O	O	O	O	_	_	_	_	_	_
ne	O	O	O	O	O	O	_	_	EndOfLine	_	_	_
# segment_iiif_link = https://iiif.eluxemburgensia.lu/iiif/2/ark:%2f70795%2fvf8bx0%2fpages%2f1/1888,4175,807,47/full/0/default.jpg
faudra	O	O	O	O	O	O	_	_	_	_	_	_
pour	O	O	O	O	O	O	_	_	_	_	_	_
cela	O	O	O	O	O	O	_	_	_	_	_	_
qu	O	O	O	O	O	O	_	_	NoSpaceAfter	_	_	_
>	O	O	O	O	O	O	_	_	_	_	_	_
Un	O	O	O	O	O	O	_	_	_	_	_	_
do	O	O	O	O	O	O	_	_	_	_	_	_
dence	O	O	O	O	O	O	_	_	_	_	_	_
.	O	O	O	O	O	O	_	_	EndOfLine	_	_	_
# segment_iiif_link = https://iiif.eluxemburgensia.lu/iiif/2/ark:%2f70795%2fvf8bx0%2fpages%2f1/1924,4217,753,47/full/0/default.jpg
-	O	O	O	O	O	O	_	_	NoSpaceAfter	_	_	_
Oh	O	O	O	O	O	O	_	_	NoSpaceAfter	_	_	_
!	O	O	O	O	O	O	_	_	_	_	_	_
sois	O	O	O	O	O	O	_	_	_	_	_	_
tranquille	O	O	O	O	O	O	_	_	NoSpaceAfter	_	_	_
,	O	O	O	O	O	O	_	_	_	_	_	_
mon	O	O	O	O	O	O	_	_	_	_	_	_
viei	O	O	O	O	O	O	_	_	_	_	_	_
i	O	O	O	O	O	O	_	_	_	_	_	_
ami	O	O	O	O	O	O	_	_	_	_	_	_
,	O	O	O	O	O	O	_	_	_	_	_	_
je	O	O	O	O	O	O	_	_	EndOfLine	_	_	_
# segment_iiif_link = https://iiif.eluxemburgensia.lu/iiif/2/ark:%2f70795%2fvf8bx0%2fpages%2f1/1887,4268,783,37/full/0/default.jpg
préférerai	O	O	O	O	O	O	_	_	NoSpaceAfter	_	_	_
,	O	O	O	O	O	O	_	_	_	_	_	_
mourir	O	O	O	O	O	O	_	_	_	_	_	_
plutôt	O	O	O	O	O	O	_	_	_	_	_	_
que	O	O	O	O	O	O	_	_	_	_	_	_
de	O	O	O	O	O	O	_	_	_	_	_	_
comprome	O	O	O	O	O	O	_	_	_	_	_	_
tlre	O	O	O	O	O	O	_	_	_	_	_	_
ton	O	O	O	O	O	O	_	_	EndOfLine	_	_	_
# segment_iiif_link = https://iiif.eluxemburgensia.lu/iiif/2/ark:%2f70795%2fvf8bx0%2fpages%2f1/1887,4306,320,43/full/0/default.jpg
dévouement	O	O	O	O	O	O	_	_	_	_	_	_
pour	O	O	O	O	O	O	_	_	_	_	_	_
moi	O	O	O	O	O	O	_	_	NoSpaceAfter	_	_	_
.	O	O	O	O	O	O	_	_	EndOfLine	_	_	_
# segment_iiif_link = https://iiif.eluxemburgensia.lu/iiif/2/ark:%2f70795%2fvf8bx0%2fpages%2f1/1924,4359,766,24/full/0/default.jpg
—	O	O	O	O	O	O	_	_	_	_	_	_
Charles	O	O	O	O	O	O	_	_	_	_	_	_
IX	O	O	O	O	O	O	_	_	_	_	_	_
a	O	O	O	O	O	O	_	_	_	_	_	_
souvent	O	O	O	O	O	O	_	_	_	_	_	_
des	O	O	O	O	O	O	_	_	_	_	_	_
spasmes	O	O	O	O	O	O	_	_	_	_	_	_
nerveux	O	O	O	O	O	O	_	_	NoSpaceAfter	_	_	_
,	O	O	O	O	O	O	_	_	EndOfLine	_	_	_
# segment_iiif_link = https://iiif.eluxemburgensia.lu/iiif/2/ark:%2f70795%2fvf8bx0%2fpages%2f1/1887,4391,552,44/full/0/default.jpg
tu	O	O	O	O	O	O	_	_	_	_	_	_
le	O	O	O	O	O	O	_	_	_	_	_	_
sais	O	O	O	O	O	O	_	_	_	_	_	_
?	O	O	O	O	O	O	_	_	_	_	_	_
*	O	O	O	O	O	O	_	_	EndOfLine	_	_	_
# segment_iiif_link = https://iiif.eluxemburgensia.lu/iiif/2/ark:%2f70795%2fvf8bx0%2fpages%2f1/1925,4445,102,23/full/0/default.jpg
—	O	O	O	O	O	O	_	_	_	_	_	_
Oui	O	O	O	O	O	O	_	_	NoSpaceAfter	_	_	_
.	O	O	O	O	O	O	_	_	EndOfLine	_	_	_
# segment_iiif_link = https://iiif.eluxemburgensia.lu/iiif/2/ark:%2f70795%2fvf8bx0%2fpages%2f1/1924,4472,766,55/full/0/default.jpg
-	O	O	O	O	O	O	_	_	NoSpaceAfter	_	_	_
Botali	O	O	O	O	O	O	_	_	NoSpaceAfter	_	_	_
,	O	O	O	O	O	O	_	_	_	_	_	_
son	O	O	O	O	O	O	_	_	_	_	_	_
médecin	O	O	O	O	O	O	_	_	NoSpaceAfter	_	_	_
,	O	O	O	O	O	O	_	_	_	_	_	_
est	O	O	O	O	O	O	_	_	_	_	_	_
à	O	O	O	O	O	O	_	_	_	_	_	_
la	O	O	O	O	O	O	_	_	_	_	_	_
recherche	O	O	O	O	O	O	_	_	_	_	_	_
de	O	O	O	O	O	O	_	_	EndOfLine	_	_	_
# segment_iiif_link = https://iiif.eluxemburgensia.lu/iiif/2/ark:%2f70795%2fvf8bx0%2fpages%2f1/1885,4515,320,47/full/0/default.jpg
remèdes	O	O	O	O	O	O	_	_	_	_	_	_
nouveaux	O	O	O	O	O	O	_	_	NoSpaceAfter	_	_	_
.	O	O	O	O	O	O	_	_	NoSpaceAfter	_	_	_
.	O	O	O	O	O	O	_	_	EndOfLine	_	_	_
# segment_iiif_link = https://iiif.eluxemburgensia.lu/iiif/2/ark:%2f70795%2fvf8bx0%2fpages%2f1/1921,4572,198,25/full/0/default.jpg
—	O	O	O	O	O	O	_	_	_	_	_	_
Eh	O	O	O	O	O	O	_	_	_	_	_	_
bien	O	O	O	O	O	O	_	_	_	_	_	_
?	O	O	O	O	O	O	_	_	EndOfLine	_	_	_
# segment_iiif_link = https://iiif.eluxemburgensia.lu/iiif/2/ark:%2f70795%2fvf8bx0%2fpages%2f1/1922,4615,764,25/full/0/default.jpg
—	O	O	O	O	O	O	_	_	_	_	_	_
Eh	O	O	O	O	O	O	_	_	_	_	_	_
bien	O	O	O	O	O	O	_	_	NoSpaceAfter	_	_	_
.	O	O	O	O	O	O	_	_	NoSpaceAfter	_	_	_
.	O	O	O	O	O	O	_	_	NoSpaceAfter	_	_	_
.	O	O	O	O	O	O	_	_	_	_	_	_
à	O	O	O	O	O	O	_	_	_	_	_	_
la	O	O	O	O	O	O	_	_	_	_	_	_
première	O	O	O	O	O	O	_	_	_	_	_	_
occasion	O	O	O	O	O	O	_	_	NoSpaceAfter	_	_	_
,	O	O	O	O	O	O	_	_	_	_	_	_
et	O	O	O	O	O	O	_	_	_	_	_	_
elle	O	O	O	O	O	O	_	_	_	_	_	_
no	O	O	O	O	O	O	_	_	EndOfLine	_	_	_
# segment_iiif_link = https://iiif.eluxemburgensia.lu/iiif/2/ark:%2f70795%2fvf8bx0%2fpages%2f1/1886,4644,802,48/full/0/default.jpg
tardera	O	O	O	O	O	O	_	_	_	_	_	_
pas	O	O	O	O	O	O	_	_	NoSpaceAfter	_	_	_
,	O	O	O	O	O	O	_	_	_	_	_	_
je	O	O	O	O	O	O	_	_	_	_	_	_
l	O	O	O	O	O	O	_	_	NoSpaceAfter	_	_	_
'	O	O	O	O	O	O	_	_	NoSpaceAfter	_	_	_
espère	O	O	O	O	O	O	_	_	NoSpaceAfter	_	_	_
,	O	O	O	O	O	O	_	_	NoSpaceAfter	_	_	_
-	O	O	O	O	O	O	_	_	_	_	_	_
dug3è	O	O	O	O	O	O	_	_	_	_	_	_
.	O	O	O	O	O	O	_	_	_	_	_	_
je	O	O	O	O	O	O	_	_	_	_	_	_
u	O	O	O	O	O	O	_	_	_	_	_	_
faire	O	O	O	O	O	O	_	_	_	_	_	_
naître	O	O	O	O	O	O	_	_	NoSpaceAfter	_	_	_
,	O	O	O	O	O	O	_	_	EndOfLine	_	_	_
# segment_iiif_link = https://iiif.eluxemburgensia.lu/iiif/2/ark:%2f70795%2fvf8bx0%2fpages%2f1/1886,4691,706,42/full/0/default.jpg
-	O	O	O	O	O	O	_	_	NoSpaceAfter	_	_	_
tu	O	O	O	O	O	O	_	_	_	_	_	_
offriras	O	O	O	O	O	O	_	_	_	_	_	_
cette	O	O	O	O	O	O	_	_	_	_	_	_
boîte	O	O	O	O	O	O	_	_	_	_	_	_
au	O	O	O	O	O	O	_	_	_	_	_	_
mé	O	O	O	O	O	O	_	_	_	_	_	_
decin	O	O	O	O	O	O	_	_	_	_	_	_
Bottali	O	O	O	O	O	O	_	_	NoSpaceAfter	_	_	_
.	O	O	O	O	O	O	_	_	EndOfLine	_	_	_
# segment_iiif_link = https://iiif.eluxemburgensia.lu/iiif/2/ark:%2f70795%2fvf8bx0%2fpages%2f1/1922,4744,767,25/full/0/default.jpg
—	O	O	O	O	O	O	_	_	_	_	_	_
Et	O	O	O	O	O	O	_	_	_	_	_	_
le	O	O	O	O	O	O	_	_	_	_	_	_
soir	O	O	O	O	O	O	_	_	_	_	_	_
même	O	O	O	O	O	O	_	_	_	_	_	_
j	O	O	O	O	O	O	_	_	NoSpaceAfter	_	_	_
'	O	O	O	O	O	O	_	_	_	_	_	_
aurai	O	O	O	O	O	O	_	_	_	_	_	_
,	O	O	O	O	O	O	_	_	_	_	_	_
aissé	O	O	O	O	O	O	_	_	_	_	_	_
]	O	O	O	O	O	O	_	_	NoSpaceAfter	_	_	_
o	O	O	O	O	O	O	_	_	_	_	_	_
m	O	O	O	O	O	O	_	_	_	_	_	_
de	O	O	O	O	O	O	_	_	_	_	_	_
moi	O	O	O	O	O	O	_	_	_	_	_	_
la	O	O	O	O	O	O	_	_	EndOfLine	_	_	_
# segment_iiif_link = https://iiif.eluxemburgensia.lu/iiif/2/ark:%2f70795%2fvf8bx0%2fpages%2f1/1886,4775,127,51/full/0/default.jpg
capitale	O	O	O	O	O	O	_	_	NoSpaceAfter	_	_	_
.	O	O	O	O	O	O	_	_	EndOfLine	_	_	_
# segment_iiif_link = https://iiif.eluxemburgensia.lu/iiif/2/ark:%2f70795%2fvf8bx0%2fpages%2f1/1924,4816,747,48/full/0/default.jpg
-	O	O	O	O	O	O	_	_	NoSpaceAfter	_	_	_
Dam	O	O	O	O	O	O	_	_	NoSpaceAfter	_	_	_
!	O	O	O	O	O	O	_	_	_	_	_	_
à	O	O	O	O	O	O	_	_	_	_	_	_
moins	O	O	O	O	O	O	_	_	_	_	_	_
q	O	O	O	O	O	O	_	_	_	_	_	_
ue	O	O	O	O	O	O	_	_	_	_	_	_
tu	O	O	O	O	O	O	_	_	_	_	_	_
ne	O	O	O	O	O	O	_	_	_	_	_	_
veuiI	O	O	O	O	O	O	_	_	_	_	_	_
|	O	O	O	O	O	O	_	_	_	_	_	_
es	O	O	O	O	O	O	_	_	_	_	_	_
,	O	O	O	O	O	O	_	_	_	_	_	_
le	O	O	O	O	O	O	_	_	EndOfLine	_	_	_
# segment_iiif_link = https://iiif.eluxemburgensia.lu/iiif/2/ark:%2f70795%2fvf8bx0%2fpages%2f1/1885,4868,689,44/full/0/default.jpg
lendemain	O	O	O	O	O	O	_	_	NoSpaceAfter	_	_	_
,	O	O	O	O	O	O	_	_	_	_	_	_
être	O	O	O	O	O	O	_	_	_	_	_	_
roué	O	O	O	O	O	O	_	_	_	_	_	_
vif	O	O	O	O	O	O	_	_	_	_	_	_
en	O	O	O	O	O	O	_	_	_	_	_	_
g	O	O	O	O	O	O	_	_	_	_	_	_
rèye	O	O	O	O	O	O	_	_	NoSpaceAfter	_	_	_
!	O	O	O	O	O	O	_	_	_	_	_	_
ricana	O	O	O	O	O	O	_	_	_	_	_	_
René	O	O	O	O	O	O	_	_	NoSpaceAfter	_	_	_
.	O	O	O	O	O	O	_	_	EndOfLine	_	_	_
# segment_iiif_link = https://iiif.eluxemburgensia.lu/iiif/2/ark:%2f70795%2fvf8bx0%2fpages%2f1/1924,4918,748,24/full/0/default.jpg
—	O	O	O	O	O	O	_	_	_	_	_	_
Je	O	O	O	O	O	O	_	_	_	_	_	_
ne	O	O	O	O	O	O	_	_	_	_	_	_
veux	O	O	O	O	O	O	_	_	_	_	_	_
quitter	O	O	O	O	O	O	_	_	_	_	_	_
l	O	O	O	O	O	O	_	_	_	_	_	_
ft	O	O	O	O	O	O	_	_	_	_	_	_
vio	O	O	O	O	O	O	_	_	_	_	_	_
qu	O	O	O	O	O	O	_	_	_	_	_	_
'	O	O	O	O	O	O	_	_	_	_	_	_
ap	O	O	O	O	O	O	_	_	_	_	_	_
rès	O	O	O	O	O	O	_	_	_	_	_	_
avoir	O	O	O	O	O	O	_	_	EndOfLine	_	_	_
# segment_iiif_link = https://iiif.eluxemburgensia.lu/iiif/2/ark:%2f70795%2fvf8bx0%2fpages%2f1/1885,4946,790,53/full/0/default.jpg
accompli	O	O	O	O	O	O	_	_	_	_	_	_
une	O	O	O	O	O	O	_	_	_	_	_	_
mission	O	O	O	O	O	O	_	_	_	_	_	_
que	O	O	O	O	O	O	_	_	_	_	_	_
j	O	O	O	O	O	O	_	_	_	_	_	_
e	O	O	O	O	O	O	_	_	_	_	_	_
considère	O	O	O	O	O	O	_	_	_	_	_	_
comme	O	O	O	O	O	O	_	_	EndOfLine	_	_	_
# segment_iiif_link = https://iiif.eluxemburgensia.lu/iiif/2/ark:%2f70795%2fvf8bx0%2fpages%2f1/1886,4990,800,53/full/0/default.jpg
sacrée	O	O	O	O	O	O	_	_	NoSpaceAfter	_	_	_
,	O	O	O	O	O	O	_	_	_	_	_	_
accentua	O	O	O	O	O	O	_	_	_	_	_	_
lentement	O	O	O	O	O	O	_	_	_	_	_	_
l	O	O	O	O	O	O	_	_	_	_	_	_
e	O	O	O	O	O	O	_	_	_	_	_	_
p	O	O	O	O	O	O	_	_	_	_	_	_
ère	O	O	O	O	O	O	_	_	_	_	_	_
de	O	O	O	O	O	O	_	_	_	_	_	_
Marie	O	O	O	O	O	O	_	_	_	_	_	_
Touchet	O	O	O	O	O	O	_	_	NoSpaceAfter	_	_	_
.	O	O	O	O	O	O	_	_	EndOfLine	_	_	_
# segment_iiif_link = https://iiif.eluxemburgensia.lu/iiif/2/ark:%2f70795%2fvf8bx0%2fpages%2f1/1922,5046,764,23/full/0/default.jpg
—	O	O	O	O	O	O	_	_	_	_	_	_
Sois	O	O	O	O	O	O	_	_	_	_	_	_
tranquille	O	O	O	O	O	O	_	_	NoSpaceAfter	_	_	_
,	O	O	O	O	O	O	_	_	_	_	_	_
fflon	O	O	O	O	O	O	_	_	_	_	_	_
vjei	O	O	O	O	O	O	_	_	_	_	_	_
,	O	O	O	O	O	O	_	_	_	_	_	_
m	O	O	O	O	O	O	_	_	_	_	_	_
[	O	O	O	O	O	O	_	_	_	_	_	_
}	O	O	O	O	O	O	_	_	_	_	_	_
dans	O	O	O	O	O	O	_	_	_	_	_	_
quelques	O	O	O	O	O	O	_	_	EndOfLine	_	_	_
# segment_iiif_link = https://iiif.eluxemburgensia.lu/iiif/2/ark:%2f70795%2fvf8bx0%2fpages%2f1/1883,5075,697,54/full/0/default.jpg
jours	O	O	O	O	O	O	_	_	_	_	_	_
l	O	O	O	O	O	O	_	_	NoSpaceAfter	_	_	_
'	O	O	O	O	O	O	_	_	NoSpaceAfter	_	_	_
occasion	O	O	O	O	O	O	_	_	_	_	_	_
cherchée	O	O	O	O	O	O	_	_	_	_	_	_
g	O	O	O	O	O	O	_	_	NoSpaceAfter	_	_	_
'	O	O	O	O	O	O	_	_	NoSpaceAfter	_	_	_
off	O	O	O	O	O	O	_	_	NoSpaceAfter	_	_	_
-	O	O	O	O	O	O	_	_	NoSpaceAfter	_	_	_
ira	O	O	O	O	O	O	_	_	_	_	_	_
pour	O	O	O	O	O	O	_	_	_	_	_	_
toi	O	O	O	O	O	O	_	_	NoSpaceAfter	_	_	_
?	O	O	O	O	O	O	_	_	EndOfLine	_	_	_
# segment_iiif_link = https://iiif.eluxemburgensia.lu/iiif/2/ark:%2f70795%2fvf8bx0%2fpages%2f1/1924,5134,299,23/full/0/default.jpg
—	O	O	O	O	O	O	_	_	_	_	_	_
Vrai	O	O	O	O	O	O	_	_	_	_	_	_
?	O	O	O	O	O	O	_	_	_	_	_	_
où	O	O	O	O	O	O	_	_	_	_	_	_
donc	O	O	O	O	O	O	_	_	_	_	_	_
?	O	O	O	O	O	O	_	_	EndOfLine	_	_	_
# segment_iiif_link = https://iiif.eluxemburgensia.lu/iiif/2/ark:%2f70795%2fvf8bx0%2fpages%2f1/1924,5179,475,23/full/0/default.jpg
—	O	O	O	O	O	O	_	_	_	_	_	_
A	O	O	O	O	O	O	_	_	_	_	_	_
la	O	O	O	O	O	O	_	_	_	_	_	_
tour	O	O	O	O	O	O	_	_	_	_	_	_
des	O	O	O	O	O	O	_	_	_	_	_	_
Astrologues	O	O	O	O	O	O	_	_	NoSpaceAfter	_	_	_
.	O	O	O	O	O	O	_	_	EndOfLine	_	_	_
# segment_iiif_link = https://iiif.eluxemburgensia.lu/iiif/2/ark:%2f70795%2fvf8bx0%2fpages%2f1/1924,5220,764,25/full/0/default.jpg
—	O	O	O	O	O	O	_	_	_	_	_	_
Cette	O	O	O	O	O	O	_	_	_	_	_	_
demeure	O	O	O	O	O	O	_	_	_	_	_	_
ténébreuse	O	O	O	O	O	O	_	_	NoSpaceAfter	_	_	_
,	O	O	O	O	O	O	_	_	_	_	_	_
où	O	O	O	O	O	O	_	_	_	_	_	_
se	O	O	O	O	O	O	_	_	_	_	_	_
rend	O	O	O	O	O	O	_	_	_	_	_	_
chaque	O	O	O	O	O	O	_	_	EndOfLine	_	_	_
# segment_iiif_link = https://iiif.eluxemburgensia.lu/iiif/2/ark:%2f70795%2fvf8bx0%2fpages%2f1/1886,5250,314,48/full/0/default.jpg
nuit	O	O	O	O	O	O	_	_	_	_	_	_
la	O	O	O	O	O	O	_	_	_	_	_	_
reine	O	O	O	O	O	O	_	_	NoSpaceAfter	_	_	_
-	O	O	O	O	O	O	_	_	NoSpaceAfter	_	_	_
mère	O	O	O	O	O	O	_	_	NoSpaceAfter	_	_	_
?	O	O	O	O	O	O	_	_	EndOfLine	_	_	_
# segment_iiif_link = https://iiif.eluxemburgensia.lu/iiif/2/ark:%2f70795%2fvf8bx0%2fpages%2f1/1924,5307,234,24/full/0/default.jpg
—	O	O	O	O	O	O	_	_	_	_	_	_
Précisément	O	O	O	O	O	O	_	_	NoSpaceAfter	_	_	_
.	O	O	O	O	O	O	_	_	EndOfLine	_	_	_
# segment_iiif_link = https://iiif.eluxemburgensia.lu/iiif/2/ark:%2f70795%2fvf8bx0%2fpages%2f1/1922,5352,766,24/full/0/default.jpg
—	O	O	O	O	O	O	_	_	_	_	_	_
Et	O	O	O	O	O	O	_	_	_	_	_	_
l	O	O	O	O	O	O	_	_	NoSpaceAfter	_	_	_
'	O	O	O	O	O	O	_	_	NoSpaceAfter	_	_	_
occasion	O	O	O	O	O	O	_	_	_	_	_	_
se	O	O	O	O	O	O	_	_	_	_	_	_
présenterait	O	O	O	O	O	O	_	_	_	_	_	_
sûrement	O	O	O	O	O	O	_	_	NoSpaceAfter	_	_	_
,	O	O	O	O	O	O	_	_	_	_	_	_
dis	O	O	O	O	O	O	_	_	NoSpaceAfter	_	_	_
-	O	O	O	O	O	O	_	_	NoSpaceAfter	_	_	_
tu	O	O	O	O	O	O	_	_	NoSpaceAfter	_	_	_
?	O	O	O	O	O	O	_	_	EndOfLine	_	_	_
# segment_iiif_link = https://iiif.eluxemburgensia.lu/iiif/2/ark:%2f70795%2fvf8bx0%2fpages%2f1/1925,5396,757,25/full/0/default.jpg
—	O	O	O	O	O	O	_	_	_	_	_	_
Bottali	O	O	O	O	O	O	_	_	_	_	_	_
assistera	O	O	O	O	O	O	_	_	_	_	_	_
aux	O	O	O	O	O	O	_	_	_	_	_	_
mystères	O	O	O	O	O	O	_	_	_	_	_	_
de	O	O	O	O	O	O	_	_	_	_	_	_
sorcellerie	O	O	O	O	O	O	_	_	EndOfLine	_	_	_
# segment_iiif_link = https://iiif.eluxemburgensia.lu/iiif/2/ark:%2f70795%2fvf8bx0%2fpages%2f1/2780,3773,480,50/full/0/default.jpg
qui	O	O	O	O	O	O	_	_	_	_	_	_
auront	O	O	O	O	O	O	_	_	_	_	_	_
lieu	O	O	O	O	O	O	_	_	_	_	_	_
bientôt	O	O	O	O	O	O	_	_	_	_	_	_
pour	O	O	O	O	O	O	_	_	NoSpaceAfter	_	_	_
.	O	O	O	O	O	O	_	_	NoSpaceAfter	_	_	_
.	O	O	O	O	O	O	_	_	NoSpaceAfter	_	_	_
.	O	O	O	O	O	O	_	_	EndOfLine	_	_	_
# segment_iiif_link = https://iiif.eluxemburgensia.lu/iiif/2/ark:%2f70795%2fvf8bx0%2fpages%2f1/2816,3813,769,47/full/0/default.jpg
Le	O	O	O	O	O	O	_	_	_	_	_	_
parfumeur	O	O	O	O	O	O	_	_	_	_	_	_
fut	O	O	O	O	O	O	_	_	_	_	_	_
interrompu	O	O	O	O	O	O	_	_	_	_	_	_
dans	O	O	O	O	O	O	_	_	_	_	_	_
sa	O	O	O	O	O	O	_	_	_	_	_	_
phrase	O	O	O	O	O	O	_	_	EndOfLine	_	_	_
# segment_iiif_link = https://iiif.eluxemburgensia.lu/iiif/2/ark:%2f70795%2fvf8bx0%2fpages%2f1/2777,3863,789,44/full/0/default.jpg
par	O	O	O	O	O	O	_	_	_	_	_	_
un	O	O	O	O	O	O	_	_	_	_	_	_
valet	O	O	O	O	O	O	_	_	_	_	_	_
venant	O	O	O	O	O	O	_	_	_	_	_	_
annoncer	O	O	O	O	O	O	_	_	_	_	_	_
qu	O	O	O	O	O	O	_	_	NoSpaceAfter	_	_	_
'	O	O	O	O	O	O	_	_	NoSpaceAfter	_	_	_
une	O	O	O	O	O	O	_	_	_	_	_	_
dame	O	O	O	O	O	O	_	_	EndOfLine	_	_	_
# segment_iiif_link = https://iiif.eluxemburgensia.lu/iiif/2/ark:%2f70795%2fvf8bx0%2fpages%2f1/2777,3898,715,53/full/0/default.jpg
masquée	O	O	O	O	O	O	_	_	_	_	_	_
demandait	O	O	O	O	O	O	_	_	_	_	_	_
à	O	O	O	O	O	O	_	_	_	_	_	_
parler	O	O	O	O	O	O	_	_	_	_	_	_
à	O	O	O	O	O	O	_	_	_	_	_	_
Jérôme	O	O	O	O	O	O	_	_	_	_	_	_
Touchet	O	O	O	O	O	O	_	_	NoSpaceAfter	_	_	_
.	O	O	O	O	O	O	_	_	EndOfLine	_	_	_
# segment_iiif_link = https://iiif.eluxemburgensia.lu/iiif/2/ark:%2f70795%2fvf8bx0%2fpages%2f1/2815,3954,534,23/full/0/default.jpg
—	O	O	O	O	O	O	_	_	_	_	_	_
A	O	O	O	O	O	O	_	_	_	_	_	_
moi	O	O	O	O	O	O	_	_	NoSpaceAfter	_	_	_
?	O	O	O	O	O	O	_	_	_	_	_	_
fit	O	O	O	O	O	O	_	_	_	_	_	_
le	O	O	O	O	O	O	_	_	_	_	_	_
vieillard	O	O	O	O	O	O	_	_	_	_	_	_
étonné	O	O	O	O	O	O	_	_	NoSpaceAfter	_	_	_
.	O	O	O	O	O	O	_	_	EndOfLine	_	_	_
# segment_iiif_link = https://iiif.eluxemburgensia.lu/iiif/2/ark:%2f70795%2fvf8bx0%2fpages%2f1/2814,3998,749,24/full/0/default.jpg
—	O	O	O	O	O	O	_	_	_	_	_	_
Oui	O	O	O	O	O	O	_	_	NoSpaceAfter	_	_	_
,	O	O	O	O	O	O	_	_	_	_	_	_
messire	O	O	O	O	O	O	_	_	NoSpaceAfter	_	_	_
,	O	O	O	O	O	O	_	_	_	_	_	_
à	O	O	O	O	O	O	_	_	_	_	_	_
vous	O	O	O	O	O	O	_	_	_	_	_	_
seul	O	O	O	O	O	O	_	_	NoSpaceAfter	_	_	_
,	O	O	O	O	O	O	_	_	_	_	_	_
répondit	O	O	O	O	O	O	_	_	_	_	_	_
le	O	O	O	O	O	O	_	_	_	_	_	_
valet	O	O	O	O	O	O	_	_	NoSpaceAfter	_	_	_
.	O	O	O	O	O	O	_	_	EndOfLine	_	_	_
# segment_iiif_link = https://iiif.eluxemburgensia.lu/iiif/2/ark:%2f70795%2fvf8bx0%2fpages%2f1/2813,4038,525,25/full/0/default.jpg
—	O	O	O	O	O	O	_	_	_	_	_	_
Fais	O	O	O	O	O	O	_	_	_	_	_	_
entrer	O	O	O	O	O	O	_	_	NoSpaceAfter	_	_	_
,	O	O	O	O	O	O	_	_	_	_	_	_
dit	O	O	O	O	O	O	_	_	_	_	_	_
le	O	O	O	O	O	O	_	_	_	_	_	_
parfumeur	O	O	O	O	O	O	_	_	NoSpaceAfter	_	_	_
.	O	O	O	O	O	O	_	_	EndOfLine	_	_	_
# segment_iiif_link = https://iiif.eluxemburgensia.lu/iiif/2/ark:%2f70795%2fvf8bx0%2fpages%2f1/2811,4066,510,54/full/0/default.jpg
Puis	O	O	O	O	O	O	_	_	NoSpaceAfter	_	_	_
,	O	O	O	O	O	O	_	_	_	_	_	_
se	O	O	O	O	O	O	_	_	_	_	_	_
préparant	O	O	O	O	O	O	_	_	_	_	_	_
à	O	O	O	O	O	O	_	_	_	_	_	_
se	O	O	O	O	O	O	_	_	_	_	_	_
retirer	O	O	O	O	O	O	_	_	NoSpaceAfter	_	_	_
:	O	O	O	O	O	O	_	_	EndOfLine	_	_	_
# segment_iiif_link = https://iiif.eluxemburgensia.lu/iiif/2/ark:%2f70795%2fvf8bx0%2fpages%2f1/2812,4123,766,24/full/0/default.jpg
—	O	O	O	O	O	O	_	_	_	_	_	_
Si	O	O	O	O	O	O	_	_	_	_	_	_
tu	O	O	O	O	O	O	_	_	_	_	_	_
as	O	O	O	O	O	O	_	_	_	_	_	_
besoin	O	O	O	O	O	O	_	_	_	_	_	_
de	O	O	O	O	O	O	_	_	_	_	_	_
moi	O	O	O	O	O	O	_	_	NoSpaceAfter	_	_	_
.	O	O	O	O	O	O	_	_	_	_	_	_
appelle	O	O	O	O	O	O	_	_	NoSpaceAfter	_	_	_
.	O	O	O	O	O	O	_	_	NoSpaceAfter	_	_	_
.	O	O	O	O	O	O	_	_	NoSpaceAfter	_	_	_
.	O	O	O	O	O	O	_	_	_	_	_	_
j	O	O	O	O	O	O	_	_	NoSpaceAfter	_	_	_
'	O	O	O	O	O	O	_	_	NoSpaceAfter	_	_	_
accourrai	O	O	O	O	O	O	_	_	EndOfLine	_	_	_
# segment_iiif_link = https://iiif.eluxemburgensia.lu/iiif/2/ark:%2f70795%2fvf8bx0%2fpages%2f1/2775,4152,127,47/full/0/default.jpg
aussitôt	O	O	O	O	O	O	_	_	NoSpaceAfter	_	_	_
.	O	O	O	O	O	O	_	_	EndOfLine	_	_	_
# segment_iiif_link = https://iiif.eluxemburgensia.lu/iiif/2/ark:%2f70795%2fvf8bx0%2fpages%2f1/2811,4192,754,45/full/0/default.jpg
Et	O	O	O	O	O	O	_	_	_	_	_	_
René	O	O	O	O	O	O	_	_	_	_	_	_
disparut	O	O	O	O	O	O	_	_	_	_	_	_
au	O	O	O	O	O	O	_	_	_	_	_	_
moment	O	O	O	O	O	O	_	_	_	_	_	_
où	O	O	O	O	O	O	_	_	_	_	_	_
le	O	O	O	O	O	O	_	_	_	_	_	_
valet	O	O	O	O	O	O	_	_	EndOfLine	_	_	_
# segment_iiif_link = https://iiif.eluxemburgensia.lu/iiif/2/ark:%2f70795%2fvf8bx0%2fpages%2f1/2775,4233,402,48/full/0/default.jpg
introduisait	O	O	O	O	O	O	_	_	_	_	_	_
la	O	O	O	O	O	O	_	_	_	_	_	_
dame	O	O	O	O	O	O	_	_	_	_	_	_
masquée	O	O	O	O	O	O	_	_	NoSpaceAfter	_	_	_
.	O	O	O	O	O	O	_	_	EndOfLine	_	_	_
# segment_iiif_link = https://iiif.eluxemburgensia.lu/iiif/2/ark:%2f70795%2fvf8bx0%2fpages%2f1/2809,4278,757,44/full/0/default.jpg
A	O	O	O	O	O	O	_	_	_	_	_	_
sa	O	O	O	O	O	O	_	_	_	_	_	_
vue	O	O	O	O	O	O	_	_	NoSpaceAfter	_	_	_
,	O	O	O	O	O	O	_	_	_	_	_	_
Jérôme	O	O	O	O	O	O	_	_	_	_	_	_
Touchet	O	O	O	O	O	O	_	_	_	_	_	_
éprouva	O	O	O	O	O	O	_	_	_	_	_	_
un	O	O	O	O	O	O	_	_	EndOfLine	_	_	_
# segment_iiif_link = https://iiif.eluxemburgensia.lu/iiif/2/ark:%2f70795%2fvf8bx0%2fpages%2f1/2773,4318,654,48/full/0/default.jpg
tressaillement	O	O	O	O	O	O	_	_	_	_	_	_
dont	O	O	O	O	O	O	_	_	_	_	_	_
il	O	O	O	O	O	O	_	_	_	_	_	_
ne	O	O	O	O	O	O	_	_	_	_	_	_
put	O	O	O	O	O	O	_	_	_	_	_	_
se	O	O	O	O	O	O	_	_	_	_	_	_
rendre	O	O	O	O	O	O	_	_	_	_	_	_
compte	O	O	O	O	O	O	_	_	NoSpaceAfter	_	_	_
.	O	O	O	O	O	O	_	_	EndOfLine	_	_	_
# segment_iiif_link = https://iiif.eluxemburgensia.lu/iiif/2/ark:%2f70795%2fvf8bx0%2fpages%2f1/2809,4361,766,45/full/0/default.jpg
11	O	O	O	O	O	O	_	_	_	_	_	_
lui	O	O	O	O	O	O	_	_	_	_	_	_
indiqua	O	O	O	O	O	O	_	_	_	_	_	_
un	O	O	O	O	O	O	_	_	_	_	_	_
siège	O	O	O	O	O	O	_	_	NoSpaceAfter	_	_	_
,	O	O	O	O	O	O	_	_	_	_	_	_
et	O	O	O	O	O	O	_	_	_	_	_	_
lorsque	O	O	O	O	O	O	_	_	_	_	_	_
la	O	O	O	O	O	O	_	_	_	_	_	_
dame	O	O	O	O	O	O	_	_	_	_	_	_
se	O	O	O	O	O	O	_	_	EndOfLine	_	_	_
# segment_iiif_link = https://iiif.eluxemburgensia.lu/iiif/2/ark:%2f70795%2fvf8bx0%2fpages%2f1/2772,4403,162,48/full/0/default.jpg
fut	O	O	O	O	O	O	_	_	_	_	_	_
assise	O	O	O	O	O	O	_	_	_	_	_	_
:	O	O	O	O	O	O	_	_	EndOfLine	_	_	_
# segment_iiif_link = https://iiif.eluxemburgensia.lu/iiif/2/ark:%2f70795%2fvf8bx0%2fpages%2f1/2809,4461,748,25/full/0/default.jpg
—	O	O	O	O	O	O	_	_	_	_	_	_
Qui	O	O	O	O	O	O	_	_	_	_	_	_
ai	O	O	O	O	O	O	_	_	NoSpaceAfter	_	_	_
-	O	O	O	O	O	O	_	_	NoSpaceAfter	_	_	_
je	O	O	O	O	O	O	_	_	_	_	_	_
l	O	O	O	O	O	O	_	_	NoSpaceAfter	_	_	_
'	O	O	O	O	O	O	_	_	NoSpaceAfter	_	_	_
honneur	O	O	O	O	O	O	_	_	_	_	_	_
de	O	O	O	O	O	O	_	_	_	_	_	_
recevoir	O	O	O	O	O	O	_	_	NoSpaceAfter	_	_	_
?	O	O	O	O	O	O	_	_	_	_	_	_
balbutia	O	O	O	O	O	O	_	_	EndOfLine	_	_	_
# segment_iiif_link = https://iiif.eluxemburgensia.lu/iiif/2/ark:%2f70795%2fvf8bx0%2fpages%2f1/2773,4492,222,47/full/0/default.jpg
Jérôme	O	O	O	O	O	O	_	_	_	_	_	_
intrigué	O	O	O	O	O	O	_	_	NoSpaceAfter	_	_	_
.	O	O	O	O	O	O	_	_	EndOfLine	_	_	_
# segment_iiif_link = https://iiif.eluxemburgensia.lu/iiif/2/ark:%2f70795%2fvf8bx0%2fpages%2f1/2809,4536,748,45/full/0/default.jpg
Pour	O	O	O	O	O	O	_	_	_	_	_	_
toute	O	O	O	O	O	O	_	_	_	_	_	_
réponse	O	O	O	O	O	O	_	_	NoSpaceAfter	_	_	_
,	O	O	O	O	O	O	_	_	_	_	_	_
la	O	O	O	O	O	O	_	_	_	_	_	_
visiteuse	O	O	O	O	O	O	_	_	_	_	_	_
enleva	O	O	O	O	O	O	_	_	EndOfLine	_	_	_
# segment_iiif_link = https://iiif.eluxemburgensia.lu/iiif/2/ark:%2f70795%2fvf8bx0%2fpages%2f1/2773,4580,282,43/full/0/default.jpg
prestement	O	O	O	O	O	O	_	_	_	_	_	_
son	O	O	O	O	O	O	_	_	_	_	_	_
masque	O	O	O	O	O	O	_	_	NoSpaceAfter	_	_	_
.	O	O	O	O	O	O	_	_	EndOfLine	_	_	_
# segment_iiif_link = https://iiif.eluxemburgensia.lu/iiif/2/ark:%2f70795%2fvf8bx0%2fpages%2f1/2807,4617,392,47/full/0/default.jpg
Jérôme	O	O	O	O	O	O	_	_	_	_	_	_
reconnut	O	O	O	O	O	O	_	_	_	_	_	_
sa	O	O	O	O	O	O	_	_	_	_	_	_
fille	O	O	O	O	O	O	_	_	NoSpaceAfter	_	_	_
.	O	O	O	O	O	O	_	_	EndOfLine	_	_	_
# segment_iiif_link = https://iiif.eluxemburgensia.lu/iiif/2/ark:%2f70795%2fvf8bx0%2fpages%2f1/2808,4658,763,48/full/0/default.jpg
C	O	O	O	O	O	O	_	_	NoSpaceAfter	_	_	_
'	O	O	O	O	O	O	_	_	NoSpaceAfter	_	_	_
était	O	O	O	O	O	O	_	_	_	_	_	_
Marie	O	O	O	O	O	O	_	_	NoSpaceAfter	_	_	_
,	O	O	O	O	O	O	_	_	_	_	_	_
en	O	O	O	O	O	O	_	_	_	_	_	_
effet	O	O	O	O	O	O	_	_	NoSpaceAfter	_	_	_
,	O	O	O	O	O	O	_	_	_	_	_	_
instruite	O	O	O	O	O	O	_	_	_	_	_	_
par	O	O	O	O	O	O	_	_	_	_	_	_
Maureîd	O	O	O	O	O	O	_	_	EndOfLine	_	_	_
# segment_iiif_link = https://iiif.eluxemburgensia.lu/iiif/2/ark:%2f70795%2fvf8bx0%2fpages%2f1/2772,4702,672,45/full/0/default.jpg
du	O	O	O	O	O	O	_	_	_	_	_	_
séjour	O	O	O	O	O	O	_	_	_	_	_	_
occupé	O	O	O	O	O	O	_	_	_	_	_	_
à	O	O	O	O	O	O	_	_	_	_	_	_
Paris	O	O	O	O	O	O	_	_	_	_	_	_
par	O	O	O	O	O	O	_	_	_	_	_	_
le	O	O	O	O	O	O	_	_	_	_	_	_
vieillard	O	O	O	O	O	O	_	_	NoSpaceAfter	_	_	_
.	O	O	O	O	O	O	_	_	EndOfLine	_	_	_
# segment_iiif_link = https://iiif.eluxemburgensia.lu/iiif/2/ark:%2f70795%2fvf8bx0%2fpages%2f1/2806,4745,767,48/full/0/default.jpg
Jérôme	O	O	O	O	O	O	_	_	_	_	_	_
devint	O	O	O	O	O	O	_	_	_	_	_	_
subitement	O	O	O	O	O	O	_	_	_	_	_	_
pâle	O	O	O	O	O	O	_	_	_	_	_	_
et	O	O	O	O	O	O	_	_	NoSpaceAfter	_	_	_
,	O	O	O	O	O	O	_	_	_	_	_	_
réprimant	O	O	O	O	O	O	_	_	_	_	_	_
uu	O	O	O	O	O	O	_	_	EndOfLine	_	_	_
# segment_iiif_link = https://iiif.eluxemburgensia.lu/iiif/2/ark:%2f70795%2fvf8bx0%2fpages%2f1/2772,4791,539,49/full/0/default.jpg
geste	O	O	O	O	O	O	_	_	_	_	_	_
de	O	O	O	O	O	O	_	_	_	_	_	_
colère	O	O	O	O	O	O	_	_	NoSpaceAfter	_	_	_
,	O	O	O	O	O	O	_	_	_	_	_	_
voulut	O	O	O	O	O	O	_	_	_	_	_	_
s	O	O	O	O	O	O	_	_	NoSpaceAfter	_	_	_
'	O	O	O	O	O	O	_	_	NoSpaceAfter	_	_	_
éloigner	O	O	O	O	O	O	_	_	NoSpaceAfter	_	_	_
.	O	O	O	O	O	O	_	_	EndOfLine	_	_	_
# segment_iiif_link = https://iiif.eluxemburgensia.lu/iiif/2/ark:%2f70795%2fvf8bx0%2fpages%2f1/2807,4846,752,24/full/0/default.jpg
—	O	O	O	O	O	O	_	_	_	_	_	_
Restez	O	O	O	O	O	O	_	_	NoSpaceAfter	_	_	_
,	O	O	O	O	O	O	_	_	_	_	_	_
mon	O	O	O	O	O	O	_	_	_	_	_	_
père	O	O	O	O	O	O	_	_	NoSpaceAfter	_	_	_
,	O	O	O	O	O	O	_	_	_	_	_	_
je	O	O	O	O	O	O	_	_	_	_	_	_
vous	O	O	O	O	O	O	_	_	_	_	_	_
en	O	O	O	O	O	O	_	_	_	_	_	_
prie	O	O	O	O	O	O	_	_	NoSpaceAfter	_	_	_
!	O	O	O	O	O	O	_	_	_	_	_	_
dit	O	O	O	O	O	O	_	_	EndOfLine	_	_	_
# segment_iiif_link = https://iiif.eluxemburgensia.lu/iiif/2/ark:%2f70795%2fvf8bx0%2fpages%2f1/2770,4874,535,47/full/0/default.jpg
l	O	O	O	O	O	O	_	_	NoSpaceAfter	_	_	_
'	O	O	O	O	O	O	_	_	NoSpaceAfter	_	_	_
Orléanaiae	O	O	O	O	O	O	_	_	_	_	_	_
en	O	O	O	O	O	O	_	_	_	_	_	_
lui	O	O	O	O	O	O	_	_	_	_	_	_
saisissant	O	O	O	O	O	O	_	_	_	_	_	_
la	O	O	O	O	O	O	_	_	_	_	_	_
main	O	O	O	O	O	O	_	_	NoSpaceAfter	_	_	_
.	O	O	O	O	O	O	_	_	EndOfLine	_	_	_
# segment_iiif_link = https://iiif.eluxemburgensia.lu/iiif/2/ark:%2f70795%2fvf8bx0%2fpages%2f1/2808,4933,766,23/full/0/default.jpg
—	O	O	O	O	O	O	_	_	_	_	_	_
Fille	O	O	O	O	O	O	_	_	_	_	_	_
maudite	O	O	O	O	O	O	_	_	NoSpaceAfter	_	_	_
,	O	O	O	O	O	O	_	_	_	_	_	_
laisser	O	O	O	O	O	O	_	_	NoSpaceAfter	_	_	_
-	O	O	O	O	O	O	_	_	NoSpaceAfter	_	_	_
moi	O	O	O	O	O	O	_	_	_	_	_	_
!	O	O	O	O	O	O	_	_	_	_	_	_
laissez	O	O	O	O	O	O	_	_	NoSpaceAfter	_	_	_
-	O	O	O	O	O	O	_	_	NoSpaceAfter	_	_	_
moi	O	O	O	O	O	O	_	_	_	_	_	_
!	O	O	O	O	O	O	_	_	_	_	_	_
s	O	O	O	O	O	O	_	_	NoSpaceAfter	_	_	_
'	O	O	O	O	O	O	_	_	NoSpaceAfter	_	_	_
écria	O	O	O	O	O	O	_	_	EndOfLine	_	_	_
# segment_iiif_link = https://iiif.eluxemburgensia.lu/iiif/2/ark:%2f70795%2fvf8bx0%2fpages%2f1/2772,4958,804,47/full/0/default.jpg
le	O	O	O	O	O	O	_	_	_	_	_	_
vieillard	O	O	O	O	O	O	_	_	NoSpaceAfter	_	_	_
,	O	O	O	O	O	O	_	_	_	_	_	_
en	O	O	O	O	O	O	_	_	_	_	_	_
cherchant	O	O	O	O	O	O	_	_	_	_	_	_
à	O	O	O	O	O	O	_	_	_	_	_	_
se	O	O	O	O	O	O	_	_	_	_	_	_
dégager	O	O	O	O	O	O	_	_	_	_	_	_
de	O	O	O	O	O	O	_	_	_	_	_	_
l	O	O	O	O	O	O	_	_	NoSpaceAfter	_	_	_
'	O	O	O	O	O	O	_	_	NoSpaceAfter	_	_	_
étreinte	O	O	O	O	O	O	_	_	EndOfLine	_	_	_
# segment_iiif_link = https://iiif.eluxemburgensia.lu/iiif/2/ark:%2f70795%2fvf8bx0%2fpages%2f1/2772,5002,90,47/full/0/default.jpg
filiale	O	O	O	O	O	O	_	_	NoSpaceAfter	_	_	_
.	O	O	O	O	O	O	_	_	EndOfLine	_	_	_
# segment_iiif_link = https://iiif.eluxemburgensia.lu/iiif/2/ark:%2f70795%2fvf8bx0%2fpages%2f1/2807,5057,755,24/full/0/default.jpg
—	O	O	O	O	O	O	_	_	_	_	_	_
Non	O	O	O	O	O	O	_	_	NoSpaceAfter	_	_	_
,	O	O	O	O	O	O	_	_	_	_	_	_
mon	O	O	O	O	O	O	_	_	_	_	_	_
père	O	O	O	O	O	O	_	_	NoSpaceAfter	_	_	_
,	O	O	O	O	O	O	_	_	_	_	_	_
j	O	O	O	O	O	O	_	_	NoSpaceAfter	_	_	_
'	O	O	O	O	O	O	_	_	NoSpaceAfter	_	_	_
ai	O	O	O	O	O	O	_	_	_	_	_	_
eu	O	O	O	O	O	O	_	_	_	_	_	_
le	O	O	O	O	O	O	_	_	_	_	_	_
courage	O	O	O	O	O	O	_	_	EndOfLine	_	_	_
# segment_iiif_link = https://iiif.eluxemburgensia.lu/iiif/2/ark:%2f70795%2fvf8bx0%2fpages%2f1/2770,5090,803,43/full/0/default.jpg
d	O	O	O	O	O	O	_	_	NoSpaceAfter	_	_	_
'	O	O	O	O	O	O	_	_	NoSpaceAfter	_	_	_
affronter	O	O	O	O	O	O	_	_	_	_	_	_
votre	O	O	O	O	O	O	_	_	_	_	_	_
courroux	O	O	O	O	O	O	_	_	NoSpaceAfter	_	_	_
,	O	O	O	O	O	O	_	_	_	_	_	_
il	O	O	O	O	O	O	_	_	_	_	_	_
faut	O	O	O	O	O	O	_	_	_	_	_	_
que	O	O	O	O	O	O	_	_	_	_	_	_
vous	O	O	O	O	O	O	_	_	_	_	_	_
m	O	O	O	O	O	O	_	_	NoSpaceAfter	_	_	_
'	O	O	O	O	O	O	_	_	NoSpaceAfter	_	_	_
entendiez	O	O	O	O	O	O	_	_	NoSpaceAfter	_	_	_
!	O	O	O	O	O	O	_	_	EndOfLine	_	_	_
# segment_iiif_link = https://iiif.eluxemburgensia.lu/iiif/2/ark:%2f70795%2fvf8bx0%2fpages%2f1/2805,5142,749,25/full/0/default.jpg
—	O	O	O	O	O	O	_	_	_	_	_	_
Mm	O	O	O	O	O	O	_	_	_	_	_	_
ne	O	O	O	O	O	O	_	_	_	_	_	_
vois	O	O	O	O	O	O	_	_	NoSpaceAfter	_	_	_
-	O	O	O	O	O	O	_	_	NoSpaceAfter	_	_	_
tu	O	O	O	O	O	O	_	_	_	_	_	_
pas	O	O	O	O	O	O	_	_	_	_	_	_
quêta	O	O	O	O	O	O	_	_	_	_	_	_
présente	O	O	O	O	O	O	_	_	_	_	_	_
fait	O	O	O	O	O	O	_	_	EndOfLine	_	_	_
# segment_iiif_link = https://iiif.eluxemburgensia.lu/iiif/2/ark:%2f70795%2fvf8bx0%2fpages%2f1/2770,5175,655,43/full/0/default.jpg
monter	O	O	O	O	O	O	_	_	_	_	_	_
à	O	O	O	O	O	O	_	_	_	_	_	_
mon	O	O	O	O	O	O	_	_	_	_	_	_
front	O	O	O	O	O	O	_	_	_	_	_	_
la	O	O	O	O	O	O	_	_	_	_	_	_
rougeur	O	O	O	O	O	O	_	_	_	_	_	_
de	O	O	O	O	O	O	_	_	_	_	_	_
la	O	O	O	O	O	O	_	_	_	_	_	_
honte	O	O	O	O	O	O	_	_	NoSpaceAfter	_	_	_
!	O	O	O	O	O	O	_	_	EndOfLine	_	_	_
# segment_iiif_link = https://iiif.eluxemburgensia.lu/iiif/2/ark:%2f70795%2fvf8bx0%2fpages%2f1/2807,5230,765,25/full/0/default.jpg
—	O	O	O	O	O	O	_	_	_	_	_	_
Je	O	O	O	O	O	O	_	_	_	_	_	_
ne	O	O	O	O	O	O	_	_	_	_	_	_
suis	O	O	O	O	O	O	_	_	_	_	_	_
plus	O	O	O	O	O	O	_	_	_	_	_	_
la	O	O	O	O	O	O	_	_	_	_	_	_
maîtresse	O	O	O	O	O	O	_	_	_	_	_	_
du	O	O	O	O	O	O	_	_	_	_	_	_
roi	O	O	O	O	O	O	_	_	NoSpaceAfter	_	_	_
.	O	O	O	O	O	O	_	_	NoSpaceAfter	_	_	_
.	O	O	O	O	O	O	_	_	NoSpaceAfter	_	_	_
.	O	O	O	O	O	O	_	_	_	_	_	_
je	O	O	O	O	O	O	_	_	_	_	_	_
suis	O	O	O	O	O	O	_	_	EndOfLine	_	_	_
# segment_iiif_link = https://iiif.eluxemburgensia.lu/iiif/2/ark:%2f70795%2fvf8bx0%2fpages%2f1/2770,5267,802,38/full/0/default.jpg
une	O	O	O	O	O	O	_	_	_	_	_	_
fille	O	O	O	O	O	O	_	_	_	_	_	_
repentante	O	O	O	O	O	O	_	_	_	_	_	_
et	O	O	O	O	O	O	_	_	_	_	_	_
malheureuse	O	O	O	O	O	O	_	_	NoSpaceAfter	_	_	_
!	O	O	O	O	O	O	_	_	_	_	_	_
dit	O	O	O	O	O	O	_	_	_	_	_	_
Mai	O	O	O	O	O	O	_	_	_	_	_	_
.	O	O	O	O	O	O	_	_	NoSpaceAfter	_	_	_
e	O	O	O	O	O	O	_	_	_	_	_	_
d	O	O	O	O	O	O	_	_	NoSpaceAfter	_	_	_
'	O	O	O	O	O	O	_	_	NoSpaceAfter	_	_	_
un	O	O	O	O	O	O	_	_	EndOfLine	_	_	_
# segment_iiif_link = https://iiif.eluxemburgensia.lu/iiif/2/ark:%2f70795%2fvf8bx0%2fpages%2f1/2770,5305,803,43/full/0/default.jpg
ton	O	O	O	O	O	O	_	_	_	_	_	_
de	O	O	O	O	O	O	_	_	_	_	_	_
voix	O	O	O	O	O	O	_	_	_	_	_	_
indéfinissable	O	O	O	O	O	O	_	_	NoSpaceAfter	_	_	_
:	O	O	O	O	O	O	_	_	_	_	_	_
je	O	O	O	O	O	O	_	_	_	_	_	_
vous	O	O	O	O	O	O	_	_	_	_	_	_
demandegrac	O	O	O	O	O	O	_	_	NoSpaceAfter	_	_	_
«	O	O	O	O	O	O	_	_	EndOfLine	_	_	_
# segment_iiif_link = https://iiif.eluxemburgensia.lu/iiif/2/ark:%2f70795%2fvf8bx0%2fpages%2f1/2770,5348,125,45/full/0/default.jpg
•	O	O	O	O	O	O	_	_	NoSpaceAfter	_	_	_
t	O	O	O	O	O	O	_	_	_	_	_	_
pitié	O	O	O	O	O	O	_	_	NoSpaceAfter	_	_	_
!	O	O	O	O	O	O	_	_	EndOfLine	_	_	_
# segment_iiif_link = https://iiif.eluxemburgensia.lu/iiif/2/ark:%2f70795%2fvf8bx0%2fpages%2f1/2808,5388,752,50/full/0/default.jpg
Ce	O	O	O	O	O	O	_	_	NoSpaceAfter	_	_	_
»	O	O	O	O	O	O	_	_	_	_	_	_
mots	O	O	O	O	O	O	_	_	_	_	_	_
fondirent	O	O	O	O	O	O	_	_	_	_	_	_
en	O	O	O	O	O	O	_	_	_	_	_	_
un	O	O	O	O	O	O	_	_	_	_	_	_
instant	O	O	O	O	O	O	_	_	_	_	_	_
toute	O	O	O	O	O	O	_	_	NoSpaceAfter	_	_	_
,	O	O	O	O	O	O	_	_	EndOfLine	_	_	_
# segment_iiif_link = https://iiif.eluxemburgensia.lu/iiif/2/ark:%2f70795%2fvf8bx0%2fpages%2f1/153,5346,241,56/full/0/default.jpg
f	O	O	O	O	O	O	_	_	NoSpaceAfter	_	_	_
*	O	O	O	O	O	O	_	_	NoSpaceAfter	_	_	_
)	O	O	O	O	O	O	_	_	_	_	_	_
XVI	O	O	O	O	O	O	_	_	NoSpaceAfter	_	_	_
«	O	O	O	O	O	O	_	_	_	_	_	_
siiole	O	O	O	O	O	O	_	_	NoSpaceAfter	_	_	_
.	O	O	O	O	O	O	_	_	EndOfLine	_	_	_
# segment_iiif_link = https://iiif.eluxemburgensia.lu/iiif/2/ark:%2f70795%2fvf8bx0%2fpages%2f2/233,3768,482,40/full/0/default.jpg
.	O	O	O	O	O	O	_	_	NoSpaceAfter	_	_	_
»	O	O	O	O	O	O	_	_	NoSpaceAfter	_	_	_
iglace3	O	O	O	O	O	O	_	_	_	_	_	_
du	O	O	O	O	O	O	_	_	_	_	_	_
cœur	O	O	O	O	O	O	_	_	_	_	_	_
de	O	O	O	O	O	O	_	_	_	_	_	_
ce	O	O	O	O	O	O	_	_	_	_	_	_
père	O	O	O	O	O	O	_	_	_	_	_	_
irrité	O	O	O	O	O	O	_	_	NoSpaceAfter	_	_	_
.	O	O	O	O	O	O	_	_	EndOfLine	EndOfSentence	_	_
# segment_iiif_link = https://iiif.eluxemburgensia.lu/iiif/2/ark:%2f70795%2fvf8bx0%2fpages%2f2/328,3803,692,48/full/0/default.jpg
s	O	O	O	O	O	O	_	_	NoSpaceAfter	_	_	_
'	O	O	O	O	O	O	_	_	NoSpaceAfter	_	_	_
affaissa	O	O	O	O	O	O	_	_	_	_	_	_
plutôt	O	O	O	O	O	O	_	_	_	_	_	_
qu	O	O	O	O	O	O	_	_	NoSpaceAfter	_	_	_
'	O	O	O	O	O	O	_	_	NoSpaceAfter	_	_	_
il	O	O	O	O	O	O	_	_	_	_	_	_
ne	O	O	O	O	O	O	_	_	_	_	_	_
s	O	O	O	O	O	O	_	_	NoSpaceAfter	_	_	_
'	O	O	O	O	O	O	_	_	NoSpaceAfter	_	_	_
assit	O	O	O	O	O	O	_	_	_	_	_	_
sur	O	O	O	O	O	O	_	_	_	_	_	_
un	O	O	O	O	O	O	_	_	EndOfLine	_	_	_
# segment_iiif_link = https://iiif.eluxemburgensia.lu/iiif/2/ark:%2f70795%2fvf8bx0%2fpages%2f2/233,3848,640,50/full/0/default.jpg
escabeau	O	O	O	O	O	O	_	_	NoSpaceAfter	_	_	_
,	O	O	O	O	O	O	_	_	_	_	_	_
et	O	O	O	O	O	O	_	_	_	_	_	_
faisant	O	O	O	O	O	O	_	_	_	_	_	_
appel	O	O	O	O	O	O	_	_	_	_	_	_
à	O	O	O	O	O	O	_	_	_	_	_	_
son	O	O	O	O	O	O	_	_	_	_	_	_
courage	O	O	O	O	O	O	_	_	_	_	_	_
:	O	O	O	O	O	O	_	_	EndOfLine	_	_	_
# segment_iiif_link = https://iiif.eluxemburgensia.lu/iiif/2/ark:%2f70795%2fvf8bx0%2fpages%2f2/269,3901,673,24/full/0/default.jpg
—	O	O	O	O	O	O	_	_	_	_	_	_
Que	O	O	O	O	O	O	_	_	_	_	_	_
voulez	O	O	O	O	O	O	_	_	NoSpaceAfter	_	_	_
-	O	O	O	O	O	O	_	_	NoSpaceAfter	_	_	_
vous	O	O	O	O	O	O	_	_	_	_	_	_
de	O	O	O	O	O	O	_	_	_	_	_	_
mai	O	O	O	O	O	O	_	_	NoSpaceAfter	_	_	_
?	O	O	O	O	O	O	_	_	_	EndOfSentence	_	_
Parlez	O	O	O	O	O	O	_	_	NoSpaceAfter	_	_	_
,	O	O	O	O	O	O	_	_	_	_	_	_
dit	O	O	O	O	O	O	_	_	NoSpaceAfter	_	_	_
-	O	O	O	O	O	O	_	_	NoSpaceAfter	_	_	_
il	O	O	O	O	O	O	_	_	NoSpaceAfter	_	_	_
.	O	O	O	O	O	O	_	_	EndOfLine	EndOfSentence	_	_
# segment_iiif_link = https://iiif.eluxemburgensia.lu/iiif/2/ark:%2f70795%2fvf8bx0%2fpages%2f2/272,3946,765,23/full/0/default.jpg
—	O	O	O	O	O	O	_	_	_	_	_	_
Il	O	O	O	O	O	O	_	_	_	_	_	_
y	O	O	O	O	O	O	_	_	_	_	_	_
a	O	O	O	O	O	O	_	_	_	_	_	_
quelques	O	O	O	O	O	O	_	_	_	_	_	_
jours	O	O	O	O	O	O	_	_	NoSpaceAfter	_	_	_
,	O	O	O	O	O	O	_	_	_	_	_	_
reprit	O	O	O	O	O	O	_	_	_	_	_	_
Marie	O	O	O	O	O	O	_	_	NoSpaceAfter	_	_	_
,	O	O	O	O	O	O	_	_	_	_	_	_
subissant	O	O	O	O	O	O	_	_	EndOfLine	_	_	_
# segment_iiif_link = https://iiif.eluxemburgensia.lu/iiif/2/ark:%2f70795%2fvf8bx0%2fpages%2f2/233,3973,790,56/full/0/default.jpg
malgré	O	O	O	O	O	O	_	_	_	_	_	_
elle	O	O	O	O	O	O	_	_	_	_	_	_
une	O	O	O	O	O	O	_	_	_	_	_	_
émotion	O	O	O	O	O	O	_	_	_	_	_	_
poignante	O	O	O	O	O	O	_	_	NoSpaceAfter	_	_	_
,	O	O	O	O	O	O	_	_	_	_	_	_
je	O	O	O	O	O	O	_	_	_	_	_	_
vous	O	O	O	O	O	O	_	_	EndOfLine	_	_	_
# segment_iiif_link = https://iiif.eluxemburgensia.lu/iiif/2/ark:%2f70795%2fvf8bx0%2fpages%2f2/236,4018,801,51/full/0/default.jpg
rencontrai	O	O	O	O	O	O	_	_	NoSpaceAfter	_	_	_
,	O	O	O	O	O	O	_	_	_	_	_	_
et	O	O	O	O	O	O	_	_	NoSpaceAfter	_	_	_
.	O	O	O	O	O	O	_	_	NoSpaceAfter	_	_	_
.	O	O	O	O	O	O	_	_	NoSpaceAfter	_	_	_
.	O	O	O	O	O	O	_	_	_	_	_	_
je	O	O	O	O	O	O	_	_	_	_	_	_
sentis	O	O	O	O	O	O	_	_	_	_	_	_
tressaillir	O	O	O	O	O	O	_	_	_	_	_	_
toutes	O	O	O	O	O	O	_	_	_	_	_	_
les	O	O	O	O	O	O	_	_	_	_	_	_
fibres	O	O	O	O	O	O	_	_	EndOfLine	_	_	_
# segment_iiif_link = https://iiif.eluxemburgensia.lu/iiif/2/ark:%2f70795%2fvf8bx0%2fpages%2f2/236,4059,236,48/full/0/default.jpg
de	O	O	O	O	O	O	_	_	_	_	_	_
mon	O	O	O	O	O	O	_	_	_	_	_	_
cœur	O	O	O	O	O	O	_	_	NoSpaceAfter	_	_	_
.	O	O	O	O	O	O	_	_	NoSpaceAfter	_	_	_
.	O	O	O	O	O	O	_	_	NoSpaceAfter	_	_	_
.	O	O	O	O	O	O	_	_	EndOfLine	EndOfSentence	_	_
# segment_iiif_link = https://iiif.eluxemburgensia.lu/iiif/2/ark:%2f70795%2fvf8bx0%2fpages%2f2/270,4104,769,44/full/0/default.jpg
Le	O	O	O	O	O	O	_	_	_	_	_	_
vieillard	O	O	O	O	O	O	_	_	_	_	_	_
hacha	O	O	O	O	O	O	_	_	_	_	_	_
la	O	O	O	O	O	O	_	_	_	_	_	_
tète	O	O	O	O	O	O	_	_	_	_	_	_
en	O	O	O	O	O	O	_	_	_	_	_	_
signe	O	O	O	O	O	O	_	_	_	_	_	_
d	O	O	O	O	O	O	_	_	NoSpaceAfter	_	_	_
'	O	O	O	O	O	O	_	_	NoSpaceAfter	_	_	_
incrédulité	O	O	O	O	O	O	_	_	NoSpaceAfter	_	_	_
.	O	O	O	O	O	O	_	_	EndOfLine	EndOfSentence	_	_
# segment_iiif_link = https://iiif.eluxemburgensia.lu/iiif/2/ark:%2f70795%2fvf8bx0%2fpages%2f2/270,4161,766,24/full/0/default.jpg
—	O	O	O	O	O	O	_	_	_	_	_	_
Oh	O	O	O	O	O	O	_	_	NoSpaceAfter	_	_	_
!	O	O	O	O	O	O	_	_	_	_	_	_
ne	O	O	O	O	O	O	_	_	_	_	_	_
doutez	O	O	O	O	O	O	_	_	_	_	_	_
pas	O	O	O	O	O	O	_	_	_	_	_	_
de	O	O	O	O	O	O	_	_	_	_	_	_
mes	O	O	O	O	O	O	_	_	_	_	_	_
paroles	O	O	O	O	O	O	_	_	NoSpaceAfter	_	_	_
.	O	O	O	O	O	O	_	_	NoSpaceAfter	_	_	_
.	O	O	O	O	O	O	_	_	NoSpaceAfter	_	_	_
.	O	O	O	O	O	O	_	_	_	EndOfSentence	_	_
La	O	O	O	O	O	O	_	_	_	_	_	_
vue	O	O	O	O	O	O	_	_	EndOfLine	_	_	_
# segment_iiif_link = https://iiif.eluxemburgensia.lu/iiif/2/ark:%2f70795%2fvf8bx0%2fpages%2f2/237,4189,800,45/full/0/default.jpg
d	O	O	O	O	O	O	_	_	NoSpaceAfter	_	_	_
'	O	O	O	O	O	O	_	_	NoSpaceAfter	_	_	_
un	O	O	O	O	O	O	_	_	_	_	_	_
père	O	O	O	O	O	O	_	_	_	_	_	_
a	O	O	O	O	O	O	_	_	_	_	_	_
le	O	O	O	O	O	O	_	_	_	_	_	_
privilège	O	O	O	O	O	O	_	_	_	_	_	_
de	O	O	O	O	O	O	_	_	_	_	_	_
réveiller	O	O	O	O	O	O	_	_	_	_	_	_
les	O	O	O	O	O	O	_	_	_	_	_	_
sentiments	O	O	O	O	O	O	_	_	EndOfLine	_	_	_
# segment_iiif_link = https://iiif.eluxemburgensia.lu/iiif/2/ark:%2f70795%2fvf8bx0%2fpages%2f2/233,4231,531,47/full/0/default.jpg
endor	O	O	O	O	O	O	_	_	_	_	_	_
is	O	O	O	O	O	O	_	_	_	_	_	_
dans	O	O	O	O	O	O	_	_	_	_	_	_
l	O	O	O	O	O	O	_	_	NoSpaceAfter	_	_	_
'	O	O	O	O	O	O	_	_	NoSpaceAfter	_	_	_
âme	O	O	O	O	O	O	_	_	_	_	_	_
d	O	O	O	O	O	O	_	_	NoSpaceAfter	_	_	_
'	O	O	O	O	O	O	_	_	NoSpaceAfter	_	_	_
un	O	O	O	O	O	O	_	_	_	_	_	_
enfant	O	O	O	O	O	O	_	_	NoSpaceAfter	_	_	_
.	O	O	O	O	O	O	_	_	EndOfLine	EndOfSentence	_	_
# segment_iiif_link = https://iiif.eluxemburgensia.lu/iiif/2/ark:%2f70795%2fvf8bx0%2fpages%2f2/276,4287,749,24/full/0/default.jpg
—	O	O	O	O	O	O	_	_	_	_	_	_
N	O	O	O	O	O	O	_	_	NoSpaceAfter	_	_	_
'	O	O	O	O	O	O	_	_	NoSpaceAfter	_	_	_
étaient	O	O	O	O	O	O	_	_	NoSpaceAfter	_	_	_
-	O	O	O	O	O	O	_	_	NoSpaceAfter	_	_	_
ils	O	O	O	O	O	O	_	_	_	_	_	_
doue	O	O	O	O	O	O	_	_	_	_	_	_
pas	O	O	O	O	O	O	_	_	_	_	_	_
morts	O	O	O	O	O	O	_	_	_	_	_	_
en	O	O	O	O	O	O	_	_	_	_	_	_
toi	O	O	O	O	O	O	_	_	NoSpaceAfter	_	_	_
,	O	O	O	O	O	O	_	_	_	_	_	_
ces	O	O	O	O	O	O	_	_	EndOfLine	_	_	_
# segment_iiif_link = https://iiif.eluxemburgensia.lu/iiif/2/ark:%2f70795%2fvf8bx0%2fpages%2f2/237,4317,800,45/full/0/default.jpg
sentiments	O	O	O	O	O	O	_	_	NoSpaceAfter	_	_	_
,	O	O	O	O	O	O	_	_	_	_	_	_
le	O	O	O	O	O	O	_	_	_	_	_	_
jour	O	O	O	O	O	O	_	_	_	_	_	_
où	O	O	O	O	O	O	_	_	_	_	_	_
tu	O	O	O	O	O	O	_	_	_	_	_	_
quittas	O	O	O	O	O	O	_	_	_	_	_	_
la	O	O	O	O	O	O	_	_	_	_	_	_
maison	O	O	O	O	O	O	_	_	_	_	_	_
paternelle	O	O	O	O	O	O	_	_	EndOfLine	_	_	_
# segment_iiif_link = https://iiif.eluxemburgensia.lu/iiif/2/ark:%2f70795%2fvf8bx0%2fpages%2f2/237,4368,802,43/full/0/default.jpg
pour	O	O	O	O	O	O	_	_	_	_	_	_
monter	O	O	O	O	O	O	_	_	_	_	_	_
sur	O	O	O	O	O	O	_	_	_	_	_	_
le	O	O	O	O	O	O	_	_	_	_	_	_
parois	O	O	O	O	O	O	_	_	_	_	_	_
de	O	O	O	O	O	O	_	_	_	_	_	_
la	O	O	O	O	O	O	_	_	_	_	_	_
débauche	O	O	O	O	O	O	_	_	_	_	_	_
et	O	O	O	O	O	O	_	_	_	_	_	_
de	O	O	O	O	O	O	_	_	EndOfLine	_	_	_
# segment_iiif_link = https://iiif.eluxemburgensia.lu/iiif/2/ark:%2f70795%2fvf8bx0%2fpages%2f2/235,4403,142,47/full/0/default.jpg
l	O	O	O	O	O	O	_	_	NoSpaceAfter	_	_	_
'	O	O	O	O	O	O	_	_	NoSpaceAfter	_	_	_
infamie	O	O	O	O	O	O	_	_	_	_	_	_
I	O	O	O	O	O	O	_	_	EndOfLine	_	_	_
# segment_iiif_link = https://iiif.eluxemburgensia.lu/iiif/2/ark:%2f70795%2fvf8bx0%2fpages%2f2/271,4446,686,44/full/0/default.jpg
L	O	O	O	O	O	O	_	_	NoSpaceAfter	_	_	_
'	O	O	O	O	O	O	_	_	NoSpaceAfter	_	_	_
Orlùanaise	O	O	O	O	O	O	_	_	_	_	_	_
cacha	O	O	O	O	O	O	_	_	_	_	_	_
sa	O	O	O	O	O	O	_	_	_	_	_	_
tête	O	O	O	O	O	O	_	_	_	_	_	_
dans	O	O	O	O	O	O	_	_	_	_	_	_
ses	O	O	O	O	O	O	_	_	_	_	_	_
mains	O	O	O	O	O	O	_	_	NoSpaceAfter	_	_	_
.	O	O	O	O	O	O	_	_	EndOfLine	EndOfSentence	_	_
# segment_iiif_link = https://iiif.eluxemburgensia.lu/iiif/2/ark:%2f70795%2fvf8bx0%2fpages%2f2/272,4489,545,45/full/0/default.jpg
Mois	O	O	O	O	O	O	_	_	_	_	_	_
réprimant	O	O	O	O	O	O	_	_	_	_	_	_
aussitôt	O	O	O	O	O	O	_	_	_	_	_	_
sa	O	O	O	O	O	O	_	_	_	_	_	_
honte	O	O	O	O	O	O	_	_	_	_	_	_
:	O	O	O	O	O	O	_	_	EndOfLine	_	_	_
# segment_iiif_link = https://iiif.eluxemburgensia.lu/iiif/2/ark:%2f70795%2fvf8bx0%2fpages%2f2/274,4544,762,22/full/0/default.jpg
—	O	O	O	O	O	O	_	_	_	_	_	_
Je	O	O	O	O	O	O	_	_	_	_	_	_
viens	O	O	O	O	O	O	_	_	_	_	_	_
vous	O	O	O	O	O	O	_	_	_	_	_	_
demander	O	O	O	O	O	O	_	_	_	_	_	_
pardon	O	O	O	O	O	O	_	_	NoSpaceAfter	_	_	_
,	O	O	O	O	O	O	_	_	_	_	_	_
mon	O	O	O	O	O	O	_	_	_	_	_	_
père	O	O	O	O	O	O	_	_	NoSpaceAfter	_	_	_
,	O	O	O	O	O	O	_	_	EndOfLine	_	_	_
# segment_iiif_link = https://iiif.eluxemburgensia.lu/iiif/2/ark:%2f70795%2fvf8bx0%2fpages%2f2/239,4569,657,47/full/0/default.jpg
de	O	O	O	O	O	O	_	_	_	_	_	_
tout	O	O	O	O	O	O	_	_	_	_	_	_
le	O	O	O	O	O	O	_	_	_	_	_	_
chagrin	O	O	O	O	O	O	_	_	_	_	_	_
que	O	O	O	O	O	O	_	_	_	_	_	_
je	O	O	O	O	O	O	_	_	_	_	_	_
vous	O	O	O	O	O	O	_	_	_	_	_	_
ai	O	O	O	O	O	O	_	_	_	_	_	_
causé	O	O	O	O	O	O	_	_	NoSpaceAfter	_	_	_
.	O	O	O	O	O	O	_	_	EndOfLine	EndOfSentence	_	_
# segment_iiif_link = https://iiif.eluxemburgensia.lu/iiif/2/ark:%2f70795%2fvf8bx0%2fpages%2f2/276,4626,764,23/full/0/default.jpg
—	O	O	O	O	O	O	_	_	_	_	_	_
Le	O	O	O	O	O	O	_	_	_	_	_	_
déshonneur	O	O	O	O	O	O	_	_	_	_	_	_
de	O	O	O	O	O	O	_	_	_	_	_	_
ma	O	O	O	O	O	O	_	_	_	_	_	_
maison	O	O	O	O	O	O	_	_	_	_	_	_
a	O	O	O	O	O	O	_	_	_	_	_	_
été	O	O	O	O	O	O	_	_	_	_	_	_
consommé	O	O	O	O	O	O	_	_	NoSpaceAfter	_	_	_
;	O	O	O	O	O	O	_	_	EndOfLine	_	_	_
# segment_iiif_link = https://iiif.eluxemburgensia.lu/iiif/2/ark:%2f70795%2fvf8bx0%2fpages%2f2/237,4663,783,41/full/0/default.jpg
mes	O	O	O	O	O	O	_	_	_	_	_	_
lèvres	O	O	O	O	O	O	_	_	_	_	_	_
ne	O	O	O	O	O	O	_	_	_	_	_	_
sauraient	O	O	O	O	O	O	_	_	_	_	_	_
rétracter	O	O	O	O	O	O	_	_	_	_	_	_
la	O	O	O	O	O	O	_	_	_	_	_	_
malédiction	O	O	O	O	O	O	_	_	NoSpaceAfter	_	_	_
.	O	O	O	O	O	O	_	_	EndOfLine	EndOfSentence	_	_
# segment_iiif_link = https://iiif.eluxemburgensia.lu/iiif/2/ark:%2f70795%2fvf8bx0%2fpages%2f2/276,4712,764,23/full/0/default.jpg
—	O	O	O	O	O	O	_	_	_	_	_	_
Oui	O	O	O	O	O	O	_	_	NoSpaceAfter	_	_	_
.	O	O	O	O	O	O	_	_	NoSpaceAfter	_	_	_
.	O	O	O	O	O	O	_	_	NoSpaceAfter	_	_	_
.	O	O	O	O	O	O	_	_	_	_	_	_
c	O	O	O	O	O	O	_	_	NoSpaceAfter	_	_	_
'	O	O	O	O	O	O	_	_	NoSpaceAfter	_	_	_
est	O	O	O	O	O	O	_	_	_	_	_	_
vrai	O	O	O	O	O	O	_	_	NoSpaceAfter	_	_	_
!	O	O	O	O	O	O	_	_	NoSpaceAfter	EndOfSentence	_	_
.	O	O	O	O	O	O	_	_	NoSpaceAfter	_	_	_
.	O	O	O	O	O	O	_	_	NoSpaceAfter	_	_	_
.	O	O	O	O	O	O	_	_	_	_	_	_
je	O	O	O	O	O	O	_	_	_	_	_	_
suis	O	O	O	O	O	O	_	_	_	_	_	_
une	O	O	O	O	O	O	_	_	_	_	_	_
fille	O	O	O	O	O	O	_	_	_	_	_	_
maudite	O	O	O	O	O	O	_	_	NoSpaceAfter	_	_	_
.	O	O	O	O	O	O	_	_	NoSpaceAfter	_	_	_
.	O	O	O	O	O	O	_	_	NoSpaceAfter	_	_	_
.	O	O	O	O	O	O	_	_	EndOfLine	_	_	_
# segment_iiif_link = https://iiif.eluxemburgensia.lu/iiif/2/ark:%2f70795%2fvf8bx0%2fpages%2f2/237,4744,802,48/full/0/default.jpg
les	O	O	O	O	O	O	_	_	_	_	_	_
passions	O	O	O	O	O	O	_	_	_	_	_	_
m	O	O	O	O	O	O	_	_	NoSpaceAfter	_	_	_
'	O	O	O	O	O	O	_	_	NoSpaceAfter	_	_	_
ont	O	O	O	O	O	O	_	_	_	_	_	_
perdue	O	O	O	O	O	O	_	_	NoSpaceAfter	_	_	_
.	O	O	O	O	O	O	_	_	NoSpaceAfter	_	_	_
.	O	O	O	O	O	O	_	_	NoSpaceAfter	_	_	_
.	O	O	O	O	O	O	_	_	_	_	_	_
j	O	O	O	O	O	O	_	_	NoSpaceAfter	_	_	_
'	O	O	O	O	O	O	_	_	NoSpaceAfter	_	_	_
ai	O	O	O	O	O	O	_	_	_	_	_	_
été	O	O	O	O	O	O	_	_	_	_	_	_
entraînée	O	O	O	O	O	O	_	_	_	_	_	_
par	O	O	O	O	O	O	_	_	EndOfLine	_	_	_
# segment_iiif_link = https://iiif.eluxemburgensia.lu/iiif/2/ark:%2f70795%2fvf8bx0%2fpages%2f2/239,4794,801,40/full/0/default.jpg
une	O	O	O	O	O	O	_	_	_	_	_	_
ambition	O	O	O	O	O	O	_	_	_	_	_	_
dont	O	O	O	O	O	O	_	_	_	_	_	_
je	O	O	O	O	O	O	_	_	_	_	_	_
ne	O	O	O	O	O	O	_	_	_	_	_	_
me	O	O	O	O	O	O	_	_	_	_	_	_
rendais	O	O	O	O	O	O	_	_	_	_	_	_
pas	O	O	O	O	O	O	_	_	_	_	_	_
compte	O	O	O	O	O	O	_	_	NoSpaceAfter	_	_	_
.	O	O	O	O	O	O	_	_	NoSpaceAfter	_	_	_
.	O	O	O	O	O	O	_	_	NoSpaceAfter	_	_	_
.	O	O	O	O	O	O	_	_	EndOfLine	EndOfSentence	_	_
# segment_iiif_link = https://iiif.eluxemburgensia.lu/iiif/2/ark:%2f70795%2fvf8bx0%2fpages%2f2/236,4831,801,45/full/0/default.jpg
Oh	O	O	O	O	O	O	_	_	_	_	_	_
!	O	O	O	O	O	O	_	_	_	_	_	_
mon	O	O	O	O	O	O	_	_	_	_	_	_
père	O	O	O	O	O	O	_	_	NoSpaceAfter	_	_	_
,	O	O	O	O	O	O	_	_	_	_	_	_
mon	O	O	O	O	O	O	_	_	_	_	_	_
père	O	O	O	O	O	O	_	_	NoSpaceAfter	_	_	_
,	O	O	O	O	O	O	_	_	_	_	_	_
voyez	O	O	O	O	O	O	_	_	_	_	_	_
mon	O	O	O	O	O	O	_	_	_	_	_	_
repentir	O	O	O	O	O	O	_	_	_	_	_	_
et	O	O	O	O	O	O	_	_	EndOfLine	_	_	_
# segment_iiif_link = https://iiif.eluxemburgensia.lu/iiif/2/ark:%2f70795%2fvf8bx0%2fpages%2f2/237,4881,803,38/full/0/default.jpg
mes	O	O	O	O	O	O	_	_	_	_	_	_
!	O	O	O	O	O	O	_	_	EndOfLine	EndOfSentence	_	_
# segment_iiif_link = https://iiif.eluxemburgensia.lu/iiif/2/ark:%2f70795%2fvf8bx0%2fpages%2f2/271,4931,768,25/full/0/default.jpg
—	O	O	O	O	O	O	_	_	_	_	_	_
Co	O	O	O	O	O	O	_	_	_	_	_	_
ne	O	O	O	O	O	O	_	_	_	_	_	_
sont	O	O	O	O	O	O	_	_	_	_	_	_
pas	O	O	O	O	O	O	_	_	_	_	_	_
encore	O	O	O	O	O	O	_	_	_	_	_	_
des	O	O	O	O	O	O	_	_	_	_	_	_
larmes	O	O	O	O	O	O	_	_	_	_	_	_
de	O	O	O	O	O	O	_	_	_	_	_	_
sang	O	O	O	O	O	O	_	_	NoSpaceAfter	_	_	_
,	O	O	O	O	O	O	_	_	EndOfLine	_	_	_
# segment_iiif_link = https://iiif.eluxemburgensia.lu/iiif/2/ark:%2f70795%2fvf8bx0%2fpages%2f2/236,4967,571,38/full/0/default.jpg
comme	O	O	O	O	O	O	_	_	_	_	_	_
celles	O	O	O	O	O	O	_	_	_	_	_	_
que	O	O	O	O	O	O	_	_	_	_	_	_
j	O	O	O	O	O	O	_	_	NoSpaceAfter	_	_	_
'	O	O	O	O	O	O	_	_	NoSpaceAfter	_	_	_
ai	O	O	O	O	O	O	_	_	_	_	_	_
versées	O	O	O	O	O	O	_	_	NoSpaceAfter	_	_	_
,	O	O	O	O	O	O	_	_	_	_	_	_
moi	O	O	O	O	O	O	_	_	NoSpaceAfter	_	_	_
!	O	O	O	O	O	O	_	_	EndOfLine	EndOfSentence	_	_
# segment_iiif_link = https://iiif.eluxemburgensia.lu/iiif/2/ark:%2f70795%2fvf8bx0%2fpages%2f2/272,5018,749,23/full/0/default.jpg
—	O	O	O	O	O	O	_	_	_	_	_	_
Mais	O	O	O	O	O	O	_	_	_	_	_	_
si	O	O	O	O	O	O	_	_	_	_	_	_
je	O	O	O	O	O	O	_	_	_	_	_	_
vous	O	O	O	O	O	O	_	_	_	_	_	_
domandais	O	O	O	O	O	O	_	_	NoSpaceAfter	_	_	_
,	O	O	O	O	O	O	_	_	_	_	_	_
suppliante	O	O	O	O	O	O	_	_	_	_	_	_
et	O	O	O	O	O	O	_	_	EndOfLine	_	_	_
# segment_iiif_link = https://iiif.eluxemburgensia.lu/iiif/2/ark:%2f70795%2fvf8bx0%2fpages%2f2/237,5043,799,54/full/0/default.jpg
humilié	O	O	O	O	O	O	_	_	NoSpaceAfter	_	_	_
,	O	O	O	O	O	O	_	_	_	_	_	_
de	O	O	O	O	O	O	_	_	_	_	_	_
m	O	O	O	O	O	O	_	_	NoSpaceAfter	_	_	_
'	O	O	O	O	O	O	_	_	NoSpaceAfter	_	_	_
ouvrir	O	O	O	O	O	O	_	_	_	_	_	_
la	O	O	O	O	O	O	_	_	_	_	_	_
maison	O	O	O	O	O	O	_	_	_	_	_	_
paternelle	O	O	O	O	O	O	_	_	NoSpaceAfter	_	_	_
,	O	O	O	O	O	O	_	_	_	_	_	_
et	O	O	O	O	O	O	_	_	_	_	_	_
de	O	O	O	O	O	O	_	_	_	_	_	_
m	O	O	O	O	O	O	_	_	NoSpaceAfter	_	_	_
'	O	O	O	O	O	O	_	_	NoSpaceAfter	_	_	_
y	O	O	O	O	O	O	_	_	EndOfLine	_	_	_
# segment_iiif_link = https://iiif.eluxemburgensia.lu/iiif/2/ark:%2f70795%2fvf8bx0%2fpages%2f2/238,5085,640,45/full/0/default.jpg
traiter	O	O	O	O	O	O	_	_	_	_	_	_
comme	O	O	O	O	O	O	_	_	_	_	_	_
votre	O	O	O	O	O	O	_	_	_	_	_	_
servante	O	O	O	O	O	O	_	_	NoSpaceAfter	_	_	_
.	O	O	O	O	O	O	_	_	NoSpaceAfter	_	_	_
.	O	O	O	O	O	O	_	_	NoSpaceAfter	_	_	_
.	O	O	O	O	O	O	_	_	_	_	_	_
dites	O	O	O	O	O	O	_	_	NoSpaceAfter	_	_	_
,	O	O	O	O	O	O	_	_	_	_	_	_
me	O	O	O	O	O	O	_	_	EndOfLine	_	_	_
# segment_iiif_link = _
recev	O	O	O	O	O	O	_	_	EndOfLine|NoSpaceAfter	_	_	_
# segment_iiif_link = https://iiif.eluxemburgensia.lu/iiif/2/ark:%2f70795%2fvf8bx0%2fpages%2f2/274,5186,749,24/full/0/default.jpg
riezvous	O	O	O	O	O	O	_	_	NoSpaceAfter	_	_	_
?	O	O	O	O	O	O	_	_	_	EndOfSentence	_	_
—	O	O	O	O	O	O	_	_	_	_	_	_
Jamaisl	O	O	O	O	O	O	_	_	_	_	_	_
L	O	O	O	O	O	O	_	_	NoSpaceAfter	_	_	_
'	O	O	O	O	O	O	_	_	NoSpaceAfter	_	_	_
ombre	O	O	O	O	O	O	_	_	_	_	_	_
de	O	O	O	O	O	O	_	_	_	_	_	_
votre	O	O	O	O	O	O	_	_	_	_	_	_
mère	O	O	O	O	O	O	_	_	_	_	_	_
vous	O	O	O	O	O	O	_	_	EndOfLine	_	_	_
# segment_iiif_link = https://iiif.eluxemburgensia.lu/iiif/2/ark:%2f70795%2fvf8bx0%2fpages%2f2/236,5214,803,47/full/0/default.jpg
chasserait	O	O	O	O	O	O	_	_	_	_	_	_
du	O	O	O	O	O	O	_	_	_	_	_	_
sanctuaire	O	O	O	O	O	O	_	_	_	_	_	_
de	O	O	O	O	O	O	_	_	_	_	_	_
la	O	O	O	O	O	O	_	_	_	_	_	_
famille	O	O	O	O	O	O	_	_	NoSpaceAfter	_	_	_
,	O	O	O	O	O	O	_	_	_	_	_	_
si	O	O	O	O	O	O	_	_	_	_	_	_
je	O	O	O	O	O	O	_	_	_	_	_	_
n	O	O	O	O	O	O	_	_	NoSpaceAfter	_	_	_
'	O	O	O	O	O	O	_	_	NoSpaceAfter	_	_	_
avais	O	O	O	O	O	O	_	_	_	_	_	_
le	O	O	O	O	O	O	_	_	EndOfLine	_	_	_
# segment_iiif_link = https://iiif.eluxemburgensia.lu/iiif/2/ark:%2f70795%2fvf8bx0%2fpages%2f2/235,5264,491,47/full/0/default.jpg
courage	O	O	O	O	O	O	_	_	_	_	_	_
de	O	O	O	O	O	O	_	_	_	_	_	_
le	O	O	O	O	O	O	_	_	_	_	_	_
faire	O	O	O	O	O	O	_	_	_	_	_	_
moi	O	O	O	O	O	O	_	_	NoSpaceAfter	_	_	_
-	O	O	O	O	O	O	_	_	NoSpaceAfter	_	_	_
même	O	O	O	O	O	O	_	_	NoSpaceAfter	_	_	_
!	O	O	O	O	O	O	_	_	EndOfLine	EndOfSentence	_	_
# segment_iiif_link = https://iiif.eluxemburgensia.lu/iiif/2/ark:%2f70795%2fvf8bx0%2fpages%2f2/270,5315,478,24/full/0/default.jpg
—	O	O	O	O	O	O	_	_	_	_	_	_
Oh	O	O	O	O	O	O	_	_	NoSpaceAfter	_	_	_
!	O	O	O	O	O	O	_	_	_	_	_	_
vous	O	O	O	O	O	O	_	_	_	_	_	_
êtes	O	O	O	O	O	O	_	_	_	_	_	_
impitoyable	O	O	O	O	O	O	_	_	NoSpaceAfter	_	_	_
!	O	O	O	O	O	O	_	_	EndOfLine	EndOfSentence	_	_
# segment_iiif_link = https://iiif.eluxemburgensia.lu/iiif/2/ark:%2f70795%2fvf8bx0%2fpages%2f2/270,5358,770,23/full/0/default.jpg
—	O	O	O	O	O	O	_	_	_	_	_	_
Si	O	O	O	O	O	O	_	_	_	_	_	_
l	O	O	O	O	O	O	_	_	NoSpaceAfter	_	_	_
'	O	O	O	O	O	O	_	_	NoSpaceAfter	_	_	_
enfant	O	O	O	O	O	O	_	_	_	_	_	_
maudite	O	O	O	O	O	O	_	_	_	_	_	_
n	O	O	O	O	O	O	_	_	NoSpaceAfter	_	_	_
'	O	O	O	O	O	O	_	_	NoSpaceAfter	_	_	_
a	O	O	O	O	O	O	_	_	_	_	_	_
pas	O	O	O	O	O	O	_	_	_	_	_	_
d	O	O	O	O	O	O	_	_	NoSpaceAfter	_	_	_
'	O	O	O	O	O	O	_	_	NoSpaceAfter	_	_	_
autre	O	O	O	O	O	O	_	_	_	_	_	_
but	O	O	O	O	O	O	_	_	NoSpaceAfter	_	_	_
,	O	O	O	O	O	O	_	_	_	_	_	_
en	O	O	O	O	O	O	_	_	EndOfLine	_	_	_
# segment_iiif_link = https://iiif.eluxemburgensia.lu/iiif/2/ark:%2f70795%2fvf8bx0%2fpages%2f2/236,5388,803,44/full/0/default.jpg
venant	O	O	O	O	O	O	_	_	_	_	_	_
ici	O	O	O	O	O	O	_	_	NoSpaceAfter	_	_	_
,	O	O	O	O	O	O	_	_	_	_	_	_
que	O	O	O	O	O	O	_	_	_	_	_	_
d	O	O	O	O	O	O	_	_	NoSpaceAfter	_	_	_
'	O	O	O	O	O	O	_	_	NoSpaceAfter	_	_	_
exiger	O	O	O	O	O	O	_	_	_	_	_	_
le	O	O	O	O	O	O	_	_	_	_	_	_
pardon	O	O	O	O	O	O	_	_	_	_	_	_
d	O	O	O	O	O	O	_	_	NoSpaceAfter	_	_	_
'	O	O	O	O	O	O	_	_	NoSpaceAfter	_	_	_
une	O	O	O	O	O	O	_	_	_	_	_	_
conduite	O	O	O	O	O	O	_	_	EndOfLine	_	_	_
# segment_iiif_link = https://iiif.eluxemburgensia.lu/iiif/2/ark:%2f70795%2fvf8bx0%2fpages%2f2/1113,3791,791,53/full/0/default.jpg
odieuse	O	O	O	O	O	O	_	_	NoSpaceAfter	_	_	_
,	O	O	O	O	O	O	_	_	_	_	_	_
qu	O	O	O	O	O	O	_	_	NoSpaceAfter	_	_	_
'	O	O	O	O	O	O	_	_	NoSpaceAfter	_	_	_
elle	O	O	O	O	O	O	_	_	_	_	_	_
sorte	O	O	O	O	O	O	_	_	_	_	_	_
à	O	O	O	O	O	O	_	_	_	_	_	_
l	O	O	O	O	O	O	_	_	NoSpaceAfter	_	_	_
'	O	O	O	O	O	O	_	_	NoSpaceAfter	_	_	_
instant	O	O	O	O	O	O	_	_	NoSpaceAfter	_	_	_
!	O	O	O	O	O	O	_	_	NoSpaceAfter	EndOfSentence	_	_
.	O	O	O	O	O	O	_	_	NoSpaceAfter	_	_	_
.	O	O	O	O	O	O	_	_	NoSpaceAfter	_	_	_
.	O	O	O	O	O	O	_	_	_	_	_	_
son	O	O	O	O	O	O	_	_	_	_	_	_
père	O	O	O	O	O	O	_	_	EndOfLine	_	_	_
# segment_iiif_link = https://iiif.eluxemburgensia.lu/iiif/2/ark:%2f70795%2fvf8bx0%2fpages%2f2/1113,3833,807,47/full/0/default.jpg
l	O	O	O	O	O	O	_	_	NoSpaceAfter	_	_	_
'	O	O	O	O	O	O	_	_	NoSpaceAfter	_	_	_
ordonne	O	O	O	O	O	O	_	_	NoSpaceAfter	_	_	_
!	O	O	O	O	O	O	_	_	_	EndOfSentence	_	_
Adieu	O	O	O	O	O	O	_	_	_	_	_	_
!	O	O	O	O	O	O	_	_	EndOfLine	EndOfSentence	_	_
# segment_iiif_link = https://iiif.eluxemburgensia.lu/iiif/2/ark:%2f70795%2fvf8bx0%2fpages%2f2/1150,3877,764,47/full/0/default.jpg
Marie	O	O	O	O	O	O	_	_	_	_	_	_
Touchet	O	O	O	O	O	O	_	_	_	_	_	_
redressa	O	O	O	O	O	O	_	_	_	_	_	_
sa	O	O	O	O	O	O	_	_	_	_	_	_
tête	O	O	O	O	O	O	_	_	_	_	_	_
courhée	O	O	O	O	O	O	_	_	_	_	_	_
par	O	O	O	O	O	O	_	_	_	_	_	_
1	O	O	O	O	O	O	_	_	NoSpaceAfter	_	_	_
»	O	O	O	O	O	O	_	_	EndOfLine	_	_	_
# segment_iiif_link = https://iiif.eluxemburgensia.lu/iiif/2/ark:%2f70795%2fvf8bx0%2fpages%2f2/1113,3921,179,53/full/0/default.jpg
prostration	O	O	O	O	O	O	_	_	NoSpaceAfter	_	_	_
.	O	O	O	O	O	O	_	_	EndOfLine	EndOfSentence	_	_
# segment_iiif_link = https://iiif.eluxemburgensia.lu/iiif/2/ark:%2f70795%2fvf8bx0%2fpages%2f2/1149,3962,771,48/full/0/default.jpg
Et	O	O	O	O	O	O	_	_	_	_	_	_
comme	O	O	O	O	O	O	_	_	_	_	_	_
répondant	O	O	O	O	O	O	_	_	_	_	_	_
à	O	O	O	O	O	O	_	_	_	_	_	_
une	O	O	O	O	O	O	_	_	_	_	_	_
pensée	O	O	O	O	O	O	_	_	_	_	_	_
intime	O	O	O	O	O	O	_	_	_	_	_	_
:	O	O	O	O	O	O	_	_	EndOfLine	_	_	_
# segment_iiif_link = https://iiif.eluxemburgensia.lu/iiif/2/ark:%2f70795%2fvf8bx0%2fpages%2f2/1150,4020,767,25/full/0/default.jpg
—	O	O	O	O	O	O	_	_	_	_	_	_
Eh	O	O	O	O	O	O	_	_	_	_	_	_
bien	O	O	O	O	O	O	_	_	NoSpaceAfter	_	_	_
,	O	O	O	O	O	O	_	_	_	_	_	_
oui	O	O	O	O	O	O	_	_	NoSpaceAfter	_	_	_
,	O	O	O	O	O	O	_	_	_	_	_	_
dit	O	O	O	O	O	O	_	_	NoSpaceAfter	_	_	_
-	O	O	O	O	O	O	_	_	NoSpaceAfter	_	_	_
elle	O	O	O	O	O	O	_	_	NoSpaceAfter	_	_	_
,	O	O	O	O	O	O	_	_	_	_	_	_
j	O	O	O	O	O	O	_	_	NoSpaceAfter	_	_	_
'	O	O	O	O	O	O	_	_	NoSpaceAfter	_	_	_
avais	O	O	O	O	O	O	_	_	_	_	_	_
un	O	O	O	O	O	O	_	_	_	_	_	_
autre	O	O	O	O	O	O	_	_	_	_	_	_
but	O	O	O	O	O	O	_	_	EndOfLine	_	_	_
# segment_iiif_link = https://iiif.eluxemburgensia.lu/iiif/2/ark:%2f70795%2fvf8bx0%2fpages%2f2/1113,4055,802,40/full/0/default.jpg
en	O	O	O	O	O	O	_	_	_	_	_	_
venant	O	O	O	O	O	O	_	_	_	_	_	_
ici	O	O	O	O	O	O	_	_	NoSpaceAfter	_	_	_
.	O	O	O	O	O	O	_	_	NoSpaceAfter	EndOfSentence	_	_
—	O	O	O	O	O	O	_	_	NoSpaceAfter	_	_	_
Ma	O	O	O	O	O	O	_	_	_	_	_	_
mère	O	O	O	O	O	O	_	_	_	_	_	_
était	O	O	O	O	O	O	_	_	_	_	_	_
catholique	O	O	O	O	O	O	_	_	_	_	_	_
et	O	O	O	O	O	O	_	_	_	_	_	_
m	O	O	O	O	O	O	_	_	NoSpaceAfter	_	_	_
'	O	O	O	O	O	O	_	_	NoSpaceAfter	_	_	_
a	O	O	O	O	O	O	_	_	EndOfLine	_	_	_
# segment_iiif_link = https://iiif.eluxemburgensia.lu/iiif/2/ark:%2f70795%2fvf8bx0%2fpages%2f2/1112,4093,802,53/full/0/default.jpg
élevée	O	O	O	O	O	O	_	_	NoSpaceAfter	_	_	_
,	O	O	O	O	O	O	_	_	_	_	_	_
moi	O	O	O	O	O	O	_	_	NoSpaceAfter	_	_	_
,	O	O	O	O	O	O	_	_	_	_	_	_
dans	O	O	O	O	O	O	_	_	_	_	_	_
les	O	O	O	O	O	O	_	_	_	_	_	_
dogmes	O	O	O	O	O	O	_	_	_	_	_	_
de	O	O	O	O	O	O	_	_	_	_	_	_
sa	O	O	O	O	O	O	_	_	_	_	_	_
sainte	O	O	O	O	O	O	_	_	_	_	_	_
croyance	O	O	O	O	O	O	_	_	NoSpaceAfter	_	_	_
;	O	O	O	O	O	O	_	_	EndOfLine	_	_	_
# segment_iiif_link = https://iiif.eluxemburgensia.lu/iiif/2/ark:%2f70795%2fvf8bx0%2fpages%2f2/1113,4143,585,45/full/0/default.jpg
vous	O	O	O	O	O	O	_	_	NoSpaceAfter	_	_	_
,	O	O	O	O	O	O	_	_	_	_	_	_
mon	O	O	O	O	O	O	_	_	_	_	_	_
père	O	O	O	O	O	O	_	_	NoSpaceAfter	_	_	_
,	O	O	O	O	O	O	_	_	_	_	_	_
vous	O	O	O	O	O	O	_	_	_	_	_	_
êtes	O	O	O	O	O	O	_	_	_	_	_	_
huguenot	O	O	O	O	O	O	_	_	NoSpaceAfter	_	_	_
.	O	O	O	O	O	O	_	_	EndOfLine	EndOfSentence	_	_
# segment_iiif_link = https://iiif.eluxemburgensia.lu/iiif/2/ark:%2f70795%2fvf8bx0%2fpages%2f2/1150,4192,768,24/full/0/default.jpg
—	O	O	O	O	O	O	_	_	_	_	_	_
Silence	O	O	O	O	O	O	_	_	NoSpaceAfter	_	_	_
,	O	O	O	O	O	O	_	_	_	_	_	_
malheureuse	O	O	O	O	O	O	_	_	NoSpaceAfter	_	_	_
!	O	O	O	O	O	O	_	_	_	_	_	_
interrompit	O	O	O	O	O	O	_	_	_	_	_	_
Jérôme	O	O	O	O	O	O	_	_	_	_	_	_
en	O	O	O	O	O	O	_	_	EndOfLine	_	_	_
# segment_iiif_link = https://iiif.eluxemburgensia.lu/iiif/2/ark:%2f70795%2fvf8bx0%2fpages%2f2/1113,4221,389,55/full/0/default.jpg
regardant	O	O	O	O	O	O	_	_	_	_	_	_
autour	O	O	O	O	O	O	_	_	_	_	_	_
de	O	O	O	O	O	O	_	_	_	_	_	_
lui	O	O	O	O	O	O	_	_	NoSpaceAfter	_	_	_
.	O	O	O	O	O	O	_	_	EndOfLine	EndOfSentence	_	_
# segment_iiif_link = https://iiif.eluxemburgensia.lu/iiif/2/ark:%2f70795%2fvf8bx0%2fpages%2f2/1151,4278,766,25/full/0/default.jpg
—	O	O	O	O	O	O	_	_	_	_	_	_
Vous	O	O	O	O	O	O	_	_	_	_	_	_
êtes	O	O	O	O	O	O	_	_	_	_	_	_
huguenot	O	O	O	O	O	O	_	_	NoSpaceAfter	_	_	_
,	O	O	O	O	O	O	_	_	_	_	_	_
continua	O	O	O	O	O	O	_	_	_	_	_	_
Marie	O	O	O	O	O	O	_	_	NoSpaceAfter	_	_	_
,	O	O	O	O	O	O	_	_	_	_	_	_
et	O	O	O	O	O	O	_	_	_	_	_	_
je	O	O	O	O	O	O	_	_	EndOfLine	_	_	_
# segment_iiif_link = https://iiif.eluxemburgensia.lu/iiif/2/ark:%2f70795%2fvf8bx0%2fpages%2f2/1114,4307,802,45/full/0/default.jpg
viens	O	O	O	O	O	O	_	_	_	_	_	_
vous	O	O	O	O	O	O	_	_	_	_	_	_
dire	O	O	O	O	O	O	_	_	_	_	_	_
:	O	O	O	O	O	O	_	_	_	_	_	_
fuyez	O	O	O	O	O	O	_	_	_	_	_	_
de	O	O	O	O	O	O	_	_	_	_	_	_
Paris	O	O	O	O	O	O	_	_	NoSpaceAfter	_	_	_
,	O	O	O	O	O	O	_	_	_	_	_	_
car	O	O	O	O	O	O	_	_	_	_	_	_
des	O	O	O	O	O	O	_	_	_	_	_	_
drames	O	O	O	O	O	O	_	_	EndOfLine	_	_	_
# segment_iiif_link = https://iiif.eluxemburgensia.lu/iiif/2/ark:%2f70795%2fvf8bx0%2fpages%2f2/1114,4347,375,53/full/0/default.jpg
sangl	O	O	O	O	O	O	_	_	_	_	_	_
:	O	O	O	O	O	O	_	_	NoSpaceAfter	_	_	_
cts	O	O	O	O	O	O	_	_	_	_	_	_
s	O	O	O	O	O	O	_	_	NoSpaceAfter	_	_	_
'	O	O	O	O	O	O	_	_	NoSpaceAfter	_	_	_
y	O	O	O	O	O	O	_	_	_	_	_	_
préparent	O	O	O	O	O	O	_	_	NoSpaceAfter	_	_	_
.	O	O	O	O	O	O	_	_	EndOfLine	EndOfSentence	_	_
# segment_iiif_link = https://iiif.eluxemburgensia.lu/iiif/2/ark:%2f70795%2fvf8bx0%2fpages%2f2/1150,4405,752,25/full/0/default.jpg
—	O	O	O	O	O	O	_	_	_	_	_	_
Vos	O	O	O	O	O	O	_	_	_	_	_	_
conseils	O	O	O	O	O	O	_	_	_	_	_	_
doivent	O	O	O	O	O	O	_	_	_	_	_	_
être	O	O	O	O	O	O	_	_	_	_	_	_
perfides	O	O	O	O	O	O	_	_	_	_	_	_
comme	O	O	O	O	O	O	_	_	EndOfLine	_	_	_
# segment_iiif_link = https://iiif.eluxemburgensia.lu/iiif/2/ark:%2f70795%2fvf8bx0%2fpages%2f2/1112,4439,803,42/full/0/default.jpg
votre	O	O	O	O	O	O	_	_	_	_	_	_
prétendue	O	O	O	O	O	O	_	_	_	_	_	_
affection	O	O	O	O	O	O	_	_	_	_	_	_
filiale	O	O	O	O	O	O	_	_	NoSpaceAfter	_	_	_
.	O	O	O	O	O	O	_	_	NoSpaceAfter	_	_	_
.	O	O	O	O	O	O	_	_	NoSpaceAfter	_	_	_
.	O	O	O	O	O	O	_	_	_	EndOfSentence	_	_
Je	O	O	O	O	O	O	_	_	_	_	_	_
ne	O	O	O	O	O	O	_	_	_	_	_	_
veux	O	O	O	O	O	O	_	_	_	_	_	_
pas	O	O	O	O	O	O	_	_	_	_	_	_
de	O	O	O	O	O	O	_	_	EndOfLine	_	_	_
# segment_iiif_link = https://iiif.eluxemburgensia.lu/iiif/2/ark:%2f70795%2fvf8bx0%2fpages%2f2/1111,4487,593,38/full/0/default.jpg
vos	O	O	O	O	O	O	_	_	_	_	_	_
conseils	O	O	O	O	O	O	_	_	NoSpaceAfter	_	_	_
,	O	O	O	O	O	O	_	_	_	_	_	_
laissez	O	O	O	O	O	O	_	_	NoSpaceAfter	_	_	_
-	O	O	O	O	O	O	_	_	NoSpaceAfter	_	_	_
moi	O	O	O	O	O	O	_	_	_	_	_	_
!	O	O	O	O	O	O	_	_	_	_	_	_
laissez	O	O	O	O	O	O	_	_	NoSpaceAfter	_	_	_
-	O	O	O	O	O	O	_	_	NoSpaceAfter	_	_	_
moi	O	O	O	O	O	O	_	_	NoSpaceAfter	_	_	_
!	O	O	O	O	O	O	_	_	EndOfLine	EndOfSentence	_	_
# segment_iiif_link = https://iiif.eluxemburgensia.lu/iiif/2/ark:%2f70795%2fvf8bx0%2fpages%2f2/1151,4536,766,23/full/0/default.jpg
—	O	O	O	O	O	O	_	_	_	_	_	_
Je	O	O	O	O	O	O	_	_	_	_	_	_
vous	O	O	O	O	O	O	_	_	_	_	_	_
préserverai	O	O	O	O	O	O	_	_	_	_	_	_
malgré	O	O	O	O	O	O	_	_	_	_	_	_
vous	O	O	O	O	O	O	_	_	NoSpaceAfter	_	_	_
,	O	O	O	O	O	O	_	_	_	_	_	_
mon	O	O	O	O	O	O	_	_	_	_	_	_
père	O	O	O	O	O	O	_	_	NoSpaceAfter	_	_	_
,	O	O	O	O	O	O	_	_	EndOfLine	_	_	_
# segment_iiif_link = https://iiif.eluxemburgensia.lu/iiif/2/ark:%2f70795%2fvf8bx0%2fpages%2f2/1117,4563,799,47/full/0/default.jpg
des	O	O	O	O	O	O	_	_	_	_	_	_
périls	O	O	O	O	O	O	_	_	_	_	_	_
qui	O	O	O	O	O	O	_	_	_	_	_	_
menacent	O	O	O	O	O	O	_	_	_	_	_	_
les	O	O	O	O	O	O	_	_	_	_	_	_
adeptes	O	O	O	O	O	O	_	_	_	_	_	_
de	O	O	O	O	O	O	_	_	_	_	_	_
la	O	O	O	O	O	O	_	_	_	_	_	_
religion	O	O	O	O	O	O	_	_	EndOfLine	_	_	_
# segment_iiif_link = https://iiif.eluxemburgensia.lu/iiif/2/ark:%2f70795%2fvf8bx0%2fpages%2f2/1117,4607,141,45/full/0/default.jpg
réformée	O	O	O	O	O	O	_	_	NoSpaceAfter	_	_	_
;	O	O	O	O	O	O	_	_	NoSpaceAfter	_	_	_
.	O	O	O	O	O	O	_	_	EndOfLine	EndOfSentence	_	_
# segment_iiif_link = https://iiif.eluxemburgensia.lu/iiif/2/ark:%2f70795%2fvf8bx0%2fpages%2f2/1150,4664,767,24/full/0/default.jpg
—	O	O	O	O	O	O	_	_	_	_	_	_
Me	O	O	O	O	O	O	_	_	_	_	_	_
protéger	O	O	O	O	O	O	_	_	NoSpaceAfter	_	_	_
,	O	O	O	O	O	O	_	_	_	_	_	_
vous	O	O	O	O	O	O	_	_	NoSpaceAfter	_	_	_
.	O	O	O	O	O	O	_	_	NoSpaceAfter	_	_	_
.	O	O	O	O	O	O	_	_	NoSpaceAfter	_	_	_
.	O	O	O	O	O	O	_	_	_	_	_	_
qui	O	O	O	O	O	O	_	_	_	_	_	_
ave	O	O	O	O	O	O	_	_	NoSpaceAfter	_	_	_
«	O	O	O	O	O	O	_	_	_	_	_	_
avili	O	O	O	O	O	O	_	_	_	_	_	_
mon	O	O	O	O	O	O	_	_	_	_	_	_
nom	O	O	O	O	O	O	_	_	NoSpaceAfter	_	_	_
,	O	O	O	O	O	O	_	_	EndOfLine	_	_	_
# segment_iiif_link = https://iiif.eluxemburgensia.lu/iiif/2/ark:%2f70795%2fvf8bx0%2fpages%2f2/1116,4693,790,51/full/0/default.jpg
qui	O	O	O	O	O	O	_	_	_	_	_	_
avez	O	O	O	O	O	O	_	_	_	_	_	_
traîné	O	O	O	O	O	O	_	_	_	_	_	_
mon	O	O	O	O	O	O	_	_	_	_	_	_
honneur	O	O	O	O	O	O	_	_	_	_	_	_
sur	O	O	O	O	O	O	_	_	_	_	_	_
la	O	O	O	O	O	O	_	_	_	_	_	_
claie	O	O	O	O	O	O	_	_	_	_	_	_
de	O	O	O	O	O	O	_	_	EndOfLine	_	_	_
# segment_iiif_link = https://iiif.eluxemburgensia.lu/iiif/2/ark:%2f70795%2fvf8bx0%2fpages%2f2/1114,4735,787,48/full/0/default.jpg
l	O	O	O	O	O	O	_	_	NoSpaceAfter	_	_	_
'	O	O	O	O	O	O	_	_	NoSpaceAfter	_	_	_
infamie	O	O	O	O	O	O	_	_	NoSpaceAfter	_	_	_
!	O	O	O	O	O	O	_	_	NoSpaceAfter	EndOfSentence	_	_
.	O	O	O	O	O	O	_	_	NoSpaceAfter	_	_	_
.	O	O	O	O	O	O	_	_	NoSpaceAfter	_	_	_
.	O	O	O	O	O	O	_	_	_	EndOfSentence	_	_
Non	O	O	O	O	O	O	_	_	NoSpaceAfter	_	_	_
,	O	O	O	O	O	O	_	_	_	_	_	_
je	O	O	O	O	O	O	_	_	_	_	_	_
ne	O	O	O	O	O	O	_	_	_	_	_	_
puis	O	O	O	O	O	O	_	_	_	_	_	_
croire	O	O	O	O	O	O	_	_	_	_	_	_
à	O	O	O	O	O	O	_	_	_	_	_	_
tant	O	O	O	O	O	O	_	_	_	_	_	_
do	O	O	O	O	O	O	_	_	EndOfLine	_	_	_
# segment_iiif_link = https://iiif.eluxemburgensia.lu/iiif/2/ark:%2f70795%2fvf8bx0%2fpages%2f2/1116,4778,804,45/full/0/default.jpg
grandeur	O	O	O	O	O	O	_	_	_	_	_	_
d	O	O	O	O	O	O	_	_	NoSpaceAfter	_	_	_
'	O	O	O	O	O	O	_	_	NoSpaceAfter	_	_	_
àme	O	O	O	O	O	O	_	_	_	_	_	_
de	O	O	O	O	O	O	_	_	_	_	_	_
votre	O	O	O	O	O	O	_	_	_	_	_	_
part	O	O	O	O	O	O	_	_	NoSpaceAfter	_	_	_
.	O	O	O	O	O	O	_	_	NoSpaceAfter	_	_	_
.	O	O	O	O	O	O	_	_	NoSpaceAfter	_	_	_
.	O	O	O	O	O	O	_	_	_	EndOfSentence	_	_
Vous	O	O	O	O	O	O	_	_	_	_	_	_
mentez	O	O	O	O	O	O	_	_	_	_	_	_
encore	O	O	O	O	O	O	_	_	NoSpaceAfter	_	_	_
,	O	O	O	O	O	O	_	_	EndOfLine	_	_	_
# segment_iiif_link = https://iiif.eluxemburgensia.lu/iiif/2/ark:%2f70795%2fvf8bx0%2fpages%2f2/1113,4828,513,42/full/0/default.jpg
comme	O	O	O	O	O	O	_	_	_	_	_	_
jadis	O	O	O	O	O	O	_	_	_	_	_	_
vous	O	O	O	O	O	O	_	_	_	_	_	_
m	O	O	O	O	O	O	_	_	NoSpaceAfter	_	_	_
'	O	O	O	O	O	O	_	_	NoSpaceAfter	_	_	_
avez	O	O	O	O	O	O	_	_	_	_	_	_
menti	O	O	O	O	O	O	_	_	NoSpaceAfter	_	_	_
!	O	O	O	O	O	O	_	_	EndOfLine	EndOfSentence	_	_
# segment_iiif_link = https://iiif.eluxemburgensia.lu/iiif/2/ark:%2f70795%2fvf8bx0%2fpages%2f2/1150,4878,768,24/full/0/default.jpg
—	O	O	O	O	O	O	_	_	_	_	_	_
Mentir	O	O	O	O	O	O	_	_	_	_	_	_
en	O	O	O	O	O	O	_	_	_	_	_	_
co	O	O	O	O	O	O	_	_	_	_	_	_
moment	O	O	O	O	O	O	_	_	NoSpaceAfter	_	_	_
.	O	O	O	O	O	O	_	_	NoSpaceAfter	_	_	_
.	O	O	O	O	O	O	_	_	NoSpaceAfter	_	_	_
.	O	O	O	O	O	O	_	_	_	_	_	_
moi	O	O	O	O	O	O	_	_	NoSpaceAfter	_	_	_
!	O	O	O	O	O	O	_	_	_	_	_	_
oh	O	O	O	O	O	O	_	_	NoSpaceAfter	_	_	_
!	O	O	O	O	O	O	_	_	_	_	_	_
vous	O	O	O	O	O	O	_	_	_	_	_	_
êies	O	O	O	O	O	O	_	_	EndOfLine	_	_	_
# segment_iiif_link = https://iiif.eluxemburgensia.lu/iiif/2/ark:%2f70795%2fvf8bx0%2fpages%2f2/1113,4904,787,57/full/0/default.jpg
implacable	O	O	O	O	O	O	_	_	NoSpaceAfter	_	_	_
!	O	O	O	O	O	O	_	_	_	EndOfSentence	_	_
Mon	O	O	O	O	O	O	_	_	_	_	_	_
père	O	O	O	O	O	O	_	_	NoSpaceAfter	_	_	_
,	O	O	O	O	O	O	_	_	_	_	_	_
votre	O	O	O	O	O	O	_	_	_	_	_	_
existence	O	O	O	O	O	O	_	_	_	_	_	_
est	O	O	O	O	O	O	_	_	_	_	_	_
en	O	O	O	O	O	O	_	_	EndOfLine	_	_	_
# segment_iiif_link = https://iiif.eluxemburgensia.lu/iiif/2/ark:%2f70795%2fvf8bx0%2fpages%2f2/1112,4957,456,45/full/0/default.jpg
danger	O	O	O	O	O	O	_	_	NoSpaceAfter	_	_	_
,	O	O	O	O	O	O	_	_	_	_	_	_
et	O	O	O	O	O	O	_	_	_	_	_	_
je	O	O	O	O	O	O	_	_	_	_	_	_
veux	O	O	O	O	O	O	_	_	_	_	_	_
vous	O	O	O	O	O	O	_	_	_	_	_	_
sauver	O	O	O	O	O	O	_	_	NoSpaceAfter	_	_	_
.	O	O	O	O	O	O	_	_	EndOfLine	EndOfSentence	_	_
# segment_iiif_link = https://iiif.eluxemburgensia.lu/iiif/2/ark:%2f70795%2fvf8bx0%2fpages%2f2/1150,5006,768,24/full/0/default.jpg
—	O	O	O	O	O	O	_	_	_	_	_	_
C	O	O	O	O	O	O	_	_	NoSpaceAfter	_	_	_
'	O	O	O	O	O	O	_	_	NoSpaceAfter	_	_	_
est	O	O	O	O	O	O	_	_	_	_	_	_
inutile	O	O	O	O	O	O	_	_	NoSpaceAfter	_	_	_
;	O	O	O	O	O	O	_	_	_	_	_	_
si	O	O	O	O	O	O	_	_	_	_	_	_
l	O	O	O	O	O	O	_	_	_	_	_	_
a	O	O	O	O	O	O	_	_	_	_	_	_
Providence	O	O	O	O	O	O	_	_	_	_	_	_
me	O	O	O	O	O	O	_	_	_	_	_	_
réserve	O	O	O	O	O	O	_	_	_	_	_	_
de	O	O	O	O	O	O	_	_	EndOfLine	_	_	_
# segment_iiif_link = https://iiif.eluxemburgensia.lu/iiif/2/ark:%2f70795%2fvf8bx0%2fpages%2f2/1112,5036,805,44/full/0/default.jpg
boire	O	O	O	O	O	O	_	_	_	_	_	_
le	O	O	O	O	O	O	_	_	_	_	_	_
calice	O	O	O	O	O	O	_	_	_	_	_	_
d	O	O	O	O	O	O	_	_	NoSpaceAfter	_	_	_
'	O	O	O	O	O	O	_	_	NoSpaceAfter	_	_	_
amertume	O	O	O	O	O	O	_	_	_	_	_	_
jusqu	O	O	O	O	O	O	_	_	NoSpaceAfter	_	_	_
'	O	O	O	O	O	O	_	_	NoSpaceAfter	_	_	_
à	O	O	O	O	O	O	_	_	_	_	_	_
la	O	O	O	O	O	O	_	_	_	_	_	_
lie	O	O	O	O	O	O	_	_	NoSpaceAfter	_	_	_
,	O	O	O	O	O	O	_	_	_	_	_	_
il	O	O	O	O	O	O	_	_	_	_	_	_
vous	O	O	O	O	O	O	_	_	EndOfLine	_	_	_
# segment_iiif_link = https://iiif.eluxemburgensia.lu/iiif/2/ark:%2f70795%2fvf8bx0%2fpages%2f2/1113,5078,805,54/full/0/default.jpg
appartient	O	O	O	O	O	O	_	_	_	_	_	_
moins	O	O	O	O	O	O	_	_	_	_	_	_
qu	O	O	O	O	O	O	_	_	NoSpaceAfter	_	_	_
'	O	O	O	O	O	O	_	_	NoSpaceAfter	_	_	_
à	O	O	O	O	O	O	_	_	_	_	_	_
tout	O	O	O	O	O	O	_	_	_	_	_	_
autre	O	O	O	O	O	O	_	_	_	_	_	_
de	O	O	O	O	O	O	_	_	_	_	_	_
détourner	O	O	O	O	O	O	_	_	_	_	_	_
la	O	O	O	O	O	O	_	_	EndOfLine	_	_	_
# segment_iiif_link = https://iiif.eluxemburgensia.lu/iiif/2/ark:%2f70795%2fvf8bx0%2fpages%2f2/1113,5128,481,45/full/0/default.jpg
coupe	O	O	O	O	O	O	_	_	_	_	_	_
de	O	O	O	O	O	O	_	_	_	_	_	_
mes	O	O	O	O	O	O	_	_	_	_	_	_
lèvres	O	O	O	O	O	O	_	_	NoSpaceAfter	_	_	_
.	O	O	O	O	O	O	_	_	NoSpaceAfter	_	_	_
.	O	O	O	O	O	O	_	_	NoSpaceAfter	_	_	_
.	O	O	O	O	O	O	_	_	_	EndOfSentence	_	_
Sortez	O	O	O	O	O	O	_	_	NoSpaceAfter	_	_	_
!	O	O	O	O	O	O	_	_	EndOfLine	EndOfSentence	_	_
# segment_iiif_link = https://iiif.eluxemburgensia.lu/iiif/2/ark:%2f70795%2fvf8bx0%2fpages%2f2/1151,5163,754,47/full/0/default.jpg
Ces	O	O	O	O	O	O	_	_	_	_	_	_
mots	O	O	O	O	O	O	_	_	_	_	_	_
étaient	O	O	O	O	O	O	_	_	_	_	_	_
sans	O	O	O	O	O	O	_	_	_	_	_	_
réplique	O	O	O	O	O	O	_	_	_	_	_	_
pour	O	O	O	O	O	O	_	_	EndOfLine	_	_	_
# segment_iiif_link = https://iiif.eluxemburgensia.lu/iiif/2/ark:%2f70795%2fvf8bx0%2fpages%2f2/1114,5207,309,45/full/0/default.jpg
l	O	O	O	O	O	O	_	_	NoSpaceAfter	_	_	_
'	O	O	O	O	O	O	_	_	NoSpaceAfter	_	_	_
ex	O	O	O	O	O	O	_	_	NoSpaceAfter	_	_	_
-	O	O	O	O	O	O	_	_	NoSpaceAfter	_	_	_
favorite	O	O	O	O	O	O	_	_	_	_	_	_
de	O	O	O	O	O	O	_	_	_	_	_	_
Charles	O	O	O	O	O	O	_	_	_	_	_	_
IX	O	O	O	O	O	O	_	_	NoSpaceAfter	_	_	_
.	O	O	O	O	O	O	_	_	EndOfLine	EndOfSentence	_	_
# segment_iiif_link = https://iiif.eluxemburgensia.lu/iiif/2/ark:%2f70795%2fvf8bx0%2fpages%2f2/1150,5250,537,47/full/0/default.jpg
Jérôme	O	O	O	O	O	O	_	_	_	_	_	_
lui	O	O	O	O	O	O	_	_	_	_	_	_
fit	O	O	O	O	O	O	_	_	_	_	_	_
un	O	O	O	O	O	O	_	_	_	_	_	_
geste	O	O	O	O	O	O	_	_	_	_	_	_
impératif	O	O	O	O	O	O	_	_	NoSpaceAfter	_	_	_
.	O	O	O	O	O	O	_	_	EndOfLine	EndOfSentence	_	_
# segment_iiif_link = https://iiif.eluxemburgensia.lu/iiif/2/ark:%2f70795%2fvf8bx0%2fpages%2f2/1331,5298,540,55/full/0/default.jpg
(	O	O	O	O	O	O	_	_	NoSpaceAfter	_	_	_
La	O	O	O	O	O	O	_	_	_	_	_	_
suite	O	O	O	O	O	O	_	_	_	_	_	_
à	O	O	O	O	O	O	_	_	_	_	_	_
un	O	O	O	O	O	O	_	_	_	_	_	_
prochain	O	O	O	O	O	O	_	_	_	_	_	_
numéro	O	O	O	O	O	O	_	_	NoSpaceAfter	_	_	_
.	O	O	O	O	O	O	_	_	NoSpaceAfter	_	_	_
)	O	O	O	O	O	O	_	_	EndOfLine	EndOfSentence	_	_

# language = fr
# newspaper = lunion
# date = 1860-11-27
# document_id = lunion-1860-11-27-a-i0004
# news-agency-as-source = _
# segment_iiif_link = https://iiif.eluxemburgensia.lu/iiif/2/ark:%2f70795%2fzj5394%2fpages%2f2/1387,4165,192,56/full/0/default.jpg
France	O	O	O	O	O	O	_	_	NoSpaceAfter	_	_	_
.	O	O	O	O	O	O	_	_	EndOfLine	EndOfSentence	_	_
# segment_iiif_link = https://iiif.eluxemburgensia.lu/iiif/2/ark:%2f70795%2fzj5394%2fpages%2f2/1140,4231,728,56/full/0/default.jpg
Paris	O	O	O	O	O	O	_	_	NoSpaceAfter	_	_	_
,	O	O	O	O	O	O	_	_	_	_	_	_
22	O	O	O	O	O	O	_	_	_	_	_	_
nov	O	O	O	O	O	O	_	_	NoSpaceAfter	_	_	_
.	O	O	O	O	O	O	_	_	_	EndOfSentence	_	_
On	O	O	O	O	O	O	_	_	_	_	_	_
croit	O	O	O	O	O	O	_	_	_	_	_	_
toujours	O	O	O	O	O	O	_	_	EndOfLine	_	_	_
# segment_iiif_link = https://iiif.eluxemburgensia.lu/iiif/2/ark:%2f70795%2fzj5394%2fpages%2f2/1099,4292,789,50/full/0/default.jpg
remarquer	O	O	O	O	O	O	_	_	_	_	_	_
un	O	O	O	O	O	O	_	_	_	_	_	_
rapprochement	O	O	O	O	O	O	_	_	_	_	_	_
persistant	O	O	O	O	O	O	_	_	_	_	_	_
entre	O	O	O	O	O	O	_	_	_	_	_	_
la	O	O	O	O	O	O	_	_	EndOfLine	_	_	_
# segment_iiif_link = https://iiif.eluxemburgensia.lu/iiif/2/ark:%2f70795%2fzj5394%2fpages%2f2/1099,4332,789,51/full/0/default.jpg
France	O	O	O	O	O	O	_	_	_	_	_	_
et	O	O	O	O	O	O	_	_	_	_	_	_
la	O	O	O	O	O	O	_	_	_	_	_	_
Russie	O	O	O	O	O	O	_	_	_	_	_	_
et	O	O	O	O	O	O	_	_	_	_	_	_
on	O	O	O	O	O	O	_	_	_	_	_	_
en	O	O	O	O	O	O	_	_	_	_	_	_
cite	O	O	O	O	O	O	_	_	_	_	_	_
une	O	O	O	O	O	O	_	_	_	_	_	_
preuve	O	O	O	O	O	O	_	_	EndOfLine	_	_	_
# segment_iiif_link = https://iiif.eluxemburgensia.lu/iiif/2/ark:%2f70795%2fzj5394%2fpages%2f2/1100,4383,790,53/full/0/default.jpg
nouvelle	O	O	O	O	O	O	_	_	NoSpaceAfter	_	_	_
.	O	O	O	O	O	O	_	_	_	EndOfSentence	_	_
On	O	O	O	O	O	O	_	_	_	_	_	_
a	O	O	O	O	O	O	_	_	_	_	_	_
parlé	O	O	O	O	O	O	_	_	_	_	_	_
de	O	O	O	O	O	O	_	_	_	_	_	_
l	O	O	O	O	O	O	_	_	NoSpaceAfter	_	_	_
'	O	O	O	O	O	O	_	_	NoSpaceAfter	_	_	_
intention	O	O	O	O	O	O	_	_	_	_	_	_
où	O	O	O	O	O	O	_	_	_	_	_	_
étaient	O	O	O	O	O	O	_	_	EndOfLine	_	_	_
# segment_iiif_link = https://iiif.eluxemburgensia.lu/iiif/2/ark:%2f70795%2fzj5394%2fpages%2f2/1100,4435,772,54/full/0/default.jpg
des	O	O	O	O	O	O	_	_	_	_	_	_
Bulgares	O	O	O	O	O	O	_	_	_	_	_	_
de	O	O	O	O	O	O	_	_	_	_	_	_
se	O	O	O	O	O	O	_	_	_	_	_	_
convertir	O	O	O	O	O	O	_	_	_	_	_	_
au	O	O	O	O	O	O	_	_	EndOfLine	_	_	_
# segment_iiif_link = https://iiif.eluxemburgensia.lu/iiif/2/ark:%2f70795%2fzj5394%2fpages%2f2/1100,4489,770,53/full/0/default.jpg
catholicisme	O	O	O	O	O	O	_	_	_	_	_	_
;	O	O	O	O	O	O	_	_	_	_	_	_
l	O	O	O	O	O	O	_	_	NoSpaceAfter	_	_	_
'	O	O	O	O	O	O	_	_	NoSpaceAfter	_	_	_
arrière	O	O	O	O	O	O	_	_	NoSpaceAfter	_	_	_
-	O	O	O	O	O	O	_	_	NoSpaceAfter	_	_	_
pensée	O	O	O	O	O	O	_	_	_	_	_	_
politique	O	O	O	O	O	O	_	_	_	_	_	_
de	O	O	O	O	O	O	_	_	_	_	_	_
ces	O	O	O	O	O	O	_	_	EndOfLine	_	_	_
# segment_iiif_link = https://iiif.eluxemburgensia.lu/iiif/2/ark:%2f70795%2fzj5394%2fpages%2f2/1099,4542,790,62/full/0/default.jpg
peuples	O	O	O	O	O	O	_	_	NoSpaceAfter	_	_	_
,	O	O	O	O	O	O	_	_	_	_	_	_
en	O	O	O	O	O	O	_	_	_	_	_	_
abjurant	O	O	O	O	O	O	_	_	_	_	_	_
la	O	O	O	O	O	O	_	_	_	_	_	_
religion	O	O	O	O	O	O	_	_	_	_	_	_
grecque	O	O	O	O	O	O	_	_	NoSpaceAfter	_	_	_
,	O	O	O	O	O	O	_	_	_	_	_	_
était	O	O	O	O	O	O	_	_	EndOfLine	_	_	_
# segment_iiif_link = https://iiif.eluxemburgensia.lu/iiif/2/ark:%2f70795%2fzj5394%2fpages%2f2/1099,4596,789,54/full/0/default.jpg
de	O	O	O	O	O	O	_	_	_	_	_	_
rompre	O	O	O	O	O	O	_	_	_	_	_	_
tout	O	O	O	O	O	O	_	_	_	_	_	_
à	O	O	O	O	O	O	_	_	_	_	_	_
fait	O	O	O	O	O	O	_	_	_	_	_	_
avec	O	O	O	O	O	O	_	_	_	_	_	_
le	O	O	O	O	O	O	_	_	_	_	_	_
patriarcat	O	O	O	O	O	O	_	_	EndOfLine	_	_	_
# segment_iiif_link = https://iiif.eluxemburgensia.lu/iiif/2/ark:%2f70795%2fzj5394%2fpages%2f2/1099,4655,789,49/full/0/default.jpg
russe	O	O	O	O	O	O	_	_	NoSpaceAfter	_	_	_
,	O	O	O	O	O	O	_	_	_	_	_	_
dans	O	O	O	O	O	O	_	_	_	_	_	_
lequel	O	O	O	O	O	O	_	_	_	_	_	_
ils	O	O	O	O	O	O	_	_	_	_	_	_
ne	O	O	O	O	O	O	_	_	_	_	_	_
trouvent	O	O	O	O	O	O	_	_	_	_	_	_
pas	O	O	O	O	O	O	_	_	_	_	_	_
un	O	O	O	O	O	O	_	_	EndOfLine	_	_	_
# segment_iiif_link = https://iiif.eluxemburgensia.lu/iiif/2/ark:%2f70795%2fzj5394%2fpages%2f2/1099,4700,790,62/full/0/default.jpg
appui	O	O	O	O	O	O	_	_	_	_	_	_
suffisant	O	O	O	O	O	O	_	_	_	_	_	_
pour	O	O	O	O	O	O	_	_	_	_	_	_
leur	O	O	O	O	O	O	_	_	_	_	_	_
nationalité	O	O	O	O	O	O	_	_	NoSpaceAfter	_	_	_
,	O	O	O	O	O	O	_	_	_	_	_	_
et	O	O	O	O	O	O	_	_	_	_	_	_
de	O	O	O	O	O	O	_	_	EndOfLine	_	_	_
# segment_iiif_link = https://iiif.eluxemburgensia.lu/iiif/2/ark:%2f70795%2fzj5394%2fpages%2f2/1099,4755,789,60/full/0/default.jpg
provoquer	O	O	O	O	O	O	_	_	_	_	_	_
en	O	O	O	O	O	O	_	_	_	_	_	_
leur	O	O	O	O	O	O	_	_	_	_	_	_
faveur	O	O	O	O	O	O	_	_	_	_	_	_
les	O	O	O	O	O	O	_	_	_	_	_	_
sympathies	O	O	O	O	O	O	_	_	_	_	_	_
de	O	O	O	O	O	O	_	_	EndOfLine	_	_	_
# segment_iiif_link = https://iiif.eluxemburgensia.lu/iiif/2/ark:%2f70795%2fzj5394%2fpages%2f2/1099,4807,789,50/full/0/default.jpg
la	O	O	O	O	O	O	_	_	_	_	_	_
France	O	O	O	O	O	O	_	_	NoSpaceAfter	_	_	_
.	O	O	O	O	O	O	_	_	_	EndOfSentence	_	_
Si	O	O	O	O	O	O	_	_	_	_	_	_
je	O	O	O	O	O	O	_	_	_	_	_	_
suis	O	O	O	O	O	O	_	_	_	_	_	_
bien	O	O	O	O	O	O	_	_	_	_	_	_
informé	O	O	O	O	O	O	_	_	NoSpaceAfter	_	_	_
,	O	O	O	O	O	O	_	_	_	_	_	_
M	O	O	O	O	O	O	_	_	NoSpaceAfter	_	_	_
.	O	O	O	O	O	O	_	_	_	_	_	_
de	O	O	O	O	O	O	_	_	EndOfLine	_	_	_
# segment_iiif_link = https://iiif.eluxemburgensia.lu/iiif/2/ark:%2f70795%2fzj5394%2fpages%2f2/1099,4856,790,55/full/0/default.jpg
Lavalette	O	O	O	O	O	O	_	_	_	_	_	_
aurait	O	O	O	O	O	O	_	_	_	_	_	_
reçu	O	O	O	O	O	O	_	_	_	_	_	_
des	O	O	O	O	O	O	_	_	_	_	_	_
Tuileries	O	O	O	O	O	O	_	_	_	_	_	_
l	O	O	O	O	O	O	_	_	NoSpaceAfter	_	_	_
'	O	O	O	O	O	O	_	_	NoSpaceAfter	_	_	_
ordre	O	O	O	O	O	O	_	_	EndOfLine	_	_	_
# segment_iiif_link = https://iiif.eluxemburgensia.lu/iiif/2/ark:%2f70795%2fzj5394%2fpages%2f2/1101,4911,789,49/full/0/default.jpg
de	O	O	O	O	O	O	_	_	_	_	_	_
décourager	O	O	O	O	O	O	_	_	NoSpaceAfter	_	_	_
,	O	O	O	O	O	O	_	_	_	_	_	_
autant	O	O	O	O	O	O	_	_	_	_	_	_
que	O	O	O	O	O	O	_	_	_	_	_	_
possible	O	O	O	O	O	O	_	_	NoSpaceAfter	_	_	_
,	O	O	O	O	O	O	_	_	_	_	_	_
ce	O	O	O	O	O	O	_	_	EndOfLine	_	_	_
# segment_iiif_link = https://iiif.eluxemburgensia.lu/iiif/2/ark:%2f70795%2fzj5394%2fpages%2f2/1101,4963,771,51/full/0/default.jpg
mouvement	O	O	O	O	O	O	_	_	_	_	_	_
et	O	O	O	O	O	O	_	_	_	_	_	_
de	O	O	O	O	O	O	_	_	_	_	_	_
ne	O	O	O	O	O	O	_	_	_	_	_	_
laisser	O	O	O	O	O	O	_	_	_	_	_	_
ignorer	O	O	O	O	O	O	_	_	_	_	_	_
à	O	O	O	O	O	O	_	_	EndOfLine	_	_	_
# segment_iiif_link = https://iiif.eluxemburgensia.lu/iiif/2/ark:%2f70795%2fzj5394%2fpages%2f2/1101,5022,789,51/full/0/default.jpg
personne	O	O	O	O	O	O	_	_	NoSpaceAfter	_	_	_
,	O	O	O	O	O	O	_	_	_	_	_	_
notamment	O	O	O	O	O	O	_	_	_	_	_	_
à	O	O	O	O	O	O	_	_	_	_	_	_
la	O	O	O	O	O	O	_	_	_	_	_	_
Russie	O	O	O	O	O	O	_	_	_	_	_	_
elle	O	O	O	O	O	O	_	_	NoSpaceAfter	_	_	_
-	O	O	O	O	O	O	_	_	NoSpaceAfter	_	_	_
même	O	O	O	O	O	O	_	_	NoSpaceAfter	_	_	_
,	O	O	O	O	O	O	_	_	EndOfLine	_	_	_
# segment_iiif_link = https://iiif.eluxemburgensia.lu/iiif/2/ark:%2f70795%2fzj5394%2fpages%2f2/1103,5075,789,49/full/0/default.jpg
que	O	O	O	O	O	O	_	_	_	_	_	_
cette	O	O	O	O	O	O	_	_	_	_	_	_
décision	O	O	O	O	O	O	_	_	_	_	_	_
était	O	O	O	O	O	O	_	_	_	_	_	_
prise	O	O	O	O	O	O	_	_	_	_	_	_
dans	O	O	O	O	O	O	_	_	_	_	_	_
le	O	O	O	O	O	O	_	_	_	_	_	_
but	O	O	O	O	O	O	_	_	EndOfLine	_	_	_
# segment_iiif_link = https://iiif.eluxemburgensia.lu/iiif/2/ark:%2f70795%2fzj5394%2fpages%2f2/1103,5115,769,54/full/0/default.jpg
de	O	O	O	O	O	O	_	_	_	_	_	_
maintenir	O	O	O	O	O	O	_	_	_	_	_	_
les	O	O	O	O	O	O	_	_	_	_	_	_
relations	O	O	O	O	O	O	_	_	_	_	_	_
les	O	O	O	O	O	O	_	_	_	_	_	_
plus	O	O	O	O	O	O	_	_	EndOfLine	_	_	_
# segment_iiif_link = https://iiif.eluxemburgensia.lu/iiif/2/ark:%2f70795%2fzj5394%2fpages%2f2/1103,5172,788,47/full/0/default.jpg
complètement	O	O	O	O	O	O	_	_	_	_	_	_
satisfaisantes	O	O	O	O	O	O	_	_	_	_	_	_
avec	O	O	O	O	O	O	_	_	_	_	_	_
la	O	O	O	O	O	O	_	_	_	_	_	_
cour	O	O	O	O	O	O	_	_	_	_	_	_
de	O	O	O	O	O	O	_	_	_	_	_	_
Saint	O	O	O	O	O	O	_	_	NoSpaceAfter	_	_	_
-	O	O	O	O	O	O	_	_	EndOfLine	_	_	_
# segment_iiif_link = https://iiif.eluxemburgensia.lu/iiif/2/ark:%2f70795%2fzj5394%2fpages%2f2/1103,5218,223,62/full/0/default.jpg
Pétersbourg	O	O	O	O	O	O	_	_	NoSpaceAfter	_	_	_
.	O	O	O	O	O	O	_	_	EndOfLine	EndOfSentence	_	_
# segment_iiif_link = https://iiif.eluxemburgensia.lu/iiif/2/ark:%2f70795%2fzj5394%2fpages%2f2/1144,5270,748,51/full/0/default.jpg
Les	O	O	O	O	O	O	_	_	_	_	_	_
nouvelles	O	O	O	O	O	O	_	_	_	_	_	_
d	O	O	O	O	O	O	_	_	NoSpaceAfter	_	_	_
'	O	O	O	O	O	O	_	_	NoSpaceAfter	_	_	_
Ecosse	O	O	O	O	O	O	_	_	_	_	_	_
fout	O	O	O	O	O	O	_	_	_	_	_	_
connaître	O	O	O	O	O	O	_	_	_	_	_	_
que	O	O	O	O	O	O	_	_	EndOfLine	_	_	_
# segment_iiif_link = https://iiif.eluxemburgensia.lu/iiif/2/ark:%2f70795%2fzj5394%2fpages%2f2/1104,5316,789,51/full/0/default.jpg
les	O	O	O	O	O	O	_	_	_	_	_	_
effets	O	O	O	O	O	O	_	_	_	_	_	_
du	O	O	O	O	O	O	_	_	_	_	_	_
changement	O	O	O	O	O	O	_	_	_	_	_	_
de	O	O	O	O	O	O	_	_	_	_	_	_
climat	O	O	O	O	O	O	_	_	_	_	_	_
sont	O	O	O	O	O	O	_	_	EndOfLine	_	_	_
# segment_iiif_link = https://iiif.eluxemburgensia.lu/iiif/2/ark:%2f70795%2fzj5394%2fpages%2f2/1105,5369,787,55/full/0/default.jpg
excellents	O	O	O	O	O	O	_	_	_	_	_	_
pour	O	O	O	O	O	O	_	_	_	_	_	_
l	O	O	O	O	O	O	_	_	NoSpaceAfter	_	_	_
'	O	O	O	O	O	O	_	_	NoSpaceAfter	_	_	_
impératrice	O	O	O	O	O	O	_	_	NoSpaceAfter	_	_	_
.	O	O	O	O	O	O	_	_	_	EndOfSentence	_	_
On	O	O	O	O	O	O	_	_	_	_	_	_
dément	O	O	O	O	O	O	_	_	EndOfLine	_	_	_
# segment_iiif_link = https://iiif.eluxemburgensia.lu/iiif/2/ark:%2f70795%2fzj5394%2fpages%2f2/1947,222,787,43/full/0/default.jpg
ici	O	O	O	O	O	O	_	_	_	_	_	_
de	O	O	O	O	O	O	_	_	_	_	_	_
la	O	O	O	O	O	O	_	_	_	_	_	_
façon	O	O	O	O	O	O	_	_	_	_	_	_
la	O	O	O	O	O	O	_	_	_	_	_	_
plus	O	O	O	O	O	O	_	_	_	_	_	_
catégorique	O	O	O	O	O	O	_	_	_	_	_	_
le	O	O	O	O	O	O	_	_	_	_	_	_
fait	O	O	O	O	O	O	_	_	EndOfLine	_	_	_
# segment_iiif_link = https://iiif.eluxemburgensia.lu/iiif/2/ark:%2f70795%2fzj5394%2fpages%2f2/1948,264,774,50/full/0/default.jpg
d	O	O	O	O	O	O	_	_	NoSpaceAfter	_	_	_
'	O	O	O	O	O	O	_	_	NoSpaceAfter	_	_	_
une	O	O	O	O	O	O	_	_	_	_	_	_
lettre	O	O	O	O	O	O	_	_	_	_	_	_
autographe	O	O	O	O	O	O	_	_	_	_	_	_
que	O	O	O	O	O	O	_	_	_	_	_	_
S	O	O	O	O	O	O	_	_	NoSpaceAfter	_	_	_
.	O	O	O	O	O	O	_	_	_	_	_	_
M	O	O	O	O	O	O	_	_	NoSpaceAfter	_	_	_
.	O	O	O	O	O	O	_	_	_	_	_	_
aurai	O	O	O	O	O	O	_	_	EndOfLine	_	_	_
# segment_iiif_link = https://iiif.eluxemburgensia.lu/iiif/2/ark:%2f70795%2fzj5394%2fpages%2f2/1948,315,771,51/full/0/default.jpg
écrite	O	O	O	O	O	O	_	_	_	_	_	_
au	O	O	O	O	O	O	_	_	_	_	_	_
Saint	O	O	O	O	O	O	_	_	NoSpaceAfter	_	_	_
-	O	O	O	O	O	O	_	_	NoSpaceAfter	_	_	_
Père	O	O	O	O	O	O	_	_	_	_	_	_
avant	O	O	O	O	O	O	_	_	_	_	_	_
son	O	O	O	O	O	O	_	_	_	_	_	_
départ	O	O	O	O	O	O	_	_	NoSpaceAfter	_	_	_
,	O	O	O	O	O	O	_	_	_	_	_	_
pou	O	O	O	O	O	O	_	_	EndOfLine	_	_	_
# segment_iiif_link = https://iiif.eluxemburgensia.lu/iiif/2/ark:%2f70795%2fzj5394%2fpages%2f2/1947,367,775,60/full/0/default.jpg
protester	O	O	O	O	O	O	_	_	_	_	_	_
contre	O	O	O	O	O	O	_	_	_	_	_	_
la	O	O	O	O	O	O	_	_	_	_	_	_
politique	O	O	O	O	O	O	_	_	_	_	_	_
tenue	O	O	O	O	O	O	_	_	_	_	_	_
ou	O	O	O	O	O	O	_	_	_	_	_	_
ap	O	O	O	O	O	O	_	_	EndOfLine	_	_	_
# segment_iiif_link = https://iiif.eluxemburgensia.lu/iiif/2/ark:%2f70795%2fzj5394%2fpages%2f2/1947,417,770,62/full/0/default.jpg
puyée	O	O	O	O	O	O	_	_	_	_	_	_
par	O	O	O	O	O	O	_	_	_	_	_	_
l	O	O	O	O	O	O	_	_	NoSpaceAfter	_	_	_
'	O	O	O	O	O	O	_	_	NoSpaceAfter	_	_	_
empereur	O	O	O	O	O	O	_	_	_	_	_	_
en	O	O	O	O	O	O	_	_	_	_	_	_
Italie	O	O	O	O	O	O	_	_	NoSpaceAfter	_	_	_
.	O	O	O	O	O	O	_	_	_	EndOfSentence	_	_
Cette	O	O	O	O	O	O	_	_	EndOfLine	_	_	_
# segment_iiif_link = https://iiif.eluxemburgensia.lu/iiif/2/ark:%2f70795%2fzj5394%2fpages%2f2/1947,470,774,51/full/0/default.jpg
absurde	O	O	O	O	O	O	_	_	_	_	_	_
allégation	O	O	O	O	O	O	_	_	_	_	_	_
se	O	O	O	O	O	O	_	_	_	_	_	_
réfutait	O	O	O	O	O	O	_	_	_	_	_	_
d	O	O	O	O	O	O	_	_	NoSpaceAfter	_	_	_
'	O	O	O	O	O	O	_	_	NoSpaceAfter	_	_	_
ailleurs	O	O	O	O	O	O	_	_	_	_	_	_
d	O	O	O	O	O	O	_	_	NoSpaceAfter	_	_	_
'	O	O	O	O	O	O	_	_	NoSpaceAfter	_	_	_
elle	O	O	O	O	O	O	_	_	EndOfLine	_	_	_
# segment_iiif_link = https://iiif.eluxemburgensia.lu/iiif/2/ark:%2f70795%2fzj5394%2fpages%2f2/1947,520,770,51/full/0/default.jpg
même	O	O	O	O	O	O	_	_	NoSpaceAfter	_	_	_
.	O	O	O	O	O	O	_	_	_	EndOfSentence	_	_
Le	O	O	O	O	O	O	_	_	_	_	_	_
bruit	O	O	O	O	O	O	_	_	_	_	_	_
de	O	O	O	O	O	O	_	_	_	_	_	_
l	O	O	O	O	O	O	_	_	NoSpaceAfter	_	_	_
'	O	O	O	O	O	O	_	_	NoSpaceAfter	_	_	_
arrivée	O	O	O	O	O	O	_	_	_	_	_	_
à	O	O	O	O	O	O	_	_	_	_	_	_
Paris	O	O	O	O	O	O	_	_	_	_	_	_
de	O	O	O	O	O	O	_	_	_	_	_	_
1	O	O	O	O	O	O	_	_	EndOfLine	_	_	_
# segment_iiif_link = https://iiif.eluxemburgensia.lu/iiif/2/ark:%2f70795%2fzj5394%2fpages%2f2/1947,572,769,51/full/0/default.jpg
duchesse	O	O	O	O	O	O	_	_	_	_	_	_
de	O	O	O	O	O	O	_	_	_	_	_	_
Hamilton	O	O	O	O	O	O	_	_	NoSpaceAfter	_	_	_
,	O	O	O	O	O	O	_	_	_	_	_	_
répandu	O	O	O	O	O	O	_	_	_	_	_	_
aujourd	O	O	O	O	O	O	_	_	NoSpaceAfter	_	_	_
'	O	O	O	O	O	O	_	_	NoSpaceAfter	_	_	_
hui	O	O	O	O	O	O	_	_	EndOfLine	_	_	_
# segment_iiif_link = https://iiif.eluxemburgensia.lu/iiif/2/ark:%2f70795%2fzj5394%2fpages%2f2/1947,624,788,51/full/0/default.jpg
doit	O	O	O	O	O	O	_	_	_	_	_	_
être	O	O	O	O	O	O	_	_	_	_	_	_
également	O	O	O	O	O	O	_	_	_	_	_	_
controuvé	O	O	O	O	O	O	_	_	NoSpaceAfter	_	_	_
,	O	O	O	O	O	O	_	_	_	_	_	_
car	O	O	O	O	O	O	_	_	_	_	_	_
cette	O	O	O	O	O	O	_	_	EndOfLine	_	_	_
# segment_iiif_link = https://iiif.eluxemburgensia.lu/iiif/2/ark:%2f70795%2fzj5394%2fpages%2f2/1947,675,788,53/full/0/default.jpg
dame	O	O	O	O	O	O	_	_	_	_	_	_
attend	O	O	O	O	O	O	_	_	_	_	_	_
sans	O	O	O	O	O	O	_	_	_	_	_	_
doute	O	O	O	O	O	O	_	_	_	_	_	_
l	O	O	O	O	O	O	_	_	NoSpaceAfter	_	_	_
'	O	O	O	O	O	O	_	_	NoSpaceAfter	_	_	_
impératrice	O	O	O	O	O	O	_	_	NoSpaceAfter	_	_	_
,	O	O	O	O	O	O	_	_	_	_	_	_
qu	O	O	O	O	O	O	_	_	NoSpaceAfter	_	_	_
'	O	O	O	O	O	O	_	_	NoSpaceAfter	_	_	_
elle	O	O	O	O	O	O	_	_	EndOfLine	_	_	_
# segment_iiif_link = https://iiif.eluxemburgensia.lu/iiif/2/ark:%2f70795%2fzj5394%2fpages%2f2/1947,726,787,51/full/0/default.jpg
n	O	O	O	O	O	O	_	_	NoSpaceAfter	_	_	_
'	O	O	O	O	O	O	_	_	NoSpaceAfter	_	_	_
a	O	O	O	O	O	O	_	_	_	_	_	_
pas	O	O	O	O	O	O	_	_	_	_	_	_
eu	O	O	O	O	O	O	_	_	_	_	_	_
l	O	O	O	O	O	O	_	_	NoSpaceAfter	_	_	_
'	O	O	O	O	O	O	_	_	NoSpaceAfter	_	_	_
honneur	O	O	O	O	O	O	_	_	_	_	_	_
de	O	O	O	O	O	O	_	_	_	_	_	_
recevoir	O	O	O	O	O	O	_	_	_	_	_	_
encore	O	O	O	O	O	O	_	_	EndOfLine	_	_	_
# segment_iiif_link = https://iiif.eluxemburgensia.lu/iiif/2/ark:%2f70795%2fzj5394%2fpages%2f2/1947,778,494,51/full/0/default.jpg
dans	O	O	O	O	O	O	_	_	_	_	_	_
sa	O	O	O	O	O	O	_	_	_	_	_	_
résidence	O	O	O	O	O	O	_	_	_	_	_	_
d	O	O	O	O	O	O	_	_	NoSpaceAfter	_	_	_
'	O	O	O	O	O	O	_	_	NoSpaceAfter	_	_	_
Ecosse	O	O	O	O	O	O	_	_	NoSpaceAfter	_	_	_
.	O	O	O	O	O	O	_	_	EndOfLine	EndOfSentence	_	_
# segment_iiif_link = https://iiif.eluxemburgensia.lu/iiif/2/ark:%2f70795%2fzj5394%2fpages%2f2/1988,838,746,51/full/0/default.jpg
Le	O	O	O	O	O	O	_	_	_	_	_	_
16	O	O	O	O	O	O	_	_	_	_	_	_
de	O	O	O	O	O	O	_	_	_	_	_	_
ce	O	O	O	O	O	O	_	_	_	_	_	_
mois	O	O	O	O	O	O	_	_	_	_	_	_
ont	O	O	O	O	O	O	_	_	_	_	_	_
été	O	O	O	O	O	O	_	_	_	_	_	_
signés	O	O	O	O	O	O	_	_	_	_	_	_
ici	O	O	O	O	O	O	_	_	_	_	_	_
les	O	O	O	O	O	O	_	_	EndOfLine	_	_	_
# segment_iiif_link = https://iiif.eluxemburgensia.lu/iiif/2/ark:%2f70795%2fzj5394%2fpages%2f2/1947,900,788,42/full/0/default.jpg
nouveaux	O	O	O	O	O	O	_	_	_	_	_	_
articles	O	O	O	O	O	O	_	_	_	_	_	_
du	O	O	O	O	O	O	_	_	_	_	_	_
traité	O	O	O	O	O	O	_	_	_	_	_	_
de	O	O	O	O	O	O	_	_	_	_	_	_
commerce	O	O	O	O	O	O	_	_	EndOfLine	_	_	_
# segment_iiif_link = https://iiif.eluxemburgensia.lu/iiif/2/ark:%2f70795%2fzj5394%2fpages%2f2/1947,941,767,61/full/0/default.jpg
anglo	O	O	O	O	O	O	_	_	NoSpaceAfter	_	_	_
-	O	O	O	O	O	O	_	_	NoSpaceAfter	_	_	_
français	O	O	O	O	O	O	_	_	NoSpaceAfter	_	_	_
,	O	O	O	O	O	O	_	_	_	_	_	_
entre	O	O	O	O	O	O	_	_	_	_	_	_
MM	O	O	O	O	O	O	_	_	NoSpaceAfter	_	_	_
.	O	O	O	O	O	O	_	_	_	EndOfSentence	_	_
ïhouvenel	O	O	O	O	O	O	_	_	NoSpaceAfter	_	_	_
,	O	O	O	O	O	O	_	_	EndOfLine	_	_	_
# segment_iiif_link = https://iiif.eluxemburgensia.lu/iiif/2/ark:%2f70795%2fzj5394%2fpages%2f2/1947,992,787,53/full/0/default.jpg
Rouher	O	O	O	O	O	O	_	_	_	_	_	_
et	O	O	O	O	O	O	_	_	_	_	_	_
Cobden	O	O	O	O	O	O	_	_	NoSpaceAfter	_	_	_
.	O	O	O	O	O	O	_	_	_	EndOfSentence	_	_
Ce	O	O	O	O	O	O	_	_	_	_	_	_
dernier	O	O	O	O	O	O	_	_	_	_	_	_
vient	O	O	O	O	O	O	_	_	_	_	_	_
de	O	O	O	O	O	O	_	_	_	_	_	_
faire	O	O	O	O	O	O	_	_	EndOfLine	_	_	_
# segment_iiif_link = https://iiif.eluxemburgensia.lu/iiif/2/ark:%2f70795%2fzj5394%2fpages%2f2/1947,1054,773,41/full/0/default.jpg
un	O	O	O	O	O	O	_	_	_	_	_	_
voyage	O	O	O	O	O	O	_	_	_	_	_	_
à	O	O	O	O	O	O	_	_	_	_	_	_
Nantes	O	O	O	O	O	O	_	_	_	_	_	_
pour	O	O	O	O	O	O	_	_	_	_	_	_
juger	O	O	O	O	O	O	_	_	_	_	_	_
par	O	O	O	O	O	O	_	_	_	_	_	_
lui	O	O	O	O	O	O	_	_	EndOfLine	_	_	_
# segment_iiif_link = https://iiif.eluxemburgensia.lu/iiif/2/ark:%2f70795%2fzj5394%2fpages%2f2/1947,1096,787,51/full/0/default.jpg
même	O	O	O	O	O	O	_	_	_	_	_	_
des	O	O	O	O	O	O	_	_	_	_	_	_
effets	O	O	O	O	O	O	_	_	_	_	_	_
favorables	O	O	O	O	O	O	_	_	_	_	_	_
de	O	O	O	O	O	O	_	_	_	_	_	_
ce	O	O	O	O	O	O	_	_	_	_	_	_
traite	O	O	O	O	O	O	_	_	EndOfLine	_	_	_
# segment_iiif_link = https://iiif.eluxemburgensia.lu/iiif/2/ark:%2f70795%2fzj5394%2fpages%2f2/1947,1145,788,54/full/0/default.jpg
international	O	O	O	O	O	O	_	_	NoSpaceAfter	_	_	_
.	O	O	O	O	O	O	_	_	_	EndOfSentence	_	_
M	O	O	O	O	O	O	_	_	NoSpaceAfter	_	_	_
.	O	O	O	O	O	O	_	_	_	_	_	_
Cobden	O	O	O	O	O	O	_	_	_	_	_	_
a	O	O	O	O	O	O	_	_	_	_	_	_
reçu	O	O	O	O	O	O	_	_	_	_	_	_
dans	O	O	O	O	O	O	_	_	_	_	_	_
cette	O	O	O	O	O	O	_	_	EndOfLine	_	_	_
# segment_iiif_link = https://iiif.eluxemburgensia.lu/iiif/2/ark:%2f70795%2fzj5394%2fpages%2f2/1947,1200,775,50/full/0/default.jpg
ville	O	O	O	O	O	O	_	_	_	_	_	_
un	O	O	O	O	O	O	_	_	_	_	_	_
accueil	O	O	O	O	O	O	_	_	_	_	_	_
enthousiaste	O	O	O	O	O	O	_	_	NoSpaceAfter	_	_	_
.	O	O	O	O	O	O	_	_	_	EndOfSentence	_	_
Un	O	O	O	O	O	O	_	_	_	_	_	_
granc	O	O	O	O	O	O	_	_	EndOfLine	_	_	_
# segment_iiif_link = https://iiif.eluxemburgensia.lu/iiif/2/ark:%2f70795%2fzj5394%2fpages%2f2/1947,1252,744,57/full/0/default.jpg
banquet	O	O	O	O	O	O	_	_	_	_	_	_
lui	O	O	O	O	O	O	_	_	_	_	_	_
a	O	O	O	O	O	O	_	_	_	_	_	_
été	O	O	O	O	O	O	_	_	_	_	_	_
offert	O	O	O	O	O	O	_	_	_	_	_	_
à	O	O	O	O	O	O	_	_	_	_	_	_
la	O	O	O	O	O	O	_	_	_	_	_	_
Préfecture	O	O	O	O	O	O	_	_	NoSpaceAfter	_	_	_
.	O	O	O	O	O	O	_	_	EndOfLine	EndOfSentence	_	_
# segment_iiif_link = https://iiif.eluxemburgensia.lu/iiif/2/ark:%2f70795%2fzj5394%2fpages%2f2/1987,1301,747,51/full/0/default.jpg
Dans	O	O	O	O	O	O	_	_	_	_	_	_
le	O	O	O	O	O	O	_	_	_	_	_	_
monde	O	O	O	O	O	O	_	_	_	_	_	_
littéraire	O	O	O	O	O	O	_	_	NoSpaceAfter	_	_	_
,	O	O	O	O	O	O	_	_	_	_	_	_
on	O	O	O	O	O	O	_	_	_	_	_	_
parle	O	O	O	O	O	O	_	_	_	_	_	_
de	O	O	O	O	O	O	_	_	_	_	_	_
la	O	O	O	O	O	O	_	_	EndOfLine	_	_	_
# segment_iiif_link = https://iiif.eluxemburgensia.lu/iiif/2/ark:%2f70795%2fzj5394%2fpages%2f2/1947,1353,788,53/full/0/default.jpg
résolution	O	O	O	O	O	O	_	_	_	_	_	_
qu	O	O	O	O	O	O	_	_	NoSpaceAfter	_	_	_
'	O	O	O	O	O	O	_	_	NoSpaceAfter	_	_	_
aurait	O	O	O	O	O	O	_	_	_	_	_	_
prise	O	O	O	O	O	O	_	_	_	_	_	_
M	O	O	O	O	O	O	_	_	NoSpaceAfter	_	_	_
.	O	O	O	O	O	O	_	_	_	_	_	_
Scribe	O	O	O	O	O	O	_	_	_	_	_	_
de	O	O	O	O	O	O	_	_	_	_	_	_
se	O	O	O	O	O	O	_	_	EndOfLine	_	_	_
# segment_iiif_link = https://iiif.eluxemburgensia.lu/iiif/2/ark:%2f70795%2fzj5394%2fpages%2f2/1947,1407,775,50/full/0/default.jpg
retirer	O	O	O	O	O	O	_	_	_	_	_	_
de	O	O	O	O	O	O	_	_	_	_	_	_
Paris	O	O	O	O	O	O	_	_	_	_	_	_
et	O	O	O	O	O	O	_	_	_	_	_	_
de	O	O	O	O	O	O	_	_	_	_	_	_
renoncer	O	O	O	O	O	O	_	_	_	_	_	_
à	O	O	O	O	O	O	_	_	_	_	_	_
la	O	O	O	O	O	O	_	_	_	_	_	_
car	O	O	O	O	O	O	_	_	EndOfLine	_	_	_
# segment_iiif_link = https://iiif.eluxemburgensia.lu/iiif/2/ark:%2f70795%2fzj5394%2fpages%2f2/1947,1458,787,49/full/0/default.jpg
ri	O	O	O	O	O	O	_	_	_	_	_	_
ère	O	O	O	O	O	O	_	_	_	_	_	_
théâtrale	O	O	O	O	O	O	_	_	NoSpaceAfter	_	_	_
,	O	O	O	O	O	O	_	_	_	_	_	_
découragé	O	O	O	O	O	O	_	_	_	_	_	_
qu	O	O	O	O	O	O	_	_	NoSpaceAfter	_	_	_
'	O	O	O	O	O	O	_	_	NoSpaceAfter	_	_	_
il	O	O	O	O	O	O	_	_	_	_	_	_
serait	O	O	O	O	O	O	_	_	_	_	_	_
par	O	O	O	O	O	O	_	_	EndOfLine	_	_	_
# segment_iiif_link = https://iiif.eluxemburgensia.lu/iiif/2/ark:%2f70795%2fzj5394%2fpages%2f2/1947,1509,787,53/full/0/default.jpg
l	O	O	O	O	O	O	_	_	NoSpaceAfter	_	_	_
'	O	O	O	O	O	O	_	_	NoSpaceAfter	_	_	_
accueil	O	O	O	O	O	O	_	_	_	_	_	_
fait	O	O	O	O	O	O	_	_	_	_	_	_
à	O	O	O	O	O	O	_	_	_	_	_	_
ses	O	O	O	O	O	O	_	_	_	_	_	_
dernières	O	O	O	O	O	O	_	_	_	_	_	_
pièces	O	O	O	O	O	O	_	_	NoSpaceAfter	_	_	_
,	O	O	O	O	O	O	_	_	_	_	_	_
dont	O	O	O	O	O	O	_	_	_	_	_	_
le	O	O	O	O	O	O	_	_	EndOfLine	_	_	_
# segment_iiif_link = https://iiif.eluxemburgensia.lu/iiif/2/ark:%2f70795%2fzj5394%2fpages%2f2/1947,1560,770,51/full/0/default.jpg
succès	O	O	O	O	O	O	_	_	_	_	_	_
n	O	O	O	O	O	O	_	_	NoSpaceAfter	_	_	_
'	O	O	O	O	O	O	_	_	NoSpaceAfter	_	_	_
a	O	O	O	O	O	O	_	_	_	_	_	_
pas	O	O	O	O	O	O	_	_	_	_	_	_
répondu	O	O	O	O	O	O	_	_	_	_	_	_
aux	O	O	O	O	O	O	_	_	_	_	_	_
brillants	O	O	O	O	O	O	_	_	EndOfLine	_	_	_
# segment_iiif_link = https://iiif.eluxemburgensia.lu/iiif/2/ark:%2f70795%2fzj5394%2fpages%2f2/1947,1611,775,51/full/0/default.jpg
souvenirs	O	O	O	O	O	O	_	_	_	_	_	_
de	O	O	O	O	O	O	_	_	_	_	_	_
sa	O	O	O	O	O	O	_	_	_	_	_	_
glorieuse	O	O	O	O	O	O	_	_	_	_	_	_
carrière	O	O	O	O	O	O	_	_	NoSpaceAfter	_	_	_
.	O	O	O	O	O	O	_	_	_	EndOfSentence	_	_
Il	O	O	O	O	O	O	_	_	_	_	_	_
est	O	O	O	O	O	O	_	_	_	_	_	_
rée	O	O	O	O	O	O	_	_	EndOfLine	_	_	_
# segment_iiif_link = https://iiif.eluxemburgensia.lu/iiif/2/ark:%2f70795%2fzj5394%2fpages%2f2/1947,1671,788,50/full/0/default.jpg
que	O	O	O	O	O	O	_	_	_	_	_	_
M	O	O	O	O	O	O	_	_	NoSpaceAfter	_	_	_
.	O	O	O	O	O	O	_	_	_	_	_	_
Scribe	O	O	O	O	O	O	_	_	_	_	_	_
est	O	O	O	O	O	O	_	_	_	_	_	_
en	O	O	O	O	O	O	_	_	_	_	_	_
ce	O	O	O	O	O	O	_	_	_	_	_	_
moment	O	O	O	O	O	O	_	_	_	_	_	_
en	O	O	O	O	O	O	_	_	_	_	_	_
marché	O	O	O	O	O	O	_	_	EndOfLine	_	_	_
# segment_iiif_link = https://iiif.eluxemburgensia.lu/iiif/2/ark:%2f70795%2fzj5394%2fpages%2f2/1947,1722,787,50/full/0/default.jpg
pour	O	O	O	O	O	O	_	_	_	_	_	_
vendre	O	O	O	O	O	O	_	_	_	_	_	_
son	O	O	O	O	O	O	_	_	_	_	_	_
hôtel	O	O	O	O	O	O	_	_	_	_	_	_
de	O	O	O	O	O	O	_	_	_	_	_	_
la	O	O	O	O	O	O	_	_	_	_	_	_
rue	O	O	O	O	O	O	_	_	_	_	_	_
Pigale	O	O	O	O	O	O	_	_	_	_	_	_
et	O	O	O	O	O	O	_	_	EndOfLine	_	_	_
# segment_iiif_link = https://iiif.eluxemburgensia.lu/iiif/2/ark:%2f70795%2fzj5394%2fpages%2f2/1947,1774,787,42/full/0/default.jpg
ne	O	O	O	O	O	O	_	_	_	_	_	_
voudrait	O	O	O	O	O	O	_	_	_	_	_	_
conserver	O	O	O	O	O	O	_	_	_	_	_	_
à	O	O	O	O	O	O	_	_	_	_	_	_
Paris	O	O	O	O	O	O	_	_	_	_	_	_
qu	O	O	O	O	O	O	_	_	NoSpaceAfter	_	_	_
'	O	O	O	O	O	O	_	_	NoSpaceAfter	_	_	_
un	O	O	O	O	O	O	_	_	_	_	_	_
pied	O	O	O	O	O	O	_	_	_	_	_	_
à	O	O	O	O	O	O	_	_	EndOfLine	_	_	_
# segment_iiif_link = https://iiif.eluxemburgensia.lu/iiif/2/ark:%2f70795%2fzj5394%2fpages%2f2/1947,1820,787,48/full/0/default.jpg
terre	O	O	O	O	O	O	_	_	NoSpaceAfter	_	_	_
.	O	O	O	O	O	O	_	_	_	EndOfSentence	_	_
Le	O	O	O	O	O	O	_	_	_	_	_	_
célèbre	O	O	O	O	O	O	_	_	_	_	_	_
écrivain	O	O	O	O	O	O	_	_	_	_	_	_
se	O	O	O	O	O	O	_	_	_	_	_	_
retirerait	O	O	O	O	O	O	_	_	_	_	_	_
à	O	O	O	O	O	O	_	_	EndOfLine	_	_	_
# segment_iiif_link = https://iiif.eluxemburgensia.lu/iiif/2/ark:%2f70795%2fzj5394%2fpages%2f2/1947,1867,788,62/full/0/default.jpg
Sericourt	O	O	O	O	O	O	_	_	NoSpaceAfter	_	_	_
,	O	O	O	O	O	O	_	_	_	_	_	_
propriété	O	O	O	O	O	O	_	_	_	_	_	_
qu	O	O	O	O	O	O	_	_	NoSpaceAfter	_	_	_
'	O	O	O	O	O	O	_	_	NoSpaceAfter	_	_	_
il	O	O	O	O	O	O	_	_	_	_	_	_
possède	O	O	O	O	O	O	_	_	_	_	_	_
à	O	O	O	O	O	O	_	_	_	_	_	_
une	O	O	O	O	O	O	_	_	EndOfLine	_	_	_
# segment_iiif_link = https://iiif.eluxemburgensia.lu/iiif/2/ark:%2f70795%2fzj5394%2fpages%2f2/1947,1920,528,57/full/0/default.jpg
vingtaine	O	O	O	O	O	O	_	_	_	_	_	_
de	O	O	O	O	O	O	_	_	_	_	_	_
lieues	O	O	O	O	O	O	_	_	_	_	_	_
de	O	O	O	O	O	O	_	_	_	_	_	_
Paris	O	O	O	O	O	O	_	_	NoSpaceAfter	_	_	_
.	O	O	O	O	O	O	_	_	EndOfLine	EndOfSentence	_	_
# segment_iiif_link = https://iiif.eluxemburgensia.lu/iiif/2/ark:%2f70795%2fzj5394%2fpages%2f2/2561,1918,153,56/full/0/default.jpg
(	O	O	O	O	O	O	_	_	NoSpaceAfter	_	_	_
Ind	O	O	O	O	O	O	_	_	NoSpaceAfter	_	LED0.00	_
.	O	O	O	O	O	O	_	_	_	_	LED0.00	_
b	O	O	O	O	O	O	_	_	NoSpaceAfter	_	LED0.00	_
.	O	O	O	O	O	O	_	_	NoSpaceAfter	_	LED0.00	_
)	O	O	O	O	O	O	_	_	EndOfLine	EndOfSentence	_	_

# language = fr
# newspaper = lunion
# date = 1860-11-27
# document_id = lunion-1860-11-27-a-i0004
# news-agency-as-source = _
# segment_iiif_link = https://iiif.eluxemburgensia.lu/iiif/2/ark:%2f70795%2fzj5394%2fpages%2f2/1387,4165,192,56/full/0/default.jpg
France	O	O	O	O	O	O	_	_	NoSpaceAfter	_	_	_
.	O	O	O	O	O	O	_	_	EndOfLine	EndOfSentence	_	_
# segment_iiif_link = https://iiif.eluxemburgensia.lu/iiif/2/ark:%2f70795%2fzj5394%2fpages%2f2/1140,4231,728,56/full/0/default.jpg
Paris	O	O	O	O	O	O	_	_	NoSpaceAfter	_	_	_
,	O	O	O	O	O	O	_	_	_	_	_	_
22	O	O	O	O	O	O	_	_	_	_	_	_
nov	O	O	O	O	O	O	_	_	NoSpaceAfter	_	_	_
.	O	O	O	O	O	O	_	_	_	EndOfSentence	_	_
On	O	O	O	O	O	O	_	_	_	_	_	_
croit	O	O	O	O	O	O	_	_	_	_	_	_
toujours	O	O	O	O	O	O	_	_	EndOfLine	_	_	_
# segment_iiif_link = https://iiif.eluxemburgensia.lu/iiif/2/ark:%2f70795%2fzj5394%2fpages%2f2/1099,4292,789,50/full/0/default.jpg
remarquer	O	O	O	O	O	O	_	_	_	_	_	_
un	O	O	O	O	O	O	_	_	_	_	_	_
rapprochement	O	O	O	O	O	O	_	_	_	_	_	_
persistant	O	O	O	O	O	O	_	_	_	_	_	_
entre	O	O	O	O	O	O	_	_	_	_	_	_
la	O	O	O	O	O	O	_	_	EndOfLine	_	_	_
# segment_iiif_link = https://iiif.eluxemburgensia.lu/iiif/2/ark:%2f70795%2fzj5394%2fpages%2f2/1099,4332,789,51/full/0/default.jpg
France	O	O	O	O	O	O	_	_	_	_	_	_
et	O	O	O	O	O	O	_	_	_	_	_	_
la	O	O	O	O	O	O	_	_	_	_	_	_
Russie	O	O	O	O	O	O	_	_	_	_	_	_
et	O	O	O	O	O	O	_	_	_	_	_	_
on	O	O	O	O	O	O	_	_	_	_	_	_
en	O	O	O	O	O	O	_	_	_	_	_	_
cite	O	O	O	O	O	O	_	_	_	_	_	_
une	O	O	O	O	O	O	_	_	_	_	_	_
preuve	O	O	O	O	O	O	_	_	EndOfLine	_	_	_
# segment_iiif_link = https://iiif.eluxemburgensia.lu/iiif/2/ark:%2f70795%2fzj5394%2fpages%2f2/1100,4383,790,53/full/0/default.jpg
nouvelle	O	O	O	O	O	O	_	_	NoSpaceAfter	_	_	_
.	O	O	O	O	O	O	_	_	_	EndOfSentence	_	_
On	O	O	O	O	O	O	_	_	_	_	_	_
a	O	O	O	O	O	O	_	_	_	_	_	_
parlé	O	O	O	O	O	O	_	_	_	_	_	_
de	O	O	O	O	O	O	_	_	_	_	_	_
l	O	O	O	O	O	O	_	_	NoSpaceAfter	_	_	_
'	O	O	O	O	O	O	_	_	NoSpaceAfter	_	_	_
intention	O	O	O	O	O	O	_	_	_	_	_	_
où	O	O	O	O	O	O	_	_	_	_	_	_
étaient	O	O	O	O	O	O	_	_	EndOfLine	_	_	_
# segment_iiif_link = https://iiif.eluxemburgensia.lu/iiif/2/ark:%2f70795%2fzj5394%2fpages%2f2/1100,4435,772,54/full/0/default.jpg
des	O	O	O	O	O	O	_	_	_	_	_	_
Bulgares	O	O	O	O	O	O	_	_	_	_	_	_
de	O	O	O	O	O	O	_	_	_	_	_	_
se	O	O	O	O	O	O	_	_	_	_	_	_
convertir	O	O	O	O	O	O	_	_	_	_	_	_
au	O	O	O	O	O	O	_	_	EndOfLine	_	_	_
# segment_iiif_link = https://iiif.eluxemburgensia.lu/iiif/2/ark:%2f70795%2fzj5394%2fpages%2f2/1100,4489,770,53/full/0/default.jpg
catholicisme	O	O	O	O	O	O	_	_	_	_	_	_
;	O	O	O	O	O	O	_	_	_	_	_	_
l	O	O	O	O	O	O	_	_	NoSpaceAfter	_	_	_
'	O	O	O	O	O	O	_	_	NoSpaceAfter	_	_	_
arrière	O	O	O	O	O	O	_	_	NoSpaceAfter	_	_	_
-	O	O	O	O	O	O	_	_	NoSpaceAfter	_	_	_
pensée	O	O	O	O	O	O	_	_	_	_	_	_
politique	O	O	O	O	O	O	_	_	_	_	_	_
de	O	O	O	O	O	O	_	_	_	_	_	_
ces	O	O	O	O	O	O	_	_	EndOfLine	_	_	_
# segment_iiif_link = https://iiif.eluxemburgensia.lu/iiif/2/ark:%2f70795%2fzj5394%2fpages%2f2/1099,4542,790,62/full/0/default.jpg
peuples	O	O	O	O	O	O	_	_	NoSpaceAfter	_	_	_
,	O	O	O	O	O	O	_	_	_	_	_	_
en	O	O	O	O	O	O	_	_	_	_	_	_
abjurant	O	O	O	O	O	O	_	_	_	_	_	_
la	O	O	O	O	O	O	_	_	_	_	_	_
religion	O	O	O	O	O	O	_	_	_	_	_	_
grecque	O	O	O	O	O	O	_	_	NoSpaceAfter	_	_	_
,	O	O	O	O	O	O	_	_	_	_	_	_
était	O	O	O	O	O	O	_	_	EndOfLine	_	_	_
# segment_iiif_link = https://iiif.eluxemburgensia.lu/iiif/2/ark:%2f70795%2fzj5394%2fpages%2f2/1099,4596,789,54/full/0/default.jpg
de	O	O	O	O	O	O	_	_	_	_	_	_
rompre	O	O	O	O	O	O	_	_	_	_	_	_
tout	O	O	O	O	O	O	_	_	_	_	_	_
à	O	O	O	O	O	O	_	_	_	_	_	_
fait	O	O	O	O	O	O	_	_	_	_	_	_
avec	O	O	O	O	O	O	_	_	_	_	_	_
le	O	O	O	O	O	O	_	_	_	_	_	_
patriarcat	O	O	O	O	O	O	_	_	EndOfLine	_	_	_
# segment_iiif_link = https://iiif.eluxemburgensia.lu/iiif/2/ark:%2f70795%2fzj5394%2fpages%2f2/1099,4655,789,49/full/0/default.jpg
russe	O	O	O	O	O	O	_	_	NoSpaceAfter	_	_	_
,	O	O	O	O	O	O	_	_	_	_	_	_
dans	O	O	O	O	O	O	_	_	_	_	_	_
lequel	O	O	O	O	O	O	_	_	_	_	_	_
ils	O	O	O	O	O	O	_	_	_	_	_	_
ne	O	O	O	O	O	O	_	_	_	_	_	_
trouvent	O	O	O	O	O	O	_	_	_	_	_	_
pas	O	O	O	O	O	O	_	_	_	_	_	_
un	O	O	O	O	O	O	_	_	EndOfLine	_	_	_
# segment_iiif_link = https://iiif.eluxemburgensia.lu/iiif/2/ark:%2f70795%2fzj5394%2fpages%2f2/1099,4700,790,62/full/0/default.jpg
appui	O	O	O	O	O	O	_	_	_	_	_	_
suffisant	O	O	O	O	O	O	_	_	_	_	_	_
pour	O	O	O	O	O	O	_	_	_	_	_	_
leur	O	O	O	O	O	O	_	_	_	_	_	_
nationalité	O	O	O	O	O	O	_	_	NoSpaceAfter	_	_	_
,	O	O	O	O	O	O	_	_	_	_	_	_
et	O	O	O	O	O	O	_	_	_	_	_	_
de	O	O	O	O	O	O	_	_	EndOfLine	_	_	_
# segment_iiif_link = https://iiif.eluxemburgensia.lu/iiif/2/ark:%2f70795%2fzj5394%2fpages%2f2/1099,4755,789,60/full/0/default.jpg
provoquer	O	O	O	O	O	O	_	_	_	_	_	_
en	O	O	O	O	O	O	_	_	_	_	_	_
leur	O	O	O	O	O	O	_	_	_	_	_	_
faveur	O	O	O	O	O	O	_	_	_	_	_	_
les	O	O	O	O	O	O	_	_	_	_	_	_
sympathies	O	O	O	O	O	O	_	_	_	_	_	_
de	O	O	O	O	O	O	_	_	EndOfLine	_	_	_
# segment_iiif_link = https://iiif.eluxemburgensia.lu/iiif/2/ark:%2f70795%2fzj5394%2fpages%2f2/1099,4807,789,50/full/0/default.jpg
la	O	O	O	O	O	O	_	_	_	_	_	_
France	O	O	O	O	O	O	_	_	NoSpaceAfter	_	_	_
.	O	O	O	O	O	O	_	_	_	EndOfSentence	_	_
Si	O	O	O	O	O	O	_	_	_	_	_	_
je	O	O	O	O	O	O	_	_	_	_	_	_
suis	O	O	O	O	O	O	_	_	_	_	_	_
bien	O	O	O	O	O	O	_	_	_	_	_	_
informé	O	O	O	O	O	O	_	_	NoSpaceAfter	_	_	_
,	O	O	O	O	O	O	_	_	_	_	_	_
M	O	O	O	O	O	O	_	_	NoSpaceAfter	_	_	_
.	O	O	O	O	O	O	_	_	_	_	_	_
de	O	O	O	O	O	O	_	_	EndOfLine	_	_	_
# segment_iiif_link = https://iiif.eluxemburgensia.lu/iiif/2/ark:%2f70795%2fzj5394%2fpages%2f2/1099,4856,790,55/full/0/default.jpg
Lavalette	O	O	O	O	O	O	_	_	_	_	_	_
aurait	O	O	O	O	O	O	_	_	_	_	_	_
reçu	O	O	O	O	O	O	_	_	_	_	_	_
des	O	O	O	O	O	O	_	_	_	_	_	_
Tuileries	O	O	O	O	O	O	_	_	_	_	_	_
l	O	O	O	O	O	O	_	_	NoSpaceAfter	_	_	_
'	O	O	O	O	O	O	_	_	NoSpaceAfter	_	_	_
ordre	O	O	O	O	O	O	_	_	EndOfLine	_	_	_
# segment_iiif_link = https://iiif.eluxemburgensia.lu/iiif/2/ark:%2f70795%2fzj5394%2fpages%2f2/1101,4911,789,49/full/0/default.jpg
de	O	O	O	O	O	O	_	_	_	_	_	_
décourager	O	O	O	O	O	O	_	_	NoSpaceAfter	_	_	_
,	O	O	O	O	O	O	_	_	_	_	_	_
autant	O	O	O	O	O	O	_	_	_	_	_	_
que	O	O	O	O	O	O	_	_	_	_	_	_
possible	O	O	O	O	O	O	_	_	NoSpaceAfter	_	_	_
,	O	O	O	O	O	O	_	_	_	_	_	_
ce	O	O	O	O	O	O	_	_	EndOfLine	_	_	_
# segment_iiif_link = https://iiif.eluxemburgensia.lu/iiif/2/ark:%2f70795%2fzj5394%2fpages%2f2/1101,4963,771,51/full/0/default.jpg
mouvement	O	O	O	O	O	O	_	_	_	_	_	_
et	O	O	O	O	O	O	_	_	_	_	_	_
de	O	O	O	O	O	O	_	_	_	_	_	_
ne	O	O	O	O	O	O	_	_	_	_	_	_
laisser	O	O	O	O	O	O	_	_	_	_	_	_
ignorer	O	O	O	O	O	O	_	_	_	_	_	_
à	O	O	O	O	O	O	_	_	EndOfLine	_	_	_
# segment_iiif_link = https://iiif.eluxemburgensia.lu/iiif/2/ark:%2f70795%2fzj5394%2fpages%2f2/1101,5022,789,51/full/0/default.jpg
personne	O	O	O	O	O	O	_	_	NoSpaceAfter	_	_	_
,	O	O	O	O	O	O	_	_	_	_	_	_
notamment	O	O	O	O	O	O	_	_	_	_	_	_
à	O	O	O	O	O	O	_	_	_	_	_	_
la	O	O	O	O	O	O	_	_	_	_	_	_
Russie	O	O	O	O	O	O	_	_	_	_	_	_
elle	O	O	O	O	O	O	_	_	NoSpaceAfter	_	_	_
-	O	O	O	O	O	O	_	_	NoSpaceAfter	_	_	_
même	O	O	O	O	O	O	_	_	NoSpaceAfter	_	_	_
,	O	O	O	O	O	O	_	_	EndOfLine	_	_	_
# segment_iiif_link = https://iiif.eluxemburgensia.lu/iiif/2/ark:%2f70795%2fzj5394%2fpages%2f2/1103,5075,789,49/full/0/default.jpg
que	O	O	O	O	O	O	_	_	_	_	_	_
cette	O	O	O	O	O	O	_	_	_	_	_	_
décision	O	O	O	O	O	O	_	_	_	_	_	_
était	O	O	O	O	O	O	_	_	_	_	_	_
prise	O	O	O	O	O	O	_	_	_	_	_	_
dans	O	O	O	O	O	O	_	_	_	_	_	_
le	O	O	O	O	O	O	_	_	_	_	_	_
but	O	O	O	O	O	O	_	_	EndOfLine	_	_	_
# segment_iiif_link = https://iiif.eluxemburgensia.lu/iiif/2/ark:%2f70795%2fzj5394%2fpages%2f2/1103,5115,769,54/full/0/default.jpg
de	O	O	O	O	O	O	_	_	_	_	_	_
maintenir	O	O	O	O	O	O	_	_	_	_	_	_
les	O	O	O	O	O	O	_	_	_	_	_	_
relations	O	O	O	O	O	O	_	_	_	_	_	_
les	O	O	O	O	O	O	_	_	_	_	_	_
plus	O	O	O	O	O	O	_	_	EndOfLine	_	_	_
# segment_iiif_link = https://iiif.eluxemburgensia.lu/iiif/2/ark:%2f70795%2fzj5394%2fpages%2f2/1103,5172,788,47/full/0/default.jpg
complètement	O	O	O	O	O	O	_	_	_	_	_	_
satisfaisantes	O	O	O	O	O	O	_	_	_	_	_	_
avec	O	O	O	O	O	O	_	_	_	_	_	_
la	O	O	O	O	O	O	_	_	_	_	_	_
cour	O	O	O	O	O	O	_	_	_	_	_	_
de	O	O	O	O	O	O	_	_	_	_	_	_
Saint	O	O	O	O	O	O	_	_	NoSpaceAfter	_	_	_
-	O	O	O	O	O	O	_	_	EndOfLine	_	_	_
# segment_iiif_link = https://iiif.eluxemburgensia.lu/iiif/2/ark:%2f70795%2fzj5394%2fpages%2f2/1103,5218,223,62/full/0/default.jpg
Pétersbourg	O	O	O	O	O	O	_	_	NoSpaceAfter	_	_	_
.	O	O	O	O	O	O	_	_	EndOfLine	EndOfSentence	_	_
# segment_iiif_link = https://iiif.eluxemburgensia.lu/iiif/2/ark:%2f70795%2fzj5394%2fpages%2f2/1144,5270,748,51/full/0/default.jpg
Les	O	O	O	O	O	O	_	_	_	_	_	_
nouvelles	O	O	O	O	O	O	_	_	_	_	_	_
d	O	O	O	O	O	O	_	_	NoSpaceAfter	_	_	_
'	O	O	O	O	O	O	_	_	NoSpaceAfter	_	_	_
Ecosse	O	O	O	O	O	O	_	_	_	_	_	_
fout	O	O	O	O	O	O	_	_	_	_	_	_
connaître	O	O	O	O	O	O	_	_	_	_	_	_
que	O	O	O	O	O	O	_	_	EndOfLine	_	_	_
# segment_iiif_link = https://iiif.eluxemburgensia.lu/iiif/2/ark:%2f70795%2fzj5394%2fpages%2f2/1104,5316,789,51/full/0/default.jpg
les	O	O	O	O	O	O	_	_	_	_	_	_
effets	O	O	O	O	O	O	_	_	_	_	_	_
du	O	O	O	O	O	O	_	_	_	_	_	_
changement	O	O	O	O	O	O	_	_	_	_	_	_
de	O	O	O	O	O	O	_	_	_	_	_	_
climat	O	O	O	O	O	O	_	_	_	_	_	_
sont	O	O	O	O	O	O	_	_	EndOfLine	_	_	_
# segment_iiif_link = https://iiif.eluxemburgensia.lu/iiif/2/ark:%2f70795%2fzj5394%2fpages%2f2/1105,5369,787,55/full/0/default.jpg
excellents	O	O	O	O	O	O	_	_	_	_	_	_
pour	O	O	O	O	O	O	_	_	_	_	_	_
l	O	O	O	O	O	O	_	_	NoSpaceAfter	_	_	_
'	O	O	O	O	O	O	_	_	NoSpaceAfter	_	_	_
impératrice	O	O	O	O	O	O	_	_	NoSpaceAfter	_	_	_
.	O	O	O	O	O	O	_	_	_	EndOfSentence	_	_
On	O	O	O	O	O	O	_	_	_	_	_	_
dément	O	O	O	O	O	O	_	_	EndOfLine	_	_	_
# segment_iiif_link = https://iiif.eluxemburgensia.lu/iiif/2/ark:%2f70795%2fzj5394%2fpages%2f2/1947,222,787,43/full/0/default.jpg
ici	O	O	O	O	O	O	_	_	_	_	_	_
de	O	O	O	O	O	O	_	_	_	_	_	_
la	O	O	O	O	O	O	_	_	_	_	_	_
façon	O	O	O	O	O	O	_	_	_	_	_	_
la	O	O	O	O	O	O	_	_	_	_	_	_
plus	O	O	O	O	O	O	_	_	_	_	_	_
catégorique	O	O	O	O	O	O	_	_	_	_	_	_
le	O	O	O	O	O	O	_	_	_	_	_	_
fait	O	O	O	O	O	O	_	_	EndOfLine	_	_	_
# segment_iiif_link = https://iiif.eluxemburgensia.lu/iiif/2/ark:%2f70795%2fzj5394%2fpages%2f2/1948,264,774,50/full/0/default.jpg
d	O	O	O	O	O	O	_	_	NoSpaceAfter	_	_	_
'	O	O	O	O	O	O	_	_	NoSpaceAfter	_	_	_
une	O	O	O	O	O	O	_	_	_	_	_	_
lettre	O	O	O	O	O	O	_	_	_	_	_	_
autographe	O	O	O	O	O	O	_	_	_	_	_	_
que	O	O	O	O	O	O	_	_	_	_	_	_
S	O	O	O	O	O	O	_	_	NoSpaceAfter	_	_	_
.	O	O	O	O	O	O	_	_	_	_	_	_
M	O	O	O	O	O	O	_	_	NoSpaceAfter	_	_	_
.	O	O	O	O	O	O	_	_	_	_	_	_
aurai	O	O	O	O	O	O	_	_	EndOfLine	_	_	_
# segment_iiif_link = https://iiif.eluxemburgensia.lu/iiif/2/ark:%2f70795%2fzj5394%2fpages%2f2/1948,315,771,51/full/0/default.jpg
écrite	O	O	O	O	O	O	_	_	_	_	_	_
au	O	O	O	O	O	O	_	_	_	_	_	_
Saint	O	O	O	O	O	O	_	_	NoSpaceAfter	_	_	_
-	O	O	O	O	O	O	_	_	NoSpaceAfter	_	_	_
Père	O	O	O	O	O	O	_	_	_	_	_	_
avant	O	O	O	O	O	O	_	_	_	_	_	_
son	O	O	O	O	O	O	_	_	_	_	_	_
départ	O	O	O	O	O	O	_	_	NoSpaceAfter	_	_	_
,	O	O	O	O	O	O	_	_	_	_	_	_
pou	O	O	O	O	O	O	_	_	EndOfLine	_	_	_
# segment_iiif_link = https://iiif.eluxemburgensia.lu/iiif/2/ark:%2f70795%2fzj5394%2fpages%2f2/1947,367,775,60/full/0/default.jpg
protester	O	O	O	O	O	O	_	_	_	_	_	_
contre	O	O	O	O	O	O	_	_	_	_	_	_
la	O	O	O	O	O	O	_	_	_	_	_	_
politique	O	O	O	O	O	O	_	_	_	_	_	_
tenue	O	O	O	O	O	O	_	_	_	_	_	_
ou	O	O	O	O	O	O	_	_	_	_	_	_
ap	O	O	O	O	O	O	_	_	EndOfLine	_	_	_
# segment_iiif_link = https://iiif.eluxemburgensia.lu/iiif/2/ark:%2f70795%2fzj5394%2fpages%2f2/1947,417,770,62/full/0/default.jpg
puyée	O	O	O	O	O	O	_	_	_	_	_	_
par	O	O	O	O	O	O	_	_	_	_	_	_
l	O	O	O	O	O	O	_	_	NoSpaceAfter	_	_	_
'	O	O	O	O	O	O	_	_	NoSpaceAfter	_	_	_
empereur	O	O	O	O	O	O	_	_	_	_	_	_
en	O	O	O	O	O	O	_	_	_	_	_	_
Italie	O	O	O	O	O	O	_	_	NoSpaceAfter	_	_	_
.	O	O	O	O	O	O	_	_	_	EndOfSentence	_	_
Cette	O	O	O	O	O	O	_	_	EndOfLine	_	_	_
# segment_iiif_link = https://iiif.eluxemburgensia.lu/iiif/2/ark:%2f70795%2fzj5394%2fpages%2f2/1947,470,774,51/full/0/default.jpg
absurde	O	O	O	O	O	O	_	_	_	_	_	_
allégation	O	O	O	O	O	O	_	_	_	_	_	_
se	O	O	O	O	O	O	_	_	_	_	_	_
réfutait	O	O	O	O	O	O	_	_	_	_	_	_
d	O	O	O	O	O	O	_	_	NoSpaceAfter	_	_	_
'	O	O	O	O	O	O	_	_	NoSpaceAfter	_	_	_
ailleurs	O	O	O	O	O	O	_	_	_	_	_	_
d	O	O	O	O	O	O	_	_	NoSpaceAfter	_	_	_
'	O	O	O	O	O	O	_	_	NoSpaceAfter	_	_	_
elle	O	O	O	O	O	O	_	_	EndOfLine	_	_	_
# segment_iiif_link = https://iiif.eluxemburgensia.lu/iiif/2/ark:%2f70795%2fzj5394%2fpages%2f2/1947,520,770,51/full/0/default.jpg
même	O	O	O	O	O	O	_	_	NoSpaceAfter	_	_	_
.	O	O	O	O	O	O	_	_	_	EndOfSentence	_	_
Le	O	O	O	O	O	O	_	_	_	_	_	_
bruit	O	O	O	O	O	O	_	_	_	_	_	_
de	O	O	O	O	O	O	_	_	_	_	_	_
l	O	O	O	O	O	O	_	_	NoSpaceAfter	_	_	_
'	O	O	O	O	O	O	_	_	NoSpaceAfter	_	_	_
arrivée	O	O	O	O	O	O	_	_	_	_	_	_
à	O	O	O	O	O	O	_	_	_	_	_	_
Paris	O	O	O	O	O	O	_	_	_	_	_	_
de	O	O	O	O	O	O	_	_	_	_	_	_
1	O	O	O	O	O	O	_	_	EndOfLine	_	_	_
# segment_iiif_link = https://iiif.eluxemburgensia.lu/iiif/2/ark:%2f70795%2fzj5394%2fpages%2f2/1947,572,769,51/full/0/default.jpg
duchesse	O	O	O	O	O	O	_	_	_	_	_	_
de	O	O	O	O	O	O	_	_	_	_	_	_
Hamilton	O	O	O	O	O	O	_	_	NoSpaceAfter	_	_	_
,	O	O	O	O	O	O	_	_	_	_	_	_
répandu	O	O	O	O	O	O	_	_	_	_	_	_
aujourd	O	O	O	O	O	O	_	_	NoSpaceAfter	_	_	_
'	O	O	O	O	O	O	_	_	NoSpaceAfter	_	_	_
hui	O	O	O	O	O	O	_	_	EndOfLine	_	_	_
# segment_iiif_link = https://iiif.eluxemburgensia.lu/iiif/2/ark:%2f70795%2fzj5394%2fpages%2f2/1947,624,788,51/full/0/default.jpg
doit	O	O	O	O	O	O	_	_	_	_	_	_
être	O	O	O	O	O	O	_	_	_	_	_	_
également	O	O	O	O	O	O	_	_	_	_	_	_
controuvé	O	O	O	O	O	O	_	_	NoSpaceAfter	_	_	_
,	O	O	O	O	O	O	_	_	_	_	_	_
car	O	O	O	O	O	O	_	_	_	_	_	_
cette	O	O	O	O	O	O	_	_	EndOfLine	_	_	_
# segment_iiif_link = https://iiif.eluxemburgensia.lu/iiif/2/ark:%2f70795%2fzj5394%2fpages%2f2/1947,675,788,53/full/0/default.jpg
dame	O	O	O	O	O	O	_	_	_	_	_	_
attend	O	O	O	O	O	O	_	_	_	_	_	_
sans	O	O	O	O	O	O	_	_	_	_	_	_
doute	O	O	O	O	O	O	_	_	_	_	_	_
l	O	O	O	O	O	O	_	_	NoSpaceAfter	_	_	_
'	O	O	O	O	O	O	_	_	NoSpaceAfter	_	_	_
impératrice	O	O	O	O	O	O	_	_	NoSpaceAfter	_	_	_
,	O	O	O	O	O	O	_	_	_	_	_	_
qu	O	O	O	O	O	O	_	_	NoSpaceAfter	_	_	_
'	O	O	O	O	O	O	_	_	NoSpaceAfter	_	_	_
elle	O	O	O	O	O	O	_	_	EndOfLine	_	_	_
# segment_iiif_link = https://iiif.eluxemburgensia.lu/iiif/2/ark:%2f70795%2fzj5394%2fpages%2f2/1947,726,787,51/full/0/default.jpg
n	O	O	O	O	O	O	_	_	NoSpaceAfter	_	_	_
'	O	O	O	O	O	O	_	_	NoSpaceAfter	_	_	_
a	O	O	O	O	O	O	_	_	_	_	_	_
pas	O	O	O	O	O	O	_	_	_	_	_	_
eu	O	O	O	O	O	O	_	_	_	_	_	_
l	O	O	O	O	O	O	_	_	NoSpaceAfter	_	_	_
'	O	O	O	O	O	O	_	_	NoSpaceAfter	_	_	_
honneur	O	O	O	O	O	O	_	_	_	_	_	_
de	O	O	O	O	O	O	_	_	_	_	_	_
recevoir	O	O	O	O	O	O	_	_	_	_	_	_
encore	O	O	O	O	O	O	_	_	EndOfLine	_	_	_
# segment_iiif_link = https://iiif.eluxemburgensia.lu/iiif/2/ark:%2f70795%2fzj5394%2fpages%2f2/1947,778,494,51/full/0/default.jpg
dans	O	O	O	O	O	O	_	_	_	_	_	_
sa	O	O	O	O	O	O	_	_	_	_	_	_
résidence	O	O	O	O	O	O	_	_	_	_	_	_
d	O	O	O	O	O	O	_	_	NoSpaceAfter	_	_	_
'	O	O	O	O	O	O	_	_	NoSpaceAfter	_	_	_
Ecosse	O	O	O	O	O	O	_	_	NoSpaceAfter	_	_	_
.	O	O	O	O	O	O	_	_	EndOfLine	EndOfSentence	_	_
# segment_iiif_link = https://iiif.eluxemburgensia.lu/iiif/2/ark:%2f70795%2fzj5394%2fpages%2f2/1988,838,746,51/full/0/default.jpg
Le	O	O	O	O	O	O	_	_	_	_	_	_
16	O	O	O	O	O	O	_	_	_	_	_	_
de	O	O	O	O	O	O	_	_	_	_	_	_
ce	O	O	O	O	O	O	_	_	_	_	_	_
mois	O	O	O	O	O	O	_	_	_	_	_	_
ont	O	O	O	O	O	O	_	_	_	_	_	_
été	O	O	O	O	O	O	_	_	_	_	_	_
signés	O	O	O	O	O	O	_	_	_	_	_	_
ici	O	O	O	O	O	O	_	_	_	_	_	_
les	O	O	O	O	O	O	_	_	EndOfLine	_	_	_
# segment_iiif_link = https://iiif.eluxemburgensia.lu/iiif/2/ark:%2f70795%2fzj5394%2fpages%2f2/1947,900,788,42/full/0/default.jpg
nouveaux	O	O	O	O	O	O	_	_	_	_	_	_
articles	O	O	O	O	O	O	_	_	_	_	_	_
du	O	O	O	O	O	O	_	_	_	_	_	_
traité	O	O	O	O	O	O	_	_	_	_	_	_
de	O	O	O	O	O	O	_	_	_	_	_	_
commerce	O	O	O	O	O	O	_	_	EndOfLine	_	_	_
# segment_iiif_link = https://iiif.eluxemburgensia.lu/iiif/2/ark:%2f70795%2fzj5394%2fpages%2f2/1947,941,767,61/full/0/default.jpg
anglo	O	O	O	O	O	O	_	_	NoSpaceAfter	_	_	_
-	O	O	O	O	O	O	_	_	NoSpaceAfter	_	_	_
français	O	O	O	O	O	O	_	_	NoSpaceAfter	_	_	_
,	O	O	O	O	O	O	_	_	_	_	_	_
entre	O	O	O	O	O	O	_	_	_	_	_	_
MM	O	O	O	O	O	O	_	_	NoSpaceAfter	_	_	_
.	O	O	O	O	O	O	_	_	_	EndOfSentence	_	_
ïhouvenel	O	O	O	O	O	O	_	_	NoSpaceAfter	_	_	_
,	O	O	O	O	O	O	_	_	EndOfLine	_	_	_
# segment_iiif_link = https://iiif.eluxemburgensia.lu/iiif/2/ark:%2f70795%2fzj5394%2fpages%2f2/1947,992,787,53/full/0/default.jpg
Rouher	O	O	O	O	O	O	_	_	_	_	_	_
et	O	O	O	O	O	O	_	_	_	_	_	_
Cobden	O	O	O	O	O	O	_	_	NoSpaceAfter	_	_	_
.	O	O	O	O	O	O	_	_	_	EndOfSentence	_	_
Ce	O	O	O	O	O	O	_	_	_	_	_	_
dernier	O	O	O	O	O	O	_	_	_	_	_	_
vient	O	O	O	O	O	O	_	_	_	_	_	_
de	O	O	O	O	O	O	_	_	_	_	_	_
faire	O	O	O	O	O	O	_	_	EndOfLine	_	_	_
# segment_iiif_link = https://iiif.eluxemburgensia.lu/iiif/2/ark:%2f70795%2fzj5394%2fpages%2f2/1947,1054,773,41/full/0/default.jpg
un	O	O	O	O	O	O	_	_	_	_	_	_
voyage	O	O	O	O	O	O	_	_	_	_	_	_
à	O	O	O	O	O	O	_	_	_	_	_	_
Nantes	O	O	O	O	O	O	_	_	_	_	_	_
pour	O	O	O	O	O	O	_	_	_	_	_	_
juger	O	O	O	O	O	O	_	_	_	_	_	_
par	O	O	O	O	O	O	_	_	_	_	_	_
lui	O	O	O	O	O	O	_	_	EndOfLine	_	_	_
# segment_iiif_link = https://iiif.eluxemburgensia.lu/iiif/2/ark:%2f70795%2fzj5394%2fpages%2f2/1947,1096,787,51/full/0/default.jpg
même	O	O	O	O	O	O	_	_	_	_	_	_
des	O	O	O	O	O	O	_	_	_	_	_	_
effets	O	O	O	O	O	O	_	_	_	_	_	_
favorables	O	O	O	O	O	O	_	_	_	_	_	_
de	O	O	O	O	O	O	_	_	_	_	_	_
ce	O	O	O	O	O	O	_	_	_	_	_	_
traite	O	O	O	O	O	O	_	_	EndOfLine	_	_	_
# segment_iiif_link = https://iiif.eluxemburgensia.lu/iiif/2/ark:%2f70795%2fzj5394%2fpages%2f2/1947,1145,788,54/full/0/default.jpg
international	O	O	O	O	O	O	_	_	NoSpaceAfter	_	_	_
.	O	O	O	O	O	O	_	_	_	EndOfSentence	_	_
M	O	O	O	O	O	O	_	_	NoSpaceAfter	_	_	_
.	O	O	O	O	O	O	_	_	_	_	_	_
Cobden	O	O	O	O	O	O	_	_	_	_	_	_
a	O	O	O	O	O	O	_	_	_	_	_	_
reçu	O	O	O	O	O	O	_	_	_	_	_	_
dans	O	O	O	O	O	O	_	_	_	_	_	_
cette	O	O	O	O	O	O	_	_	EndOfLine	_	_	_
# segment_iiif_link = https://iiif.eluxemburgensia.lu/iiif/2/ark:%2f70795%2fzj5394%2fpages%2f2/1947,1200,775,50/full/0/default.jpg
ville	O	O	O	O	O	O	_	_	_	_	_	_
un	O	O	O	O	O	O	_	_	_	_	_	_
accueil	O	O	O	O	O	O	_	_	_	_	_	_
enthousiaste	O	O	O	O	O	O	_	_	NoSpaceAfter	_	_	_
.	O	O	O	O	O	O	_	_	_	EndOfSentence	_	_
Un	O	O	O	O	O	O	_	_	_	_	_	_
granc	O	O	O	O	O	O	_	_	EndOfLine	_	_	_
# segment_iiif_link = https://iiif.eluxemburgensia.lu/iiif/2/ark:%2f70795%2fzj5394%2fpages%2f2/1947,1252,744,57/full/0/default.jpg
banquet	O	O	O	O	O	O	_	_	_	_	_	_
lui	O	O	O	O	O	O	_	_	_	_	_	_
a	O	O	O	O	O	O	_	_	_	_	_	_
été	O	O	O	O	O	O	_	_	_	_	_	_
offert	O	O	O	O	O	O	_	_	_	_	_	_
à	O	O	O	O	O	O	_	_	_	_	_	_
la	O	O	O	O	O	O	_	_	_	_	_	_
Préfecture	O	O	O	O	O	O	_	_	NoSpaceAfter	_	_	_
.	O	O	O	O	O	O	_	_	EndOfLine	EndOfSentence	_	_
# segment_iiif_link = https://iiif.eluxemburgensia.lu/iiif/2/ark:%2f70795%2fzj5394%2fpages%2f2/1987,1301,747,51/full/0/default.jpg
Dans	O	O	O	O	O	O	_	_	_	_	_	_
le	O	O	O	O	O	O	_	_	_	_	_	_
monde	O	O	O	O	O	O	_	_	_	_	_	_
littéraire	O	O	O	O	O	O	_	_	NoSpaceAfter	_	_	_
,	O	O	O	O	O	O	_	_	_	_	_	_
on	O	O	O	O	O	O	_	_	_	_	_	_
parle	O	O	O	O	O	O	_	_	_	_	_	_
de	O	O	O	O	O	O	_	_	_	_	_	_
la	O	O	O	O	O	O	_	_	EndOfLine	_	_	_
# segment_iiif_link = https://iiif.eluxemburgensia.lu/iiif/2/ark:%2f70795%2fzj5394%2fpages%2f2/1947,1353,788,53/full/0/default.jpg
résolution	O	O	O	O	O	O	_	_	_	_	_	_
qu	O	O	O	O	O	O	_	_	NoSpaceAfter	_	_	_
'	O	O	O	O	O	O	_	_	NoSpaceAfter	_	_	_
aurait	O	O	O	O	O	O	_	_	_	_	_	_
prise	O	O	O	O	O	O	_	_	_	_	_	_
M	O	O	O	O	O	O	_	_	NoSpaceAfter	_	_	_
.	O	O	O	O	O	O	_	_	_	_	_	_
Scribe	O	O	O	O	O	O	_	_	_	_	_	_
de	O	O	O	O	O	O	_	_	_	_	_	_
se	O	O	O	O	O	O	_	_	EndOfLine	_	_	_
# segment_iiif_link = https://iiif.eluxemburgensia.lu/iiif/2/ark:%2f70795%2fzj5394%2fpages%2f2/1947,1407,775,50/full/0/default.jpg
retirer	O	O	O	O	O	O	_	_	_	_	_	_
de	O	O	O	O	O	O	_	_	_	_	_	_
Paris	O	O	O	O	O	O	_	_	_	_	_	_
et	O	O	O	O	O	O	_	_	_	_	_	_
de	O	O	O	O	O	O	_	_	_	_	_	_
renoncer	O	O	O	O	O	O	_	_	_	_	_	_
à	O	O	O	O	O	O	_	_	_	_	_	_
la	O	O	O	O	O	O	_	_	_	_	_	_
car	O	O	O	O	O	O	_	_	EndOfLine	_	_	_
# segment_iiif_link = https://iiif.eluxemburgensia.lu/iiif/2/ark:%2f70795%2fzj5394%2fpages%2f2/1947,1458,787,49/full/0/default.jpg
ri	O	O	O	O	O	O	_	_	_	_	_	_
ère	O	O	O	O	O	O	_	_	_	_	_	_
théâtrale	O	O	O	O	O	O	_	_	NoSpaceAfter	_	_	_
,	O	O	O	O	O	O	_	_	_	_	_	_
découragé	O	O	O	O	O	O	_	_	_	_	_	_
qu	O	O	O	O	O	O	_	_	NoSpaceAfter	_	_	_
'	O	O	O	O	O	O	_	_	NoSpaceAfter	_	_	_
il	O	O	O	O	O	O	_	_	_	_	_	_
serait	O	O	O	O	O	O	_	_	_	_	_	_
par	O	O	O	O	O	O	_	_	EndOfLine	_	_	_
# segment_iiif_link = https://iiif.eluxemburgensia.lu/iiif/2/ark:%2f70795%2fzj5394%2fpages%2f2/1947,1509,787,53/full/0/default.jpg
l	O	O	O	O	O	O	_	_	NoSpaceAfter	_	_	_
'	O	O	O	O	O	O	_	_	NoSpaceAfter	_	_	_
accueil	O	O	O	O	O	O	_	_	_	_	_	_
fait	O	O	O	O	O	O	_	_	_	_	_	_
à	O	O	O	O	O	O	_	_	_	_	_	_
ses	O	O	O	O	O	O	_	_	_	_	_	_
dernières	O	O	O	O	O	O	_	_	_	_	_	_
pièces	O	O	O	O	O	O	_	_	NoSpaceAfter	_	_	_
,	O	O	O	O	O	O	_	_	_	_	_	_
dont	O	O	O	O	O	O	_	_	_	_	_	_
le	O	O	O	O	O	O	_	_	EndOfLine	_	_	_
# segment_iiif_link = https://iiif.eluxemburgensia.lu/iiif/2/ark:%2f70795%2fzj5394%2fpages%2f2/1947,1560,770,51/full/0/default.jpg
succès	O	O	O	O	O	O	_	_	_	_	_	_
n	O	O	O	O	O	O	_	_	NoSpaceAfter	_	_	_
'	O	O	O	O	O	O	_	_	NoSpaceAfter	_	_	_
a	O	O	O	O	O	O	_	_	_	_	_	_
pas	O	O	O	O	O	O	_	_	_	_	_	_
répondu	O	O	O	O	O	O	_	_	_	_	_	_
aux	O	O	O	O	O	O	_	_	_	_	_	_
brillants	O	O	O	O	O	O	_	_	EndOfLine	_	_	_
# segment_iiif_link = https://iiif.eluxemburgensia.lu/iiif/2/ark:%2f70795%2fzj5394%2fpages%2f2/1947,1611,775,51/full/0/default.jpg
souvenirs	O	O	O	O	O	O	_	_	_	_	_	_
de	O	O	O	O	O	O	_	_	_	_	_	_
sa	O	O	O	O	O	O	_	_	_	_	_	_
glorieuse	O	O	O	O	O	O	_	_	_	_	_	_
carrière	O	O	O	O	O	O	_	_	NoSpaceAfter	_	_	_
.	O	O	O	O	O	O	_	_	_	EndOfSentence	_	_
Il	O	O	O	O	O	O	_	_	_	_	_	_
est	O	O	O	O	O	O	_	_	_	_	_	_
rée	O	O	O	O	O	O	_	_	EndOfLine	_	_	_
# segment_iiif_link = https://iiif.eluxemburgensia.lu/iiif/2/ark:%2f70795%2fzj5394%2fpages%2f2/1947,1671,788,50/full/0/default.jpg
que	O	O	O	O	O	O	_	_	_	_	_	_
M	O	O	O	O	O	O	_	_	NoSpaceAfter	_	_	_
.	O	O	O	O	O	O	_	_	_	_	_	_
Scribe	O	O	O	O	O	O	_	_	_	_	_	_
est	O	O	O	O	O	O	_	_	_	_	_	_
en	O	O	O	O	O	O	_	_	_	_	_	_
ce	O	O	O	O	O	O	_	_	_	_	_	_
moment	O	O	O	O	O	O	_	_	_	_	_	_
en	O	O	O	O	O	O	_	_	_	_	_	_
marché	O	O	O	O	O	O	_	_	EndOfLine	_	_	_
# segment_iiif_link = https://iiif.eluxemburgensia.lu/iiif/2/ark:%2f70795%2fzj5394%2fpages%2f2/1947,1722,787,50/full/0/default.jpg
pour	O	O	O	O	O	O	_	_	_	_	_	_
vendre	O	O	O	O	O	O	_	_	_	_	_	_
son	O	O	O	O	O	O	_	_	_	_	_	_
hôtel	O	O	O	O	O	O	_	_	_	_	_	_
de	O	O	O	O	O	O	_	_	_	_	_	_
la	O	O	O	O	O	O	_	_	_	_	_	_
rue	O	O	O	O	O	O	_	_	_	_	_	_
Pigale	O	O	O	O	O	O	_	_	_	_	_	_
et	O	O	O	O	O	O	_	_	EndOfLine	_	_	_
# segment_iiif_link = https://iiif.eluxemburgensia.lu/iiif/2/ark:%2f70795%2fzj5394%2fpages%2f2/1947,1774,787,42/full/0/default.jpg
ne	O	O	O	O	O	O	_	_	_	_	_	_
voudrait	O	O	O	O	O	O	_	_	_	_	_	_
conserver	O	O	O	O	O	O	_	_	_	_	_	_
à	O	O	O	O	O	O	_	_	_	_	_	_
Paris	O	O	O	O	O	O	_	_	_	_	_	_
qu	O	O	O	O	O	O	_	_	NoSpaceAfter	_	_	_
'	O	O	O	O	O	O	_	_	NoSpaceAfter	_	_	_
un	O	O	O	O	O	O	_	_	_	_	_	_
pied	O	O	O	O	O	O	_	_	_	_	_	_
à	O	O	O	O	O	O	_	_	EndOfLine	_	_	_
# segment_iiif_link = https://iiif.eluxemburgensia.lu/iiif/2/ark:%2f70795%2fzj5394%2fpages%2f2/1947,1820,787,48/full/0/default.jpg
terre	O	O	O	O	O	O	_	_	NoSpaceAfter	_	_	_
.	O	O	O	O	O	O	_	_	_	EndOfSentence	_	_
Le	O	O	O	O	O	O	_	_	_	_	_	_
célèbre	O	O	O	O	O	O	_	_	_	_	_	_
écrivain	O	O	O	O	O	O	_	_	_	_	_	_
se	O	O	O	O	O	O	_	_	_	_	_	_
retirerait	O	O	O	O	O	O	_	_	_	_	_	_
à	O	O	O	O	O	O	_	_	EndOfLine	_	_	_
# segment_iiif_link = https://iiif.eluxemburgensia.lu/iiif/2/ark:%2f70795%2fzj5394%2fpages%2f2/1947,1867,788,62/full/0/default.jpg
Sericourt	O	O	O	O	O	O	_	_	NoSpaceAfter	_	_	_
,	O	O	O	O	O	O	_	_	_	_	_	_
propriété	O	O	O	O	O	O	_	_	_	_	_	_
qu	O	O	O	O	O	O	_	_	NoSpaceAfter	_	_	_
'	O	O	O	O	O	O	_	_	NoSpaceAfter	_	_	_
il	O	O	O	O	O	O	_	_	_	_	_	_
possède	O	O	O	O	O	O	_	_	_	_	_	_
à	O	O	O	O	O	O	_	_	_	_	_	_
une	O	O	O	O	O	O	_	_	EndOfLine	_	_	_
# segment_iiif_link = https://iiif.eluxemburgensia.lu/iiif/2/ark:%2f70795%2fzj5394%2fpages%2f2/1947,1920,528,57/full/0/default.jpg
vingtaine	O	O	O	O	O	O	_	_	_	_	_	_
de	O	O	O	O	O	O	_	_	_	_	_	_
lieues	O	O	O	O	O	O	_	_	_	_	_	_
de	O	O	O	O	O	O	_	_	_	_	_	_
Paris	O	O	O	O	O	O	_	_	NoSpaceAfter	_	_	_
.	O	O	O	O	O	O	_	_	EndOfLine	EndOfSentence	_	_
# segment_iiif_link = https://iiif.eluxemburgensia.lu/iiif/2/ark:%2f70795%2fzj5394%2fpages%2f2/2561,1918,153,56/full/0/default.jpg
(	O	O	O	O	O	O	_	_	NoSpaceAfter	_	_	_
Ind	O	O	O	O	O	O	_	_	NoSpaceAfter	_	LED0.00	_
.	O	O	O	O	O	O	_	_	_	_	LED0.00	_
b	O	O	O	O	O	O	_	_	NoSpaceAfter	_	LED0.00	_
.	O	O	O	O	O	O	_	_	NoSpaceAfter	_	LED0.00	_
)	O	O	O	O	O	O	_	_	EndOfLine	EndOfSentence	_	_

# language = fr
# newspaper = lunion
# date = 1865-02-05
# document_id = lunion-1865-02-05-a-i0012
# news-agency-as-source = Q2826560
# segment_iiif_link = https://iiif.eluxemburgensia.lu/iiif/2/ark:%2f70795%2fpqhrg2%2fpages%2f3/1266,4032,272,63/full/0/default.jpg
Allemagne	O	O	O	O	O	O	_	_	NoSpaceAfter	_	_	_
.	O	O	O	O	O	O	_	_	EndOfLine	EndOfSentence	_	_
# segment_iiif_link = https://iiif.eluxemburgensia.lu/iiif/2/ark:%2f70795%2fpqhrg2%2fpages%2f3/1050,4080,753,61/full/0/default.jpg
Organisation	O	O	O	O	O	O	_	_	_	_	_	_
de	O	O	O	O	O	O	_	_	_	_	_	_
la	O	O	O	O	O	O	_	_	_	_	_	_
marine	O	O	O	O	O	O	_	_	_	_	_	_
prussienne	O	O	O	O	O	O	_	_	NoSpaceAfter	_	_	_
.	O	O	O	O	O	O	_	_	_	EndOfSentence	_	_
—	O	O	O	O	O	O	_	_	EndOfLine	_	_	_
# segment_iiif_link = https://iiif.eluxemburgensia.lu/iiif/2/ark:%2f70795%2fpqhrg2%2fpages%2f3/1005,4132,798,84/full/0/default.jpg
n	O	O	O	O	O	O	_	_	NoSpaceAfter	_	_	_
^	O	O	O	O	O	O	_	_	NoSpaceAfter	_	_	_
/	O	O	O	O	O	O	_	_	NoSpaceAfter	_	_	_
T	O	O	O	O	O	O	_	_	_	_	_	_
Seil	O	O	O	O	O	O	_	_	_	_	_	_
deS	O	O	O	O	O	O	_	_	_	_	_	_
amil	O	O	O	O	O	O	_	_	NoSpaceAfter	_	_	_
,	O	O	O	O	O	O	_	_	_	_	_	_
aux	O	O	O	O	O	O	_	_	_	_	_	_
a	O	O	O	O	O	O	_	_	_	_	_	_
définitivement	O	O	O	O	O	O	_	_	EndOfLine	_	_	_
# segment_iiif_link = https://iiif.eluxemburgensia.lu/iiif/2/ark:%2f70795%2fpqhrg2%2fpages%2f3/1003,4178,803,50/full/0/default.jpg
arrêté	O	O	O	O	O	O	_	_	_	_	_	_
les	O	O	O	O	O	O	_	_	_	_	_	_
projets	O	O	O	O	O	O	_	_	_	_	_	_
relatifs	O	O	O	O	O	O	_	_	_	_	_	_
à	O	O	O	O	O	O	_	_	_	_	_	_
la	O	O	O	O	O	O	_	_	_	_	_	_
formation	O	O	O	O	O	O	_	_	EndOfLine	_	_	_
# segment_iiif_link = https://iiif.eluxemburgensia.lu/iiif/2/ark:%2f70795%2fpqhrg2%2fpages%2f3/1005,4226,794,53/full/0/default.jpg
dune	O	O	O	O	O	O	_	_	_	_	_	_
marine	O	O	O	O	O	O	_	_	_	_	_	_
de	O	O	O	O	O	O	_	_	_	_	_	_
guerre	O	O	O	O	O	O	_	_	_	_	_	_
prussienne	O	O	O	O	O	O	_	_	NoSpaceAfter	_	_	_
.	O	O	O	O	O	O	_	_	_	EndOfSentence	_	_
Déjà	O	O	O	O	O	O	_	_	EndOfLine	_	_	_
# segment_iiif_link = https://iiif.eluxemburgensia.lu/iiif/2/ark:%2f70795%2fpqhrg2%2fpages%2f3/1005,4287,802,55/full/0/default.jpg
auparavant	O	O	O	O	O	O	_	_	NoSpaceAfter	_	_	_
,	O	O	O	O	O	O	_	_	_	_	_	_
le	O	O	O	O	O	O	_	_	_	_	_	_
ministère	O	O	O	O	O	O	_	_	_	_	_	_
de	O	O	O	O	O	O	_	_	_	_	_	_
la	O	O	O	O	O	O	_	_	_	_	_	_
marine	O	O	O	O	O	O	_	_	_	_	_	_
avait	O	O	O	O	O	O	_	_	EndOfLine	_	_	_
# segment_iiif_link = https://iiif.eluxemburgensia.lu/iiif/2/ark:%2f70795%2fpqhrg2%2fpages%2f3/1006,4334,800,54/full/0/default.jpg
commandé	O	O	O	O	O	O	_	_	_	_	_	_
des	O	O	O	O	O	O	_	_	_	_	_	_
navires	O	O	O	O	O	O	_	_	NoSpaceAfter	_	_	_
.	O	O	O	O	O	O	_	_	_	EndOfSentence	_	_
J	O	O	O	O	O	O	_	_	NoSpaceAfter	_	_	_
'	O	O	O	O	O	O	_	_	NoSpaceAfter	_	_	_
apprends	O	O	O	O	O	O	_	_	_	_	_	_
qu	O	O	O	O	O	O	_	_	NoSpaceAfter	_	_	_
'	O	O	O	O	O	O	_	_	NoSpaceAfter	_	_	_
en	O	O	O	O	O	O	_	_	EndOfLine	_	_	_
# segment_iiif_link = https://iiif.eluxemburgensia.lu/iiif/2/ark:%2f70795%2fpqhrg2%2fpages%2f3/1007,4390,800,42/full/0/default.jpg
ce	O	O	O	O	O	O	_	_	_	_	_	_
moment	O	O	O	O	O	O	_	_	_	_	_	_
sept	O	O	O	O	O	O	_	_	_	_	_	_
bâtiments	O	O	O	O	O	O	_	_	_	_	_	_
de	O	O	O	O	O	O	_	_	_	_	_	_
guerre	O	O	O	O	O	O	_	_	_	_	_	_
de	O	O	O	O	O	O	_	_	EndOfLine	_	_	_
# segment_iiif_link = https://iiif.eluxemburgensia.lu/iiif/2/ark:%2f70795%2fpqhrg2%2fpages%2f3/1006,4435,783,56/full/0/default.jpg
différentes	O	O	O	O	O	O	_	_	_	_	_	_
grandeurs	O	O	O	O	O	O	_	_	_	_	_	_
se	O	O	O	O	O	O	_	_	_	_	_	_
trouvent	O	O	O	O	O	O	_	_	_	_	_	_
en	O	O	O	O	O	O	_	_	EndOfLine	_	_	_
# segment_iiif_link = https://iiif.eluxemburgensia.lu/iiif/2/ark:%2f70795%2fpqhrg2%2fpages%2f3/1007,4487,800,51/full/0/default.jpg
coustraction	O	O	O	O	O	O	_	_	_	_	_	_
pour	O	O	O	O	O	O	_	_	_	_	_	_
le	O	O	O	O	O	O	_	_	_	_	_	_
compte	O	O	O	O	O	O	_	_	_	_	_	_
du	O	O	O	O	O	O	_	_	_	_	_	_
gouvernement	O	O	O	O	O	O	_	_	NoSpaceAfter	_	_	_
,	O	O	O	O	O	O	_	_	EndOfLine	_	_	_
# segment_iiif_link = https://iiif.eluxemburgensia.lu/iiif/2/ark:%2f70795%2fpqhrg2%2fpages%2f3/1006,4537,802,49/full/0/default.jpg
"	O	O	O	O	O	O	_	_	NoSpaceAfter	_	_	_
eux	O	O	O	O	O	O	_	_	_	_	_	_
seulement	O	O	O	O	O	O	_	_	_	_	_	_
de	O	O	O	O	O	O	_	_	_	_	_	_
ces	O	O	O	O	O	O	_	_	_	_	_	_
bâtiments	O	O	O	O	O	O	_	_	_	_	_	_
seront	O	O	O	O	O	O	_	_	EndOfLine	_	_	_
# segment_iiif_link = https://iiif.eluxemburgensia.lu/iiif/2/ark:%2f70795%2fpqhrg2%2fpages%2f3/1007,4589,799,53/full/0/default.jpg
construits	O	O	O	O	O	O	_	_	_	_	_	_
dan	O	O	O	O	O	O	_	_	NoSpaceAfter	_	_	_
.	O	O	O	O	O	O	_	_	_	EndOfSentence	_	_
les	O	O	O	O	O	O	_	_	_	_	_	_
chantiers	O	O	O	O	O	O	_	_	_	_	_	_
de	O	O	O	O	O	O	_	_	_	_	_	_
Dantzig	O	O	O	O	O	O	_	_	NoSpaceAfter	_	_	_
,	O	O	O	O	O	O	_	_	EndOfLine	_	_	_
# segment_iiif_link = https://iiif.eluxemburgensia.lu/iiif/2/ark:%2f70795%2fpqhrg2%2fpages%2f3/1008,4638,798,47/full/0/default.jpg
les	O	O	O	O	O	O	_	_	_	_	_	_
autres	O	O	O	O	O	O	_	_	_	_	_	_
sont	O	O	O	O	O	O	_	_	_	_	_	_
commandés	O	O	O	O	O	O	_	_	_	_	_	_
à	O	O	O	O	O	O	_	_	_	_	_	_
l	O	O	O	O	O	O	_	_	NoSpaceAfter	_	_	_
'	O	O	O	O	O	O	_	_	NoSpaceAfter	_	_	_
étranger	O	O	O	O	O	O	_	_	NoSpaceAfter	_	_	_
.	O	O	O	O	O	O	_	_	_	EndOfSentence	_	_
Le	O	O	O	O	O	O	_	_	EndOfLine	_	_	_
# segment_iiif_link = https://iiif.eluxemburgensia.lu/iiif/2/ark:%2f70795%2fpqhrg2%2fpages%2f3/1011,4689,796,50/full/0/default.jpg
conseil	O	O	O	O	O	O	_	_	_	_	_	_
des	O	O	O	O	O	O	_	_	_	_	_	_
amiraux	O	O	O	O	O	O	_	_	_	_	_	_
a	O	O	O	O	O	O	_	_	_	_	_	_
créé	O	O	O	O	O	O	_	_	_	_	_	_
un	O	O	O	O	O	O	_	_	_	_	_	_
grand	O	O	O	O	O	O	_	_	_	_	_	_
nombre	O	O	O	O	O	O	_	_	EndOfLine	_	_	_
# segment_iiif_link = https://iiif.eluxemburgensia.lu/iiif/2/ark:%2f70795%2fpqhrg2%2fpages%2f3/1008,4735,798,49/full/0/default.jpg
de	O	O	O	O	O	O	_	_	_	_	_	_
nouvel	O	O	O	O	O	O	_	_	_	_	_	_
charges	O	O	O	O	O	O	_	_	NoSpaceAfter	_	_	_
.	O	O	O	O	O	O	_	_	_	EndOfSentence	_	_
Je	O	O	O	O	O	O	_	_	_	_	_	_
ne	O	O	O	O	O	O	_	_	_	_	_	_
mentionne	O	O	O	O	O	O	_	_	_	_	_	_
ici	O	O	O	O	O	O	_	_	EndOfLine	_	_	_
# segment_iiif_link = https://iiif.eluxemburgensia.lu/iiif/2/ark:%2f70795%2fpqhrg2%2fpages%2f3/1008,4791,783,51/full/0/default.jpg
que	O	O	O	O	O	O	_	_	_	_	_	_
ce	O	O	O	O	O	O	_	_	NoSpaceAfter	_	_	_
!	O	O	O	O	O	O	_	_	_	_	_	_
c	O	O	O	O	O	O	_	_	_	_	_	_
d	O	O	O	O	O	O	_	_	NoSpaceAfter	_	_	_
'	O	O	O	O	O	O	_	_	NoSpaceAfter	_	_	_
un	O	O	O	O	O	O	_	_	_	_	_	_
amiral	O	O	O	O	O	O	_	_	_	_	_	_
et	O	O	O	O	O	O	_	_	_	_	_	_
de	O	O	O	O	O	O	_	_	_	_	_	_
dix	O	O	O	O	O	O	_	_	_	_	_	_
sept	O	O	O	O	O	O	_	_	EndOfLine	_	_	_
# segment_iiif_link = https://iiif.eluxemburgensia.lu/iiif/2/ark:%2f70795%2fpqhrg2%2fpages%2f3/1008,4836,352,51/full/0/default.jpg
capitaines	O	O	O	O	O	O	_	_	_	_	_	_
de	O	O	O	O	O	O	_	_	_	_	_	_
corvettes	O	O	O	O	O	O	_	_	NoSpaceAfter	_	_	_
.	O	O	O	O	O	O	_	_	EndOfLine	EndOfSentence	_	_
# segment_iiif_link = https://iiif.eluxemburgensia.lu/iiif/2/ark:%2f70795%2fpqhrg2%2fpages%2f3/1050,4883,757,54/full/0/default.jpg
Dans	O	O	O	O	O	O	_	_	_	_	_	_
nos	O	O	O	O	O	O	_	_	_	_	_	_
cercles	O	O	O	O	O	O	_	_	_	_	_	_
militaires	O	O	O	O	O	O	_	_	NoSpaceAfter	_	_	_
,	O	O	O	O	O	O	_	_	_	_	_	_
on	O	O	O	O	O	O	_	_	_	_	_	_
discute	O	O	O	O	O	O	_	_	EndOfLine	_	_	_
# segment_iiif_link = https://iiif.eluxemburgensia.lu/iiif/2/ark:%2f70795%2fpqhrg2%2fpages%2f3/1019,4944,788,41/full/0/default.jpg
a	O	O	O	O	O	O	_	_	_	_	_	_
question	O	O	O	O	O	O	_	_	_	_	_	_
de	O	O	O	O	O	O	_	_	_	_	_	_
savoir	O	O	O	O	O	O	_	_	_	_	_	_
s	O	O	O	O	O	O	_	_	NoSpaceAfter	_	_	_
'	O	O	O	O	O	O	_	_	NoSpaceAfter	_	_	_
il	O	O	O	O	O	O	_	_	_	_	_	_
faudra	O	O	O	O	O	O	_	_	_	_	_	_
donner	O	O	O	O	O	O	_	_	EndOfLine	_	_	_
# segment_iiif_link = https://iiif.eluxemburgensia.lu/iiif/2/ark:%2f70795%2fpqhrg2%2fpages%2f3/1007,4985,781,51/full/0/default.jpg
la	O	O	O	O	O	O	_	_	_	_	_	_
préférence	O	O	O	O	O	O	_	_	_	_	_	_
au	O	O	O	O	O	O	_	_	_	_	_	_
port	O	O	O	O	O	O	_	_	_	_	_	_
de	O	O	O	O	O	O	_	_	_	_	_	_
Kiel	O	O	O	O	O	O	_	_	_	_	_	_
ou	O	O	O	O	O	O	_	_	_	_	_	_
au	O	O	O	O	O	O	_	_	EndOfLine	_	_	_
# segment_iiif_link = https://iiif.eluxemburgensia.lu/iiif/2/ark:%2f70795%2fpqhrg2%2fpages%2f3/1007,5041,799,51/full/0/default.jpg
Jasmundor	O	O	O	O	O	O	_	_	_	_	_	_
Rodden	O	O	O	O	O	O	_	_	NoSpaceAfter	_	_	_
,	O	O	O	O	O	O	_	_	_	_	_	_
dans	O	O	O	O	O	O	_	_	_	_	_	_
l	O	O	O	O	O	O	_	_	NoSpaceAfter	_	_	_
'	O	O	O	O	O	O	_	_	NoSpaceAfter	_	_	_
île	O	O	O	O	O	O	_	_	_	_	_	_
de	O	O	O	O	O	O	_	_	_	_	_	_
Rugen	O	O	O	O	O	O	_	_	NoSpaceAfter	_	_	_
.	O	O	O	O	O	O	_	_	_	EndOfSentence	_	_
Pour	O	O	O	O	O	O	_	_	EndOfLine	_	_	_
# segment_iiif_link = https://iiif.eluxemburgensia.lu/iiif/2/ark:%2f70795%2fpqhrg2%2fpages%2f3/1020,5096,786,41/full/0/default.jpg
a	O	O	O	O	O	O	_	_	_	_	_	_
défense	O	O	O	O	O	O	_	_	_	_	_	_
militaire	O	O	O	O	O	O	_	_	_	_	_	_
des	O	O	O	O	O	O	_	_	_	_	_	_
duchés	O	O	O	O	O	O	_	_	_	_	_	_
de	O	O	O	O	O	O	_	_	_	_	_	_
l	O	O	O	O	O	O	_	_	NoSpaceAfter	_	_	_
'	O	O	O	O	O	O	_	_	NoSpaceAfter	_	_	_
Elbe	O	O	O	O	O	O	_	_	NoSpaceAfter	_	_	_
,	O	O	O	O	O	O	_	_	EndOfLine	_	_	_
# segment_iiif_link = https://iiif.eluxemburgensia.lu/iiif/2/ark:%2f70795%2fpqhrg2%2fpages%2f3/1007,5140,798,51/full/0/default.jpg
>	O	O	O	O	O	O	_	_	NoSpaceAfter	_	_	_
m	O	O	O	O	O	O	_	_	_	_	_	_
places	O	O	O	O	O	O	_	_	_	_	_	_
fortes	O	O	O	O	O	O	_	_	_	_	_	_
actuellement	O	O	O	O	O	O	_	_	_	_	_	_
existantes	O	O	O	O	O	O	_	_	NoSpaceAfter	_	_	_
,	O	O	O	O	O	O	_	_	EndOfLine	_	_	_
# segment_iiif_link = https://iiif.eluxemburgensia.lu/iiif/2/ark:%2f70795%2fpqhrg2%2fpages%2f3/1021,5191,784,47/full/0/default.jpg
eues	O	O	O	O	O	O	_	_	_	_	_	_
que	O	O	O	O	O	O	_	_	_	_	_	_
Rendsbourg	O	O	O	O	O	O	_	_	NoSpaceAfter	_	_	_
,	O	O	O	O	O	O	_	_	_	_	_	_
ne	O	O	O	O	O	O	_	_	_	_	_	_
sont	O	O	O	O	O	O	_	_	_	_	_	_
pas	O	O	O	O	O	O	_	_	_	_	_	_
jugées	O	O	O	O	O	O	_	_	EndOfLine	_	_	_
# segment_iiif_link = https://iiif.eluxemburgensia.lu/iiif/2/ark:%2f70795%2fpqhrg2%2fpages%2f3/1007,5244,797,61/full/0/default.jpg
sumsantes	O	O	O	O	O	O	_	_	NoSpaceAfter	_	_	_
,	O	O	O	O	O	O	_	_	_	_	_	_
au	O	O	O	O	O	O	_	_	_	_	_	_
moins	O	O	O	O	O	O	_	_	_	_	_	_
sur	O	O	O	O	O	O	_	_	_	_	_	_
la	O	O	O	O	O	O	_	_	_	_	_	_
côte	O	O	O	O	O	O	_	_	_	_	_	_
orientale	O	O	O	O	O	O	_	_	EndOfLine	_	_	_
# segment_iiif_link = https://iiif.eluxemburgensia.lu/iiif/2/ark:%2f70795%2fpqhrg2%2fpages%2f3/1864,226,771,51/full/0/default.jpg
des	O	O	O	O	O	O	_	_	_	_	_	_
duchés	O	O	O	O	O	O	_	_	NoSpaceAfter	_	_	_
.	O	O	O	O	O	O	_	_	_	EndOfSentence	_	_
On	O	O	O	O	O	O	_	_	_	_	_	_
sait	O	O	O	O	O	O	_	_	_	_	_	_
que	O	O	O	O	O	O	_	_	_	_	_	_
la	O	O	O	O	O	O	_	_	_	_	_	_
côte	O	O	O	O	O	O	_	_	EndOfLine	_	_	_
# segment_iiif_link = https://iiif.eluxemburgensia.lu/iiif/2/ark:%2f70795%2fpqhrg2%2fpages%2f3/1867,278,785,50/full/0/default.jpg
occidentale	O	O	O	O	O	O	_	_	_	_	_	_
ne	O	O	O	O	O	O	_	_	_	_	_	_
peut	O	O	O	O	O	O	_	_	_	_	_	_
être	O	O	O	O	O	O	_	_	_	_	_	_
abordé	O	O	O	O	O	O	_	_	_	_	_	_
par	O	O	O	O	O	O	_	_	_	_	_	_
un	O	O	O	O	O	O	_	_	_	_	_	_
ennemi	O	O	O	O	O	O	_	_	EndOfLine	_	_	_
# segment_iiif_link = https://iiif.eluxemburgensia.lu/iiif/2/ark:%2f70795%2fpqhrg2%2fpages%2f3/1866,327,769,60/full/0/default.jpg
étrangers	O	O	O	O	O	O	_	_	_	_	_	_
qu	O	O	O	O	O	O	_	_	NoSpaceAfter	_	_	_
'	O	O	O	O	O	O	_	_	NoSpaceAfter	_	_	_
avec	O	O	O	O	O	O	_	_	_	_	_	_
des	O	O	O	O	O	O	_	_	_	_	_	_
difficultés	O	O	O	O	O	O	_	_	EndOfLine	_	_	_
# segment_iiif_link = https://iiif.eluxemburgensia.lu/iiif/2/ark:%2f70795%2fpqhrg2%2fpages%2f3/1866,378,786,51/full/0/default.jpg
extraordinaires	O	O	O	O	O	O	_	_	NoSpaceAfter	_	_	_
.	O	O	O	O	O	O	_	_	_	EndOfSentence	_	_
Il	O	O	O	O	O	O	_	_	_	_	_	_
est	O	O	O	O	O	O	_	_	_	_	_	_
question	O	O	O	O	O	O	_	_	_	_	_	_
de	O	O	O	O	O	O	_	_	_	_	_	_
construire	O	O	O	O	O	O	_	_	_	_	_	_
des	O	O	O	O	O	O	_	_	EndOfLine	_	_	_
# segment_iiif_link = https://iiif.eluxemburgensia.lu/iiif/2/ark:%2f70795%2fpqhrg2%2fpages%2f3/1864,427,788,50/full/0/default.jpg
fortifications	O	O	O	O	O	O	_	_	_	_	_	_
importantes	O	O	O	O	O	O	_	_	_	_	_	_
à	O	O	O	O	O	O	_	_	_	_	_	_
Sonderbourg	O	O	O	O	O	O	_	_	NoSpaceAfter	_	_	_
,	O	O	O	O	O	O	_	_	_	_	_	_
et	O	O	O	O	O	O	_	_	EndOfLine	_	_	_
# segment_iiif_link = https://iiif.eluxemburgensia.lu/iiif/2/ark:%2f70795%2fpqhrg2%2fpages%2f3/1864,477,788,58/full/0/default.jpg
près	O	O	O	O	O	O	_	_	_	_	_	_
de	O	O	O	O	O	O	_	_	_	_	_	_
Duppel	O	O	O	O	O	O	_	_	NoSpaceAfter	_	_	_
,	O	O	O	O	O	O	_	_	_	_	_	_
et	O	O	O	O	O	O	_	_	_	_	_	_
de	O	O	O	O	O	O	_	_	_	_	_	_
créer	O	O	O	O	O	O	_	_	_	_	_	_
ainsi	O	O	O	O	O	O	_	_	_	_	_	_
une	O	O	O	O	O	O	_	_	EndOfLine	_	_	_
# segment_iiif_link = https://iiif.eluxemburgensia.lu/iiif/2/ark:%2f70795%2fpqhrg2%2fpages%2f3/1864,528,787,56/full/0/default.jpg
position	O	O	O	O	O	O	_	_	_	_	_	_
défensive	O	O	O	O	O	O	_	_	_	_	_	_
qui	O	O	O	O	O	O	_	_	NoSpaceAfter	_	_	_
,	O	O	O	O	O	O	_	_	_	_	_	_
en	O	O	O	O	O	O	_	_	_	_	_	_
temps	O	O	O	O	O	O	_	_	_	_	_	_
de	O	O	O	O	O	O	_	_	_	_	_	_
guerre	O	O	O	O	O	O	_	_	NoSpaceAfter	_	_	_
,	O	O	O	O	O	O	_	_	EndOfLine	_	_	_
# segment_iiif_link = https://iiif.eluxemburgensia.lu/iiif/2/ark:%2f70795%2fpqhrg2%2fpages%2f3/1863,577,787,56/full/0/default.jpg
pourrait	O	O	O	O	O	O	_	_	_	_	_	_
facilement	O	O	O	O	O	O	_	_	_	_	_	_
être	O	O	O	O	O	O	_	_	_	_	_	_
gardée	O	O	O	O	O	O	_	_	_	_	_	_
par	O	O	O	O	O	O	_	_	_	_	_	_
une	O	O	O	O	O	O	_	_	EndOfLine	_	_	_
# segment_iiif_link = https://iiif.eluxemburgensia.lu/iiif/2/ark:%2f70795%2fpqhrg2%2fpages%2f3/1864,627,785,58/full/0/default.jpg
cinquantaine	O	O	O	O	O	O	_	_	_	_	_	_
de	O	O	O	O	O	O	_	_	_	_	_	_
mille	O	O	O	O	O	O	_	_	_	_	_	_
hommes	O	O	O	O	O	O	_	_	NoSpaceAfter	_	_	_
.	O	O	O	O	O	O	_	_	_	EndOfSentence	_	_
{	O	O	O	O	O	O	_	_	NoSpaceAfter	_	_	_
Havas	B-org	O	B-org.ent.pressagency.Havas	O	O	O	Q2826560	_	NoSpaceAfter	_	LED0.00	_
.	O	O	O	O	O	O	_	_	NoSpaceAfter	EndOfSentence	_	_
)	O	O	O	O	O	O	_	_	EndOfLine	EndOfSentence	_	_

# language = fr
# newspaper = lunion
# date = 1865-02-05
# document_id = lunion-1865-02-05-a-i0012
# news-agency-as-source = Q2826560
# segment_iiif_link = https://iiif.eluxemburgensia.lu/iiif/2/ark:%2f70795%2fpqhrg2%2fpages%2f3/1266,4032,272,63/full/0/default.jpg
Allemagne	O	O	O	O	O	O	_	_	NoSpaceAfter	_	_	_
.	O	O	O	O	O	O	_	_	EndOfLine	EndOfSentence	_	_
# segment_iiif_link = https://iiif.eluxemburgensia.lu/iiif/2/ark:%2f70795%2fpqhrg2%2fpages%2f3/1050,4080,753,61/full/0/default.jpg
Organisation	O	O	O	O	O	O	_	_	_	_	_	_
de	O	O	O	O	O	O	_	_	_	_	_	_
la	O	O	O	O	O	O	_	_	_	_	_	_
marine	O	O	O	O	O	O	_	_	_	_	_	_
prussienne	O	O	O	O	O	O	_	_	NoSpaceAfter	_	_	_
.	O	O	O	O	O	O	_	_	_	EndOfSentence	_	_
—	O	O	O	O	O	O	_	_	EndOfLine	_	_	_
# segment_iiif_link = https://iiif.eluxemburgensia.lu/iiif/2/ark:%2f70795%2fpqhrg2%2fpages%2f3/1005,4132,798,84/full/0/default.jpg
n	O	O	O	O	O	O	_	_	NoSpaceAfter	_	_	_
^	O	O	O	O	O	O	_	_	NoSpaceAfter	_	_	_
/	O	O	O	O	O	O	_	_	NoSpaceAfter	_	_	_
T	O	O	O	O	O	O	_	_	_	_	_	_
Seil	O	O	O	O	O	O	_	_	_	_	_	_
deS	O	O	O	O	O	O	_	_	_	_	_	_
amil	O	O	O	O	O	O	_	_	NoSpaceAfter	_	_	_
,	O	O	O	O	O	O	_	_	_	_	_	_
aux	O	O	O	O	O	O	_	_	_	_	_	_
a	O	O	O	O	O	O	_	_	_	_	_	_
définitivement	O	O	O	O	O	O	_	_	EndOfLine	_	_	_
# segment_iiif_link = https://iiif.eluxemburgensia.lu/iiif/2/ark:%2f70795%2fpqhrg2%2fpages%2f3/1003,4178,803,50/full/0/default.jpg
arrêté	O	O	O	O	O	O	_	_	_	_	_	_
les	O	O	O	O	O	O	_	_	_	_	_	_
projets	O	O	O	O	O	O	_	_	_	_	_	_
relatifs	O	O	O	O	O	O	_	_	_	_	_	_
à	O	O	O	O	O	O	_	_	_	_	_	_
la	O	O	O	O	O	O	_	_	_	_	_	_
formation	O	O	O	O	O	O	_	_	EndOfLine	_	_	_
# segment_iiif_link = https://iiif.eluxemburgensia.lu/iiif/2/ark:%2f70795%2fpqhrg2%2fpages%2f3/1005,4226,794,53/full/0/default.jpg
dune	O	O	O	O	O	O	_	_	_	_	_	_
marine	O	O	O	O	O	O	_	_	_	_	_	_
de	O	O	O	O	O	O	_	_	_	_	_	_
guerre	O	O	O	O	O	O	_	_	_	_	_	_
prussienne	O	O	O	O	O	O	_	_	NoSpaceAfter	_	_	_
.	O	O	O	O	O	O	_	_	_	EndOfSentence	_	_
Déjà	O	O	O	O	O	O	_	_	EndOfLine	_	_	_
# segment_iiif_link = https://iiif.eluxemburgensia.lu/iiif/2/ark:%2f70795%2fpqhrg2%2fpages%2f3/1005,4287,802,55/full/0/default.jpg
auparavant	O	O	O	O	O	O	_	_	NoSpaceAfter	_	_	_
,	O	O	O	O	O	O	_	_	_	_	_	_
le	O	O	O	O	O	O	_	_	_	_	_	_
ministère	O	O	O	O	O	O	_	_	_	_	_	_
de	O	O	O	O	O	O	_	_	_	_	_	_
la	O	O	O	O	O	O	_	_	_	_	_	_
marine	O	O	O	O	O	O	_	_	_	_	_	_
avait	O	O	O	O	O	O	_	_	EndOfLine	_	_	_
# segment_iiif_link = https://iiif.eluxemburgensia.lu/iiif/2/ark:%2f70795%2fpqhrg2%2fpages%2f3/1006,4334,800,54/full/0/default.jpg
commandé	O	O	O	O	O	O	_	_	_	_	_	_
des	O	O	O	O	O	O	_	_	_	_	_	_
navires	O	O	O	O	O	O	_	_	NoSpaceAfter	_	_	_
.	O	O	O	O	O	O	_	_	_	EndOfSentence	_	_
J	O	O	O	O	O	O	_	_	NoSpaceAfter	_	_	_
'	O	O	O	O	O	O	_	_	NoSpaceAfter	_	_	_
apprends	O	O	O	O	O	O	_	_	_	_	_	_
qu	O	O	O	O	O	O	_	_	NoSpaceAfter	_	_	_
'	O	O	O	O	O	O	_	_	NoSpaceAfter	_	_	_
en	O	O	O	O	O	O	_	_	EndOfLine	_	_	_
# segment_iiif_link = https://iiif.eluxemburgensia.lu/iiif/2/ark:%2f70795%2fpqhrg2%2fpages%2f3/1007,4390,800,42/full/0/default.jpg
ce	O	O	O	O	O	O	_	_	_	_	_	_
moment	O	O	O	O	O	O	_	_	_	_	_	_
sept	O	O	O	O	O	O	_	_	_	_	_	_
bâtiments	O	O	O	O	O	O	_	_	_	_	_	_
de	O	O	O	O	O	O	_	_	_	_	_	_
guerre	O	O	O	O	O	O	_	_	_	_	_	_
de	O	O	O	O	O	O	_	_	EndOfLine	_	_	_
# segment_iiif_link = https://iiif.eluxemburgensia.lu/iiif/2/ark:%2f70795%2fpqhrg2%2fpages%2f3/1006,4435,783,56/full/0/default.jpg
différentes	O	O	O	O	O	O	_	_	_	_	_	_
grandeurs	O	O	O	O	O	O	_	_	_	_	_	_
se	O	O	O	O	O	O	_	_	_	_	_	_
trouvent	O	O	O	O	O	O	_	_	_	_	_	_
en	O	O	O	O	O	O	_	_	EndOfLine	_	_	_
# segment_iiif_link = https://iiif.eluxemburgensia.lu/iiif/2/ark:%2f70795%2fpqhrg2%2fpages%2f3/1007,4487,800,51/full/0/default.jpg
coustraction	O	O	O	O	O	O	_	_	_	_	_	_
pour	O	O	O	O	O	O	_	_	_	_	_	_
le	O	O	O	O	O	O	_	_	_	_	_	_
compte	O	O	O	O	O	O	_	_	_	_	_	_
du	O	O	O	O	O	O	_	_	_	_	_	_
gouvernement	O	O	O	O	O	O	_	_	NoSpaceAfter	_	_	_
,	O	O	O	O	O	O	_	_	EndOfLine	_	_	_
# segment_iiif_link = https://iiif.eluxemburgensia.lu/iiif/2/ark:%2f70795%2fpqhrg2%2fpages%2f3/1006,4537,802,49/full/0/default.jpg
"	O	O	O	O	O	O	_	_	NoSpaceAfter	_	_	_
eux	O	O	O	O	O	O	_	_	_	_	_	_
seulement	O	O	O	O	O	O	_	_	_	_	_	_
de	O	O	O	O	O	O	_	_	_	_	_	_
ces	O	O	O	O	O	O	_	_	_	_	_	_
bâtiments	O	O	O	O	O	O	_	_	_	_	_	_
seront	O	O	O	O	O	O	_	_	EndOfLine	_	_	_
# segment_iiif_link = https://iiif.eluxemburgensia.lu/iiif/2/ark:%2f70795%2fpqhrg2%2fpages%2f3/1007,4589,799,53/full/0/default.jpg
construits	O	O	O	O	O	O	_	_	_	_	_	_
dan	O	O	O	O	O	O	_	_	NoSpaceAfter	_	_	_
.	O	O	O	O	O	O	_	_	_	EndOfSentence	_	_
les	O	O	O	O	O	O	_	_	_	_	_	_
chantiers	O	O	O	O	O	O	_	_	_	_	_	_
de	O	O	O	O	O	O	_	_	_	_	_	_
Dantzig	O	O	O	O	O	O	_	_	NoSpaceAfter	_	_	_
,	O	O	O	O	O	O	_	_	EndOfLine	_	_	_
# segment_iiif_link = https://iiif.eluxemburgensia.lu/iiif/2/ark:%2f70795%2fpqhrg2%2fpages%2f3/1008,4638,798,47/full/0/default.jpg
les	O	O	O	O	O	O	_	_	_	_	_	_
autres	O	O	O	O	O	O	_	_	_	_	_	_
sont	O	O	O	O	O	O	_	_	_	_	_	_
commandés	O	O	O	O	O	O	_	_	_	_	_	_
à	O	O	O	O	O	O	_	_	_	_	_	_
l	O	O	O	O	O	O	_	_	NoSpaceAfter	_	_	_
'	O	O	O	O	O	O	_	_	NoSpaceAfter	_	_	_
étranger	O	O	O	O	O	O	_	_	NoSpaceAfter	_	_	_
.	O	O	O	O	O	O	_	_	_	EndOfSentence	_	_
Le	O	O	O	O	O	O	_	_	EndOfLine	_	_	_
# segment_iiif_link = https://iiif.eluxemburgensia.lu/iiif/2/ark:%2f70795%2fpqhrg2%2fpages%2f3/1011,4689,796,50/full/0/default.jpg
conseil	O	O	O	O	O	O	_	_	_	_	_	_
des	O	O	O	O	O	O	_	_	_	_	_	_
amiraux	O	O	O	O	O	O	_	_	_	_	_	_
a	O	O	O	O	O	O	_	_	_	_	_	_
créé	O	O	O	O	O	O	_	_	_	_	_	_
un	O	O	O	O	O	O	_	_	_	_	_	_
grand	O	O	O	O	O	O	_	_	_	_	_	_
nombre	O	O	O	O	O	O	_	_	EndOfLine	_	_	_
# segment_iiif_link = https://iiif.eluxemburgensia.lu/iiif/2/ark:%2f70795%2fpqhrg2%2fpages%2f3/1008,4735,798,49/full/0/default.jpg
de	O	O	O	O	O	O	_	_	_	_	_	_
nouvel	O	O	O	O	O	O	_	_	_	_	_	_
charges	O	O	O	O	O	O	_	_	NoSpaceAfter	_	_	_
.	O	O	O	O	O	O	_	_	_	EndOfSentence	_	_
Je	O	O	O	O	O	O	_	_	_	_	_	_
ne	O	O	O	O	O	O	_	_	_	_	_	_
mentionne	O	O	O	O	O	O	_	_	_	_	_	_
ici	O	O	O	O	O	O	_	_	EndOfLine	_	_	_
# segment_iiif_link = https://iiif.eluxemburgensia.lu/iiif/2/ark:%2f70795%2fpqhrg2%2fpages%2f3/1008,4791,783,51/full/0/default.jpg
que	O	O	O	O	O	O	_	_	_	_	_	_
ce	O	O	O	O	O	O	_	_	NoSpaceAfter	_	_	_
!	O	O	O	O	O	O	_	_	_	_	_	_
c	O	O	O	O	O	O	_	_	_	_	_	_
d	O	O	O	O	O	O	_	_	NoSpaceAfter	_	_	_
'	O	O	O	O	O	O	_	_	NoSpaceAfter	_	_	_
un	O	O	O	O	O	O	_	_	_	_	_	_
amiral	O	O	O	O	O	O	_	_	_	_	_	_
et	O	O	O	O	O	O	_	_	_	_	_	_
de	O	O	O	O	O	O	_	_	_	_	_	_
dix	O	O	O	O	O	O	_	_	_	_	_	_
sept	O	O	O	O	O	O	_	_	EndOfLine	_	_	_
# segment_iiif_link = https://iiif.eluxemburgensia.lu/iiif/2/ark:%2f70795%2fpqhrg2%2fpages%2f3/1008,4836,352,51/full/0/default.jpg
capitaines	O	O	O	O	O	O	_	_	_	_	_	_
de	O	O	O	O	O	O	_	_	_	_	_	_
corvettes	O	O	O	O	O	O	_	_	NoSpaceAfter	_	_	_
.	O	O	O	O	O	O	_	_	EndOfLine	EndOfSentence	_	_
# segment_iiif_link = https://iiif.eluxemburgensia.lu/iiif/2/ark:%2f70795%2fpqhrg2%2fpages%2f3/1050,4883,757,54/full/0/default.jpg
Dans	O	O	O	O	O	O	_	_	_	_	_	_
nos	O	O	O	O	O	O	_	_	_	_	_	_
cercles	O	O	O	O	O	O	_	_	_	_	_	_
militaires	O	O	O	O	O	O	_	_	NoSpaceAfter	_	_	_
,	O	O	O	O	O	O	_	_	_	_	_	_
on	O	O	O	O	O	O	_	_	_	_	_	_
discute	O	O	O	O	O	O	_	_	EndOfLine	_	_	_
# segment_iiif_link = https://iiif.eluxemburgensia.lu/iiif/2/ark:%2f70795%2fpqhrg2%2fpages%2f3/1019,4944,788,41/full/0/default.jpg
a	O	O	O	O	O	O	_	_	_	_	_	_
question	O	O	O	O	O	O	_	_	_	_	_	_
de	O	O	O	O	O	O	_	_	_	_	_	_
savoir	O	O	O	O	O	O	_	_	_	_	_	_
s	O	O	O	O	O	O	_	_	NoSpaceAfter	_	_	_
'	O	O	O	O	O	O	_	_	NoSpaceAfter	_	_	_
il	O	O	O	O	O	O	_	_	_	_	_	_
faudra	O	O	O	O	O	O	_	_	_	_	_	_
donner	O	O	O	O	O	O	_	_	EndOfLine	_	_	_
# segment_iiif_link = https://iiif.eluxemburgensia.lu/iiif/2/ark:%2f70795%2fpqhrg2%2fpages%2f3/1007,4985,781,51/full/0/default.jpg
la	O	O	O	O	O	O	_	_	_	_	_	_
préférence	O	O	O	O	O	O	_	_	_	_	_	_
au	O	O	O	O	O	O	_	_	_	_	_	_
port	O	O	O	O	O	O	_	_	_	_	_	_
de	O	O	O	O	O	O	_	_	_	_	_	_
Kiel	O	O	O	O	O	O	_	_	_	_	_	_
ou	O	O	O	O	O	O	_	_	_	_	_	_
au	O	O	O	O	O	O	_	_	EndOfLine	_	_	_
# segment_iiif_link = https://iiif.eluxemburgensia.lu/iiif/2/ark:%2f70795%2fpqhrg2%2fpages%2f3/1007,5041,799,51/full/0/default.jpg
Jasmundor	O	O	O	O	O	O	_	_	_	_	_	_
Rodden	O	O	O	O	O	O	_	_	NoSpaceAfter	_	_	_
,	O	O	O	O	O	O	_	_	_	_	_	_
dans	O	O	O	O	O	O	_	_	_	_	_	_
l	O	O	O	O	O	O	_	_	NoSpaceAfter	_	_	_
'	O	O	O	O	O	O	_	_	NoSpaceAfter	_	_	_
île	O	O	O	O	O	O	_	_	_	_	_	_
de	O	O	O	O	O	O	_	_	_	_	_	_
Rugen	O	O	O	O	O	O	_	_	NoSpaceAfter	_	_	_
.	O	O	O	O	O	O	_	_	_	EndOfSentence	_	_
Pour	O	O	O	O	O	O	_	_	EndOfLine	_	_	_
# segment_iiif_link = https://iiif.eluxemburgensia.lu/iiif/2/ark:%2f70795%2fpqhrg2%2fpages%2f3/1020,5096,786,41/full/0/default.jpg
a	O	O	O	O	O	O	_	_	_	_	_	_
défense	O	O	O	O	O	O	_	_	_	_	_	_
militaire	O	O	O	O	O	O	_	_	_	_	_	_
des	O	O	O	O	O	O	_	_	_	_	_	_
duchés	O	O	O	O	O	O	_	_	_	_	_	_
de	O	O	O	O	O	O	_	_	_	_	_	_
l	O	O	O	O	O	O	_	_	NoSpaceAfter	_	_	_
'	O	O	O	O	O	O	_	_	NoSpaceAfter	_	_	_
Elbe	O	O	O	O	O	O	_	_	NoSpaceAfter	_	_	_
,	O	O	O	O	O	O	_	_	EndOfLine	_	_	_
# segment_iiif_link = https://iiif.eluxemburgensia.lu/iiif/2/ark:%2f70795%2fpqhrg2%2fpages%2f3/1007,5140,798,51/full/0/default.jpg
>	O	O	O	O	O	O	_	_	NoSpaceAfter	_	_	_
m	O	O	O	O	O	O	_	_	_	_	_	_
places	O	O	O	O	O	O	_	_	_	_	_	_
fortes	O	O	O	O	O	O	_	_	_	_	_	_
actuellement	O	O	O	O	O	O	_	_	_	_	_	_
existantes	O	O	O	O	O	O	_	_	NoSpaceAfter	_	_	_
,	O	O	O	O	O	O	_	_	EndOfLine	_	_	_
# segment_iiif_link = https://iiif.eluxemburgensia.lu/iiif/2/ark:%2f70795%2fpqhrg2%2fpages%2f3/1021,5191,784,47/full/0/default.jpg
eues	O	O	O	O	O	O	_	_	_	_	_	_
que	O	O	O	O	O	O	_	_	_	_	_	_
Rendsbourg	O	O	O	O	O	O	_	_	NoSpaceAfter	_	_	_
,	O	O	O	O	O	O	_	_	_	_	_	_
ne	O	O	O	O	O	O	_	_	_	_	_	_
sont	O	O	O	O	O	O	_	_	_	_	_	_
pas	O	O	O	O	O	O	_	_	_	_	_	_
jugées	O	O	O	O	O	O	_	_	EndOfLine	_	_	_
# segment_iiif_link = https://iiif.eluxemburgensia.lu/iiif/2/ark:%2f70795%2fpqhrg2%2fpages%2f3/1007,5244,797,61/full/0/default.jpg
sumsantes	O	O	O	O	O	O	_	_	NoSpaceAfter	_	_	_
,	O	O	O	O	O	O	_	_	_	_	_	_
au	O	O	O	O	O	O	_	_	_	_	_	_
moins	O	O	O	O	O	O	_	_	_	_	_	_
sur	O	O	O	O	O	O	_	_	_	_	_	_
la	O	O	O	O	O	O	_	_	_	_	_	_
côte	O	O	O	O	O	O	_	_	_	_	_	_
orientale	O	O	O	O	O	O	_	_	EndOfLine	_	_	_
# segment_iiif_link = https://iiif.eluxemburgensia.lu/iiif/2/ark:%2f70795%2fpqhrg2%2fpages%2f3/1864,226,771,51/full/0/default.jpg
des	O	O	O	O	O	O	_	_	_	_	_	_
duchés	O	O	O	O	O	O	_	_	NoSpaceAfter	_	_	_
.	O	O	O	O	O	O	_	_	_	EndOfSentence	_	_
On	O	O	O	O	O	O	_	_	_	_	_	_
sait	O	O	O	O	O	O	_	_	_	_	_	_
que	O	O	O	O	O	O	_	_	_	_	_	_
la	O	O	O	O	O	O	_	_	_	_	_	_
côte	O	O	O	O	O	O	_	_	EndOfLine	_	_	_
# segment_iiif_link = https://iiif.eluxemburgensia.lu/iiif/2/ark:%2f70795%2fpqhrg2%2fpages%2f3/1867,278,785,50/full/0/default.jpg
occidentale	O	O	O	O	O	O	_	_	_	_	_	_
ne	O	O	O	O	O	O	_	_	_	_	_	_
peut	O	O	O	O	O	O	_	_	_	_	_	_
être	O	O	O	O	O	O	_	_	_	_	_	_
abordé	O	O	O	O	O	O	_	_	_	_	_	_
par	O	O	O	O	O	O	_	_	_	_	_	_
un	O	O	O	O	O	O	_	_	_	_	_	_
ennemi	O	O	O	O	O	O	_	_	EndOfLine	_	_	_
# segment_iiif_link = https://iiif.eluxemburgensia.lu/iiif/2/ark:%2f70795%2fpqhrg2%2fpages%2f3/1866,327,769,60/full/0/default.jpg
étrangers	O	O	O	O	O	O	_	_	_	_	_	_
qu	O	O	O	O	O	O	_	_	NoSpaceAfter	_	_	_
'	O	O	O	O	O	O	_	_	NoSpaceAfter	_	_	_
avec	O	O	O	O	O	O	_	_	_	_	_	_
des	O	O	O	O	O	O	_	_	_	_	_	_
difficultés	O	O	O	O	O	O	_	_	EndOfLine	_	_	_
# segment_iiif_link = https://iiif.eluxemburgensia.lu/iiif/2/ark:%2f70795%2fpqhrg2%2fpages%2f3/1866,378,786,51/full/0/default.jpg
extraordinaires	O	O	O	O	O	O	_	_	NoSpaceAfter	_	_	_
.	O	O	O	O	O	O	_	_	_	EndOfSentence	_	_
Il	O	O	O	O	O	O	_	_	_	_	_	_
est	O	O	O	O	O	O	_	_	_	_	_	_
question	O	O	O	O	O	O	_	_	_	_	_	_
de	O	O	O	O	O	O	_	_	_	_	_	_
construire	O	O	O	O	O	O	_	_	_	_	_	_
des	O	O	O	O	O	O	_	_	EndOfLine	_	_	_
# segment_iiif_link = https://iiif.eluxemburgensia.lu/iiif/2/ark:%2f70795%2fpqhrg2%2fpages%2f3/1864,427,788,50/full/0/default.jpg
fortifications	O	O	O	O	O	O	_	_	_	_	_	_
importantes	O	O	O	O	O	O	_	_	_	_	_	_
à	O	O	O	O	O	O	_	_	_	_	_	_
Sonderbourg	O	O	O	O	O	O	_	_	NoSpaceAfter	_	_	_
,	O	O	O	O	O	O	_	_	_	_	_	_
et	O	O	O	O	O	O	_	_	EndOfLine	_	_	_
# segment_iiif_link = https://iiif.eluxemburgensia.lu/iiif/2/ark:%2f70795%2fpqhrg2%2fpages%2f3/1864,477,788,58/full/0/default.jpg
près	O	O	O	O	O	O	_	_	_	_	_	_
de	O	O	O	O	O	O	_	_	_	_	_	_
Duppel	O	O	O	O	O	O	_	_	NoSpaceAfter	_	_	_
,	O	O	O	O	O	O	_	_	_	_	_	_
et	O	O	O	O	O	O	_	_	_	_	_	_
de	O	O	O	O	O	O	_	_	_	_	_	_
créer	O	O	O	O	O	O	_	_	_	_	_	_
ainsi	O	O	O	O	O	O	_	_	_	_	_	_
une	O	O	O	O	O	O	_	_	EndOfLine	_	_	_
# segment_iiif_link = https://iiif.eluxemburgensia.lu/iiif/2/ark:%2f70795%2fpqhrg2%2fpages%2f3/1864,528,787,56/full/0/default.jpg
position	O	O	O	O	O	O	_	_	_	_	_	_
défensive	O	O	O	O	O	O	_	_	_	_	_	_
qui	O	O	O	O	O	O	_	_	NoSpaceAfter	_	_	_
,	O	O	O	O	O	O	_	_	_	_	_	_
en	O	O	O	O	O	O	_	_	_	_	_	_
temps	O	O	O	O	O	O	_	_	_	_	_	_
de	O	O	O	O	O	O	_	_	_	_	_	_
guerre	O	O	O	O	O	O	_	_	NoSpaceAfter	_	_	_
,	O	O	O	O	O	O	_	_	EndOfLine	_	_	_
# segment_iiif_link = https://iiif.eluxemburgensia.lu/iiif/2/ark:%2f70795%2fpqhrg2%2fpages%2f3/1863,577,787,56/full/0/default.jpg
pourrait	O	O	O	O	O	O	_	_	_	_	_	_
facilement	O	O	O	O	O	O	_	_	_	_	_	_
être	O	O	O	O	O	O	_	_	_	_	_	_
gardée	O	O	O	O	O	O	_	_	_	_	_	_
par	O	O	O	O	O	O	_	_	_	_	_	_
une	O	O	O	O	O	O	_	_	EndOfLine	_	_	_
# segment_iiif_link = https://iiif.eluxemburgensia.lu/iiif/2/ark:%2f70795%2fpqhrg2%2fpages%2f3/1864,627,785,58/full/0/default.jpg
cinquantaine	O	O	O	O	O	O	_	_	_	_	_	_
de	O	O	O	O	O	O	_	_	_	_	_	_
mille	O	O	O	O	O	O	_	_	_	_	_	_
hommes	O	O	O	O	O	O	_	_	NoSpaceAfter	_	_	_
.	O	O	O	O	O	O	_	_	_	EndOfSentence	_	_
{	O	O	O	O	O	O	_	_	NoSpaceAfter	_	_	_
Havas	B-org	O	B-org.ent.pressagency.Havas	O	O	O	Q2826560	_	NoSpaceAfter	_	LED0.00	_
.	O	O	O	O	O	O	_	_	NoSpaceAfter	EndOfSentence	_	_
)	O	O	O	O	O	O	_	_	EndOfLine	EndOfSentence	_	_

# language = fr
# newspaper = lunion
# date = 1866-02-16
# document_id = lunion-1866-02-16-a-i0009
# news-agency-as-source = Q2826560
# segment_iiif_link = https://iiif.eluxemburgensia.lu/iiif/2/ark:%2f70795%2fswh9h6%2fpages%2f1/193,1580,587,56/full/0/default.jpg
LUXEMBOURG	O	O	O	O	O	O	_	_	NoSpaceAfter	_	_	_
,	O	O	O	O	O	O	_	_	_	_	_	_
15	O	O	O	O	O	O	_	_	_	_	_	_
FÉVRIER	O	O	O	O	O	O	_	_	NoSpaceAfter	_	_	_
.	O	O	O	O	O	O	_	_	EndOfLine	EndOfSentence	_	_
# segment_iiif_link = https://iiif.eluxemburgensia.lu/iiif/2/ark:%2f70795%2fswh9h6%2fpages%2f1/737,1676,2,22/full/0/default.jpg
Dernières	O	O	O	O	O	O	_	_	_	_	_	_
nouvelles	O	O	O	O	O	O	_	_	NoSpaceAfter	_	_	_
.	O	O	O	O	O	O	_	_	EndOfLine	EndOfSentence	_	_
# segment_iiif_link = https://iiif.eluxemburgensia.lu/iiif/2/ark:%2f70795%2fswh9h6%2fpages%2f1/134,1742,732,53/full/0/default.jpg
Le	O	O	O	O	O	O	_	_	_	_	_	_
premier	O	O	O	O	O	O	_	_	_	_	_	_
secrétaire	O	O	O	O	O	O	_	_	_	_	_	_
de	O	O	O	O	O	O	_	_	_	_	_	_
la	O	O	O	O	O	O	_	_	_	_	_	_
légation	O	O	O	O	O	O	_	_	EndOfLine	_	_	_
# segment_iiif_link = https://iiif.eluxemburgensia.lu/iiif/2/ark:%2f70795%2fswh9h6%2fpages%2f1/94,1796,789,55/full/0/default.jpg
espagnole	O	O	O	O	O	O	_	_	_	_	_	_
à	O	O	O	O	O	O	_	_	_	_	_	_
Londres	O	O	O	O	O	O	_	_	NoSpaceAfter	_	_	_
,	O	O	O	O	O	O	_	_	_	_	_	_
M	O	O	O	O	O	O	_	_	NoSpaceAfter	_	_	_
.	O	O	O	O	O	O	_	_	_	_	_	_
E	O	O	O	O	O	O	_	_	NoSpaceAfter	_	_	_
.	O	O	O	O	O	O	_	_	_	_	_	_
Cortina	O	O	O	O	O	O	_	_	NoSpaceAfter	_	_	_
,	O	O	O	O	O	O	_	_	_	_	_	_
dément	O	O	O	O	O	O	_	_	EndOfLine	_	_	_
# segment_iiif_link = https://iiif.eluxemburgensia.lu/iiif/2/ark:%2f70795%2fswh9h6%2fpages%2f1/94,1842,775,55/full/0/default.jpg
officiellement	O	O	O	O	O	O	_	_	_	_	_	_
l	O	O	O	O	O	O	_	_	NoSpaceAfter	_	_	_
'	O	O	O	O	O	O	_	_	NoSpaceAfter	_	_	_
existence	O	O	O	O	O	O	_	_	_	_	_	_
de	O	O	O	O	O	O	_	_	_	_	_	_
la	O	O	O	O	O	O	_	_	_	_	_	_
lettre	O	O	O	O	O	O	_	_	_	_	_	_
de	O	O	O	O	O	O	_	_	EndOfLine	_	_	_
# segment_iiif_link = https://iiif.eluxemburgensia.lu/iiif/2/ark:%2f70795%2fswh9h6%2fpages%2f1/94,1895,789,51/full/0/default.jpg
l	O	O	O	O	O	O	_	_	NoSpaceAfter	_	_	_
'	O	O	O	O	O	O	_	_	NoSpaceAfter	_	_	_
amiral	O	O	O	O	O	O	_	_	_	_	_	_
Pareja	O	O	O	O	O	O	_	_	NoSpaceAfter	_	_	_
,	O	O	O	O	O	O	_	_	_	_	_	_
publiée	O	O	O	O	O	O	_	_	_	_	_	_
par	O	O	O	O	O	O	_	_	_	_	_	_
le	O	O	O	O	O	O	_	_	_	_	_	_
Times	O	O	O	O	O	O	_	_	_	_	_	_
du	O	O	O	O	O	O	_	_	_	_	_	_
8	O	O	O	O	O	O	_	_	EndOfLine	_	_	_
# segment_iiif_link = https://iiif.eluxemburgensia.lu/iiif/2/ark:%2f70795%2fswh9h6%2fpages%2f1/94,1941,124,60/full/0/default.jpg
février	O	O	O	O	O	O	_	_	NoSpaceAfter	_	_	_
.	O	O	O	O	O	O	_	_	EndOfLine	EndOfSentence	_	_
# segment_iiif_link = https://iiif.eluxemburgensia.lu/iiif/2/ark:%2f70795%2fswh9h6%2fpages%2f1/134,2006,750,53/full/0/default.jpg
Juarez	O	O	O	O	O	O	_	_	_	_	_	_
a	O	O	O	O	O	O	_	_	_	_	_	_
déclaré	O	O	O	O	O	O	_	_	_	_	_	_
El	O	O	O	O	O	O	_	_	_	_	_	_
Paso	O	O	O	O	O	O	_	_	_	_	_	_
sa	O	O	O	O	O	O	_	_	_	_	_	_
capitale	O	O	O	O	O	O	_	_	NoSpaceAfter	_	_	_
.	O	O	O	O	O	O	_	_	EndOfLine	EndOfSentence	_	_
# segment_iiif_link = https://iiif.eluxemburgensia.lu/iiif/2/ark:%2f70795%2fswh9h6%2fpages%2f1/95,2051,789,57/full/0/default.jpg
Mais	O	O	O	O	O	O	_	_	_	_	_	_
des	O	O	O	O	O	O	_	_	_	_	_	_
mécontents	O	O	O	O	O	O	_	_	_	_	_	_
se	O	O	O	O	O	O	_	_	_	_	_	_
sont	O	O	O	O	O	O	_	_	_	_	_	_
soulevés	O	O	O	O	O	O	_	_	_	_	_	_
contre	O	O	O	O	O	O	_	_	EndOfLine	_	_	_
# segment_iiif_link = https://iiif.eluxemburgensia.lu/iiif/2/ark:%2f70795%2fswh9h6%2fpages%2f1/94,2102,772,54/full/0/default.jpg
lui	O	O	O	O	O	O	_	_	_	_	_	_
au	O	O	O	O	O	O	_	_	_	_	_	_
nom	O	O	O	O	O	O	_	_	_	_	_	_
du	O	O	O	O	O	O	_	_	_	_	_	_
général	O	O	O	O	O	O	_	_	_	_	_	_
Ortega	O	O	O	O	O	O	_	_	_	_	_	_
qui	O	O	O	O	O	O	_	_	NoSpaceAfter	_	_	_
.	O	O	O	O	O	O	_	_	EndOfLine	EndOfSentence	_	_
# segment_iiif_link = https://iiif.eluxemburgensia.lu/iiif/2/ark:%2f70795%2fswh9h6%2fpages%2f1/95,2153,789,61/full/0/default.jpg
disentils	O	O	O	O	O	O	_	_	NoSpaceAfter	_	_	_
,	O	O	O	O	O	O	_	_	_	_	_	_
est	O	O	O	O	O	O	_	_	_	_	_	_
seul	O	O	O	O	O	O	_	_	NoSpaceAfter	_	_	_
,	O	O	O	O	O	O	_	_	_	_	_	_
désormais	O	O	O	O	O	O	_	_	NoSpaceAfter	_	_	_
,	O	O	O	O	O	O	_	_	_	_	_	_
légalement	O	O	O	O	O	O	_	_	_	_	_	_
investi	O	O	O	O	O	O	_	_	EndOfLine	_	_	_
# segment_iiif_link = https://iiif.eluxemburgensia.lu/iiif/2/ark:%2f70795%2fswh9h6%2fpages%2f1/95,2204,787,51/full/0/default.jpg
de	O	O	O	O	O	O	_	_	_	_	_	_
la	O	O	O	O	O	O	_	_	_	_	_	_
présidence	O	O	O	O	O	O	_	_	NoSpaceAfter	_	_	_
.	O	O	O	O	O	O	_	_	_	EndOfSentence	_	_
Ces	O	O	O	O	O	O	_	_	_	_	_	_
dissensions	O	O	O	O	O	O	_	_	_	_	_	_
intestines	O	O	O	O	O	O	_	_	EndOfLine	_	_	_
# segment_iiif_link = https://iiif.eluxemburgensia.lu/iiif/2/ark:%2f70795%2fswh9h6%2fpages%2f1/95,2261,790,45/full/0/default.jpg
N	O	O	O	O	O	O	_	_	NoSpaceAfter	_	_	_
!	O	O	O	O	O	O	_	_	_	_	_	_
peuvent	O	O	O	O	O	O	_	_	_	_	_	_
qu	O	O	O	O	O	O	_	_	NoSpaceAfter	_	_	_
'	O	O	O	O	O	O	_	_	NoSpaceAfter	_	_	_
affaiblir	O	O	O	O	O	O	_	_	_	_	_	_
encore	O	O	O	O	O	O	_	_	_	_	_	_
le	O	O	O	O	O	O	_	_	_	_	_	_
parti	O	O	O	O	O	O	_	_	EndOfLine	_	_	_
# segment_iiif_link = https://iiif.eluxemburgensia.lu/iiif/2/ark:%2f70795%2fswh9h6%2fpages%2f1/93,2304,776,60/full/0/default.jpg
juariste	O	O	O	O	O	O	_	_	NoSpaceAfter	_	_	_
.	O	O	O	O	O	O	_	_	_	EndOfSentence	_	_
On	O	O	O	O	O	O	_	_	_	_	_	_
regarde	O	O	O	O	O	O	_	_	_	_	_	_
comme	O	O	O	O	O	O	_	_	_	_	_	_
un	O	O	O	O	O	O	_	_	_	_	_	_
signe	O	O	O	O	O	O	_	_	EndOfLine	_	_	_
# segment_iiif_link = https://iiif.eluxemburgensia.lu/iiif/2/ark:%2f70795%2fswh9h6%2fpages%2f1/96,2359,789,58/full/0/default.jpg
caractéristique	O	O	O	O	O	O	_	_	_	_	_	_
de	O	O	O	O	O	O	_	_	_	_	_	_
la	O	O	O	O	O	O	_	_	_	_	_	_
situation	O	O	O	O	O	O	_	_	_	_	_	_
que	O	O	O	O	O	O	_	_	NoSpaceAfter	_	_	_
,	O	O	O	O	O	O	_	_	_	_	_	_
depuis	O	O	O	O	O	O	_	_	EndOfLine	_	_	_
# segment_iiif_link = https://iiif.eluxemburgensia.lu/iiif/2/ark:%2f70795%2fswh9h6%2fpages%2f1/98,2414,788,44/full/0/default.jpg
une	O	O	O	O	O	O	_	_	_	_	_	_
semaine	O	O	O	O	O	O	_	_	NoSpaceAfter	_	_	_
,	O	O	O	O	O	O	_	_	_	_	_	_
aucune	O	O	O	O	O	O	_	_	_	_	_	_
résolution	O	O	O	O	O	O	_	_	_	_	_	_
sympathique	O	O	O	O	O	O	_	_	EndOfLine	_	_	_
# segment_iiif_link = https://iiif.eluxemburgensia.lu/iiif/2/ark:%2f70795%2fswh9h6%2fpages%2f1/93,2465,772,43/full/0/default.jpg
i	O	O	O	O	O	O	_	_	NoSpaceAfter	_	_	_
»	O	O	O	O	O	O	_	_	_	_	_	_
Juarez	O	O	O	O	O	O	_	_	_	_	_	_
n	O	O	O	O	O	O	_	_	NoSpaceAfter	_	_	_
'	O	O	O	O	O	O	_	_	NoSpaceAfter	_	_	_
ait	O	O	O	O	O	O	_	_	_	_	_	_
été	O	O	O	O	O	O	_	_	_	_	_	_
introduite	O	O	O	O	O	O	_	_	_	_	_	_
dans	O	O	O	O	O	O	_	_	_	_	_	_
le	O	O	O	O	O	O	_	_	EndOfLine	_	_	_
# segment_iiif_link = https://iiif.eluxemburgensia.lu/iiif/2/ark:%2f70795%2fswh9h6%2fpages%2f1/94,2505,275,56/full/0/default.jpg
Congrès	O	O	O	O	O	O	_	_	_	_	_	_
américain	O	O	O	O	O	O	_	_	NoSpaceAfter	_	_	_
.	O	O	O	O	O	O	_	_	EndOfLine	EndOfSentence	_	_
# segment_iiif_link = https://iiif.eluxemburgensia.lu/iiif/2/ark:%2f70795%2fswh9h6%2fpages%2f1/139,2561,743,49/full/0/default.jpg
Des	O	O	O	O	O	O	_	_	_	_	_	_
dépêches	O	O	O	O	O	O	_	_	_	_	_	_
de	O	O	O	O	O	O	_	_	_	_	_	_
Toronto	O	O	O	O	O	O	_	_	_	_	_	_
annoncent	O	O	O	O	O	O	_	_	_	_	_	_
une	O	O	O	O	O	O	_	_	EndOfLine	_	_	_
# segment_iiif_link = https://iiif.eluxemburgensia.lu/iiif/2/ark:%2f70795%2fswh9h6%2fpages%2f1/96,2607,788,51/full/0/default.jpg
concentration	O	O	O	O	O	O	_	_	_	_	_	_
des	O	O	O	O	O	O	_	_	_	_	_	_
troupes	O	O	O	O	O	O	_	_	_	_	_	_
vers	O	O	O	O	O	O	_	_	_	_	_	_
la	O	O	O	O	O	O	_	_	_	_	_	_
frontière	O	O	O	O	O	O	_	_	EndOfLine	_	_	_
# segment_iiif_link = https://iiif.eluxemburgensia.lu/iiif/2/ark:%2f70795%2fswh9h6%2fpages%2f1/96,2656,765,56/full/0/default.jpg
canadienne	O	O	O	O	O	O	_	_	NoSpaceAfter	_	_	_
,	O	O	O	O	O	O	_	_	_	_	_	_
sur	O	O	O	O	O	O	_	_	_	_	_	_
l	O	O	O	O	O	O	_	_	NoSpaceAfter	_	_	_
'	O	O	O	O	O	O	_	_	NoSpaceAfter	_	_	_
avis	O	O	O	O	O	O	_	_	_	_	_	_
que	O	O	O	O	O	O	_	_	_	_	_	_
le	O	O	O	O	O	O	_	_	_	_	_	_
général	O	O	O	O	O	O	_	_	EndOfLine	_	_	_
# segment_iiif_link = https://iiif.eluxemburgensia.lu/iiif/2/ark:%2f70795%2fswh9h6%2fpages%2f1/98,2714,772,50/full/0/default.jpg
Sweney	O	O	O	O	O	O	_	_	_	_	_	_
avait	O	O	O	O	O	O	_	_	_	_	_	_
des	O	O	O	O	O	O	_	_	_	_	_	_
forces	O	O	O	O	O	O	_	_	_	_	_	_
prêtes	O	O	O	O	O	O	_	_	_	_	_	_
pour	O	O	O	O	O	O	_	_	_	_	_	_
une	O	O	O	O	O	O	_	_	EndOfLine	_	_	_
# segment_iiif_link = https://iiif.eluxemburgensia.lu/iiif/2/ark:%2f70795%2fswh9h6%2fpages%2f1/837,2717,33,53/full/0/default.jpg
invasio	O	O	O	O	O	O	_	_	EndOfLine|NoSpaceAfter	_	_	_
# segment_iiif_link = https://iiif.eluxemburgensia.lu/iiif/2/ark:%2f70795%2fswh9h6%2fpages%2f1/140,2818,746,55/full/0/default.jpg
n	O	O	O	O	O	O	_	_	NoSpaceAfter	_	_	_
.	O	O	O	O	O	O	_	_	_	EndOfSentence	_	_
Les	O	O	O	O	O	O	_	_	_	_	_	_
avis	O	O	O	O	O	O	_	_	_	_	_	_
de	O	O	O	O	O	O	_	_	_	_	_	_
Matamoros	O	O	O	O	O	O	_	_	_	_	_	_
constatent	O	O	O	O	O	O	_	_	_	_	_	_
que	O	O	O	O	O	O	_	_	EndOfLine	_	_	_
# segment_iiif_link = https://iiif.eluxemburgensia.lu/iiif/2/ark:%2f70795%2fswh9h6%2fpages%2f1/95,2870,791,54/full/0/default.jpg
les	O	O	O	O	O	O	_	_	_	_	_	_
juaristes	O	O	O	O	O	O	_	_	_	_	_	_
ent	O	O	O	O	O	O	_	_	_	_	_	_
abandonné	O	O	O	O	O	O	_	_	_	_	_	_
Bagdad	O	O	O	O	O	O	_	_	NoSpaceAfter	_	_	_
,	O	O	O	O	O	O	_	_	_	_	_	_
et	O	O	O	O	O	O	_	_	_	_	_	_
que	O	O	O	O	O	O	_	_	EndOfLine	_	_	_
# segment_iiif_link = https://iiif.eluxemburgensia.lu/iiif/2/ark:%2f70795%2fswh9h6%2fpages%2f1/95,2926,771,48/full/0/default.jpg
cette	O	O	O	O	O	O	_	_	_	_	_	_
ville	O	O	O	O	O	O	_	_	_	_	_	_
a	O	O	O	O	O	O	_	_	_	_	_	_
été	O	O	O	O	O	O	_	_	_	_	_	_
réoccupée	O	O	O	O	O	O	_	_	_	_	_	_
par	O	O	O	O	O	O	_	_	_	_	_	_
les	O	O	O	O	O	O	_	_	EndOfLine	_	_	_
# segment_iiif_link = https://iiif.eluxemburgensia.lu/iiif/2/ark:%2f70795%2fswh9h6%2fpages%2f1/739,2926,127,56/full/0/default.jpg
impéria	O	O	O	O	O	O	_	_	EndOfLine|NoSpaceAfter	_	_	_
# segment_iiif_link = https://iiif.eluxemburgensia.lu/iiif/2/ark:%2f70795%2fswh9h6%2fpages%2f1/139,3031,746,51/full/0/default.jpg
listes	O	O	O	O	O	O	_	_	NoSpaceAfter	_	_	_
.	O	O	O	O	O	O	_	_	_	EndOfSentence	_	_
On	O	O	O	O	O	O	_	_	_	_	_	_
annonce	O	O	O	O	O	O	_	_	_	_	_	_
l	O	O	O	O	O	O	_	_	NoSpaceAfter	_	_	_
'	O	O	O	O	O	O	_	_	NoSpaceAfter	_	_	_
assassinat	O	O	O	O	O	O	_	_	_	_	_	_
à	O	O	O	O	O	O	_	_	_	_	_	_
Dublin	O	O	O	O	O	O	_	_	NoSpaceAfter	_	_	_
,	O	O	O	O	O	O	_	_	_	_	_	_
par	O	O	O	O	O	O	_	_	_	_	_	_
des	O	O	O	O	O	O	_	_	EndOfLine	_	_	_
# segment_iiif_link = https://iiif.eluxemburgensia.lu/iiif/2/ark:%2f70795%2fswh9h6%2fpages%2f1/96,3082,788,60/full/0/default.jpg
conjurés	O	O	O	O	O	O	_	_	_	_	_	_
fenians	O	O	O	O	O	O	_	_	NoSpaceAfter	_	_	_
,	O	O	O	O	O	O	_	_	_	_	_	_
du	O	O	O	O	O	O	_	_	_	_	_	_
nommé	O	O	O	O	O	O	_	_	_	_	_	_
George	O	O	O	O	O	O	_	_	_	_	_	_
Clarke	O	O	O	O	O	O	_	_	NoSpaceAfter	_	_	_
,	O	O	O	O	O	O	_	_	EndOfLine	_	_	_
# segment_iiif_link = https://iiif.eluxemburgensia.lu/iiif/2/ark:%2f70795%2fswh9h6%2fpages%2f1/96,3134,789,56/full/0/default.jpg
qui	O	O	O	O	O	O	_	_	_	_	_	_
avait	O	O	O	O	O	O	_	_	_	_	_	_
dénoncé	O	O	O	O	O	O	_	_	_	_	_	_
à	O	O	O	O	O	O	_	_	_	_	_	_
la	O	O	O	O	O	O	_	_	_	_	_	_
police	O	O	O	O	O	O	_	_	_	_	_	_
l	O	O	O	O	O	O	_	_	NoSpaceAfter	_	_	_
'	O	O	O	O	O	O	_	_	NoSpaceAfter	_	_	_
armurerie	O	O	O	O	O	O	_	_	EndOfLine	_	_	_
# segment_iiif_link = https://iiif.eluxemburgensia.lu/iiif/2/ark:%2f70795%2fswh9h6%2fpages%2f1/98,3181,788,53/full/0/default.jpg
dans	O	O	O	O	O	O	_	_	_	_	_	_
Laftos	O	O	O	O	O	O	_	_	NoSpaceAfter	_	_	_
-	O	O	O	O	O	O	_	_	NoSpaceAfter	_	_	_
Lane	O	O	O	O	O	O	_	_	NoSpaceAfter	_	_	_
.	O	O	O	O	O	O	_	_	_	EndOfSentence	_	_
Le	O	O	O	O	O	O	_	_	_	_	_	_
gouvernement	O	O	O	O	O	O	_	_	_	_	_	_
a	O	O	O	O	O	O	_	_	_	_	_	_
offert	O	O	O	O	O	O	_	_	EndOfLine	_	_	_
# segment_iiif_link = https://iiif.eluxemburgensia.lu/iiif/2/ark:%2f70795%2fswh9h6%2fpages%2f1/98,3233,788,51/full/0/default.jpg
deux	O	O	O	O	O	O	_	_	_	_	_	_
cents	O	O	O	O	O	O	_	_	_	_	_	_
livres	O	O	O	O	O	O	_	_	_	_	_	_
sterling	O	O	O	O	O	O	_	_	_	_	_	_
de	O	O	O	O	O	O	_	_	_	_	_	_
récompense	O	O	O	O	O	O	_	_	EndOfLine	_	_	_
# segment_iiif_link = https://iiif.eluxemburgensia.lu/iiif/2/ark:%2f70795%2fswh9h6%2fpages%2f1/98,3292,788,50/full/0/default.jpg
pour	O	O	O	O	O	O	_	_	_	_	_	_
quiconque	O	O	O	O	O	O	_	_	_	_	_	_
aidera	O	O	O	O	O	O	_	_	_	_	_	_
à	O	O	O	O	O	O	_	_	_	_	_	_
l	O	O	O	O	O	O	_	_	NoSpaceAfter	_	_	_
'	O	O	O	O	O	O	_	_	NoSpaceAfter	_	_	_
arrestation	O	O	O	O	O	O	_	_	_	_	_	_
des	O	O	O	O	O	O	_	_	EndOfLine	_	_	_
# segment_iiif_link = https://iiif.eluxemburgensia.lu/iiif/2/ark:%2f70795%2fswh9h6%2fpages%2f1/99,3340,177,56/full/0/default.jpg
coupables	O	O	O	O	O	O	_	_	NoSpaceAfter	_	_	_
.	O	O	O	O	O	O	_	_	EndOfLine	EndOfSentence	_	_
# segment_iiif_link = https://iiif.eluxemburgensia.lu/iiif/2/ark:%2f70795%2fswh9h6%2fpages%2f1/983,1587,749,51/full/0/default.jpg
On	O	O	O	O	O	O	_	_	_	_	_	_
mande	O	O	O	O	O	O	_	_	_	_	_	_
de	O	O	O	O	O	O	_	_	_	_	_	_
Londres	O	O	O	O	O	O	_	_	_	_	_	_
qu	O	O	O	O	O	O	_	_	NoSpaceAfter	_	_	_
'	O	O	O	O	O	O	_	_	NoSpaceAfter	_	_	_
on	O	O	O	O	O	O	_	_	_	_	_	_
s	O	O	O	O	O	O	_	_	NoSpaceAfter	_	_	_
'	O	O	O	O	O	O	_	_	NoSpaceAfter	_	_	_
attend	O	O	O	O	O	O	_	_	_	_	_	_
à	O	O	O	O	O	O	_	_	EndOfLine	_	_	_
# segment_iiif_link = https://iiif.eluxemburgensia.lu/iiif/2/ark:%2f70795%2fswh9h6%2fpages%2f1/942,1646,773,43/full/0/default.jpg
une	O	O	O	O	O	O	_	_	_	_	_	_
discussion	O	O	O	O	O	O	_	_	_	_	_	_
très	O	O	O	O	O	O	_	_	NoSpaceAfter	_	_	_
-	O	O	O	O	O	O	_	_	NoSpaceAfter	_	_	_
orageuse	O	O	O	O	O	O	_	_	_	_	_	_
du	O	O	O	O	O	O	_	_	_	_	_	_
bill	O	O	O	O	O	O	_	_	EndOfLine	_	_	_
# segment_iiif_link = https://iiif.eluxemburgensia.lu/iiif/2/ark:%2f70795%2fswh9h6%2fpages%2f1/942,1692,776,48/full/0/default.jpg
présenté	O	O	O	O	O	O	_	_	_	_	_	_
à	O	O	O	O	O	O	_	_	_	_	_	_
la	O	O	O	O	O	O	_	_	_	_	_	_
Chambre	O	O	O	O	O	O	_	_	_	_	_	_
des	O	O	O	O	O	O	_	_	_	_	_	_
communes	O	O	O	O	O	O	_	_	_	_	_	_
sur	O	O	O	O	O	O	_	_	EndOfLine	_	_	_
# segment_iiif_link = https://iiif.eluxemburgensia.lu/iiif/2/ark:%2f70795%2fswh9h6%2fpages%2f1/942,1739,774,51/full/0/default.jpg
l	O	O	O	O	O	O	_	_	NoSpaceAfter	_	_	_
'	O	O	O	O	O	O	_	_	NoSpaceAfter	_	_	_
épizootie	O	O	O	O	O	O	_	_	NoSpaceAfter	_	_	_
.	O	O	O	O	O	O	_	_	_	EndOfSentence	_	_
Les	O	O	O	O	O	O	_	_	_	_	_	_
tories	O	O	O	O	O	O	_	_	NoSpaceAfter	_	_	_
,	O	O	O	O	O	O	_	_	_	_	_	_
dit	O	O	O	O	O	O	_	_	_	_	_	_
à	O	O	O	O	O	O	_	_	_	_	_	_
ce	O	O	O	O	O	O	_	_	_	_	_	_
sujet	O	O	O	O	O	O	_	_	EndOfLine	_	_	_
# segment_iiif_link = https://iiif.eluxemburgensia.lu/iiif/2/ark:%2f70795%2fswh9h6%2fpages%2f1/943,1790,791,60/full/0/default.jpg
Yluternalional	O	O	O	O	O	O	_	_	NoSpaceAfter	_	_	_
,	O	O	O	O	O	O	_	_	_	_	_	_
se	O	O	O	O	O	O	_	_	_	_	_	_
préparent	O	O	O	O	O	O	_	_	_	_	_	_
à	O	O	O	O	O	O	_	_	_	_	_	_
engager	O	O	O	O	O	O	_	_	_	_	_	_
une	O	O	O	O	O	O	_	_	_	_	_	_
lutte	O	O	O	O	O	O	_	_	EndOfLine	_	_	_
# segment_iiif_link = https://iiif.eluxemburgensia.lu/iiif/2/ark:%2f70795%2fswh9h6%2fpages%2f1/942,1841,792,53/full/0/default.jpg
acharnée	O	O	O	O	O	O	_	_	_	_	_	_
à	O	O	O	O	O	O	_	_	_	_	_	_
laquelle	O	O	O	O	O	O	_	_	_	_	_	_
la	O	O	O	O	O	O	_	_	_	_	_	_
maladie	O	O	O	O	O	O	_	_	_	_	_	_
du	O	O	O	O	O	O	_	_	_	_	_	_
bétail	O	O	O	O	O	O	_	_	EndOfLine	_	_	_
# segment_iiif_link = https://iiif.eluxemburgensia.lu/iiif/2/ark:%2f70795%2fswh9h6%2fpages%2f1/943,1891,791,53/full/0/default.jpg
doit	O	O	O	O	O	O	_	_	_	_	_	_
servir	O	O	O	O	O	O	_	_	_	_	_	_
de	O	O	O	O	O	O	_	_	_	_	_	_
prétexte	O	O	O	O	O	O	_	_	NoSpaceAfter	_	_	_
,	O	O	O	O	O	O	_	_	_	_	_	_
et	O	O	O	O	O	O	_	_	_	_	_	_
qui	O	O	O	O	O	O	_	_	_	_	_	_
deviendra	O	O	O	O	O	O	_	_	EndOfLine	_	_	_
# segment_iiif_link = https://iiif.eluxemburgensia.lu/iiif/2/ark:%2f70795%2fswh9h6%2fpages%2f1/943,1941,791,53/full/0/default.jpg
bien	O	O	O	O	O	O	_	_	_	_	_	_
plus	O	O	O	O	O	O	_	_	_	_	_	_
sérieuse	O	O	O	O	O	O	_	_	_	_	_	_
encore	O	O	O	O	O	O	_	_	_	_	_	_
au	O	O	O	O	O	O	_	_	_	_	_	_
moment	O	O	O	O	O	O	_	_	_	_	_	_
où	O	O	O	O	O	O	_	_	_	_	_	_
le	O	O	O	O	O	O	_	_	EndOfLine	_	_	_
# segment_iiif_link = https://iiif.eluxemburgensia.lu/iiif/2/ark:%2f70795%2fswh9h6%2fpages%2f1/944,1994,790,51/full/0/default.jpg
bill	O	O	O	O	O	O	_	_	_	_	_	_
de	O	O	O	O	O	O	_	_	_	_	_	_
réforme	O	O	O	O	O	O	_	_	_	_	_	_
sera	O	O	O	O	O	O	_	_	_	_	_	_
soumis	O	O	O	O	O	O	_	_	_	_	_	_
à	O	O	O	O	O	O	_	_	_	_	_	_
l	O	O	O	O	O	O	_	_	NoSpaceAfter	_	_	_
'	O	O	O	O	O	O	_	_	NoSpaceAfter	_	_	_
approbation	O	O	O	O	O	O	_	_	EndOfLine	_	_	_
# segment_iiif_link = https://iiif.eluxemburgensia.lu/iiif/2/ark:%2f70795%2fswh9h6%2fpages%2f1/947,2046,250,49/full/0/default.jpg
du	O	O	O	O	O	O	_	_	_	_	_	_
Parlement	O	O	O	O	O	O	_	_	NoSpaceAfter	_	_	_
.	O	O	O	O	O	O	_	_	EndOfLine	EndOfSentence	_	_
# segment_iiif_link = https://iiif.eluxemburgensia.lu/iiif/2/ark:%2f70795%2fswh9h6%2fpages%2f1/988,2096,732,49/full/0/default.jpg
La	O	O	O	O	O	O	_	_	_	_	_	_
discussion	O	O	O	O	O	O	_	_	_	_	_	_
de	O	O	O	O	O	O	_	_	_	_	_	_
l	O	O	O	O	O	O	_	_	NoSpaceAfter	_	_	_
'	O	O	O	O	O	O	_	_	NoSpaceAfter	_	_	_
Adresse	O	O	O	O	O	O	_	_	_	_	_	_
au	O	O	O	O	O	O	_	_	_	_	_	_
Sénat	O	O	O	O	O	O	_	_	EndOfLine	_	_	_
# segment_iiif_link = https://iiif.eluxemburgensia.lu/iiif/2/ark:%2f70795%2fswh9h6%2fpages%2f1/947,2146,790,60/full/0/default.jpg
espagnol	O	O	O	O	O	O	_	_	_	_	_	_
a	O	O	O	O	O	O	_	_	_	_	_	_
fourni	O	O	O	O	O	O	_	_	_	_	_	_
au	O	O	O	O	O	O	_	_	_	_	_	_
ministre	O	O	O	O	O	O	_	_	_	_	_	_
des	O	O	O	O	O	O	_	_	_	_	_	_
affaires	O	O	O	O	O	O	_	_	EndOfLine	_	_	_
# segment_iiif_link = https://iiif.eluxemburgensia.lu/iiif/2/ark:%2f70795%2fswh9h6%2fpages%2f1/946,2198,790,60/full/0/default.jpg
étrangères	O	O	O	O	O	O	_	_	_	_	_	_
de	O	O	O	O	O	O	_	_	_	_	_	_
la	O	O	O	O	O	O	_	_	_	_	_	_
reine	O	O	O	O	O	O	_	_	_	_	_	_
l	O	O	O	O	O	O	_	_	NoSpaceAfter	_	_	_
'	O	O	O	O	O	O	_	_	NoSpaceAfter	_	_	_
occasion	O	O	O	O	O	O	_	_	_	_	_	_
de	O	O	O	O	O	O	_	_	_	_	_	_
faire	O	O	O	O	O	O	_	_	EndOfLine	_	_	_
# segment_iiif_link = https://iiif.eluxemburgensia.lu/iiif/2/ark:%2f70795%2fswh9h6%2fpages%2f1/946,2248,771,53/full/0/default.jpg
connaître	O	O	O	O	O	O	_	_	_	_	_	_
les	O	O	O	O	O	O	_	_	_	_	_	_
dispositions	O	O	O	O	O	O	_	_	_	_	_	_
de	O	O	O	O	O	O	_	_	_	_	_	_
son	O	O	O	O	O	O	_	_	EndOfLine	_	_	_
# segment_iiif_link = https://iiif.eluxemburgensia.lu/iiif/2/ark:%2f70795%2fswh9h6%2fpages%2f1/948,2304,789,48/full/0/default.jpg
geuvernement	O	O	O	O	O	O	_	_	_	_	_	_
à	O	O	O	O	O	O	_	_	_	_	_	_
l	O	O	O	O	O	O	_	_	NoSpaceAfter	_	_	_
'	O	O	O	O	O	O	_	_	NoSpaceAfter	_	_	_
égard	O	O	O	O	O	O	_	_	_	_	_	_
des	O	O	O	O	O	O	_	_	_	_	_	_
affaires	O	O	O	O	O	O	_	_	_	_	_	_
de	O	O	O	O	O	O	_	_	_	_	_	_
Rome	O	O	O	O	O	O	_	_	NoSpaceAfter	_	_	_
.	O	O	O	O	O	O	_	_	_	EndOfSentence	_	_
M	O	O	O	O	O	O	_	_	NoSpaceAfter	_	_	_
.	O	O	O	O	O	O	_	_	EndOfLine	_	_	_
# segment_iiif_link = https://iiif.eluxemburgensia.lu/iiif/2/ark:%2f70795%2fswh9h6%2fpages%2f1/948,2349,790,56/full/0/default.jpg
Bermudez	O	O	O	O	O	O	_	_	_	_	_	_
de	O	O	O	O	O	O	_	_	_	_	_	_
Castro	O	O	O	O	O	O	_	_	_	_	_	_
a	O	O	O	O	O	O	_	_	_	_	_	_
surtout	O	O	O	O	O	O	_	_	_	_	_	_
insisté	O	O	O	O	O	O	_	_	_	_	_	_
sur	O	O	O	O	O	O	_	_	EndOfLine	_	_	_
# segment_iiif_link = https://iiif.eluxemburgensia.lu/iiif/2/ark:%2f70795%2fswh9h6%2fpages%2f1/948,2405,769,48/full/0/default.jpg
cotte	O	O	O	O	O	O	_	_	_	_	_	_
considération	O	O	O	O	O	O	_	_	_	_	_	_
que	O	O	O	O	O	O	_	_	NoSpaceAfter	_	_	_
,	O	O	O	O	O	O	_	_	_	_	_	_
si	O	O	O	O	O	O	_	_	_	_	_	_
le	O	O	O	O	O	O	_	_	_	_	_	_
pouvoir	O	O	O	O	O	O	_	_	EndOfLine	_	_	_
# segment_iiif_link = https://iiif.eluxemburgensia.lu/iiif/2/ark:%2f70795%2fswh9h6%2fpages%2f1/948,2452,789,57/full/0/default.jpg
temporel	O	O	O	O	O	O	_	_	_	_	_	_
est	O	O	O	O	O	O	_	_	_	_	_	_
nécessaire	O	O	O	O	O	O	_	_	_	_	_	_
pour	O	O	O	O	O	O	_	_	_	_	_	_
le	O	O	O	O	O	O	_	_	_	_	_	_
libre	O	O	O	O	O	O	_	_	_	_	_	_
exercice	O	O	O	O	O	O	_	_	EndOfLine	_	_	_
# segment_iiif_link = https://iiif.eluxemburgensia.lu/iiif/2/ark:%2f70795%2fswh9h6%2fpages%2f1/947,2499,789,48/full/0/default.jpg
de	O	O	O	O	O	O	_	_	_	_	_	_
l	O	O	O	O	O	O	_	_	NoSpaceAfter	_	_	_
'	O	O	O	O	O	O	_	_	NoSpaceAfter	_	_	_
aatorPé	O	O	O	O	O	O	_	_	_	_	_	_
spirituelle	O	O	O	O	O	O	_	_	_	_	_	_
de	O	O	O	O	O	O	_	_	_	_	_	_
la	O	O	O	O	O	O	_	_	_	_	_	_
papauté	O	O	O	O	O	O	_	_	NoSpaceAfter	_	_	_
,	O	O	O	O	O	O	_	_	_	_	_	_
toutes	O	O	O	O	O	O	_	_	EndOfLine	_	_	_
# segment_iiif_link = https://iiif.eluxemburgensia.lu/iiif/2/ark:%2f70795%2fswh9h6%2fpages%2f1/946,2544,788,47/full/0/default.jpg
les	O	O	O	O	O	O	_	_	_	_	_	_
questions	O	O	O	O	O	O	_	_	_	_	_	_
qui	O	O	O	O	O	O	_	_	_	_	_	_
se	O	O	O	O	O	O	_	_	_	_	_	_
rattachent	O	O	O	O	O	O	_	_	_	_	_	_
au	O	O	O	O	O	O	_	_	_	_	_	_
plus	O	O	O	O	O	O	_	_	_	_	_	_
ou	O	O	O	O	O	O	_	_	EndOfLine	_	_	_
# segment_iiif_link = https://iiif.eluxemburgensia.lu/iiif/2/ark:%2f70795%2fswh9h6%2fpages%2f1/946,2587,789,49/full/0/default.jpg
moins	O	O	O	O	O	O	_	_	_	_	_	_
d	O	O	O	O	O	O	_	_	NoSpaceAfter	_	_	_
'	O	O	O	O	O	O	_	_	NoSpaceAfter	_	_	_
extension	O	O	O	O	O	O	_	_	_	_	_	_
du	O	O	O	O	O	O	_	_	_	_	_	_
territoire	O	O	O	O	O	O	_	_	_	_	_	_
pontifical	O	O	O	O	O	O	_	_	EndOfLine	_	_	_
# segment_iiif_link = https://iiif.eluxemburgensia.lu/iiif/2/ark:%2f70795%2fswh9h6%2fpages%2f1/944,2639,792,48/full/0/default.jpg
ont	O	O	O	O	O	O	_	_	_	_	_	_
toujours	O	O	O	O	O	O	_	_	_	_	_	_
appartenu	O	O	O	O	O	O	_	_	_	_	_	_
et	O	O	O	O	O	O	_	_	_	_	_	_
appartiennent	O	O	O	O	O	O	_	_	EndOfLine	_	_	_
# segment_iiif_link = https://iiif.eluxemburgensia.lu/iiif/2/ark:%2f70795%2fswh9h6%2fpages%2f1/946,2689,790,54/full/0/default.jpg
exclusivement	O	O	O	O	O	O	_	_	_	_	_	_
au	O	O	O	O	O	O	_	_	_	_	_	_
domaine	O	O	O	O	O	O	_	_	_	_	_	_
de	O	O	O	O	O	O	_	_	_	_	_	_
la	O	O	O	O	O	O	_	_	_	_	_	_
politique	O	O	O	O	O	O	_	_	NoSpaceAfter	_	_	_
.	O	O	O	O	O	O	_	_	EndOfLine	EndOfSentence	_	_
# segment_iiif_link = https://iiif.eluxemburgensia.lu/iiif/2/ark:%2f70795%2fswh9h6%2fpages%2f1/988,2741,733,53/full/0/default.jpg
La	O	O	O	O	O	O	_	_	_	_	_	_
Nouvelle	O	O	O	O	O	O	_	_	_	_	_	_
Presse	O	O	O	O	O	O	_	_	_	_	_	_
libre	O	O	O	O	O	O	_	_	_	_	_	_
publie	O	O	O	O	O	O	_	_	_	_	_	_
le	O	O	O	O	O	O	_	_	EndOfLine	_	_	_
# segment_iiif_link = https://iiif.eluxemburgensia.lu/iiif/2/ark:%2f70795%2fswh9h6%2fpages%2f1/946,2802,770,53/full/0/default.jpg
télégramme	O	O	O	O	O	O	_	_	_	_	_	_
suivant	O	O	O	O	O	O	_	_	_	_	_	_
qui	O	O	O	O	O	O	_	_	_	_	_	_
lui	O	O	O	O	O	O	_	_	_	_	_	_
est	O	O	O	O	O	O	_	_	_	_	_	_
adressé	O	O	O	O	O	O	_	_	_	_	_	_
de	O	O	O	O	O	O	_	_	EndOfLine	_	_	_
# segment_iiif_link = https://iiif.eluxemburgensia.lu/iiif/2/ark:%2f70795%2fswh9h6%2fpages%2f1/947,2846,792,53/full/0/default.jpg
Berlin	O	O	O	O	O	O	_	_	_	_	_	_
le	O	O	O	O	O	O	_	_	_	_	_	_
10	O	O	O	O	O	O	_	_	_	_	_	_
février	O	O	O	O	O	O	_	_	_	_	_	_
:	O	O	O	O	O	O	_	_	_	_	_	_
„	O	O	O	O	O	O	_	_	NoSpaceAfter	_	_	_
On	O	O	O	O	O	O	_	_	NoSpaceAfter	_	_	_
_	O	O	O	O	O	O	_	_	NoSpaceAfter	_	_	_
,	O	O	O	O	O	O	_	_	NoSpaceAfter	_	_	_
assui	O	O	O	O	O	O	_	_	NoSpaceAfter	_	_	_
'	O	O	O	O	O	O	_	_	NoSpaceAfter	_	_	_
c	O	O	O	O	O	O	_	_	_	_	_	_
positivement	O	O	O	O	O	O	_	_	EndOfLine	_	_	_
# segment_iiif_link = https://iiif.eluxemburgensia.lu/iiif/2/ark:%2f70795%2fswh9h6%2fpages%2f1/947,2905,789,45/full/0/default.jpg
que	O	O	O	O	O	O	_	_	_	_	_	_
M	O	O	O	O	O	O	_	_	NoSpaceAfter	_	_	_
.	O	O	O	O	O	O	_	_	_	_	_	_
de	O	O	O	O	O	O	_	_	_	_	_	_
Bismark	O	O	O	O	O	O	_	_	_	_	_	_
a	O	O	O	O	O	O	_	_	_	_	_	_
exposé	O	O	O	O	O	O	_	_	_	_	_	_
à	O	O	O	O	O	O	_	_	_	_	_	_
la	O	O	O	O	O	O	_	_	_	_	_	_
cour	O	O	O	O	O	O	_	_	_	_	_	_
Je	O	O	O	O	O	O	_	_	EndOfLine	_	_	_
# segment_iiif_link = https://iiif.eluxemburgensia.lu/iiif/2/ark:%2f70795%2fswh9h6%2fpages%2f1/947,2941,787,50/full/0/default.jpg
Vienne	O	O	O	O	O	O	_	_	_	_	_	_
l	O	O	O	O	O	O	_	_	NoSpaceAfter	_	_	_
'	O	O	O	O	O	O	_	_	NoSpaceAfter	_	_	_
impossibilité	O	O	O	O	O	O	_	_	_	_	_	_
de	O	O	O	O	O	O	_	_	_	_	_	_
laisser	O	O	O	O	O	O	_	_	_	_	_	_
durer	O	O	O	O	O	O	_	_	_	_	_	_
plus	O	O	O	O	O	O	_	_	EndOfLine	_	_	_
# segment_iiif_link = https://iiif.eluxemburgensia.lu/iiif/2/ark:%2f70795%2fswh9h6%2fpages%2f1/946,2988,788,58/full/0/default.jpg
longtemps	O	O	O	O	O	O	_	_	_	_	_	_
l	O	O	O	O	O	O	_	_	NoSpaceAfter	_	_	_
'	O	O	O	O	O	O	_	_	NoSpaceAfter	_	_	_
état	O	O	O	O	O	O	_	_	_	_	_	_
des	O	O	O	O	O	O	_	_	_	_	_	_
choses	O	O	O	O	O	O	_	_	_	_	_	_
actuellement	O	O	O	O	O	O	_	_	EndOfLine	_	_	_
# segment_iiif_link = https://iiif.eluxemburgensia.lu/iiif/2/ark:%2f70795%2fswh9h6%2fpages%2f1/946,3037,788,55/full/0/default.jpg
existant	O	O	O	O	O	O	_	_	_	_	_	_
dans	O	O	O	O	O	O	_	_	_	_	_	_
les	O	O	O	O	O	O	_	_	_	_	_	_
duchés	O	O	O	O	O	O	_	_	_	_	_	_
c	O	O	O	O	O	O	_	_	NoSpaceAfter	_	_	_
'	O	O	O	O	O	O	_	_	NoSpaceAfter	_	_	_
e	O	O	O	O	O	O	_	_	_	_	_	_
qu	O	O	O	O	O	O	_	_	NoSpaceAfter	_	_	_
'	O	O	O	O	O	O	_	_	NoSpaceAfter	_	_	_
il	O	O	O	O	O	O	_	_	_	_	_	_
a	O	O	O	O	O	O	_	_	_	_	_	_
proposé	O	O	O	O	O	O	_	_	EndOfLine	_	_	_
# segment_iiif_link = https://iiif.eluxemburgensia.lu/iiif/2/ark:%2f70795%2fswh9h6%2fpages%2f1/947,3091,768,53/full/0/default.jpg
le	O	O	O	O	O	O	_	_	_	_	_	_
rétablissement	O	O	O	O	O	O	_	_	_	_	_	_
d	O	O	O	O	O	O	_	_	NoSpaceAfter	_	_	_
'	O	O	O	O	O	O	_	_	NoSpaceAfter	_	_	_
une	O	O	O	O	O	O	_	_	_	_	_	_
administration	O	O	O	O	O	O	_	_	EndOfLine	_	_	_
# segment_iiif_link = https://iiif.eluxemburgensia.lu/iiif/2/ark:%2f70795%2fswh9h6%2fpages%2f1/948,3154,788,41/full/0/default.jpg
commune	O	O	O	O	O	O	_	_	_	_	_	_
des	O	O	O	O	O	O	_	_	_	_	_	_
deux	O	O	O	O	O	O	_	_	_	_	_	_
duchés	O	O	O	O	O	O	_	_	NoSpaceAfter	_	_	_
.	O	O	O	O	O	O	_	_	_	EndOfSentence	_	_
M	O	O	O	O	O	O	_	_	NoSpaceAfter	_	_	_
.	O	O	O	O	O	O	_	_	_	_	_	_
de	O	O	O	O	O	O	_	_	_	_	_	_
Mcnsdorff	O	O	O	O	O	O	_	_	_	_	_	_
a	O	O	O	O	O	O	_	_	EndOfLine	_	_	_
# segment_iiif_link = https://iiif.eluxemburgensia.lu/iiif/2/ark:%2f70795%2fswh9h6%2fpages%2f1/947,3197,421,60/full/0/default.jpg
répondu	O	O	O	O	O	O	_	_	_	_	_	_
p.u	O	O	O	O	O	O	_	_	NoSpaceAfter	_	_	_
-	O	O	O	O	O	O	_	_	_	_	_	_
un	O	O	O	O	O	O	_	_	_	_	_	_
refus	O	O	O	O	O	O	_	_	NoSpaceAfter	_	_	_
.	O	O	O	O	O	O	_	_	NoSpaceAfter	EndOfSentence	_	_
"	O	O	O	O	O	O	_	_	EndOfLine	_	_	_
# segment_iiif_link = https://iiif.eluxemburgensia.lu/iiif/2/ark:%2f70795%2fswh9h6%2fpages%2f1/990,3251,729,50/full/0/default.jpg
Ou	O	O	O	O	O	O	_	_	_	_	_	_
se	O	O	O	O	O	O	_	_	_	_	_	_
rappelle	O	O	O	O	O	O	_	_	_	_	_	_
que	O	O	O	O	O	O	_	_	_	_	_	_
l	O	O	O	O	O	O	_	_	NoSpaceAfter	_	_	_
'	O	O	O	O	O	O	_	_	NoSpaceAfter	_	_	_
an	O	O	O	O	O	O	_	_	_	_	_	_
dernier	O	O	O	O	O	O	_	_	_	_	_	_
la	O	O	O	O	O	O	_	_	EndOfLine	_	_	_
# segment_iiif_link = https://iiif.eluxemburgensia.lu/iiif/2/ark:%2f70795%2fswh9h6%2fpages%2f1/948,3303,789,50/full/0/default.jpg
noblesse	O	O	O	O	O	O	_	_	_	_	_	_
de	O	O	O	O	O	O	_	_	_	_	_	_
Moscou	O	O	O	O	O	O	_	_	NoSpaceAfter	_	_	_
,	O	O	O	O	O	O	_	_	_	_	_	_
réunie	O	O	O	O	O	O	_	_	_	_	_	_
pour	O	O	O	O	O	O	_	_	_	_	_	_
ses	O	O	O	O	O	O	_	_	_	_	_	_
élections	O	O	O	O	O	O	_	_	NoSpaceAfter	_	_	_
,	O	O	O	O	O	O	_	_	EndOfLine	_	_	_
# segment_iiif_link = https://iiif.eluxemburgensia.lu/iiif/2/ark:%2f70795%2fswh9h6%2fpages%2f1/948,3363,770,41/full/0/default.jpg
a	O	O	O	O	O	O	_	_	_	_	_	_
demandé	O	O	O	O	O	O	_	_	_	_	_	_
à	O	O	O	O	O	O	_	_	_	_	_	_
l	O	O	O	O	O	O	_	_	NoSpaceAfter	_	_	_
'	O	O	O	O	O	O	_	_	NoSpaceAfter	_	_	_
empereur	O	O	O	O	O	O	_	_	_	_	_	_
de	O	O	O	O	O	O	_	_	_	_	_	_
Russie	O	O	O	O	O	O	_	_	_	_	_	_
de	O	O	O	O	O	O	_	_	EndOfLine	_	_	_
# segment_iiif_link = https://iiif.eluxemburgensia.lu/iiif/2/ark:%2f70795%2fswh9h6%2fpages%2f1/1795,1592,772,54/full/0/default.jpg
vouloir	O	O	O	O	O	O	_	_	_	_	_	_
bien	O	O	O	O	O	O	_	_	_	_	_	_
accorder	O	O	O	O	O	O	_	_	_	_	_	_
à	O	O	O	O	O	O	_	_	_	_	_	_
ses	O	O	O	O	O	O	_	_	_	_	_	_
peuples	O	O	O	O	O	O	_	_	_	_	_	_
une	O	O	O	O	O	O	_	_	EndOfLine	_	_	_
# segment_iiif_link = https://iiif.eluxemburgensia.lu/iiif/2/ark:%2f70795%2fswh9h6%2fpages%2f1/1796,1645,789,54/full/0/default.jpg
Constitution	O	O	O	O	O	O	_	_	_	_	_	_
très	O	O	O	O	O	O	_	_	_	_	_	_
large	O	O	O	O	O	O	_	_	NoSpaceAfter	_	_	_
;	O	O	O	O	O	O	_	_	_	_	_	_
la	O	O	O	O	O	O	_	_	_	_	_	_
noblesse	O	O	O	O	O	O	_	_	_	_	_	_
de	O	O	O	O	O	O	_	_	_	_	_	_
Rézan	O	O	O	O	O	O	_	_	EndOfLine	_	_	_
# segment_iiif_link = https://iiif.eluxemburgensia.lu/iiif/2/ark:%2f70795%2fswh9h6%2fpages%2f1/1796,1694,790,54/full/0/default.jpg
vient	O	O	O	O	O	O	_	_	_	_	_	_
de	O	O	O	O	O	O	_	_	_	_	_	_
récidiver	O	O	O	O	O	O	_	_	_	_	_	_
cette	O	O	O	O	O	O	_	_	_	_	_	_
demande	O	O	O	O	O	O	_	_	NoSpaceAfter	_	_	_
,	O	O	O	O	O	O	_	_	_	_	_	_
et	O	O	O	O	O	O	_	_	_	_	_	_
les	O	O	O	O	O	O	_	_	EndOfLine	_	_	_
# segment_iiif_link = https://iiif.eluxemburgensia.lu/iiif/2/ark:%2f70795%2fswh9h6%2fpages%2f1/1796,1746,790,53/full/0/default.jpg
nobles	O	O	O	O	O	O	_	_	_	_	_	_
d	O	O	O	O	O	O	_	_	NoSpaceAfter	_	_	_
'	O	O	O	O	O	O	_	_	NoSpaceAfter	_	_	_
Orel	O	O	O	O	O	O	_	_	_	_	_	_
ont	O	O	O	O	O	O	_	_	_	_	_	_
envoyé	O	O	O	O	O	O	_	_	_	_	_	_
à	O	O	O	O	O	O	_	_	_	_	_	_
leurs	O	O	O	O	O	O	_	_	_	_	_	_
confrères	O	O	O	O	O	O	_	_	EndOfLine	_	_	_
# segment_iiif_link = https://iiif.eluxemburgensia.lu/iiif/2/ark:%2f70795%2fswh9h6%2fpages%2f1/1796,1797,788,50/full/0/default.jpg
de	O	O	O	O	O	O	_	_	_	_	_	_
Moscou	O	O	O	O	O	O	_	_	_	_	_	_
une	O	O	O	O	O	O	_	_	_	_	_	_
adhésion	O	O	O	O	O	O	_	_	_	_	_	_
complète	O	O	O	O	O	O	_	_	_	_	_	_
à	O	O	O	O	O	O	_	_	_	_	_	_
leurs	O	O	O	O	O	O	_	_	EndOfLine	_	_	_
# segment_iiif_link = https://iiif.eluxemburgensia.lu/iiif/2/ark:%2f70795%2fswh9h6%2fpages%2f1/1796,1856,789,53/full/0/default.jpg
vœux	O	O	O	O	O	O	_	_	NoSpaceAfter	_	_	_
,	O	O	O	O	O	O	_	_	_	_	_	_
sur	O	O	O	O	O	O	_	_	_	_	_	_
lesquels	O	O	O	O	O	O	_	_	_	_	_	_
les	O	O	O	O	O	O	_	_	_	_	_	_
dusses	O	O	O	O	O	O	_	_	_	_	_	_
élevées	O	O	O	O	O	O	_	_	_	_	_	_
du	O	O	O	O	O	O	_	_	EndOfLine	_	_	_
# segment_iiif_link = https://iiif.eluxemburgensia.lu/iiif/2/ark:%2f70795%2fswh9h6%2fpages%2f1/1798,1908,444,50/full/0/default.jpg
pays	O	O	O	O	O	O	_	_	_	_	_	_
semblent	O	O	O	O	O	O	_	_	_	_	_	_
unanimes	O	O	O	O	O	O	_	_	NoSpaceAfter	_	_	_
.	O	O	O	O	O	O	_	_	EndOfLine	_	_	_
# segment_iiif_link = https://iiif.eluxemburgensia.lu/iiif/2/ark:%2f70795%2fswh9h6%2fpages%2f1/1842,1951,739,50/full/0/default.jpg
Les	O	O	O	O	O	O	_	_	_	_	_	_
derniers	O	O	O	O	O	O	_	_	_	_	_	_
rapports	O	O	O	O	O	O	_	_	_	_	_	_
de	O	O	O	O	O	O	_	_	_	_	_	_
Syrie	O	O	O	O	O	O	_	_	_	_	_	_
mandent	O	O	O	O	O	O	_	_	EndOfLine	_	_	_
# segment_iiif_link = https://iiif.eluxemburgensia.lu/iiif/2/ark:%2f70795%2fswh9h6%2fpages%2f1/1798,2010,784,51/full/0/default.jpg
que	O	O	O	O	O	O	_	_	_	_	_	_
Joseph	O	O	O	O	O	O	_	_	_	_	_	_
Karam	O	O	O	O	O	O	_	_	_	_	_	_
a	O	O	O	O	O	O	_	_	_	_	_	_
entrepris	O	O	O	O	O	O	_	_	_	_	_	_
une	O	O	O	O	O	O	_	_	_	_	_	_
nouvelle	O	O	O	O	O	O	_	_	EndOfLine	_	_	_
# segment_iiif_link = https://iiif.eluxemburgensia.lu/iiif/2/ark:%2f70795%2fswh9h6%2fpages%2f1/1797,2051,785,60/full/0/default.jpg
aggresaion	O	O	O	O	O	O	_	_	_	_	_	_
contre	O	O	O	O	O	O	_	_	_	_	_	_
l	O	O	O	O	O	O	_	_	NoSpaceAfter	_	_	_
'	O	O	O	O	O	O	_	_	NoSpaceAfter	_	_	_
autorité	O	O	O	O	O	O	_	_	_	_	_	_
de	O	O	O	O	O	O	_	_	_	_	_	_
Douad	O	O	O	O	O	O	_	_	_	_	_	_
Pacha	O	O	O	O	O	O	_	_	EndOfLine	_	_	_
# segment_iiif_link = https://iiif.eluxemburgensia.lu/iiif/2/ark:%2f70795%2fswh9h6%2fpages%2f1/1798,2105,784,47/full/0/default.jpg
et	O	O	O	O	O	O	_	_	_	_	_	_
de	O	O	O	O	O	O	_	_	_	_	_	_
la	O	O	O	O	O	O	_	_	_	_	_	_
Porte	O	O	O	O	O	O	_	_	_	_	_	_
Ottomane	O	O	O	O	O	O	_	_	NoSpaceAfter	_	_	_
,	O	O	O	O	O	O	_	_	_	_	_	_
et	O	O	O	O	O	O	_	_	_	_	_	_
qu	O	O	O	O	O	O	_	_	NoSpaceAfter	_	_	_
'	O	O	O	O	O	O	_	_	NoSpaceAfter	_	_	_
il	O	O	O	O	O	O	_	_	_	_	_	_
a	O	O	O	O	O	O	_	_	_	_	_	_
livré	O	O	O	O	O	O	_	_	EndOfLine	_	_	_
# segment_iiif_link = https://iiif.eluxemburgensia.lu/iiif/2/ark:%2f70795%2fswh9h6%2fpages%2f1/1799,2162,783,41/full/0/default.jpg
uu	O	O	O	O	O	O	_	_	_	_	_	_
combat	O	O	O	O	O	O	_	_	_	_	_	_
aux	O	O	O	O	O	O	_	_	_	_	_	_
troupes	O	O	O	O	O	O	_	_	_	_	_	_
ottomanes	O	O	O	O	O	O	_	_	NoSpaceAfter	_	_	_
.	O	O	O	O	O	O	_	_	_	_	_	_
La	O	O	O	O	O	O	_	_	_	_	_	_
Porte	O	O	O	O	O	O	_	_	NoSpaceAfter	_	_	_
,	O	O	O	O	O	O	_	_	EndOfLine	_	_	_
# segment_iiif_link = https://iiif.eluxemburgensia.lu/iiif/2/ark:%2f70795%2fswh9h6%2fpages%2f1/1798,2204,785,51/full/0/default.jpg
afin	O	O	O	O	O	O	_	_	_	_	_	_
de	O	O	O	O	O	O	_	_	_	_	_	_
faire	O	O	O	O	O	O	_	_	_	_	_	_
face	O	O	O	O	O	O	_	_	_	_	_	_
à	O	O	O	O	O	O	_	_	_	_	_	_
toutes	O	O	O	O	O	O	_	_	_	_	_	_
les	O	O	O	O	O	O	_	_	_	_	_	_
éventualités	O	O	O	O	O	O	_	_	NoSpaceAfter	_	_	_
,	O	O	O	O	O	O	_	_	EndOfLine	_	_	_
# segment_iiif_link = https://iiif.eluxemburgensia.lu/iiif/2/ark:%2f70795%2fswh9h6%2fpages%2f1/1798,2264,786,43/full/0/default.jpg
a	O	O	O	O	O	O	_	_	_	_	_	_
expédié	O	O	O	O	O	O	_	_	_	_	_	_
de	O	O	O	O	O	O	_	_	_	_	_	_
nouveaux	O	O	O	O	O	O	_	_	_	_	_	_
envois	O	O	O	O	O	O	_	_	_	_	_	_
do	O	O	O	O	O	O	_	_	_	_	_	_
troupes	O	O	O	O	O	O	_	_	EndOfLine	_	_	_
# segment_iiif_link = https://iiif.eluxemburgensia.lu/iiif/2/ark:%2f70795%2fswh9h6%2fpages%2f1/1799,2317,249,50/full/0/default.jpg
pour	O	O	O	O	O	O	_	_	_	_	_	_
la	O	O	O	O	O	O	_	_	_	_	_	_
Syrie	O	O	O	O	O	O	_	_	NoSpaceAfter	_	_	_
.	O	O	O	O	O	O	_	_	EndOfLine	_	_	_
# segment_iiif_link = https://iiif.eluxemburgensia.lu/iiif/2/ark:%2f70795%2fswh9h6%2fpages%2f1/1842,2363,743,56/full/0/default.jpg
Bruxelles	O	O	O	O	O	O	_	_	NoSpaceAfter	_	_	_
,	O	O	O	O	O	O	_	_	_	_	_	_
12	O	O	O	O	O	O	_	_	_	_	_	_
février	O	O	O	O	O	O	_	_	NoSpaceAfter	_	_	_
.	O	O	O	O	O	O	_	_	_	_	_	_
—	O	O	O	O	O	O	_	_	_	_	_	_
Le	O	O	O	O	O	O	_	_	_	_	_	_
roi	O	O	O	O	O	O	_	_	_	_	_	_
a	O	O	O	O	O	O	_	_	_	_	_	_
reçu	O	O	O	O	O	O	_	_	EndOfLine	_	_	_
# segment_iiif_link = https://iiif.eluxemburgensia.lu/iiif/2/ark:%2f70795%2fswh9h6%2fpages%2f1/1798,2415,786,60/full/0/default.jpg
aujourd	O	O	O	O	O	O	_	_	NoSpaceAfter	_	_	_
'	O	O	O	O	O	O	_	_	NoSpaceAfter	_	_	_
hui	O	O	O	O	O	O	_	_	_	_	_	_
à	O	O	O	O	O	O	_	_	_	_	_	_
deux	O	O	O	O	O	O	_	_	_	_	_	_
heures	O	O	O	O	O	O	_	_	_	_	_	_
et	O	O	O	O	O	O	_	_	_	_	_	_
demie	O	O	O	O	O	O	_	_	NoSpaceAfter	_	_	_
,	O	O	O	O	O	O	_	_	_	_	_	_
les	O	O	O	O	O	O	_	_	EndOfLine	_	_	_
# segment_iiif_link = https://iiif.eluxemburgensia.lu/iiif/2/ark:%2f70795%2fswh9h6%2fpages%2f1/1797,2463,787,62/full/0/default.jpg
insignes	O	O	O	O	O	O	_	_	_	_	_	_
de	O	O	O	O	O	O	_	_	_	_	_	_
l	O	O	O	O	O	O	_	_	NoSpaceAfter	_	_	_
'	O	O	O	O	O	O	_	_	NoSpaceAfter	_	_	_
ordre	O	O	O	O	O	O	_	_	_	_	_	_
de	O	O	O	O	O	O	_	_	_	_	_	_
la	O	O	O	O	O	O	_	_	_	_	_	_
Jarretière	O	O	O	O	O	O	_	_	NoSpaceAfter	_	_	_
.	O	O	O	O	O	O	_	_	_	_	_	_
Sa	O	O	O	O	O	O	_	_	EndOfLine	_	_	_
# segment_iiif_link = https://iiif.eluxemburgensia.lu/iiif/2/ark:%2f70795%2fswh9h6%2fpages%2f1/1799,2514,770,61/full/0/default.jpg
Majesté	O	O	O	O	O	O	_	_	_	_	_	_
ne	O	O	O	O	O	O	_	_	_	_	_	_
portant	O	O	O	O	O	O	_	_	_	_	_	_
aucune	O	O	O	O	O	O	_	_	_	_	_	_
décoration	O	O	O	O	O	O	_	_	NoSpaceAfter	_	_	_
,	O	O	O	O	O	O	_	_	EndOfLine	_	_	_
# segment_iiif_link = https://iiif.eluxemburgensia.lu/iiif/2/ark:%2f70795%2fswh9h6%2fpages%2f1/1798,2567,787,48/full/0/default.jpg
atten	O	O	O	O	O	O	_	_	_	_	_	_
'	O	O	O	O	O	O	_	_	NoSpaceAfter	_	_	_
ait	O	O	O	O	O	O	_	_	_	_	_	_
la	O	O	O	O	O	O	_	_	_	_	_	_
députation	O	O	O	O	O	O	_	_	_	_	_	_
anglaise	O	O	O	O	O	O	_	_	_	_	_	_
dans	O	O	O	O	O	O	_	_	_	_	_	_
le	O	O	O	O	O	O	_	_	_	_	_	_
salon	O	O	O	O	O	O	_	_	EndOfLine	_	_	_
# segment_iiif_link = https://iiif.eluxemburgensia.lu/iiif/2/ark:%2f70795%2fswh9h6%2fpages%2f1/1797,2613,788,53/full/0/default.jpg
bleu	O	O	O	O	O	O	_	_	NoSpaceAfter	_	_	_
.	O	O	O	O	O	O	_	_	_	_	_	_
La	O	O	O	O	O	O	_	_	_	_	_	_
reine	O	O	O	O	O	O	_	_	_	_	_	_
était	O	O	O	O	O	O	_	_	_	_	_	_
à	O	O	O	O	O	O	_	_	_	_	_	_
sa	O	O	O	O	O	O	_	_	_	_	_	_
droite	O	O	O	O	O	O	_	_	_	_	_	_
et	O	O	O	O	O	O	_	_	_	_	_	_
le	O	O	O	O	O	O	_	_	_	_	_	_
comte	O	O	O	O	O	O	_	_	EndOfLine	_	_	_
# segment_iiif_link = https://iiif.eluxemburgensia.lu/iiif/2/ark:%2f70795%2fswh9h6%2fpages%2f1/1797,2664,434,51/full/0/default.jpg
de	O	O	O	O	O	O	_	_	_	_	_	_
Flandre	O	O	O	O	O	O	_	_	_	_	_	_
à	O	O	O	O	O	O	_	_	_	_	_	_
sa	O	O	O	O	O	O	_	_	_	_	_	_
gauche	O	O	O	O	O	O	_	_	NoSpaceAfter	_	_	_
.	O	O	O	O	O	O	_	_	EndOfLine	_	_	_
# segment_iiif_link = https://iiif.eluxemburgensia.lu/iiif/2/ark:%2f70795%2fswh9h6%2fpages%2f1/1840,2804,748,50/full/0/default.jpg
On	O	O	O	O	O	O	_	_	_	_	_	_
écrit	O	O	O	O	O	O	_	_	_	_	_	_
de	O	O	O	O	O	O	_	_	_	_	_	_
Berlin	O	O	O	O	O	O	_	_	_	_	_	_
à	O	O	O	O	O	O	_	_	_	_	_	_
la	O	O	O	O	O	O	_	_	_	_	_	_
Bœrsenhalle	O	O	O	O	O	O	_	_	_	_	_	_
:	O	O	O	O	O	O	_	_	EndOfLine	_	_	_
# segment_iiif_link = https://iiif.eluxemburgensia.lu/iiif/2/ark:%2f70795%2fswh9h6%2fpages%2f1/1804,2852,784,61/full/0/default.jpg
«	O	O	O	O	O	O	_	_	NoSpaceAfter	_	_	_
On	O	O	O	O	O	O	_	_	_	_	_	_
ne	O	O	O	O	O	O	_	_	_	_	_	_
croit	O	O	O	O	O	O	_	_	_	_	_	_
pas	O	O	O	O	O	O	_	_	_	_	_	_
ici	O	O	O	O	O	O	_	_	NoSpaceAfter	_	_	_
,	O	O	O	O	O	O	_	_	_	_	_	_
dans	O	O	O	O	O	O	_	_	_	_	_	_
les	O	O	O	O	O	O	_	_	_	_	_	_
cercles	O	O	O	O	O	O	_	_	_	_	_	_
bien	O	O	O	O	O	O	_	_	EndOfLine	_	_	_
# segment_iiif_link = https://iiif.eluxemburgensia.lu/iiif/2/ark:%2f70795%2fswh9h6%2fpages%2f1/1799,2905,773,56/full/0/default.jpg
renseignés	O	O	O	O	O	O	_	_	NoSpaceAfter	_	_	_
,	O	O	O	O	O	O	_	_	_	_	_	_
que	O	O	O	O	O	O	_	_	_	_	_	_
les	O	O	O	O	O	O	_	_	_	_	_	_
négociations	O	O	O	O	O	O	_	_	_	_	_	_
avec	O	O	O	O	O	O	_	_	_	_	_	_
l	O	O	O	O	O	O	_	_	NoSpaceAfter	_	_	_
'	O	O	O	O	O	O	_	_	NoSpaceAfter	_	_	_
An	O	O	O	O	O	O	_	_	EndOfLine	_	_	_
# segment_iiif_link = https://iiif.eluxemburgensia.lu/iiif/2/ark:%2f70795%2fswh9h6%2fpages%2f1/1798,2945,788,47/full/0/default.jpg
tncho	O	O	O	O	O	O	_	_	_	_	_	_
aient	O	O	O	O	O	O	_	_	_	_	_	_
pris	O	O	O	O	O	O	_	_	_	_	_	_
un	O	O	O	O	O	O	_	_	_	_	_	_
caractère	O	O	O	O	O	O	_	_	_	_	_	_
si	O	O	O	O	O	O	_	_	_	_	_	_
roido	O	O	O	O	O	O	_	_	_	_	_	_
qu	O	O	O	O	O	O	_	_	NoSpaceAfter	_	_	_
'	O	O	O	O	O	O	_	_	NoSpaceAfter	_	_	_
on	O	O	O	O	O	O	_	_	EndOfLine	_	_	_
# segment_iiif_link = https://iiif.eluxemburgensia.lu/iiif/2/ark:%2f70795%2fswh9h6%2fpages%2f1/1796,2991,791,60/full/0/default.jpg
■	O	O	O	O	O	O	_	_	_	_	_	_
c	O	O	O	O	O	O	_	_	_	_	_	_
dit	O	O	O	O	O	O	_	_	_	_	_	_
et	O	O	O	O	O	O	_	_	_	_	_	_
que	O	O	O	O	O	O	_	_	_	_	_	_
la	O	O	O	O	O	O	_	_	_	_	_	_
situation	O	O	O	O	O	O	_	_	_	_	_	_
soit	O	O	O	O	O	O	_	_	_	_	_	_
si	O	O	O	O	O	O	_	_	_	_	_	_
sombre	O	O	O	O	O	O	_	_	EndOfLine	_	_	_
# segment_iiif_link = https://iiif.eluxemburgensia.lu/iiif/2/ark:%2f70795%2fswh9h6%2fpages%2f1/1798,3039,786,60/full/0/default.jpg
qu	O	O	O	O	O	O	_	_	NoSpaceAfter	_	_	_
'	O	O	O	O	O	O	_	_	NoSpaceAfter	_	_	_
on	O	O	O	O	O	O	_	_	_	_	_	_
le	O	O	O	O	O	O	_	_	_	_	_	_
suppose	O	O	O	O	O	O	_	_	NoSpaceAfter	_	_	_
.	O	O	O	O	O	O	_	_	_	_	_	_
D	O	O	O	O	O	O	_	_	NoSpaceAfter	_	_	_
'	O	O	O	O	O	O	_	_	NoSpaceAfter	_	_	_
autre	O	O	O	O	O	O	_	_	_	_	_	_
part	O	O	O	O	O	O	_	_	_	_	_	_
cependant	O	O	O	O	O	O	_	_	NoSpaceAfter	_	_	_
,	O	O	O	O	O	O	_	_	EndOfLine	_	_	_
# segment_iiif_link = https://iiif.eluxemburgensia.lu/iiif/2/ark:%2f70795%2fswh9h6%2fpages%2f1/1798,3091,784,51/full/0/default.jpg
il	O	O	O	O	O	O	_	_	_	_	_	_
est	O	O	O	O	O	O	_	_	_	_	_	_
vrai	O	O	O	O	O	O	_	_	_	_	_	_
que	O	O	O	O	O	O	_	_	_	_	_	_
si	O	O	O	O	O	O	_	_	_	_	_	_
l	O	O	O	O	O	O	_	_	NoSpaceAfter	_	_	_
'	O	O	O	O	O	O	_	_	NoSpaceAfter	_	_	_
Autriche	O	O	O	O	O	O	_	_	_	_	_	_
prenait	O	O	O	O	O	O	_	_	_	_	_	_
parti	O	O	O	O	O	O	_	_	EndOfLine	_	_	_
# segment_iiif_link = https://iiif.eluxemburgensia.lu/iiif/2/ark:%2f70795%2fswh9h6%2fpages%2f1/1797,3140,788,51/full/0/default.jpg
d	O	O	O	O	O	O	_	_	NoSpaceAfter	_	_	_
'	O	O	O	O	O	O	_	_	NoSpaceAfter	_	_	_
une	O	O	O	O	O	O	_	_	_	_	_	_
façon	O	O	O	O	O	O	_	_	_	_	_	_
ostensible	O	O	O	O	O	O	_	_	_	_	_	_
et	O	O	O	O	O	O	_	_	_	_	_	_
positive	O	O	O	O	O	O	_	_	_	_	_	_
pour	O	O	O	O	O	O	_	_	_	_	_	_
les	O	O	O	O	O	O	_	_	EndOfLine	_	_	_
# segment_iiif_link = https://iiif.eluxemburgensia.lu/iiif/2/ark:%2f70795%2fswh9h6%2fpages%2f1/1798,3187,785,63/full/0/default.jpg
prétentions	O	O	O	O	O	O	_	_	_	_	_	_
du	O	O	O	O	O	O	_	_	_	_	_	_
prince	O	O	O	O	O	O	_	_	_	_	_	_
d	O	O	O	O	O	O	_	_	NoSpaceAfter	_	_	_
'	O	O	O	O	O	O	_	_	NoSpaceAfter	_	_	_
Augustcnbourg	O	O	O	O	O	O	_	_	NoSpaceAfter	_	_	_
,	O	O	O	O	O	O	_	_	_	_	_	_
—	O	O	O	O	O	O	_	_	EndOfLine	_	_	_
# segment_iiif_link = https://iiif.eluxemburgensia.lu/iiif/2/ark:%2f70795%2fswh9h6%2fpages%2f1/1798,3244,784,48/full/0/default.jpg
et	O	O	O	O	O	O	_	_	_	_	_	_
suivant	O	O	O	O	O	O	_	_	_	_	_	_
les	O	O	O	O	O	O	_	_	_	_	_	_
circonstances	O	O	O	O	O	O	_	_	_	_	_	_
on	O	O	O	O	O	O	_	_	_	_	_	_
verrait	O	O	O	O	O	O	_	_	_	_	_	_
un	O	O	O	O	O	O	_	_	EndOfLine	_	_	_
# segment_iiif_link = https://iiif.eluxemburgensia.lu/iiif/2/ark:%2f70795%2fswh9h6%2fpages%2f1/1798,3291,786,54/full/0/default.jpg
fait	O	O	O	O	O	O	_	_	_	_	_	_
de	O	O	O	O	O	O	_	_	_	_	_	_
ce	O	O	O	O	O	O	_	_	_	_	_	_
genre	O	O	O	O	O	O	_	_	_	_	_	_
dans	O	O	O	O	O	O	_	_	_	_	_	_
la	O	O	O	O	O	O	_	_	_	_	_	_
convocation	O	O	O	O	O	O	_	_	_	_	_	_
des	O	O	O	O	O	O	_	_	EndOfLine	_	_	_
# segment_iiif_link = https://iiif.eluxemburgensia.lu/iiif/2/ark:%2f70795%2fswh9h6%2fpages%2f1/1798,3343,787,54/full/0/default.jpg
Etats	O	O	O	O	O	O	_	_	_	_	_	_
du	O	O	O	O	O	O	_	_	_	_	_	_
Holstein	O	O	O	O	O	O	_	_	_	_	_	_
par	O	O	O	O	O	O	_	_	_	_	_	_
l	O	O	O	O	O	O	_	_	NoSpaceAfter	_	_	_
'	O	O	O	O	O	O	_	_	NoSpaceAfter	_	_	_
Autriche	O	O	O	O	O	O	_	_	_	_	_	_
seule	O	O	O	O	O	O	_	_	NoSpaceAfter	_	_	_
,	O	O	O	O	O	O	_	_	_	_	_	_
—	O	O	O	O	O	O	_	_	EndOfLine	_	_	_
# segment_iiif_link = https://iiif.eluxemburgensia.lu/iiif/2/ark:%2f70795%2fswh9h6%2fpages%2f1/2649,1601,793,50/full/0/default.jpg
la	O	O	O	O	O	O	_	_	_	_	_	_
Prusse	O	O	O	O	O	O	_	_	_	_	_	_
procéderait	O	O	O	O	O	O	_	_	_	_	_	_
immédiatement	O	O	O	O	O	O	_	_	_	_	_	_
à	O	O	O	O	O	O	_	_	EndOfLine	_	_	_
# segment_iiif_link = https://iiif.eluxemburgensia.lu/iiif/2/ark:%2f70795%2fswh9h6%2fpages%2f1/2650,1652,153,51/full/0/default.jpg
l	O	O	O	O	O	O	_	_	NoSpaceAfter	_	_	_
'	O	O	O	O	O	O	_	_	NoSpaceAfter	_	_	_
action	O	O	O	O	O	O	_	_	NoSpaceAfter	_	_	_
.	O	O	O	O	O	O	_	_	NoSpaceAfter	_	_	_
"	O	O	O	O	O	O	_	_	EndOfLine	EndOfSentence	_	_
# segment_iiif_link = https://iiif.eluxemburgensia.lu/iiif/2/ark:%2f70795%2fswh9h6%2fpages%2f1/2691,1703,742,50/full/0/default.jpg
On	O	O	O	O	O	O	_	_	_	_	_	_
écrit	O	O	O	O	O	O	_	_	_	_	_	_
de	O	O	O	O	O	O	_	_	_	_	_	_
Berlin	O	O	O	O	O	O	_	_	NoSpaceAfter	_	_	_
,	O	O	O	O	O	O	_	_	_	_	_	_
à	O	O	O	O	O	O	_	_	_	_	_	_
l	O	O	O	O	O	O	_	_	NoSpaceAfter	_	_	_
'	O	O	O	O	O	O	_	_	NoSpaceAfter	_	_	_
Agence	O	O	O	O	O	O	Q2826560	_	_	_	LED0.00	_
Havas	B-org	O	B-org.ent.pressagency.Havas	O	O	O	Q2826560	_	EndOfLine	_	LED0.00	_
# segment_iiif_link = https://iiif.eluxemburgensia.lu/iiif/2/ark:%2f70795%2fswh9h6%2fpages%2f1/2649,1759,792,51/full/0/default.jpg
que	O	O	O	O	O	O	_	_	_	_	_	_
le	O	O	O	O	O	O	_	_	_	_	_	_
conseil	O	O	O	O	O	O	_	_	_	_	_	_
des	O	O	O	O	O	O	_	_	_	_	_	_
ministres	O	O	O	O	O	O	_	_	_	_	_	_
s	O	O	O	O	O	O	_	_	NoSpaceAfter	_	_	_
'	O	O	O	O	O	O	_	_	NoSpaceAfter	_	_	_
est	O	O	O	O	O	O	_	_	_	_	_	_
réuni	O	O	O	O	O	O	_	_	_	_	_	_
le	O	O	O	O	O	O	_	_	_	_	_	_
12	O	O	O	O	O	O	_	_	EndOfLine	_	_	_
# segment_iiif_link = https://iiif.eluxemburgensia.lu/iiif/2/ark:%2f70795%2fswh9h6%2fpages%2f1/2648,1808,779,49/full/0/default.jpg
pour	O	O	O	O	O	O	_	_	_	_	_	_
examiner	O	O	O	O	O	O	_	_	_	_	_	_
si	O	O	O	O	O	O	_	_	NoSpaceAfter	_	_	_
,	O	O	O	O	O	O	_	_	_	_	_	_
après	O	O	O	O	O	O	_	_	_	_	_	_
les	O	O	O	O	O	O	_	_	_	_	_	_
discussions	O	O	O	O	O	O	_	_	EndOfLine	_	_	_
# segment_iiif_link = https://iiif.eluxemburgensia.lu/iiif/2/ark:%2f70795%2fswh9h6%2fpages%2f1/2645,1857,793,51/full/0/default.jpg
orageuses	O	O	O	O	O	O	_	_	_	_	_	_
de	O	O	O	O	O	O	_	_	_	_	_	_
la	O	O	O	O	O	O	_	_	_	_	_	_
semaine	O	O	O	O	O	O	_	_	_	_	_	_
passée	O	O	O	O	O	O	_	_	NoSpaceAfter	_	_	_
,	O	O	O	O	O	O	_	_	_	_	_	_
il	O	O	O	O	O	O	_	_	_	_	_	_
y	O	O	O	O	O	O	_	_	_	_	_	_
avait	O	O	O	O	O	O	_	_	_	_	_	_
lieu	O	O	O	O	O	O	_	_	EndOfLine	_	_	_
# segment_iiif_link = https://iiif.eluxemburgensia.lu/iiif/2/ark:%2f70795%2fswh9h6%2fpages%2f1/2644,1896,797,49/full/0/default.jpg
de	O	O	O	O	O	O	_	_	_	_	_	_
procéder	O	O	O	O	O	O	_	_	_	_	_	_
à	O	O	O	O	O	O	_	_	_	_	_	_
la	O	O	O	O	O	O	_	_	_	_	_	_
clôture	O	O	O	O	O	O	_	_	_	_	_	_
immédiate	O	O	O	O	O	O	_	_	_	_	_	_
de	O	O	O	O	O	O	_	_	_	_	_	_
la	O	O	O	O	O	O	_	_	EndOfLine	_	_	_
# segment_iiif_link = https://iiif.eluxemburgensia.lu/iiif/2/ark:%2f70795%2fswh9h6%2fpages%2f1/2644,1946,794,55/full/0/default.jpg
Session	O	O	O	O	O	O	_	_	NoSpaceAfter	_	_	_
,	O	O	O	O	O	O	_	_	_	_	_	_
et	O	O	O	O	O	O	_	_	_	_	_	_
qu	O	O	O	O	O	O	_	_	NoSpaceAfter	_	_	_
'	O	O	O	O	O	O	_	_	NoSpaceAfter	_	_	_
on	O	O	O	O	O	O	_	_	_	_	_	_
se	O	O	O	O	O	O	_	_	_	_	_	_
serait	O	O	O	O	O	O	_	_	_	_	_	_
décidé	O	O	O	O	O	O	_	_	_	_	_	_
pour	O	O	O	O	O	O	_	_	_	_	_	_
la	O	O	O	O	O	O	_	_	EndOfLine	_	_	_
# segment_iiif_link = https://iiif.eluxemburgensia.lu/iiif/2/ark:%2f70795%2fswh9h6%2fpages%2f1/2643,1993,795,54/full/0/default.jpg
Continuation	O	O	O	O	O	O	_	_	_	_	_	_
des	O	O	O	O	O	O	_	_	_	_	_	_
travaux	O	O	O	O	O	O	_	_	_	_	_	_
des	O	O	O	O	O	O	_	_	_	_	_	_
Chambres	O	O	O	O	O	O	_	_	NoSpaceAfter	_	_	_
.	O	O	O	O	O	O	_	_	_	EndOfSentence	_	_
La	O	O	O	O	O	O	_	_	EndOfLine	_	_	_
# segment_iiif_link = https://iiif.eluxemburgensia.lu/iiif/2/ark:%2f70795%2fswh9h6%2fpages%2f1/2644,2032,776,73/full/0/default.jpg
Clôture	O	O	O	O	O	O	_	_	_	_	_	_
immédiate	O	O	O	O	O	O	_	_	_	_	_	_
de	O	O	O	O	O	O	_	_	_	_	_	_
la	O	O	O	O	O	O	_	_	_	_	_	_
session	O	O	O	O	O	O	_	_	EndOfLine	_	_	_
# segment_iiif_link = https://iiif.eluxemburgensia.lu/iiif/2/ark:%2f70795%2fswh9h6%2fpages%2f1/2644,2088,793,83/full/0/default.jpg
empêcherait	O	O	O	O	O	O	_	_	_	_	_	_
les	O	O	O	O	O	O	_	_	_	_	_	_
Chambres	O	O	O	O	O	O	_	_	_	_	_	_
de	O	O	O	O	O	O	_	_	_	_	_	_
donner	O	O	O	O	O	O	_	_	_	_	_	_
leur	O	O	O	O	O	O	_	_	_	_	_	_
adhésion	O	O	O	O	O	O	_	_	EndOfLine	_	_	_
# segment_iiif_link = https://iiif.eluxemburgensia.lu/iiif/2/ark:%2f70795%2fswh9h6%2fpages%2f1/2644,2137,798,61/full/0/default.jpg
lu	O	O	O	O	O	O	_	_	_	_	_	_
traité	O	O	O	O	O	O	_	_	_	_	_	_
de	O	O	O	O	O	O	_	_	_	_	_	_
commerce	O	O	O	O	O	O	_	_	_	_	_	_
avec	O	O	O	O	O	O	_	_	_	_	_	_
l	O	O	O	O	O	O	_	_	NoSpaceAfter	_	_	_
'	O	O	O	O	O	O	_	_	NoSpaceAfter	_	_	_
Italie	O	O	O	O	O	O	_	_	_	_	_	_
et	O	O	O	O	O	O	_	_	_	_	_	_
au	O	O	O	O	O	O	_	_	EndOfLine	_	_	_
# segment_iiif_link = https://iiif.eluxemburgensia.lu/iiif/2/ark:%2f70795%2fswh9h6%2fpages%2f1/2645,2199,784,53/full/0/default.jpg
traité	O	O	O	O	O	O	_	_	_	_	_	_
de	O	O	O	O	O	O	_	_	_	_	_	_
navigation	O	O	O	O	O	O	_	_	_	_	_	_
avec	O	O	O	O	O	O	_	_	_	_	_	_
la	O	O	O	O	O	O	_	_	_	_	_	_
Grande	O	O	O	O	O	O	_	_	NoSpaceAfter	_	_	_
-	O	O	O	O	O	O	_	_	NoSpaceAfter	_	_	_
Bretagne	O	O	O	O	O	O	_	_	EndOfLine	_	_	_
# segment_iiif_link = https://iiif.eluxemburgensia.lu/iiif/2/ark:%2f70795%2fswh9h6%2fpages%2f1/2646,2251,786,51/full/0/default.jpg
de	O	O	O	O	O	O	_	_	_	_	_	_
sorte	O	O	O	O	O	O	_	_	_	_	_	_
que	O	O	O	O	O	O	_	_	_	_	_	_
la	O	O	O	O	O	O	_	_	_	_	_	_
ratification	O	O	O	O	O	O	_	_	_	_	_	_
des	O	O	O	O	O	O	_	_	_	_	_	_
traités	O	O	O	O	O	O	_	_	_	_	_	_
serait	O	O	O	O	O	O	_	_	EndOfLine	_	_	_
# segment_iiif_link = https://iiif.eluxemburgensia.lu/iiif/2/ark:%2f70795%2fswh9h6%2fpages%2f1/2646,2305,394,51/full/0/default.jpg
tetardée	O	O	O	O	O	O	_	_	_	_	_	_
d	O	O	O	O	O	O	_	_	NoSpaceAfter	_	_	_
'	O	O	O	O	O	O	_	_	NoSpaceAfter	_	_	_
une	O	O	O	O	O	O	_	_	_	_	_	_
année	O	O	O	O	O	O	_	_	NoSpaceAfter	_	_	_
.	O	O	O	O	O	O	_	_	EndOfLine	EndOfSentence	_	_
# segment_iiif_link = https://iiif.eluxemburgensia.lu/iiif/2/ark:%2f70795%2fswh9h6%2fpages%2f1/2691,2356,749,50/full/0/default.jpg
Les	O	O	O	O	O	O	_	_	_	_	_	_
membres	O	O	O	O	O	O	_	_	_	_	_	_
des	O	O	O	O	O	O	_	_	_	_	_	_
deux	O	O	O	O	O	O	_	_	_	_	_	_
grandes	O	O	O	O	O	O	_	_	_	_	_	_
fractions	O	O	O	O	O	O	_	_	EndOfLine	_	_	_
# segment_iiif_link = https://iiif.eluxemburgensia.lu/iiif/2/ark:%2f70795%2fswh9h6%2fpages%2f1/2648,2404,794,53/full/0/default.jpg
libérales	O	O	O	O	O	O	_	_	_	_	_	_
qui	O	O	O	O	O	O	_	_	_	_	_	_
disposent	O	O	O	O	O	O	_	_	_	_	_	_
à	O	O	O	O	O	O	_	_	_	_	_	_
elles	O	O	O	O	O	O	_	_	_	_	_	_
seules	O	O	O	O	O	O	_	_	NoSpaceAfter	_	_	_
,	O	O	O	O	O	O	_	_	_	_	_	_
dans	O	O	O	O	O	O	_	_	EndOfLine	_	_	_
# segment_iiif_link = https://iiif.eluxemburgensia.lu/iiif/2/ark:%2f70795%2fswh9h6%2fpages%2f1/2646,2455,797,50/full/0/default.jpg
la	O	O	O	O	O	O	_	_	_	_	_	_
Chambre	O	O	O	O	O	O	_	_	_	_	_	_
des	O	O	O	O	O	O	_	_	_	_	_	_
députés	O	O	O	O	O	O	_	_	_	_	_	_
prussiens	O	O	O	O	O	O	_	_	NoSpaceAfter	_	_	_
,	O	O	O	O	O	O	_	_	_	_	_	_
de	O	O	O	O	O	O	_	_	EndOfLine	_	_	_
# segment_iiif_link = https://iiif.eluxemburgensia.lu/iiif/2/ark:%2f70795%2fswh9h6%2fpages%2f1/2646,2505,797,49/full/0/default.jpg
245	O	O	O	O	O	O	_	_	_	_	_	_
voix	O	O	O	O	O	O	_	_	_	_	_	_
(	O	O	O	O	O	O	_	_	NoSpaceAfter	_	_	_
sur	O	O	O	O	O	O	_	_	_	_	_	_
350	O	O	O	O	O	O	_	_	NoSpaceAfter	_	_	_
)	O	O	O	O	O	O	_	_	NoSpaceAfter	_	_	_
,	O	O	O	O	O	O	_	_	_	_	_	_
viennent	O	O	O	O	O	O	_	_	_	_	_	_
d	O	O	O	O	O	O	_	_	NoSpaceAfter	_	_	_
'	O	O	O	O	O	O	_	_	NoSpaceAfter	_	_	_
envoyer	O	O	O	O	O	O	_	_	_	_	_	_
au	O	O	O	O	O	O	_	_	EndOfLine	_	_	_
# segment_iiif_link = https://iiif.eluxemburgensia.lu/iiif/2/ark:%2f70795%2fswh9h6%2fpages%2f1/2646,2555,799,51/full/0/default.jpg
conseiller	O	O	O	O	O	O	_	_	_	_	_	_
de	O	O	O	O	O	O	_	_	_	_	_	_
justice	O	O	O	O	O	O	_	_	NoSpaceAfter	_	_	_
,	O	O	O	O	O	O	_	_	_	_	_	_
M	O	O	O	O	O	O	_	_	NoSpaceAfter	_	_	_
.	O	O	O	O	O	O	_	_	_	_	_	_
de	O	O	O	O	O	O	_	_	_	_	_	_
Ammon	O	O	O	O	O	O	_	_	NoSpaceAfter	_	_	_
,	O	O	O	O	O	O	_	_	_	_	_	_
a	O	O	O	O	O	O	_	_	EndOfLine	_	_	_
# segment_iiif_link = https://iiif.eluxemburgensia.lu/iiif/2/ark:%2f70795%2fswh9h6%2fpages%2f1/2646,2604,795,62/full/0/default.jpg
Cologne	O	O	O	O	O	O	_	_	NoSpaceAfter	_	_	_
,	O	O	O	O	O	O	_	_	_	_	_	_
une	O	O	O	O	O	O	_	_	_	_	_	_
adresse	O	O	O	O	O	O	_	_	_	_	_	_
de	O	O	O	O	O	O	_	_	_	_	_	_
reconnaissante	O	O	O	O	O	O	_	_	_	_	_	_
pour	O	O	O	O	O	O	_	_	EndOfLine	_	_	_
# segment_iiif_link = https://iiif.eluxemburgensia.lu/iiif/2/ark:%2f70795%2fswh9h6%2fpages%2f1/2646,2656,795,53/full/0/default.jpg
la	O	O	O	O	O	O	_	_	_	_	_	_
déclaration	O	O	O	O	O	O	_	_	_	_	_	_
qu	O	O	O	O	O	O	_	_	NoSpaceAfter	_	_	_
'	O	O	O	O	O	O	_	_	NoSpaceAfter	_	_	_
il	O	O	O	O	O	O	_	_	_	_	_	_
a	O	O	O	O	O	O	_	_	_	_	_	_
publiée	O	O	O	O	O	O	_	_	_	_	_	_
dans	O	O	O	O	O	O	_	_	_	_	_	_
la	O	O	O	O	O	O	_	_	_	_	_	_
Gazette	O	O	O	O	O	O	_	_	EndOfLine	_	_	_
# segment_iiif_link = https://iiif.eluxemburgensia.lu/iiif/2/ark:%2f70795%2fswh9h6%2fpages%2f1/2648,2707,791,50/full/0/default.jpg
de	O	O	O	O	O	O	_	_	_	_	_	_
Cologne	O	O	O	O	O	O	_	_	_	_	_	_
sur	O	O	O	O	O	O	_	_	_	_	_	_
la	O	O	O	O	O	O	_	_	_	_	_	_
portée	O	O	O	O	O	O	_	_	_	_	_	_
de	O	O	O	O	O	O	_	_	_	_	_	_
l	O	O	O	O	O	O	_	_	NoSpaceAfter	_	_	_
'	O	O	O	O	O	O	_	_	NoSpaceAfter	_	_	_
article	O	O	O	O	O	O	_	_	_	_	_	_
84	O	O	O	O	O	O	_	_	_	_	_	_
de	O	O	O	O	O	O	_	_	EndOfLine	_	_	_
# segment_iiif_link = https://iiif.eluxemburgensia.lu/iiif/2/ark:%2f70795%2fswh9h6%2fpages%2f1/2648,2757,772,51/full/0/default.jpg
la	O	O	O	O	O	O	_	_	_	_	_	_
Constitution	O	O	O	O	O	O	_	_	NoSpaceAfter	_	_	_
.	O	O	O	O	O	O	_	_	_	EndOfSentence	_	_
Comme	O	O	O	O	O	O	_	_	_	_	_	_
la	O	O	O	O	O	O	_	_	_	_	_	_
Gazette	O	O	O	O	O	O	_	_	_	_	_	_
de	O	O	O	O	O	O	_	_	EndOfLine	_	_	_
# segment_iiif_link = https://iiif.eluxemburgensia.lu/iiif/2/ark:%2f70795%2fswh9h6%2fpages%2f1/2649,2808,795,62/full/0/default.jpg
Cologne	O	O	O	O	O	O	_	_	_	_	_	_
a	O	O	O	O	O	O	_	_	_	_	_	_
été	O	O	O	O	O	O	_	_	_	_	_	_
saisie	O	O	O	O	O	O	_	_	_	_	_	_
à	O	O	O	O	O	O	_	_	_	_	_	_
cause	O	O	O	O	O	O	_	_	_	_	_	_
de	O	O	O	O	O	O	_	_	_	_	_	_
cette	O	O	O	O	O	O	_	_	_	_	_	_
publication	O	O	O	O	O	O	_	_	NoSpaceAfter	_	_	_
,	O	O	O	O	O	O	_	_	EndOfLine	_	_	_
# segment_iiif_link = https://iiif.eluxemburgensia.lu/iiif/2/ark:%2f70795%2fswh9h6%2fpages%2f1/2650,2861,793,51/full/0/default.jpg
il	O	O	O	O	O	O	_	_	_	_	_	_
est	O	O	O	O	O	O	_	_	_	_	_	_
probable	O	O	O	O	O	O	_	_	_	_	_	_
que	O	O	O	O	O	O	_	_	_	_	_	_
de	O	O	O	O	O	O	_	_	_	_	_	_
M	O	O	O	O	O	O	_	_	NoSpaceAfter	_	_	_
.	O	O	O	O	O	O	_	_	_	_	_	_
Ammon	O	O	O	O	O	O	_	_	NoSpaceAfter	_	_	_
,	O	O	O	O	O	O	_	_	_	_	_	_
conseiller	O	O	O	O	O	O	_	_	EndOfLine	_	_	_
# segment_iiif_link = https://iiif.eluxemburgensia.lu/iiif/2/ark:%2f70795%2fswh9h6%2fpages%2f1/2650,2920,778,42/full/0/default.jpg
au	O	O	O	O	O	O	_	_	_	_	_	_
tribunal	O	O	O	O	O	O	_	_	_	_	_	_
d	O	O	O	O	O	O	_	_	NoSpaceAfter	_	_	_
'	O	O	O	O	O	O	_	_	NoSpaceAfter	_	_	_
appel	O	O	O	O	O	O	_	_	_	_	_	_
de	O	O	O	O	O	O	_	_	_	_	_	_
Cologne	O	O	O	O	O	O	_	_	NoSpaceAfter	_	_	_
,	O	O	O	O	O	O	_	_	_	_	_	_
sera	O	O	O	O	O	O	_	_	EndOfLine	_	_	_
# segment_iiif_link = https://iiif.eluxemburgensia.lu/iiif/2/ark:%2f70795%2fswh9h6%2fpages%2f1/2650,2959,597,48/full/0/default.jpg
luimême	O	O	O	O	O	O	_	_	_	_	_	_
cité	O	O	O	O	O	O	_	_	_	_	_	_
devant	O	O	O	O	O	O	_	_	_	_	_	_
les	O	O	O	O	O	O	_	_	_	_	_	_
tribunaux	O	O	O	O	O	O	_	_	NoSpaceAfter	_	_	_
.	O	O	O	O	O	O	_	_	EndOfLine	EndOfSentence	_	_

# language = fr
# newspaper = lunion
# date = 1866-02-16
# document_id = lunion-1866-02-16-a-i0009
# news-agency-as-source = Q2826560
# segment_iiif_link = https://iiif.eluxemburgensia.lu/iiif/2/ark:%2f70795%2fswh9h6%2fpages%2f1/193,1580,587,56/full/0/default.jpg
LUXEMBOURG	O	O	O	O	O	O	_	_	NoSpaceAfter	_	_	_
,	O	O	O	O	O	O	_	_	_	_	_	_
15	O	O	O	O	O	O	_	_	_	_	_	_
FÉVRIER	O	O	O	O	O	O	_	_	NoSpaceAfter	_	_	_
.	O	O	O	O	O	O	_	_	EndOfLine	EndOfSentence	_	_
# segment_iiif_link = https://iiif.eluxemburgensia.lu/iiif/2/ark:%2f70795%2fswh9h6%2fpages%2f1/737,1676,2,22/full/0/default.jpg
Dernières	O	O	O	O	O	O	_	_	_	_	_	_
nouvelles	O	O	O	O	O	O	_	_	NoSpaceAfter	_	_	_
.	O	O	O	O	O	O	_	_	EndOfLine	EndOfSentence	_	_
# segment_iiif_link = https://iiif.eluxemburgensia.lu/iiif/2/ark:%2f70795%2fswh9h6%2fpages%2f1/134,1742,732,53/full/0/default.jpg
Le	O	O	O	O	O	O	_	_	_	_	_	_
premier	O	O	O	O	O	O	_	_	_	_	_	_
secrétaire	O	O	O	O	O	O	_	_	_	_	_	_
de	O	O	O	O	O	O	_	_	_	_	_	_
la	O	O	O	O	O	O	_	_	_	_	_	_
légation	O	O	O	O	O	O	_	_	EndOfLine	_	_	_
# segment_iiif_link = https://iiif.eluxemburgensia.lu/iiif/2/ark:%2f70795%2fswh9h6%2fpages%2f1/94,1796,789,55/full/0/default.jpg
espagnole	O	O	O	O	O	O	_	_	_	_	_	_
à	O	O	O	O	O	O	_	_	_	_	_	_
Londres	O	O	O	O	O	O	_	_	NoSpaceAfter	_	_	_
,	O	O	O	O	O	O	_	_	_	_	_	_
M	O	O	O	O	O	O	_	_	NoSpaceAfter	_	_	_
.	O	O	O	O	O	O	_	_	_	_	_	_
E	O	O	O	O	O	O	_	_	NoSpaceAfter	_	_	_
.	O	O	O	O	O	O	_	_	_	_	_	_
Cortina	O	O	O	O	O	O	_	_	NoSpaceAfter	_	_	_
,	O	O	O	O	O	O	_	_	_	_	_	_
dément	O	O	O	O	O	O	_	_	EndOfLine	_	_	_
# segment_iiif_link = https://iiif.eluxemburgensia.lu/iiif/2/ark:%2f70795%2fswh9h6%2fpages%2f1/94,1842,775,55/full/0/default.jpg
officiellement	O	O	O	O	O	O	_	_	_	_	_	_
l	O	O	O	O	O	O	_	_	NoSpaceAfter	_	_	_
'	O	O	O	O	O	O	_	_	NoSpaceAfter	_	_	_
existence	O	O	O	O	O	O	_	_	_	_	_	_
de	O	O	O	O	O	O	_	_	_	_	_	_
la	O	O	O	O	O	O	_	_	_	_	_	_
lettre	O	O	O	O	O	O	_	_	_	_	_	_
de	O	O	O	O	O	O	_	_	EndOfLine	_	_	_
# segment_iiif_link = https://iiif.eluxemburgensia.lu/iiif/2/ark:%2f70795%2fswh9h6%2fpages%2f1/94,1895,789,51/full/0/default.jpg
l	O	O	O	O	O	O	_	_	NoSpaceAfter	_	_	_
'	O	O	O	O	O	O	_	_	NoSpaceAfter	_	_	_
amiral	O	O	O	O	O	O	_	_	_	_	_	_
Pareja	O	O	O	O	O	O	_	_	NoSpaceAfter	_	_	_
,	O	O	O	O	O	O	_	_	_	_	_	_
publiée	O	O	O	O	O	O	_	_	_	_	_	_
par	O	O	O	O	O	O	_	_	_	_	_	_
le	O	O	O	O	O	O	_	_	_	_	_	_
Times	O	O	O	O	O	O	_	_	_	_	_	_
du	O	O	O	O	O	O	_	_	_	_	_	_
8	O	O	O	O	O	O	_	_	EndOfLine	_	_	_
# segment_iiif_link = https://iiif.eluxemburgensia.lu/iiif/2/ark:%2f70795%2fswh9h6%2fpages%2f1/94,1941,124,60/full/0/default.jpg
février	O	O	O	O	O	O	_	_	NoSpaceAfter	_	_	_
.	O	O	O	O	O	O	_	_	EndOfLine	EndOfSentence	_	_
# segment_iiif_link = https://iiif.eluxemburgensia.lu/iiif/2/ark:%2f70795%2fswh9h6%2fpages%2f1/134,2006,750,53/full/0/default.jpg
Juarez	O	O	O	O	O	O	_	_	_	_	_	_
a	O	O	O	O	O	O	_	_	_	_	_	_
déclaré	O	O	O	O	O	O	_	_	_	_	_	_
El	O	O	O	O	O	O	_	_	_	_	_	_
Paso	O	O	O	O	O	O	_	_	_	_	_	_
sa	O	O	O	O	O	O	_	_	_	_	_	_
capitale	O	O	O	O	O	O	_	_	NoSpaceAfter	_	_	_
.	O	O	O	O	O	O	_	_	EndOfLine	EndOfSentence	_	_
# segment_iiif_link = https://iiif.eluxemburgensia.lu/iiif/2/ark:%2f70795%2fswh9h6%2fpages%2f1/95,2051,789,57/full/0/default.jpg
Mais	O	O	O	O	O	O	_	_	_	_	_	_
des	O	O	O	O	O	O	_	_	_	_	_	_
mécontents	O	O	O	O	O	O	_	_	_	_	_	_
se	O	O	O	O	O	O	_	_	_	_	_	_
sont	O	O	O	O	O	O	_	_	_	_	_	_
soulevés	O	O	O	O	O	O	_	_	_	_	_	_
contre	O	O	O	O	O	O	_	_	EndOfLine	_	_	_
# segment_iiif_link = https://iiif.eluxemburgensia.lu/iiif/2/ark:%2f70795%2fswh9h6%2fpages%2f1/94,2102,772,54/full/0/default.jpg
lui	O	O	O	O	O	O	_	_	_	_	_	_
au	O	O	O	O	O	O	_	_	_	_	_	_
nom	O	O	O	O	O	O	_	_	_	_	_	_
du	O	O	O	O	O	O	_	_	_	_	_	_
général	O	O	O	O	O	O	_	_	_	_	_	_
Ortega	O	O	O	O	O	O	_	_	_	_	_	_
qui	O	O	O	O	O	O	_	_	NoSpaceAfter	_	_	_
.	O	O	O	O	O	O	_	_	EndOfLine	EndOfSentence	_	_
# segment_iiif_link = https://iiif.eluxemburgensia.lu/iiif/2/ark:%2f70795%2fswh9h6%2fpages%2f1/95,2153,789,61/full/0/default.jpg
disentils	O	O	O	O	O	O	_	_	NoSpaceAfter	_	_	_
,	O	O	O	O	O	O	_	_	_	_	_	_
est	O	O	O	O	O	O	_	_	_	_	_	_
seul	O	O	O	O	O	O	_	_	NoSpaceAfter	_	_	_
,	O	O	O	O	O	O	_	_	_	_	_	_
désormais	O	O	O	O	O	O	_	_	NoSpaceAfter	_	_	_
,	O	O	O	O	O	O	_	_	_	_	_	_
légalement	O	O	O	O	O	O	_	_	_	_	_	_
investi	O	O	O	O	O	O	_	_	EndOfLine	_	_	_
# segment_iiif_link = https://iiif.eluxemburgensia.lu/iiif/2/ark:%2f70795%2fswh9h6%2fpages%2f1/95,2204,787,51/full/0/default.jpg
de	O	O	O	O	O	O	_	_	_	_	_	_
la	O	O	O	O	O	O	_	_	_	_	_	_
présidence	O	O	O	O	O	O	_	_	NoSpaceAfter	_	_	_
.	O	O	O	O	O	O	_	_	_	EndOfSentence	_	_
Ces	O	O	O	O	O	O	_	_	_	_	_	_
dissensions	O	O	O	O	O	O	_	_	_	_	_	_
intestines	O	O	O	O	O	O	_	_	EndOfLine	_	_	_
# segment_iiif_link = https://iiif.eluxemburgensia.lu/iiif/2/ark:%2f70795%2fswh9h6%2fpages%2f1/95,2261,790,45/full/0/default.jpg
N	O	O	O	O	O	O	_	_	NoSpaceAfter	_	_	_
!	O	O	O	O	O	O	_	_	_	_	_	_
peuvent	O	O	O	O	O	O	_	_	_	_	_	_
qu	O	O	O	O	O	O	_	_	NoSpaceAfter	_	_	_
'	O	O	O	O	O	O	_	_	NoSpaceAfter	_	_	_
affaiblir	O	O	O	O	O	O	_	_	_	_	_	_
encore	O	O	O	O	O	O	_	_	_	_	_	_
le	O	O	O	O	O	O	_	_	_	_	_	_
parti	O	O	O	O	O	O	_	_	EndOfLine	_	_	_
# segment_iiif_link = https://iiif.eluxemburgensia.lu/iiif/2/ark:%2f70795%2fswh9h6%2fpages%2f1/93,2304,776,60/full/0/default.jpg
juariste	O	O	O	O	O	O	_	_	NoSpaceAfter	_	_	_
.	O	O	O	O	O	O	_	_	_	EndOfSentence	_	_
On	O	O	O	O	O	O	_	_	_	_	_	_
regarde	O	O	O	O	O	O	_	_	_	_	_	_
comme	O	O	O	O	O	O	_	_	_	_	_	_
un	O	O	O	O	O	O	_	_	_	_	_	_
signe	O	O	O	O	O	O	_	_	EndOfLine	_	_	_
# segment_iiif_link = https://iiif.eluxemburgensia.lu/iiif/2/ark:%2f70795%2fswh9h6%2fpages%2f1/96,2359,789,58/full/0/default.jpg
caractéristique	O	O	O	O	O	O	_	_	_	_	_	_
de	O	O	O	O	O	O	_	_	_	_	_	_
la	O	O	O	O	O	O	_	_	_	_	_	_
situation	O	O	O	O	O	O	_	_	_	_	_	_
que	O	O	O	O	O	O	_	_	NoSpaceAfter	_	_	_
,	O	O	O	O	O	O	_	_	_	_	_	_
depuis	O	O	O	O	O	O	_	_	EndOfLine	_	_	_
# segment_iiif_link = https://iiif.eluxemburgensia.lu/iiif/2/ark:%2f70795%2fswh9h6%2fpages%2f1/98,2414,788,44/full/0/default.jpg
une	O	O	O	O	O	O	_	_	_	_	_	_
semaine	O	O	O	O	O	O	_	_	NoSpaceAfter	_	_	_
,	O	O	O	O	O	O	_	_	_	_	_	_
aucune	O	O	O	O	O	O	_	_	_	_	_	_
résolution	O	O	O	O	O	O	_	_	_	_	_	_
sympathique	O	O	O	O	O	O	_	_	EndOfLine	_	_	_
# segment_iiif_link = https://iiif.eluxemburgensia.lu/iiif/2/ark:%2f70795%2fswh9h6%2fpages%2f1/93,2465,772,43/full/0/default.jpg
i	O	O	O	O	O	O	_	_	NoSpaceAfter	_	_	_
»	O	O	O	O	O	O	_	_	_	_	_	_
Juarez	O	O	O	O	O	O	_	_	_	_	_	_
n	O	O	O	O	O	O	_	_	NoSpaceAfter	_	_	_
'	O	O	O	O	O	O	_	_	NoSpaceAfter	_	_	_
ait	O	O	O	O	O	O	_	_	_	_	_	_
été	O	O	O	O	O	O	_	_	_	_	_	_
introduite	O	O	O	O	O	O	_	_	_	_	_	_
dans	O	O	O	O	O	O	_	_	_	_	_	_
le	O	O	O	O	O	O	_	_	EndOfLine	_	_	_
# segment_iiif_link = https://iiif.eluxemburgensia.lu/iiif/2/ark:%2f70795%2fswh9h6%2fpages%2f1/94,2505,275,56/full/0/default.jpg
Congrès	O	O	O	O	O	O	_	_	_	_	_	_
américain	O	O	O	O	O	O	_	_	NoSpaceAfter	_	_	_
.	O	O	O	O	O	O	_	_	EndOfLine	EndOfSentence	_	_
# segment_iiif_link = https://iiif.eluxemburgensia.lu/iiif/2/ark:%2f70795%2fswh9h6%2fpages%2f1/139,2561,743,49/full/0/default.jpg
Des	O	O	O	O	O	O	_	_	_	_	_	_
dépêches	O	O	O	O	O	O	_	_	_	_	_	_
de	O	O	O	O	O	O	_	_	_	_	_	_
Toronto	O	O	O	O	O	O	_	_	_	_	_	_
annoncent	O	O	O	O	O	O	_	_	_	_	_	_
une	O	O	O	O	O	O	_	_	EndOfLine	_	_	_
# segment_iiif_link = https://iiif.eluxemburgensia.lu/iiif/2/ark:%2f70795%2fswh9h6%2fpages%2f1/96,2607,788,51/full/0/default.jpg
concentration	O	O	O	O	O	O	_	_	_	_	_	_
des	O	O	O	O	O	O	_	_	_	_	_	_
troupes	O	O	O	O	O	O	_	_	_	_	_	_
vers	O	O	O	O	O	O	_	_	_	_	_	_
la	O	O	O	O	O	O	_	_	_	_	_	_
frontière	O	O	O	O	O	O	_	_	EndOfLine	_	_	_
# segment_iiif_link = https://iiif.eluxemburgensia.lu/iiif/2/ark:%2f70795%2fswh9h6%2fpages%2f1/96,2656,765,56/full/0/default.jpg
canadienne	O	O	O	O	O	O	_	_	NoSpaceAfter	_	_	_
,	O	O	O	O	O	O	_	_	_	_	_	_
sur	O	O	O	O	O	O	_	_	_	_	_	_
l	O	O	O	O	O	O	_	_	NoSpaceAfter	_	_	_
'	O	O	O	O	O	O	_	_	NoSpaceAfter	_	_	_
avis	O	O	O	O	O	O	_	_	_	_	_	_
que	O	O	O	O	O	O	_	_	_	_	_	_
le	O	O	O	O	O	O	_	_	_	_	_	_
général	O	O	O	O	O	O	_	_	EndOfLine	_	_	_
# segment_iiif_link = https://iiif.eluxemburgensia.lu/iiif/2/ark:%2f70795%2fswh9h6%2fpages%2f1/98,2714,772,50/full/0/default.jpg
Sweney	O	O	O	O	O	O	_	_	_	_	_	_
avait	O	O	O	O	O	O	_	_	_	_	_	_
des	O	O	O	O	O	O	_	_	_	_	_	_
forces	O	O	O	O	O	O	_	_	_	_	_	_
prêtes	O	O	O	O	O	O	_	_	_	_	_	_
pour	O	O	O	O	O	O	_	_	_	_	_	_
une	O	O	O	O	O	O	_	_	EndOfLine	_	_	_
# segment_iiif_link = https://iiif.eluxemburgensia.lu/iiif/2/ark:%2f70795%2fswh9h6%2fpages%2f1/837,2717,33,53/full/0/default.jpg
invasio	O	O	O	O	O	O	_	_	EndOfLine|NoSpaceAfter	_	_	_
# segment_iiif_link = https://iiif.eluxemburgensia.lu/iiif/2/ark:%2f70795%2fswh9h6%2fpages%2f1/140,2818,746,55/full/0/default.jpg
n	O	O	O	O	O	O	_	_	NoSpaceAfter	_	_	_
.	O	O	O	O	O	O	_	_	_	EndOfSentence	_	_
Les	O	O	O	O	O	O	_	_	_	_	_	_
avis	O	O	O	O	O	O	_	_	_	_	_	_
de	O	O	O	O	O	O	_	_	_	_	_	_
Matamoros	O	O	O	O	O	O	_	_	_	_	_	_
constatent	O	O	O	O	O	O	_	_	_	_	_	_
que	O	O	O	O	O	O	_	_	EndOfLine	_	_	_
# segment_iiif_link = https://iiif.eluxemburgensia.lu/iiif/2/ark:%2f70795%2fswh9h6%2fpages%2f1/95,2870,791,54/full/0/default.jpg
les	O	O	O	O	O	O	_	_	_	_	_	_
juaristes	O	O	O	O	O	O	_	_	_	_	_	_
ent	O	O	O	O	O	O	_	_	_	_	_	_
abandonné	O	O	O	O	O	O	_	_	_	_	_	_
Bagdad	O	O	O	O	O	O	_	_	NoSpaceAfter	_	_	_
,	O	O	O	O	O	O	_	_	_	_	_	_
et	O	O	O	O	O	O	_	_	_	_	_	_
que	O	O	O	O	O	O	_	_	EndOfLine	_	_	_
# segment_iiif_link = https://iiif.eluxemburgensia.lu/iiif/2/ark:%2f70795%2fswh9h6%2fpages%2f1/95,2926,771,48/full/0/default.jpg
cette	O	O	O	O	O	O	_	_	_	_	_	_
ville	O	O	O	O	O	O	_	_	_	_	_	_
a	O	O	O	O	O	O	_	_	_	_	_	_
été	O	O	O	O	O	O	_	_	_	_	_	_
réoccupée	O	O	O	O	O	O	_	_	_	_	_	_
par	O	O	O	O	O	O	_	_	_	_	_	_
les	O	O	O	O	O	O	_	_	EndOfLine	_	_	_
# segment_iiif_link = https://iiif.eluxemburgensia.lu/iiif/2/ark:%2f70795%2fswh9h6%2fpages%2f1/739,2926,127,56/full/0/default.jpg
impéria	O	O	O	O	O	O	_	_	EndOfLine|NoSpaceAfter	_	_	_
# segment_iiif_link = https://iiif.eluxemburgensia.lu/iiif/2/ark:%2f70795%2fswh9h6%2fpages%2f1/139,3031,746,51/full/0/default.jpg
listes	O	O	O	O	O	O	_	_	NoSpaceAfter	_	_	_
.	O	O	O	O	O	O	_	_	_	EndOfSentence	_	_
On	O	O	O	O	O	O	_	_	_	_	_	_
annonce	O	O	O	O	O	O	_	_	_	_	_	_
l	O	O	O	O	O	O	_	_	NoSpaceAfter	_	_	_
'	O	O	O	O	O	O	_	_	NoSpaceAfter	_	_	_
assassinat	O	O	O	O	O	O	_	_	_	_	_	_
à	O	O	O	O	O	O	_	_	_	_	_	_
Dublin	O	O	O	O	O	O	_	_	NoSpaceAfter	_	_	_
,	O	O	O	O	O	O	_	_	_	_	_	_
par	O	O	O	O	O	O	_	_	_	_	_	_
des	O	O	O	O	O	O	_	_	EndOfLine	_	_	_
# segment_iiif_link = https://iiif.eluxemburgensia.lu/iiif/2/ark:%2f70795%2fswh9h6%2fpages%2f1/96,3082,788,60/full/0/default.jpg
conjurés	O	O	O	O	O	O	_	_	_	_	_	_
fenians	O	O	O	O	O	O	_	_	NoSpaceAfter	_	_	_
,	O	O	O	O	O	O	_	_	_	_	_	_
du	O	O	O	O	O	O	_	_	_	_	_	_
nommé	O	O	O	O	O	O	_	_	_	_	_	_
George	O	O	O	O	O	O	_	_	_	_	_	_
Clarke	O	O	O	O	O	O	_	_	NoSpaceAfter	_	_	_
,	O	O	O	O	O	O	_	_	EndOfLine	_	_	_
# segment_iiif_link = https://iiif.eluxemburgensia.lu/iiif/2/ark:%2f70795%2fswh9h6%2fpages%2f1/96,3134,789,56/full/0/default.jpg
qui	O	O	O	O	O	O	_	_	_	_	_	_
avait	O	O	O	O	O	O	_	_	_	_	_	_
dénoncé	O	O	O	O	O	O	_	_	_	_	_	_
à	O	O	O	O	O	O	_	_	_	_	_	_
la	O	O	O	O	O	O	_	_	_	_	_	_
police	O	O	O	O	O	O	_	_	_	_	_	_
l	O	O	O	O	O	O	_	_	NoSpaceAfter	_	_	_
'	O	O	O	O	O	O	_	_	NoSpaceAfter	_	_	_
armurerie	O	O	O	O	O	O	_	_	EndOfLine	_	_	_
# segment_iiif_link = https://iiif.eluxemburgensia.lu/iiif/2/ark:%2f70795%2fswh9h6%2fpages%2f1/98,3181,788,53/full/0/default.jpg
dans	O	O	O	O	O	O	_	_	_	_	_	_
Laftos	O	O	O	O	O	O	_	_	NoSpaceAfter	_	_	_
-	O	O	O	O	O	O	_	_	NoSpaceAfter	_	_	_
Lane	O	O	O	O	O	O	_	_	NoSpaceAfter	_	_	_
.	O	O	O	O	O	O	_	_	_	EndOfSentence	_	_
Le	O	O	O	O	O	O	_	_	_	_	_	_
gouvernement	O	O	O	O	O	O	_	_	_	_	_	_
a	O	O	O	O	O	O	_	_	_	_	_	_
offert	O	O	O	O	O	O	_	_	EndOfLine	_	_	_
# segment_iiif_link = https://iiif.eluxemburgensia.lu/iiif/2/ark:%2f70795%2fswh9h6%2fpages%2f1/98,3233,788,51/full/0/default.jpg
deux	O	O	O	O	O	O	_	_	_	_	_	_
cents	O	O	O	O	O	O	_	_	_	_	_	_
livres	O	O	O	O	O	O	_	_	_	_	_	_
sterling	O	O	O	O	O	O	_	_	_	_	_	_
de	O	O	O	O	O	O	_	_	_	_	_	_
récompense	O	O	O	O	O	O	_	_	EndOfLine	_	_	_
# segment_iiif_link = https://iiif.eluxemburgensia.lu/iiif/2/ark:%2f70795%2fswh9h6%2fpages%2f1/98,3292,788,50/full/0/default.jpg
pour	O	O	O	O	O	O	_	_	_	_	_	_
quiconque	O	O	O	O	O	O	_	_	_	_	_	_
aidera	O	O	O	O	O	O	_	_	_	_	_	_
à	O	O	O	O	O	O	_	_	_	_	_	_
l	O	O	O	O	O	O	_	_	NoSpaceAfter	_	_	_
'	O	O	O	O	O	O	_	_	NoSpaceAfter	_	_	_
arrestation	O	O	O	O	O	O	_	_	_	_	_	_
des	O	O	O	O	O	O	_	_	EndOfLine	_	_	_
# segment_iiif_link = https://iiif.eluxemburgensia.lu/iiif/2/ark:%2f70795%2fswh9h6%2fpages%2f1/99,3340,177,56/full/0/default.jpg
coupables	O	O	O	O	O	O	_	_	NoSpaceAfter	_	_	_
.	O	O	O	O	O	O	_	_	EndOfLine	EndOfSentence	_	_
# segment_iiif_link = https://iiif.eluxemburgensia.lu/iiif/2/ark:%2f70795%2fswh9h6%2fpages%2f1/983,1587,749,51/full/0/default.jpg
On	O	O	O	O	O	O	_	_	_	_	_	_
mande	O	O	O	O	O	O	_	_	_	_	_	_
de	O	O	O	O	O	O	_	_	_	_	_	_
Londres	O	O	O	O	O	O	_	_	_	_	_	_
qu	O	O	O	O	O	O	_	_	NoSpaceAfter	_	_	_
'	O	O	O	O	O	O	_	_	NoSpaceAfter	_	_	_
on	O	O	O	O	O	O	_	_	_	_	_	_
s	O	O	O	O	O	O	_	_	NoSpaceAfter	_	_	_
'	O	O	O	O	O	O	_	_	NoSpaceAfter	_	_	_
attend	O	O	O	O	O	O	_	_	_	_	_	_
à	O	O	O	O	O	O	_	_	EndOfLine	_	_	_
# segment_iiif_link = https://iiif.eluxemburgensia.lu/iiif/2/ark:%2f70795%2fswh9h6%2fpages%2f1/942,1646,773,43/full/0/default.jpg
une	O	O	O	O	O	O	_	_	_	_	_	_
discussion	O	O	O	O	O	O	_	_	_	_	_	_
très	O	O	O	O	O	O	_	_	NoSpaceAfter	_	_	_
-	O	O	O	O	O	O	_	_	NoSpaceAfter	_	_	_
orageuse	O	O	O	O	O	O	_	_	_	_	_	_
du	O	O	O	O	O	O	_	_	_	_	_	_
bill	O	O	O	O	O	O	_	_	EndOfLine	_	_	_
# segment_iiif_link = https://iiif.eluxemburgensia.lu/iiif/2/ark:%2f70795%2fswh9h6%2fpages%2f1/942,1692,776,48/full/0/default.jpg
présenté	O	O	O	O	O	O	_	_	_	_	_	_
à	O	O	O	O	O	O	_	_	_	_	_	_
la	O	O	O	O	O	O	_	_	_	_	_	_
Chambre	O	O	O	O	O	O	_	_	_	_	_	_
des	O	O	O	O	O	O	_	_	_	_	_	_
communes	O	O	O	O	O	O	_	_	_	_	_	_
sur	O	O	O	O	O	O	_	_	EndOfLine	_	_	_
# segment_iiif_link = https://iiif.eluxemburgensia.lu/iiif/2/ark:%2f70795%2fswh9h6%2fpages%2f1/942,1739,774,51/full/0/default.jpg
l	O	O	O	O	O	O	_	_	NoSpaceAfter	_	_	_
'	O	O	O	O	O	O	_	_	NoSpaceAfter	_	_	_
épizootie	O	O	O	O	O	O	_	_	NoSpaceAfter	_	_	_
.	O	O	O	O	O	O	_	_	_	EndOfSentence	_	_
Les	O	O	O	O	O	O	_	_	_	_	_	_
tories	O	O	O	O	O	O	_	_	NoSpaceAfter	_	_	_
,	O	O	O	O	O	O	_	_	_	_	_	_
dit	O	O	O	O	O	O	_	_	_	_	_	_
à	O	O	O	O	O	O	_	_	_	_	_	_
ce	O	O	O	O	O	O	_	_	_	_	_	_
sujet	O	O	O	O	O	O	_	_	EndOfLine	_	_	_
# segment_iiif_link = https://iiif.eluxemburgensia.lu/iiif/2/ark:%2f70795%2fswh9h6%2fpages%2f1/943,1790,791,60/full/0/default.jpg
Yluternalional	O	O	O	O	O	O	_	_	NoSpaceAfter	_	_	_
,	O	O	O	O	O	O	_	_	_	_	_	_
se	O	O	O	O	O	O	_	_	_	_	_	_
préparent	O	O	O	O	O	O	_	_	_	_	_	_
à	O	O	O	O	O	O	_	_	_	_	_	_
engager	O	O	O	O	O	O	_	_	_	_	_	_
une	O	O	O	O	O	O	_	_	_	_	_	_
lutte	O	O	O	O	O	O	_	_	EndOfLine	_	_	_
# segment_iiif_link = https://iiif.eluxemburgensia.lu/iiif/2/ark:%2f70795%2fswh9h6%2fpages%2f1/942,1841,792,53/full/0/default.jpg
acharnée	O	O	O	O	O	O	_	_	_	_	_	_
à	O	O	O	O	O	O	_	_	_	_	_	_
laquelle	O	O	O	O	O	O	_	_	_	_	_	_
la	O	O	O	O	O	O	_	_	_	_	_	_
maladie	O	O	O	O	O	O	_	_	_	_	_	_
du	O	O	O	O	O	O	_	_	_	_	_	_
bétail	O	O	O	O	O	O	_	_	EndOfLine	_	_	_
# segment_iiif_link = https://iiif.eluxemburgensia.lu/iiif/2/ark:%2f70795%2fswh9h6%2fpages%2f1/943,1891,791,53/full/0/default.jpg
doit	O	O	O	O	O	O	_	_	_	_	_	_
servir	O	O	O	O	O	O	_	_	_	_	_	_
de	O	O	O	O	O	O	_	_	_	_	_	_
prétexte	O	O	O	O	O	O	_	_	NoSpaceAfter	_	_	_
,	O	O	O	O	O	O	_	_	_	_	_	_
et	O	O	O	O	O	O	_	_	_	_	_	_
qui	O	O	O	O	O	O	_	_	_	_	_	_
deviendra	O	O	O	O	O	O	_	_	EndOfLine	_	_	_
# segment_iiif_link = https://iiif.eluxemburgensia.lu/iiif/2/ark:%2f70795%2fswh9h6%2fpages%2f1/943,1941,791,53/full/0/default.jpg
bien	O	O	O	O	O	O	_	_	_	_	_	_
plus	O	O	O	O	O	O	_	_	_	_	_	_
sérieuse	O	O	O	O	O	O	_	_	_	_	_	_
encore	O	O	O	O	O	O	_	_	_	_	_	_
au	O	O	O	O	O	O	_	_	_	_	_	_
moment	O	O	O	O	O	O	_	_	_	_	_	_
où	O	O	O	O	O	O	_	_	_	_	_	_
le	O	O	O	O	O	O	_	_	EndOfLine	_	_	_
# segment_iiif_link = https://iiif.eluxemburgensia.lu/iiif/2/ark:%2f70795%2fswh9h6%2fpages%2f1/944,1994,790,51/full/0/default.jpg
bill	O	O	O	O	O	O	_	_	_	_	_	_
de	O	O	O	O	O	O	_	_	_	_	_	_
réforme	O	O	O	O	O	O	_	_	_	_	_	_
sera	O	O	O	O	O	O	_	_	_	_	_	_
soumis	O	O	O	O	O	O	_	_	_	_	_	_
à	O	O	O	O	O	O	_	_	_	_	_	_
l	O	O	O	O	O	O	_	_	NoSpaceAfter	_	_	_
'	O	O	O	O	O	O	_	_	NoSpaceAfter	_	_	_
approbation	O	O	O	O	O	O	_	_	EndOfLine	_	_	_
# segment_iiif_link = https://iiif.eluxemburgensia.lu/iiif/2/ark:%2f70795%2fswh9h6%2fpages%2f1/947,2046,250,49/full/0/default.jpg
du	O	O	O	O	O	O	_	_	_	_	_	_
Parlement	O	O	O	O	O	O	_	_	NoSpaceAfter	_	_	_
.	O	O	O	O	O	O	_	_	EndOfLine	EndOfSentence	_	_
# segment_iiif_link = https://iiif.eluxemburgensia.lu/iiif/2/ark:%2f70795%2fswh9h6%2fpages%2f1/988,2096,732,49/full/0/default.jpg
La	O	O	O	O	O	O	_	_	_	_	_	_
discussion	O	O	O	O	O	O	_	_	_	_	_	_
de	O	O	O	O	O	O	_	_	_	_	_	_
l	O	O	O	O	O	O	_	_	NoSpaceAfter	_	_	_
'	O	O	O	O	O	O	_	_	NoSpaceAfter	_	_	_
Adresse	O	O	O	O	O	O	_	_	_	_	_	_
au	O	O	O	O	O	O	_	_	_	_	_	_
Sénat	O	O	O	O	O	O	_	_	EndOfLine	_	_	_
# segment_iiif_link = https://iiif.eluxemburgensia.lu/iiif/2/ark:%2f70795%2fswh9h6%2fpages%2f1/947,2146,790,60/full/0/default.jpg
espagnol	O	O	O	O	O	O	_	_	_	_	_	_
a	O	O	O	O	O	O	_	_	_	_	_	_
fourni	O	O	O	O	O	O	_	_	_	_	_	_
au	O	O	O	O	O	O	_	_	_	_	_	_
ministre	O	O	O	O	O	O	_	_	_	_	_	_
des	O	O	O	O	O	O	_	_	_	_	_	_
affaires	O	O	O	O	O	O	_	_	EndOfLine	_	_	_
# segment_iiif_link = https://iiif.eluxemburgensia.lu/iiif/2/ark:%2f70795%2fswh9h6%2fpages%2f1/946,2198,790,60/full/0/default.jpg
étrangères	O	O	O	O	O	O	_	_	_	_	_	_
de	O	O	O	O	O	O	_	_	_	_	_	_
la	O	O	O	O	O	O	_	_	_	_	_	_
reine	O	O	O	O	O	O	_	_	_	_	_	_
l	O	O	O	O	O	O	_	_	NoSpaceAfter	_	_	_
'	O	O	O	O	O	O	_	_	NoSpaceAfter	_	_	_
occasion	O	O	O	O	O	O	_	_	_	_	_	_
de	O	O	O	O	O	O	_	_	_	_	_	_
faire	O	O	O	O	O	O	_	_	EndOfLine	_	_	_
# segment_iiif_link = https://iiif.eluxemburgensia.lu/iiif/2/ark:%2f70795%2fswh9h6%2fpages%2f1/946,2248,771,53/full/0/default.jpg
connaître	O	O	O	O	O	O	_	_	_	_	_	_
les	O	O	O	O	O	O	_	_	_	_	_	_
dispositions	O	O	O	O	O	O	_	_	_	_	_	_
de	O	O	O	O	O	O	_	_	_	_	_	_
son	O	O	O	O	O	O	_	_	EndOfLine	_	_	_
# segment_iiif_link = https://iiif.eluxemburgensia.lu/iiif/2/ark:%2f70795%2fswh9h6%2fpages%2f1/948,2304,789,48/full/0/default.jpg
geuvernement	O	O	O	O	O	O	_	_	_	_	_	_
à	O	O	O	O	O	O	_	_	_	_	_	_
l	O	O	O	O	O	O	_	_	NoSpaceAfter	_	_	_
'	O	O	O	O	O	O	_	_	NoSpaceAfter	_	_	_
égard	O	O	O	O	O	O	_	_	_	_	_	_
des	O	O	O	O	O	O	_	_	_	_	_	_
affaires	O	O	O	O	O	O	_	_	_	_	_	_
de	O	O	O	O	O	O	_	_	_	_	_	_
Rome	O	O	O	O	O	O	_	_	NoSpaceAfter	_	_	_
.	O	O	O	O	O	O	_	_	_	EndOfSentence	_	_
M	O	O	O	O	O	O	_	_	NoSpaceAfter	_	_	_
.	O	O	O	O	O	O	_	_	EndOfLine	_	_	_
# segment_iiif_link = https://iiif.eluxemburgensia.lu/iiif/2/ark:%2f70795%2fswh9h6%2fpages%2f1/948,2349,790,56/full/0/default.jpg
Bermudez	O	O	O	O	O	O	_	_	_	_	_	_
de	O	O	O	O	O	O	_	_	_	_	_	_
Castro	O	O	O	O	O	O	_	_	_	_	_	_
a	O	O	O	O	O	O	_	_	_	_	_	_
surtout	O	O	O	O	O	O	_	_	_	_	_	_
insisté	O	O	O	O	O	O	_	_	_	_	_	_
sur	O	O	O	O	O	O	_	_	EndOfLine	_	_	_
# segment_iiif_link = https://iiif.eluxemburgensia.lu/iiif/2/ark:%2f70795%2fswh9h6%2fpages%2f1/948,2405,769,48/full/0/default.jpg
cotte	O	O	O	O	O	O	_	_	_	_	_	_
considération	O	O	O	O	O	O	_	_	_	_	_	_
que	O	O	O	O	O	O	_	_	NoSpaceAfter	_	_	_
,	O	O	O	O	O	O	_	_	_	_	_	_
si	O	O	O	O	O	O	_	_	_	_	_	_
le	O	O	O	O	O	O	_	_	_	_	_	_
pouvoir	O	O	O	O	O	O	_	_	EndOfLine	_	_	_
# segment_iiif_link = https://iiif.eluxemburgensia.lu/iiif/2/ark:%2f70795%2fswh9h6%2fpages%2f1/948,2452,789,57/full/0/default.jpg
temporel	O	O	O	O	O	O	_	_	_	_	_	_
est	O	O	O	O	O	O	_	_	_	_	_	_
nécessaire	O	O	O	O	O	O	_	_	_	_	_	_
pour	O	O	O	O	O	O	_	_	_	_	_	_
le	O	O	O	O	O	O	_	_	_	_	_	_
libre	O	O	O	O	O	O	_	_	_	_	_	_
exercice	O	O	O	O	O	O	_	_	EndOfLine	_	_	_
# segment_iiif_link = https://iiif.eluxemburgensia.lu/iiif/2/ark:%2f70795%2fswh9h6%2fpages%2f1/947,2499,789,48/full/0/default.jpg
de	O	O	O	O	O	O	_	_	_	_	_	_
l	O	O	O	O	O	O	_	_	NoSpaceAfter	_	_	_
'	O	O	O	O	O	O	_	_	NoSpaceAfter	_	_	_
aatorPé	O	O	O	O	O	O	_	_	_	_	_	_
spirituelle	O	O	O	O	O	O	_	_	_	_	_	_
de	O	O	O	O	O	O	_	_	_	_	_	_
la	O	O	O	O	O	O	_	_	_	_	_	_
papauté	O	O	O	O	O	O	_	_	NoSpaceAfter	_	_	_
,	O	O	O	O	O	O	_	_	_	_	_	_
toutes	O	O	O	O	O	O	_	_	EndOfLine	_	_	_
# segment_iiif_link = https://iiif.eluxemburgensia.lu/iiif/2/ark:%2f70795%2fswh9h6%2fpages%2f1/946,2544,788,47/full/0/default.jpg
les	O	O	O	O	O	O	_	_	_	_	_	_
questions	O	O	O	O	O	O	_	_	_	_	_	_
qui	O	O	O	O	O	O	_	_	_	_	_	_
se	O	O	O	O	O	O	_	_	_	_	_	_
rattachent	O	O	O	O	O	O	_	_	_	_	_	_
au	O	O	O	O	O	O	_	_	_	_	_	_
plus	O	O	O	O	O	O	_	_	_	_	_	_
ou	O	O	O	O	O	O	_	_	EndOfLine	_	_	_
# segment_iiif_link = https://iiif.eluxemburgensia.lu/iiif/2/ark:%2f70795%2fswh9h6%2fpages%2f1/946,2587,789,49/full/0/default.jpg
moins	O	O	O	O	O	O	_	_	_	_	_	_
d	O	O	O	O	O	O	_	_	NoSpaceAfter	_	_	_
'	O	O	O	O	O	O	_	_	NoSpaceAfter	_	_	_
extension	O	O	O	O	O	O	_	_	_	_	_	_
du	O	O	O	O	O	O	_	_	_	_	_	_
territoire	O	O	O	O	O	O	_	_	_	_	_	_
pontifical	O	O	O	O	O	O	_	_	EndOfLine	_	_	_
# segment_iiif_link = https://iiif.eluxemburgensia.lu/iiif/2/ark:%2f70795%2fswh9h6%2fpages%2f1/944,2639,792,48/full/0/default.jpg
ont	O	O	O	O	O	O	_	_	_	_	_	_
toujours	O	O	O	O	O	O	_	_	_	_	_	_
appartenu	O	O	O	O	O	O	_	_	_	_	_	_
et	O	O	O	O	O	O	_	_	_	_	_	_
appartiennent	O	O	O	O	O	O	_	_	EndOfLine	_	_	_
# segment_iiif_link = https://iiif.eluxemburgensia.lu/iiif/2/ark:%2f70795%2fswh9h6%2fpages%2f1/946,2689,790,54/full/0/default.jpg
exclusivement	O	O	O	O	O	O	_	_	_	_	_	_
au	O	O	O	O	O	O	_	_	_	_	_	_
domaine	O	O	O	O	O	O	_	_	_	_	_	_
de	O	O	O	O	O	O	_	_	_	_	_	_
la	O	O	O	O	O	O	_	_	_	_	_	_
politique	O	O	O	O	O	O	_	_	NoSpaceAfter	_	_	_
.	O	O	O	O	O	O	_	_	EndOfLine	EndOfSentence	_	_
# segment_iiif_link = https://iiif.eluxemburgensia.lu/iiif/2/ark:%2f70795%2fswh9h6%2fpages%2f1/988,2741,733,53/full/0/default.jpg
La	O	O	O	O	O	O	_	_	_	_	_	_
Nouvelle	O	O	O	O	O	O	_	_	_	_	_	_
Presse	O	O	O	O	O	O	_	_	_	_	_	_
libre	O	O	O	O	O	O	_	_	_	_	_	_
publie	O	O	O	O	O	O	_	_	_	_	_	_
le	O	O	O	O	O	O	_	_	EndOfLine	_	_	_
# segment_iiif_link = https://iiif.eluxemburgensia.lu/iiif/2/ark:%2f70795%2fswh9h6%2fpages%2f1/946,2802,770,53/full/0/default.jpg
télégramme	O	O	O	O	O	O	_	_	_	_	_	_
suivant	O	O	O	O	O	O	_	_	_	_	_	_
qui	O	O	O	O	O	O	_	_	_	_	_	_
lui	O	O	O	O	O	O	_	_	_	_	_	_
est	O	O	O	O	O	O	_	_	_	_	_	_
adressé	O	O	O	O	O	O	_	_	_	_	_	_
de	O	O	O	O	O	O	_	_	EndOfLine	_	_	_
# segment_iiif_link = https://iiif.eluxemburgensia.lu/iiif/2/ark:%2f70795%2fswh9h6%2fpages%2f1/947,2846,792,53/full/0/default.jpg
Berlin	O	O	O	O	O	O	_	_	_	_	_	_
le	O	O	O	O	O	O	_	_	_	_	_	_
10	O	O	O	O	O	O	_	_	_	_	_	_
février	O	O	O	O	O	O	_	_	_	_	_	_
:	O	O	O	O	O	O	_	_	_	_	_	_
„	O	O	O	O	O	O	_	_	NoSpaceAfter	_	_	_
On	O	O	O	O	O	O	_	_	NoSpaceAfter	_	_	_
_	O	O	O	O	O	O	_	_	NoSpaceAfter	_	_	_
,	O	O	O	O	O	O	_	_	NoSpaceAfter	_	_	_
assui	O	O	O	O	O	O	_	_	NoSpaceAfter	_	_	_
'	O	O	O	O	O	O	_	_	NoSpaceAfter	_	_	_
c	O	O	O	O	O	O	_	_	_	_	_	_
positivement	O	O	O	O	O	O	_	_	EndOfLine	_	_	_
# segment_iiif_link = https://iiif.eluxemburgensia.lu/iiif/2/ark:%2f70795%2fswh9h6%2fpages%2f1/947,2905,789,45/full/0/default.jpg
que	O	O	O	O	O	O	_	_	_	_	_	_
M	O	O	O	O	O	O	_	_	NoSpaceAfter	_	_	_
.	O	O	O	O	O	O	_	_	_	_	_	_
de	O	O	O	O	O	O	_	_	_	_	_	_
Bismark	O	O	O	O	O	O	_	_	_	_	_	_
a	O	O	O	O	O	O	_	_	_	_	_	_
exposé	O	O	O	O	O	O	_	_	_	_	_	_
à	O	O	O	O	O	O	_	_	_	_	_	_
la	O	O	O	O	O	O	_	_	_	_	_	_
cour	O	O	O	O	O	O	_	_	_	_	_	_
Je	O	O	O	O	O	O	_	_	EndOfLine	_	_	_
# segment_iiif_link = https://iiif.eluxemburgensia.lu/iiif/2/ark:%2f70795%2fswh9h6%2fpages%2f1/947,2941,787,50/full/0/default.jpg
Vienne	O	O	O	O	O	O	_	_	_	_	_	_
l	O	O	O	O	O	O	_	_	NoSpaceAfter	_	_	_
'	O	O	O	O	O	O	_	_	NoSpaceAfter	_	_	_
impossibilité	O	O	O	O	O	O	_	_	_	_	_	_
de	O	O	O	O	O	O	_	_	_	_	_	_
laisser	O	O	O	O	O	O	_	_	_	_	_	_
durer	O	O	O	O	O	O	_	_	_	_	_	_
plus	O	O	O	O	O	O	_	_	EndOfLine	_	_	_
# segment_iiif_link = https://iiif.eluxemburgensia.lu/iiif/2/ark:%2f70795%2fswh9h6%2fpages%2f1/946,2988,788,58/full/0/default.jpg
longtemps	O	O	O	O	O	O	_	_	_	_	_	_
l	O	O	O	O	O	O	_	_	NoSpaceAfter	_	_	_
'	O	O	O	O	O	O	_	_	NoSpaceAfter	_	_	_
état	O	O	O	O	O	O	_	_	_	_	_	_
des	O	O	O	O	O	O	_	_	_	_	_	_
choses	O	O	O	O	O	O	_	_	_	_	_	_
actuellement	O	O	O	O	O	O	_	_	EndOfLine	_	_	_
# segment_iiif_link = https://iiif.eluxemburgensia.lu/iiif/2/ark:%2f70795%2fswh9h6%2fpages%2f1/946,3037,788,55/full/0/default.jpg
existant	O	O	O	O	O	O	_	_	_	_	_	_
dans	O	O	O	O	O	O	_	_	_	_	_	_
les	O	O	O	O	O	O	_	_	_	_	_	_
duchés	O	O	O	O	O	O	_	_	_	_	_	_
c	O	O	O	O	O	O	_	_	NoSpaceAfter	_	_	_
'	O	O	O	O	O	O	_	_	NoSpaceAfter	_	_	_
e	O	O	O	O	O	O	_	_	_	_	_	_
qu	O	O	O	O	O	O	_	_	NoSpaceAfter	_	_	_
'	O	O	O	O	O	O	_	_	NoSpaceAfter	_	_	_
il	O	O	O	O	O	O	_	_	_	_	_	_
a	O	O	O	O	O	O	_	_	_	_	_	_
proposé	O	O	O	O	O	O	_	_	EndOfLine	_	_	_
# segment_iiif_link = https://iiif.eluxemburgensia.lu/iiif/2/ark:%2f70795%2fswh9h6%2fpages%2f1/947,3091,768,53/full/0/default.jpg
le	O	O	O	O	O	O	_	_	_	_	_	_
rétablissement	O	O	O	O	O	O	_	_	_	_	_	_
d	O	O	O	O	O	O	_	_	NoSpaceAfter	_	_	_
'	O	O	O	O	O	O	_	_	NoSpaceAfter	_	_	_
une	O	O	O	O	O	O	_	_	_	_	_	_
administration	O	O	O	O	O	O	_	_	EndOfLine	_	_	_
# segment_iiif_link = https://iiif.eluxemburgensia.lu/iiif/2/ark:%2f70795%2fswh9h6%2fpages%2f1/948,3154,788,41/full/0/default.jpg
commune	O	O	O	O	O	O	_	_	_	_	_	_
des	O	O	O	O	O	O	_	_	_	_	_	_
deux	O	O	O	O	O	O	_	_	_	_	_	_
duchés	O	O	O	O	O	O	_	_	NoSpaceAfter	_	_	_
.	O	O	O	O	O	O	_	_	_	EndOfSentence	_	_
M	O	O	O	O	O	O	_	_	NoSpaceAfter	_	_	_
.	O	O	O	O	O	O	_	_	_	_	_	_
de	O	O	O	O	O	O	_	_	_	_	_	_
Mcnsdorff	O	O	O	O	O	O	_	_	_	_	_	_
a	O	O	O	O	O	O	_	_	EndOfLine	_	_	_
# segment_iiif_link = https://iiif.eluxemburgensia.lu/iiif/2/ark:%2f70795%2fswh9h6%2fpages%2f1/947,3197,421,60/full/0/default.jpg
répondu	O	O	O	O	O	O	_	_	_	_	_	_
p.u	O	O	O	O	O	O	_	_	NoSpaceAfter	_	_	_
-	O	O	O	O	O	O	_	_	_	_	_	_
un	O	O	O	O	O	O	_	_	_	_	_	_
refus	O	O	O	O	O	O	_	_	NoSpaceAfter	_	_	_
.	O	O	O	O	O	O	_	_	NoSpaceAfter	EndOfSentence	_	_
"	O	O	O	O	O	O	_	_	EndOfLine	_	_	_
# segment_iiif_link = https://iiif.eluxemburgensia.lu/iiif/2/ark:%2f70795%2fswh9h6%2fpages%2f1/990,3251,729,50/full/0/default.jpg
Ou	O	O	O	O	O	O	_	_	_	_	_	_
se	O	O	O	O	O	O	_	_	_	_	_	_
rappelle	O	O	O	O	O	O	_	_	_	_	_	_
que	O	O	O	O	O	O	_	_	_	_	_	_
l	O	O	O	O	O	O	_	_	NoSpaceAfter	_	_	_
'	O	O	O	O	O	O	_	_	NoSpaceAfter	_	_	_
an	O	O	O	O	O	O	_	_	_	_	_	_
dernier	O	O	O	O	O	O	_	_	_	_	_	_
la	O	O	O	O	O	O	_	_	EndOfLine	_	_	_
# segment_iiif_link = https://iiif.eluxemburgensia.lu/iiif/2/ark:%2f70795%2fswh9h6%2fpages%2f1/948,3303,789,50/full/0/default.jpg
noblesse	O	O	O	O	O	O	_	_	_	_	_	_
de	O	O	O	O	O	O	_	_	_	_	_	_
Moscou	O	O	O	O	O	O	_	_	NoSpaceAfter	_	_	_
,	O	O	O	O	O	O	_	_	_	_	_	_
réunie	O	O	O	O	O	O	_	_	_	_	_	_
pour	O	O	O	O	O	O	_	_	_	_	_	_
ses	O	O	O	O	O	O	_	_	_	_	_	_
élections	O	O	O	O	O	O	_	_	NoSpaceAfter	_	_	_
,	O	O	O	O	O	O	_	_	EndOfLine	_	_	_
# segment_iiif_link = https://iiif.eluxemburgensia.lu/iiif/2/ark:%2f70795%2fswh9h6%2fpages%2f1/948,3363,770,41/full/0/default.jpg
a	O	O	O	O	O	O	_	_	_	_	_	_
demandé	O	O	O	O	O	O	_	_	_	_	_	_
à	O	O	O	O	O	O	_	_	_	_	_	_
l	O	O	O	O	O	O	_	_	NoSpaceAfter	_	_	_
'	O	O	O	O	O	O	_	_	NoSpaceAfter	_	_	_
empereur	O	O	O	O	O	O	_	_	_	_	_	_
de	O	O	O	O	O	O	_	_	_	_	_	_
Russie	O	O	O	O	O	O	_	_	_	_	_	_
de	O	O	O	O	O	O	_	_	EndOfLine	_	_	_
# segment_iiif_link = https://iiif.eluxemburgensia.lu/iiif/2/ark:%2f70795%2fswh9h6%2fpages%2f1/1795,1592,772,54/full/0/default.jpg
vouloir	O	O	O	O	O	O	_	_	_	_	_	_
bien	O	O	O	O	O	O	_	_	_	_	_	_
accorder	O	O	O	O	O	O	_	_	_	_	_	_
à	O	O	O	O	O	O	_	_	_	_	_	_
ses	O	O	O	O	O	O	_	_	_	_	_	_
peuples	O	O	O	O	O	O	_	_	_	_	_	_
une	O	O	O	O	O	O	_	_	EndOfLine	_	_	_
# segment_iiif_link = https://iiif.eluxemburgensia.lu/iiif/2/ark:%2f70795%2fswh9h6%2fpages%2f1/1796,1645,789,54/full/0/default.jpg
Constitution	O	O	O	O	O	O	_	_	_	_	_	_
très	O	O	O	O	O	O	_	_	_	_	_	_
large	O	O	O	O	O	O	_	_	NoSpaceAfter	_	_	_
;	O	O	O	O	O	O	_	_	_	_	_	_
la	O	O	O	O	O	O	_	_	_	_	_	_
noblesse	O	O	O	O	O	O	_	_	_	_	_	_
de	O	O	O	O	O	O	_	_	_	_	_	_
Rézan	O	O	O	O	O	O	_	_	EndOfLine	_	_	_
# segment_iiif_link = https://iiif.eluxemburgensia.lu/iiif/2/ark:%2f70795%2fswh9h6%2fpages%2f1/1796,1694,790,54/full/0/default.jpg
vient	O	O	O	O	O	O	_	_	_	_	_	_
de	O	O	O	O	O	O	_	_	_	_	_	_
récidiver	O	O	O	O	O	O	_	_	_	_	_	_
cette	O	O	O	O	O	O	_	_	_	_	_	_
demande	O	O	O	O	O	O	_	_	NoSpaceAfter	_	_	_
,	O	O	O	O	O	O	_	_	_	_	_	_
et	O	O	O	O	O	O	_	_	_	_	_	_
les	O	O	O	O	O	O	_	_	EndOfLine	_	_	_
# segment_iiif_link = https://iiif.eluxemburgensia.lu/iiif/2/ark:%2f70795%2fswh9h6%2fpages%2f1/1796,1746,790,53/full/0/default.jpg
nobles	O	O	O	O	O	O	_	_	_	_	_	_
d	O	O	O	O	O	O	_	_	NoSpaceAfter	_	_	_
'	O	O	O	O	O	O	_	_	NoSpaceAfter	_	_	_
Orel	O	O	O	O	O	O	_	_	_	_	_	_
ont	O	O	O	O	O	O	_	_	_	_	_	_
envoyé	O	O	O	O	O	O	_	_	_	_	_	_
à	O	O	O	O	O	O	_	_	_	_	_	_
leurs	O	O	O	O	O	O	_	_	_	_	_	_
confrères	O	O	O	O	O	O	_	_	EndOfLine	_	_	_
# segment_iiif_link = https://iiif.eluxemburgensia.lu/iiif/2/ark:%2f70795%2fswh9h6%2fpages%2f1/1796,1797,788,50/full/0/default.jpg
de	O	O	O	O	O	O	_	_	_	_	_	_
Moscou	O	O	O	O	O	O	_	_	_	_	_	_
une	O	O	O	O	O	O	_	_	_	_	_	_
adhésion	O	O	O	O	O	O	_	_	_	_	_	_
complète	O	O	O	O	O	O	_	_	_	_	_	_
à	O	O	O	O	O	O	_	_	_	_	_	_
leurs	O	O	O	O	O	O	_	_	EndOfLine	_	_	_
# segment_iiif_link = https://iiif.eluxemburgensia.lu/iiif/2/ark:%2f70795%2fswh9h6%2fpages%2f1/1796,1856,789,53/full/0/default.jpg
vœux	O	O	O	O	O	O	_	_	NoSpaceAfter	_	_	_
,	O	O	O	O	O	O	_	_	_	_	_	_
sur	O	O	O	O	O	O	_	_	_	_	_	_
lesquels	O	O	O	O	O	O	_	_	_	_	_	_
les	O	O	O	O	O	O	_	_	_	_	_	_
dusses	O	O	O	O	O	O	_	_	_	_	_	_
élevées	O	O	O	O	O	O	_	_	_	_	_	_
du	O	O	O	O	O	O	_	_	EndOfLine	_	_	_
# segment_iiif_link = https://iiif.eluxemburgensia.lu/iiif/2/ark:%2f70795%2fswh9h6%2fpages%2f1/1798,1908,444,50/full/0/default.jpg
pays	O	O	O	O	O	O	_	_	_	_	_	_
semblent	O	O	O	O	O	O	_	_	_	_	_	_
unanimes	O	O	O	O	O	O	_	_	NoSpaceAfter	_	_	_
.	O	O	O	O	O	O	_	_	EndOfLine	_	_	_
# segment_iiif_link = https://iiif.eluxemburgensia.lu/iiif/2/ark:%2f70795%2fswh9h6%2fpages%2f1/1842,1951,739,50/full/0/default.jpg
Les	O	O	O	O	O	O	_	_	_	_	_	_
derniers	O	O	O	O	O	O	_	_	_	_	_	_
rapports	O	O	O	O	O	O	_	_	_	_	_	_
de	O	O	O	O	O	O	_	_	_	_	_	_
Syrie	O	O	O	O	O	O	_	_	_	_	_	_
mandent	O	O	O	O	O	O	_	_	EndOfLine	_	_	_
# segment_iiif_link = https://iiif.eluxemburgensia.lu/iiif/2/ark:%2f70795%2fswh9h6%2fpages%2f1/1798,2010,784,51/full/0/default.jpg
que	O	O	O	O	O	O	_	_	_	_	_	_
Joseph	O	O	O	O	O	O	_	_	_	_	_	_
Karam	O	O	O	O	O	O	_	_	_	_	_	_
a	O	O	O	O	O	O	_	_	_	_	_	_
entrepris	O	O	O	O	O	O	_	_	_	_	_	_
une	O	O	O	O	O	O	_	_	_	_	_	_
nouvelle	O	O	O	O	O	O	_	_	EndOfLine	_	_	_
# segment_iiif_link = https://iiif.eluxemburgensia.lu/iiif/2/ark:%2f70795%2fswh9h6%2fpages%2f1/1797,2051,785,60/full/0/default.jpg
aggresaion	O	O	O	O	O	O	_	_	_	_	_	_
contre	O	O	O	O	O	O	_	_	_	_	_	_
l	O	O	O	O	O	O	_	_	NoSpaceAfter	_	_	_
'	O	O	O	O	O	O	_	_	NoSpaceAfter	_	_	_
autorité	O	O	O	O	O	O	_	_	_	_	_	_
de	O	O	O	O	O	O	_	_	_	_	_	_
Douad	O	O	O	O	O	O	_	_	_	_	_	_
Pacha	O	O	O	O	O	O	_	_	EndOfLine	_	_	_
# segment_iiif_link = https://iiif.eluxemburgensia.lu/iiif/2/ark:%2f70795%2fswh9h6%2fpages%2f1/1798,2105,784,47/full/0/default.jpg
et	O	O	O	O	O	O	_	_	_	_	_	_
de	O	O	O	O	O	O	_	_	_	_	_	_
la	O	O	O	O	O	O	_	_	_	_	_	_
Porte	O	O	O	O	O	O	_	_	_	_	_	_
Ottomane	O	O	O	O	O	O	_	_	NoSpaceAfter	_	_	_
,	O	O	O	O	O	O	_	_	_	_	_	_
et	O	O	O	O	O	O	_	_	_	_	_	_
qu	O	O	O	O	O	O	_	_	NoSpaceAfter	_	_	_
'	O	O	O	O	O	O	_	_	NoSpaceAfter	_	_	_
il	O	O	O	O	O	O	_	_	_	_	_	_
a	O	O	O	O	O	O	_	_	_	_	_	_
livré	O	O	O	O	O	O	_	_	EndOfLine	_	_	_
# segment_iiif_link = https://iiif.eluxemburgensia.lu/iiif/2/ark:%2f70795%2fswh9h6%2fpages%2f1/1799,2162,783,41/full/0/default.jpg
uu	O	O	O	O	O	O	_	_	_	_	_	_
combat	O	O	O	O	O	O	_	_	_	_	_	_
aux	O	O	O	O	O	O	_	_	_	_	_	_
troupes	O	O	O	O	O	O	_	_	_	_	_	_
ottomanes	O	O	O	O	O	O	_	_	NoSpaceAfter	_	_	_
.	O	O	O	O	O	O	_	_	_	_	_	_
La	O	O	O	O	O	O	_	_	_	_	_	_
Porte	O	O	O	O	O	O	_	_	NoSpaceAfter	_	_	_
,	O	O	O	O	O	O	_	_	EndOfLine	_	_	_
# segment_iiif_link = https://iiif.eluxemburgensia.lu/iiif/2/ark:%2f70795%2fswh9h6%2fpages%2f1/1798,2204,785,51/full/0/default.jpg
afin	O	O	O	O	O	O	_	_	_	_	_	_
de	O	O	O	O	O	O	_	_	_	_	_	_
faire	O	O	O	O	O	O	_	_	_	_	_	_
face	O	O	O	O	O	O	_	_	_	_	_	_
à	O	O	O	O	O	O	_	_	_	_	_	_
toutes	O	O	O	O	O	O	_	_	_	_	_	_
les	O	O	O	O	O	O	_	_	_	_	_	_
éventualités	O	O	O	O	O	O	_	_	NoSpaceAfter	_	_	_
,	O	O	O	O	O	O	_	_	EndOfLine	_	_	_
# segment_iiif_link = https://iiif.eluxemburgensia.lu/iiif/2/ark:%2f70795%2fswh9h6%2fpages%2f1/1798,2264,786,43/full/0/default.jpg
a	O	O	O	O	O	O	_	_	_	_	_	_
expédié	O	O	O	O	O	O	_	_	_	_	_	_
de	O	O	O	O	O	O	_	_	_	_	_	_
nouveaux	O	O	O	O	O	O	_	_	_	_	_	_
envois	O	O	O	O	O	O	_	_	_	_	_	_
do	O	O	O	O	O	O	_	_	_	_	_	_
troupes	O	O	O	O	O	O	_	_	EndOfLine	_	_	_
# segment_iiif_link = https://iiif.eluxemburgensia.lu/iiif/2/ark:%2f70795%2fswh9h6%2fpages%2f1/1799,2317,249,50/full/0/default.jpg
pour	O	O	O	O	O	O	_	_	_	_	_	_
la	O	O	O	O	O	O	_	_	_	_	_	_
Syrie	O	O	O	O	O	O	_	_	NoSpaceAfter	_	_	_
.	O	O	O	O	O	O	_	_	EndOfLine	_	_	_
# segment_iiif_link = https://iiif.eluxemburgensia.lu/iiif/2/ark:%2f70795%2fswh9h6%2fpages%2f1/1842,2363,743,56/full/0/default.jpg
Bruxelles	O	O	O	O	O	O	_	_	NoSpaceAfter	_	_	_
,	O	O	O	O	O	O	_	_	_	_	_	_
12	O	O	O	O	O	O	_	_	_	_	_	_
février	O	O	O	O	O	O	_	_	NoSpaceAfter	_	_	_
.	O	O	O	O	O	O	_	_	_	_	_	_
—	O	O	O	O	O	O	_	_	_	_	_	_
Le	O	O	O	O	O	O	_	_	_	_	_	_
roi	O	O	O	O	O	O	_	_	_	_	_	_
a	O	O	O	O	O	O	_	_	_	_	_	_
reçu	O	O	O	O	O	O	_	_	EndOfLine	_	_	_
# segment_iiif_link = https://iiif.eluxemburgensia.lu/iiif/2/ark:%2f70795%2fswh9h6%2fpages%2f1/1798,2415,786,60/full/0/default.jpg
aujourd	O	O	O	O	O	O	_	_	NoSpaceAfter	_	_	_
'	O	O	O	O	O	O	_	_	NoSpaceAfter	_	_	_
hui	O	O	O	O	O	O	_	_	_	_	_	_
à	O	O	O	O	O	O	_	_	_	_	_	_
deux	O	O	O	O	O	O	_	_	_	_	_	_
heures	O	O	O	O	O	O	_	_	_	_	_	_
et	O	O	O	O	O	O	_	_	_	_	_	_
demie	O	O	O	O	O	O	_	_	NoSpaceAfter	_	_	_
,	O	O	O	O	O	O	_	_	_	_	_	_
les	O	O	O	O	O	O	_	_	EndOfLine	_	_	_
# segment_iiif_link = https://iiif.eluxemburgensia.lu/iiif/2/ark:%2f70795%2fswh9h6%2fpages%2f1/1797,2463,787,62/full/0/default.jpg
insignes	O	O	O	O	O	O	_	_	_	_	_	_
de	O	O	O	O	O	O	_	_	_	_	_	_
l	O	O	O	O	O	O	_	_	NoSpaceAfter	_	_	_
'	O	O	O	O	O	O	_	_	NoSpaceAfter	_	_	_
ordre	O	O	O	O	O	O	_	_	_	_	_	_
de	O	O	O	O	O	O	_	_	_	_	_	_
la	O	O	O	O	O	O	_	_	_	_	_	_
Jarretière	O	O	O	O	O	O	_	_	NoSpaceAfter	_	_	_
.	O	O	O	O	O	O	_	_	_	_	_	_
Sa	O	O	O	O	O	O	_	_	EndOfLine	_	_	_
# segment_iiif_link = https://iiif.eluxemburgensia.lu/iiif/2/ark:%2f70795%2fswh9h6%2fpages%2f1/1799,2514,770,61/full/0/default.jpg
Majesté	O	O	O	O	O	O	_	_	_	_	_	_
ne	O	O	O	O	O	O	_	_	_	_	_	_
portant	O	O	O	O	O	O	_	_	_	_	_	_
aucune	O	O	O	O	O	O	_	_	_	_	_	_
décoration	O	O	O	O	O	O	_	_	NoSpaceAfter	_	_	_
,	O	O	O	O	O	O	_	_	EndOfLine	_	_	_
# segment_iiif_link = https://iiif.eluxemburgensia.lu/iiif/2/ark:%2f70795%2fswh9h6%2fpages%2f1/1798,2567,787,48/full/0/default.jpg
atten	O	O	O	O	O	O	_	_	_	_	_	_
'	O	O	O	O	O	O	_	_	NoSpaceAfter	_	_	_
ait	O	O	O	O	O	O	_	_	_	_	_	_
la	O	O	O	O	O	O	_	_	_	_	_	_
députation	O	O	O	O	O	O	_	_	_	_	_	_
anglaise	O	O	O	O	O	O	_	_	_	_	_	_
dans	O	O	O	O	O	O	_	_	_	_	_	_
le	O	O	O	O	O	O	_	_	_	_	_	_
salon	O	O	O	O	O	O	_	_	EndOfLine	_	_	_
# segment_iiif_link = https://iiif.eluxemburgensia.lu/iiif/2/ark:%2f70795%2fswh9h6%2fpages%2f1/1797,2613,788,53/full/0/default.jpg
bleu	O	O	O	O	O	O	_	_	NoSpaceAfter	_	_	_
.	O	O	O	O	O	O	_	_	_	_	_	_
La	O	O	O	O	O	O	_	_	_	_	_	_
reine	O	O	O	O	O	O	_	_	_	_	_	_
était	O	O	O	O	O	O	_	_	_	_	_	_
à	O	O	O	O	O	O	_	_	_	_	_	_
sa	O	O	O	O	O	O	_	_	_	_	_	_
droite	O	O	O	O	O	O	_	_	_	_	_	_
et	O	O	O	O	O	O	_	_	_	_	_	_
le	O	O	O	O	O	O	_	_	_	_	_	_
comte	O	O	O	O	O	O	_	_	EndOfLine	_	_	_
# segment_iiif_link = https://iiif.eluxemburgensia.lu/iiif/2/ark:%2f70795%2fswh9h6%2fpages%2f1/1797,2664,434,51/full/0/default.jpg
de	O	O	O	O	O	O	_	_	_	_	_	_
Flandre	O	O	O	O	O	O	_	_	_	_	_	_
à	O	O	O	O	O	O	_	_	_	_	_	_
sa	O	O	O	O	O	O	_	_	_	_	_	_
gauche	O	O	O	O	O	O	_	_	NoSpaceAfter	_	_	_
.	O	O	O	O	O	O	_	_	EndOfLine	_	_	_
# segment_iiif_link = https://iiif.eluxemburgensia.lu/iiif/2/ark:%2f70795%2fswh9h6%2fpages%2f1/1840,2804,748,50/full/0/default.jpg
On	O	O	O	O	O	O	_	_	_	_	_	_
écrit	O	O	O	O	O	O	_	_	_	_	_	_
de	O	O	O	O	O	O	_	_	_	_	_	_
Berlin	O	O	O	O	O	O	_	_	_	_	_	_
à	O	O	O	O	O	O	_	_	_	_	_	_
la	O	O	O	O	O	O	_	_	_	_	_	_
Bœrsenhalle	O	O	O	O	O	O	_	_	_	_	_	_
:	O	O	O	O	O	O	_	_	EndOfLine	_	_	_
# segment_iiif_link = https://iiif.eluxemburgensia.lu/iiif/2/ark:%2f70795%2fswh9h6%2fpages%2f1/1804,2852,784,61/full/0/default.jpg
«	O	O	O	O	O	O	_	_	NoSpaceAfter	_	_	_
On	O	O	O	O	O	O	_	_	_	_	_	_
ne	O	O	O	O	O	O	_	_	_	_	_	_
croit	O	O	O	O	O	O	_	_	_	_	_	_
pas	O	O	O	O	O	O	_	_	_	_	_	_
ici	O	O	O	O	O	O	_	_	NoSpaceAfter	_	_	_
,	O	O	O	O	O	O	_	_	_	_	_	_
dans	O	O	O	O	O	O	_	_	_	_	_	_
les	O	O	O	O	O	O	_	_	_	_	_	_
cercles	O	O	O	O	O	O	_	_	_	_	_	_
bien	O	O	O	O	O	O	_	_	EndOfLine	_	_	_
# segment_iiif_link = https://iiif.eluxemburgensia.lu/iiif/2/ark:%2f70795%2fswh9h6%2fpages%2f1/1799,2905,773,56/full/0/default.jpg
renseignés	O	O	O	O	O	O	_	_	NoSpaceAfter	_	_	_
,	O	O	O	O	O	O	_	_	_	_	_	_
que	O	O	O	O	O	O	_	_	_	_	_	_
les	O	O	O	O	O	O	_	_	_	_	_	_
négociations	O	O	O	O	O	O	_	_	_	_	_	_
avec	O	O	O	O	O	O	_	_	_	_	_	_
l	O	O	O	O	O	O	_	_	NoSpaceAfter	_	_	_
'	O	O	O	O	O	O	_	_	NoSpaceAfter	_	_	_
An	O	O	O	O	O	O	_	_	EndOfLine	_	_	_
# segment_iiif_link = https://iiif.eluxemburgensia.lu/iiif/2/ark:%2f70795%2fswh9h6%2fpages%2f1/1798,2945,788,47/full/0/default.jpg
tncho	O	O	O	O	O	O	_	_	_	_	_	_
aient	O	O	O	O	O	O	_	_	_	_	_	_
pris	O	O	O	O	O	O	_	_	_	_	_	_
un	O	O	O	O	O	O	_	_	_	_	_	_
caractère	O	O	O	O	O	O	_	_	_	_	_	_
si	O	O	O	O	O	O	_	_	_	_	_	_
roido	O	O	O	O	O	O	_	_	_	_	_	_
qu	O	O	O	O	O	O	_	_	NoSpaceAfter	_	_	_
'	O	O	O	O	O	O	_	_	NoSpaceAfter	_	_	_
on	O	O	O	O	O	O	_	_	EndOfLine	_	_	_
# segment_iiif_link = https://iiif.eluxemburgensia.lu/iiif/2/ark:%2f70795%2fswh9h6%2fpages%2f1/1796,2991,791,60/full/0/default.jpg
■	O	O	O	O	O	O	_	_	_	_	_	_
c	O	O	O	O	O	O	_	_	_	_	_	_
dit	O	O	O	O	O	O	_	_	_	_	_	_
et	O	O	O	O	O	O	_	_	_	_	_	_
que	O	O	O	O	O	O	_	_	_	_	_	_
la	O	O	O	O	O	O	_	_	_	_	_	_
situation	O	O	O	O	O	O	_	_	_	_	_	_
soit	O	O	O	O	O	O	_	_	_	_	_	_
si	O	O	O	O	O	O	_	_	_	_	_	_
sombre	O	O	O	O	O	O	_	_	EndOfLine	_	_	_
# segment_iiif_link = https://iiif.eluxemburgensia.lu/iiif/2/ark:%2f70795%2fswh9h6%2fpages%2f1/1798,3039,786,60/full/0/default.jpg
qu	O	O	O	O	O	O	_	_	NoSpaceAfter	_	_	_
'	O	O	O	O	O	O	_	_	NoSpaceAfter	_	_	_
on	O	O	O	O	O	O	_	_	_	_	_	_
le	O	O	O	O	O	O	_	_	_	_	_	_
suppose	O	O	O	O	O	O	_	_	NoSpaceAfter	_	_	_
.	O	O	O	O	O	O	_	_	_	_	_	_
D	O	O	O	O	O	O	_	_	NoSpaceAfter	_	_	_
'	O	O	O	O	O	O	_	_	NoSpaceAfter	_	_	_
autre	O	O	O	O	O	O	_	_	_	_	_	_
part	O	O	O	O	O	O	_	_	_	_	_	_
cependant	O	O	O	O	O	O	_	_	NoSpaceAfter	_	_	_
,	O	O	O	O	O	O	_	_	EndOfLine	_	_	_
# segment_iiif_link = https://iiif.eluxemburgensia.lu/iiif/2/ark:%2f70795%2fswh9h6%2fpages%2f1/1798,3091,784,51/full/0/default.jpg
il	O	O	O	O	O	O	_	_	_	_	_	_
est	O	O	O	O	O	O	_	_	_	_	_	_
vrai	O	O	O	O	O	O	_	_	_	_	_	_
que	O	O	O	O	O	O	_	_	_	_	_	_
si	O	O	O	O	O	O	_	_	_	_	_	_
l	O	O	O	O	O	O	_	_	NoSpaceAfter	_	_	_
'	O	O	O	O	O	O	_	_	NoSpaceAfter	_	_	_
Autriche	O	O	O	O	O	O	_	_	_	_	_	_
prenait	O	O	O	O	O	O	_	_	_	_	_	_
parti	O	O	O	O	O	O	_	_	EndOfLine	_	_	_
# segment_iiif_link = https://iiif.eluxemburgensia.lu/iiif/2/ark:%2f70795%2fswh9h6%2fpages%2f1/1797,3140,788,51/full/0/default.jpg
d	O	O	O	O	O	O	_	_	NoSpaceAfter	_	_	_
'	O	O	O	O	O	O	_	_	NoSpaceAfter	_	_	_
une	O	O	O	O	O	O	_	_	_	_	_	_
façon	O	O	O	O	O	O	_	_	_	_	_	_
ostensible	O	O	O	O	O	O	_	_	_	_	_	_
et	O	O	O	O	O	O	_	_	_	_	_	_
positive	O	O	O	O	O	O	_	_	_	_	_	_
pour	O	O	O	O	O	O	_	_	_	_	_	_
les	O	O	O	O	O	O	_	_	EndOfLine	_	_	_
# segment_iiif_link = https://iiif.eluxemburgensia.lu/iiif/2/ark:%2f70795%2fswh9h6%2fpages%2f1/1798,3187,785,63/full/0/default.jpg
prétentions	O	O	O	O	O	O	_	_	_	_	_	_
du	O	O	O	O	O	O	_	_	_	_	_	_
prince	O	O	O	O	O	O	_	_	_	_	_	_
d	O	O	O	O	O	O	_	_	NoSpaceAfter	_	_	_
'	O	O	O	O	O	O	_	_	NoSpaceAfter	_	_	_
Augustcnbourg	O	O	O	O	O	O	_	_	NoSpaceAfter	_	_	_
,	O	O	O	O	O	O	_	_	_	_	_	_
—	O	O	O	O	O	O	_	_	EndOfLine	_	_	_
# segment_iiif_link = https://iiif.eluxemburgensia.lu/iiif/2/ark:%2f70795%2fswh9h6%2fpages%2f1/1798,3244,784,48/full/0/default.jpg
et	O	O	O	O	O	O	_	_	_	_	_	_
suivant	O	O	O	O	O	O	_	_	_	_	_	_
les	O	O	O	O	O	O	_	_	_	_	_	_
circonstances	O	O	O	O	O	O	_	_	_	_	_	_
on	O	O	O	O	O	O	_	_	_	_	_	_
verrait	O	O	O	O	O	O	_	_	_	_	_	_
un	O	O	O	O	O	O	_	_	EndOfLine	_	_	_
# segment_iiif_link = https://iiif.eluxemburgensia.lu/iiif/2/ark:%2f70795%2fswh9h6%2fpages%2f1/1798,3291,786,54/full/0/default.jpg
fait	O	O	O	O	O	O	_	_	_	_	_	_
de	O	O	O	O	O	O	_	_	_	_	_	_
ce	O	O	O	O	O	O	_	_	_	_	_	_
genre	O	O	O	O	O	O	_	_	_	_	_	_
dans	O	O	O	O	O	O	_	_	_	_	_	_
la	O	O	O	O	O	O	_	_	_	_	_	_
convocation	O	O	O	O	O	O	_	_	_	_	_	_
des	O	O	O	O	O	O	_	_	EndOfLine	_	_	_
# segment_iiif_link = https://iiif.eluxemburgensia.lu/iiif/2/ark:%2f70795%2fswh9h6%2fpages%2f1/1798,3343,787,54/full/0/default.jpg
Etats	O	O	O	O	O	O	_	_	_	_	_	_
du	O	O	O	O	O	O	_	_	_	_	_	_
Holstein	O	O	O	O	O	O	_	_	_	_	_	_
par	O	O	O	O	O	O	_	_	_	_	_	_
l	O	O	O	O	O	O	_	_	NoSpaceAfter	_	_	_
'	O	O	O	O	O	O	_	_	NoSpaceAfter	_	_	_
Autriche	O	O	O	O	O	O	_	_	_	_	_	_
seule	O	O	O	O	O	O	_	_	NoSpaceAfter	_	_	_
,	O	O	O	O	O	O	_	_	_	_	_	_
—	O	O	O	O	O	O	_	_	EndOfLine	_	_	_
# segment_iiif_link = https://iiif.eluxemburgensia.lu/iiif/2/ark:%2f70795%2fswh9h6%2fpages%2f1/2649,1601,793,50/full/0/default.jpg
la	O	O	O	O	O	O	_	_	_	_	_	_
Prusse	O	O	O	O	O	O	_	_	_	_	_	_
procéderait	O	O	O	O	O	O	_	_	_	_	_	_
immédiatement	O	O	O	O	O	O	_	_	_	_	_	_
à	O	O	O	O	O	O	_	_	EndOfLine	_	_	_
# segment_iiif_link = https://iiif.eluxemburgensia.lu/iiif/2/ark:%2f70795%2fswh9h6%2fpages%2f1/2650,1652,153,51/full/0/default.jpg
l	O	O	O	O	O	O	_	_	NoSpaceAfter	_	_	_
'	O	O	O	O	O	O	_	_	NoSpaceAfter	_	_	_
action	O	O	O	O	O	O	_	_	NoSpaceAfter	_	_	_
.	O	O	O	O	O	O	_	_	NoSpaceAfter	_	_	_
"	O	O	O	O	O	O	_	_	EndOfLine	EndOfSentence	_	_
# segment_iiif_link = https://iiif.eluxemburgensia.lu/iiif/2/ark:%2f70795%2fswh9h6%2fpages%2f1/2691,1703,742,50/full/0/default.jpg
On	O	O	O	O	O	O	_	_	_	_	_	_
écrit	O	O	O	O	O	O	_	_	_	_	_	_
de	O	O	O	O	O	O	_	_	_	_	_	_
Berlin	O	O	O	O	O	O	_	_	NoSpaceAfter	_	_	_
,	O	O	O	O	O	O	_	_	_	_	_	_
à	O	O	O	O	O	O	_	_	_	_	_	_
l	O	O	O	O	O	O	_	_	NoSpaceAfter	_	_	_
'	O	O	O	O	O	O	_	_	NoSpaceAfter	_	_	_
Agence	O	O	O	O	O	O	Q2826560	_	_	_	LED0.00	_
Havas	B-org	O	B-org.ent.pressagency.Havas	O	O	O	Q2826560	_	EndOfLine	_	LED0.00	_
# segment_iiif_link = https://iiif.eluxemburgensia.lu/iiif/2/ark:%2f70795%2fswh9h6%2fpages%2f1/2649,1759,792,51/full/0/default.jpg
que	O	O	O	O	O	O	_	_	_	_	_	_
le	O	O	O	O	O	O	_	_	_	_	_	_
conseil	O	O	O	O	O	O	_	_	_	_	_	_
des	O	O	O	O	O	O	_	_	_	_	_	_
ministres	O	O	O	O	O	O	_	_	_	_	_	_
s	O	O	O	O	O	O	_	_	NoSpaceAfter	_	_	_
'	O	O	O	O	O	O	_	_	NoSpaceAfter	_	_	_
est	O	O	O	O	O	O	_	_	_	_	_	_
réuni	O	O	O	O	O	O	_	_	_	_	_	_
le	O	O	O	O	O	O	_	_	_	_	_	_
12	O	O	O	O	O	O	_	_	EndOfLine	_	_	_
# segment_iiif_link = https://iiif.eluxemburgensia.lu/iiif/2/ark:%2f70795%2fswh9h6%2fpages%2f1/2648,1808,779,49/full/0/default.jpg
pour	O	O	O	O	O	O	_	_	_	_	_	_
examiner	O	O	O	O	O	O	_	_	_	_	_	_
si	O	O	O	O	O	O	_	_	NoSpaceAfter	_	_	_
,	O	O	O	O	O	O	_	_	_	_	_	_
après	O	O	O	O	O	O	_	_	_	_	_	_
les	O	O	O	O	O	O	_	_	_	_	_	_
discussions	O	O	O	O	O	O	_	_	EndOfLine	_	_	_
# segment_iiif_link = https://iiif.eluxemburgensia.lu/iiif/2/ark:%2f70795%2fswh9h6%2fpages%2f1/2645,1857,793,51/full/0/default.jpg
orageuses	O	O	O	O	O	O	_	_	_	_	_	_
de	O	O	O	O	O	O	_	_	_	_	_	_
la	O	O	O	O	O	O	_	_	_	_	_	_
semaine	O	O	O	O	O	O	_	_	_	_	_	_
passée	O	O	O	O	O	O	_	_	NoSpaceAfter	_	_	_
,	O	O	O	O	O	O	_	_	_	_	_	_
il	O	O	O	O	O	O	_	_	_	_	_	_
y	O	O	O	O	O	O	_	_	_	_	_	_
avait	O	O	O	O	O	O	_	_	_	_	_	_
lieu	O	O	O	O	O	O	_	_	EndOfLine	_	_	_
# segment_iiif_link = https://iiif.eluxemburgensia.lu/iiif/2/ark:%2f70795%2fswh9h6%2fpages%2f1/2644,1896,797,49/full/0/default.jpg
de	O	O	O	O	O	O	_	_	_	_	_	_
procéder	O	O	O	O	O	O	_	_	_	_	_	_
à	O	O	O	O	O	O	_	_	_	_	_	_
la	O	O	O	O	O	O	_	_	_	_	_	_
clôture	O	O	O	O	O	O	_	_	_	_	_	_
immédiate	O	O	O	O	O	O	_	_	_	_	_	_
de	O	O	O	O	O	O	_	_	_	_	_	_
la	O	O	O	O	O	O	_	_	EndOfLine	_	_	_
# segment_iiif_link = https://iiif.eluxemburgensia.lu/iiif/2/ark:%2f70795%2fswh9h6%2fpages%2f1/2644,1946,794,55/full/0/default.jpg
Session	O	O	O	O	O	O	_	_	NoSpaceAfter	_	_	_
,	O	O	O	O	O	O	_	_	_	_	_	_
et	O	O	O	O	O	O	_	_	_	_	_	_
qu	O	O	O	O	O	O	_	_	NoSpaceAfter	_	_	_
'	O	O	O	O	O	O	_	_	NoSpaceAfter	_	_	_
on	O	O	O	O	O	O	_	_	_	_	_	_
se	O	O	O	O	O	O	_	_	_	_	_	_
serait	O	O	O	O	O	O	_	_	_	_	_	_
décidé	O	O	O	O	O	O	_	_	_	_	_	_
pour	O	O	O	O	O	O	_	_	_	_	_	_
la	O	O	O	O	O	O	_	_	EndOfLine	_	_	_
# segment_iiif_link = https://iiif.eluxemburgensia.lu/iiif/2/ark:%2f70795%2fswh9h6%2fpages%2f1/2643,1993,795,54/full/0/default.jpg
Continuation	O	O	O	O	O	O	_	_	_	_	_	_
des	O	O	O	O	O	O	_	_	_	_	_	_
travaux	O	O	O	O	O	O	_	_	_	_	_	_
des	O	O	O	O	O	O	_	_	_	_	_	_
Chambres	O	O	O	O	O	O	_	_	NoSpaceAfter	_	_	_
.	O	O	O	O	O	O	_	_	_	EndOfSentence	_	_
La	O	O	O	O	O	O	_	_	EndOfLine	_	_	_
# segment_iiif_link = https://iiif.eluxemburgensia.lu/iiif/2/ark:%2f70795%2fswh9h6%2fpages%2f1/2644,2032,776,73/full/0/default.jpg
Clôture	O	O	O	O	O	O	_	_	_	_	_	_
immédiate	O	O	O	O	O	O	_	_	_	_	_	_
de	O	O	O	O	O	O	_	_	_	_	_	_
la	O	O	O	O	O	O	_	_	_	_	_	_
session	O	O	O	O	O	O	_	_	EndOfLine	_	_	_
# segment_iiif_link = https://iiif.eluxemburgensia.lu/iiif/2/ark:%2f70795%2fswh9h6%2fpages%2f1/2644,2088,793,83/full/0/default.jpg
empêcherait	O	O	O	O	O	O	_	_	_	_	_	_
les	O	O	O	O	O	O	_	_	_	_	_	_
Chambres	O	O	O	O	O	O	_	_	_	_	_	_
de	O	O	O	O	O	O	_	_	_	_	_	_
donner	O	O	O	O	O	O	_	_	_	_	_	_
leur	O	O	O	O	O	O	_	_	_	_	_	_
adhésion	O	O	O	O	O	O	_	_	EndOfLine	_	_	_
# segment_iiif_link = https://iiif.eluxemburgensia.lu/iiif/2/ark:%2f70795%2fswh9h6%2fpages%2f1/2644,2137,798,61/full/0/default.jpg
lu	O	O	O	O	O	O	_	_	_	_	_	_
traité	O	O	O	O	O	O	_	_	_	_	_	_
de	O	O	O	O	O	O	_	_	_	_	_	_
commerce	O	O	O	O	O	O	_	_	_	_	_	_
avec	O	O	O	O	O	O	_	_	_	_	_	_
l	O	O	O	O	O	O	_	_	NoSpaceAfter	_	_	_
'	O	O	O	O	O	O	_	_	NoSpaceAfter	_	_	_
Italie	O	O	O	O	O	O	_	_	_	_	_	_
et	O	O	O	O	O	O	_	_	_	_	_	_
au	O	O	O	O	O	O	_	_	EndOfLine	_	_	_
# segment_iiif_link = https://iiif.eluxemburgensia.lu/iiif/2/ark:%2f70795%2fswh9h6%2fpages%2f1/2645,2199,784,53/full/0/default.jpg
traité	O	O	O	O	O	O	_	_	_	_	_	_
de	O	O	O	O	O	O	_	_	_	_	_	_
navigation	O	O	O	O	O	O	_	_	_	_	_	_
avec	O	O	O	O	O	O	_	_	_	_	_	_
la	O	O	O	O	O	O	_	_	_	_	_	_
Grande	O	O	O	O	O	O	_	_	NoSpaceAfter	_	_	_
-	O	O	O	O	O	O	_	_	NoSpaceAfter	_	_	_
Bretagne	O	O	O	O	O	O	_	_	EndOfLine	_	_	_
# segment_iiif_link = https://iiif.eluxemburgensia.lu/iiif/2/ark:%2f70795%2fswh9h6%2fpages%2f1/2646,2251,786,51/full/0/default.jpg
de	O	O	O	O	O	O	_	_	_	_	_	_
sorte	O	O	O	O	O	O	_	_	_	_	_	_
que	O	O	O	O	O	O	_	_	_	_	_	_
la	O	O	O	O	O	O	_	_	_	_	_	_
ratification	O	O	O	O	O	O	_	_	_	_	_	_
des	O	O	O	O	O	O	_	_	_	_	_	_
traités	O	O	O	O	O	O	_	_	_	_	_	_
serait	O	O	O	O	O	O	_	_	EndOfLine	_	_	_
# segment_iiif_link = https://iiif.eluxemburgensia.lu/iiif/2/ark:%2f70795%2fswh9h6%2fpages%2f1/2646,2305,394,51/full/0/default.jpg
tetardée	O	O	O	O	O	O	_	_	_	_	_	_
d	O	O	O	O	O	O	_	_	NoSpaceAfter	_	_	_
'	O	O	O	O	O	O	_	_	NoSpaceAfter	_	_	_
une	O	O	O	O	O	O	_	_	_	_	_	_
année	O	O	O	O	O	O	_	_	NoSpaceAfter	_	_	_
.	O	O	O	O	O	O	_	_	EndOfLine	EndOfSentence	_	_
# segment_iiif_link = https://iiif.eluxemburgensia.lu/iiif/2/ark:%2f70795%2fswh9h6%2fpages%2f1/2691,2356,749,50/full/0/default.jpg
Les	O	O	O	O	O	O	_	_	_	_	_	_
membres	O	O	O	O	O	O	_	_	_	_	_	_
des	O	O	O	O	O	O	_	_	_	_	_	_
deux	O	O	O	O	O	O	_	_	_	_	_	_
grandes	O	O	O	O	O	O	_	_	_	_	_	_
fractions	O	O	O	O	O	O	_	_	EndOfLine	_	_	_
# segment_iiif_link = https://iiif.eluxemburgensia.lu/iiif/2/ark:%2f70795%2fswh9h6%2fpages%2f1/2648,2404,794,53/full/0/default.jpg
libérales	O	O	O	O	O	O	_	_	_	_	_	_
qui	O	O	O	O	O	O	_	_	_	_	_	_
disposent	O	O	O	O	O	O	_	_	_	_	_	_
à	O	O	O	O	O	O	_	_	_	_	_	_
elles	O	O	O	O	O	O	_	_	_	_	_	_
seules	O	O	O	O	O	O	_	_	NoSpaceAfter	_	_	_
,	O	O	O	O	O	O	_	_	_	_	_	_
dans	O	O	O	O	O	O	_	_	EndOfLine	_	_	_
# segment_iiif_link = https://iiif.eluxemburgensia.lu/iiif/2/ark:%2f70795%2fswh9h6%2fpages%2f1/2646,2455,797,50/full/0/default.jpg
la	O	O	O	O	O	O	_	_	_	_	_	_
Chambre	O	O	O	O	O	O	_	_	_	_	_	_
des	O	O	O	O	O	O	_	_	_	_	_	_
députés	O	O	O	O	O	O	_	_	_	_	_	_
prussiens	O	O	O	O	O	O	_	_	NoSpaceAfter	_	_	_
,	O	O	O	O	O	O	_	_	_	_	_	_
de	O	O	O	O	O	O	_	_	EndOfLine	_	_	_
# segment_iiif_link = https://iiif.eluxemburgensia.lu/iiif/2/ark:%2f70795%2fswh9h6%2fpages%2f1/2646,2505,797,49/full/0/default.jpg
245	O	O	O	O	O	O	_	_	_	_	_	_
voix	O	O	O	O	O	O	_	_	_	_	_	_
(	O	O	O	O	O	O	_	_	NoSpaceAfter	_	_	_
sur	O	O	O	O	O	O	_	_	_	_	_	_
350	O	O	O	O	O	O	_	_	NoSpaceAfter	_	_	_
)	O	O	O	O	O	O	_	_	NoSpaceAfter	_	_	_
,	O	O	O	O	O	O	_	_	_	_	_	_
viennent	O	O	O	O	O	O	_	_	_	_	_	_
d	O	O	O	O	O	O	_	_	NoSpaceAfter	_	_	_
'	O	O	O	O	O	O	_	_	NoSpaceAfter	_	_	_
envoyer	O	O	O	O	O	O	_	_	_	_	_	_
au	O	O	O	O	O	O	_	_	EndOfLine	_	_	_
# segment_iiif_link = https://iiif.eluxemburgensia.lu/iiif/2/ark:%2f70795%2fswh9h6%2fpages%2f1/2646,2555,799,51/full/0/default.jpg
conseiller	O	O	O	O	O	O	_	_	_	_	_	_
de	O	O	O	O	O	O	_	_	_	_	_	_
justice	O	O	O	O	O	O	_	_	NoSpaceAfter	_	_	_
,	O	O	O	O	O	O	_	_	_	_	_	_
M	O	O	O	O	O	O	_	_	NoSpaceAfter	_	_	_
.	O	O	O	O	O	O	_	_	_	_	_	_
de	O	O	O	O	O	O	_	_	_	_	_	_
Ammon	O	O	O	O	O	O	_	_	NoSpaceAfter	_	_	_
,	O	O	O	O	O	O	_	_	_	_	_	_
a	O	O	O	O	O	O	_	_	EndOfLine	_	_	_
# segment_iiif_link = https://iiif.eluxemburgensia.lu/iiif/2/ark:%2f70795%2fswh9h6%2fpages%2f1/2646,2604,795,62/full/0/default.jpg
Cologne	O	O	O	O	O	O	_	_	NoSpaceAfter	_	_	_
,	O	O	O	O	O	O	_	_	_	_	_	_
une	O	O	O	O	O	O	_	_	_	_	_	_
adresse	O	O	O	O	O	O	_	_	_	_	_	_
de	O	O	O	O	O	O	_	_	_	_	_	_
reconnaissante	O	O	O	O	O	O	_	_	_	_	_	_
pour	O	O	O	O	O	O	_	_	EndOfLine	_	_	_
# segment_iiif_link = https://iiif.eluxemburgensia.lu/iiif/2/ark:%2f70795%2fswh9h6%2fpages%2f1/2646,2656,795,53/full/0/default.jpg
la	O	O	O	O	O	O	_	_	_	_	_	_
déclaration	O	O	O	O	O	O	_	_	_	_	_	_
qu	O	O	O	O	O	O	_	_	NoSpaceAfter	_	_	_
'	O	O	O	O	O	O	_	_	NoSpaceAfter	_	_	_
il	O	O	O	O	O	O	_	_	_	_	_	_
a	O	O	O	O	O	O	_	_	_	_	_	_
publiée	O	O	O	O	O	O	_	_	_	_	_	_
dans	O	O	O	O	O	O	_	_	_	_	_	_
la	O	O	O	O	O	O	_	_	_	_	_	_
Gazette	O	O	O	O	O	O	_	_	EndOfLine	_	_	_
# segment_iiif_link = https://iiif.eluxemburgensia.lu/iiif/2/ark:%2f70795%2fswh9h6%2fpages%2f1/2648,2707,791,50/full/0/default.jpg
de	O	O	O	O	O	O	_	_	_	_	_	_
Cologne	O	O	O	O	O	O	_	_	_	_	_	_
sur	O	O	O	O	O	O	_	_	_	_	_	_
la	O	O	O	O	O	O	_	_	_	_	_	_
portée	O	O	O	O	O	O	_	_	_	_	_	_
de	O	O	O	O	O	O	_	_	_	_	_	_
l	O	O	O	O	O	O	_	_	NoSpaceAfter	_	_	_
'	O	O	O	O	O	O	_	_	NoSpaceAfter	_	_	_
article	O	O	O	O	O	O	_	_	_	_	_	_
84	O	O	O	O	O	O	_	_	_	_	_	_
de	O	O	O	O	O	O	_	_	EndOfLine	_	_	_
# segment_iiif_link = https://iiif.eluxemburgensia.lu/iiif/2/ark:%2f70795%2fswh9h6%2fpages%2f1/2648,2757,772,51/full/0/default.jpg
la	O	O	O	O	O	O	_	_	_	_	_	_
Constitution	O	O	O	O	O	O	_	_	NoSpaceAfter	_	_	_
.	O	O	O	O	O	O	_	_	_	EndOfSentence	_	_
Comme	O	O	O	O	O	O	_	_	_	_	_	_
la	O	O	O	O	O	O	_	_	_	_	_	_
Gazette	O	O	O	O	O	O	_	_	_	_	_	_
de	O	O	O	O	O	O	_	_	EndOfLine	_	_	_
# segment_iiif_link = https://iiif.eluxemburgensia.lu/iiif/2/ark:%2f70795%2fswh9h6%2fpages%2f1/2649,2808,795,62/full/0/default.jpg
Cologne	O	O	O	O	O	O	_	_	_	_	_	_
a	O	O	O	O	O	O	_	_	_	_	_	_
été	O	O	O	O	O	O	_	_	_	_	_	_
saisie	O	O	O	O	O	O	_	_	_	_	_	_
à	O	O	O	O	O	O	_	_	_	_	_	_
cause	O	O	O	O	O	O	_	_	_	_	_	_
de	O	O	O	O	O	O	_	_	_	_	_	_
cette	O	O	O	O	O	O	_	_	_	_	_	_
publication	O	O	O	O	O	O	_	_	NoSpaceAfter	_	_	_
,	O	O	O	O	O	O	_	_	EndOfLine	_	_	_
# segment_iiif_link = https://iiif.eluxemburgensia.lu/iiif/2/ark:%2f70795%2fswh9h6%2fpages%2f1/2650,2861,793,51/full/0/default.jpg
il	O	O	O	O	O	O	_	_	_	_	_	_
est	O	O	O	O	O	O	_	_	_	_	_	_
probable	O	O	O	O	O	O	_	_	_	_	_	_
que	O	O	O	O	O	O	_	_	_	_	_	_
de	O	O	O	O	O	O	_	_	_	_	_	_
M	O	O	O	O	O	O	_	_	NoSpaceAfter	_	_	_
.	O	O	O	O	O	O	_	_	_	_	_	_
Ammon	O	O	O	O	O	O	_	_	NoSpaceAfter	_	_	_
,	O	O	O	O	O	O	_	_	_	_	_	_
conseiller	O	O	O	O	O	O	_	_	EndOfLine	_	_	_
# segment_iiif_link = https://iiif.eluxemburgensia.lu/iiif/2/ark:%2f70795%2fswh9h6%2fpages%2f1/2650,2920,778,42/full/0/default.jpg
au	O	O	O	O	O	O	_	_	_	_	_	_
tribunal	O	O	O	O	O	O	_	_	_	_	_	_
d	O	O	O	O	O	O	_	_	NoSpaceAfter	_	_	_
'	O	O	O	O	O	O	_	_	NoSpaceAfter	_	_	_
appel	O	O	O	O	O	O	_	_	_	_	_	_
de	O	O	O	O	O	O	_	_	_	_	_	_
Cologne	O	O	O	O	O	O	_	_	NoSpaceAfter	_	_	_
,	O	O	O	O	O	O	_	_	_	_	_	_
sera	O	O	O	O	O	O	_	_	EndOfLine	_	_	_
# segment_iiif_link = https://iiif.eluxemburgensia.lu/iiif/2/ark:%2f70795%2fswh9h6%2fpages%2f1/2650,2959,597,48/full/0/default.jpg
luimême	O	O	O	O	O	O	_	_	_	_	_	_
cité	O	O	O	O	O	O	_	_	_	_	_	_
devant	O	O	O	O	O	O	_	_	_	_	_	_
les	O	O	O	O	O	O	_	_	_	_	_	_
tribunaux	O	O	O	O	O	O	_	_	NoSpaceAfter	_	_	_
.	O	O	O	O	O	O	_	_	EndOfLine	EndOfSentence	_	_

# language = fr
# newspaper = waechtersauer
# date = 1856-07-09
# document_id = waechtersauer-1856-07-09-a-i0017
# news-agency-as-source = _
# segment_iiif_link = https://iiif.eluxemburgensia.lu/iiif/2/ark:%2f70795%2fts3smr%2fpages%2f4/2131,146,849,54/full/0/default.jpg
IG	O	O	O	O	O	O	_	_	NoSpaceAfter	_	_	_
)	O	O	O	O	O	O	_	_	_	_	_	_
Une	O	O	O	O	O	O	_	_	_	_	_	_
aulre	O	O	O	O	O	O	_	_	_	_	_	_
terre	O	O	O	O	O	O	_	_	_	_	_	_
labourable	O	O	O	O	O	O	_	_	NoSpaceAfter	_	_	_
,	O	O	O	O	O	O	_	_	_	_	_	_
«	O	O	O	O	O	O	_	_	NoSpaceAfter	_	_	_
ontenant	O	O	O	O	O	O	_	_	EndOfLine	_	_	_
# segment_iiif_link = https://iiif.eluxemburgensia.lu/iiif/2/ark:%2f70795%2fts3smr%2fpages%2f4/2087,191,908,54/full/0/default.jpg
einquante	O	O	O	O	O	O	_	_	_	_	_	_
perches	O	O	O	O	O	O	_	_	NoSpaceAfter	_	_	_
,	O	O	O	O	O	O	_	_	_	_	_	_
septanle	O	O	O	O	O	O	_	_	_	_	_	_
aunes	O	O	O	O	O	O	_	_	NoSpaceAfter	_	_	_
,	O	O	O	O	O	O	_	_	_	_	_	_
situee	O	O	O	O	O	O	_	_	_	_	_	_
au	O	O	O	O	O	O	_	_	_	_	_	_
meme	O	O	O	O	O	O	_	_	_	_	_	_
lieu	O	O	O	O	O	O	_	_	EndOfLine	_	_	_
# segment_iiif_link = https://iiif.eluxemburgensia.lu/iiif/2/ark:%2f70795%2fts3smr%2fpages%2f4/2088,229,907,56/full/0/default.jpg
designee	O	O	O	O	O	O	_	_	_	_	_	_
sous	O	O	O	O	O	O	_	_	_	_	_	_
le	O	O	O	O	O	O	_	_	_	_	_	_
numero	O	O	O	O	O	O	_	_	_	_	_	_
sept	O	O	O	O	O	O	_	_	_	_	_	_
cent	O	O	O	O	O	O	_	_	_	_	_	_
cinquaute	O	O	O	O	O	O	_	_	NoSpaceAfter	_	_	_
-	O	O	O	O	O	O	_	_	NoSpaceAfter	_	_	_
trois	O	O	O	O	O	O	_	_	EndOfLine	_	_	_
# segment_iiif_link = https://iiif.eluxemburgensia.lu/iiif/2/ark:%2f70795%2fts3smr%2fpages%2f4/2088,269,506,50/full/0/default.jpg
de	O	O	O	O	O	O	_	_	_	_	_	_
la	O	O	O	O	O	O	_	_	_	_	_	_
malrice	O	O	O	O	O	O	_	_	NoSpaceAfter	_	_	_
,	O	O	O	O	O	O	_	_	_	_	_	_
meine	O	O	O	O	O	O	_	_	_	_	_	_
seelion	O	O	O	O	O	O	_	_	NoSpaceAfter	_	_	_
;	O	O	O	O	O	O	_	_	EndOfLine	EndOfSentence	_	_
# segment_iiif_link = https://iiif.eluxemburgensia.lu/iiif/2/ark:%2f70795%2fts3smr%2fpages%2f4/2133,310,863,55/full/0/default.jpg
17	O	O	O	O	O	O	_	_	NoSpaceAfter	_	_	_
)	O	O	O	O	O	O	_	_	_	_	_	_
Une	O	O	O	O	O	O	_	_	_	_	_	_
aulre	O	O	O	O	O	O	_	_	_	_	_	_
terre	O	O	O	O	O	O	_	_	_	_	_	_
labourable	O	O	O	O	O	O	_	_	_	_	_	_
siluee	O	O	O	O	O	O	_	_	_	_	_	_
au	O	O	O	O	O	O	_	_	_	_	_	_
meme	O	O	O	O	O	O	_	_	EndOfLine	_	_	_
# segment_iiif_link = https://iiif.eluxemburgensia.lu/iiif/2/ark:%2f70795%2fts3smr%2fpages%2f4/2089,350,906,58/full/0/default.jpg
Heu	O	O	O	O	O	O	_	_	NoSpaceAfter	_	_	_
,	O	O	O	O	O	O	_	_	_	_	_	_
contenant	O	O	O	O	O	O	_	_	_	_	_	_
trenle	O	O	O	O	O	O	_	_	NoSpaceAfter	_	_	_
-	O	O	O	O	O	O	_	_	NoSpaceAfter	_	_	_
cinq	O	O	O	O	O	O	_	_	_	_	_	_
perches	O	O	O	O	O	O	_	_	NoSpaceAfter	_	_	_
,	O	O	O	O	O	O	_	_	_	_	_	_
irenle	O	O	O	O	O	O	_	_	_	_	_	_
aunes	O	O	O	O	O	O	_	_	NoSpaceAfter	_	_	_
,	O	O	O	O	O	O	_	_	EndOfLine	_	_	_
# segment_iiif_link = https://iiif.eluxemburgensia.lu/iiif/2/ark:%2f70795%2fts3smr%2fpages%2f4/2088,395,907,54/full/0/default.jpg
comprise	O	O	O	O	O	O	_	_	_	_	_	_
sous	O	O	O	O	O	O	_	_	_	_	_	_
le	O	O	O	O	O	O	_	_	_	_	_	_
numero	O	O	O	O	O	O	_	_	_	_	_	_
758	O	O	O	O	O	O	_	_	_	_	_	_
de	O	O	O	O	O	O	_	_	_	_	_	_
la	O	O	O	O	O	O	_	_	_	_	_	_
matrice	O	O	O	O	O	O	_	_	_	_	_	_
meme	O	O	O	O	O	O	_	_	EndOfLine	_	_	_
# segment_iiif_link = https://iiif.eluxemburgensia.lu/iiif/2/ark:%2f70795%2fts3smr%2fpages%2f4/2090,435,138,57/full/0/default.jpg
seelion	O	O	O	O	O	O	_	_	NoSpaceAfter	_	_	_
;	O	O	O	O	O	O	_	_	EndOfLine	EndOfSentence	_	_
# segment_iiif_link = https://iiif.eluxemburgensia.lu/iiif/2/ark:%2f70795%2fts3smr%2fpages%2f4/2133,473,861,57/full/0/default.jpg
18	O	O	O	O	O	O	_	_	NoSpaceAfter	_	_	_
)	O	O	O	O	O	O	_	_	_	_	_	_
Une	O	O	O	O	O	O	_	_	_	_	_	_
aulre	O	O	O	O	O	O	_	_	_	_	_	_
terre	O	O	O	O	O	O	_	_	_	_	_	_
labourable	O	O	O	O	O	O	_	_	NoSpaceAfter	_	_	_
,	O	O	O	O	O	O	_	_	_	_	_	_
situee	O	O	O	O	O	O	_	_	_	_	_	_
au	O	O	O	O	O	O	_	_	_	_	_	_
lieu	O	O	O	O	O	O	_	_	EndOfLine	_	_	_
# segment_iiif_link = https://iiif.eluxemburgensia.lu/iiif/2/ark:%2f70795%2fts3smr%2fpages%2f4/2089,515,905,51/full/0/default.jpg
dit	O	O	O	O	O	O	_	_	_	_	_	_
im	O	O	O	O	O	O	_	_	_	_	_	_
Johannsfeld	O	O	O	O	O	O	_	_	NoSpaceAfter	_	_	_
,	O	O	O	O	O	O	_	_	_	_	_	_
section	O	O	O	O	O	O	_	_	_	_	_	_
d	O	O	O	O	O	O	_	_	NoSpaceAfter	_	_	_
'	O	O	O	O	O	O	_	_	NoSpaceAfter	_	_	_
lngeldorf	O	O	O	O	O	O	_	_	NoSpaceAfter	_	_	_
,	O	O	O	O	O	O	_	_	_	_	_	_
contenant	O	O	O	O	O	O	_	_	_	_	_	_
un	O	O	O	O	O	O	_	_	EndOfLine	_	_	_
# segment_iiif_link = https://iiif.eluxemburgensia.lu/iiif/2/ark:%2f70795%2fts3smr%2fpages%2f4/2089,557,905,57/full/0/default.jpg
bonnier	O	O	O	O	O	O	_	_	NoSpaceAfter	_	_	_
,	O	O	O	O	O	O	_	_	_	_	_	_
dix	O	O	O	O	O	O	_	_	NoSpaceAfter	_	_	_
-	O	O	O	O	O	O	_	_	NoSpaceAfter	_	_	_
sept	O	O	O	O	O	O	_	_	_	_	_	_
perches	O	O	O	O	O	O	_	_	NoSpaceAfter	_	_	_
,	O	O	O	O	O	O	_	_	_	_	_	_
comprise	O	O	O	O	O	O	_	_	_	_	_	_
sous	O	O	O	O	O	O	_	_	_	_	_	_
le	O	O	O	O	O	O	_	_	_	_	_	_
numero	O	O	O	O	O	O	_	_	EndOfLine	_	_	_
# segment_iiif_link = https://iiif.eluxemburgensia.lu/iiif/2/ark:%2f70795%2fts3smr%2fpages%2f4/2089,602,724,55/full/0/default.jpg
sept	O	O	O	O	O	O	_	_	_	_	_	_
cent	O	O	O	O	O	O	_	_	_	_	_	_
soixanle	O	O	O	O	O	O	_	_	NoSpaceAfter	_	_	_
-	O	O	O	O	O	O	_	_	NoSpaceAfter	_	_	_
un	O	O	O	O	O	O	_	_	_	_	_	_
de	O	O	O	O	O	O	_	_	_	_	_	_
la	O	O	O	O	O	O	_	_	_	_	_	_
dile	O	O	O	O	O	O	_	_	_	_	_	_
matrice	O	O	O	O	O	O	_	_	NoSpaceAfter	_	_	_
;	O	O	O	O	O	O	_	_	EndOfLine	_	_	_
# segment_iiif_link = https://iiif.eluxemburgensia.lu/iiif/2/ark:%2f70795%2fts3smr%2fpages%2f4/2135,641,860,55/full/0/default.jpg
1	O	O	O	O	O	O	_	_	NoSpaceAfter	_	_	_
!	O	O	O	O	O	O	_	_	NoSpaceAfter	EndOfSentence	_	_
>	O	O	O	O	O	O	_	_	NoSpaceAfter	_	_	_
)	O	O	O	O	O	O	_	_	_	_	_	_
Une	O	O	O	O	O	O	_	_	_	_	_	_
autre	O	O	O	O	O	O	_	_	_	_	_	_
piece	O	O	O	O	O	O	_	_	_	_	_	_
de	O	O	O	O	O	O	_	_	_	_	_	_
terre	O	O	O	O	O	O	_	_	_	_	_	_
labourable	O	O	O	O	O	O	_	_	NoSpaceAfter	_	_	_
,	O	O	O	O	O	O	_	_	_	_	_	_
situee	O	O	O	O	O	O	_	_	EndOfLine	_	_	_
# segment_iiif_link = https://iiif.eluxemburgensia.lu/iiif/2/ark:%2f70795%2fts3smr%2fpages%2f4/2089,689,887,42/full/0/default.jpg
au	O	O	O	O	O	O	_	_	_	_	_	_
lieu	O	O	O	O	O	O	_	_	_	_	_	_
dit	O	O	O	O	O	O	_	_	_	_	_	_
im	O	O	O	O	O	O	_	_	_	_	_	_
Joekefeld	O	O	O	O	O	O	_	_	NoSpaceAfter	_	_	_
,	O	O	O	O	O	O	_	_	_	_	_	_
contenant	O	O	O	O	O	O	_	_	_	_	_	_
un	O	O	O	O	O	O	_	_	_	_	_	_
bonnier	O	O	O	O	O	O	_	_	EndOfLine	_	_	_
# segment_iiif_link = https://iiif.eluxemburgensia.lu/iiif/2/ark:%2f70795%2fts3smr%2fpages%2f4/2090,724,907,49/full/0/default.jpg
quatorze	O	O	O	O	O	O	_	_	_	_	_	_
perches	O	O	O	O	O	O	_	_	NoSpaceAfter	_	_	_
,	O	O	O	O	O	O	_	_	_	_	_	_
comprise	O	O	O	O	O	O	_	_	_	_	_	_
sous	O	O	O	O	O	O	_	_	_	_	_	_
le	O	O	O	O	O	O	_	_	_	_	_	_
numero	O	O	O	O	O	O	_	_	_	_	_	_
sept	O	O	O	O	O	O	_	_	_	_	_	_
cent	O	O	O	O	O	O	_	_	EndOfLine	_	_	_
# segment_iiif_link = https://iiif.eluxemburgensia.lu/iiif/2/ark:%2f70795%2fts3smr%2fpages%2f4/2089,765,766,48/full/0/default.jpg
soixante	O	O	O	O	O	O	_	_	NoSpaceAfter	_	_	_
-	O	O	O	O	O	O	_	_	NoSpaceAfter	_	_	_
lrols	O	O	O	O	O	O	_	_	_	_	_	_
de	O	O	O	O	O	O	_	_	_	_	_	_
la	O	O	O	O	O	O	_	_	_	_	_	_
matrice	O	O	O	O	O	O	_	_	NoSpaceAfter	_	_	_
,	O	O	O	O	O	O	_	_	_	_	_	_
seelion	O	O	O	O	O	O	_	_	_	_	_	_
susdile	O	O	O	O	O	O	_	_	NoSpaceAfter	_	_	_
.	O	O	O	O	O	O	_	_	EndOfLine	EndOfSentence	_	_
# segment_iiif_link = https://iiif.eluxemburgensia.lu/iiif/2/ark:%2f70795%2fts3smr%2fpages%2f4/2130,805,861,50/full/0/default.jpg
Tous	O	O	O	O	O	O	_	_	_	_	_	_
les	O	O	O	O	O	O	_	_	_	_	_	_
immeübles	O	O	O	O	O	O	_	_	_	_	_	_
ci	O	O	O	O	O	O	_	_	NoSpaceAfter	_	_	_
-	O	O	O	O	O	O	_	_	NoSpaceAfter	_	_	_
dessus	O	O	O	O	O	O	_	_	_	_	_	_
designes	O	O	O	O	O	O	_	_	_	_	_	_
sont	O	O	O	O	O	O	_	_	_	_	_	_
silues	O	O	O	O	O	O	_	_	EndOfLine	_	_	_
# segment_iiif_link = https://iiif.eluxemburgensia.lu/iiif/2/ark:%2f70795%2fts3smr%2fpages%2f4/2089,854,888,42/full/0/default.jpg
sur	O	O	O	O	O	O	_	_	_	_	_	_
la	O	O	O	O	O	O	_	_	_	_	_	_
commune	O	O	O	O	O	O	_	_	_	_	_	_
d	O	O	O	O	O	O	_	_	NoSpaceAfter	_	_	_
'	O	O	O	O	O	O	_	_	NoSpaceAfter	_	_	_
Etlelbruck	O	O	O	O	O	O	_	_	NoSpaceAfter	_	_	_
,	O	O	O	O	O	O	_	_	_	_	_	_
canlon	O	O	O	O	O	O	_	_	_	_	_	_
et	O	O	O	O	O	O	_	_	EndOfLine	_	_	_
# segment_iiif_link = https://iiif.eluxemburgensia.lu/iiif/2/ark:%2f70795%2fts3smr%2fpages%2f4/2091,891,902,44/full/0/default.jpg
arrondissement	O	O	O	O	O	O	_	_	_	_	_	_
de	O	O	O	O	O	O	_	_	_	_	_	_
Diekirch	O	O	O	O	O	O	_	_	_	_	_	_
et	O	O	O	O	O	O	_	_	_	_	_	_
exploites	O	O	O	O	O	O	_	_	_	_	_	_
par	O	O	O	O	O	O	_	_	_	_	_	_
les	O	O	O	O	O	O	_	_	_	_	_	_
saisis	O	O	O	O	O	O	_	_	_	_	_	_
sauf	O	O	O	O	O	O	_	_	_	_	_	_
les	O	O	O	O	O	O	_	_	EndOfLine	_	_	_
# segment_iiif_link = https://iiif.eluxemburgensia.lu/iiif/2/ark:%2f70795%2fts3smr%2fpages%2f4/2090,928,906,57/full/0/default.jpg
parcelles	O	O	O	O	O	O	_	_	_	_	_	_
relaissees	O	O	O	O	O	O	_	_	_	_	_	_
par	O	O	O	O	O	O	_	_	_	_	_	_
le	O	O	O	O	O	O	_	_	_	_	_	_
ball	O	O	O	O	O	O	_	_	_	_	_	_
sus	O	O	O	O	O	O	_	_	NoSpaceAfter	_	_	_
-	O	O	O	O	O	O	_	_	NoSpaceAfter	_	_	_
enonce	O	O	O	O	O	O	_	_	_	_	_	_
et	O	O	O	O	O	O	_	_	_	_	_	_
sauf	O	O	O	O	O	O	_	_	EndOfLine	_	_	_
# segment_iiif_link = https://iiif.eluxemburgensia.lu/iiif/2/ark:%2f70795%2fts3smr%2fpages%2f4/2090,976,884,47/full/0/default.jpg
que	O	O	O	O	O	O	_	_	_	_	_	_
depuis	O	O	O	O	O	O	_	_	_	_	_	_
la	O	O	O	O	O	O	_	_	_	_	_	_
saisie	O	O	O	O	O	O	_	_	_	_	_	_
la	O	O	O	O	O	O	_	_	_	_	_	_
seelion	O	O	O	O	O	O	_	_	_	_	_	_
d	O	O	O	O	O	O	_	_	NoSpaceAfter	_	_	_
'	O	O	O	O	O	O	_	_	NoSpaceAfter	_	_	_
lngeldorf	O	O	O	O	O	O	_	_	NoSpaceAfter	_	_	_
,	O	O	O	O	O	O	_	_	EndOfLine	_	_	_
# segment_iiif_link = https://iiif.eluxemburgensia.lu/iiif/2/ark:%2f70795%2fts3smr%2fpages%2f4/2090,1009,905,45/full/0/default.jpg
comprenaut	O	O	O	O	O	O	_	_	_	_	_	_
la	O	O	O	O	O	O	_	_	_	_	_	_
ferrne	O	O	O	O	O	O	_	_	_	_	_	_
Windelbour	O	O	O	O	O	O	_	_	_	_	_	_
ou	O	O	O	O	O	O	_	_	_	_	_	_
Windelhof	O	O	O	O	O	O	_	_	_	_	_	_
et	O	O	O	O	O	O	_	_	_	_	_	_
Neuhof	O	O	O	O	O	O	_	_	NoSpaceAfter	_	_	_
,	O	O	O	O	O	O	_	_	EndOfLine	_	_	_
# segment_iiif_link = https://iiif.eluxemburgensia.lu/iiif/2/ark:%2f70795%2fts3smr%2fpages%2f4/2090,1055,903,42/full/0/default.jpg
a	O	O	O	O	O	O	_	_	_	_	_	_
ete	O	O	O	O	O	O	_	_	_	_	_	_
delachee	O	O	O	O	O	O	_	_	_	_	_	_
de	O	O	O	O	O	O	_	_	_	_	_	_
la	O	O	O	O	O	O	_	_	_	_	_	_
commune	O	O	O	O	O	O	_	_	_	_	_	_
d	O	O	O	O	O	O	_	_	_	_	_	_
Eiielbrück	O	O	O	O	O	O	_	_	_	_	_	_
et	O	O	O	O	O	O	_	_	_	_	_	_
reunic	O	O	O	O	O	O	_	_	EndOfLine	_	_	_
# segment_iiif_link = https://iiif.eluxemburgensia.lu/iiif/2/ark:%2f70795%2fts3smr%2fpages%2f4/2089,1100,902,41/full/0/default.jpg
a	O	O	O	O	O	O	_	_	_	_	_	_
la	O	O	O	O	O	O	_	_	_	_	_	_
nouvelle	O	O	O	O	O	O	_	_	_	_	_	_
commune	O	O	O	O	O	O	_	_	_	_	_	_
d	O	O	O	O	O	O	_	_	NoSpaceAfter	_	_	_
'	O	O	O	O	O	O	_	_	NoSpaceAfter	_	_	_
Erpeldange	O	O	O	O	O	O	_	_	NoSpaceAfter	_	_	_
.	O	O	O	O	O	O	_	_	_	EndOfSentence	_	_
L	O	O	O	O	O	O	_	_	NoSpaceAfter	_	_	_
'	O	O	O	O	O	O	_	_	NoSpaceAfter	_	_	_
adjudicalion	O	O	O	O	O	O	_	_	EndOfLine	_	_	_
# segment_iiif_link = https://iiif.eluxemburgensia.lu/iiif/2/ark:%2f70795%2fts3smr%2fpages%2f4/2090,1133,886,50/full/0/default.jpg
de	O	O	O	O	O	O	_	_	_	_	_	_
ces	O	O	O	O	O	O	_	_	_	_	_	_
immeübles	O	O	O	O	O	O	_	_	_	_	_	_
fixee	O	O	O	O	O	O	_	_	_	_	_	_
au	O	O	O	O	O	O	_	_	_	_	_	_
trente	O	O	O	O	O	O	_	_	NoSpaceAfter	_	_	_
-	O	O	O	O	O	O	_	_	NoSpaceAfter	_	_	_
un	O	O	O	O	O	O	_	_	_	_	_	_
aoüt	O	O	O	O	O	O	_	_	_	_	_	_
1800	O	O	O	O	O	O	_	_	EndOfLine	_	_	_
# segment_iiif_link = https://iiif.eluxemburgensia.lu/iiif/2/ark:%2f70795%2fts3smr%2fpages%2f4/2090,1177,885,47/full/0/default.jpg
quarante	O	O	O	O	O	O	_	_	NoSpaceAfter	_	_	_
-	O	O	O	O	O	O	_	_	NoSpaceAfter	_	_	_
six	O	O	O	O	O	O	_	_	_	_	_	_
a	O	O	O	O	O	O	_	_	_	_	_	_
ete	O	O	O	O	O	O	_	_	_	_	_	_
arretee	O	O	O	O	O	O	_	_	_	_	_	_
par	O	O	O	O	O	O	_	_	_	_	_	_
l	O	O	O	O	O	O	_	_	NoSpaceAfter	_	_	_
'	O	O	O	O	O	O	_	_	NoSpaceAfter	_	_	_
opposillon	O	O	O	O	O	O	_	_	_	_	_	_
et	O	O	O	O	O	O	_	_	_	_	_	_
la	O	O	O	O	O	O	_	_	EndOfLine	_	_	_
# segment_iiif_link = https://iiif.eluxemburgensia.lu/iiif/2/ark:%2f70795%2fts3smr%2fpages%2f4/2090,1217,903,48/full/0/default.jpg
demande	O	O	O	O	O	O	_	_	_	_	_	_
en	O	O	O	O	O	O	_	_	_	_	_	_
parlage	O	O	O	O	O	O	_	_	_	_	_	_
et	O	O	O	O	O	O	_	_	_	_	_	_
dislraction	O	O	O	O	O	O	_	_	_	_	_	_
de	O	O	O	O	O	O	_	_	_	_	_	_
plusieurs	O	O	O	O	O	O	_	_	_	_	_	_
des	O	O	O	O	O	O	_	_	EndOfLine	_	_	_
# segment_iiif_link = https://iiif.eluxemburgensia.lu/iiif/2/ark:%2f70795%2fts3smr%2fpages%2f4/2090,1257,887,51/full/0/default.jpg
Immeübles	O	O	O	O	O	O	_	_	_	_	_	_
saisis	O	O	O	O	O	O	_	_	_	_	_	_
formee	O	O	O	O	O	O	_	_	_	_	_	_
devant	O	O	O	O	O	O	_	_	_	_	_	_
le	O	O	O	O	O	O	_	_	_	_	_	_
tribunal	O	O	O	O	O	O	_	_	EndOfLine	_	_	_
# segment_iiif_link = https://iiif.eluxemburgensia.lu/iiif/2/ark:%2f70795%2fts3smr%2fpages%2f4/2090,1299,906,50/full/0/default.jpg
d	O	O	O	O	O	O	_	_	NoSpaceAfter	_	_	_
'	O	O	O	O	O	O	_	_	NoSpaceAfter	_	_	_
arrondissement	O	O	O	O	O	O	_	_	_	_	_	_
seant	O	O	O	O	O	O	_	_	_	_	_	_
a	O	O	O	O	O	O	_	_	_	_	_	_
Diekirch	O	O	O	O	O	O	_	_	NoSpaceAfter	_	_	_
,	O	O	O	O	O	O	_	_	_	_	_	_
au	O	O	O	O	O	O	_	_	_	_	_	_
nom	O	O	O	O	O	O	_	_	_	_	_	_
des	O	O	O	O	O	O	_	_	_	_	_	_
epoux	O	O	O	O	O	O	_	_	_	_	_	_
Neu	O	O	O	O	O	O	_	_	NoSpaceAfter	_	_	_
-	O	O	O	O	O	O	_	_	EndOfLine	_	_	_
# segment_iiif_link = https://iiif.eluxemburgensia.lu/iiif/2/ark:%2f70795%2fts3smr%2fpages%2f4/2090,1339,903,60/full/0/default.jpg
Dondelinger	O	O	O	O	O	O	_	_	_	_	_	_
et	O	O	O	O	O	O	_	_	_	_	_	_
de	O	O	O	O	O	O	_	_	_	_	_	_
leurs	O	O	O	O	O	O	_	_	_	_	_	_
enfants	O	O	O	O	O	O	_	_	_	_	_	_
sus	O	O	O	O	O	O	_	_	NoSpaceAfter	_	_	_
-	O	O	O	O	O	O	_	_	NoSpaceAfter	_	_	_
dits	O	O	O	O	O	O	_	_	_	_	_	_
contre	O	O	O	O	O	O	_	_	_	_	_	_
1	O	O	O	O	O	O	_	_	NoSpaceAfter	_	_	_
°	O	O	O	O	O	O	_	_	EndOfLine	_	_	_
# segment_iiif_link = https://iiif.eluxemburgensia.lu/iiif/2/ark:%2f70795%2fts3smr%2fpages%2f4/2090,1380,886,50/full/0/default.jpg
le	O	O	O	O	O	O	_	_	_	_	_	_
dit	O	O	O	O	O	O	_	_	_	_	_	_
Dominique	O	O	O	O	O	O	_	_	_	_	_	_
Neu	O	O	O	O	O	O	_	_	NoSpaceAfter	_	_	_
,	O	O	O	O	O	O	_	_	_	_	_	_
2	O	O	O	O	O	O	_	_	NoSpaceAfter	_	_	_
°	O	O	O	O	O	O	_	_	_	_	_	_
!	O	O	O	O	O	O	_	_	NoSpaceAfter	EndOfSentence	_	_
a	O	O	O	O	O	O	_	_	_	_	_	_
parlie	O	O	O	O	O	O	_	_	_	_	_	_
saisissante	O	O	O	O	O	O	_	_	EndOfLine	_	_	_
# segment_iiif_link = https://iiif.eluxemburgensia.lu/iiif/2/ark:%2f70795%2fts3smr%2fpages%2f4/2089,1431,904,41/full/0/default.jpg
consors	O	O	O	O	O	O	_	_	_	_	_	_
Rosing	O	O	O	O	O	O	_	_	_	_	_	_
Wilmes	O	O	O	O	O	O	_	_	NoSpaceAfter	_	_	_
,	O	O	O	O	O	O	_	_	_	_	_	_
3	O	O	O	O	O	O	_	_	NoSpaceAfter	_	_	_
°	O	O	O	O	O	O	_	_	_	_	_	_
le	O	O	O	O	O	O	_	_	_	_	_	_
sieur	O	O	O	O	O	O	_	_	_	_	_	_
Adolphe	O	O	O	O	O	O	_	_	_	_	_	_
baron	O	O	O	O	O	O	_	_	_	_	_	_
du	O	O	O	O	O	O	_	_	EndOfLine	_	_	_
# segment_iiif_link = https://iiif.eluxemburgensia.lu/iiif/2/ark:%2f70795%2fts3smr%2fpages%2f4/2090,1462,886,56/full/0/default.jpg
Prel	O	O	O	O	O	O	_	_	NoSpaceAfter	_	_	_
,	O	O	O	O	O	O	_	_	_	_	_	_
lieulenanl	O	O	O	O	O	O	_	_	NoSpaceAfter	_	_	_
-	O	O	O	O	O	O	_	_	NoSpaceAfter	_	_	_
colonel	O	O	O	O	O	O	_	_	_	_	_	_
en	O	O	O	O	O	O	_	_	_	_	_	_
rclraite	O	O	O	O	O	O	_	_	NoSpaceAfter	_	_	_
,	O	O	O	O	O	O	_	_	_	_	_	_
domiciiie	O	O	O	O	O	O	_	_	_	_	_	_
a	O	O	O	O	O	O	_	_	EndOfLine	_	_	_
# segment_iiif_link = https://iiif.eluxemburgensia.lu/iiif/2/ark:%2f70795%2fts3smr%2fpages%2f4/2090,1503,905,56/full/0/default.jpg
Luxeinbourg	O	O	O	O	O	O	_	_	NoSpaceAfter	_	_	_
,	O	O	O	O	O	O	_	_	_	_	_	_
en	O	O	O	O	O	O	_	_	_	_	_	_
sa	O	O	O	O	O	O	_	_	_	_	_	_
qualiie	O	O	O	O	O	O	_	_	_	_	_	_
de	O	O	O	O	O	O	_	_	_	_	_	_
creancier	O	O	O	O	O	O	_	_	_	_	_	_
premier	O	O	O	O	O	O	_	_	_	_	_	_
inscrit	O	O	O	O	O	O	_	_	EndOfLine	_	_	_
# segment_iiif_link = https://iiif.eluxemburgensia.lu/iiif/2/ark:%2f70795%2fts3smr%2fpages%2f4/2090,1552,905,42/full/0/default.jpg
sur	O	O	O	O	O	O	_	_	_	_	_	_
les	O	O	O	O	O	O	_	_	_	_	_	_
biens	O	O	O	O	O	O	_	_	_	_	_	_
saisis	O	O	O	O	O	O	_	_	NoSpaceAfter	_	_	_
;	O	O	O	O	O	O	_	_	_	_	_	_
celte	O	O	O	O	O	O	_	_	_	_	_	_
instance	O	O	O	O	O	O	_	_	_	_	_	_
a	O	O	O	O	O	O	_	_	_	_	_	_
ete	O	O	O	O	O	O	_	_	_	_	_	_
videe	O	O	O	O	O	O	_	_	_	_	_	_
par	O	O	O	O	O	O	_	_	EndOfLine	_	_	_
# segment_iiif_link = https://iiif.eluxemburgensia.lu/iiif/2/ark:%2f70795%2fts3smr%2fpages%2f4/2090,1587,906,49/full/0/default.jpg
le	O	O	O	O	O	O	_	_	_	_	_	_
jugement	O	O	O	O	O	O	_	_	_	_	_	_
rendu	O	O	O	O	O	O	_	_	_	_	_	_
par	O	O	O	O	O	O	_	_	_	_	_	_
le	O	O	O	O	O	O	_	_	_	_	_	_
sus	O	O	O	O	O	O	_	_	NoSpaceAfter	_	_	_
-	O	O	O	O	O	O	_	_	NoSpaceAfter	_	_	_
dit	O	O	O	O	O	O	_	_	_	_	_	_
tribunal	O	O	O	O	O	O	_	_	NoSpaceAfter	_	_	_
,	O	O	O	O	O	O	_	_	_	_	_	_
le	O	O	O	O	O	O	_	_	_	_	_	_
douze	O	O	O	O	O	O	_	_	EndOfLine	_	_	_
# segment_iiif_link = https://iiif.eluxemburgensia.lu/iiif/2/ark:%2f70795%2fts3smr%2fpages%2f4/2090,1637,906,42/full/0/default.jpg
mars	O	O	O	O	O	O	_	_	_	_	_	_
1800	O	O	O	O	O	O	_	_	_	_	_	_
cinquanie	O	O	O	O	O	O	_	_	_	_	_	_
six	O	O	O	O	O	O	_	_	_	_	_	_
sur	O	O	O	O	O	O	_	_	_	_	_	_
les	O	O	O	O	O	O	_	_	_	_	_	_
poursuiles	O	O	O	O	O	O	_	_	_	_	_	_
dudit	O	O	O	O	O	O	_	_	EndOfLine	_	_	_
# segment_iiif_link = https://iiif.eluxemburgensia.lu/iiif/2/ark:%2f70795%2fts3smr%2fpages%2f4/2089,1672,906,48/full/0/default.jpg
sieur	O	O	O	O	O	O	_	_	_	_	_	_
du	O	O	O	O	O	O	_	_	_	_	_	_
Prel	O	O	O	O	O	O	_	_	_	_	_	_
,	O	O	O	O	O	O	_	_	_	_	_	_
ayanl	O	O	O	O	O	O	_	_	_	_	_	_
pour	O	O	O	O	O	O	_	_	_	_	_	_
avoue	O	O	O	O	O	O	_	_	_	_	_	_
Me	O	O	O	O	O	O	_	_	_	_	_	_
SALBXTIXY	O	O	O	O	O	O	_	_	NoSpaceAfter	_	_	_
,	O	O	O	O	O	O	_	_	EndOfLine	_	_	_
# segment_iiif_link = https://iiif.eluxemburgensia.lu/iiif/2/ark:%2f70795%2fts3smr%2fpages%2f4/2088,1713,907,48/full/0/default.jpg
avocat	O	O	O	O	O	O	_	_	NoSpaceAfter	_	_	_
-	O	O	O	O	O	O	_	_	NoSpaceAfter	_	_	_
avoue	O	O	O	O	O	O	_	_	_	_	_	_
demeurant	O	O	O	O	O	O	_	_	_	_	_	_
a	O	O	O	O	O	O	_	_	_	_	_	_
Diekirch	O	O	O	O	O	O	_	_	NoSpaceAfter	_	_	_
,	O	O	O	O	O	O	_	_	_	_	_	_
comme	O	O	O	O	O	O	_	_	_	_	_	_
subrogö	O	O	O	O	O	O	_	_	EndOfLine	_	_	_
# segment_iiif_link = https://iiif.eluxemburgensia.lu/iiif/2/ark:%2f70795%2fts3smr%2fpages%2f4/2089,1761,890,50/full/0/default.jpg
par	O	O	O	O	O	O	_	_	_	_	_	_
le	O	O	O	O	O	O	_	_	_	_	_	_
jugement	O	O	O	O	O	O	_	_	_	_	_	_
dudit	O	O	O	O	O	O	_	_	_	_	_	_
tribunal	O	O	O	O	O	O	_	_	_	_	_	_
du	O	O	O	O	O	O	_	_	_	_	_	_
dix	O	O	O	O	O	O	_	_	_	_	_	_
mal	O	O	O	O	O	O	_	_	_	_	_	_
1800	O	O	O	O	O	O	_	_	EndOfLine	_	_	_
# segment_iiif_link = https://iiif.eluxemburgensia.lu/iiif/2/ark:%2f70795%2fts3smr%2fpages%2f4/2088,1795,906,55/full/0/default.jpg
einquante	O	O	O	O	O	O	_	_	NoSpaceAfter	_	_	_
-	O	O	O	O	O	O	_	_	NoSpaceAfter	_	_	_
cinq	O	O	O	O	O	O	_	_	_	_	_	_
aux	O	O	O	O	O	O	_	_	_	_	_	_
poursuiles	O	O	O	O	O	O	_	_	_	_	_	_
de	O	O	O	O	O	O	_	_	_	_	_	_
la	O	O	O	O	O	O	_	_	_	_	_	_
parlie	O	O	O	O	O	O	_	_	_	_	_	_
saisissanle	O	O	O	O	O	O	_	_	NoSpaceAfter	_	_	_
,	O	O	O	O	O	O	_	_	EndOfLine	_	_	_
# segment_iiif_link = https://iiif.eluxemburgensia.lu/iiif/2/ark:%2f70795%2fts3smr%2fpages%2f4/2085,1835,894,56/full/0/default.jpg
figurant	O	O	O	O	O	O	_	_	_	_	_	_
en	O	O	O	O	O	O	_	_	_	_	_	_
cause	O	O	O	O	O	O	_	_	_	_	_	_
et	O	O	O	O	O	O	_	_	_	_	_	_
contre	O	O	O	O	O	O	_	_	_	_	_	_
la	O	O	O	O	O	O	_	_	_	_	_	_
parlie	O	O	O	O	O	O	_	_	_	_	_	_
saisie	O	O	O	O	O	O	_	_	EndOfLine	_	_	_
# segment_iiif_link = https://iiif.eluxemburgensia.lu/iiif/2/ark:%2f70795%2fts3smr%2fpages%2f4/2088,1880,907,45/full/0/default.jpg
represenlee	O	O	O	O	O	O	_	_	_	_	_	_
lors	O	O	O	O	O	O	_	_	_	_	_	_
dudit	O	O	O	O	O	O	_	_	_	_	_	_
jugement	O	O	O	O	O	O	_	_	_	_	_	_
par	O	O	O	O	O	O	_	_	_	_	_	_
suile	O	O	O	O	O	O	_	_	_	_	_	_
des	O	O	O	O	O	O	_	_	_	_	_	_
changements	O	O	O	O	O	O	_	_	EndOfLine	_	_	_
# segment_iiif_link = https://iiif.eluxemburgensia.lu/iiif/2/ark:%2f70795%2fts3smr%2fpages%2f4/2087,1917,909,50/full/0/default.jpg
d	O	O	O	O	O	O	_	_	NoSpaceAfter	_	_	_
'	O	O	O	O	O	O	_	_	NoSpaceAfter	_	_	_
eiat	O	O	O	O	O	O	_	_	_	_	_	_
et	O	O	O	O	O	O	_	_	_	_	_	_
de	O	O	O	O	O	O	_	_	_	_	_	_
qualiies	O	O	O	O	O	O	_	_	_	_	_	_
survenus	O	O	O	O	O	O	_	_	_	_	_	_
par	O	O	O	O	O	O	_	_	_	_	_	_
1	O	O	O	O	O	O	_	_	NoSpaceAfter	_	_	_
°	O	O	O	O	O	O	_	_	_	_	_	_
les	O	O	O	O	O	O	_	_	_	_	_	_
dits	O	O	O	O	O	O	_	_	_	_	_	_
epoux	O	O	O	O	O	O	_	_	EndOfLine	_	_	_
# segment_iiif_link = https://iiif.eluxemburgensia.lu/iiif/2/ark:%2f70795%2fts3smr%2fpages%2f4/2089,1957,905,58/full/0/default.jpg
Dondelinger	O	O	O	O	O	O	_	_	NoSpaceAfter	_	_	_
-	O	O	O	O	O	O	_	_	NoSpaceAfter	_	_	_
Neu	O	O	O	O	O	O	_	_	_	_	_	_
laut	O	O	O	O	O	O	_	_	_	_	_	_
en	O	O	O	O	O	O	_	_	_	_	_	_
leur	O	O	O	O	O	O	_	_	_	_	_	_
nom	O	O	O	O	O	O	_	_	_	_	_	_
comme	O	O	O	O	O	O	_	_	_	_	_	_
demandeurs	O	O	O	O	O	O	_	_	EndOfLine	_	_	_
# segment_iiif_link = https://iiif.eluxemburgensia.lu/iiif/2/ark:%2f70795%2fts3smr%2fpages%2f4/2087,2010,908,49/full/0/default.jpg
que	O	O	O	O	O	O	_	_	_	_	_	_
comme	O	O	O	O	O	O	_	_	_	_	_	_
heritiers	O	O	O	O	O	O	_	_	_	_	_	_
sous	O	O	O	O	O	O	_	_	_	_	_	_
benefice	O	O	O	O	O	O	_	_	_	_	_	_
d	O	O	O	O	O	O	_	_	NoSpaceAfter	_	_	_
'	O	O	O	O	O	O	_	_	NoSpaceAfter	_	_	_
inventaire	O	O	O	O	O	O	_	_	_	_	_	_
dudit	O	O	O	O	O	O	_	_	EndOfLine	_	_	_
# segment_iiif_link = https://iiif.eluxemburgensia.lu/iiif/2/ark:%2f70795%2fts3smr%2fpages%2f4/2088,2043,909,56/full/0/default.jpg
Dominique	O	O	O	O	O	O	_	_	_	_	_	_
Neu	O	O	O	O	O	O	_	_	NoSpaceAfter	_	_	_
,	O	O	O	O	O	O	_	_	_	_	_	_
decede	O	O	O	O	O	O	_	_	_	_	_	_
dans	O	O	O	O	O	O	_	_	_	_	_	_
le	O	O	O	O	O	O	_	_	_	_	_	_
courant	O	O	O	O	O	O	_	_	_	_	_	_
de	O	O	O	O	O	O	_	_	_	_	_	_
l	O	O	O	O	O	O	_	_	NoSpaceAfter	_	_	_
'	O	O	O	O	O	O	_	_	NoSpaceAfter	_	_	_
inslance	O	O	O	O	O	O	_	_	EndOfLine	_	_	_
# segment_iiif_link = https://iiif.eluxemburgensia.lu/iiif/2/ark:%2f70795%2fts3smr%2fpages%2f4/2085,2088,890,47/full/0/default.jpg
et	O	O	O	O	O	O	_	_	_	_	_	_
encore	O	O	O	O	O	O	_	_	_	_	_	_
comme	O	O	O	O	O	O	_	_	_	_	_	_
heriliers	O	O	O	O	O	O	_	_	_	_	_	_
de	O	O	O	O	O	O	_	_	_	_	_	_
leur	O	O	O	O	O	O	_	_	_	_	_	_
fils	O	O	O	O	O	O	_	_	_	_	_	_
Jean	O	O	O	O	O	O	_	_	EndOfLine	_	_	_
# segment_iiif_link = https://iiif.eluxemburgensia.lu/iiif/2/ark:%2f70795%2fts3smr%2fpages%2f4/2085,2126,910,57/full/0/default.jpg
Dondelinger	O	O	O	O	O	O	_	_	NoSpaceAfter	_	_	_
,	O	O	O	O	O	O	_	_	_	_	_	_
2	O	O	O	O	O	O	_	_	NoSpaceAfter	_	_	_
°	O	O	O	O	O	O	_	_	_	_	_	_
Henri	O	O	O	O	O	O	_	_	_	_	_	_
Dondelinger	O	O	O	O	O	O	_	_	_	_	_	_
agissant	O	O	O	O	O	O	_	_	_	_	_	_
encore	O	O	O	O	O	O	_	_	_	_	_	_
comme	O	O	O	O	O	O	_	_	EndOfLine	_	_	_
# segment_iiif_link = https://iiif.eluxemburgensia.lu/iiif/2/ark:%2f70795%2fts3smr%2fpages%2f4/2090,2167,885,45/full/0/default.jpg
ailiniiiislralciir	O	O	O	O	O	O	_	_	_	_	_	_
legal	O	O	O	O	O	O	_	_	_	_	_	_
des	O	O	O	O	O	O	_	_	_	_	_	_
biens	O	O	O	O	O	O	_	_	_	_	_	_
de	O	O	O	O	O	O	_	_	_	_	_	_
ses	O	O	O	O	O	O	_	_	_	_	_	_
enfanls	O	O	O	O	O	O	_	_	EndOfLine	_	_	_
# segment_iiif_link = https://iiif.eluxemburgensia.lu/iiif/2/ark:%2f70795%2fts3smr%2fpages%2f4/2087,2209,907,38/full/0/default.jpg
mineurs	O	O	O	O	O	O	_	_	_	_	_	_
Jean	O	O	O	O	O	O	_	_	NoSpaceAfter	_	_	_
-	O	O	O	O	O	O	_	_	NoSpaceAfter	_	_	_
Baptiste	O	O	O	O	O	O	_	_	_	_	_	_
et	O	O	O	O	O	O	_	_	_	_	_	_
Jean	O	O	O	O	O	O	_	_	NoSpaceAfter	_	_	_
-	O	O	O	O	O	O	_	_	NoSpaceAfter	_	_	_
Henri	O	O	O	O	O	O	_	_	_	_	_	_
Dondelinger	O	O	O	O	O	O	_	_	NoSpaceAfter	_	_	_
,	O	O	O	O	O	O	_	_	_	_	_	_
3	O	O	O	O	O	O	_	_	NoSpaceAfter	_	_	_
°	O	O	O	O	O	O	_	_	EndOfLine	_	_	_
# segment_iiif_link = https://iiif.eluxemburgensia.lu/iiif/2/ark:%2f70795%2fts3smr%2fpages%2f4/2088,2238,884,58/full/0/default.jpg
Dominique	O	O	O	O	O	O	_	_	_	_	_	_
Dondelinger	O	O	O	O	O	O	_	_	NoSpaceAfter	_	_	_
,	O	O	O	O	O	O	_	_	_	_	_	_
senurier	O	O	O	O	O	O	_	_	_	_	_	_
demeurant	O	O	O	O	O	O	_	_	_	_	_	_
a	O	O	O	O	O	O	_	_	EndOfLine	_	_	_
# segment_iiif_link = https://iiif.eluxemburgensia.lu/iiif/2/ark:%2f70795%2fts3smr%2fpages%2f4/2087,2280,905,51/full/0/default.jpg
Wellerbach	O	O	O	O	O	O	_	_	_	_	_	_
(	O	O	O	O	O	O	_	_	NoSpaceAfter	_	_	_
Prusse	O	O	O	O	O	O	_	_	NoSpaceAfter	_	_	_
)	O	O	O	O	O	O	_	_	NoSpaceAfter	_	_	_
,	O	O	O	O	O	O	_	_	_	_	_	_
aujourd	O	O	O	O	O	O	_	_	NoSpaceAfter	_	_	_
'	O	O	O	O	O	O	_	_	NoSpaceAfter	_	_	_
hui	O	O	O	O	O	O	_	_	_	_	_	_
demeuranl	O	O	O	O	O	O	_	_	_	_	_	_
aux	O	O	O	O	O	O	_	_	_	_	_	_
usiues	O	O	O	O	O	O	_	_	EndOfLine	_	_	_
# segment_iiif_link = https://iiif.eluxemburgensia.lu/iiif/2/ark:%2f70795%2fts3smr%2fpages%2f4/2087,2324,903,51/full/0/default.jpg
de	O	O	O	O	O	O	_	_	_	_	_	_
Berg	O	O	O	O	O	O	_	_	NoSpaceAfter	_	_	_
-	O	O	O	O	O	O	_	_	NoSpaceAfter	_	_	_
Colmar	O	O	O	O	O	O	_	_	NoSpaceAfter	_	_	_
;	O	O	O	O	O	O	_	_	_	_	_	_
ces	O	O	O	O	O	O	_	_	_	_	_	_
trois	O	O	O	O	O	O	_	_	_	_	_	_
demiers	O	O	O	O	O	O	_	_	_	_	_	_
comme	O	O	O	O	O	O	_	_	_	_	_	_
heritiers	O	O	O	O	O	O	_	_	EndOfLine	_	_	_
# segment_iiif_link = https://iiif.eluxemburgensia.lu/iiif/2/ark:%2f70795%2fts3smr%2fpages%2f4/2087,2368,906,53/full/0/default.jpg
de	O	O	O	O	O	O	_	_	_	_	_	_
leur	O	O	O	O	O	O	_	_	_	_	_	_
frere	O	O	O	O	O	O	_	_	NoSpaceAfter	_	_	_
,	O	O	O	O	O	O	_	_	_	_	_	_
ledlt	O	O	O	O	O	O	_	_	_	_	_	_
Jean	O	O	O	O	O	O	_	_	_	_	_	_
Dondelinger	O	O	O	O	O	O	_	_	NoSpaceAfter	_	_	_
,	O	O	O	O	O	O	_	_	_	_	_	_
4	O	O	O	O	O	O	_	_	NoSpaceAfter	_	_	_
°	O	O	O	O	O	O	_	_	_	_	_	_
Marguerile	O	O	O	O	O	O	_	_	EndOfLine	_	_	_
# segment_iiif_link = https://iiif.eluxemburgensia.lu/iiif/2/ark:%2f70795%2fts3smr%2fpages%2f4/2085,2411,891,58/full/0/default.jpg
Dondelinger	O	O	O	O	O	O	_	_	NoSpaceAfter	_	_	_
,	O	O	O	O	O	O	_	_	_	_	_	_
assistee	O	O	O	O	O	O	_	_	_	_	_	_
et	O	O	O	O	O	O	_	_	_	_	_	_
auiorisee	O	O	O	O	O	O	_	_	_	_	_	_
de	O	O	O	O	O	O	_	_	_	_	_	_
son	O	O	O	O	O	O	_	_	_	_	_	_
epoux	O	O	O	O	O	O	_	_	EndOfLine	_	_	_
# segment_iiif_link = https://iiif.eluxemburgensia.lu/iiif/2/ark:%2f70795%2fts3smr%2fpages%2f4/2084,2454,909,49/full/0/default.jpg
Nicolas	O	O	O	O	O	O	_	_	_	_	_	_
Thilman	O	O	O	O	O	O	_	_	NoSpaceAfter	_	_	_
,	O	O	O	O	O	O	_	_	_	_	_	_
conjoins	O	O	O	O	O	O	_	_	_	_	_	_
culiivaieurs	O	O	O	O	O	O	_	_	_	_	_	_
demeuranl	O	O	O	O	O	O	_	_	_	_	_	_
a	O	O	O	O	O	O	_	_	_	_	_	_
la	O	O	O	O	O	O	_	_	EndOfLine	_	_	_
# segment_iiif_link = https://iiif.eluxemburgensia.lu/iiif/2/ark:%2f70795%2fts3smr%2fpages%2f4/2084,2495,909,48/full/0/default.jpg
dile	O	O	O	O	O	O	_	_	_	_	_	_
fenne	O	O	O	O	O	O	_	_	_	_	_	_
de	O	O	O	O	O	O	_	_	_	_	_	_
Neuhof	O	O	O	O	O	O	_	_	NoSpaceAfter	_	_	_
,	O	O	O	O	O	O	_	_	_	_	_	_
agissant	O	O	O	O	O	O	_	_	_	_	_	_
comme	O	O	O	O	O	O	_	_	_	_	_	_
heriliere	O	O	O	O	O	O	_	_	_	_	_	_
sous	O	O	O	O	O	O	_	_	EndOfLine	_	_	_
# segment_iiif_link = https://iiif.eluxemburgensia.lu/iiif/2/ark:%2f70795%2fts3smr%2fpages%2f4/2084,2535,909,48/full/0/default.jpg
benefice	O	O	O	O	O	O	_	_	_	_	_	_
d	O	O	O	O	O	O	_	_	NoSpaceAfter	_	_	_
'	O	O	O	O	O	O	_	_	NoSpaceAfter	_	_	_
invenlaire	O	O	O	O	O	O	_	_	_	_	_	_
de	O	O	O	O	O	O	_	_	_	_	_	_
feu	O	O	O	O	O	O	_	_	_	_	_	_
ladiie	O	O	O	O	O	O	_	_	_	_	_	_
Jeannelte	O	O	O	O	O	O	_	_	_	_	_	_
Jacoby	O	O	O	O	O	O	_	_	NoSpaceAfter	_	_	_
,	O	O	O	O	O	O	_	_	EndOfLine	_	_	_
# segment_iiif_link = https://iiif.eluxemburgensia.lu/iiif/2/ark:%2f70795%2fts3smr%2fpages%2f4/2084,2574,910,51/full/0/default.jpg
demanderesse	O	O	O	O	O	O	_	_	_	_	_	_
en	O	O	O	O	O	O	_	_	_	_	_	_
inlervenlion	O	O	O	O	O	O	_	_	_	_	_	_
voloniaire	O	O	O	O	O	O	_	_	NoSpaceAfter	_	_	_
,	O	O	O	O	O	O	_	_	_	_	_	_
tous	O	O	O	O	O	O	_	_	_	_	_	_
ces	O	O	O	O	O	O	_	_	EndOfLine	_	_	_
# segment_iiif_link = https://iiif.eluxemburgensia.lu/iiif/2/ark:%2f70795%2fts3smr%2fpages%2f4/2083,2622,906,43/full/0/default.jpg
consors	O	O	O	O	O	O	_	_	_	_	_	_
Dondelinger	O	O	O	O	O	O	_	_	NoSpaceAfter	_	_	_
-	O	O	O	O	O	O	_	_	NoSpaceAfter	_	_	_
Neu	O	O	O	O	O	O	_	_	NoSpaceAfter	_	_	_
,	O	O	O	O	O	O	_	_	_	_	_	_
ayanl	O	O	O	O	O	O	_	_	_	_	_	_
pour	O	O	O	O	O	O	_	_	_	_	_	_
avoue	O	O	O	O	O	O	_	_	_	_	_	_
Me	O	O	O	O	O	O	_	_	EndOfLine	_	_	_
# segment_iiif_link = https://iiif.eluxemburgensia.lu/iiif/2/ark:%2f70795%2fts3smr%2fpages%2f4/2084,2655,907,50/full/0/default.jpg
HENRI	O	O	O	O	O	O	_	_	_	_	_	_
WOLFF	O	O	O	O	O	O	_	_	NoSpaceAfter	_	_	_
,	O	O	O	O	O	O	_	_	_	_	_	_
avocat	O	O	O	O	O	O	_	_	NoSpaceAfter	_	_	_
-	O	O	O	O	O	O	_	_	NoSpaceAfter	_	_	_
avoue	O	O	O	O	O	O	_	_	_	_	_	_
demeurant	O	O	O	O	O	O	_	_	_	_	_	_
a	O	O	O	O	O	O	_	_	_	_	_	_
Diekirch	O	O	O	O	O	O	_	_	NoSpaceAfter	_	_	_
:	O	O	O	O	O	O	_	_	EndOfLine	_	_	_
# segment_iiif_link = https://iiif.eluxemburgensia.lu/iiif/2/ark:%2f70795%2fts3smr%2fpages%2f4/2083,2697,911,50/full/0/default.jpg
5	O	O	O	O	O	O	_	_	NoSpaceAfter	_	_	_
°	O	O	O	O	O	O	_	_	_	_	_	_
Michel	O	O	O	O	O	O	_	_	_	_	_	_
Faber	O	O	O	O	O	O	_	_	NoSpaceAfter	_	_	_
,	O	O	O	O	O	O	_	_	_	_	_	_
secrelaire	O	O	O	O	O	O	_	_	NoSpaceAfter	_	_	_
-	O	O	O	O	O	O	_	_	NoSpaceAfter	_	_	_
communal	O	O	O	O	O	O	_	_	_	_	_	_
demeurant	O	O	O	O	O	O	_	_	_	_	_	_
a	O	O	O	O	O	O	_	_	EndOfLine	_	_	_
# segment_iiif_link = https://iiif.eluxemburgensia.lu/iiif/2/ark:%2f70795%2fts3smr%2fpages%2f4/2084,2737,907,50/full/0/default.jpg
Ettelbruck	O	O	O	O	O	O	_	_	_	_	_	_
en	O	O	O	O	O	O	_	_	_	_	_	_
sa	O	O	O	O	O	O	_	_	_	_	_	_
qualiie	O	O	O	O	O	O	_	_	_	_	_	_
de	O	O	O	O	O	O	_	_	_	_	_	_
curaleur	O	O	O	O	O	O	_	_	_	_	_	_
judiciairement	O	O	O	O	O	O	_	_	EndOfLine	_	_	_
# segment_iiif_link = https://iiif.eluxemburgensia.lu/iiif/2/ark:%2f70795%2fts3smr%2fpages%2f4/2085,2780,889,49/full/0/default.jpg
commis	O	O	O	O	O	O	_	_	_	_	_	_
a	O	O	O	O	O	O	_	_	_	_	_	_
la	O	O	O	O	O	O	_	_	_	_	_	_
succession	O	O	O	O	O	O	_	_	_	_	_	_
beueficaire	O	O	O	O	O	O	_	_	_	_	_	_
de	O	O	O	O	O	O	_	_	_	_	_	_
leu	O	O	O	O	O	O	_	_	_	_	_	_
ledit	O	O	O	O	O	O	_	_	EndOfLine	_	_	_
# segment_iiif_link = https://iiif.eluxemburgensia.lu/iiif/2/ark:%2f70795%2fts3smr%2fpages%2f4/2088,2822,906,56/full/0/default.jpg
Dominique	O	O	O	O	O	O	_	_	_	_	_	_
Neu	O	O	O	O	O	O	_	_	NoSpaceAfter	_	_	_
,	O	O	O	O	O	O	_	_	_	_	_	_
demandeur	O	O	O	O	O	O	_	_	_	_	_	_
en	O	O	O	O	O	O	_	_	_	_	_	_
inlervenlion	O	O	O	O	O	O	_	_	_	_	_	_
voloniaire	O	O	O	O	O	O	_	_	NoSpaceAfter	_	_	_
,	O	O	O	O	O	O	_	_	EndOfLine	_	_	_
# segment_iiif_link = https://iiif.eluxemburgensia.lu/iiif/2/ark:%2f70795%2fts3smr%2fpages%2f4/2087,2866,909,53/full/0/default.jpg
ayanl	O	O	O	O	O	O	_	_	_	_	_	_
pour	O	O	O	O	O	O	_	_	_	_	_	_
avoue	O	O	O	O	O	O	_	_	_	_	_	_
ledit	O	O	O	O	O	O	_	_	_	_	_	_
Me	O	O	O	O	O	O	_	_	_	_	_	_
Salenliny	O	O	O	O	O	O	_	_	NoSpaceAfter	_	_	_
;	O	O	O	O	O	O	_	_	_	_	_	_
en	O	O	O	O	O	O	_	_	_	_	_	_
verlu	O	O	O	O	O	O	_	_	_	_	_	_
de	O	O	O	O	O	O	_	_	_	_	_	_
cc	O	O	O	O	O	O	_	_	EndOfLine	_	_	_
# segment_iiif_link = https://iiif.eluxemburgensia.lu/iiif/2/ark:%2f70795%2fts3smr%2fpages%2f4/2088,2904,906,50/full/0/default.jpg
demier	O	O	O	O	O	O	_	_	_	_	_	_
jugemenl	O	O	O	O	O	O	_	_	NoSpaceAfter	_	_	_
,	O	O	O	O	O	O	_	_	_	_	_	_
il	O	O	O	O	O	O	_	_	_	_	_	_
a	O	O	O	O	O	O	_	_	_	_	_	_
ete	O	O	O	O	O	O	_	_	_	_	_	_
ordonne	O	O	O	O	O	O	_	_	_	_	_	_
que	O	O	O	O	O	O	_	_	_	_	_	_
l	O	O	O	O	O	O	_	_	NoSpaceAfter	_	_	_
'	O	O	O	O	O	O	_	_	NoSpaceAfter	_	_	_
adjudicalion	O	O	O	O	O	O	_	_	EndOfLine	_	_	_
# segment_iiif_link = https://iiif.eluxemburgensia.lu/iiif/2/ark:%2f70795%2fts3smr%2fpages%2f4/2087,2954,909,42/full/0/default.jpg
sera	O	O	O	O	O	O	_	_	_	_	_	_
poursuivie	O	O	O	O	O	O	_	_	_	_	_	_
d	O	O	O	O	O	O	_	_	NoSpaceAfter	_	_	_
'	O	O	O	O	O	O	_	_	NoSpaceAfter	_	_	_
aprts	O	O	O	O	O	O	_	_	_	_	_	_
ces	O	O	O	O	O	O	_	_	_	_	_	_
demiers	O	O	O	O	O	O	_	_	_	_	_	_
errements	O	O	O	O	O	O	_	_	_	_	_	_
sauf	O	O	O	O	O	O	_	_	EndOfLine	_	_	_
# segment_iiif_link = https://iiif.eluxemburgensia.lu/iiif/2/ark:%2f70795%2fts3smr%2fpages%2f4/2088,2991,907,53/full/0/default.jpg
quant	O	O	O	O	O	O	_	_	_	_	_	_
a	O	O	O	O	O	O	_	_	_	_	_	_
parlie	O	O	O	O	O	O	_	_	_	_	_	_
de	O	O	O	O	O	O	_	_	_	_	_	_
I	O	O	O	O	O	O	_	_	_	_	_	_
immeüble	O	O	O	O	O	O	_	_	_	_	_	_
sub	O	O	O	O	O	O	_	_	_	_	_	_
numero	O	O	O	O	O	O	_	_	_	_	_	_
deux	O	O	O	O	O	O	_	_	_	_	_	_
de	O	O	O	O	O	O	_	_	EndOfLine	_	_	_
# segment_iiif_link = https://iiif.eluxemburgensia.lu/iiif/2/ark:%2f70795%2fts3smr%2fpages%2f4/2089,3029,904,49/full/0/default.jpg
la	O	O	O	O	O	O	_	_	_	_	_	_
demaude	O	O	O	O	O	O	_	_	_	_	_	_
en	O	O	O	O	O	O	_	_	_	_	_	_
distraction	O	O	O	O	O	O	_	_	NoSpaceAfter	_	_	_
,	O	O	O	O	O	O	_	_	_	_	_	_
savoir	O	O	O	O	O	O	_	_	NoSpaceAfter	_	_	_
:	O	O	O	O	O	O	_	_	_	_	_	_
deux	O	O	O	O	O	O	_	_	_	_	_	_
parcelles	O	O	O	O	O	O	_	_	_	_	_	_
de	O	O	O	O	O	O	_	_	EndOfLine	_	_	_
# segment_iiif_link = https://iiif.eluxemburgensia.lu/iiif/2/ark:%2f70795%2fts3smr%2fpages%2f4/2088,3074,908,55/full/0/default.jpg
terre	O	O	O	O	O	O	_	_	NoSpaceAfter	_	_	_
,	O	O	O	O	O	O	_	_	_	_	_	_
sises	O	O	O	O	O	O	_	_	_	_	_	_
beim	O	O	O	O	O	O	_	_	_	_	_	_
Windelbourn	O	O	O	O	O	O	_	_	NoSpaceAfter	_	_	_
,	O	O	O	O	O	O	_	_	_	_	_	_
contenant	O	O	O	O	O	O	_	_	_	_	_	_
ensemble	O	O	O	O	O	O	_	_	EndOfLine	_	_	_
# segment_iiif_link = https://iiif.eluxemburgensia.lu/iiif/2/ark:%2f70795%2fts3smr%2fpages%2f4/2087,3115,908,49/full/0/default.jpg
environ	O	O	O	O	O	O	_	_	_	_	_	_
un	O	O	O	O	O	O	_	_	_	_	_	_
hectare	O	O	O	O	O	O	_	_	NoSpaceAfter	_	_	_
,	O	O	O	O	O	O	_	_	_	_	_	_
cinquante	O	O	O	O	O	O	_	_	NoSpaceAfter	_	_	_
-	O	O	O	O	O	O	_	_	NoSpaceAfter	_	_	_
seple	O	O	O	O	O	O	_	_	_	_	_	_
ares	O	O	O	O	O	O	_	_	NoSpaceAfter	_	_	_
,	O	O	O	O	O	O	_	_	_	_	_	_
figurant	O	O	O	O	O	O	_	_	EndOfLine	_	_	_
# segment_iiif_link = https://iiif.eluxemburgensia.lu/iiif/2/ark:%2f70795%2fts3smr%2fpages%2f4/2085,3161,907,43/full/0/default.jpg
sous	O	O	O	O	O	O	_	_	_	_	_	_
l	O	O	O	O	O	O	_	_	NoSpaceAfter	_	_	_
'	O	O	O	O	O	O	_	_	NoSpaceAfter	_	_	_
article	O	O	O	O	O	O	_	_	_	_	_	_
(	O	O	O	O	O	O	_	_	NoSpaceAfter	_	_	_
rois	O	O	O	O	O	O	_	_	_	_	_	_
de	O	O	O	O	O	O	_	_	_	_	_	_
la	O	O	O	O	O	O	_	_	_	_	_	_
saisie	O	O	O	O	O	O	_	_	_	_	_	_
(	O	O	O	O	O	O	_	_	NoSpaceAfter	_	_	_
ci	O	O	O	O	O	O	_	_	NoSpaceAfter	_	_	_
-	O	O	O	O	O	O	_	_	NoSpaceAfter	_	_	_
dessus	O	O	O	O	O	O	_	_	_	_	_	_
rapportee	O	O	O	O	O	O	_	_	NoSpaceAfter	_	_	_
)	O	O	O	O	O	O	_	_	EndOfLine	_	_	_
# segment_iiif_link = https://iiif.eluxemburgensia.lu/iiif/2/ark:%2f70795%2fts3smr%2fpages%2f4/2087,3200,905,45/full/0/default.jpg
et	O	O	O	O	O	O	_	_	_	_	_	_
formant	O	O	O	O	O	O	_	_	_	_	_	_
actuellemcni	O	O	O	O	O	O	_	_	_	_	_	_
une	O	O	O	O	O	O	_	_	_	_	_	_
seule	O	O	O	O	O	O	_	_	_	_	_	_
piece	O	O	O	O	O	O	_	_	NoSpaceAfter	_	_	_
.	O	O	O	O	O	O	_	_	_	EndOfSentence	_	_
a	O	O	O	O	O	O	_	_	_	_	_	_
I	O	O	O	O	O	O	_	_	NoSpaceAfter	_	_	_
'	O	O	O	O	O	O	_	_	NoSpaceAfter	_	_	_
egard	O	O	O	O	O	O	_	_	EndOfLine	_	_	_
# segment_iiif_link = https://iiif.eluxemburgensia.lu/iiif/2/ark:%2f70795%2fts3smr%2fpages%2f4/2087,3237,904,58/full/0/default.jpg
duquel	O	O	O	O	O	O	_	_	_	_	_	_
une	O	O	O	O	O	O	_	_	_	_	_	_
Instruction	O	O	O	O	O	O	_	_	_	_	_	_
ullerieure	O	O	O	O	O	O	_	_	_	_	_	_
a	O	O	O	O	O	O	_	_	_	_	_	_
eie	O	O	O	O	O	O	_	_	_	_	_	_
ordonnee	O	O	O	O	O	O	_	_	_	_	_	_
a	O	O	O	O	O	O	_	_	EndOfLine	_	_	_
# segment_iiif_link = https://iiif.eluxemburgensia.lu/iiif/2/ark:%2f70795%2fts3smr%2fpages%2f4/2085,3278,889,55/full/0/default.jpg
Charge	O	O	O	O	O	O	_	_	_	_	_	_
des	O	O	O	O	O	O	_	_	_	_	_	_
epoux	O	O	O	O	O	O	_	_	_	_	_	_
Dondelinger	O	O	O	O	O	O	_	_	NoSpaceAfter	_	_	_
-	O	O	O	O	O	O	_	_	NoSpaceAfter	_	_	_
Neu	O	O	O	O	O	O	_	_	NoSpaceAfter	_	_	_
,	O	O	O	O	O	O	_	_	_	_	_	_
en	O	O	O	O	O	O	_	_	_	_	_	_
leur	O	O	O	O	O	O	_	_	_	_	_	_
dite	O	O	O	O	O	O	_	_	EndOfLine	_	_	_
# segment_iiif_link = https://iiif.eluxemburgensia.lu/iiif/2/ark:%2f70795%2fts3smr%2fpages%2f4/2087,3320,904,48/full/0/default.jpg
qualiie	O	O	O	O	O	O	_	_	_	_	_	_
d	O	O	O	O	O	O	_	_	_	_	_	_
heritiers	O	O	O	O	O	O	_	_	_	_	_	_
beneficiaires	O	O	O	O	O	O	_	_	NoSpaceAfter	_	_	_
,	O	O	O	O	O	O	_	_	_	_	_	_
ceux	O	O	O	O	O	O	_	_	_	_	_	_
ci	O	O	O	O	O	O	_	_	_	_	_	_
ainsi	O	O	O	O	O	O	_	_	_	_	_	_
que	O	O	O	O	O	O	_	_	_	_	_	_
les	O	O	O	O	O	O	_	_	EndOfLine	_	_	_
# segment_iiif_link = https://iiif.eluxemburgensia.lu/iiif/2/ark:%2f70795%2fts3smr%2fpages%2f4/2087,3360,885,49/full/0/default.jpg
autres	O	O	O	O	O	O	_	_	_	_	_	_
demandeurs	O	O	O	O	O	O	_	_	_	_	_	_
originaires	O	O	O	O	O	O	_	_	NoSpaceAfter	_	_	_
,	O	O	O	O	O	O	_	_	_	_	_	_
a	O	O	O	O	O	O	_	_	_	_	_	_
lexception	O	O	O	O	O	O	_	_	_	_	_	_
de	O	O	O	O	O	O	_	_	EndOfLine	_	_	_
# segment_iiif_link = https://iiif.eluxemburgensia.lu/iiif/2/ark:%2f70795%2fts3smr%2fpages%2f4/2087,3398,904,57/full/0/default.jpg
Marguerile	O	O	O	O	O	O	_	_	_	_	_	_
Dondelinger	O	O	O	O	O	O	_	_	NoSpaceAfter	_	_	_
,	O	O	O	O	O	O	_	_	_	_	_	_
ayant	O	O	O	O	O	O	_	_	_	_	_	_
eie	O	O	O	O	O	O	_	_	_	_	_	_
mise	O	O	O	O	O	O	_	_	_	_	_	_
hors	O	O	O	O	O	O	_	_	_	_	_	_
de	O	O	O	O	O	O	_	_	_	_	_	_
cause	O	O	O	O	O	O	_	_	_	_	_	_
en	O	O	O	O	O	O	_	_	EndOfLine	_	_	_
# segment_iiif_link = https://iiif.eluxemburgensia.lu/iiif/2/ark:%2f70795%2fts3smr%2fpages%2f4/2090,3441,899,45/full/0/default.jpg
laut	O	O	O	O	O	O	_	_	_	_	_	_
que	O	O	O	O	O	O	_	_	_	_	_	_
devant	O	O	O	O	O	O	_	_	_	_	_	_
representer	O	O	O	O	O	O	_	_	_	_	_	_
Jeannelte	O	O	O	O	O	O	_	_	_	_	_	_
Jacoby	O	O	O	O	O	O	_	_	NoSpaceAfter	_	_	_
,	O	O	O	O	O	O	_	_	_	_	_	_
lequel	O	O	O	O	O	O	_	_	EndOfLine	_	_	_
# segment_iiif_link = https://iiif.eluxemburgensia.lu/iiif/2/ark:%2f70795%2fts3smr%2fpages%2f4/2087,3477,903,51/full/0/default.jpg
arlicle	O	O	O	O	O	O	_	_	_	_	_	_
trois	O	O	O	O	O	O	_	_	_	_	_	_
de	O	O	O	O	O	O	_	_	_	_	_	_
la	O	O	O	O	O	O	_	_	_	_	_	_
saisie	O	O	O	O	O	O	_	_	_	_	_	_
reslera	O	O	O	O	O	O	_	_	_	_	_	_
endchors	O	O	O	O	O	O	_	_	_	_	_	_
de	O	O	O	O	O	O	_	_	_	_	_	_
la	O	O	O	O	O	O	_	_	EndOfLine	_	_	_
# segment_iiif_link = https://iiif.eluxemburgensia.lu/iiif/2/ark:%2f70795%2fts3smr%2fpages%2f4/2087,3523,886,48/full/0/default.jpg
venle	O	O	O	O	O	O	_	_	_	_	_	_
acluelleotent	O	O	O	O	O	O	_	_	_	_	_	_
poursuivie	O	O	O	O	O	O	_	_	NoSpaceAfter	_	_	_
,	O	O	O	O	O	O	_	_	_	_	_	_
ainsi	O	O	O	O	O	O	_	_	_	_	_	_
que	O	O	O	O	O	O	_	_	_	_	_	_
l	O	O	O	O	O	O	_	_	NoSpaceAfter	_	_	_
'	O	O	O	O	O	O	_	_	NoSpaceAfter	_	_	_
arlicle	O	O	O	O	O	O	_	_	EndOfLine	_	_	_
# segment_iiif_link = https://iiif.eluxemburgensia.lu/iiif/2/ark:%2f70795%2fts3smr%2fpages%2f4/2087,3564,904,54/full/0/default.jpg
dixsept	O	O	O	O	O	O	_	_	_	_	_	_
ci	O	O	O	O	O	O	_	_	NoSpaceAfter	_	_	_
-	O	O	O	O	O	O	_	_	NoSpaceAfter	_	_	_
dessus	O	O	O	O	O	O	_	_	_	_	_	_
lequel	O	O	O	O	O	O	_	_	_	_	_	_
a	O	O	O	O	O	O	_	_	_	_	_	_
ete	O	O	O	O	O	O	_	_	_	_	_	_
lobjet	O	O	O	O	O	O	_	_	_	_	_	_
dune	O	O	O	O	O	O	_	_	_	_	_	_
demande	O	O	O	O	O	O	_	_	EndOfLine	_	_	_
# segment_iiif_link = https://iiif.eluxemburgensia.lu/iiif/2/ark:%2f70795%2fts3smr%2fpages%2f4/2087,3611,882,41/full/0/default.jpg
en	O	O	O	O	O	O	_	_	_	_	_	_
distraction	O	O	O	O	O	O	_	_	_	_	_	_
formee	O	O	O	O	O	O	_	_	_	_	_	_
par	O	O	O	O	O	O	_	_	_	_	_	_
le	O	O	O	O	O	O	_	_	_	_	_	_
sieur	O	O	O	O	O	O	_	_	_	_	_	_
Theodore	O	O	O	O	O	O	_	_	EndOfLine	_	_	_
# segment_iiif_link = https://iiif.eluxemburgensia.lu/iiif/2/ark:%2f70795%2fts3smr%2fpages%2f4/2087,3643,905,57/full/0/default.jpg
Schamrnel	O	O	O	O	O	O	_	_	NoSpaceAfter	_	_	_
,	O	O	O	O	O	O	_	_	_	_	_	_
laboureur	O	O	O	O	O	O	_	_	NoSpaceAfter	_	_	_
,	O	O	O	O	O	O	_	_	_	_	_	_
demeurant	O	O	O	O	O	O	_	_	_	_	_	_
a	O	O	O	O	O	O	_	_	_	_	_	_
Ingeldorf	O	O	O	O	O	O	_	_	NoSpaceAfter	_	_	_
,	O	O	O	O	O	O	_	_	_	_	_	_
pendante	O	O	O	O	O	O	_	_	_	_	_	_
de	O	O	O	O	O	O	_	_	NoSpaceAfter	_	_	_
.	O	O	O	O	O	O	_	_	EndOfLine	EndOfSentence	_	_
# segment_iiif_link = https://iiif.eluxemburgensia.lu/iiif/2/ark:%2f70795%2fts3smr%2fpages%2f4/2087,3689,904,47/full/0/default.jpg
vant	O	O	O	O	O	O	_	_	_	_	_	_
le	O	O	O	O	O	O	_	_	_	_	_	_
susdit	O	O	O	O	O	O	_	_	_	_	_	_
tribunal	O	O	O	O	O	O	_	_	NoSpaceAfter	_	_	_
,	O	O	O	O	O	O	_	_	_	_	_	_
sous	O	O	O	O	O	O	_	_	_	_	_	_
reserve	O	O	O	O	O	O	_	_	_	_	_	_
de	O	O	O	O	O	O	_	_	_	_	_	_
tous	O	O	O	O	O	O	_	_	_	_	_	_
droits	O	O	O	O	O	O	_	_	EndOfLine	_	_	_
# segment_iiif_link = https://iiif.eluxemburgensia.lu/iiif/2/ark:%2f70795%2fts3smr%2fpages%2f4/2089,3728,901,56/full/0/default.jpg
ulterieurs	O	O	O	O	O	O	_	_	NoSpaceAfter	_	_	_
.	O	O	O	O	O	O	_	_	_	EndOfSentence	_	_
La	O	O	O	O	O	O	_	_	_	_	_	_
saisie	O	O	O	O	O	O	_	_	_	_	_	_
et	O	O	O	O	O	O	_	_	_	_	_	_
la	O	O	O	O	O	O	_	_	_	_	_	_
venle	O	O	O	O	O	O	_	_	_	_	_	_
sont	O	O	O	O	O	O	_	_	_	_	_	_
poursuivies	O	O	O	O	O	O	_	_	EndOfLine	_	_	_
# segment_iiif_link = https://iiif.eluxemburgensia.lu/iiif/2/ark:%2f70795%2fts3smr%2fpages%2f4/2087,3779,904,42/full/0/default.jpg
sur	O	O	O	O	O	O	_	_	_	_	_	_
la	O	O	O	O	O	O	_	_	_	_	_	_
mise	O	O	O	O	O	O	_	_	_	_	_	_
a	O	O	O	O	O	O	_	_	_	_	_	_
prix	O	O	O	O	O	O	_	_	_	_	_	_
de	O	O	O	O	O	O	_	_	_	_	_	_
deux	O	O	O	O	O	O	_	_	_	_	_	_
milles	O	O	O	O	O	O	_	_	_	_	_	_
francs	O	O	O	O	O	O	_	_	_	_	_	_
portee	O	O	O	O	O	O	_	_	_	_	_	_
au	O	O	O	O	O	O	_	_	EndOfLine	_	_	_
# segment_iiif_link = https://iiif.eluxemburgensia.lu/iiif/2/ark:%2f70795%2fts3smr%2fpages%2f4/2087,3813,904,54/full/0/default.jpg
cahier	O	O	O	O	O	O	_	_	_	_	_	_
des	O	O	O	O	O	O	_	_	_	_	_	_
chargespar	O	O	O	O	O	O	_	_	_	_	_	_
la	O	O	O	O	O	O	_	_	_	_	_	_
parlie	O	O	O	O	O	O	_	_	_	_	_	_
premiere	O	O	O	O	O	O	_	_	_	_	_	_
saisissante	O	O	O	O	O	O	_	_	NoSpaceAfter	_	_	_
,	O	O	O	O	O	O	_	_	EndOfLine	_	_	_
# segment_iiif_link = https://iiif.eluxemburgensia.lu/iiif/2/ark:%2f70795%2fts3smr%2fpages%2f4/2090,3857,883,54/full/0/default.jpg
devant	O	O	O	O	O	O	_	_	_	_	_	_
le	O	O	O	O	O	O	_	_	_	_	_	_
susdit	O	O	O	O	O	O	_	_	_	_	_	_
tribunal	O	O	O	O	O	O	_	_	_	_	_	_
de	O	O	O	O	O	O	_	_	_	_	_	_
Diekirch	O	O	O	O	O	O	_	_	_	_	_	_
sur	O	O	O	O	O	O	_	_	_	_	_	_
les	O	O	O	O	O	O	_	_	EndOfLine	_	_	_
# segment_iiif_link = https://iiif.eluxemburgensia.lu/iiif/2/ark:%2f70795%2fts3smr%2fpages%2f4/2085,3909,890,51/full/0/default.jpg
diugences	O	O	O	O	O	O	_	_	_	_	_	_
dudit	O	O	O	O	O	O	_	_	_	_	_	_
sieur	O	O	O	O	O	O	_	_	_	_	_	_
du	O	O	O	O	O	O	_	_	_	_	_	_
Prel	O	O	O	O	O	O	_	_	_	_	_	_
es	O	O	O	O	O	O	_	_	_	_	_	_
qualiie	O	O	O	O	O	O	_	_	NoSpaceAfter	_	_	_
«	O	O	O	O	O	O	_	_	NoSpaceAfter	_	_	_
,	O	O	O	O	O	O	_	_	_	_	_	_
en	O	O	O	O	O	O	_	_	EndOfLine	_	_	_
# segment_iiif_link = https://iiif.eluxemburgensia.lu/iiif/2/ark:%2f70795%2fts3smr%2fpages%2f4/2087,3952,885,51/full/0/default.jpg
consequence	O	O	O	O	O	O	_	_	_	_	_	_
de	O	O	O	O	O	O	_	_	_	_	_	_
la	O	O	O	O	O	O	_	_	_	_	_	_
remise	O	O	O	O	O	O	_	_	_	_	_	_
prononce"e	O	O	O	O	O	O	_	_	_	_	_	_
par	O	O	O	O	O	O	_	_	_	_	_	_
Mr	O	O	O	O	O	O	_	_	NoSpaceAfter	_	_	_
.	O	O	O	O	O	O	_	_	_	EndOfSentence	_	_
le	O	O	O	O	O	O	_	_	EndOfLine	_	_	_
# segment_iiif_link = https://iiif.eluxemburgensia.lu/iiif/2/ark:%2f70795%2fts3smr%2fpages%2f4/2088,3989,890,55/full/0/default.jpg
Juge	O	O	O	O	O	O	_	_	NoSpaceAfter	_	_	_
-	O	O	O	O	O	O	_	_	NoSpaceAfter	_	_	_
depaix	O	O	O	O	O	O	_	_	_	_	_	_
susdit	O	O	O	O	O	O	_	_	_	_	_	_
le	O	O	O	O	O	O	_	_	_	_	_	_
Irenle	O	O	O	O	O	O	_	_	_	_	_	_
juin	O	O	O	O	O	O	_	_	_	_	_	_
1800	O	O	O	O	O	O	_	_	_	_	_	_
cinquante	O	O	O	O	O	O	_	_	NoSpaceAfter	_	_	_
-	O	O	O	O	O	O	_	_	NoSpaceAfter	_	_	_
six	O	O	O	O	O	O	_	_	NoSpaceAfter	_	_	_
,	O	O	O	O	O	O	_	_	EndOfLine	_	_	_
# segment_iiif_link = https://iiif.eluxemburgensia.lu/iiif/2/ark:%2f70795%2fts3smr%2fpages%2f4/2084,4028,909,58/full/0/default.jpg
l	O	O	O	O	O	O	_	_	NoSpaceAfter	_	_	_
'	O	O	O	O	O	O	_	_	NoSpaceAfter	_	_	_
adjudicalion	O	O	O	O	O	O	_	_	_	_	_	_
primiiivement	O	O	O	O	O	O	_	_	_	_	_	_
fixee	O	O	O	O	O	O	_	_	_	_	_	_
a	O	O	O	O	O	O	_	_	_	_	_	_
cc	O	O	O	O	O	O	_	_	_	_	_	_
demier	O	O	O	O	O	O	_	_	_	_	_	_
jour	O	O	O	O	O	O	_	_	EndOfLine	_	_	_
# segment_iiif_link = https://iiif.eluxemburgensia.lu/iiif/2/ark:%2f70795%2fts3smr%2fpages%2f4/2087,4068,382,58/full/0/default.jpg
n	O	O	O	O	O	O	_	_	NoSpaceAfter	_	_	_
'	O	O	O	O	O	O	_	_	NoSpaceAfter	_	_	_
ayant	O	O	O	O	O	O	_	_	_	_	_	_
pu	O	O	O	O	O	O	_	_	_	_	_	_
avoir	O	O	O	O	O	O	_	_	_	_	_	_
esse	O	O	O	O	O	O	_	_	NoSpaceAfter	_	_	_
!	O	O	O	O	O	O	_	_	NoSpaceAfter	EndOfSentence	_	_
.	O	O	O	O	O	O	_	_	EndOfLine	EndOfSentence	_	_
# segment_iiif_link = https://iiif.eluxemburgensia.lu/iiif/2/ark:%2f70795%2fts3smr%2fpages%2f4/2129,4122,846,50/full/0/default.jpg
Dont	O	O	O	O	O	O	_	_	_	_	_	_
acte	O	O	O	O	O	O	_	_	_	_	_	_
dresse	O	O	O	O	O	O	_	_	_	_	_	_
par	O	O	O	O	O	O	_	_	_	_	_	_
le	O	O	O	O	O	O	_	_	_	_	_	_
susdit	O	O	O	O	O	O	_	_	_	_	_	_
et	O	O	O	O	O	O	_	_	_	_	_	_
soussigne	O	O	O	O	O	O	_	_	EndOfLine	_	_	_
# segment_iiif_link = https://iiif.eluxemburgensia.lu/iiif/2/ark:%2f70795%2fts3smr%2fpages%2f4/2087,4159,480,51/full/0/default.jpg
avocat	O	O	O	O	O	O	_	_	NoSpaceAfter	_	_	_
-	O	O	O	O	O	O	_	_	NoSpaceAfter	_	_	_
avoue	O	O	O	O	O	O	_	_	_	_	_	_
du	O	O	O	O	O	O	_	_	_	_	_	_
sieur	O	O	O	O	O	O	_	_	_	_	_	_
du	O	O	O	O	O	O	_	_	_	_	_	_
P	O	O	O	O	O	O	_	_	NoSpaceAfter	_	_	_
,	O	O	O	O	O	O	_	_	NoSpaceAfter	_	_	_
el	O	O	O	O	O	O	_	_	NoSpaceAfter	_	_	_
.	O	O	O	O	O	O	_	_	EndOfLine	EndOfSentence	_	_
# segment_iiif_link = https://iiif.eluxemburgensia.lu/iiif/2/ark:%2f70795%2fts3smr%2fpages%2f4/2129,4210,804,54/full/0/default.jpg
(	O	O	O	O	O	O	_	_	NoSpaceAfter	_	_	_
315	O	O	O	O	O	O	_	_	NoSpaceAfter	_	_	_
)	O	O	O	O	O	O	_	_	_	EndOfSentence	_	_
Saleutlny	O	O	O	O	O	O	_	_	NoSpaceAfter	_	_	_
.	O	O	O	O	O	O	_	_	EndOfLine	EndOfSentence	_	_
# segment_iiif_link = https://iiif.eluxemburgensia.lu/iiif/2/ark:%2f70795%2fts3smr%2fpages%2f4/2195,4283,693,51/full/0/default.jpg
Druck	O	O	O	O	O	O	_	_	_	_	_	_
und	O	O	O	O	O	O	_	_	_	_	_	_
Verlag	O	O	O	O	O	O	_	_	_	_	_	_
v	O	O	O	O	O	O	_	_	NoSpaceAfter	_	_	_
«	O	O	O	O	O	O	_	_	NoSpaceAfter	_	_	_
„	O	O	O	O	O	O	_	_	_	_	_	_
Jos	O	O	O	O	O	O	_	_	NoSpaceAfter	_	_	_
.	O	O	O	O	O	O	_	_	_	EndOfSentence	_	_
Nut	O	O	O	O	O	O	_	_	NoSpaceAfter	_	_	_
.	O	O	O	O	O	O	_	_	_	EndOfSentence	_	_
SchroU	O	O	O	O	O	O	_	_	NoSpaceAfter	_	_	_
.	O	O	O	O	O	O	_	_	EndOfLine	EndOfSentence	_	_

# language = fr
# newspaper = EXP
# date = 1848-07-20
# document_id = EXP-1848-07-20-a-i0003
# news-agency-as-source = _
# segment_iiif_link = https://impresso-project.ch/api/proxy/iiif/EXP-1848-07-20-a-p0002/529,15,918,201/full/0/default.jpg
û	O	O	O	O	O	O	_	_	_	_	_	_
M	O	O	O	O	O	O	_	_	_	_	_	_
_	O	O	O	O	O	O	_	_	NoSpaceAfter	_	_	_
WM	O	O	O	O	O	O	_	_	_	_	_	_
m	O	O	O	O	O	O	_	_	_	_	_	_
ME	O	O	O	O	O	O	_	_	EndOfLine	_	_	_
# segment_iiif_link = https://impresso-project.ch/api/proxy/iiif/EXP-1848-07-20-a-p0002/621,187,729,85/full/0/default.jpg
HABILLEMENTS	O	O	O	O	O	O	_	_	_	_	_	_
POUR	O	O	O	O	O	O	_	_	_	_	_	_
HOMMES	O	O	O	O	O	O	_	_	NoSpaceAfter	_	_	_
.	O	O	O	O	O	O	_	_	EndOfLine	EndOfSentence	_	_
# segment_iiif_link = https://impresso-project.ch/api/proxy/iiif/EXP-1848-07-20-a-p0002/552,263,884,47/full/0/default.jpg
Messieurs	O	O	O	O	O	O	_	_	_	_	_	_
BLUltf	O	O	O	O	O	O	_	_	NoSpaceAfter	_	_	_
,	O	O	O	O	O	O	_	_	_	_	_	_
FRLRES	O	O	O	O	O	O	_	_	NoSpaceAfter	_	_	_
,	O	O	O	O	O	O	_	_	_	_	_	_
ont	O	O	O	O	O	O	_	_	_	_	_	_
l	O	O	O	O	O	O	_	_	NoSpaceAfter	_	_	_
'	O	O	O	O	O	O	_	_	NoSpaceAfter	_	_	_
honneur	O	O	O	O	O	O	_	_	_	_	_	_
de	O	O	O	O	O	O	_	_	_	_	_	_
faire	O	O	O	O	O	O	_	_	_	_	_	_
part	O	O	O	O	O	O	_	_	_	_	_	_
qne	O	O	O	O	O	O	_	_	_	_	_	_
leur	O	O	O	O	O	O	_	_	_	_	_	_
magasin	O	O	O	O	O	O	_	_	_	_	_	_
sera	O	O	O	O	O	O	_	_	_	_	_	_
ouvert	O	O	O	O	O	O	_	_	_	_	_	_
jusqu	O	O	O	O	O	O	_	_	NoSpaceAfter	_	_	_
'	O	O	O	O	O	O	_	_	NoSpaceAfter	_	_	_
à	O	O	O	O	O	O	_	_	EndOfLine	_	_	_
# segment_iiif_link = https://impresso-project.ch/api/proxy/iiif/EXP-1848-07-20-a-p0002/531,286,212,46/full/0/default.jpg
samedi	O	O	O	O	O	O	_	_	_	_	_	_
soir	O	O	O	O	O	O	_	_	_	_	_	_
29	O	O	O	O	O	O	_	_	_	_	_	_
courant	O	O	O	O	O	O	_	_	NoSpaceAfter	_	_	_
,	O	O	O	O	O	O	_	_	EndOfLine	_	_	_
# segment_iiif_link = https://impresso-project.ch/api/proxy/iiif/EXP-1848-07-20-a-p0002/737,326,485,64/full/0/default.jpg
A	O	O	O	O	O	O	_	_	_	_	_	_
la	O	O	O	O	O	O	_	_	_	_	_	_
petite	O	O	O	O	O	O	_	_	_	_	_	_
salle	O	O	O	O	O	O	_	_	_	_	_	_
des	O	O	O	O	O	O	_	_	_	_	_	_
Concerts	O	O	O	O	O	O	_	_	NoSpaceAfter	_	_	_
.	O	O	O	O	O	O	_	_	EndOfLine	EndOfSentence	_	_
# segment_iiif_link = https://impresso-project.ch/api/proxy/iiif/EXP-1848-07-20-a-p0002/556,387,409,46/full/0/default.jpg
16	O	O	O	O	O	O	_	_	NoSpaceAfter	_	_	_
.	O	O	O	O	O	O	_	_	_	EndOfSentence	_	_
A	O	O	O	O	O	O	_	_	_	_	_	_
vendre	O	O	O	O	O	O	_	_	_	_	_	_
un	O	O	O	O	O	O	_	_	_	_	_	_
fond	O	O	O	O	O	O	_	_	_	_	_	_
de	O	O	O	O	O	O	_	_	_	_	_	_
magasin	O	O	O	O	O	O	_	_	_	_	_	_
de	O	O	O	O	O	O	_	_	_	_	_	_
ferblantier	O	O	O	O	O	O	_	_	EndOfLine	_	_	_
# segment_iiif_link = https://impresso-project.ch/api/proxy/iiif/EXP-1848-07-20-a-p0002/531,408,434,47/full/0/default.jpg
et	O	O	O	O	O	O	_	_	_	_	_	_
plusieurs	O	O	O	O	O	O	_	_	_	_	_	_
ouvrages	O	O	O	O	O	O	_	_	_	_	_	_
fabriqués	O	O	O	O	O	O	_	_	_	_	_	_
provenant	O	O	O	O	O	O	_	_	_	_	_	_
de	O	O	O	O	O	O	_	_	EndOfLine	_	_	_
# segment_iiif_link = https://impresso-project.ch/api/proxy/iiif/EXP-1848-07-20-a-p0002/532,430,333,47/full/0/default.jpg
collocation	O	O	O	O	O	O	_	_	NoSpaceAfter	_	_	_
.	O	O	O	O	O	O	_	_	_	EndOfSentence	_	_
S	O	O	O	O	O	O	_	_	NoSpaceAfter	_	_	_
'	O	O	O	O	O	O	_	_	NoSpaceAfter	_	_	_
adresser	O	O	O	O	O	O	_	_	_	_	_	_
à	O	O	O	O	O	O	_	_	_	_	_	_
M	O	O	O	O	O	O	_	_	NoSpaceAfter	_	_	_
.	O	O	O	O	O	O	_	_	_	_	_	_
Pétremand	O	O	O	O	O	O	_	_	NoSpaceAfter	_	_	_
.	O	O	O	O	O	O	_	_	EndOfLine	EndOfSentence	_	_
# segment_iiif_link = https://impresso-project.ch/api/proxy/iiif/EXP-1848-07-20-a-p0002/556,461,410,46/full/0/default.jpg
1	O	O	O	O	O	O	_	_	_	_	_	_
7	O	O	O	O	O	O	_	_	NoSpaceAfter	_	_	_
.	O	O	O	O	O	O	_	_	_	EndOfSentence	_	_
M	O	O	O	O	O	O	_	_	NoSpaceAfter	_	_	_
.	O	O	O	O	O	O	_	_	_	_	_	_
Clolln	O	O	O	O	O	O	_	_	NoSpaceAfter	_	_	_
,	O	O	O	O	O	O	_	_	_	_	_	_
maître	O	O	O	O	O	O	_	_	_	_	_	_
charcutier	O	O	O	O	O	O	_	_	_	_	_	_
en	O	O	O	O	O	O	_	_	_	_	_	_
celte	O	O	O	O	O	O	_	_	_	_	_	_
ville	O	O	O	O	O	O	_	_	NoSpaceAfter	_	_	_
,	O	O	O	O	O	O	_	_	EndOfLine	_	_	_
# segment_iiif_link = https://impresso-project.ch/api/proxy/iiif/EXP-1848-07-20-a-p0002/531,484,433,46/full/0/default.jpg
a	O	O	O	O	O	O	_	_	_	_	_	_
l	O	O	O	O	O	O	_	_	NoSpaceAfter	_	_	_
'	O	O	O	O	O	O	_	_	NoSpaceAfter	_	_	_
honneur	O	O	O	O	O	O	_	_	_	_	_	_
d	O	O	O	O	O	O	_	_	NoSpaceAfter	_	_	_
'	O	O	O	O	O	O	_	_	NoSpaceAfter	_	_	_
informer	O	O	O	O	O	O	_	_	_	_	_	_
le	O	O	O	O	O	O	_	_	_	_	_	_
public	O	O	O	O	O	O	_	_	_	_	_	_
et	O	O	O	O	O	O	_	_	EndOfLine	_	_	_
# segment_iiif_link = https://impresso-project.ch/api/proxy/iiif/EXP-1848-07-20-a-p0002/531,505,439,47/full/0/default.jpg
particulièrement	O	O	O	O	O	O	_	_	_	_	_	_
les	O	O	O	O	O	O	_	_	_	_	_	_
personnes	O	O	O	O	O	O	_	_	_	_	_	_
qui	O	O	O	O	O	O	_	_	_	_	_	_
avaient	O	O	O	O	O	O	_	_	_	_	_	_
l	O	O	O	O	O	O	_	_	NoSpaceAfter	_	_	_
'	O	O	O	O	O	O	_	_	NoSpaceAfter	_	_	_
habitude	O	O	O	O	O	O	_	_	_	_	_	_
de	O	O	O	O	O	O	_	_	_	_	_	_
se	O	O	O	O	O	O	_	_	NoSpaceAfter	_	_	_
.	O	O	O	O	O	O	_	_	EndOfLine	EndOfSentence	_	_
# segment_iiif_link = https://impresso-project.ch/api/proxy/iiif/EXP-1848-07-20-a-p0002/531,527,434,47/full/0/default.jpg
servir	O	O	O	O	O	O	_	_	_	_	_	_
chez	O	O	O	O	O	O	_	_	_	_	_	_
Mad	O	O	O	O	O	O	_	_	_	_	_	_
veuve	O	O	O	O	O	O	_	_	_	_	_	_
L	O	O	O	O	O	O	_	_	NoSpaceAfter	_	_	_
'	O	O	O	O	O	O	_	_	NoSpaceAfter	_	_	_
E	O	O	O	O	O	O	_	_	_	_	_	_
plattenier	O	O	O	O	O	O	_	_	NoSpaceAfter	_	_	_
,	O	O	O	O	O	O	_	_	_	_	_	_
qu	O	O	O	O	O	O	_	_	NoSpaceAfter	_	_	_
'	O	O	O	O	O	O	_	_	NoSpaceAfter	_	_	_
il	O	O	O	O	O	O	_	_	_	_	_	_
a	O	O	O	O	O	O	_	_	EndOfLine	_	_	_
# segment_iiif_link = https://impresso-project.ch/api/proxy/iiif/EXP-1848-07-20-a-p0002/532,550,433,46/full/0/default.jpg
repris	O	O	O	O	O	O	_	_	_	_	_	_
son	O	O	O	O	O	O	_	_	_	_	_	_
établissement	O	O	O	O	O	O	_	_	NoSpaceAfter	_	_	_
,	O	O	O	O	O	O	_	_	_	_	_	_
et	O	O	O	O	O	O	_	_	_	_	_	_
que	O	O	O	O	O	O	_	_	_	_	_	_
l	O	O	O	O	O	O	_	_	NoSpaceAfter	_	_	_
'	O	O	O	O	O	O	_	_	NoSpaceAfter	_	_	_
on	O	O	O	O	O	O	_	_	_	_	_	_
trouvera	O	O	O	O	O	O	_	_	EndOfLine	_	_	_
# segment_iiif_link = https://impresso-project.ch/api/proxy/iiif/EXP-1848-07-20-a-p0002/532,572,432,46/full/0/default.jpg
constamment	O	O	O	O	O	O	_	_	_	_	_	_
chez	O	O	O	O	O	O	_	_	_	_	_	_
lui	O	O	O	O	O	O	_	_	_	_	_	_
lout	O	O	O	O	O	O	_	_	_	_	_	_
ce	O	O	O	O	O	O	_	_	_	_	_	_
qui	O	O	O	O	O	O	_	_	_	_	_	_
concerne	O	O	O	O	O	O	_	_	_	_	_	_
la	O	O	O	O	O	O	_	_	EndOfLine	_	_	_
# segment_iiif_link = https://impresso-project.ch/api/proxy/iiif/EXP-1848-07-20-a-p0002/532,593,432,47/full/0/default.jpg
charcuterie	O	O	O	O	O	O	_	_	_	_	_	_
à	O	O	O	O	O	O	_	_	_	_	_	_
des	O	O	O	O	O	O	_	_	_	_	_	_
prix	O	O	O	O	O	O	_	_	_	_	_	_
raisonnables	O	O	O	O	O	O	_	_	_	_	_	_
;	O	O	O	O	O	O	_	_	_	_	_	_
il	O	O	O	O	O	O	_	_	_	_	_	_
s	O	O	O	O	O	O	_	_	NoSpaceAfter	_	_	_
'	O	O	O	O	O	O	_	_	NoSpaceAfter	_	_	_
efforcera	O	O	O	O	O	O	_	_	_	_	_	_
cle	O	O	O	O	O	O	_	_	EndOfLine	_	_	_
# segment_iiif_link = https://impresso-project.ch/api/proxy/iiif/EXP-1848-07-20-a-p0002/532,615,433,47/full/0/default.jpg
mériter	O	O	O	O	O	O	_	_	_	_	_	_
la	O	O	O	O	O	O	_	_	_	_	_	_
confiance	O	O	O	O	O	O	_	_	_	_	_	_
qu	O	O	O	O	O	O	_	_	NoSpaceAfter	_	_	_
'	O	O	O	O	O	O	_	_	NoSpaceAfter	_	_	_
il	O	O	O	O	O	O	_	_	_	_	_	_
sollicite	O	O	O	O	O	O	_	_	NoSpaceAfter	_	_	_
.	O	O	O	O	O	O	_	_	_	EndOfSentence	_	_
Son	O	O	O	O	O	O	_	_	_	_	_	_
banc	O	O	O	O	O	O	_	_	NoSpaceAfter	_	_	_
,	O	O	O	O	O	O	_	_	_	_	_	_
les	O	O	O	O	O	O	_	_	EndOfLine	_	_	_
# segment_iiif_link = https://impresso-project.ch/api/proxy/iiif/EXP-1848-07-20-a-p0002/531,638,432,46/full/0/default.jpg
jours	O	O	O	O	O	O	_	_	_	_	_	_
de	O	O	O	O	O	O	_	_	_	_	_	_
marché	O	O	O	O	O	O	_	_	NoSpaceAfter	_	_	_
,	O	O	O	O	O	O	_	_	_	_	_	_
sera	O	O	O	O	O	O	_	_	_	_	_	_
placé	O	O	O	O	O	O	_	_	_	_	_	_
à	O	O	O	O	O	O	_	_	_	_	_	_
l	O	O	O	O	O	O	_	_	NoSpaceAfter	_	_	_
'	O	O	O	O	O	O	_	_	NoSpaceAfter	_	_	_
entrée	O	O	O	O	O	O	_	_	_	_	_	_
de	O	O	O	O	O	O	_	_	_	_	_	_
la	O	O	O	O	O	O	_	_	_	_	_	_
voûte	O	O	O	O	O	O	_	_	EndOfLine	_	_	_
# segment_iiif_link = https://impresso-project.ch/api/proxy/iiif/EXP-1848-07-20-a-p0002/532,660,378,46/full/0/default.jpg
des	O	O	O	O	O	O	_	_	_	_	_	_
anciennes	O	O	O	O	O	O	_	_	_	_	_	_
boucheries	O	O	O	O	O	O	_	_	NoSpaceAfter	_	_	_
,	O	O	O	O	O	O	_	_	_	_	_	_
côlé	O	O	O	O	O	O	_	_	_	_	_	_
des	O	O	O	O	O	O	_	_	_	_	_	_
Halles	O	O	O	O	O	O	_	_	NoSpaceAfter	_	_	_
.	O	O	O	O	O	O	_	_	EndOfLine	EndOfSentence	_	_
# segment_iiif_link = https://impresso-project.ch/api/proxy/iiif/EXP-1848-07-20-a-p0002/555,689,409,46/full/0/default.jpg
18	O	O	O	O	O	O	_	_	NoSpaceAfter	_	_	_
.	O	O	O	O	O	O	_	_	_	_	_	_
David	O	O	O	O	O	O	_	_	_	_	_	_
Balmer	O	O	O	O	O	O	_	_	_	_	_	_
a	O	O	O	O	O	O	_	_	_	_	_	_
I	O	O	O	O	O	O	_	_	_	_	_	_
honnenr	O	O	O	O	O	O	_	_	_	_	_	_
u	O	O	O	O	O	O	_	_	_	_	_	_
annoncer	O	O	O	O	O	O	_	_	_	_	_	_
â	O	O	O	O	O	O	_	_	EndOfLine	_	_	_
# segment_iiif_link = https://impresso-project.ch/api/proxy/iiif/EXP-1848-07-20-a-p0002/531,710,433,47/full/0/default.jpg
l	O	O	O	O	O	O	_	_	NoSpaceAfter	_	_	_
'	O	O	O	O	O	O	_	_	NoSpaceAfter	_	_	_
honorable	O	O	O	O	O	O	_	_	_	_	_	_
public	O	O	O	O	O	O	_	_	_	_	_	_
qu	O	O	O	O	O	O	_	_	_	_	_	_
_	O	O	O	O	O	O	_	_	NoSpaceAfter	_	_	_
^	O	O	O	O	O	O	_	_	_	_	_	_
ayaul	O	O	O	O	O	O	_	_	_	_	_	_
quille	O	O	O	O	O	O	_	_	_	_	_	_
la	O	O	O	O	O	O	_	_	_	_	_	_
maison	O	O	O	O	O	O	_	_	EndOfLine	_	_	_
# segment_iiif_link = https://impresso-project.ch/api/proxy/iiif/EXP-1848-07-20-a-p0002/531,733,432,46/full/0/default.jpg
Bo	O	O	O	O	O	O	_	_	NoSpaceAfter	_	_	_
-	O	O	O	O	O	O	_	_	NoSpaceAfter	_	_	_
el	O	O	O	O	O	O	_	_	NoSpaceAfter	_	_	_
-	O	O	O	O	O	O	_	_	NoSpaceAfter	_	_	_
Witlnauer	O	O	O	O	O	O	_	_	_	_	_	_
où	O	O	O	O	O	O	_	_	_	_	_	_
il	O	O	O	O	O	O	_	_	_	_	_	_
a	O	O	O	O	O	O	_	_	_	_	_	_
clé	O	O	O	O	O	O	_	_	_	_	_	_
employé	O	O	O	O	O	O	_	_	_	_	_	_
pendant	O	O	O	O	O	O	_	_	_	_	_	_
un	O	O	O	O	O	O	_	_	_	_	_	_
grand	O	O	O	O	O	O	_	_	EndOfLine	_	_	_
# segment_iiif_link = https://impresso-project.ch/api/proxy/iiif/EXP-1848-07-20-a-p0002/531,754,433,47/full/0/default.jpg
nombre	O	O	O	O	O	O	_	_	_	_	_	_
d	O	O	O	O	O	O	_	_	NoSpaceAfter	_	_	_
'	O	O	O	O	O	O	_	_	NoSpaceAfter	_	_	_
années	O	O	O	O	O	O	_	_	NoSpaceAfter	_	_	_
,	O	O	O	O	O	O	_	_	_	_	_	_
il	O	O	O	O	O	O	_	_	_	_	_	_
vient	O	O	O	O	O	O	_	_	_	_	_	_
d	O	O	O	O	O	O	_	_	NoSpaceAfter	_	_	_
'	O	O	O	O	O	O	_	_	NoSpaceAfter	_	_	_
ouvrir	O	O	O	O	O	O	_	_	_	_	_	_
un	O	O	O	O	O	O	_	_	_	_	_	_
magasin	O	O	O	O	O	O	_	_	EndOfLine	_	_	_
# segment_iiif_link = https://impresso-project.ch/api/proxy/iiif/EXP-1848-07-20-a-p0002/531,775,432,47/full/0/default.jpg
d	O	O	O	O	O	O	_	_	NoSpaceAfter	_	_	_
'	O	O	O	O	O	O	_	_	NoSpaceAfter	_	_	_
é	O	O	O	O	O	O	_	_	_	_	_	_
picerie	O	O	O	O	O	O	_	_	_	_	_	_
pour	O	O	O	O	O	O	_	_	_	_	_	_
son	O	O	O	O	O	O	_	_	_	_	_	_
propre	O	O	O	O	O	O	_	_	_	_	_	_
compte	O	O	O	O	O	O	_	_	NoSpaceAfter	_	_	_
,	O	O	O	O	O	O	_	_	_	_	_	_
en	O	O	O	O	O	O	_	_	_	_	_	_
celle	O	O	O	O	O	O	_	_	_	_	_	_
ville	O	O	O	O	O	O	_	_	_	_	_	_
j	O	O	O	O	O	O	_	_	EndOfLine	_	_	_
# segment_iiif_link = https://impresso-project.ch/api/proxy/iiif/EXP-1848-07-20-a-p0002/531,799,434,46/full/0/default.jpg
il	O	O	O	O	O	O	_	_	_	_	_	_
sera	O	O	O	O	O	O	_	_	_	_	_	_
toujours	O	O	O	O	O	O	_	_	_	_	_	_
bien	O	O	O	O	O	O	_	_	_	_	_	_
assorti	O	O	O	O	O	O	_	_	_	_	_	_
en	O	O	O	O	O	O	_	_	_	_	_	_
lout	O	O	O	O	O	O	_	_	_	_	_	_
ce	O	O	O	O	O	O	_	_	_	_	_	_
qui	O	O	O	O	O	O	_	_	EndOfLine	_	_	_
# segment_iiif_link = https://impresso-project.ch/api/proxy/iiif/EXP-1848-07-20-a-p0002/531,821,433,46/full/0/default.jpg
coucerne	O	O	O	O	O	O	_	_	_	_	_	_
ce	O	O	O	O	O	O	_	_	_	_	_	_
commerce	O	O	O	O	O	O	_	_	NoSpaceAfter	_	_	_
,	O	O	O	O	O	O	_	_	_	_	_	_
en	O	O	O	O	O	O	_	_	_	_	_	_
marchandises	O	O	O	O	O	O	_	_	_	_	_	_
fraîches	O	O	O	O	O	O	_	_	_	_	_	_
cl	O	O	O	O	O	O	_	_	EndOfLine	_	_	_
# segment_iiif_link = https://impresso-project.ch/api/proxy/iiif/EXP-1848-07-20-a-p0002/531,842,434,47/full/0/default.jpg
de	O	O	O	O	O	O	_	_	_	_	_	_
première	O	O	O	O	O	O	_	_	_	_	_	_
qualité	O	O	O	O	O	O	_	_	_	_	_	_
;	O	O	O	O	O	O	_	_	_	_	_	_
il	O	O	O	O	O	O	_	_	_	_	_	_
espère	O	O	O	O	O	O	_	_	_	_	_	_
par	O	O	O	O	O	O	_	_	_	_	_	_
la	O	O	O	O	O	O	_	_	_	_	_	_
modicité	O	O	O	O	O	O	_	_	_	_	_	_
cle	O	O	O	O	O	O	_	_	EndOfLine	_	_	_
# segment_iiif_link = https://impresso-project.ch/api/proxy/iiif/EXP-1848-07-20-a-p0002/530,865,433,46/full/0/default.jpg
ses	O	O	O	O	O	O	_	_	_	_	_	_
prix	O	O	O	O	O	O	_	_	NoSpaceAfter	_	_	_
,	O	O	O	O	O	O	_	_	_	_	_	_
obtenir	O	O	O	O	O	O	_	_	_	_	_	_
la	O	O	O	O	O	O	_	_	_	_	_	_
bienveillance	O	O	O	O	O	O	_	_	_	_	_	_
qu	O	O	O	O	O	O	_	_	NoSpaceAfter	_	_	_
'	O	O	O	O	O	O	_	_	NoSpaceAfter	_	_	_
il	O	O	O	O	O	O	_	_	_	_	_	_
sollicite	O	O	O	O	O	O	_	_	_	_	_	_
du	O	O	O	O	O	O	_	_	EndOfLine	_	_	_
# segment_iiif_link = https://impresso-project.ch/api/proxy/iiif/EXP-1848-07-20-a-p0002/531,887,436,47/full/0/default.jpg
public	O	O	O	O	O	O	_	_	NoSpaceAfter	_	_	_
.	O	O	O	O	O	O	_	_	_	EndOfSentence	_	_
Son	O	O	O	O	O	O	_	_	_	_	_	_
magasin	O	O	O	O	O	O	_	_	_	_	_	_
est	O	O	O	O	O	O	_	_	_	_	_	_
maison	O	O	O	O	O	O	_	_	_	_	_	_
Barbey	O	O	O	O	O	O	_	_	NoSpaceAfter	_	_	_
,	O	O	O	O	O	O	_	_	_	_	_	_
rue	O	O	O	O	O	O	_	_	_	_	_	_
des	O	O	O	O	O	O	_	_	EndOfLine	_	_	_
# segment_iiif_link = https://impresso-project.ch/api/proxy/iiif/EXP-1848-07-20-a-p0002/530,909,65,46/full/0/default.jpg
Halles	O	O	O	O	O	O	_	_	NoSpaceAfter	_	_	_
.	O	O	O	O	O	O	_	_	EndOfLine	EndOfSentence	_	_
# segment_iiif_link = https://impresso-project.ch/api/proxy/iiif/EXP-1848-07-20-a-p0002/555,937,409,46/full/0/default.jpg
19	O	O	O	O	O	O	_	_	NoSpaceAfter	_	_	_
.	O	O	O	O	O	O	_	_	_	_	_	_
Deux	O	O	O	O	O	O	_	_	_	_	_	_
seilles	O	O	O	O	O	O	_	_	_	_	_	_
en	O	O	O	O	O	O	_	_	_	_	_	_
cuivre	O	O	O	O	O	O	_	_	_	_	_	_
en	O	O	O	O	O	O	_	_	_	_	_	_
état	O	O	O	O	O	O	_	_	_	_	_	_
et	O	O	O	O	O	O	_	_	_	_	_	_
à	O	O	O	O	O	O	_	_	_	_	_	_
très	O	O	O	O	O	O	_	_	NoSpaceAfter	_	_	_
-	O	O	O	O	O	O	_	_	NoSpaceAfter	_	_	_
bon	O	O	O	O	O	O	_	_	EndOfLine	_	_	_
# segment_iiif_link = https://impresso-project.ch/api/proxy/iiif/EXP-1848-07-20-a-p0002/531,957,435,46/full/0/default.jpg
compte	O	O	O	O	O	O	_	_	NoSpaceAfter	_	_	_
,	O	O	O	O	O	O	_	_	_	_	_	_
faute	O	O	O	O	O	O	_	_	_	_	_	_
d	O	O	O	O	O	O	_	_	NoSpaceAfter	_	_	_
'	O	O	O	O	O	O	_	_	NoSpaceAfter	_	_	_
emploi	O	O	O	O	O	O	_	_	NoSpaceAfter	_	_	_
.	O	O	O	O	O	O	_	_	_	EndOfSentence	_	_
S	O	O	O	O	O	O	_	_	NoSpaceAfter	_	_	_
'	O	O	O	O	O	O	_	_	NoSpaceAfter	_	_	_
adresser	O	O	O	O	O	O	_	_	_	_	_	_
àM	O	O	O	O	O	O	_	_	NoSpaceAfter	_	_	_
.	O	O	O	O	O	O	_	_	EndOfLine	EndOfSentence	_	_
# segment_iiif_link = https://impresso-project.ch/api/proxy/iiif/EXP-1848-07-20-a-p0002/530,979,207,46/full/0/default.jpg
Berlhoud	O	O	O	O	O	O	_	_	NoSpaceAfter	_	_	_
-	O	O	O	O	O	O	_	_	NoSpaceAfter	_	_	_
Fabrv	O	O	O	O	O	O	_	_	NoSpaceAfter	_	_	_
,	O	O	O	O	O	O	_	_	_	_	_	_
rue	O	O	O	O	O	O	_	_	_	_	_	_
cle	O	O	O	O	O	O	_	_	_	_	_	_
Flandre	O	O	O	O	O	O	_	_	NoSpaceAfter	_	_	_
.	O	O	O	O	O	O	_	_	EndOfLine	EndOfSentence	_	_
# segment_iiif_link = https://impresso-project.ch/api/proxy/iiif/EXP-1848-07-20-a-p0002/571,996,22,32/full/0/default.jpg
«	O	O	O	O	O	O	_	_	_	_	_	_
a	O	O	O	O	O	O	_	_	NoSpaceAfter	_	_	_
'	O	O	O	O	O	O	_	_	EndOfLine|NoSpaceAfter	_	_	_
# segment_iiif_link = https://impresso-project.ch/api/proxy/iiif/EXP-1848-07-20-a-p0002/549,1008,413,46/full/0/default.jpg
20	O	O	O	O	O	O	_	_	NoSpaceAfter	_	_	_
.	O	O	O	O	O	O	_	_	_	EndOfSentence	_	_
De	O	O	O	O	O	O	_	_	_	_	_	_
belles	O	O	O	O	O	O	_	_	_	_	_	_
bouteilles	O	O	O	O	O	O	_	_	_	_	_	_
tle	O	O	O	O	O	O	_	_	_	_	_	_
la	O	O	O	O	O	O	_	_	_	_	_	_
Vieille	O	O	O	O	O	O	_	_	NoSpaceAfter	_	_	_
-	O	O	O	O	O	O	_	_	NoSpaceAfter	_	_	_
Loye	O	O	O	O	O	O	_	_	NoSpaceAfter	_	_	_
.	O	O	O	O	O	O	_	_	EndOfLine	EndOfSentence	_	_
# segment_iiif_link = https://impresso-project.ch/api/proxy/iiif/EXP-1848-07-20-a-p0002/529,1029,436,46/full/0/default.jpg
S	O	O	O	O	O	O	_	_	NoSpaceAfter	_	_	_
'	O	O	O	O	O	O	_	_	NoSpaceAfter	_	_	_
adresser	O	O	O	O	O	O	_	_	_	_	_	_
à	O	O	O	O	O	O	_	_	_	_	_	_
M	O	O	O	O	O	O	_	_	NoSpaceAfter	_	_	_
.	O	O	O	O	O	O	_	_	_	_	_	_
Benoit	O	O	O	O	O	O	_	_	_	_	_	_
Kôhli	O	O	O	O	O	O	_	_	_	_	_	_
ou	O	O	O	O	O	O	_	_	_	_	_	_
à	O	O	O	O	O	O	_	_	_	_	_	_
M	O	O	O	O	O	O	_	_	NoSpaceAfter	_	_	_
.	O	O	O	O	O	O	_	_	_	_	_	_
Bachelin	O	O	O	O	O	O	_	_	NoSpaceAfter	_	_	_
,	O	O	O	O	O	O	_	_	EndOfLine	_	_	_
# segment_iiif_link = https://impresso-project.ch/api/proxy/iiif/EXP-1848-07-20-a-p0002/527,1052,67,46/full/0/default.jpg
notaire	O	O	O	O	O	O	_	_	NoSpaceAfter	_	_	_
.	O	O	O	O	O	O	_	_	EndOfLine	EndOfSentence	_	_
# segment_iiif_link = https://impresso-project.ch/api/proxy/iiif/EXP-1848-07-20-a-p0002/553,1083,411,46/full/0/default.jpg
21	O	O	O	O	O	O	_	_	NoSpaceAfter	_	_	_
.	O	O	O	O	O	O	_	_	_	EndOfSentence	_	_
Du	O	O	O	O	O	O	_	_	_	_	_	_
très	O	O	O	O	O	O	_	_	NoSpaceAfter	_	_	_
-	O	O	O	O	O	O	_	_	NoSpaceAfter	_	_	_
beau	O	O	O	O	O	O	_	_	_	_	_	_
miel	O	O	O	O	O	O	_	_	_	_	_	_
en	O	O	O	O	O	O	_	_	_	_	_	_
rayons	O	O	O	O	O	O	_	_	NoSpaceAfter	_	_	_
.	O	O	O	O	O	O	_	_	_	EndOfSentence	_	_
S	O	O	O	O	O	O	_	_	NoSpaceAfter	_	_	_
'	O	O	O	O	O	O	_	_	NoSpaceAfter	_	_	_
adresser	O	O	O	O	O	O	_	_	EndOfLine	_	_	_
# segment_iiif_link = https://impresso-project.ch/api/proxy/iiif/EXP-1848-07-20-a-p0002/528,1105,384,46/full/0/default.jpg
au	O	O	O	O	O	O	_	_	_	_	_	_
n	O	O	O	O	O	O	_	_	NoSpaceAfter	_	_	_
°	O	O	O	O	O	O	_	_	_	_	_	_
g	O	O	O	O	O	O	_	_	NoSpaceAfter	_	_	_
,	O	O	O	O	O	O	_	_	_	_	_	_
rue	O	O	O	O	O	O	_	_	_	_	_	_
du	O	O	O	O	O	O	_	_	_	_	_	_
Coq	O	O	O	O	O	O	_	_	NoSpaceAfter	_	_	_
-	O	O	O	O	O	O	_	_	NoSpaceAfter	_	_	_
d	O	O	O	O	O	O	_	_	NoSpaceAfter	_	_	_
'	O	O	O	O	O	O	_	_	NoSpaceAfter	_	_	_
Inde	O	O	O	O	O	O	_	_	NoSpaceAfter	_	_	_
,	O	O	O	O	O	O	_	_	_	_	_	_
au	O	O	O	O	O	O	_	_	_	_	_	_
i	O	O	O	O	O	O	_	_	_	_	_	_
«	O	O	O	O	O	O	_	_	_	_	_	_
étage	O	O	O	O	O	O	_	_	NoSpaceAfter	_	_	_
.	O	O	O	O	O	O	_	_	EndOfLine	EndOfSentence	_	_
# segment_iiif_link = https://impresso-project.ch/api/proxy/iiif/EXP-1848-07-20-a-p0002/566,1154,368,47/full/0/default.jpg
En	O	O	O	O	O	O	_	_	_	_	_	_
vente	O	O	O	O	O	O	_	_	_	_	_	_
chez	O	O	O	O	O	O	_	_	_	_	_	_
MM	O	O	O	O	O	O	_	_	NoSpaceAfter	_	_	_
.	O	O	O	O	O	O	_	_	_	_	_	_
les	O	O	O	O	O	O	_	_	_	_	_	_
libraires	O	O	O	O	O	O	_	_	_	_	_	_
de	O	O	O	O	O	O	_	_	_	_	_	_
la	O	O	O	O	O	O	_	_	_	_	_	_
ville	O	O	O	O	O	O	_	_	NoSpaceAfter	_	_	_
.	O	O	O	O	O	O	_	_	EndOfLine	EndOfSentence	_	_
# segment_iiif_link = https://impresso-project.ch/api/proxy/iiif/EXP-1848-07-20-a-p0002/587,1202,319,56/full/0/default.jpg
NOTICE	O	O	O	O	O	O	_	_	_	_	_	_
SUR	O	O	O	O	O	O	_	_	_	_	_	_
J	O	O	O	O	O	O	_	_	_	_	_	_
.	O	O	O	O	O	O	_	_	NoSpaceAfter	EndOfSentence	_	_
-	O	O	O	O	O	O	_	_	NoSpaceAfter	_	_	_
F	O	O	O	O	O	O	_	_	_	_	_	_
.	O	O	O	O	O	O	_	_	NoSpaceAfter	EndOfSentence	_	_
-	O	O	O	O	O	O	_	_	NoSpaceAfter	_	_	_
X	O	O	O	O	O	O	_	_	NoSpaceAfter	_	_	_
.	O	O	O	O	O	O	_	_	_	EndOfSentence	_	_
PIJGNET	O	O	O	O	O	O	_	_	NoSpaceAfter	_	_	_
,	O	O	O	O	O	O	_	_	EndOfLine	_	_	_
# segment_iiif_link = https://impresso-project.ch/api/proxy/iiif/EXP-1848-07-20-a-p0002/555,1257,382,34/full/0/default.jpg
DOCTEUR	O	O	O	O	O	O	_	_	_	_	_	_
EN	O	O	O	O	O	O	_	_	_	_	_	_
MéDECINE	O	O	O	O	O	O	_	_	NoSpaceAfter	_	_	_
,	O	O	O	O	O	O	_	_	_	_	_	_
CHEVALIER	O	O	O	O	O	O	_	_	_	_	_	_
DE	O	O	O	O	O	O	_	_	_	_	_	_
LA	O	O	O	O	O	O	_	_	EndOfLine	_	_	_
# segment_iiif_link = https://impresso-project.ch/api/proxy/iiif/EXP-1848-07-20-a-p0002/661,1283,178,41/full/0/default.jpg
LÉGION	O	O	O	O	O	O	_	_	_	_	_	_
D	O	O	O	O	O	O	_	_	NoSpaceAfter	_	_	_
'	O	O	O	O	O	O	_	_	NoSpaceAfter	_	_	_
HONNEUR	O	O	O	O	O	O	_	_	NoSpaceAfter	_	_	_
,	O	O	O	O	O	O	_	_	EndOfLine	_	_	_
# segment_iiif_link = https://impresso-project.ch/api/proxy/iiif/EXP-1848-07-20-a-p0002/626,1320,241,50/full/0/default.jpg
par	O	O	O	O	O	O	_	_	_	_	_	_
M	O	O	O	O	O	O	_	_	NoSpaceAfter	_	_	_
.	O	O	O	O	O	O	_	_	_	_	_	_
CALAME	O	O	O	O	O	O	_	_	NoSpaceAfter	_	_	_
,	O	O	O	O	O	O	_	_	EndOfLine	_	_	_
# segment_iiif_link = https://impresso-project.ch/api/proxy/iiif/EXP-1848-07-20-a-p0002/638,1362,213,47/full/0/default.jpg
ancien	O	O	O	O	O	O	_	_	_	_	_	_
conseiller	O	O	O	O	O	O	_	_	_	_	_	_
d	O	O	O	O	O	O	_	_	NoSpaceAfter	_	_	_
'	O	O	O	O	O	O	_	_	NoSpaceAfter	_	_	_
Etat	O	O	O	O	O	O	_	_	NoSpaceAfter	_	_	_
.	O	O	O	O	O	O	_	_	EndOfLine	EndOfSentence	_	_
# segment_iiif_link = https://impresso-project.ch/api/proxy/iiif/EXP-1848-07-20-a-p0002/551,1452,411,46/full/0/default.jpg
_	O	O	O	O	O	O	_	_	NoSpaceAfter	_	_	_
a	O	O	O	O	O	O	_	_	_	_	_	_
3	O	O	O	O	O	O	_	_	NoSpaceAfter	_	_	_
.	O	O	O	O	O	O	_	_	_	EndOfSentence	_	_
En	O	O	O	O	O	O	_	_	_	_	_	_
commission	O	O	O	O	O	O	_	_	NoSpaceAfter	_	_	_
,	O	O	O	O	O	O	_	_	_	_	_	_
chez	O	O	O	O	O	O	_	_	_	_	_	_
J	O	O	O	O	O	O	_	_	_	_	_	_
.	O	O	O	O	O	O	_	_	NoSpaceAfter	EndOfSentence	_	_
-	O	O	O	O	O	O	_	_	NoSpaceAfter	_	_	_
S	O	O	O	O	O	O	_	_	NoSpaceAfter	_	_	_
.	O	O	O	O	O	O	_	_	_	EndOfSentence	_	_
Quinche	O	O	O	O	O	O	_	_	NoSpaceAfter	_	_	_
,	O	O	O	O	O	O	_	_	_	_	_	_
rue	O	O	O	O	O	O	_	_	EndOfLine	_	_	_
# segment_iiif_link = https://impresso-project.ch/api/proxy/iiif/EXP-1848-07-20-a-p0002/529,1475,435,46/full/0/default.jpg
St	O	O	O	O	O	O	_	_	_	_	_	_
.	O	O	O	O	O	O	_	_	NoSpaceAfter	EndOfSentence	_	_
-	O	O	O	O	O	O	_	_	NoSpaceAfter	_	_	_
Maurice	O	O	O	O	O	O	_	_	NoSpaceAfter	_	_	_
,	O	O	O	O	O	O	_	_	_	_	_	_
du	O	O	O	O	O	O	_	_	_	_	_	_
vin	O	O	O	O	O	O	_	_	_	_	_	_
blanc	O	O	O	O	O	O	_	_	_	_	_	_
i	O	O	O	O	O	O	_	_	_	_	_	_
834	O	O	O	O	O	O	_	_	NoSpaceAfter	_	_	_
,	O	O	O	O	O	O	_	_	_	_	_	_
en	O	O	O	O	O	O	_	_	_	_	_	_
bouteilles	O	O	O	O	O	O	_	_	NoSpaceAfter	_	_	_
,	O	O	O	O	O	O	_	_	EndOfLine	_	_	_
# segment_iiif_link = https://impresso-project.ch/api/proxy/iiif/EXP-1848-07-20-a-p0002/529,1497,433,46/full/0/default.jpg
dont	O	O	O	O	O	O	_	_	_	_	_	_
la	O	O	O	O	O	O	_	_	_	_	_	_
qualité	O	O	O	O	O	O	_	_	_	_	_	_
parfaite	O	O	O	O	O	O	_	_	_	_	_	_
ne	O	O	O	O	O	O	_	_	_	_	_	_
laisse	O	O	O	O	O	O	_	_	_	_	_	_
rien	O	O	O	O	O	O	_	_	_	_	_	_
à	O	O	O	O	O	O	_	_	_	_	_	_
désirer	O	O	O	O	O	O	_	_	NoSpaceAfter	_	_	_
.	O	O	O	O	O	O	_	_	EndOfLine	EndOfSentence	_	_
# segment_iiif_link = https://impresso-project.ch/api/proxy/iiif/EXP-1848-07-20-a-p0002/621,1545,254,56/full/0/default.jpg
TUYAUX	O	O	O	O	O	O	_	_	_	_	_	_
DE	O	O	O	O	O	O	_	_	_	_	_	_
FONTAINE	O	O	O	O	O	O	_	_	EndOfLine	_	_	_
# segment_iiif_link = https://impresso-project.ch/api/proxy/iiif/EXP-1848-07-20-a-p0002/734,1587,22,41/full/0/default.jpg
EN	O	O	O	O	O	O	_	_	EndOfLine	_	_	_
# segment_iiif_link = https://impresso-project.ch/api/proxy/iiif/EXP-1848-07-20-a-p0002/594,1616,300,52/full/0/default.jpg
CHAUX	O	O	O	O	O	O	_	_	_	_	_	_
HYDRAULIQUE	O	O	O	O	O	O	_	_	NoSpaceAfter	_	_	_
.	O	O	O	O	O	O	_	_	EndOfLine	EndOfSentence	_	_
# segment_iiif_link = https://impresso-project.ch/api/proxy/iiif/EXP-1848-07-20-a-p0002/570,1656,355,52/full/0/default.jpg
/	O	O	O	O	O	O	_	_	NoSpaceAfter	_	_	_
.	O	O	O	O	O	O	_	_	_	EndOfSentence	_	_
Rychner	O	O	O	O	O	O	_	_	NoSpaceAfter	_	_	_
,	O	O	O	O	O	O	_	_	_	_	_	_
architecte	O	O	O	O	O	O	_	_	NoSpaceAfter	_	_	_
,	O	O	O	O	O	O	_	_	_	_	_	_
à	O	O	O	O	O	O	_	_	_	_	_	_
Neuchâtel	O	O	O	O	O	O	_	_	NoSpaceAfter	_	_	_
,	O	O	O	O	O	O	_	_	EndOfLine	_	_	_
# segment_iiif_link = https://impresso-project.ch/api/proxy/iiif/EXP-1848-07-20-a-p0002/652,1692,189,52/full/0/default.jpg
(	O	O	O	O	O	O	_	_	NoSpaceAfter	_	_	_
vis	O	O	O	O	O	O	_	_	NoSpaceAfter	_	_	_
-	O	O	O	O	O	O	_	_	NoSpaceAfter	_	_	_
à	O	O	O	O	O	O	_	_	NoSpaceAfter	_	_	_
-	O	O	O	O	O	O	_	_	NoSpaceAfter	_	_	_
vis	O	O	O	O	O	O	_	_	_	_	_	_
du	O	O	O	O	O	O	_	_	_	_	_	_
Crêt	O	O	O	O	O	O	_	_	NoSpaceAfter	_	_	_
)	O	O	O	O	O	O	_	_	NoSpaceAfter	_	_	_
,	O	O	O	O	O	O	_	_	EndOfLine	EndOfSentence	_	_
# segment_iiif_link = https://impresso-project.ch/api/proxy/iiif/EXP-1848-07-20-a-p0002/554,1734,408,46/full/0/default.jpg
24	O	O	O	O	O	O	_	_	NoSpaceAfter	_	_	_
.	O	O	O	O	O	O	_	_	_	_	_	_
A	O	O	O	O	O	O	_	_	_	_	_	_
l	O	O	O	O	O	O	_	_	NoSpaceAfter	_	_	_
'	O	O	O	O	O	O	_	_	NoSpaceAfter	_	_	_
honneur	O	O	O	O	O	O	_	_	_	_	_	_
d	O	O	O	O	O	O	_	_	NoSpaceAfter	_	_	_
'	O	O	O	O	O	O	_	_	NoSpaceAfter	_	_	_
informer	O	O	O	O	O	O	_	_	_	_	_	_
les	O	O	O	O	O	O	_	_	_	_	_	_
administrations	O	O	O	O	O	O	_	_	EndOfLine	_	_	_
# segment_iiif_link = https://impresso-project.ch/api/proxy/iiif/EXP-1848-07-20-a-p0002/531,1754,433,46/full/0/default.jpg
des	O	O	O	O	O	O	_	_	_	_	_	_
communes	O	O	O	O	O	O	_	_	NoSpaceAfter	_	_	_
,	O	O	O	O	O	O	_	_	_	_	_	_
les	O	O	O	O	O	O	_	_	_	_	_	_
architectes	O	O	O	O	O	O	_	_	_	_	_	_
et	O	O	O	O	O	O	_	_	_	_	_	_
propriétaires	O	O	O	O	O	O	_	_	EndOfLine	_	_	_
# segment_iiif_link = https://impresso-project.ch/api/proxy/iiif/EXP-1848-07-20-a-p0002/530,1777,431,45/full/0/default.jpg
qu	O	O	O	O	O	O	_	_	NoSpaceAfter	_	_	_
'	O	O	O	O	O	O	_	_	NoSpaceAfter	_	_	_
il	O	O	O	O	O	O	_	_	_	_	_	_
vient	O	O	O	O	O	O	_	_	_	_	_	_
de	O	O	O	O	O	O	_	_	_	_	_	_
recevoir	O	O	O	O	O	O	_	_	_	_	_	_
le	O	O	O	O	O	O	_	_	_	_	_	_
dépôt	O	O	O	O	O	O	_	_	_	_	_	_
des	O	O	O	O	O	O	_	_	_	_	_	_
tuyaux	O	O	O	O	O	O	_	_	_	_	_	_
en	O	O	O	O	O	O	_	_	EndOfLine	_	_	_
# segment_iiif_link = https://impresso-project.ch/api/proxy/iiif/EXP-1848-07-20-a-p0002/531,1798,430,46/full/0/default.jpg
chaux	O	O	O	O	O	O	_	_	_	_	_	_
hy	O	O	O	O	O	O	_	_	_	_	_	_
draulique	O	O	O	O	O	O	_	_	_	_	_	_
de	O	O	O	O	O	O	_	_	_	_	_	_
Soleure	O	O	O	O	O	O	_	_	NoSpaceAfter	_	_	_
.	O	O	O	O	O	O	_	_	_	EndOfSentence	_	_
Il	O	O	O	O	O	O	_	_	_	_	_	_
se	O	O	O	O	O	O	_	_	_	_	_	_
charge	O	O	O	O	O	O	_	_	_	_	_	_
du	O	O	O	O	O	O	_	_	EndOfLine	_	_	_
# segment_iiif_link = https://impresso-project.ch/api/proxy/iiif/EXP-1848-07-20-a-p0002/531,1820,431,46/full/0/default.jpg
posage	O	O	O	O	O	O	_	_	_	_	_	_
de	O	O	O	O	O	O	_	_	_	_	_	_
ces	O	O	O	O	O	O	_	_	_	_	_	_
luyaux	O	O	O	O	O	O	_	_	_	_	_	_
par	O	O	O	O	O	O	_	_	_	_	_	_
ses	O	O	O	O	O	O	_	_	_	_	_	_
ouvriers	O	O	O	O	O	O	_	_	NoSpaceAfter	_	_	_
,	O	O	O	O	O	O	_	_	_	_	_	_
en	O	O	O	O	O	O	_	_	EndOfLine	_	_	_
# segment_iiif_link = https://impresso-project.ch/api/proxy/iiif/EXP-1848-07-20-a-p0002/532,1842,431,46/full/0/default.jpg
garantissant	O	O	O	O	O	O	_	_	_	_	_	_
la	O	O	O	O	O	O	_	_	_	_	_	_
réussite	O	O	O	O	O	O	_	_	_	_	_	_
pendant	O	O	O	O	O	O	_	_	_	_	_	_
plusieurs	O	O	O	O	O	O	_	_	_	_	_	_
années	O	O	O	O	O	O	_	_	NoSpaceAfter	_	_	_
.	O	O	O	O	O	O	_	_	_	EndOfSentence	_	_
Les	O	O	O	O	O	O	_	_	EndOfLine	_	_	_
# segment_iiif_link = https://impresso-project.ch/api/proxy/iiif/EXP-1848-07-20-a-p0002/531,1864,432,47/full/0/default.jpg
tuyaux	O	O	O	O	O	O	_	_	NoSpaceAfter	_	_	_
,	O	O	O	O	O	O	_	_	_	_	_	_
dont	O	O	O	O	O	O	_	_	_	_	_	_
la	O	O	O	O	O	O	_	_	_	_	_	_
solidité	O	O	O	O	O	O	_	_	_	_	_	_
est	O	O	O	O	O	O	_	_	_	_	_	_
prouvée	O	O	O	O	O	O	_	_	_	_	_	_
par	O	O	O	O	O	O	_	_	_	_	_	_
des	O	O	O	O	O	O	_	_	EndOfLine	_	_	_
# segment_iiif_link = https://impresso-project.ch/api/proxy/iiif/EXP-1848-07-20-a-p0002/531,1886,431,46/full/0/default.jpg
applications	O	O	O	O	O	O	_	_	_	_	_	_
faites	O	O	O	O	O	O	_	_	_	_	_	_
depuis	O	O	O	O	O	O	_	_	_	_	_	_
une	O	O	O	O	O	O	_	_	_	_	_	_
dizaine	O	O	O	O	O	O	_	_	_	_	_	_
d	O	O	O	O	O	O	_	_	NoSpaceAfter	_	_	_
'	O	O	O	O	O	O	_	_	NoSpaceAfter	_	_	_
années	O	O	O	O	O	O	_	_	NoSpaceAfter	_	_	_
,	O	O	O	O	O	O	_	_	_	_	_	_
sonl	O	O	O	O	O	O	_	_	EndOfLine	_	_	_
# segment_iiif_link = https://impresso-project.ch/api/proxy/iiif/EXP-1848-07-20-a-p0002/530,1909,434,45/full/0/default.jpg
supérieurs	O	O	O	O	O	O	_	_	_	_	_	_
à	O	O	O	O	O	O	_	_	_	_	_	_
tous	O	O	O	O	O	O	_	_	_	_	_	_
les	O	O	O	O	O	O	_	_	_	_	_	_
autres	O	O	O	O	O	O	_	_	_	_	_	_
luyaux	O	O	O	O	O	O	_	_	NoSpaceAfter	_	_	_
,	O	O	O	O	O	O	_	_	_	_	_	_
soit	O	O	O	O	O	O	_	_	_	_	_	_
en	O	O	O	O	O	O	_	_	_	_	_	_
fer	O	O	O	O	O	O	_	_	NoSpaceAfter	_	_	_
,	O	O	O	O	O	O	_	_	EndOfLine	_	_	_
# segment_iiif_link = https://impresso-project.ch/api/proxy/iiif/EXP-1848-07-20-a-p0002/531,1929,431,47/full/0/default.jpg
en	O	O	O	O	O	O	_	_	_	_	_	_
lerre	O	O	O	O	O	O	_	_	_	_	_	_
cuite	O	O	O	O	O	O	_	_	_	_	_	_
ou	O	O	O	O	O	O	_	_	_	_	_	_
en	O	O	O	O	O	O	_	_	_	_	_	_
bois	O	O	O	O	O	O	_	_	NoSpaceAfter	_	_	_
.	O	O	O	O	O	O	_	_	_	EndOfSentence	_	_
Au	O	O	O	O	O	O	_	_	_	_	_	_
lieu	O	O	O	O	O	O	_	_	_	_	_	_
de	O	O	O	O	O	O	_	_	_	_	_	_
dé	O	O	O	O	O	O	_	_	_	_	_	_
périr	O	O	O	O	O	O	_	_	_	_	_	_
par	O	O	O	O	O	O	_	_	EndOfLine	_	_	_
# segment_iiif_link = https://impresso-project.ch/api/proxy/iiif/EXP-1848-07-20-a-p0002/531,1951,432,48/full/0/default.jpg
l	O	O	O	O	O	O	_	_	NoSpaceAfter	_	_	_
'	O	O	O	O	O	O	_	_	NoSpaceAfter	_	_	_
âge	O	O	O	O	O	O	_	_	_	_	_	_
comme	O	O	O	O	O	O	_	_	_	_	_	_
ceux	O	O	O	O	O	O	_	_	NoSpaceAfter	_	_	_
-	O	O	O	O	O	O	_	_	NoSpaceAfter	_	_	_
ci	O	O	O	O	O	O	_	_	NoSpaceAfter	_	_	_
,	O	O	O	O	O	O	_	_	_	_	_	_
ils	O	O	O	O	O	O	_	_	_	_	_	_
se	O	O	O	O	O	O	_	_	_	_	_	_
solidifient	O	O	O	O	O	O	_	_	_	_	_	_
de	O	O	O	O	O	O	_	_	_	_	_	_
plus	O	O	O	O	O	O	_	_	_	_	_	_
en	O	O	O	O	O	O	_	_	EndOfLine	_	_	_
# segment_iiif_link = https://impresso-project.ch/api/proxy/iiif/EXP-1848-07-20-a-p0002/532,1976,432,47/full/0/default.jpg
p	O	O	O	O	O	O	_	_	_	_	_	_
lus	O	O	O	O	O	O	_	_	_	_	_	_
en	O	O	O	O	O	O	_	_	_	_	_	_
terre	O	O	O	O	O	O	_	_	NoSpaceAfter	_	_	_
.	O	O	O	O	O	O	_	_	_	EndOfSentence	_	_
Ils	O	O	O	O	O	O	_	_	_	_	_	_
peuvent	O	O	O	O	O	O	_	_	_	_	_	_
être	O	O	O	O	O	O	_	_	_	_	_	_
garanti	O	O	O	O	O	O	_	_	_	_	_	_
à	O	O	O	O	O	O	_	_	_	_	_	_
nne	O	O	O	O	O	O	_	_	EndOfLine	_	_	_
# segment_iiif_link = https://impresso-project.ch/api/proxy/iiif/EXP-1848-07-20-a-p0002/532,1996,432,46/full/0/default.jpg
pression	O	O	O	O	O	O	_	_	_	_	_	_
de	O	O	O	O	O	O	_	_	_	_	_	_
4	O	O	O	O	O	O	_	_	NoSpaceAfter	_	_	_
°	O	O	O	O	O	O	_	_	_	_	_	_
à	O	O	O	O	O	O	_	_	_	_	_	_
60	O	O	O	O	O	O	_	_	_	_	_	_
p	O	O	O	O	O	O	_	_	_	_	_	_
ieds	O	O	O	O	O	O	_	_	_	_	_	_
de	O	O	O	O	O	O	_	_	_	_	_	_
hauteur	O	O	O	O	O	O	_	_	_	_	_	_
verticale	O	O	O	O	O	O	_	_	NoSpaceAfter	_	_	_
.	O	O	O	O	O	O	_	_	_	EndOfSentence	_	_
Leur	O	O	O	O	O	O	_	_	EndOfLine	_	_	_
# segment_iiif_link = https://impresso-project.ch/api/proxy/iiif/EXP-1848-07-20-a-p0002/532,2017,432,47/full/0/default.jpg
prix	O	O	O	O	O	O	_	_	_	_	_	_
est	O	O	O	O	O	O	_	_	_	_	_	_
de	O	O	O	O	O	O	_	_	_	_	_	_
beaucoup	O	O	O	O	O	O	_	_	_	_	_	_
inférieur	O	O	O	O	O	O	_	_	_	_	_	_
b	O	O	O	O	O	O	_	_	_	_	_	_
lous	O	O	O	O	O	O	_	_	_	_	_	_
les	O	O	O	O	O	O	_	_	_	_	_	_
autres	O	O	O	O	O	O	_	_	EndOfLine	_	_	_
# segment_iiif_link = https://impresso-project.ch/api/proxy/iiif/EXP-1848-07-20-a-p0002/533,2039,63,47/full/0/default.jpg
luyaux	O	O	O	O	O	O	_	_	NoSpaceAfter	_	_	_
.	O	O	O	O	O	O	_	_	EndOfLine	EndOfSentence	_	_
# segment_iiif_link = https://impresso-project.ch/api/proxy/iiif/EXP-1848-07-20-a-p0002/554,2070,410,46/full/0/default.jpg
25	O	O	O	O	O	O	_	_	NoSpaceAfter	_	_	_
.	O	O	O	O	O	O	_	_	_	_	_	_
A	O	O	O	O	O	O	_	_	_	_	_	_
vendre	O	O	O	O	O	O	_	_	_	_	_	_
en	O	O	O	O	O	O	_	_	_	_	_	_
commission	O	O	O	O	O	O	_	_	NoSpaceAfter	_	_	_
,	O	O	O	O	O	O	_	_	_	_	_	_
un	O	O	O	O	O	O	_	_	_	_	_	_
petit	O	O	O	O	O	O	_	_	_	_	_	_
char	O	O	O	O	O	O	_	_	EndOfLine	_	_	_
# segment_iiif_link = https://impresso-project.ch/api/proxy/iiif/EXP-1848-07-20-a-p0002/533,2092,435,46/full/0/default.jpg
neuf	O	O	O	O	O	O	_	_	_	_	_	_
à	O	O	O	O	O	O	_	_	_	_	_	_
bras	O	O	O	O	O	O	_	_	NoSpaceAfter	_	_	_
,	O	O	O	O	O	O	_	_	_	_	_	_
avec	O	O	O	O	O	O	_	_	_	_	_	_
brecelte	O	O	O	O	O	O	_	_	_	_	_	_
et	O	O	O	O	O	O	_	_	_	_	_	_
brancard	O	O	O	O	O	O	_	_	NoSpaceAfter	_	_	_
,	O	O	O	O	O	O	_	_	_	_	_	_
à	O	O	O	O	O	O	_	_	_	_	_	_
bas	O	O	O	O	O	O	_	_	_	_	_	_
prix	O	O	O	O	O	O	_	_	NoSpaceAfter	_	_	_
,	O	O	O	O	O	O	_	_	EndOfLine	_	_	_
# segment_iiif_link = https://impresso-project.ch/api/proxy/iiif/EXP-1848-07-20-a-p0002/533,2113,240,47/full/0/default.jpg
chez	O	O	O	O	O	O	_	_	_	_	_	_
F	O	O	O	O	O	O	_	_	NoSpaceAfter	_	_	_
.	O	O	O	O	O	O	_	_	_	_	_	_
Reuter	O	O	O	O	O	O	_	_	NoSpaceAfter	_	_	_
,	O	O	O	O	O	O	_	_	_	_	_	_
menuisier	O	O	O	O	O	O	_	_	NoSpaceAfter	_	_	_
.	O	O	O	O	O	O	_	_	EndOfLine	EndOfSentence	_	_
# segment_iiif_link = https://impresso-project.ch/api/proxy/iiif/EXP-1848-07-20-a-p0002/556,2146,408,47/full/0/default.jpg
26	O	O	O	O	O	O	_	_	NoSpaceAfter	_	_	_
.	O	O	O	O	O	O	_	_	_	_	_	_
Chez	O	O	O	O	O	O	_	_	_	_	_	_
Rodolp	O	O	O	O	O	O	_	_	_	_	_	_
he	O	O	O	O	O	O	_	_	_	_	_	_
Belli	O	O	O	O	O	O	_	_	NoSpaceAfter	_	_	_
,	O	O	O	O	O	O	_	_	_	_	_	_
au	O	O	O	O	O	O	_	_	_	_	_	_
i	O	O	O	O	O	O	_	_	_	_	_	_
«	O	O	O	O	O	O	_	_	_	_	_	_
étage	O	O	O	O	O	O	_	_	_	_	_	_
de	O	O	O	O	O	O	_	_	_	_	_	_
la	O	O	O	O	O	O	_	_	EndOfLine	_	_	_
# segment_iiif_link = https://impresso-project.ch/api/proxy/iiif/EXP-1848-07-20-a-p0002/533,2168,434,47/full/0/default.jpg
maison	O	O	O	O	O	O	_	_	_	_	_	_
dite	O	O	O	O	O	O	_	_	_	_	_	_
le	O	O	O	O	O	O	_	_	_	_	_	_
Pain	O	O	O	O	O	O	_	_	_	_	_	_
de	O	O	O	O	O	O	_	_	_	_	_	_
sucre	O	O	O	O	O	O	_	_	NoSpaceAfter	_	_	_
,	O	O	O	O	O	O	_	_	_	_	_	_
rue	O	O	O	O	O	O	_	_	_	_	_	_
des	O	O	O	O	O	O	_	_	_	_	_	_
Moulins	O	O	O	O	O	O	_	_	NoSpaceAfter	_	_	_
,	O	O	O	O	O	O	_	_	EndOfLine	_	_	_
# segment_iiif_link = https://impresso-project.ch/api/proxy/iiif/EXP-1848-07-20-a-p0002/533,2190,433,46/full/0/default.jpg
on	O	O	O	O	O	O	_	_	_	_	_	_
offre	O	O	O	O	O	O	_	_	_	_	_	_
de	O	O	O	O	O	O	_	_	_	_	_	_
donner	O	O	O	O	O	O	_	_	_	_	_	_
la	O	O	O	O	O	O	_	_	_	_	_	_
cantine	O	O	O	O	O	O	_	_	_	_	_	_
à	O	O	O	O	O	O	_	_	_	_	_	_
un	O	O	O	O	O	O	_	_	_	_	_	_
prix	O	O	O	O	O	O	_	_	_	_	_	_
modéré	O	O	O	O	O	O	_	_	NoSpaceAfter	_	_	_
.	O	O	O	O	O	O	_	_	EndOfLine	EndOfSentence	_	_
# segment_iiif_link = https://impresso-project.ch/api/proxy/iiif/EXP-1848-07-20-a-p0002/556,2221,410,46/full/0/default.jpg
27	O	O	O	O	O	O	_	_	NoSpaceAfter	_	_	_
.	O	O	O	O	O	O	_	_	_	_	_	_
A	O	O	O	O	O	O	_	_	_	_	_	_
vendre	O	O	O	O	O	O	_	_	_	_	_	_
8	O	O	O	O	O	O	_	_	_	_	_	_
laigres	O	O	O	O	O	O	_	_	_	_	_	_
en	O	O	O	O	O	O	_	_	_	_	_	_
bon	O	O	O	O	O	O	_	_	_	_	_	_
état	O	O	O	O	O	O	_	_	NoSpaceAfter	_	_	_
,	O	O	O	O	O	O	_	_	_	_	_	_
de	O	O	O	O	O	O	_	_	_	_	_	_
la	O	O	O	O	O	O	_	_	EndOfLine	_	_	_
# segment_iiif_link = https://impresso-project.ch/api/proxy/iiif/EXP-1848-07-20-a-p0002/534,2241,431,47/full/0/default.jpg
contenance	O	O	O	O	O	O	_	_	_	_	_	_
tle	O	O	O	O	O	O	_	_	_	_	_	_
1000	O	O	O	O	O	O	_	_	_	_	_	_
à	O	O	O	O	O	O	_	_	_	_	_	_
2668	O	O	O	O	O	O	_	_	_	_	_	_
pots	O	O	O	O	O	O	_	_	NoSpaceAfter	_	_	_
.	O	O	O	O	O	O	_	_	_	EndOfSentence	_	_
S	O	O	O	O	O	O	_	_	NoSpaceAfter	_	_	_
'	O	O	O	O	O	O	_	_	NoSpaceAfter	_	_	_
adresser	O	O	O	O	O	O	_	_	_	_	_	_
chez	O	O	O	O	O	O	_	_	EndOfLine	_	_	_
# segment_iiif_link = https://impresso-project.ch/api/proxy/iiif/EXP-1848-07-20-a-p0002/534,2263,432,46/full/0/default.jpg
M	O	O	O	O	O	O	_	_	NoSpaceAfter	_	_	_
.	O	O	O	O	O	O	_	_	_	_	_	_
H	O	O	O	O	O	O	_	_	NoSpaceAfter	_	_	_
.	O	O	O	O	O	O	_	_	_	_	_	_
Collomb	O	O	O	O	O	O	_	_	_	_	_	_
allié	O	O	O	O	O	O	_	_	_	_	_	_
Lassueur	O	O	O	O	O	O	_	_	NoSpaceAfter	_	_	_
,	O	O	O	O	O	O	_	_	_	_	_	_
aux	O	O	O	O	O	O	_	_	EndOfLine	_	_	_
# segment_iiif_link = https://impresso-project.ch/api/proxy/iiif/EXP-1848-07-20-a-p0002/534,2285,70,46/full/0/default.jpg
Verrières	O	O	O	O	O	O	_	_	NoSpaceAfter	_	_	_
-	O	O	O	O	O	O	_	_	NoSpaceAfter	_	_	_
Suisses	O	O	O	O	O	O	_	_	NoSpaceAfter	_	_	_
.	O	O	O	O	O	O	_	_	EndOfLine	EndOfSentence	_	_
# segment_iiif_link = https://impresso-project.ch/api/proxy/iiif/EXP-1848-07-20-a-p0002/557,2313,411,46/full/0/default.jpg
28	O	O	O	O	O	O	_	_	NoSpaceAfter	_	_	_
.	O	O	O	O	O	O	_	_	_	_	_	_
A	O	O	O	O	O	O	_	_	_	_	_	_
vendre	O	O	O	O	O	O	_	_	NoSpaceAfter	_	_	_
,	O	O	O	O	O	O	_	_	_	_	_	_
chez	O	O	O	O	O	O	_	_	_	_	_	_
François	O	O	O	O	O	O	_	_	_	_	_	_
Buny	O	O	O	O	O	O	_	_	NoSpaceAfter	_	_	_
,	O	O	O	O	O	O	_	_	_	_	_	_
au	O	O	O	O	O	O	_	_	EndOfLine	_	_	_
# segment_iiif_link = https://impresso-project.ch/api/proxy/iiif/EXP-1848-07-20-a-p0002/533,2336,437,46/full/0/default.jpg
Landeron	O	O	O	O	O	O	_	_	NoSpaceAfter	_	_	_
,	O	O	O	O	O	O	_	_	_	_	_	_
4	O	O	O	O	O	O	_	_	_	_	_	_
bons	O	O	O	O	O	O	_	_	_	_	_	_
laigrefass	O	O	O	O	O	O	_	_	_	_	_	_
cle	O	O	O	O	O	O	_	_	_	_	_	_
la	O	O	O	O	O	O	_	_	_	_	_	_
contenance	O	O	O	O	O	O	_	_	_	_	_	_
de	O	O	O	O	O	O	_	_	_	_	_	_
2700	O	O	O	O	O	O	_	_	NoSpaceAfter	_	_	_
,	O	O	O	O	O	O	_	_	EndOfLine	_	_	_
# segment_iiif_link = https://impresso-project.ch/api/proxy/iiif/EXP-1848-07-20-a-p0002/534,2358,356,46/full/0/default.jpg
255	O	O	O	O	O	O	_	_	_	_	_	_
o	O	O	O	O	O	O	_	_	NoSpaceAfter	_	_	_
,	O	O	O	O	O	O	_	_	_	_	_	_
2060	O	O	O	O	O	O	_	_	_	_	_	_
et	O	O	O	O	O	O	_	_	_	_	_	_
2012	O	O	O	O	O	O	_	_	_	_	_	_
pots	O	O	O	O	O	O	_	_	_	_	_	_
de	O	O	O	O	O	O	_	_	_	_	_	_
Neuchâtel	O	O	O	O	O	O	_	_	NoSpaceAfter	_	_	_
.	O	O	O	O	O	O	_	_	EndOfLine	EndOfSentence	_	_
# segment_iiif_link = https://impresso-project.ch/api/proxy/iiif/EXP-1848-07-20-a-p0002/557,2387,411,46/full/0/default.jpg
29	O	O	O	O	O	O	_	_	NoSpaceAfter	_	_	_
.	O	O	O	O	O	O	_	_	_	_	_	_
A	O	O	O	O	O	O	_	_	_	_	_	_
vendre	O	O	O	O	O	O	_	_	_	_	_	_
du	O	O	O	O	O	O	_	_	_	_	_	_
beau	O	O	O	O	O	O	_	_	_	_	_	_
miel	O	O	O	O	O	O	_	_	NoSpaceAfter	_	_	_
,	O	O	O	O	O	O	_	_	_	_	_	_
par	O	O	O	O	O	O	_	_	_	_	_	_
capotes	O	O	O	O	O	O	_	_	_	_	_	_
et	O	O	O	O	O	O	_	_	_	_	_	_
eu	O	O	O	O	O	O	_	_	EndOfLine	_	_	_
# segment_iiif_link = https://impresso-project.ch/api/proxy/iiif/EXP-1848-07-20-a-p0002/535,2408,303,47/full/0/default.jpg
détail	O	O	O	O	O	O	_	_	NoSpaceAfter	_	_	_
,	O	O	O	O	O	O	_	_	_	_	_	_
chez	O	O	O	O	O	O	_	_	_	_	_	_
F	O	O	O	O	O	O	_	_	NoSpaceAfter	_	_	_
,	O	O	O	O	O	O	_	_	_	_	_	_
Reuler	O	O	O	O	O	O	_	_	NoSpaceAfter	_	_	_
,	O	O	O	O	O	O	_	_	_	_	_	_
menuisier	O	O	O	O	O	O	_	_	NoSpaceAfter	_	_	_
.	O	O	O	O	O	O	_	_	EndOfLine	EndOfSentence	_	_
# segment_iiif_link = https://impresso-project.ch/api/proxy/iiif/EXP-1848-07-20-a-p0002/1025,387,412,46/full/0/default.jpg
3	O	O	O	O	O	O	_	_	_	_	_	_
o	O	O	O	O	O	O	_	_	NoSpaceAfter	_	_	_
.	O	O	O	O	O	O	_	_	_	EndOfSentence	_	_
On	O	O	O	O	O	O	_	_	_	_	_	_
offre	O	O	O	O	O	O	_	_	_	_	_	_
tle	O	O	O	O	O	O	_	_	_	_	_	_
vendre	O	O	O	O	O	O	_	_	_	_	_	_
quelques	O	O	O	O	O	O	_	_	_	_	_	_
brebis	O	O	O	O	O	O	_	_	EndOfLine	_	_	_
# segment_iiif_link = https://impresso-project.ch/api/proxy/iiif/EXP-1848-07-20-a-p0002/1002,408,432,47/full/0/default.jpg
blanches	O	O	O	O	O	O	_	_	NoSpaceAfter	_	_	_
,	O	O	O	O	O	O	_	_	_	_	_	_
de	O	O	O	O	O	O	_	_	_	_	_	_
pure	O	O	O	O	O	O	_	_	_	_	_	_
race	O	O	O	O	O	O	_	_	_	_	_	_
anglaise	O	O	O	O	O	O	_	_	NoSpaceAfter	_	_	_
,	O	O	O	O	O	O	_	_	_	_	_	_
dont	O	O	O	O	O	O	_	_	_	_	_	_
plusieurs	O	O	O	O	O	O	_	_	_	_	_	_
sonl	O	O	O	O	O	O	_	_	EndOfLine	_	_	_
# segment_iiif_link = https://impresso-project.ch/api/proxy/iiif/EXP-1848-07-20-a-p0002/1002,430,431,47/full/0/default.jpg
portantes	O	O	O	O	O	O	_	_	_	_	_	_
d	O	O	O	O	O	O	_	_	NoSpaceAfter	_	_	_
'	O	O	O	O	O	O	_	_	NoSpaceAfter	_	_	_
un	O	O	O	O	O	O	_	_	_	_	_	_
bélier	O	O	O	O	O	O	_	_	_	_	_	_
de	O	O	O	O	O	O	_	_	_	_	_	_
môme	O	O	O	O	O	O	_	_	_	_	_	_
espèce	O	O	O	O	O	O	_	_	NoSpaceAfter	_	_	_
,	O	O	O	O	O	O	_	_	_	_	_	_
on	O	O	O	O	O	O	_	_	_	_	_	_
pourra	O	O	O	O	O	O	_	_	EndOfLine	_	_	_
# segment_iiif_link = https://impresso-project.ch/api/proxy/iiif/EXP-1848-07-20-a-p0002/1002,453,435,46/full/0/default.jpg
choisir	O	O	O	O	O	O	_	_	_	_	_	_
;	O	O	O	O	O	O	_	_	_	_	_	_
ces	O	O	O	O	O	O	_	_	_	_	_	_
moulons	O	O	O	O	O	O	_	_	_	_	_	_
ont	O	O	O	O	O	O	_	_	_	_	_	_
sur	O	O	O	O	O	O	_	_	_	_	_	_
ceux	O	O	O	O	O	O	_	_	_	_	_	_
du	O	O	O	O	O	O	_	_	_	_	_	_
pays	O	O	O	O	O	O	_	_	_	_	_	_
l	O	O	O	O	O	O	_	_	NoSpaceAfter	_	_	_
'	O	O	O	O	O	O	_	_	EndOfLine|NoSpaceAfter	_	_	_
# segment_iiif_link = https://impresso-project.ch/api/proxy/iiif/EXP-1848-07-20-a-p0002/1001,475,435,46/full/0/default.jpg
avantage	O	O	O	O	O	O	_	_	_	_	_	_
d	O	O	O	O	O	O	_	_	NoSpaceAfter	_	_	_
'	O	O	O	O	O	O	_	_	NoSpaceAfter	_	_	_
une	O	O	O	O	O	O	_	_	_	_	_	_
toison	O	O	O	O	O	O	_	_	_	_	_	_
beaucoup	O	O	O	O	O	O	_	_	_	_	_	_
plus	O	O	O	O	O	O	_	_	_	_	_	_
longue	O	O	O	O	O	O	_	_	NoSpaceAfter	_	_	_
,	O	O	O	O	O	O	_	_	_	_	_	_
plus	O	O	O	O	O	O	_	_	EndOfLine	_	_	_
# segment_iiif_link = https://impresso-project.ch/api/proxy/iiif/EXP-1848-07-20-a-p0002/1002,497,435,46/full/0/default.jpg
fine	O	O	O	O	O	O	_	_	_	_	_	_
el	O	O	O	O	O	O	_	_	_	_	_	_
plus	O	O	O	O	O	O	_	_	_	_	_	_
brillante	O	O	O	O	O	O	_	_	NoSpaceAfter	_	_	_
,	O	O	O	O	O	O	_	_	_	_	_	_
ce	O	O	O	O	O	O	_	_	_	_	_	_
qui	O	O	O	O	O	O	_	_	_	_	_	_
rend	O	O	O	O	O	O	_	_	_	_	_	_
celle	O	O	O	O	O	O	_	_	_	_	_	_
laine	O	O	O	O	O	O	_	_	EndOfLine	_	_	_
# segment_iiif_link = https://impresso-project.ch/api/proxy/iiif/EXP-1848-07-20-a-p0002/1003,520,432,45/full/0/default.jpg
périeure	O	O	O	O	O	O	_	_	_	_	_	_
à	O	O	O	O	O	O	_	_	_	_	_	_
toules	O	O	O	O	O	O	_	_	_	_	_	_
les	O	O	O	O	O	O	_	_	_	_	_	_
autres	O	O	O	O	O	O	_	_	_	_	_	_
ponr	O	O	O	O	O	O	_	_	_	_	_	_
les	O	O	O	O	O	O	_	_	_	_	_	_
usages	O	O	O	O	O	O	_	_	EndOfLine	_	_	_
# segment_iiif_link = https://impresso-project.ch/api/proxy/iiif/EXP-1848-07-20-a-p0002/1001,540,438,47/full/0/default.jpg
mestiques	O	O	O	O	O	O	_	_	NoSpaceAfter	_	_	_
,	O	O	O	O	O	O	_	_	_	_	_	_
pour	O	O	O	O	O	O	_	_	_	_	_	_
bas	O	O	O	O	O	O	_	_	NoSpaceAfter	_	_	_
,	O	O	O	O	O	O	_	_	_	_	_	_
Iricolages	O	O	O	O	O	O	_	_	_	_	_	_
de	O	O	O	O	O	O	_	_	_	_	_	_
toutes	O	O	O	O	O	O	_	_	_	_	_	_
espèces	O	O	O	O	O	O	_	_	NoSpaceAfter	_	_	_
,	O	O	O	O	O	O	_	_	EndOfLine	_	_	_
# segment_iiif_link = https://impresso-project.ch/api/proxy/iiif/EXP-1848-07-20-a-p0002/1001,562,437,46/full/0/default.jpg
milaines	O	O	O	O	O	O	_	_	NoSpaceAfter	_	_	_
,	O	O	O	O	O	O	_	_	_	_	_	_
elc	O	O	O	O	O	O	_	_	NoSpaceAfter	_	_	_
.	O	O	O	O	O	O	_	_	_	EndOfSentence	_	_
S	O	O	O	O	O	O	_	_	NoSpaceAfter	_	_	_
'	O	O	O	O	O	O	_	_	NoSpaceAfter	_	_	_
adr	O	O	O	O	O	O	_	_	NoSpaceAfter	_	_	_
.	O	O	O	O	O	O	_	_	_	EndOfSentence	_	_
au	O	O	O	O	O	O	_	_	_	_	_	_
bureau	O	O	O	O	O	O	_	_	_	_	_	_
de	O	O	O	O	O	O	_	_	_	_	_	_
cette	O	O	O	O	O	O	_	_	_	_	_	_
feuille	O	O	O	O	O	O	_	_	NoSpaceAfter	_	_	_
,	O	O	O	O	O	O	_	_	EndOfLine	_	_	_
# segment_iiif_link = https://impresso-project.ch/api/proxy/iiif/EXP-1848-07-20-a-p0002/1001,584,121,47/full/0/default.jpg
qui	O	O	O	O	O	O	_	_	_	_	_	_
indiquera	O	O	O	O	O	O	_	_	NoSpaceAfter	_	_	_
.	O	O	O	O	O	O	_	_	EndOfLine	EndOfSentence	_	_
# segment_iiif_link = https://impresso-project.ch/api/proxy/iiif/EXP-1848-07-20-a-p0002/1023,615,411,46/full/0/default.jpg
3	O	O	O	O	O	O	_	_	_	_	_	_
i	O	O	O	O	O	O	_	_	NoSpaceAfter	_	_	_
.	O	O	O	O	O	O	_	_	_	EndOfSentence	_	_
A	O	O	O	O	O	O	_	_	_	_	_	_
vendre	O	O	O	O	O	O	_	_	NoSpaceAfter	_	_	_
,	O	O	O	O	O	O	_	_	_	_	_	_
un	O	O	O	O	O	O	_	_	_	_	_	_
char	O	O	O	O	O	O	_	_	_	_	_	_
à	O	O	O	O	O	O	_	_	_	_	_	_
écnelles	O	O	O	O	O	O	_	_	NoSpaceAfter	_	_	_
.	O	O	O	O	O	O	_	_	_	EndOfSentence	_	_
Pour	O	O	O	O	O	O	_	_	_	_	_	_
d	O	O	O	O	O	O	_	_	NoSpaceAfter	_	_	_
'	O	O	O	O	O	O	_	_	EndOfLine|NoSpaceAfter	_	_	_
# segment_iiif_link = https://impresso-project.ch/api/proxy/iiif/EXP-1848-07-20-a-p0002/1002,637,434,46/full/0/default.jpg
auire	O	O	O	O	O	O	_	_	_	_	_	_
renseignemenls	O	O	O	O	O	O	_	_	NoSpaceAfter	_	_	_
,	O	O	O	O	O	O	_	_	_	_	_	_
s	O	O	O	O	O	O	_	_	NoSpaceAfter	_	_	_
'	O	O	O	O	O	O	_	_	NoSpaceAfter	_	_	_
adresser	O	O	O	O	O	O	_	_	_	_	_	_
b	O	O	O	O	O	O	_	_	_	_	_	_
M	O	O	O	O	O	O	_	_	NoSpaceAfter	_	_	_
.	O	O	O	O	O	O	_	_	_	_	_	_
Stauffer	O	O	O	O	O	O	_	_	NoSpaceAfter	_	_	_
,	O	O	O	O	O	O	_	_	EndOfLine	_	_	_
# segment_iiif_link = https://impresso-project.ch/api/proxy/iiif/EXP-1848-07-20-a-p0002/1002,658,183,47/full/0/default.jpg
voiturier	O	O	O	O	O	O	_	_	_	_	_	_
au	O	O	O	O	O	O	_	_	_	_	_	_
Faubourg	O	O	O	O	O	O	_	_	NoSpaceAfter	_	_	_
.	O	O	O	O	O	O	_	_	EndOfLine	EndOfSentence	_	_
# segment_iiif_link = https://impresso-project.ch/api/proxy/iiif/EXP-1848-07-20-a-p0002/1024,687,413,47/full/0/default.jpg
32	O	O	O	O	O	O	_	_	NoSpaceAfter	_	_	_
.	O	O	O	O	O	O	_	_	_	_	_	_
On	O	O	O	O	O	O	_	_	_	_	_	_
offre	O	O	O	O	O	O	_	_	_	_	_	_
à	O	O	O	O	O	O	_	_	_	_	_	_
vendre	O	O	O	O	O	O	_	_	NoSpaceAfter	_	_	_
,	O	O	O	O	O	O	_	_	_	_	_	_
un	O	O	O	O	O	O	_	_	_	_	_	_
piano	O	O	O	O	O	O	_	_	_	_	_	_
à	O	O	O	O	O	O	_	_	_	_	_	_
G	O	O	O	O	O	O	_	_	_	_	_	_
oclaves	O	O	O	O	O	O	_	_	NoSpaceAfter	_	_	_
,	O	O	O	O	O	O	_	_	EndOfLine	_	_	_
# segment_iiif_link = https://impresso-project.ch/api/proxy/iiif/EXP-1848-07-20-a-p0002/1002,709,434,46/full/0/default.jpg
dont	O	O	O	O	O	O	_	_	_	_	_	_
on	O	O	O	O	O	O	_	_	_	_	_	_
n	O	O	O	O	O	O	_	_	NoSpaceAfter	_	_	_
'	O	O	O	O	O	O	_	_	NoSpaceAfter	_	_	_
a	O	O	O	O	O	O	_	_	_	_	_	_
plus	O	O	O	O	O	O	_	_	_	_	_	_
l	O	O	O	O	O	O	_	_	NoSpaceAfter	_	_	_
'	O	O	O	O	O	O	_	_	NoSpaceAfter	_	_	_
emploi	O	O	O	O	O	O	_	_	NoSpaceAfter	_	_	_
,	O	O	O	O	O	O	_	_	_	_	_	_
qu	O	O	O	O	O	O	_	_	NoSpaceAfter	_	_	_
'	O	O	O	O	O	O	_	_	NoSpaceAfter	_	_	_
on	O	O	O	O	O	O	_	_	_	_	_	_
céderait	O	O	O	O	O	O	_	_	_	_	_	_
à	O	O	O	O	O	O	_	_	_	_	_	_
bas	O	O	O	O	O	O	_	_	EndOfLine	_	_	_
# segment_iiif_link = https://impresso-project.ch/api/proxy/iiif/EXP-1848-07-20-a-p0002/1003,732,433,46/full/0/default.jpg
prix	O	O	O	O	O	O	_	_	NoSpaceAfter	_	_	_
.	O	O	O	O	O	O	_	_	_	EndOfSentence	_	_
S	O	O	O	O	O	O	_	_	NoSpaceAfter	_	_	_
'	O	O	O	O	O	O	_	_	NoSpaceAfter	_	_	_
adresser	O	O	O	O	O	O	_	_	_	_	_	_
à	O	O	O	O	O	O	_	_	_	_	_	_
M	O	O	O	O	O	O	_	_	NoSpaceAfter	_	_	_
.	O	O	O	O	O	O	_	_	_	_	_	_
Kunlz	O	O	O	O	O	O	_	_	_	_	_	_
_	O	O	O	O	O	O	_	_	NoSpaceAfter	_	_	_
,	O	O	O	O	O	O	_	_	_	_	_	_
facteur	O	O	O	O	O	O	_	_	_	_	_	_
de	O	O	O	O	O	O	_	_	_	_	_	_
p	O	O	O	O	O	O	_	_	_	_	_	_
iano	O	O	O	O	O	O	_	_	_	_	_	_
près	O	O	O	O	O	O	_	_	EndOfLine	_	_	_
# segment_iiif_link = https://impresso-project.ch/api/proxy/iiif/EXP-1848-07-20-a-p0002/1002,754,431,46/full/0/default.jpg
le	O	O	O	O	O	O	_	_	_	_	_	_
gymnase	O	O	O	O	O	O	_	_	NoSpaceAfter	_	_	_
,	O	O	O	O	O	O	_	_	_	_	_	_
qui	O	O	O	O	O	O	_	_	_	_	_	_
le	O	O	O	O	O	O	_	_	_	_	_	_
fera	O	O	O	O	O	O	_	_	_	_	_	_
voir	O	O	O	O	O	O	_	_	_	_	_	_
el	O	O	O	O	O	O	_	_	_	_	_	_
qui	O	O	O	O	O	O	_	_	_	_	_	_
en	O	O	O	O	O	O	_	_	_	_	_	_
indiquera	O	O	O	O	O	O	_	_	EndOfLine	_	_	_
# segment_iiif_link = https://impresso-project.ch/api/proxy/iiif/EXP-1848-07-20-a-p0002/1002,776,385,47/full/0/default.jpg
le	O	O	O	O	O	O	_	_	_	_	_	_
prix	O	O	O	O	O	O	_	_	NoSpaceAfter	_	_	_
.	O	O	O	O	O	O	_	_	_	EndOfSentence	_	_
Le	O	O	O	O	O	O	_	_	_	_	_	_
même	O	O	O	O	O	O	_	_	_	_	_	_
offre	O	O	O	O	O	O	_	_	_	_	_	_
aussi	O	O	O	O	O	O	_	_	_	_	_	_
une	O	O	O	O	O	O	_	_	_	_	_	_
guilarre	O	O	O	O	O	O	_	_	NoSpaceAfter	_	_	_
.	O	O	O	O	O	O	_	_	EndOfLine	EndOfSentence	_	_
# segment_iiif_link = https://impresso-project.ch/api/proxy/iiif/EXP-1848-07-20-a-p0002/1023,802,410,46/full/0/default.jpg
33	O	O	O	O	O	O	_	_	NoSpaceAfter	_	_	_
.	O	O	O	O	O	O	_	_	_	_	_	_
Il	O	O	O	O	O	O	_	_	_	_	_	_
vient	O	O	O	O	O	O	_	_	_	_	_	_
de	O	O	O	O	O	O	_	_	_	_	_	_
paraître	O	O	O	O	O	O	_	_	_	_	_	_
cbez	O	O	O	O	O	O	_	_	_	_	_	_
MM	O	O	O	O	O	O	_	_	NoSpaceAfter	_	_	_
.	O	O	O	O	O	O	_	_	_	EndOfSentence	_	_
Jeanneret	O	O	O	O	O	O	_	_	EndOfLine	_	_	_
# segment_iiif_link = https://impresso-project.ch/api/proxy/iiif/EXP-1848-07-20-a-p0002/1001,823,435,47/full/0/default.jpg
frères	O	O	O	O	O	O	_	_	_	_	_	_
:	O	O	O	O	O	O	_	_	_	_	_	_
Fier	O	O	O	O	O	O	_	_	_	_	_	_
Liederfiir	O	O	O	O	O	O	_	_	_	_	_	_
eine	O	O	O	O	O	O	_	_	_	_	_	_
sopran	O	O	O	O	O	O	_	_	NoSpaceAfter	_	_	_
-	O	O	O	O	O	O	_	_	_	_	_	_
oder	O	O	O	O	O	O	_	_	EndOfLine	_	_	_
# segment_iiif_link = https://impresso-project.ch/api/proxy/iiif/EXP-1848-07-20-a-p0002/1001,845,436,46/full/0/default.jpg
Tenorstimme	O	O	O	O	O	O	_	_	NoSpaceAfter	_	_	_
,	O	O	O	O	O	O	_	_	_	_	_	_
mil	O	O	O	O	O	O	_	_	_	_	_	_
Clavier	O	O	O	O	O	O	_	_	_	_	_	_
Begleitung	O	O	O	O	O	O	_	_	NoSpaceAfter	_	_	_
.	O	O	O	O	O	O	_	_	_	EndOfSentence	_	_
Componirt	O	O	O	O	O	O	_	_	_	_	_	_
-	O	O	O	O	O	O	_	_	NoSpaceAfter	_	_	_
von	O	O	O	O	O	O	_	_	EndOfLine	_	_	_
# segment_iiif_link = https://impresso-project.ch/api/proxy/iiif/EXP-1848-07-20-a-p0002/1002,868,296,46/full/0/default.jpg
Alfred	O	O	O	O	O	O	_	_	_	_	_	_
Pelitpierre	O	O	O	O	O	O	_	_	NoSpaceAfter	_	_	_
.	O	O	O	O	O	O	_	_	_	EndOfSentence	_	_
Prix	O	O	O	O	O	O	_	_	_	_	_	_
7	O	O	O	O	O	O	_	_	_	_	_	_
V	O	O	O	O	O	O	_	_	_	_	_	_
4	O	O	O	O	O	O	_	_	_	_	_	_
batz	O	O	O	O	O	O	_	_	NoSpaceAfter	_	_	_
.	O	O	O	O	O	O	_	_	EndOfLine	EndOfSentence	_	_
# segment_iiif_link = https://impresso-project.ch/api/proxy/iiif/EXP-1848-07-20-a-p0002/1024,897,409,46/full/0/default.jpg
34	O	O	O	O	O	O	_	_	NoSpaceAfter	_	_	_
-	O	O	O	O	O	O	_	_	_	_	_	_
J	O	O	O	O	O	O	_	_	_	_	_	_
-	O	O	O	O	O	O	_	_	NoSpaceAfter	_	_	_
Samuel	O	O	O	O	O	O	_	_	_	_	_	_
Quinche	O	O	O	O	O	O	_	_	_	_	_	_
est	O	O	O	O	O	O	_	_	_	_	_	_
chargé	O	O	O	O	O	O	_	_	_	_	_	_
de	O	O	O	O	O	O	_	_	_	_	_	_
vendre	O	O	O	O	O	O	_	_	EndOfLine	_	_	_
# segment_iiif_link = https://impresso-project.ch/api/proxy/iiif/EXP-1848-07-20-a-p0002/1002,916,433,46/full/0/default.jpg
des	O	O	O	O	O	O	_	_	_	_	_	_
vins	O	O	O	O	O	O	_	_	_	_	_	_
pur	O	O	O	O	O	O	_	_	_	_	_	_
cru	O	O	O	O	O	O	_	_	_	_	_	_
de	O	O	O	O	O	O	_	_	_	_	_	_
la	O	O	O	O	O	O	_	_	_	_	_	_
ville	O	O	O	O	O	O	_	_	NoSpaceAfter	_	_	_
,	O	O	O	O	O	O	_	_	_	_	_	_
rouge	O	O	O	O	O	O	_	_	_	_	_	_
1844	O	O	O	O	O	O	_	_	NoSpaceAfter	_	_	_
,	O	O	O	O	O	O	_	_	_	_	_	_
blanc	O	O	O	O	O	O	_	_	EndOfLine	_	_	_
# segment_iiif_link = https://impresso-project.ch/api/proxy/iiif/EXP-1848-07-20-a-p0002/1002,938,434,46/full/0/default.jpg
el	O	O	O	O	O	O	_	_	_	_	_	_
rouge	O	O	O	O	O	O	_	_	_	_	_	_
1846	O	O	O	O	O	O	_	_	_	_	_	_
et	O	O	O	O	O	O	_	_	_	_	_	_
1847	O	O	O	O	O	O	_	_	_	_	_	_
;	O	O	O	O	O	O	_	_	_	_	_	_
il	O	O	O	O	O	O	_	_	_	_	_	_
délivrera	O	O	O	O	O	O	_	_	NoSpaceAfter	_	_	_
.	O	O	O	O	O	O	_	_	_	EndOfSentence	_	_
par	O	O	O	O	O	O	_	_	_	_	_	_
bolers	O	O	O	O	O	O	_	_	EndOfLine	_	_	_
# segment_iiif_link = https://impresso-project.ch/api/proxy/iiif/EXP-1848-07-20-a-p0002/1003,959,432,47/full/0/default.jpg
et	O	O	O	O	O	O	_	_	_	_	_	_
brandes	O	O	O	O	O	O	_	_	_	_	_	_
cle	O	O	O	O	O	O	_	_	_	_	_	_
ce	O	O	O	O	O	O	_	_	_	_	_	_
dernier	O	O	O	O	O	O	_	_	_	_	_	_
i	O	O	O	O	O	O	_	_	_	_	_	_
r	O	O	O	O	O	O	_	_	_	_	_	_
«	O	O	O	O	O	O	_	_	_	_	_	_
qualité	O	O	O	O	O	O	_	_	_	_	_	_
à	O	O	O	O	O	O	_	_	_	_	_	_
9	O	O	O	O	O	O	_	_	_	_	_	_
cr	O	O	O	O	O	O	_	_	NoSpaceAfter	_	_	_
.	O	O	O	O	O	O	_	_	_	EndOfSentence	_	_
le	O	O	O	O	O	O	_	_	EndOfLine	_	_	_
# segment_iiif_link = https://impresso-project.ch/api/proxy/iiif/EXP-1848-07-20-a-p0002/1002,982,431,46/full/0/default.jpg
pot	O	O	O	O	O	O	_	_	_	_	_	_
;	O	O	O	O	O	O	_	_	_	_	_	_
venant	O	O	O	O	O	O	_	_	_	_	_	_
d	O	O	O	O	O	O	_	_	NoSpaceAfter	_	_	_
'	O	O	O	O	O	O	_	_	NoSpaceAfter	_	_	_
eulamer	O	O	O	O	O	O	_	_	_	_	_	_
uu	O	O	O	O	O	O	_	_	_	_	_	_
laigre	O	O	O	O	O	O	_	_	_	_	_	_
rouge	O	O	O	O	O	O	_	_	_	_	_	_
1847	O	O	O	O	O	O	_	_	NoSpaceAfter	_	_	_
,	O	O	O	O	O	O	_	_	EndOfLine	_	_	_
# segment_iiif_link = https://impresso-project.ch/api/proxy/iiif/EXP-1848-07-20-a-p0002/1002,1004,433,46/full/0/default.jpg
dont	O	O	O	O	O	O	_	_	_	_	_	_
la	O	O	O	O	O	O	_	_	_	_	_	_
qualité	O	O	O	O	O	O	_	_	_	_	_	_
ne	O	O	O	O	O	O	_	_	_	_	_	_
laisse	O	O	O	O	O	O	_	_	_	_	_	_
rien	O	O	O	O	O	O	_	_	_	_	_	_
à	O	O	O	O	O	O	_	_	_	_	_	_
désirer	O	O	O	O	O	O	_	_	NoSpaceAfter	_	_	_
,	O	O	O	O	O	O	_	_	_	_	_	_
il	O	O	O	O	O	O	_	_	_	_	_	_
en	O	O	O	O	O	O	_	_	EndOfLine	_	_	_
# segment_iiif_link = https://impresso-project.ch/api/proxy/iiif/EXP-1848-07-20-a-p0002/1002,1025,432,47/full/0/default.jpg
délivrera	O	O	O	O	O	O	_	_	_	_	_	_
aussi	O	O	O	O	O	O	_	_	_	_	_	_
par	O	O	O	O	O	O	_	_	_	_	_	_
telle	O	O	O	O	O	O	_	_	_	_	_	_
quantité	O	O	O	O	O	O	_	_	_	_	_	_
qu	O	O	O	O	O	O	_	_	NoSpaceAfter	_	_	_
'	O	O	O	O	O	O	_	_	NoSpaceAfter	_	_	_
on	O	O	O	O	O	O	_	_	_	_	_	_
désirera	O	O	O	O	O	O	_	_	_	_	_	_
à	O	O	O	O	O	O	_	_	EndOfLine	_	_	_
# segment_iiif_link = https://impresso-project.ch/api/proxy/iiif/EXP-1848-07-20-a-p0002/1003,1048,432,46/full/0/default.jpg
un	O	O	O	O	O	O	_	_	_	_	_	_
très	O	O	O	O	O	O	_	_	NoSpaceAfter	_	_	_
-	O	O	O	O	O	O	_	_	NoSpaceAfter	_	_	_
bas	O	O	O	O	O	O	_	_	_	_	_	_
prix	O	O	O	O	O	O	_	_	NoSpaceAfter	_	_	_
.	O	O	O	O	O	O	_	_	_	EndOfSentence	_	_
Le	O	O	O	O	O	O	_	_	_	_	_	_
sieur	O	O	O	O	O	O	_	_	_	_	_	_
Quinche	O	O	O	O	O	O	_	_	_	_	_	_
en	O	O	O	O	O	O	_	_	_	_	_	_
se	O	O	O	O	O	O	_	_	EndOfLine	_	_	_
# segment_iiif_link = https://impresso-project.ch/api/proxy/iiif/EXP-1848-07-20-a-p0002/1002,1069,433,46/full/0/default.jpg
recommandant	O	O	O	O	O	O	_	_	_	_	_	_
à	O	O	O	O	O	O	_	_	_	_	_	_
la	O	O	O	O	O	O	_	_	_	_	_	_
bienveillance	O	O	O	O	O	O	_	_	_	_	_	_
du	O	O	O	O	O	O	_	_	_	_	_	_
public	O	O	O	O	O	O	_	_	NoSpaceAfter	_	_	_
,	O	O	O	O	O	O	_	_	_	_	_	_
peul	O	O	O	O	O	O	_	_	EndOfLine	_	_	_
# segment_iiif_link = https://impresso-project.ch/api/proxy/iiif/EXP-1848-07-20-a-p0002/1003,1092,431,46/full/0/default.jpg
assurer	O	O	O	O	O	O	_	_	_	_	_	_
qn	O	O	O	O	O	O	_	_	NoSpaceAfter	_	_	_
'	O	O	O	O	O	O	_	_	NoSpaceAfter	_	_	_
ôn	O	O	O	O	O	O	_	_	_	_	_	_
sera	O	O	O	O	O	O	_	_	_	_	_	_
à	O	O	O	O	O	O	_	_	_	_	_	_
tous	O	O	O	O	O	O	_	_	_	_	_	_
égards	O	O	O	O	O	O	_	_	_	_	_	_
satisfait	O	O	O	O	O	O	_	_	NoSpaceAfter	_	_	_
.	O	O	O	O	O	O	_	_	_	EndOfSentence	_	_
S	O	O	O	O	O	O	_	_	NoSpaceAfter	_	_	_
'	O	O	O	O	O	O	_	_	NoSpaceAfter	_	_	_
adresser	O	O	O	O	O	O	_	_	EndOfLine	_	_	_
# segment_iiif_link = https://impresso-project.ch/api/proxy/iiif/EXP-1848-07-20-a-p0002/1002,1113,261,47/full/0/default.jpg
à	O	O	O	O	O	O	_	_	_	_	_	_
lui	O	O	O	O	O	O	_	_	NoSpaceAfter	_	_	_
-	O	O	O	O	O	O	_	_	NoSpaceAfter	_	_	_
même	O	O	O	O	O	O	_	_	NoSpaceAfter	_	_	_
,	O	O	O	O	O	O	_	_	_	_	_	_
rue	O	O	O	O	O	O	_	_	_	_	_	_
Si	O	O	O	O	O	O	_	_	NoSpaceAfter	_	_	_
-	O	O	O	O	O	O	_	_	NoSpaceAfter	_	_	_
Maurice	O	O	O	O	O	O	_	_	NoSpaceAfter	_	_	_
.	O	O	O	O	O	O	_	_	EndOfLine	EndOfSentence	_	_
# segment_iiif_link = https://impresso-project.ch/api/proxy/iiif/EXP-1848-07-20-a-p0002/1048,1169,336,52/full/0/default.jpg
Oi	O	O	O	O	O	O	_	_	_	_	_	_
\	O	O	O	O	O	O	_	_	_	_	_	_
DEMANDE	O	O	O	O	O	O	_	_	_	_	_	_
A	O	O	O	O	O	O	_	_	_	_	_	_
ACHETER	O	O	O	O	O	O	_	_	NoSpaceAfter	_	_	_
.	O	O	O	O	O	O	_	_	EndOfLine	EndOfSentence	_	_
# segment_iiif_link = https://impresso-project.ch/api/proxy/iiif/EXP-1848-07-20-a-p0002/1025,1210,414,47/full/0/default.jpg
35	O	O	O	O	O	O	_	_	NoSpaceAfter	_	_	_
.	O	O	O	O	O	O	_	_	_	_	_	_
On	O	O	O	O	O	O	_	_	_	_	_	_
demande	O	O	O	O	O	O	_	_	_	_	_	_
une	O	O	O	O	O	O	_	_	_	_	_	_
propriété	O	O	O	O	O	O	_	_	_	_	_	_
dans	O	O	O	O	O	O	_	_	_	_	_	_
un	O	O	O	O	O	O	_	_	_	_	_	_
des	O	O	O	O	O	O	_	_	EndOfLine	_	_	_
# segment_iiif_link = https://impresso-project.ch/api/proxy/iiif/EXP-1848-07-20-a-p0002/1001,1230,433,46/full/0/default.jpg
villages	O	O	O	O	O	O	_	_	_	_	_	_
du	O	O	O	O	O	O	_	_	_	_	_	_
vignoble	O	O	O	O	O	O	_	_	NoSpaceAfter	_	_	_
,	O	O	O	O	O	O	_	_	_	_	_	_
qui	O	O	O	O	O	O	_	_	NoSpaceAfter	_	_	_
,	O	O	O	O	O	O	_	_	_	_	_	_
outre	O	O	O	O	O	O	_	_	_	_	_	_
la	O	O	O	O	O	O	_	_	_	_	_	_
maison	O	O	O	O	O	O	_	_	NoSpaceAfter	_	_	_
,	O	O	O	O	O	O	_	_	_	_	_	_
eût	O	O	O	O	O	O	_	_	EndOfLine	_	_	_
# segment_iiif_link = https://impresso-project.ch/api/proxy/iiif/EXP-1848-07-20-a-p0002/1001,1250,434,47/full/0/default.jpg
un	O	O	O	O	O	O	_	_	_	_	_	_
peu	O	O	O	O	O	O	_	_	_	_	_	_
de	O	O	O	O	O	O	_	_	_	_	_	_
vigne	O	O	O	O	O	O	_	_	_	_	_	_
avec	O	O	O	O	O	O	_	_	_	_	_	_
jardin	O	O	O	O	O	O	_	_	_	_	_	_
el	O	O	O	O	O	O	_	_	_	_	_	_
verger	O	O	O	O	O	O	_	_	NoSpaceAfter	_	_	_
.	O	O	O	O	O	O	_	_	_	EndOfSentence	_	_
On	O	O	O	O	O	O	_	_	EndOfLine	_	_	_
# segment_iiif_link = https://impresso-project.ch/api/proxy/iiif/EXP-1848-07-20-a-p0002/1001,1272,434,46/full/0/default.jpg
donnerait	O	O	O	O	O	O	_	_	_	_	_	_
en	O	O	O	O	O	O	_	_	_	_	_	_
échange	O	O	O	O	O	O	_	_	_	_	_	_
une	O	O	O	O	O	O	_	_	_	_	_	_
maison	O	O	O	O	O	O	_	_	_	_	_	_
an	O	O	O	O	O	O	_	_	_	_	_	_
Locle	O	O	O	O	O	O	_	_	NoSpaceAfter	_	_	_
,	O	O	O	O	O	O	_	_	_	_	_	_
bâtie	O	O	O	O	O	O	_	_	_	_	_	_
il	O	O	O	O	O	O	_	_	EndOfLine	_	_	_
# segment_iiif_link = https://impresso-project.ch/api/proxy/iiif/EXP-1848-07-20-a-p0002/1001,1295,434,47/full/0/default.jpg
y	O	O	O	O	O	O	_	_	_	_	_	_
a	O	O	O	O	O	O	_	_	_	_	_	_
deux	O	O	O	O	O	O	_	_	_	_	_	_
ans	O	O	O	O	O	O	_	_	NoSpaceAfter	_	_	_
,	O	O	O	O	O	O	_	_	_	_	_	_
renfermant	O	O	O	O	O	O	_	_	_	_	_	_
6	O	O	O	O	O	O	_	_	_	_	_	_
beaux	O	O	O	O	O	O	_	_	_	_	_	_
logements	O	O	O	O	O	O	_	_	_	_	_	_
qui	O	O	O	O	O	O	_	_	EndOfLine	_	_	_
# segment_iiif_link = https://impresso-project.ch/api/proxy/iiif/EXP-1848-07-20-a-p0002/1001,1316,435,46/full/0/default.jpg
rapportent	O	O	O	O	O	O	_	_	_	_	_	_
92	O	O	O	O	O	O	_	_	_	_	_	_
louis	O	O	O	O	O	O	_	_	NoSpaceAfter	_	_	_
.	O	O	O	O	O	O	_	_	_	EndOfSentence	_	_
Il	O	O	O	O	O	O	_	_	_	_	_	_
y	O	O	O	O	O	O	_	_	_	_	_	_
a	O	O	O	O	O	O	_	_	_	_	_	_
de	O	O	O	O	O	O	_	_	_	_	_	_
belles	O	O	O	O	O	O	_	_	_	_	_	_
caves	O	O	O	O	O	O	_	_	_	_	_	_
voûtées	O	O	O	O	O	O	_	_	EndOfLine	_	_	_
# segment_iiif_link = https://impresso-project.ch/api/proxy/iiif/EXP-1848-07-20-a-p0002/1001,1338,438,46/full/0/default.jpg
qui	O	O	O	O	O	O	_	_	_	_	_	_
seraient	O	O	O	O	O	O	_	_	_	_	_	_
propres	O	O	O	O	O	O	_	_	_	_	_	_
â	O	O	O	O	O	O	_	_	_	_	_	_
recevoir	O	O	O	O	O	O	_	_	_	_	_	_
des	O	O	O	O	O	O	_	_	_	_	_	_
laigres	O	O	O	O	O	O	_	_	NoSpaceAfter	_	_	_
.	O	O	O	O	O	O	_	_	_	EndOfSentence	_	_
S	O	O	O	O	O	O	_	_	NoSpaceAfter	_	_	_
'	O	O	O	O	O	O	_	_	NoSpaceAfter	_	_	_
adr	O	O	O	O	O	O	_	_	NoSpaceAfter	_	_	_
.	O	O	O	O	O	O	_	_	EndOfLine	EndOfSentence	_	_
# segment_iiif_link = https://impresso-project.ch/api/proxy/iiif/EXP-1848-07-20-a-p0002/1001,1359,440,47/full/0/default.jpg
à	O	O	O	O	O	O	_	_	_	_	_	_
M	O	O	O	O	O	O	_	_	NoSpaceAfter	_	_	_
.	O	O	O	O	O	O	_	_	_	_	_	_
le	O	O	O	O	O	O	_	_	_	_	_	_
major	O	O	O	O	O	O	_	_	_	_	_	_
Junod	O	O	O	O	O	O	_	_	NoSpaceAfter	_	_	_
,	O	O	O	O	O	O	_	_	_	_	_	_
à	O	O	O	O	O	O	_	_	_	_	_	_
Auvernier	O	O	O	O	O	O	_	_	NoSpaceAfter	_	_	_
,	O	O	O	O	O	O	_	_	_	_	_	_
qui	O	O	O	O	O	O	_	_	_	_	_	_
indiquera	O	O	O	O	O	O	_	_	NoSpaceAfter	_	_	_
.	O	O	O	O	O	O	_	_	EndOfLine	EndOfSentence	_	_
# segment_iiif_link = https://impresso-project.ch/api/proxy/iiif/EXP-1848-07-20-a-p0002/1023,1389,429,46/full/0/default.jpg
36	O	O	O	O	O	O	_	_	NoSpaceAfter	_	_	_
.	O	O	O	O	O	O	_	_	_	_	_	_
On	O	O	O	O	O	O	_	_	_	_	_	_
demande	O	O	O	O	O	O	_	_	_	_	_	_
à	O	O	O	O	O	O	_	_	_	_	_	_
acheter	O	O	O	O	O	O	_	_	NoSpaceAfter	_	_	_
,	O	O	O	O	O	O	_	_	_	_	_	_
de	O	O	O	O	O	O	_	_	_	_	_	_
rencontre	O	O	O	O	O	O	_	_	NoSpaceAfter	_	_	_
,	O	O	O	O	O	O	_	_	_	_	_	_
des	O	O	O	O	O	O	_	_	_	_	_	_
"	O	O	O	O	O	O	_	_	EndOfLine	_	_	_
# segment_iiif_link = https://impresso-project.ch/api/proxy/iiif/EXP-1848-07-20-a-p0002/1001,1410,435,47/full/0/default.jpg
draps	O	O	O	O	O	O	_	_	_	_	_	_
en	O	O	O	O	O	O	_	_	_	_	_	_
toile	O	O	O	O	O	O	_	_	_	_	_	_
de	O	O	O	O	O	O	_	_	_	_	_	_
fil	O	O	O	O	O	O	_	_	_	_	_	_
ordinaire	O	O	O	O	O	O	_	_	_	_	_	_
pour	O	O	O	O	O	O	_	_	_	_	_	_
lits	O	O	O	O	O	O	_	_	_	_	_	_
à	O	O	O	O	O	O	_	_	_	_	_	_
nne	O	O	O	O	O	O	_	_	EndOfLine	_	_	_
# segment_iiif_link = https://impresso-project.ch/api/proxy/iiif/EXP-1848-07-20-a-p0002/999,1432,434,46/full/0/default.jpg
personne	O	O	O	O	O	O	_	_	NoSpaceAfter	_	_	_
,	O	O	O	O	O	O	_	_	_	_	_	_
encore	O	O	O	O	O	O	_	_	_	_	_	_
en	O	O	O	O	O	O	_	_	_	_	_	_
bon	O	O	O	O	O	O	_	_	_	_	_	_
élat	O	O	O	O	O	O	_	_	NoSpaceAfter	_	_	_
.	O	O	O	O	O	O	_	_	_	_	_	_
S	O	O	O	O	O	O	_	_	NoSpaceAfter	_	_	_
'	O	O	O	O	O	O	_	_	NoSpaceAfter	_	_	_
adresser	O	O	O	O	O	O	_	_	_	_	_	_
au	O	O	O	O	O	O	_	_	_	_	_	_
bureau	O	O	O	O	O	O	_	_	EndOfLine	_	_	_
# segment_iiif_link = https://impresso-project.ch/api/proxy/iiif/EXP-1848-07-20-a-p0002/1000,1453,54,46/full/0/default.jpg
d	O	O	O	O	O	O	_	_	NoSpaceAfter	_	_	_
'	O	O	O	O	O	O	_	_	NoSpaceAfter	_	_	_
avis	O	O	O	O	O	O	_	_	NoSpaceAfter	_	_	_
.	O	O	O	O	O	O	_	_	EndOfLine	_	_	_
# segment_iiif_link = https://impresso-project.ch/api/proxy/iiif/EXP-1848-07-20-a-p0002/1022,1482,411,47/full/0/default.jpg
3	O	O	O	O	O	O	_	_	_	_	_	_
7	O	O	O	O	O	O	_	_	NoSpaceAfter	_	_	_
.	O	O	O	O	O	O	_	_	_	_	_	_
On	O	O	O	O	O	O	_	_	_	_	_	_
désire	O	O	O	O	O	O	_	_	_	_	_	_
acheter	O	O	O	O	O	O	_	_	NoSpaceAfter	_	_	_
,	O	O	O	O	O	O	_	_	_	_	_	_
dans	O	O	O	O	O	O	_	_	_	_	_	_
une	O	O	O	O	O	O	_	_	_	_	_	_
des	O	O	O	O	O	O	_	_	_	_	_	_
villes	O	O	O	O	O	O	_	_	_	_	_	_
du	O	O	O	O	O	O	_	_	EndOfLine	_	_	_
# segment_iiif_link = https://impresso-project.ch/api/proxy/iiif/EXP-1848-07-20-a-p0002/999,1504,437,47/full/0/default.jpg
Canlon	O	O	O	O	O	O	_	_	NoSpaceAfter	_	_	_
,	O	O	O	O	O	O	_	_	_	_	_	_
un	O	O	O	O	O	O	_	_	_	_	_	_
établissement	O	O	O	O	O	O	_	_	_	_	_	_
industriel	O	O	O	O	O	O	_	_	_	_	_	_
ou	O	O	O	O	O	O	_	_	_	_	_	_
fond	O	O	O	O	O	O	_	_	_	_	_	_
cle	O	O	O	O	O	O	_	_	EndOfLine	_	_	_
# segment_iiif_link = https://impresso-project.ch/api/proxy/iiif/EXP-1848-07-20-a-p0002/999,1527,441,46/full/0/default.jpg
commerce	O	O	O	O	O	O	_	_	_	_	_	_
bien	O	O	O	O	O	O	_	_	_	_	_	_
achalandé	O	O	O	O	O	O	_	_	_	_	_	_
el	O	O	O	O	O	O	_	_	_	_	_	_
en	O	O	O	O	O	O	_	_	_	_	_	_
plein	O	O	O	O	O	O	_	_	_	_	_	_
rapport	O	O	O	O	O	O	_	_	NoSpaceAfter	_	_	_
.	O	O	O	O	O	O	_	_	EndOfLine	_	_	_
# segment_iiif_link = https://impresso-project.ch/api/proxy/iiif/EXP-1848-07-20-a-p0002/1000,1549,434,46/full/0/default.jpg
On	O	O	O	O	O	O	_	_	_	_	_	_
se	O	O	O	O	O	O	_	_	_	_	_	_
chargerait	O	O	O	O	O	O	_	_	_	_	_	_
également	O	O	O	O	O	O	_	_	_	_	_	_
d	O	O	O	O	O	O	_	_	NoSpaceAfter	_	_	_
'	O	O	O	O	O	O	_	_	NoSpaceAfter	_	_	_
un	O	O	O	O	O	O	_	_	_	_	_	_
dé	O	O	O	O	O	O	_	_	_	_	_	_
pôt	O	O	O	O	O	O	_	_	_	_	_	_
de	O	O	O	O	O	O	_	_	EndOfLine	_	_	_
# segment_iiif_link = https://impresso-project.ch/api/proxy/iiif/EXP-1848-07-20-a-p0002/999,1570,436,47/full/0/default.jpg
marchandises	O	O	O	O	O	O	_	_	_	_	_	_
d	O	O	O	O	O	O	_	_	NoSpaceAfter	_	_	_
'	O	O	O	O	O	O	_	_	NoSpaceAfter	_	_	_
une	O	O	O	O	O	O	_	_	_	_	_	_
venle	O	O	O	O	O	O	_	_	_	_	_	_
facile	O	O	O	O	O	O	_	_	_	_	_	_
et	O	O	O	O	O	O	_	_	_	_	_	_
assurée	O	O	O	O	O	O	_	_	_	_	_	_
sur	O	O	O	O	O	O	_	_	EndOfLine	_	_	_
# segment_iiif_link = https://impresso-project.ch/api/proxy/iiif/EXP-1848-07-20-a-p0002/1000,1593,434,46/full/0/default.jpg
lesquelles	O	O	O	O	O	O	_	_	_	_	_	_
on	O	O	O	O	O	O	_	_	_	_	_	_
ferait	O	O	O	O	O	O	_	_	_	_	_	_
au	O	O	O	O	O	O	_	_	_	_	_	_
besoin	O	O	O	O	O	O	_	_	_	_	_	_
des	O	O	O	O	O	O	_	_	_	_	_	_
avances	O	O	O	O	O	O	_	_	NoSpaceAfter	_	_	_
.	O	O	O	O	O	O	_	_	_	_	_	_
S	O	O	O	O	O	O	_	_	NoSpaceAfter	_	_	_
'	O	O	O	O	O	O	_	_	EndOfLine|NoSpaceAfter	_	_	_
# segment_iiif_link = https://impresso-project.ch/api/proxy/iiif/EXP-1848-07-20-a-p0002/999,1614,435,46/full/0/default.jpg
adresser	O	O	O	O	O	O	_	_	_	_	_	_
au	O	O	O	O	O	O	_	_	_	_	_	_
bureau	O	O	O	O	O	O	_	_	_	_	_	_
d	O	O	O	O	O	O	_	_	NoSpaceAfter	_	_	_
'	O	O	O	O	O	O	_	_	NoSpaceAfter	_	_	_
avis	O	O	O	O	O	O	_	_	NoSpaceAfter	_	_	_
,	O	O	O	O	O	O	_	_	_	_	_	_
en	O	O	O	O	O	O	_	_	_	_	_	_
indiquant	O	O	O	O	O	O	_	_	_	_	_	_
le	O	O	O	O	O	O	_	_	_	_	_	_
genre	O	O	O	O	O	O	_	_	_	_	_	_
de	O	O	O	O	O	O	_	_	EndOfLine	_	_	_
# segment_iiif_link = https://impresso-project.ch/api/proxy/iiif/EXP-1848-07-20-a-p0002/1000,1636,98,46/full/0/default.jpg
commerce	O	O	O	O	O	O	_	_	NoSpaceAfter	_	_	_
.	O	O	O	O	O	O	_	_	EndOfLine	_	_	_
# segment_iiif_link = https://impresso-project.ch/api/proxy/iiif/EXP-1848-07-20-a-p0002/1154,1698,122,52/full/0/default.jpg
A	O	O	O	O	O	O	_	_	_	_	_	_
LOUER	O	O	O	O	O	O	_	_	NoSpaceAfter	_	_	_
.	O	O	O	O	O	O	_	_	EndOfLine	_	_	_
# segment_iiif_link = https://impresso-project.ch/api/proxy/iiif/EXP-1848-07-20-a-p0002/1022,1744,413,47/full/0/default.jpg
38	O	O	O	O	O	O	_	_	NoSpaceAfter	_	_	_
.	O	O	O	O	O	O	_	_	_	_	_	_
A	O	O	O	O	O	O	_	_	_	_	_	_
louer	O	O	O	O	O	O	_	_	NoSpaceAfter	_	_	_
,	O	O	O	O	O	O	_	_	_	_	_	_
tle	O	O	O	O	O	O	_	_	_	_	_	_
suite	O	O	O	O	O	O	_	_	NoSpaceAfter	_	_	_
,	O	O	O	O	O	O	_	_	_	_	_	_
une	O	O	O	O	O	O	_	_	_	_	_	_
chambre	O	O	O	O	O	O	_	_	_	_	_	_
avec	O	O	O	O	O	O	_	_	_	_	_	_
poéle	O	O	O	O	O	O	_	_	EndOfLine	_	_	_
# segment_iiif_link = https://impresso-project.ch/api/proxy/iiif/EXP-1848-07-20-a-p0002/999,1766,437,46/full/0/default.jpg
du	O	O	O	O	O	O	_	_	_	_	_	_
côté	O	O	O	O	O	O	_	_	_	_	_	_
de	O	O	O	O	O	O	_	_	_	_	_	_
fa	O	O	O	O	O	O	_	_	_	_	_	_
rue	O	O	O	O	O	O	_	_	_	_	_	_
du	O	O	O	O	O	O	_	_	_	_	_	_
Seyon	O	O	O	O	O	O	_	_	NoSpaceAfter	_	_	_
,	O	O	O	O	O	O	_	_	_	_	_	_
avec	O	O	O	O	O	O	_	_	_	_	_	_
portion	O	O	O	O	O	O	_	_	_	_	_	_
de	O	O	O	O	O	O	_	_	EndOfLine	_	_	_
# segment_iiif_link = https://impresso-project.ch/api/proxy/iiif/EXP-1848-07-20-a-p0002/999,1788,435,46/full/0/default.jpg
cuisine	O	O	O	O	O	O	_	_	_	_	_	_
et	O	O	O	O	O	O	_	_	_	_	_	_
chambre	O	O	O	O	O	O	_	_	_	_	_	_
à	O	O	O	O	O	O	_	_	_	_	_	_
serrer	O	O	O	O	O	O	_	_	NoSpaceAfter	_	_	_
.	O	O	O	O	O	O	_	_	_	_	_	_
S	O	O	O	O	O	O	_	_	NoSpaceAfter	_	_	_
'	O	O	O	O	O	O	_	_	NoSpaceAfter	_	_	_
adr	O	O	O	O	O	O	_	_	NoSpaceAfter	_	_	_
.	O	O	O	O	O	O	_	_	_	_	_	_
à	O	O	O	O	O	O	_	_	_	_	_	_
H	O	O	O	O	O	O	_	_	NoSpaceAfter	_	_	_
.	O	O	O	O	O	O	_	_	_	_	_	_
Perroset	O	O	O	O	O	O	_	_	NoSpaceAfter	_	_	_
.	O	O	O	O	O	O	_	_	EndOfLine	_	_	_
# segment_iiif_link = https://impresso-project.ch/api/proxy/iiif/EXP-1848-07-20-a-p0002/1023,1822,414,46/full/0/default.jpg
3	O	O	O	O	O	O	_	_	_	_	_	_
Q	O	O	O	O	O	O	_	_	NoSpaceAfter	_	_	_
.	O	O	O	O	O	O	_	_	_	_	_	_
De	O	O	O	O	O	O	_	_	_	_	_	_
suite	O	O	O	O	O	O	_	_	NoSpaceAfter	_	_	_
,	O	O	O	O	O	O	_	_	_	_	_	_
!	O	O	O	O	O	O	_	_	_	_	_	_
unc	O	O	O	O	O	O	_	_	_	_	_	_
chambre	O	O	O	O	O	O	_	_	_	_	_	_
à	O	O	O	O	O	O	_	_	_	_	_	_
louer	O	O	O	O	O	O	_	_	NoSpaceAfter	_	_	_
,	O	O	O	O	O	O	_	_	_	_	_	_
meublée	O	O	O	O	O	O	_	_	EndOfLine	_	_	_
# segment_iiif_link = https://impresso-project.ch/api/proxy/iiif/EXP-1848-07-20-a-p0002/1000,1844,435,46/full/0/default.jpg
ou	O	O	O	O	O	O	_	_	_	_	_	_
non	O	O	O	O	O	O	_	_	NoSpaceAfter	_	_	_
.	O	O	O	O	O	O	_	_	_	_	_	_
S	O	O	O	O	O	O	_	_	NoSpaceAfter	_	_	_
'	O	O	O	O	O	O	_	_	NoSpaceAfter	_	_	_
adresser	O	O	O	O	O	O	_	_	_	_	_	_
à	O	O	O	O	O	O	_	_	_	_	_	_
Mad	O	O	O	O	O	O	_	_	NoSpaceAfter	_	_	_
.	O	O	O	O	O	O	_	_	_	_	_	_
Uranie	O	O	O	O	O	O	_	_	_	_	_	_
Favre	O	O	O	O	O	O	_	_	NoSpaceAfter	_	_	_
,	O	O	O	O	O	O	_	_	_	_	_	_
rue	O	O	O	O	O	O	_	_	_	_	_	_
du	O	O	O	O	O	O	_	_	EndOfLine	_	_	_
# segment_iiif_link = https://impresso-project.ch/api/proxy/iiif/EXP-1848-07-20-a-p0002/1000,1866,122,46/full/0/default.jpg
Temple	O	O	O	O	O	O	_	_	NoSpaceAfter	_	_	_
-	O	O	O	O	O	O	_	_	NoSpaceAfter	_	_	_
neuf	O	O	O	O	O	O	_	_	NoSpaceAfter	_	_	_
.	O	O	O	O	O	O	_	_	EndOfLine	_	_	_
# segment_iiif_link = https://impresso-project.ch/api/proxy/iiif/EXP-1848-07-20-a-p0002/1024,1901,413,46/full/0/default.jpg
4	O	O	O	O	O	O	_	_	_	_	_	_
o	O	O	O	O	O	O	_	_	NoSpaceAfter	_	_	_
.	O	O	O	O	O	O	_	_	_	_	_	_
Des	O	O	O	O	O	O	_	_	NoSpaceAfter	_	_	_
-	O	O	O	O	O	O	_	_	NoSpaceAfter	_	_	_
mainlenant	O	O	O	O	O	O	_	_	NoSpaceAfter	_	_	_
,	O	O	O	O	O	O	_	_	_	_	_	_
un	O	O	O	O	O	O	_	_	_	_	_	_
logement	O	O	O	O	O	O	_	_	_	_	_	_
au	O	O	O	O	O	O	_	_	_	_	_	_
3	O	O	O	O	O	O	_	_	_	_	_	_
éuige	O	O	O	O	O	O	_	_	EndOfLine	_	_	_
# segment_iiif_link = https://impresso-project.ch/api/proxy/iiif/EXP-1848-07-20-a-p0002/1001,1921,434,46/full/0/default.jpg
de	O	O	O	O	O	O	_	_	_	_	_	_
la	O	O	O	O	O	O	_	_	_	_	_	_
maison	O	O	O	O	O	O	_	_	_	_	_	_
n	O	O	O	O	O	O	_	_	NoSpaceAfter	_	_	_
"	O	O	O	O	O	O	_	_	_	_	_	_
8	O	O	O	O	O	O	_	_	NoSpaceAfter	_	_	_
,	O	O	O	O	O	O	_	_	_	_	_	_
rue	O	O	O	O	O	O	_	_	_	_	_	_
des	O	O	O	O	O	O	_	_	_	_	_	_
Moulins	O	O	O	O	O	O	_	_	NoSpaceAfter	_	_	_
.	O	O	O	O	O	O	_	_	_	EndOfSentence	_	_
S	O	O	O	O	O	O	_	_	NoSpaceAfter	_	_	_
'	O	O	O	O	O	O	_	_	NoSpaceAfter	_	_	_
adresser	O	O	O	O	O	O	_	_	_	_	_	_
à	O	O	O	O	O	O	_	_	EndOfLine	_	_	_
# segment_iiif_link = https://impresso-project.ch/api/proxy/iiif/EXP-1848-07-20-a-p0002/1001,1943,180,46/full/0/default.jpg
F	O	O	O	O	O	O	_	_	NoSpaceAfter	_	_	_
.	O	O	O	O	O	O	_	_	_	_	_	_
Gendre	O	O	O	O	O	O	_	_	NoSpaceAfter	_	_	_
,	O	O	O	O	O	O	_	_	_	_	_	_
huissier	O	O	O	O	O	O	_	_	NoSpaceAfter	_	_	_
.	O	O	O	O	O	O	_	_	EndOfLine	EndOfSentence	_	_
# segment_iiif_link = https://impresso-project.ch/api/proxy/iiif/EXP-1848-07-20-a-p0002/1023,1980,414,46/full/0/default.jpg
4	O	O	O	O	O	O	_	_	_	_	_	_
1	O	O	O	O	O	O	_	_	NoSpaceAfter	_	_	_
.	O	O	O	O	O	O	_	_	_	EndOfSentence	_	_
Pour	O	O	O	O	O	O	_	_	_	_	_	_
de	O	O	O	O	O	O	_	_	_	_	_	_
suile	O	O	O	O	O	O	_	_	_	_	_	_
on	O	O	O	O	O	O	_	_	_	_	_	_
pour	O	O	O	O	O	O	_	_	_	_	_	_
Noé	O	O	O	O	O	O	_	_	NoSpaceAfter	_	_	_
'	O	O	O	O	O	O	_	_	NoSpaceAfter	_	_	_
l	O	O	O	O	O	O	_	_	NoSpaceAfter	_	_	_
,	O	O	O	O	O	O	_	_	_	_	_	_
une	O	O	O	O	O	O	_	_	_	_	_	_
cave	O	O	O	O	O	O	_	_	_	_	_	_
dans	O	O	O	O	O	O	_	_	EndOfLine	_	_	_
# segment_iiif_link = https://impresso-project.ch/api/proxy/iiif/EXP-1848-07-20-a-p0002/1002,1997,437,46/full/0/default.jpg
la	O	O	O	O	O	O	_	_	_	_	_	_
maison	O	O	O	O	O	O	_	_	_	_	_	_
de	O	O	O	O	O	O	_	_	_	_	_	_
feu	O	O	O	O	O	O	_	_	_	_	_	_
Mad	O	O	O	O	O	O	_	_	NoSpaceAfter	_	_	_
.	O	O	O	O	O	O	_	_	_	EndOfSentence	_	_
Pelilpierre	O	O	O	O	O	O	_	_	NoSpaceAfter	_	_	_
-	O	O	O	O	O	O	_	_	NoSpaceAfter	_	_	_
Savoie	O	O	O	O	O	O	_	_	NoSpaceAfter	_	_	_
,	O	O	O	O	O	O	_	_	_	_	_	_
D	O	O	O	O	O	O	_	_	NoSpaceAfter	_	_	_
°	O	O	O	O	O	O	_	_	_	_	_	_
11	O	O	O	O	O	O	_	_	NoSpaceAfter	_	_	_
,	O	O	O	O	O	O	_	_	EndOfLine	_	_	_
# segment_iiif_link = https://impresso-project.ch/api/proxy/iiif/EXP-1848-07-20-a-p0002/1002,2019,437,46/full/0/default.jpg
aux	O	O	O	O	O	O	_	_	_	_	_	_
Chavannes	O	O	O	O	O	O	_	_	NoSpaceAfter	_	_	_
.	O	O	O	O	O	O	_	_	_	EndOfSentence	_	_
S	O	O	O	O	O	O	_	_	NoSpaceAfter	_	_	_
'	O	O	O	O	O	O	_	_	NoSpaceAfter	_	_	_
adresser	O	O	O	O	O	O	_	_	_	_	_	_
à	O	O	O	O	O	O	_	_	_	_	_	_
F	O	O	O	O	O	O	_	_	NoSpaceAfter	_	_	_
.	O	O	O	O	O	O	_	_	_	_	_	_
Scheffer	O	O	O	O	O	O	_	_	NoSpaceAfter	_	_	_
,	O	O	O	O	O	O	_	_	EndOfLine	_	_	_
# segment_iiif_link = https://impresso-project.ch/api/proxy/iiif/EXP-1848-07-20-a-p0002/1003,2041,130,46/full/0/default.jpg
dansla	O	O	O	O	O	O	_	_	_	_	_	_
dile	O	O	O	O	O	O	_	_	_	_	_	_
maison	O	O	O	O	O	O	_	_	NoSpaceAfter	_	_	_
.	O	O	O	O	O	O	_	_	EndOfLine	EndOfSentence	_	_
# segment_iiif_link = https://impresso-project.ch/api/proxy/iiif/EXP-1848-07-20-a-p0002/1026,2070,411,46/full/0/default.jpg
42	O	O	O	O	O	O	_	_	NoSpaceAfter	_	_	_
.	O	O	O	O	O	O	_	_	_	_	_	_
Pour	O	O	O	O	O	O	_	_	_	_	_	_
Noël	O	O	O	O	O	O	_	_	_	_	_	_
prochain	O	O	O	O	O	O	_	_	NoSpaceAfter	_	_	_
,	O	O	O	O	O	O	_	_	_	_	_	_
le	O	O	O	O	O	O	_	_	_	_	_	_
second	O	O	O	O	O	O	_	_	_	_	_	_
étage	O	O	O	O	O	O	_	_	_	_	_	_
de	O	O	O	O	O	O	_	_	_	_	_	_
la	O	O	O	O	O	O	_	_	EndOfLine	_	_	_
# segment_iiif_link = https://impresso-project.ch/api/proxy/iiif/EXP-1848-07-20-a-p0002/1003,2091,437,46/full/0/default.jpg
maison	O	O	O	O	O	O	_	_	_	_	_	_
de	O	O	O	O	O	O	_	_	_	_	_	_
M	O	O	O	O	O	O	_	_	NoSpaceAfter	_	_	_
.	O	O	O	O	O	O	_	_	_	_	_	_
Touchon	O	O	O	O	O	O	_	_	NoSpaceAfter	_	_	_
,	O	O	O	O	O	O	_	_	_	_	_	_
rue	O	O	O	O	O	O	_	_	_	_	_	_
de	O	O	O	O	O	O	_	_	_	_	_	_
l	O	O	O	O	O	O	_	_	NoSpaceAfter	_	_	_
'	O	O	O	O	O	O	_	_	NoSpaceAfter	_	_	_
Hô	O	O	O	O	O	O	_	_	_	_	_	_
pital	O	O	O	O	O	O	_	_	NoSpaceAfter	_	_	_
,	O	O	O	O	O	O	_	_	_	_	_	_
vis	O	O	O	O	O	O	_	_	NoSpaceAfter	_	_	_
-	O	O	O	O	O	O	_	_	NoSpaceAfter	_	_	_
à	O	O	O	O	O	O	_	_	NoSpaceAfter	_	_	_
-	O	O	O	O	O	O	_	_	NoSpaceAfter	_	_	_
vis	O	O	O	O	O	O	_	_	EndOfLine	_	_	_
# segment_iiif_link = https://impresso-project.ch/api/proxy/iiif/EXP-1848-07-20-a-p0002/1003,2112,436,47/full/0/default.jpg
du	O	O	O	O	O	O	_	_	_	_	_	_
Faucon	O	O	O	O	O	O	_	_	NoSpaceAfter	_	_	_
,	O	O	O	O	O	O	_	_	_	_	_	_
composé	O	O	O	O	O	O	_	_	_	_	_	_
de	O	O	O	O	O	O	_	_	_	_	_	_
5	O	O	O	O	O	O	_	_	_	_	_	_
chambres	O	O	O	O	O	O	_	_	_	_	_	_
et	O	O	O	O	O	O	_	_	EndOfLine	_	_	_
# segment_iiif_link = https://impresso-project.ch/api/proxy/iiif/EXP-1848-07-20-a-p0002/1002,2134,364,46/full/0/default.jpg
dépendances	O	O	O	O	O	O	_	_	NoSpaceAfter	_	_	_
.	O	O	O	O	O	O	_	_	_	EndOfSentence	_	_
S	O	O	O	O	O	O	_	_	NoSpaceAfter	_	_	_
'	O	O	O	O	O	O	_	_	NoSpaceAfter	_	_	_
adresser	O	O	O	O	O	O	_	_	_	_	_	_
au	O	O	O	O	O	O	_	_	_	_	_	_
docteur	O	O	O	O	O	O	_	_	_	_	_	_
Touchon	O	O	O	O	O	O	_	_	NoSpaceAfter	_	_	_
.	O	O	O	O	O	O	_	_	EndOfLine	EndOfSentence	_	_
# segment_iiif_link = https://impresso-project.ch/api/proxy/iiif/EXP-1848-07-20-a-p0002/1025,2168,413,47/full/0/default.jpg
43	O	O	O	O	O	O	_	_	NoSpaceAfter	_	_	_
.	O	O	O	O	O	O	_	_	_	_	_	_
A	O	O	O	O	O	O	_	_	_	_	_	_
louer	O	O	O	O	O	O	_	_	NoSpaceAfter	_	_	_
,	O	O	O	O	O	O	_	_	_	_	_	_
uu	O	O	O	O	O	O	_	_	_	_	_	_
petit	O	O	O	O	O	O	_	_	_	_	_	_
cabinet	O	O	O	O	O	O	_	_	NoSpaceAfter	_	_	_
,	O	O	O	O	O	O	_	_	_	_	_	_
rue	O	O	O	O	O	O	_	_	_	_	_	_
du	O	O	O	O	O	O	_	_	EndOfLine	_	_	_
# segment_iiif_link = https://impresso-project.ch/api/proxy/iiif/EXP-1848-07-20-a-p0002/1003,2190,435,46/full/0/default.jpg
Teraplenenf	O	O	O	O	O	O	_	_	NoSpaceAfter	_	_	_
.	O	O	O	O	O	O	_	_	_	EndOfSentence	_	_
S	O	O	O	O	O	O	_	_	NoSpaceAfter	_	_	_
'	O	O	O	O	O	O	_	_	NoSpaceAfter	_	_	_
adresser	O	O	O	O	O	O	_	_	_	_	_	_
à	O	O	O	O	O	O	_	_	_	_	_	_
Frédéric	O	O	O	O	O	O	_	_	_	_	_	_
Jacot	O	O	O	O	O	O	_	_	NoSpaceAfter	_	_	_
,	O	O	O	O	O	O	_	_	_	_	_	_
épicier	O	O	O	O	O	O	_	_	NoSpaceAfter	_	_	_
,	O	O	O	O	O	O	_	_	_	_	_	_
rue	O	O	O	O	O	O	_	_	EndOfLine	_	_	_
# segment_iiif_link = https://impresso-project.ch/api/proxy/iiif/EXP-1848-07-20-a-p0002/1004,2212,118,46/full/0/default.jpg
de	O	O	O	O	O	O	_	_	_	_	_	_
la	O	O	O	O	O	O	_	_	_	_	_	_
Treille	O	O	O	O	O	O	_	_	NoSpaceAfter	_	_	_
.	O	O	O	O	O	O	_	_	EndOfLine	EndOfSentence	_	_
# segment_iiif_link = https://impresso-project.ch/api/proxy/iiif/EXP-1848-07-20-a-p0002/1026,2245,413,46/full/0/default.jpg
44	O	O	O	O	O	O	_	_	_	_	_	_
De	O	O	O	O	O	O	_	_	_	_	_	_
suite	O	O	O	O	O	O	_	_	_	_	_	_
ou	O	O	O	O	O	O	_	_	_	_	_	_
pour	O	O	O	O	O	O	_	_	_	_	_	_
Noël	O	O	O	O	O	O	_	_	NoSpaceAfter	_	_	_
,	O	O	O	O	O	O	_	_	_	_	_	_
le	O	O	O	O	O	O	_	_	_	_	_	_
premier	O	O	O	O	O	O	_	_	_	_	_	_
élage	O	O	O	O	O	O	_	_	EndOfLine	_	_	_
# segment_iiif_link = https://impresso-project.ch/api/proxy/iiif/EXP-1848-07-20-a-p0002/1004,2263,436,46/full/0/default.jpg
de	O	O	O	O	O	O	_	_	_	_	_	_
la	O	O	O	O	O	O	_	_	_	_	_	_
maison	O	O	O	O	O	O	_	_	_	_	_	_
de	O	O	O	O	O	O	_	_	_	_	_	_
Mad	O	O	O	O	O	O	_	_	NoSpaceAfter	_	_	_
.	O	O	O	O	O	O	_	_	_	EndOfSentence	_	_
Sleiner	O	O	O	O	O	O	_	_	NoSpaceAfter	_	_	_
-	O	O	O	O	O	O	_	_	NoSpaceAfter	_	_	_
Prend	O	O	O	O	O	O	_	_	NoSpaceAfter	_	_	_
'	O	O	O	O	O	O	_	_	NoSpaceAfter	_	_	_
homme	O	O	O	O	O	O	_	_	NoSpaceAfter	_	_	_
,	O	O	O	O	O	O	_	_	_	_	_	_
rne	O	O	O	O	O	O	_	_	EndOfLine	_	_	_
# segment_iiif_link = https://impresso-project.ch/api/proxy/iiif/EXP-1848-07-20-a-p0002/1004,2285,112,46/full/0/default.jpg
des	O	O	O	O	O	O	_	_	_	_	_	_
Moulins	O	O	O	O	O	O	_	_	NoSpaceAfter	_	_	_
.	O	O	O	O	O	O	_	_	EndOfLine	EndOfSentence	_	_
# segment_iiif_link = https://impresso-project.ch/api/proxy/iiif/EXP-1848-07-20-a-p0002/1026,2319,415,46/full/0/default.jpg
45	O	O	O	O	O	O	_	_	NoSpaceAfter	_	_	_
.	O	O	O	O	O	O	_	_	_	EndOfSentence	_	_
On	O	O	O	O	O	O	_	_	_	_	_	_
offre	O	O	O	O	O	O	_	_	_	_	_	_
à	O	O	O	O	O	O	_	_	_	_	_	_
lour	O	O	O	O	O	O	_	_	NoSpaceAfter	_	_	_
,	O	O	O	O	O	O	_	_	_	_	_	_
deux	O	O	O	O	O	O	_	_	_	_	_	_
chambres	O	O	O	O	O	O	_	_	_	_	_	_
à	O	O	O	O	O	O	_	_	_	_	_	_
poéle	O	O	O	O	O	O	_	_	EndOfLine	_	_	_
# segment_iiif_link = https://impresso-project.ch/api/proxy/iiif/EXP-1848-07-20-a-p0002/1004,2339,439,46/full/0/default.jpg
ct	O	O	O	O	O	O	_	_	_	_	_	_
cheminée	O	O	O	O	O	O	_	_	NoSpaceAfter	_	_	_
,	O	O	O	O	O	O	_	_	_	_	_	_
avec	O	O	O	O	O	O	_	_	_	_	_	_
dépendances	O	O	O	O	O	O	_	_	NoSpaceAfter	_	_	_
,	O	O	O	O	O	O	_	_	_	_	_	_
sur	O	O	O	O	O	O	_	_	_	_	_	_
la	O	O	O	O	O	O	_	_	_	_	_	_
Place	O	O	O	O	O	O	_	_	NoSpaceAfter	_	_	_
,	O	O	O	O	O	O	_	_	EndOfLine	_	_	_
# segment_iiif_link = https://impresso-project.ch/api/proxy/iiif/EXP-1848-07-20-a-p0002/1004,2361,434,46/full/0/default.jpg
au	O	O	O	O	O	O	_	_	_	_	_	_
second	O	O	O	O	O	O	_	_	_	_	_	_
élage	O	O	O	O	O	O	_	_	_	_	_	_
de	O	O	O	O	O	O	_	_	_	_	_	_
la	O	O	O	O	O	O	_	_	_	_	_	_
maison	O	O	O	O	O	O	_	_	_	_	_	_
de	O	O	O	O	O	O	_	_	_	_	_	_
M	O	O	O	O	O	O	_	_	NoSpaceAfter	_	_	_
.	O	O	O	O	O	O	_	_	_	_	_	_
le	O	O	O	O	O	O	_	_	EndOfLine	_	_	_
# segment_iiif_link = https://impresso-project.ch/api/proxy/iiif/EXP-1848-07-20-a-p0002/1005,2383,438,46/full/0/default.jpg
professeur	O	O	O	O	O	O	_	_	_	_	_	_
Prince	O	O	O	O	O	O	_	_	NoSpaceAfter	_	_	_
.	O	O	O	O	O	O	_	_	_	EndOfSentence	_	_
S	O	O	O	O	O	O	_	_	NoSpaceAfter	_	_	_
'	O	O	O	O	O	O	_	_	NoSpaceAfter	_	_	_
adresser	O	O	O	O	O	O	_	_	_	_	_	_
à	O	O	O	O	O	O	_	_	_	_	_	_
M	O	O	O	O	O	O	_	_	NoSpaceAfter	_	_	_
.	O	O	O	O	O	O	_	_	_	_	_	_
le	O	O	O	O	O	O	_	_	_	_	_	_
notaire	O	O	O	O	O	O	_	_	_	_	_	_
Vuagneux	O	O	O	O	O	O	_	_	NoSpaceAfter	_	_	_
,	O	O	O	O	O	O	_	_	EndOfLine	_	_	_
# segment_iiif_link = https://impresso-project.ch/api/proxy/iiif/EXP-1848-07-20-a-p0002/1006,2405,205,46/full/0/default.jpg
dans	O	O	O	O	O	O	_	_	_	_	_	_
la	O	O	O	O	O	O	_	_	_	_	_	_
maison	O	O	O	O	O	O	_	_	_	_	_	_
voisine	O	O	O	O	O	O	_	_	NoSpaceAfter	_	_	_
.	O	O	O	O	O	O	_	_	EndOfLine	EndOfSentence	_	_

# language = fr
# newspaper = EXP
# date = 1855-10-13
# document_id = EXP-1855-10-13-a-i0006
# news-agency-as-source = _
# segment_iiif_link = https://impresso-project.ch/api/proxy/iiif/EXP-1855-10-13-a-p0002/181,1353,503,80/full/0/default.jpg
Ouvrages	O	O	O	O	O	O	_	_	_	_	_	_
nouveaux	O	O	O	O	O	O	_	_	NoSpaceAfter	_	_	_
,	O	O	O	O	O	O	_	_	EndOfLine	_	_	_
# segment_iiif_link = https://impresso-project.ch/api/proxy/iiif/EXP-1855-10-13-a-p0002/71,1407,721,70/full/0/default.jpg
en	O	O	O	O	O	O	_	_	_	_	_	_
vente	O	O	O	O	O	O	_	_	_	_	_	_
chez	O	O	O	O	O	O	_	_	_	_	_	_
L	O	O	O	O	O	O	_	_	NoSpaceAfter	_	_	_
.	O	O	O	O	O	O	_	_	_	_	_	_
Meyer	O	O	O	O	O	O	_	_	_	_	_	_
et	O	O	O	O	O	O	_	_	_	_	_	_
C	O	O	O	O	O	O	_	_	_	_	_	_
«	O	O	O	O	O	O	_	_	NoSpaceAfter	_	_	_
,	O	O	O	O	O	O	_	_	_	_	_	_
libraires	O	O	O	O	O	O	_	_	NoSpaceAfter	_	_	_
,	O	O	O	O	O	O	_	_	EndOfLine	_	_	_
# segment_iiif_link = https://impresso-project.ch/api/proxy/iiif/EXP-1855-10-13-a-p0002/325,1451,214,70/full/0/default.jpg
à	O	O	O	O	O	O	_	_	_	_	_	_
Neuchatel	O	O	O	O	O	O	_	_	NoSpaceAfter	_	_	_
.	O	O	O	O	O	O	_	_	EndOfLine	_	_	_
# segment_iiif_link = https://impresso-project.ch/api/proxy/iiif/EXP-1855-10-13-a-p0002/75,1499,754,70/full/0/default.jpg
i	O	O	O	O	O	O	_	_	_	_	_	_
5	O	O	O	O	O	O	_	_	NoSpaceAfter	_	_	_
.	O	O	O	O	O	O	_	_	_	_	_	_
OEuvres	O	O	O	O	O	O	_	_	_	_	_	_
de	O	O	O	O	O	O	_	_	_	_	_	_
W	O	O	O	O	O	O	_	_	_	_	_	_
.	O	O	O	O	O	O	_	_	NoSpaceAfter	_	_	_
-	O	O	O	O	O	O	_	_	NoSpaceAfter	_	_	_
E	O	O	O	O	O	O	_	_	NoSpaceAfter	_	_	_
.	O	O	O	O	O	O	_	_	_	_	_	_
Channing	O	O	O	O	O	O	_	_	NoSpaceAfter	_	_	_
,	O	O	O	O	O	O	_	_	_	_	_	_
—	O	O	O	O	O	O	_	_	_	_	_	_
De	O	O	O	O	O	O	_	_	_	_	_	_
l	O	O	O	O	O	O	_	_	NoSpaceAfter	_	_	_
'	O	O	O	O	O	O	_	_	EndOfLine|NoSpaceAfter	_	_	_
# segment_iiif_link = https://impresso-project.ch/api/proxy/iiif/EXP-1855-10-13-a-p0002/27,1540,804,70/full/0/default.jpg
esclavage	O	O	O	O	O	O	_	_	_	_	_	_
;	O	O	O	O	O	O	_	_	_	_	_	_
fr	O	O	O	O	O	O	_	_	NoSpaceAfter	_	_	_
.	O	O	O	O	O	O	_	_	_	_	_	_
3	O	O	O	O	O	O	_	_	_	_	_	_
»	O	O	O	O	O	O	_	_	_	_	_	_
5	O	O	O	O	O	O	_	_	_	_	_	_
o	O	O	O	O	O	O	_	_	NoSpaceAfter	_	_	_
.	O	O	O	O	O	O	_	_	EndOfLine	EndOfSentence	_	_
# segment_iiif_link = https://impresso-project.ch/api/proxy/iiif/EXP-1855-10-13-a-p0002/71,1582,758,70/full/0/default.jpg
Dernières	O	O	O	O	O	O	_	_	_	_	_	_
méditations	O	O	O	O	O	O	_	_	_	_	_	_
de	O	O	O	O	O	O	_	_	_	_	_	_
F	O	O	O	O	O	O	_	_	NoSpaceAfter	_	_	_
.	O	O	O	O	O	O	_	_	_	_	_	_
Lobsiein	O	O	O	O	O	O	_	_	NoSpaceAfter	_	_	_
,	O	O	O	O	O	O	_	_	_	_	_	_
fr	O	O	O	O	O	O	_	_	NoSpaceAfter	_	_	_
.	O	O	O	O	O	O	_	_	_	_	_	_
2	O	O	O	O	O	O	_	_	NoSpaceAfter	_	_	_
.	O	O	O	O	O	O	_	_	EndOfLine	EndOfSentence	_	_
# segment_iiif_link = https://impresso-project.ch/api/proxy/iiif/EXP-1855-10-13-a-p0002/71,1622,758,70/full/0/default.jpg
Promenades	O	O	O	O	O	O	_	_	_	_	_	_
dans	O	O	O	O	O	O	_	_	_	_	_	_
l	O	O	O	O	O	O	_	_	NoSpaceAfter	_	_	_
'	O	O	O	O	O	O	_	_	NoSpaceAfter	_	_	_
exposition	O	O	O	O	O	O	_	_	_	_	_	_
universelle	O	O	O	O	O	O	_	_	_	_	_	_
de	O	O	O	O	O	O	_	_	EndOfLine	_	_	_
# segment_iiif_link = https://impresso-project.ch/api/proxy/iiif/EXP-1855-10-13-a-p0002/33,1663,794,70/full/0/default.jpg
i	O	O	O	O	O	O	_	_	_	_	_	_
855	O	O	O	O	O	O	_	_	_	_	_	_
;	O	O	O	O	O	O	_	_	_	_	_	_
fr	O	O	O	O	O	O	_	_	NoSpaceAfter	_	_	_
.	O	O	O	O	O	O	_	_	_	_	_	_
a	O	O	O	O	O	O	_	_	NoSpaceAfter	_	_	_
.	O	O	O	O	O	O	_	_	EndOfLine	EndOfSentence	_	_
# segment_iiif_link = https://impresso-project.ch/api/proxy/iiif/EXP-1855-10-13-a-p0002/73,1705,756,70/full/0/default.jpg
OEuvrest	O	O	O	O	O	O	_	_	_	_	_	_
\	O	O	O	O	O	O	_	_	_	_	_	_
urév	O	O	O	O	O	O	_	_	NoSpaceAfter	_	_	_
.	O	O	O	O	O	O	_	_	_	EndOfSentence	_	_
J	O	O	O	O	O	O	_	_	_	_	_	_
.	O	O	O	O	O	O	_	_	NoSpaceAfter	EndOfSentence	_	_
-	O	O	O	O	O	O	_	_	NoSpaceAfter	_	_	_
C	O	O	O	O	O	O	_	_	NoSpaceAfter	_	_	_
.	O	O	O	O	O	O	_	_	_	EndOfSentence	_	_
Ryle	O	O	O	O	O	O	_	_	NoSpaceAfter	_	_	_
,	O	O	O	O	O	O	_	_	_	_	_	_
lome	O	O	O	O	O	O	_	_	_	_	_	_
V	O	O	O	O	O	O	_	_	_	_	_	_
;	O	O	O	O	O	O	_	_	_	_	_	_
fr	O	O	O	O	O	O	_	_	NoSpaceAfter	_	_	_
.	O	O	O	O	O	O	_	_	_	_	_	_
i	O	O	O	O	O	O	_	_	_	_	_	_
»	O	O	O	O	O	O	_	_	_	_	_	_
5	O	O	O	O	O	O	_	_	_	_	_	_
o	O	O	O	O	O	O	_	_	NoSpaceAfter	_	_	_
.	O	O	O	O	O	O	_	_	EndOfLine	EndOfSentence	_	_
# segment_iiif_link = https://impresso-project.ch/api/proxy/iiif/EXP-1855-10-13-a-p0002/73,1747,758,70/full/0/default.jpg
Vies	O	O	O	O	O	O	_	_	_	_	_	_
de	O	O	O	O	O	O	_	_	_	_	_	_
Lalimer	O	O	O	O	O	O	_	_	NoSpaceAfter	_	_	_
,	O	O	O	O	O	O	_	_	_	_	_	_
Baxler	O	O	O	O	O	O	_	_	_	_	_	_
et	O	O	O	O	O	O	_	_	_	_	_	_
Wbilefield	O	O	O	O	O	O	_	_	_	_	_	_
;	O	O	O	O	O	O	_	_	_	_	_	_
80	O	O	O	O	O	O	_	_	_	_	_	_
c	O	O	O	O	O	O	_	_	NoSpaceAfter	_	_	_
.	O	O	O	O	O	O	_	_	EndOfLine	EndOfSentence	_	_
# segment_iiif_link = https://impresso-project.ch/api/proxy/iiif/EXP-1855-10-13-a-p0002/69,1788,762,70/full/0/default.jpg
Lettres	O	O	O	O	O	O	_	_	_	_	_	_
inédiles	O	O	O	O	O	O	_	_	_	_	_	_
d	O	O	O	O	O	O	_	_	NoSpaceAfter	_	_	_
'	O	O	O	O	O	O	_	_	NoSpaceAfter	_	_	_
Auguste	O	O	O	O	O	O	_	_	_	_	_	_
Rochat	O	O	O	O	O	O	_	_	_	_	_	_
;	O	O	O	O	O	O	_	_	_	_	_	_
5	O	O	O	O	O	O	_	_	_	_	_	_
o	O	O	O	O	O	O	_	_	_	_	_	_
c	O	O	O	O	O	O	_	_	NoSpaceAfter	_	_	_
.	O	O	O	O	O	O	_	_	EndOfLine	EndOfSentence	_	_
# segment_iiif_link = https://impresso-project.ch/api/proxy/iiif/EXP-1855-10-13-a-p0002/73,1830,758,70/full/0/default.jpg
Crois	O	O	O	O	O	O	_	_	_	_	_	_
et	O	O	O	O	O	O	_	_	_	_	_	_
vis	O	O	O	O	O	O	_	_	NoSpaceAfter	_	_	_
,	O	O	O	O	O	O	_	_	_	_	_	_
15	O	O	O	O	O	O	_	_	_	_	_	_
c	O	O	O	O	O	O	_	_	NoSpaceAfter	_	_	_
.	O	O	O	O	O	O	_	_	EndOfLine	EndOfSentence	_	_
# segment_iiif_link = https://impresso-project.ch/api/proxy/iiif/EXP-1855-10-13-a-p0002/71,1872,765,70/full/0/default.jpg
La	O	O	O	O	O	O	_	_	_	_	_	_
lecture	O	O	O	O	O	O	_	_	_	_	_	_
quiest	O	O	O	O	O	O	_	_	_	_	_	_
bénie	O	O	O	O	O	O	_	_	NoSpaceAfter	_	_	_
,	O	O	O	O	O	O	_	_	_	_	_	_
par	O	O	O	O	O	O	_	_	_	_	_	_
le	O	O	O	O	O	O	_	_	_	_	_	_
rév	O	O	O	O	O	O	_	_	NoSpaceAfter	_	_	_
.	O	O	O	O	O	O	_	_	_	EndOfSentence	_	_
J	O	O	O	O	O	O	_	_	_	_	_	_
.	O	O	O	O	O	O	_	_	NoSpaceAfter	EndOfSentence	_	_
-	O	O	O	O	O	O	_	_	NoSpaceAfter	_	_	_
C	O	O	O	O	O	O	_	_	NoSpaceAfter	_	_	_
.	O	O	O	O	O	O	_	_	_	EndOfSentence	_	_
R	O	O	O	O	O	O	_	_	_	_	_	_
yle	O	O	O	O	O	O	_	_	_	_	_	_
;	O	O	O	O	O	O	_	_	EndOfLine	_	_	_
# segment_iiif_link = https://impresso-project.ch/api/proxy/iiif/EXP-1855-10-13-a-p0002/740,1918,91,64/full/0/default.jpg
20	O	O	O	O	O	O	_	_	_	_	_	_
c	O	O	O	O	O	O	_	_	NoSpaceAfter	_	_	_
.	O	O	O	O	O	O	_	_	EndOfLine	EndOfSentence	_	_
# segment_iiif_link = https://impresso-project.ch/api/proxy/iiif/EXP-1855-10-13-a-p0002/77,1963,750,70/full/0/default.jpg
16	O	O	O	O	O	O	_	_	NoSpaceAfter	_	_	_
.	O	O	O	O	O	O	_	_	_	_	_	_
Faute	O	O	O	O	O	O	_	_	_	_	_	_
de	O	O	O	O	O	O	_	_	_	_	_	_
place	O	O	O	O	O	O	_	_	NoSpaceAfter	_	_	_
,	O	O	O	O	O	O	_	_	_	_	_	_
un	O	O	O	O	O	O	_	_	_	_	_	_
grand	O	O	O	O	O	O	_	_	_	_	_	_
buffet	O	O	O	O	O	O	_	_	_	_	_	_
de	O	O	O	O	O	O	_	_	_	_	_	_
salle	O	O	O	O	O	O	_	_	EndOfLine	_	_	_
# segment_iiif_link = https://impresso-project.ch/api/proxy/iiif/EXP-1855-10-13-a-p0002/27,2005,807,68/full/0/default.jpg
à	O	O	O	O	O	O	_	_	_	_	_	_
manger	O	O	O	O	O	O	_	_	NoSpaceAfter	_	_	_
,	O	O	O	O	O	O	_	_	_	_	_	_
verni	O	O	O	O	O	O	_	_	NoSpaceAfter	_	_	_
,	O	O	O	O	O	O	_	_	_	_	_	_
donl	O	O	O	O	O	O	_	_	_	_	_	_
on	O	O	O	O	O	O	_	_	_	_	_	_
s	O	O	O	O	O	O	_	_	NoSpaceAfter	_	_	_
'	O	O	O	O	O	O	_	_	NoSpaceAfter	_	_	_
esl	O	O	O	O	O	O	_	_	_	_	_	_
très	O	O	O	O	O	O	_	_	_	_	_	_
peu	O	O	O	O	O	O	_	_	_	_	_	_
servi	O	O	O	O	O	O	_	_	_	_	_	_
;	O	O	O	O	O	O	_	_	EndOfLine	_	_	_
# segment_iiif_link = https://impresso-project.ch/api/proxy/iiif/EXP-1855-10-13-a-p0002/27,2047,798,68/full/0/default.jpg
on	O	O	O	O	O	O	_	_	_	_	_	_
le	O	O	O	O	O	O	_	_	_	_	_	_
céderait	O	O	O	O	O	O	_	_	_	_	_	_
à	O	O	O	O	O	O	_	_	_	_	_	_
un	O	O	O	O	O	O	_	_	_	_	_	_
prix	O	O	O	O	O	O	_	_	_	_	_	_
raisonnable	O	O	O	O	O	O	_	_	NoSpaceAfter	_	_	_
.	O	O	O	O	O	O	_	_	_	EndOfSentence	_	_
S	O	O	O	O	O	O	_	_	NoSpaceAfter	_	_	_
'	O	O	O	O	O	O	_	_	NoSpaceAfter	_	_	_
adresser	O	O	O	O	O	O	_	_	EndOfLine	_	_	_
# segment_iiif_link = https://impresso-project.ch/api/proxy/iiif/EXP-1855-10-13-a-p0002/27,2086,700,70/full/0/default.jpg
à	O	O	O	O	O	O	_	_	_	_	_	_
l	O	O	O	O	O	O	_	_	NoSpaceAfter	_	_	_
'	O	O	O	O	O	O	_	_	NoSpaceAfter	_	_	_
atelier	O	O	O	O	O	O	_	_	_	_	_	_
des	O	O	O	O	O	O	_	_	_	_	_	_
frères	O	O	O	O	O	O	_	_	_	_	_	_
Reuter	O	O	O	O	O	O	_	_	NoSpaceAfter	_	_	_
,	O	O	O	O	O	O	_	_	_	_	_	_
au	O	O	O	O	O	O	_	_	_	_	_	_
faubourg	O	O	O	O	O	O	_	_	NoSpaceAfter	_	_	_
.	O	O	O	O	O	O	_	_	EndOfLine	EndOfSentence	_	_
# segment_iiif_link = https://impresso-project.ch/api/proxy/iiif/EXP-1855-10-13-a-p0002/219,2145,446,60/full/0/default.jpg
A	O	O	O	O	O	O	_	_	_	_	_	_
LA	O	O	O	O	O	O	_	_	_	_	_	_
LIBRAIRIE	O	O	O	O	O	O	_	_	_	_	_	_
GERSTER	O	O	O	O	O	O	_	_	_	EndOfSentence	_	_
:	O	O	O	O	O	O	_	_	EndOfLine	_	_	_
# segment_iiif_link = https://impresso-project.ch/api/proxy/iiif/EXP-1855-10-13-a-p0002/79,2190,750,70/full/0/default.jpg
17	O	O	O	O	O	O	_	_	NoSpaceAfter	_	_	_
.	O	O	O	O	O	O	_	_	_	_	_	_
Un	O	O	O	O	O	O	_	_	_	_	_	_
dictionnaire	O	O	O	O	O	O	_	_	_	_	_	_
de	O	O	O	O	O	O	_	_	_	_	_	_
Boiste	O	O	O	O	O	O	_	_	_	_	_	_
_	O	O	O	O	O	O	_	_	NoSpaceAfter	_	_	_
,	O	O	O	O	O	O	_	_	_	_	_	_
lout	O	O	O	O	O	O	_	_	_	_	_	_
neuf	O	O	O	O	O	O	_	_	NoSpaceAfter	_	_	_
,	O	O	O	O	O	O	_	_	EndOfLine	_	_	_
# segment_iiif_link = https://impresso-project.ch/api/proxy/iiif/EXP-1855-10-13-a-p0002/31,2228,797,70/full/0/default.jpg
relié	O	O	O	O	O	O	_	_	_	_	_	_
en	O	O	O	O	O	O	_	_	_	_	_	_
basane	O	O	O	O	O	O	_	_	NoSpaceAfter	_	_	_
,	O	O	O	O	O	O	_	_	_	_	_	_
au	O	O	O	O	O	O	_	_	_	_	_	_
prix	O	O	O	O	O	O	_	_	_	_	_	_
d	O	O	O	O	O	O	_	_	NoSpaceAfter	_	_	_
'	O	O	O	O	O	O	_	_	NoSpaceAfter	_	_	_
un	O	O	O	O	O	O	_	_	_	_	_	_
exemplaire	O	O	O	O	O	O	_	_	_	_	_	_
de	O	O	O	O	O	O	_	_	EndOfLine	_	_	_
# segment_iiif_link = https://impresso-project.ch/api/proxy/iiif/EXP-1855-10-13-a-p0002/27,2270,800,70/full/0/default.jpg
hasard	O	O	O	O	O	O	_	_	NoSpaceAfter	_	_	_
.	O	O	O	O	O	O	_	_	_	EndOfSentence	_	_
1	O	O	O	O	O	O	_	_	_	_	_	_
vol	O	O	O	O	O	O	_	_	NoSpaceAfter	_	_	_
.	O	O	O	O	O	O	_	_	_	_	_	_
4	O	O	O	O	O	O	_	_	NoSpaceAfter	_	_	_
°	O	O	O	O	O	O	_	_	NoSpaceAfter	_	_	_
,	O	O	O	O	O	O	_	_	_	_	_	_
h	O	O	O	O	O	O	_	_	NoSpaceAfter	_	_	_
'	O	O	O	O	O	O	_	_	NoSpaceAfter	_	_	_
.	O	O	O	O	O	O	_	_	_	EndOfSentence	_	_
i	O	O	O	O	O	O	_	_	_	_	_	_
5	O	O	O	O	O	O	_	_	NoSpaceAfter	_	_	_
.	O	O	O	O	O	O	_	_	EndOfLine	EndOfSentence	_	_
# segment_iiif_link = https://impresso-project.ch/api/proxy/iiif/EXP-1855-10-13-a-p0002/75,2311,754,70/full/0/default.jpg
Un	O	O	O	O	O	O	_	_	_	_	_	_
dictionnaire	O	O	O	O	O	O	_	_	_	_	_	_
de	O	O	O	O	O	O	_	_	_	_	_	_
Landais	O	O	O	O	O	O	_	_	_	_	_	_
2	O	O	O	O	O	O	_	_	_	_	_	_
vol	O	O	O	O	O	O	_	_	_	_	_	_
gr	O	O	O	O	O	O	_	_	NoSpaceAfter	_	_	_
.	O	O	O	O	O	O	_	_	_	EndOfSentence	_	_
in	O	O	O	O	O	O	_	_	NoSpaceAfter	_	_	_
-	O	O	O	O	O	O	_	_	NoSpaceAfter	_	_	_
8	O	O	O	O	O	O	_	_	NoSpaceAfter	_	_	_
°	O	O	O	O	O	O	_	_	NoSpaceAfter	_	_	_
,	O	O	O	O	O	O	_	_	EndOfLine	_	_	_
# segment_iiif_link = https://impresso-project.ch/api/proxy/iiif/EXP-1855-10-13-a-p0002/25,2353,802,70/full/0/default.jpg
reliés	O	O	O	O	O	O	_	_	_	_	_	_
en	O	O	O	O	O	O	_	_	_	_	_	_
veau	O	O	O	O	O	O	_	_	NoSpaceAfter	_	_	_
,	O	O	O	O	O	O	_	_	_	_	_	_
fr	O	O	O	O	O	O	_	_	NoSpaceAfter	_	_	_
.	O	O	O	O	O	O	_	_	_	EndOfSentence	_	_
ID	O	O	O	O	O	O	_	_	_	_	_	_
;	O	O	O	O	O	O	_	_	_	_	_	_
même	O	O	O	O	O	O	_	_	_	_	_	_
observation	O	O	O	O	O	O	_	_	_	_	_	_
que	O	O	O	O	O	O	_	_	EndOfLine	_	_	_
# segment_iiif_link = https://impresso-project.ch/api/proxy/iiif/EXP-1855-10-13-a-p0002/27,2395,512,70/full/0/default.jpg
pour	O	O	O	O	O	O	_	_	_	_	_	_
le	O	O	O	O	O	O	_	_	_	_	_	_
dictionnaire	O	O	O	O	O	O	_	_	_	_	_	_
de	O	O	O	O	O	O	_	_	_	_	_	_
Boisle	O	O	O	O	O	O	_	_	NoSpaceAfter	_	_	_
.	O	O	O	O	O	O	_	_	EndOfLine	EndOfSentence	_	_
# segment_iiif_link = https://impresso-project.ch/api/proxy/iiif/EXP-1855-10-13-a-p0002/71,2436,594,70/full/0/default.jpg
A	O	O	O	O	O	O	_	_	_	_	_	_
quarante	O	O	O	O	O	O	_	_	_	_	_	_
centimes	O	O	O	O	O	O	_	_	_	_	_	_
l	O	O	O	O	O	O	_	_	NoSpaceAfter	_	_	_
'	O	O	O	O	O	O	_	_	NoSpaceAfter	_	_	_
exemplaire	O	O	O	O	O	O	_	_	_	_	_	_
:	O	O	O	O	O	O	_	_	EndOfLine	_	_	_
# segment_iiif_link = https://impresso-project.ch/api/proxy/iiif/EXP-1855-10-13-a-p0002/69,2476,760,70/full/0/default.jpg
Le	O	O	O	O	O	O	_	_	_	_	_	_
Nouveau	O	O	O	O	O	O	_	_	NoSpaceAfter	_	_	_
-	O	O	O	O	O	O	_	_	NoSpaceAfter	_	_	_
Testament	O	O	O	O	O	O	_	_	_	_	_	_
de	O	O	O	O	O	O	_	_	_	_	_	_
Notre	O	O	O	O	O	O	_	_	_	_	_	_
Seigneur	O	O	O	O	O	O	_	_	EndOfLine	_	_	_
# segment_iiif_link = https://impresso-project.ch/api/proxy/iiif/EXP-1855-10-13-a-p0002/25,2520,802,68/full/0/default.jpg
sus	O	O	O	O	O	O	_	_	NoSpaceAfter	_	_	_
-	O	O	O	O	O	O	_	_	NoSpaceAfter	_	_	_
Christ	O	O	O	O	O	O	_	_	NoSpaceAfter	_	_	_
,	O	O	O	O	O	O	_	_	_	_	_	_
traduction	O	O	O	O	O	O	_	_	_	_	_	_
par	O	O	O	O	O	O	_	_	_	_	_	_
Lemaître	O	O	O	O	O	O	_	_	_	_	_	_
de	O	O	O	O	O	O	_	_	_	_	_	_
Sacy	O	O	O	O	O	O	_	_	NoSpaceAfter	_	_	_
.	O	O	O	O	O	O	_	_	EndOfLine	EndOfSentence	_	_
# segment_iiif_link = https://impresso-project.ch/api/proxy/iiif/EXP-1855-10-13-a-p0002/31,2561,798,70/full/0/default.jpg
1	O	O	O	O	O	O	_	_	_	_	_	_
vol	O	O	O	O	O	O	_	_	NoSpaceAfter	_	_	_
.	O	O	O	O	O	O	_	_	_	_	_	_
in	O	O	O	O	O	O	_	_	NoSpaceAfter	_	_	_
-	O	O	O	O	O	O	_	_	NoSpaceAfter	_	_	_
12	O	O	O	O	O	O	_	_	_	_	_	_
relié	O	O	O	O	O	O	_	_	_	_	_	_
en	O	O	O	O	O	O	_	_	_	_	_	_
basane	O	O	O	O	O	O	_	_	NoSpaceAfter	_	_	_
,	O	O	O	O	O	O	_	_	_	_	_	_
imprimé	O	O	O	O	O	O	_	_	_	_	_	_
en	O	O	O	O	O	O	_	_	EndOfLine	_	_	_
# segment_iiif_link = https://impresso-project.ch/api/proxy/iiif/EXP-1855-10-13-a-p0002/27,2603,795,68/full/0/default.jpg
caractères	O	O	O	O	O	O	_	_	_	_	_	_
neufs	O	O	O	O	O	O	_	_	_	_	_	_
sur	O	O	O	O	O	O	_	_	_	_	_	_
papier	O	O	O	O	O	O	_	_	_	_	_	_
velin	O	O	O	O	O	O	_	_	NoSpaceAfter	_	_	_
.	O	O	O	O	O	O	_	_	_	EndOfSentence	_	_
—	O	O	O	O	O	O	_	_	_	_	_	_
On	O	O	O	O	O	O	_	_	_	_	_	_
comprend	O	O	O	O	O	O	_	_	EndOfLine	_	_	_
# segment_iiif_link = https://impresso-project.ch/api/proxy/iiif/EXP-1855-10-13-a-p0002/25,2645,643,68/full/0/default.jpg
que	O	O	O	O	O	O	_	_	_	_	_	_
ce	O	O	O	O	O	O	_	_	_	_	_	_
n	O	O	O	O	O	O	_	_	NoSpaceAfter	_	_	_
'	O	O	O	O	O	O	_	_	NoSpaceAfter	_	_	_
est	O	O	O	O	O	O	_	_	_	_	_	_
pas	O	O	O	O	O	O	_	_	_	_	_	_
le	O	O	O	O	O	O	_	_	_	_	_	_
prix	O	O	O	O	O	O	_	_	_	_	_	_
de	O	O	O	O	O	O	_	_	_	_	_	_
ce	O	O	O	O	O	O	_	_	_	_	_	_
volume	O	O	O	O	O	O	_	_	NoSpaceAfter	_	_	_
.	O	O	O	O	O	O	_	_	EndOfLine	EndOfSentence	_	_
# segment_iiif_link = https://impresso-project.ch/api/proxy/iiif/EXP-1855-10-13-a-p0002/73,2692,756,70/full/0/default.jpg
18	O	O	O	O	O	O	_	_	NoSpaceAfter	_	_	_
.	O	O	O	O	O	O	_	_	_	_	_	_
A	O	O	O	O	O	O	_	_	_	_	_	_
vendre	O	O	O	O	O	O	_	_	_	_	_	_
ou	O	O	O	O	O	O	_	_	_	_	_	_
à	O	O	O	O	O	O	_	_	_	_	_	_
louer	O	O	O	O	O	O	_	_	_	_	_	_
un	O	O	O	O	O	O	_	_	_	_	_	_
piano	O	O	O	O	O	O	_	_	_	_	_	_
carré	O	O	O	O	O	O	_	_	NoSpaceAfter	_	_	_
,	O	O	O	O	O	O	_	_	EndOfLine	_	_	_
# segment_iiif_link = https://impresso-project.ch/api/proxy/iiif/EXP-1855-10-13-a-p0002/25,2734,804,70/full/0/default.jpg
encore	O	O	O	O	O	O	_	_	_	_	_	_
en	O	O	O	O	O	O	_	_	_	_	_	_
bon	O	O	O	O	O	O	_	_	_	_	_	_
état	O	O	O	O	O	O	_	_	NoSpaceAfter	_	_	_
,	O	O	O	O	O	O	_	_	_	_	_	_
qu	O	O	O	O	O	O	_	_	NoSpaceAfter	_	_	_
'	O	O	O	O	O	O	_	_	NoSpaceAfter	_	_	_
on	O	O	O	O	O	O	_	_	_	_	_	_
céderait	O	O	O	O	O	O	_	_	_	_	_	_
à	O	O	O	O	O	O	_	_	_	_	_	_
bon	O	O	O	O	O	O	_	_	_	_	_	_
compte	O	O	O	O	O	O	_	_	NoSpaceAfter	_	_	_
,	O	O	O	O	O	O	_	_	EndOfLine	_	_	_
# segment_iiif_link = https://impresso-project.ch/api/proxy/iiif/EXP-1855-10-13-a-p0002/25,2776,802,70/full/0/default.jpg
faute	O	O	O	O	O	O	_	_	_	_	_	_
déplace	O	O	O	O	O	O	_	_	NoSpaceAfter	_	_	_
.	O	O	O	O	O	O	_	_	_	EndOfSentence	_	_
S	O	O	O	O	O	O	_	_	NoSpaceAfter	_	_	_
'	O	O	O	O	O	O	_	_	NoSpaceAfter	_	_	_
adr	O	O	O	O	O	O	_	_	NoSpaceAfter	_	_	_
.	O	O	O	O	O	O	_	_	_	EndOfSentence	_	_
à	O	O	O	O	O	O	_	_	_	_	_	_
Mlle	O	O	O	O	O	O	_	_	_	_	_	_
Claudon	O	O	O	O	O	O	_	_	NoSpaceAfter	_	_	_
,	O	O	O	O	O	O	_	_	EndOfLine	_	_	_
# segment_iiif_link = https://impresso-project.ch/api/proxy/iiif/EXP-1855-10-13-a-p0002/23,2818,164,68/full/0/default.jpg
Petile	O	O	O	O	O	O	_	_	NoSpaceAfter	_	_	_
-	O	O	O	O	O	O	_	_	NoSpaceAfter	_	_	_
Rochettc	O	O	O	O	O	O	_	_	NoSpaceAfter	_	_	_
.	O	O	O	O	O	O	_	_	EndOfLine	EndOfSentence	_	_
# segment_iiif_link = https://impresso-project.ch/api/proxy/iiif/EXP-1855-10-13-a-p0002/133,2861,576,83/full/0/default.jpg
A	O	O	O	O	O	O	_	_	_	_	_	_
la	O	O	O	O	O	O	_	_	_	_	_	_
librairie	O	O	O	O	O	O	_	_	_	_	_	_
Kissling	O	O	O	O	O	O	_	_	NoSpaceAfter	_	_	_
.	O	O	O	O	O	O	_	_	EndOfLine	EndOfSentence	_	_
# segment_iiif_link = https://impresso-project.ch/api/proxy/iiif/EXP-1855-10-13-a-p0002/71,2926,756,70/full/0/default.jpg
19	O	O	O	O	O	O	_	_	NoSpaceAfter	_	_	_
.	O	O	O	O	O	O	_	_	_	_	_	_
Almanach	O	O	O	O	O	O	_	_	_	_	_	_
du	O	O	O	O	O	O	_	_	_	_	_	_
magasin	O	O	O	O	O	O	_	_	_	_	_	_
pittoresque	O	O	O	O	O	O	_	_	EndOfLine	_	_	_
# segment_iiif_link = https://impresso-project.ch/api/proxy/iiif/EXP-1855-10-13-a-p0002/25,2965,187,70/full/0/default.jpg
pour	O	O	O	O	O	O	_	_	_	_	_	_
i	O	O	O	O	O	O	_	_	_	_	_	_
856	O	O	O	O	O	O	_	_	NoSpaceAfter	_	_	_
.	O	O	O	O	O	O	_	_	EndOfLine	EndOfSentence	_	_
# segment_iiif_link = https://impresso-project.ch/api/proxy/iiif/EXP-1855-10-13-a-p0002/69,3013,758,70/full/0/default.jpg
20	O	O	O	O	O	O	_	_	NoSpaceAfter	_	_	_
.	O	O	O	O	O	O	_	_	_	_	_	_
Ou	O	O	O	O	O	O	_	_	_	_	_	_
offre	O	O	O	O	O	O	_	_	_	_	_	_
à	O	O	O	O	O	O	_	_	_	_	_	_
vendie	O	O	O	O	O	O	_	_	_	_	_	_
à	O	O	O	O	O	O	_	_	_	_	_	_
Neuchâtel	O	O	O	O	O	O	_	_	NoSpaceAfter	_	_	_
,	O	O	O	O	O	O	_	_	_	_	_	_
2	O	O	O	O	O	O	_	_	_	_	_	_
vaches	O	O	O	O	O	O	_	_	EndOfLine	_	_	_
# segment_iiif_link = https://impresso-project.ch/api/proxy/iiif/EXP-1855-10-13-a-p0002/25,3055,803,70/full/0/default.jpg
donl	O	O	O	O	O	O	_	_	_	_	_	_
l	O	O	O	O	O	O	_	_	NoSpaceAfter	_	_	_
'	O	O	O	O	O	O	_	_	NoSpaceAfter	_	_	_
une	O	O	O	O	O	O	_	_	_	_	_	_
prêle	O	O	O	O	O	O	_	_	_	_	_	_
au	O	O	O	O	O	O	_	_	_	_	_	_
veau	O	O	O	O	O	O	_	_	_	_	_	_
et	O	O	O	O	O	O	_	_	_	_	_	_
l	O	O	O	O	O	O	_	_	NoSpaceAfter	_	_	_
'	O	O	O	O	O	O	_	_	NoSpaceAfter	_	_	_
autre	O	O	O	O	O	O	_	_	_	_	_	_
pouvant	O	O	O	O	O	O	_	_	_	_	_	_
être	O	O	O	O	O	O	_	_	EndOfLine	_	_	_
# segment_iiif_link = https://impresso-project.ch/api/proxy/iiif/EXP-1855-10-13-a-p0002/23,3097,597,70/full/0/default.jpg
«	O	O	O	O	O	O	_	_	_	_	_	_
ngraissée	O	O	O	O	O	O	_	_	NoSpaceAfter	_	_	_
.	O	O	O	O	O	O	_	_	_	EndOfSentence	_	_
S	O	O	O	O	O	O	_	_	NoSpaceAfter	_	_	_
'	O	O	O	O	O	O	_	_	NoSpaceAfter	_	_	_
adr	O	O	O	O	O	O	_	_	NoSpaceAfter	_	_	_
.	O	O	O	O	O	O	_	_	_	EndOfSentence	_	_
au	O	O	O	O	O	O	_	_	_	_	_	_
bureau	O	O	O	O	O	O	_	_	_	_	_	_
d	O	O	O	O	O	O	_	_	NoSpaceAfter	_	_	_
'	O	O	O	O	O	O	_	_	NoSpaceAfter	_	_	_
avis	O	O	O	O	O	O	_	_	NoSpaceAfter	_	_	_
.	O	O	O	O	O	O	_	_	EndOfLine	EndOfSentence	_	_
# segment_iiif_link = https://impresso-project.ch/api/proxy/iiif/EXP-1855-10-13-a-p0002/25,3151,817,80/full/0/default.jpg
En	O	O	O	O	O	O	_	_	_	_	_	_
vente	O	O	O	O	O	O	_	_	_	_	_	_
à	O	O	O	O	O	O	_	_	_	_	_	_
la	O	O	O	O	O	O	_	_	_	_	_	_
librairie	O	O	O	O	O	O	_	_	_	_	_	_
Cterster	O	O	O	O	O	O	_	_	_	_	_	_
:	O	O	O	O	O	O	_	_	EndOfLine	_	_	_
# segment_iiif_link = https://impresso-project.ch/api/proxy/iiif/EXP-1855-10-13-a-p0002/67,3207,758,70/full/0/default.jpg
Almanach	O	O	O	O	O	O	_	_	_	_	_	_
du	O	O	O	O	O	O	_	_	_	_	_	_
Magasin	O	O	O	O	O	O	_	_	_	_	_	_
pittoresque	O	O	O	O	O	O	_	_	_	_	_	_
pour	O	O	O	O	O	O	_	_	_	_	_	_
i	O	O	O	O	O	O	_	_	_	_	_	_
856	O	O	O	O	O	O	_	_	NoSpaceAfter	_	_	_
.	O	O	O	O	O	O	_	_	EndOfLine	EndOfSentence	_	_
# segment_iiif_link = https://impresso-project.ch/api/proxy/iiif/EXP-1855-10-13-a-p0002/69,3249,758,70/full/0/default.jpg
La	O	O	O	O	O	O	_	_	_	_	_	_
Loire	O	O	O	O	O	O	_	_	_	_	_	_
historique	O	O	O	O	O	O	_	_	NoSpaceAfter	_	_	_
,	O	O	O	O	O	O	_	_	_	_	_	_
pittoresque	O	O	O	O	O	O	_	_	_	_	_	_
et	O	O	O	O	O	O	_	_	EndOfLine	_	_	_
# segment_iiif_link = https://impresso-project.ch/api/proxy/iiif/EXP-1855-10-13-a-p0002/27,3293,800,68/full/0/default.jpg
biographique	O	O	O	O	O	O	_	_	NoSpaceAfter	_	_	_
,	O	O	O	O	O	O	_	_	_	_	_	_
de	O	O	O	O	O	O	_	_	_	_	_	_
la	O	O	O	O	O	O	_	_	_	_	_	_
source	O	O	O	O	O	O	_	_	_	_	_	_
de	O	O	O	O	O	O	_	_	_	_	_	_
ce	O	O	O	O	O	O	_	_	_	_	_	_
flenve	O	O	O	O	O	O	_	_	_	_	_	_
à	O	O	O	O	O	O	_	_	_	_	_	_
son	O	O	O	O	O	O	_	_	EndOfLine	_	_	_
# segment_iiif_link = https://impresso-project.ch/api/proxy/iiif/EXP-1855-10-13-a-p0002/27,3332,794,68/full/0/default.jpg
embouchure	O	O	O	O	O	O	_	_	_	_	_	_
dans	O	O	O	O	O	O	_	_	_	_	_	_
l	O	O	O	O	O	O	_	_	NoSpaceAfter	_	_	_
'	O	O	O	O	O	O	_	_	NoSpaceAfter	_	_	_
Océan	O	O	O	O	O	O	_	_	NoSpaceAfter	_	_	_
.	O	O	O	O	O	O	_	_	_	EndOfSentence	_	_
Illustre	O	O	O	O	O	O	_	_	_	_	_	_
de	O	O	O	O	O	O	_	_	_	_	_	_
62	O	O	O	O	O	O	_	_	_	_	_	_
gravures	O	O	O	O	O	O	_	_	EndOfLine	_	_	_
# segment_iiif_link = https://impresso-project.ch/api/proxy/iiif/EXP-1855-10-13-a-p0002/25,3374,798,70/full/0/default.jpg
magnifiques	O	O	O	O	O	O	_	_	_	_	_	_
par	O	O	O	O	O	O	_	_	_	_	_	_
Rouarge	O	O	O	O	O	O	_	_	_	_	_	_
frères	O	O	O	O	O	O	_	_	NoSpaceAfter	_	_	_
,	O	O	O	O	O	O	_	_	_	_	_	_
de	O	O	O	O	O	O	_	_	_	_	_	_
3	O	O	O	O	O	O	_	_	_	_	_	_
_	O	O	O	O	O	O	_	_	NoSpaceAfter	_	_	_
ao	O	O	O	O	O	O	_	_	EndOfLine	_	_	_
# segment_iiif_link = https://impresso-project.ch/api/proxy/iiif/EXP-1855-10-13-a-p0002/25,3415,800,70/full/0/default.jpg
gravures	O	O	O	O	O	O	_	_	_	_	_	_
sur	O	O	O	O	O	O	_	_	_	_	_	_
bois	O	O	O	O	O	O	_	_	_	_	_	_
et	O	O	O	O	O	O	_	_	_	_	_	_
de	O	O	O	O	O	O	_	_	_	_	_	_
3	O	O	O	O	O	O	_	_	_	_	_	_
caries	O	O	O	O	O	O	_	_	_	_	_	_
du	O	O	O	O	O	O	_	_	_	_	_	_
fleuve	O	O	O	O	O	O	_	_	_	_	_	_
avec	O	O	O	O	O	O	_	_	_	_	_	_
tracé	O	O	O	O	O	O	_	_	EndOfLine	_	_	_
# segment_iiif_link = https://impresso-project.ch/api/proxy/iiif/EXP-1855-10-13-a-p0002/27,3457,796,70/full/0/default.jpg
des	O	O	O	O	O	O	_	_	_	_	_	_
chemins	O	O	O	O	O	O	_	_	_	_	_	_
de	O	O	O	O	O	O	_	_	_	_	_	_
fer	O	O	O	O	O	O	_	_	NoSpaceAfter	_	_	_
.	O	O	O	O	O	O	_	_	_	EndOfSentence	_	_
5	O	O	O	O	O	O	_	_	_	_	_	_
vol	O	O	O	O	O	O	_	_	NoSpaceAfter	_	_	_
.	O	O	O	O	O	O	_	_	_	_	_	_
gr	O	O	O	O	O	O	_	_	NoSpaceAfter	_	_	_
.	O	O	O	O	O	O	_	_	_	EndOfSentence	_	_
in	O	O	O	O	O	O	_	_	NoSpaceAfter	_	_	_
-	O	O	O	O	O	O	_	_	NoSpaceAfter	_	_	_
8	O	O	O	O	O	O	_	_	NoSpaceAfter	_	_	_
°	O	O	O	O	O	O	_	_	NoSpaceAfter	_	_	_
,	O	O	O	O	O	O	_	_	_	_	_	_
jésus	O	O	O	O	O	O	_	_	_	_	_	_
velin	O	O	O	O	O	O	_	_	EndOfLine	_	_	_
# segment_iiif_link = https://impresso-project.ch/api/proxy/iiif/EXP-1855-10-13-a-p0002/25,3501,802,66/full/0/default.jpg
glacé	O	O	O	O	O	O	_	_	NoSpaceAfter	_	_	_
,	O	O	O	O	O	O	_	_	_	_	_	_
de	O	O	O	O	O	O	_	_	_	_	_	_
800	O	O	O	O	O	O	_	_	_	_	_	_
pages	O	O	O	O	O	O	_	_	_	_	_	_
chacun	O	O	O	O	O	O	_	_	NoSpaceAfter	_	_	_
.	O	O	O	O	O	O	_	_	_	EndOfSentence	_	_
Les	O	O	O	O	O	O	_	_	_	_	_	_
5	O	O	O	O	O	O	_	_	_	_	_	_
vol	O	O	O	O	O	O	_	_	NoSpaceAfter	_	_	_
.	O	O	O	O	O	O	_	_	EndOfLine	_	_	_
# segment_iiif_link = https://impresso-project.ch/api/proxy/iiif/EXP-1855-10-13-a-p0002/27,3540,708,68/full/0/default.jpg
seulement	O	O	O	O	O	O	_	_	_	_	_	_
fr	O	O	O	O	O	O	_	_	NoSpaceAfter	_	_	_
.	O	O	O	O	O	O	_	_	_	_	_	_
25	O	O	O	O	O	O	_	_	_	_	_	_
et	O	O	O	O	O	O	_	_	_	_	_	_
reliés	O	O	O	O	O	O	_	_	_	_	_	_
en	O	O	O	O	O	O	_	_	_	_	_	_
maroquin	O	O	O	O	O	O	_	_	NoSpaceAfter	_	_	_
,	O	O	O	O	O	O	_	_	_	_	_	_
fr	O	O	O	O	O	O	_	_	NoSpaceAfter	_	_	_
.	O	O	O	O	O	O	_	_	_	EndOfSentence	_	_
35	O	O	O	O	O	O	_	_	NoSpaceAfter	_	_	_
.	O	O	O	O	O	O	_	_	EndOfLine	_	_	_
# segment_iiif_link = https://impresso-project.ch/api/proxy/iiif/EXP-1855-10-13-a-p0002/67,3582,759,70/full/0/default.jpg
Flore	O	O	O	O	O	O	_	_	_	_	_	_
des	O	O	O	O	O	O	_	_	_	_	_	_
jardins	O	O	O	O	O	O	_	_	_	_	_	_
et	O	O	O	O	O	O	_	_	_	_	_	_
des	O	O	O	O	O	O	_	_	_	_	_	_
grandes	O	O	O	O	O	O	_	_	_	_	_	_
cultures	O	O	O	O	O	O	_	_	NoSpaceAfter	_	_	_
,	O	O	O	O	O	O	_	_	_	_	_	_
ou	O	O	O	O	O	O	_	_	EndOfLine	_	_	_
# segment_iiif_link = https://impresso-project.ch/api/proxy/iiif/EXP-1855-10-13-a-p0002/25,3624,800,68/full/0/default.jpg
description	O	O	O	O	O	O	_	_	_	_	_	_
des	O	O	O	O	O	O	_	_	_	_	_	_
plantes	O	O	O	O	O	O	_	_	_	_	_	_
de	O	O	O	O	O	O	_	_	_	_	_	_
jardins	O	O	O	O	O	O	_	_	NoSpaceAfter	_	_	_
,	O	O	O	O	O	O	_	_	_	_	_	_
d	O	O	O	O	O	O	_	_	NoSpaceAfter	_	_	_
'	O	O	O	O	O	O	_	_	NoSpaceAfter	_	_	_
orangerie	O	O	O	O	O	O	_	_	_	_	_	_
et	O	O	O	O	O	O	_	_	EndOfLine	_	_	_
# segment_iiif_link = https://impresso-project.ch/api/proxy/iiif/EXP-1855-10-13-a-p0002/27,3663,798,70/full/0/default.jpg
de	O	O	O	O	O	O	_	_	_	_	_	_
grande	O	O	O	O	O	O	_	_	_	_	_	_
culture	O	O	O	O	O	O	_	_	NoSpaceAfter	_	_	_
,	O	O	O	O	O	O	_	_	_	_	_	_
par	O	O	O	O	O	O	_	_	_	_	_	_
Seringe	O	O	O	O	O	O	_	_	NoSpaceAfter	_	_	_
,	O	O	O	O	O	O	_	_	_	_	_	_
ouvrage	O	O	O	O	O	O	_	_	_	_	_	_
orné	O	O	O	O	O	O	_	_	EndOfLine	_	_	_
# segment_iiif_link = https://impresso-project.ch/api/proxy/iiif/EXP-1855-10-13-a-p0002/883,1355,793,68/full/0/default.jpg
de	O	O	O	O	O	O	_	_	_	_	_	_
3	O	O	O	O	O	O	_	_	_	_	_	_
i	O	O	O	O	O	O	_	_	_	_	_	_
gravures	O	O	O	O	O	O	_	_	_	_	_	_
sur	O	O	O	O	O	O	_	_	_	_	_	_
acier	O	O	O	O	O	O	_	_	_	_	_	_
et	O	O	O	O	O	O	_	_	_	_	_	_
d	O	O	O	O	O	O	_	_	NoSpaceAfter	_	_	_
'	O	O	O	O	O	O	_	_	NoSpaceAfter	_	_	_
une	O	O	O	O	O	O	_	_	_	_	_	_
quantité	O	O	O	O	O	O	_	_	_	_	_	_
de	O	O	O	O	O	O	_	_	EndOfLine	_	_	_
# segment_iiif_link = https://impresso-project.ch/api/proxy/iiif/EXP-1855-10-13-a-p0002/881,1395,792,70/full/0/default.jpg
gravures	O	O	O	O	O	O	_	_	_	_	_	_
sur	O	O	O	O	O	O	_	_	_	_	_	_
bois	O	O	O	O	O	O	_	_	_	_	_	_
;	O	O	O	O	O	O	_	_	_	_	_	_
3	O	O	O	O	O	O	_	_	_	_	_	_
vol	O	O	O	O	O	O	_	_	NoSpaceAfter	_	_	_
.	O	O	O	O	O	O	_	_	_	_	_	_
in	O	O	O	O	O	O	_	_	NoSpaceAfter	_	_	_
-	O	O	O	O	O	O	_	_	NoSpaceAfter	_	_	_
8	O	O	O	O	O	O	_	_	NoSpaceAfter	_	_	_
°	O	O	O	O	O	O	_	_	_	_	_	_
;	O	O	O	O	O	O	_	_	_	_	_	_
fr	O	O	O	O	O	O	_	_	NoSpaceAfter	_	_	_
.	O	O	O	O	O	O	_	_	_	_	_	_
12	O	O	O	O	O	O	_	_	NoSpaceAfter	_	_	_
.	O	O	O	O	O	O	_	_	EndOfLine	EndOfSentence	_	_
# segment_iiif_link = https://impresso-project.ch/api/proxy/iiif/EXP-1855-10-13-a-p0002/929,1436,742,70/full/0/default.jpg
Tableaux	O	O	O	O	O	O	_	_	_	_	_	_
de	O	O	O	O	O	O	_	_	_	_	_	_
la	O	O	O	O	O	O	_	_	_	_	_	_
vie	O	O	O	O	O	O	_	_	_	_	_	_
rurale	O	O	O	O	O	O	_	_	NoSpaceAfter	_	_	_
,	O	O	O	O	O	O	_	_	_	_	_	_
ou	O	O	O	O	O	O	_	_	_	_	_	_
l	O	O	O	O	O	O	_	_	NoSpaceAfter	_	_	_
'	O	O	O	O	O	O	_	_	NoSpaceAfter	_	_	_
agriculture	O	O	O	O	O	O	_	_	EndOfLine	_	_	_
# segment_iiif_link = https://impresso-project.ch/api/proxy/iiif/EXP-1855-10-13-a-p0002/883,1478,795,70/full/0/default.jpg
enseignée	O	O	O	O	O	O	_	_	_	_	_	_
d	O	O	O	O	O	O	_	_	NoSpaceAfter	_	_	_
'	O	O	O	O	O	O	_	_	NoSpaceAfter	_	_	_
une	O	O	O	O	O	O	_	_	_	_	_	_
manière	O	O	O	O	O	O	_	_	_	_	_	_
dramatique	O	O	O	O	O	O	_	_	NoSpaceAfter	_	_	_
,	O	O	O	O	O	O	_	_	_	_	_	_
par	O	O	O	O	O	O	_	_	EndOfLine	_	_	_
# segment_iiif_link = https://impresso-project.ch/api/proxy/iiif/EXP-1855-10-13-a-p0002/881,1520,792,68/full/0/default.jpg
Désormeaux	O	O	O	O	O	O	_	_	NoSpaceAfter	_	_	_
,	O	O	O	O	O	O	_	_	_	_	_	_
3	O	O	O	O	O	O	_	_	_	_	_	_
vol	O	O	O	O	O	O	_	_	NoSpaceAfter	_	_	_
.	O	O	O	O	O	O	_	_	_	_	_	_
in	O	O	O	O	O	O	_	_	_	_	_	_
8	O	O	O	O	O	O	_	_	NoSpaceAfter	_	_	_
°	O	O	O	O	O	O	_	_	_	_	_	_
;	O	O	O	O	O	O	_	_	_	_	_	_
fr	O	O	O	O	O	O	_	_	NoSpaceAfter	_	_	_
.	O	O	O	O	O	O	_	_	EndOfLine	_	_	_
# segment_iiif_link = https://impresso-project.ch/api/proxy/iiif/EXP-1855-10-13-a-p0002/925,1561,748,70/full/0/default.jpg
4	O	O	O	O	O	O	_	_	NoSpaceAfter	_	_	_
-	O	O	O	O	O	O	_	_	NoSpaceAfter	_	_	_
22	O	O	O	O	O	O	_	_	NoSpaceAfter	_	_	_
.	O	O	O	O	O	O	_	_	_	EndOfSentence	_	_
Faute	O	O	O	O	O	O	_	_	_	_	_	_
d	O	O	O	O	O	O	_	_	NoSpaceAfter	_	_	_
'	O	O	O	O	O	O	_	_	NoSpaceAfter	_	_	_
emploi	O	O	O	O	O	O	_	_	NoSpaceAfter	_	_	_
,	O	O	O	O	O	O	_	_	_	_	_	_
plusieurs	O	O	O	O	O	O	_	_	_	_	_	_
tonneaux	O	O	O	O	O	O	_	_	_	_	_	_
de	O	O	O	O	O	O	_	_	EndOfLine	_	_	_
# segment_iiif_link = https://impresso-project.ch/api/proxy/iiif/EXP-1855-10-13-a-p0002/883,1603,792,68/full/0/default.jpg
différentes	O	O	O	O	O	O	_	_	_	_	_	_
contenances	O	O	O	O	O	O	_	_	NoSpaceAfter	_	_	_
,	O	O	O	O	O	O	_	_	_	_	_	_
cerclés	O	O	O	O	O	O	_	_	_	_	_	_
en	O	O	O	O	O	O	_	_	_	_	_	_
fer	O	O	O	O	O	O	_	_	NoSpaceAfter	_	_	_
.	O	O	O	O	O	O	_	_	_	EndOfSentence	_	_
Un	O	O	O	O	O	O	_	_	EndOfLine	_	_	_
# segment_iiif_link = https://impresso-project.ch/api/proxy/iiif/EXP-1855-10-13-a-p0002/883,1645,794,68/full/0/default.jpg
laigre	O	O	O	O	O	O	_	_	_	_	_	_
ovale	O	O	O	O	O	O	_	_	_	_	_	_
de	O	O	O	O	O	O	_	_	_	_	_	_
720	O	O	O	O	O	O	_	_	_	_	_	_
pots	O	O	O	O	O	O	_	_	_	_	_	_
environ	O	O	O	O	O	O	_	_	NoSpaceAfter	_	_	_
,	O	O	O	O	O	O	_	_	_	_	_	_
une	O	O	O	O	O	O	_	_	_	_	_	_
bosse	O	O	O	O	O	O	_	_	NoSpaceAfter	_	_	_
,	O	O	O	O	O	O	_	_	_	_	_	_
6	O	O	O	O	O	O	_	_	EndOfLine	_	_	_
# segment_iiif_link = https://impresso-project.ch/api/proxy/iiif/EXP-1855-10-13-a-p0002/883,1684,790,70/full/0/default.jpg
gerles	O	O	O	O	O	O	_	_	NoSpaceAfter	_	_	_
,	O	O	O	O	O	O	_	_	_	_	_	_
ayant	O	O	O	O	O	O	_	_	_	_	_	_
peu	O	O	O	O	O	O	_	_	_	_	_	_
servi	O	O	O	O	O	O	_	_	NoSpaceAfter	_	_	_
.	O	O	O	O	O	O	_	_	_	EndOfSentence	_	_
Pour	O	O	O	O	O	O	_	_	_	_	_	_
les	O	O	O	O	O	O	_	_	_	_	_	_
voir	O	O	O	O	O	O	_	_	_	_	_	_
s	O	O	O	O	O	O	_	_	NoSpaceAfter	_	_	_
'	O	O	O	O	O	O	_	_	NoSpaceAfter	_	_	_
adresser	O	O	O	O	O	O	_	_	EndOfLine	_	_	_
# segment_iiif_link = https://impresso-project.ch/api/proxy/iiif/EXP-1855-10-13-a-p0002/883,1728,704,68/full/0/default.jpg
à	O	O	O	O	O	O	_	_	_	_	_	_
Mme	O	O	O	O	O	O	_	_	_	_	_	_
Berthoud	O	O	O	O	O	O	_	_	NoSpaceAfter	_	_	_
-	O	O	O	O	O	O	_	_	NoSpaceAfter	_	_	_
Fabry	O	O	O	O	O	O	_	_	NoSpaceAfter	_	_	_
,	O	O	O	O	O	O	_	_	_	_	_	_
rue	O	O	O	O	O	O	_	_	_	_	_	_
de	O	O	O	O	O	O	_	_	_	_	_	_
Flandres	O	O	O	O	O	O	_	_	NoSpaceAfter	_	_	_
.	O	O	O	O	O	O	_	_	EndOfLine	EndOfSentence	_	_
# segment_iiif_link = https://impresso-project.ch/api/proxy/iiif/EXP-1855-10-13-a-p0002/925,1776,748,70/full/0/default.jpg
23	O	O	O	O	O	O	_	_	NoSpaceAfter	_	_	_
.	O	O	O	O	O	O	_	_	_	EndOfSentence	_	_
A	O	O	O	O	O	O	_	_	_	_	_	_
vendre	O	O	O	O	O	O	_	_	NoSpaceAfter	_	_	_
,	O	O	O	O	O	O	_	_	_	_	_	_
faute	O	O	O	O	O	O	_	_	_	_	_	_
d	O	O	O	O	O	O	_	_	NoSpaceAfter	_	_	_
'	O	O	O	O	O	O	_	_	NoSpaceAfter	_	_	_
emploi	O	O	O	O	O	O	_	_	NoSpaceAfter	_	_	_
,	O	O	O	O	O	O	_	_	_	_	_	_
un	O	O	O	O	O	O	_	_	_	_	_	_
pelit	O	O	O	O	O	O	_	_	_	_	_	_
poêle	O	O	O	O	O	O	_	_	EndOfLine	_	_	_
# segment_iiif_link = https://impresso-project.ch/api/proxy/iiif/EXP-1855-10-13-a-p0002/883,1818,790,70/full/0/default.jpg
rond	O	O	O	O	O	O	_	_	_	_	_	_
en	O	O	O	O	O	O	_	_	_	_	_	_
calelles	O	O	O	O	O	O	_	_	_	_	_	_
blanches	O	O	O	O	O	O	_	_	_	_	_	_
avec	O	O	O	O	O	O	_	_	_	_	_	_
dessus	O	O	O	O	O	O	_	_	_	_	_	_
en	O	O	O	O	O	O	_	_	EndOfLine	_	_	_
# segment_iiif_link = https://impresso-project.ch/api/proxy/iiif/EXP-1855-10-13-a-p0002/883,1859,790,70/full/0/default.jpg
marbre	O	O	O	O	O	O	_	_	_	_	_	_
et	O	O	O	O	O	O	_	_	_	_	_	_
ses	O	O	O	O	O	O	_	_	_	_	_	_
tuyaux	O	O	O	O	O	O	_	_	NoSpaceAfter	_	_	_
.	O	O	O	O	O	O	_	_	_	EndOfSentence	_	_
S	O	O	O	O	O	O	_	_	NoSpaceAfter	_	_	_
'	O	O	O	O	O	O	_	_	NoSpaceAfter	_	_	_
adresser	O	O	O	O	O	O	_	_	_	_	_	_
à	O	O	O	O	O	O	_	_	_	_	_	_
Paul	O	O	O	O	O	O	_	_	_	_	_	_
L	O	O	O	O	O	O	_	_	NoSpaceAfter	_	_	_
'	O	O	O	O	O	O	_	_	NoSpaceAfter	_	_	_
E	O	O	O	O	O	O	_	_	EndOfLine	_	_	_
# segment_iiif_link = https://impresso-project.ch/api/proxy/iiif/EXP-1855-10-13-a-p0002/883,1901,312,68/full/0/default.jpg
plattenier	O	O	O	O	O	O	_	_	NoSpaceAfter	_	_	_
,	O	O	O	O	O	O	_	_	_	_	_	_
à	O	O	O	O	O	O	_	_	_	_	_	_
Coffrane	O	O	O	O	O	O	_	_	NoSpaceAfter	_	_	_
.	O	O	O	O	O	O	_	_	EndOfLine	EndOfSentence	_	_
# segment_iiif_link = https://impresso-project.ch/api/proxy/iiif/EXP-1855-10-13-a-p0002/973,1970,612,58/full/0/default.jpg
EN	O	O	O	O	O	O	_	_	_	_	_	_
VENTE	O	O	O	O	O	O	_	_	_	_	_	_
A	O	O	O	O	O	O	_	_	_	_	_	_
LA	O	O	O	O	O	O	_	_	_	_	_	_
LIBRAIRIE	O	O	O	O	O	O	_	_	_	_	_	_
GERSTER	O	O	O	O	O	O	_	_	NoSpaceAfter	_	_	_
.	O	O	O	O	O	O	_	_	EndOfLine	EndOfSentence	_	_
# segment_iiif_link = https://impresso-project.ch/api/proxy/iiif/EXP-1855-10-13-a-p0002/925,2011,748,70/full/0/default.jpg
Le	O	O	O	O	O	O	_	_	_	_	_	_
Musée	O	O	O	O	O	O	_	_	_	_	_	_
des	O	O	O	O	O	O	_	_	_	_	_	_
familles	O	O	O	O	O	O	_	_	_	_	_	_
;	O	O	O	O	O	O	_	_	_	_	_	_
année	O	O	O	O	O	O	_	_	_	_	_	_
complète	O	O	O	O	O	O	_	_	_	_	_	_
de	O	O	O	O	O	O	_	_	EndOfLine	_	_	_
# segment_iiif_link = https://impresso-project.ch/api/proxy/iiif/EXP-1855-10-13-a-p0002/885,2053,790,70/full/0/default.jpg
1854	O	O	O	O	O	O	_	_	NoSpaceAfter	_	_	_
-	O	O	O	O	O	O	_	_	NoSpaceAfter	_	_	_
.	O	O	O	O	O	O	_	_	_	EndOfSentence	_	_
855	O	O	O	O	O	O	_	_	_	_	_	_
;	O	O	O	O	O	O	_	_	_	_	_	_
fr	O	O	O	O	O	O	_	_	NoSpaceAfter	_	_	_
.	O	O	O	O	O	O	_	_	_	_	_	_
7	O	O	O	O	O	O	_	_	NoSpaceAfter	_	_	_
,	O	O	O	O	O	O	_	_	EndOfLine	_	_	_
# segment_iiif_link = https://impresso-project.ch/api/proxy/iiif/EXP-1855-10-13-a-p0002/925,2095,750,68/full/0/default.jpg
On	O	O	O	O	O	O	_	_	_	_	_	_
peut	O	O	O	O	O	O	_	_	_	_	_	_
s	O	O	O	O	O	O	_	_	NoSpaceAfter	_	_	_
'	O	O	O	O	O	O	_	_	NoSpaceAfter	_	_	_
abonner	O	O	O	O	O	O	_	_	_	_	_	_
à	O	O	O	O	O	O	_	_	_	_	_	_
la	O	O	O	O	O	O	_	_	_	_	_	_
même	O	O	O	O	O	O	_	_	_	_	_	_
librairie	O	O	O	O	O	O	_	_	NoSpaceAfter	_	_	_
,	O	O	O	O	O	O	_	_	_	_	_	_
soit	O	O	O	O	O	O	_	_	EndOfLine	_	_	_
# segment_iiif_link = https://impresso-project.ch/api/proxy/iiif/EXP-1855-10-13-a-p0002/881,2134,794,70/full/0/default.jpg
au	O	O	O	O	O	O	_	_	_	_	_	_
Musée	O	O	O	O	O	O	_	_	_	_	_	_
seul	O	O	O	O	O	O	_	_	NoSpaceAfter	_	_	_
,	O	O	O	O	O	O	_	_	_	_	_	_
prix	O	O	O	O	O	O	_	_	_	_	_	_
fr	O	O	O	O	O	O	_	_	NoSpaceAfter	_	_	_
.	O	O	O	O	O	O	_	_	_	_	_	_
7	O	O	O	O	O	O	_	_	NoSpaceAfter	_	_	_
,	O	O	O	O	O	O	_	_	_	_	_	_
soil	O	O	O	O	O	O	_	_	_	_	_	_
au	O	O	O	O	O	O	_	_	_	_	_	_
Musée	O	O	O	O	O	O	_	_	_	_	_	_
avec	O	O	O	O	O	O	_	_	EndOfLine	_	_	_
# segment_iiif_link = https://impresso-project.ch/api/proxy/iiif/EXP-1855-10-13-a-p0002/881,2176,710,70/full/0/default.jpg
les	O	O	O	O	O	O	_	_	_	_	_	_
modes	O	O	O	O	O	O	_	_	_	_	_	_
vraies	O	O	O	O	O	O	_	_	_	_	_	_
pour	O	O	O	O	O	O	_	_	_	_	_	_
l	O	O	O	O	O	O	_	_	NoSpaceAfter	_	_	_
'	O	O	O	O	O	O	_	_	NoSpaceAfter	_	_	_
année	O	O	O	O	O	O	_	_	_	_	_	_
i	O	O	O	O	O	O	_	_	_	_	_	_
855	O	O	O	O	O	O	_	_	NoSpaceAfter	_	_	_
-	O	O	O	O	O	O	_	_	NoSpaceAfter	_	_	_
i	O	O	O	O	O	O	_	_	_	_	_	_
856	O	O	O	O	O	O	_	_	NoSpaceAfter	_	_	_
.	O	O	O	O	O	O	_	_	EndOfLine	EndOfSentence	_	_
# segment_iiif_link = https://impresso-project.ch/api/proxy/iiif/EXP-1855-10-13-a-p0002/923,2218,752,72/full/0/default.jpg
Description	O	O	O	O	O	O	_	_	_	_	_	_
de	O	O	O	O	O	O	_	_	_	_	_	_
la	O	O	O	O	O	O	_	_	_	_	_	_
Crimée	O	O	O	O	O	O	_	_	_	_	_	_
;	O	O	O	O	O	O	_	_	_	_	_	_
monographie	O	O	O	O	O	O	_	_	EndOfLine	_	_	_
# segment_iiif_link = https://impresso-project.ch/api/proxy/iiif/EXP-1855-10-13-a-p0002/881,2259,790,72/full/0/default.jpg
graphique	O	O	O	O	O	O	_	_	_	_	_	_
el	O	O	O	O	O	O	_	_	_	_	_	_
topographique	O	O	O	O	O	O	_	_	NoSpaceAfter	_	_	_
,	O	O	O	O	O	O	_	_	_	_	_	_
par	O	O	O	O	O	O	_	_	_	_	_	_
Schnitzler	O	O	O	O	O	O	_	_	NoSpaceAfter	_	_	_
.	O	O	O	O	O	O	_	_	EndOfLine	EndOfSentence	_	_
# segment_iiif_link = https://impresso-project.ch/api/proxy/iiif/EXP-1855-10-13-a-p0002/888,2301,787,70/full/0/default.jpg
1	O	O	O	O	O	O	_	_	NoSpaceAfter	_	_	_
.	O	O	O	O	O	O	_	_	_	EndOfSentence	_	_
vol	O	O	O	O	O	O	_	_	NoSpaceAfter	_	_	_
.	O	O	O	O	O	O	_	_	_	_	_	_
in	O	O	O	O	O	O	_	_	NoSpaceAfter	_	_	_
-	O	O	O	O	O	O	_	_	NoSpaceAfter	_	_	_
8	O	O	O	O	O	O	_	_	NoSpaceAfter	_	_	_
°	O	O	O	O	O	O	_	_	NoSpaceAfter	_	_	_
,	O	O	O	O	O	O	_	_	_	_	_	_
avec	O	O	O	O	O	O	_	_	_	_	_	_
carte	O	O	O	O	O	O	_	_	_	_	_	_
;	O	O	O	O	O	O	_	_	_	_	_	_
fr	O	O	O	O	O	O	_	_	NoSpaceAfter	_	_	_
.	O	O	O	O	O	O	_	_	_	_	_	_
3	O	O	O	O	O	O	_	_	NoSpaceAfter	_	_	_
.	O	O	O	O	O	O	_	_	EndOfLine	EndOfSentence	_	_
# segment_iiif_link = https://impresso-project.ch/api/proxy/iiif/EXP-1855-10-13-a-p0002/925,2342,744,70/full/0/default.jpg
Les	O	O	O	O	O	O	_	_	_	_	_	_
femmes	O	O	O	O	O	O	_	_	_	_	_	_
chrétiennes	O	O	O	O	O	O	_	_	_	_	_	_
aux	O	O	O	O	O	O	_	_	_	_	_	_
premiers	O	O	O	O	O	O	_	_	_	_	_	_
temps	O	O	O	O	O	O	_	_	EndOfLine	_	_	_
# segment_iiif_link = https://impresso-project.ch/api/proxy/iiif/EXP-1855-10-13-a-p0002/881,2384,792,70/full/0/default.jpg
de	O	O	O	O	O	O	_	_	_	_	_	_
l	O	O	O	O	O	O	_	_	NoSpaceAfter	_	_	_
'	O	O	O	O	O	O	_	_	NoSpaceAfter	_	_	_
Eglise	O	O	O	O	O	O	_	_	NoSpaceAfter	_	_	_
,	O	O	O	O	O	O	_	_	_	_	_	_
lrad	O	O	O	O	O	O	_	_	NoSpaceAfter	_	_	_
.	O	O	O	O	O	O	_	_	_	EndOfSentence	_	_
de	O	O	O	O	O	O	_	_	_	_	_	_
l	O	O	O	O	O	O	_	_	NoSpaceAfter	_	_	_
'	O	O	O	O	O	O	_	_	NoSpaceAfter	_	_	_
allemand	O	O	O	O	O	O	_	_	_	_	_	_
de	O	O	O	O	O	O	_	_	_	_	_	_
Manier	O	O	O	O	O	O	_	_	_	_	_	_
par	O	O	O	O	O	O	_	_	EndOfLine	_	_	_
# segment_iiif_link = https://impresso-project.ch/api/proxy/iiif/EXP-1855-10-13-a-p0002/883,2426,790,68/full/0/default.jpg
Boissard	O	O	O	O	O	O	_	_	NoSpaceAfter	_	_	_
,	O	O	O	O	O	O	_	_	_	_	_	_
pasteur	O	O	O	O	O	O	_	_	NoSpaceAfter	_	_	_
.	O	O	O	O	O	O	_	_	_	EndOfSentence	_	_
in	O	O	O	O	O	O	_	_	NoSpaceAfter	_	_	_
-	O	O	O	O	O	O	_	_	NoSpaceAfter	_	_	_
i	O	O	O	O	O	O	_	_	_	_	_	_
2	O	O	O	O	O	O	_	_	_	_	_	_
;	O	O	O	O	O	O	_	_	_	_	_	_
fr	O	O	O	O	O	O	_	_	NoSpaceAfter	_	_	_
.	O	O	O	O	O	O	_	_	_	_	_	_
2	O	O	O	O	O	O	_	_	NoSpaceAfter	_	_	_
.	O	O	O	O	O	O	_	_	EndOfLine	EndOfSentence	_	_
# segment_iiif_link = https://impresso-project.ch/api/proxy/iiif/EXP-1855-10-13-a-p0002/923,2468,750,70/full/0/default.jpg
Malakoff	O	O	O	O	O	O	_	_	NoSpaceAfter	_	_	_
,	O	O	O	O	O	O	_	_	_	_	_	_
sixième	O	O	O	O	O	O	_	_	_	_	_	_
série	O	O	O	O	O	O	_	_	_	_	_	_
illustrée	O	O	O	O	O	O	_	_	_	_	_	_
de	O	O	O	O	O	O	_	_	_	_	_	_
la	O	O	O	O	O	O	_	_	_	_	_	_
guerre	O	O	O	O	O	O	_	_	EndOfLine	_	_	_
# segment_iiif_link = https://impresso-project.ch/api/proxy/iiif/EXP-1855-10-13-a-p0002/881,2507,794,70/full/0/default.jpg
d	O	O	O	O	O	O	_	_	NoSpaceAfter	_	_	_
'	O	O	O	O	O	O	_	_	NoSpaceAfter	_	_	_
Orient	O	O	O	O	O	O	_	_	NoSpaceAfter	_	_	_
,	O	O	O	O	O	O	_	_	_	_	_	_
par	O	O	O	O	O	O	_	_	_	_	_	_
Janel	O	O	O	O	O	O	_	_	_	_	_	_
Lange	O	O	O	O	O	O	_	_	NoSpaceAfter	_	_	_
,	O	O	O	O	O	O	_	_	_	_	_	_
in	O	O	O	O	O	O	_	_	NoSpaceAfter	_	_	_
-	O	O	O	O	O	O	_	_	NoSpaceAfter	_	_	_
8	O	O	O	O	O	O	_	_	NoSpaceAfter	_	_	_
°	O	O	O	O	O	O	_	_	_	_	_	_
;	O	O	O	O	O	O	_	_	_	_	_	_
fr	O	O	O	O	O	O	_	_	NoSpaceAfter	_	_	_
.	O	O	O	O	O	O	_	_	_	_	_	_
i	O	O	O	O	O	O	_	_	_	_	_	_
»	O	O	O	O	O	O	_	_	_	_	_	_
5	O	O	O	O	O	O	_	_	_	_	_	_
o	O	O	O	O	O	O	_	_	NoSpaceAfter	_	_	_
.	O	O	O	O	O	O	_	_	EndOfLine	EndOfSentence	_	_
# segment_iiif_link = https://impresso-project.ch/api/proxy/iiif/EXP-1855-10-13-a-p0002/925,2557,746,70/full/0/default.jpg
25	O	O	O	O	O	O	_	_	NoSpaceAfter	_	_	_
.	O	O	O	O	O	O	_	_	_	_	_	_
A	O	O	O	O	O	O	_	_	_	_	_	_
vendre	O	O	O	O	O	O	_	_	NoSpaceAfter	_	_	_
,	O	O	O	O	O	O	_	_	_	_	_	_
un	O	O	O	O	O	O	_	_	_	_	_	_
lil	O	O	O	O	O	O	_	_	NoSpaceAfter	_	_	_
-	O	O	O	O	O	O	_	_	NoSpaceAfter	_	_	_
de	O	O	O	O	O	O	_	_	NoSpaceAfter	_	_	_
-	O	O	O	O	O	O	_	_	NoSpaceAfter	_	_	_
camp	O	O	O	O	O	O	_	_	NoSpaceAfter	_	_	_
,	O	O	O	O	O	O	_	_	_	_	_	_
uu	O	O	O	O	O	O	_	_	_	_	_	_
bois	O	O	O	O	O	O	_	_	_	_	_	_
de	O	O	O	O	O	O	_	_	_	_	_	_
lit	O	O	O	O	O	O	_	_	EndOfLine	_	_	_
# segment_iiif_link = https://impresso-project.ch/api/proxy/iiif/EXP-1855-10-13-a-p0002/881,2599,796,70/full/0/default.jpg
gris	O	O	O	O	O	O	_	_	NoSpaceAfter	_	_	_
,	O	O	O	O	O	O	_	_	_	_	_	_
une	O	O	O	O	O	O	_	_	_	_	_	_
seille	O	O	O	O	O	O	_	_	_	_	_	_
à	O	O	O	O	O	O	_	_	_	_	_	_
fromage	O	O	O	O	O	O	_	_	NoSpaceAfter	_	_	_
,	O	O	O	O	O	O	_	_	_	_	_	_
une	O	O	O	O	O	O	_	_	_	_	_	_
grande	O	O	O	O	O	O	_	_	_	_	_	_
mai	O	O	O	O	O	O	_	_	_	_	_	_
mite	O	O	O	O	O	O	_	_	NoSpaceAfter	_	_	_
,	O	O	O	O	O	O	_	_	EndOfLine	_	_	_
# segment_iiif_link = https://impresso-project.ch/api/proxy/iiif/EXP-1855-10-13-a-p0002/881,2640,790,70/full/0/default.jpg
une	O	O	O	O	O	O	_	_	_	_	_	_
bassinoire	O	O	O	O	O	O	_	_	_	_	_	_
en	O	O	O	O	O	O	_	_	_	_	_	_
cuivre	O	O	O	O	O	O	_	_	NoSpaceAfter	_	_	_
,	O	O	O	O	O	O	_	_	_	_	_	_
un	O	O	O	O	O	O	_	_	_	_	_	_
fer	O	O	O	O	O	O	_	_	_	_	_	_
à	O	O	O	O	O	O	_	_	_	_	_	_
bricelels	O	O	O	O	O	O	_	_	NoSpaceAfter	_	_	_
,	O	O	O	O	O	O	_	_	_	_	_	_
une	O	O	O	O	O	O	_	_	EndOfLine	_	_	_
# segment_iiif_link = https://impresso-project.ch/api/proxy/iiif/EXP-1855-10-13-a-p0002/881,2682,794,70/full/0/default.jpg
lampe	O	O	O	O	O	O	_	_	_	_	_	_
pour	O	O	O	O	O	O	_	_	_	_	_	_
atelier	O	O	O	O	O	O	_	_	NoSpaceAfter	_	_	_
,	O	O	O	O	O	O	_	_	_	_	_	_
3	O	O	O	O	O	O	_	_	_	_	_	_
fers	O	O	O	O	O	O	_	_	_	_	_	_
de	O	O	O	O	O	O	_	_	_	_	_	_
tailleur	O	O	O	O	O	O	_	_	NoSpaceAfter	_	_	_
,	O	O	O	O	O	O	_	_	_	_	_	_
une	O	O	O	O	O	O	_	_	EndOfLine	_	_	_
# segment_iiif_link = https://impresso-project.ch/api/proxy/iiif/EXP-1855-10-13-a-p0002/881,2724,790,70/full/0/default.jpg
banque	O	O	O	O	O	O	_	_	_	_	_	_
avec	O	O	O	O	O	O	_	_	_	_	_	_
6	O	O	O	O	O	O	_	_	_	_	_	_
grands	O	O	O	O	O	O	_	_	_	_	_	_
tiroirs	O	O	O	O	O	O	_	_	NoSpaceAfter	_	_	_
,	O	O	O	O	O	O	_	_	_	_	_	_
un	O	O	O	O	O	O	_	_	_	_	_	_
établi	O	O	O	O	O	O	_	_	_	_	_	_
avec	O	O	O	O	O	O	_	_	_	_	_	_
2	O	O	O	O	O	O	_	_	_	_	_	_
grands	O	O	O	O	O	O	_	_	EndOfLine	_	_	_
# segment_iiif_link = https://impresso-project.ch/api/proxy/iiif/EXP-1855-10-13-a-p0002/883,2765,790,70/full/0/default.jpg
tiroirs	O	O	O	O	O	O	_	_	NoSpaceAfter	_	_	_
,	O	O	O	O	O	O	_	_	_	_	_	_
4	O	O	O	O	O	O	_	_	_	_	_	_
tonneaux	O	O	O	O	O	O	_	_	_	_	_	_
de	O	O	O	O	O	O	_	_	_	_	_	_
14	O	O	O	O	O	O	_	_	_	_	_	_
o	O	O	O	O	O	O	_	_	_	_	_	_
et	O	O	O	O	O	O	_	_	_	_	_	_
158	O	O	O	O	O	O	_	_	_	_	_	_
pots	O	O	O	O	O	O	_	_	NoSpaceAfter	_	_	_
,	O	O	O	O	O	O	_	_	_	_	_	_
3	O	O	O	O	O	O	_	_	_	_	_	_
oo	O	O	O	O	O	O	_	_	EndOfLine	_	_	_
# segment_iiif_link = https://impresso-project.ch/api/proxy/iiif/EXP-1855-10-13-a-p0002/881,2807,621,68/full/0/default.jpg
bouteilles	O	O	O	O	O	O	_	_	_	_	_	_
vides	O	O	O	O	O	O	_	_	NoSpaceAfter	_	_	_
,	O	O	O	O	O	O	_	_	_	_	_	_
chez	O	O	O	O	O	O	_	_	_	_	_	_
L	O	O	O	O	O	O	_	_	NoSpaceAfter	_	_	_
.	O	O	O	O	O	O	_	_	_	_	_	_
Gacon	O	O	O	O	O	O	_	_	NoSpaceAfter	_	_	_
,	O	O	O	O	O	O	_	_	_	_	_	_
tailleur	O	O	O	O	O	O	_	_	NoSpaceAfter	_	_	_
.	O	O	O	O	O	O	_	_	EndOfLine	EndOfSentence	_	_
# segment_iiif_link = https://impresso-project.ch/api/proxy/iiif/EXP-1855-10-13-a-p0002/923,2857,754,68/full/0/default.jpg
26	O	O	O	O	O	O	_	_	NoSpaceAfter	_	_	_
.	O	O	O	O	O	O	_	_	_	_	_	_
Chez	O	O	O	O	O	O	_	_	_	_	_	_
Frédéric	O	O	O	O	O	O	_	_	_	_	_	_
Bron	O	O	O	O	O	O	_	_	NoSpaceAfter	_	_	_
,	O	O	O	O	O	O	_	_	_	_	_	_
gypseur	O	O	O	O	O	O	_	_	NoSpaceAfter	_	_	_
,	O	O	O	O	O	O	_	_	_	_	_	_
à	O	O	O	O	O	O	_	_	EndOfLine	_	_	_
# segment_iiif_link = https://impresso-project.ch/api/proxy/iiif/EXP-1855-10-13-a-p0002/881,2897,796,70/full/0/default.jpg
Corcelles	O	O	O	O	O	O	_	_	NoSpaceAfter	_	_	_
,	O	O	O	O	O	O	_	_	_	_	_	_
à	O	O	O	O	O	O	_	_	_	_	_	_
vendre	O	O	O	O	O	O	_	_	_	_	_	_
plusieurs	O	O	O	O	O	O	_	_	_	_	_	_
billes	O	O	O	O	O	O	_	_	_	_	_	_
de	O	O	O	O	O	O	_	_	_	_	_	_
noyer	O	O	O	O	O	O	_	_	_	_	_	_
sec	O	O	O	O	O	O	_	_	NoSpaceAfter	_	_	_
,	O	O	O	O	O	O	_	_	_	_	_	_
sciées	O	O	O	O	O	O	_	_	EndOfLine	_	_	_
# segment_iiif_link = https://impresso-project.ch/api/proxy/iiif/EXP-1855-10-13-a-p0002/881,2938,794,70/full/0/default.jpg
de	O	O	O	O	O	O	_	_	_	_	_	_
différentes	O	O	O	O	O	O	_	_	_	_	_	_
épaisseurs	O	O	O	O	O	O	_	_	NoSpaceAfter	_	_	_
,	O	O	O	O	O	O	_	_	_	_	_	_
plusieurs	O	O	O	O	O	O	_	_	_	_	_	_
billes	O	O	O	O	O	O	_	_	EndOfLine	_	_	_
# segment_iiif_link = https://impresso-project.ch/api/proxy/iiif/EXP-1855-10-13-a-p0002/879,2980,796,70/full/0/default.jpg
cerisier	O	O	O	O	O	O	_	_	_	_	_	_
de	O	O	O	O	O	O	_	_	_	_	_	_
%	O	O	O	O	O	O	_	_	_	_	_	_
aussi	O	O	O	O	O	O	_	_	_	_	_	_
sec	O	O	O	O	O	O	_	_	NoSpaceAfter	_	_	_
,	O	O	O	O	O	O	_	_	_	_	_	_
des	O	O	O	O	O	O	_	_	_	_	_	_
billes	O	O	O	O	O	O	_	_	_	_	_	_
bois	O	O	O	O	O	O	_	_	_	_	_	_
de	O	O	O	O	O	O	_	_	_	_	_	_
pin	O	O	O	O	O	O	_	_	_	_	_	_
sciées	O	O	O	O	O	O	_	_	EndOfLine	_	_	_
# segment_iiif_link = https://impresso-project.ch/api/proxy/iiif/EXP-1855-10-13-a-p0002/881,3022,791,70/full/0/default.jpg
pour	O	O	O	O	O	O	_	_	_	_	_	_
fenêtres	O	O	O	O	O	O	_	_	NoSpaceAfter	_	_	_
,	O	O	O	O	O	O	_	_	_	_	_	_
une	O	O	O	O	O	O	_	_	_	_	_	_
centaine	O	O	O	O	O	O	_	_	_	_	_	_
pointclles	O	O	O	O	O	O	_	_	_	_	_	_
de	O	O	O	O	O	O	_	_	_	_	_	_
4	O	O	O	O	O	O	_	_	_	_	_	_
o	O	O	O	O	O	O	_	_	_	_	_	_
à	O	O	O	O	O	O	_	_	EndOfLine	_	_	_
# segment_iiif_link = https://impresso-project.ch/api/proxy/iiif/EXP-1855-10-13-a-p0002/883,3070,785,68/full/0/default.jpg
70	O	O	O	O	O	O	_	_	_	_	_	_
pieds	O	O	O	O	O	O	_	_	_	_	_	_
de	O	O	O	O	O	O	_	_	_	_	_	_
long	O	O	O	O	O	O	_	_	NoSpaceAfter	_	_	_
,	O	O	O	O	O	O	_	_	_	_	_	_
plusieurs	O	O	O	O	O	O	_	_	_	_	_	_
centaines	O	O	O	O	O	O	_	_	_	_	_	_
tuteurs	O	O	O	O	O	O	_	_	EndOfLine	_	_	_
# segment_iiif_link = https://impresso-project.ch/api/proxy/iiif/EXP-1855-10-13-a-p0002/881,3103,794,70/full/0/default.jpg
d	O	O	O	O	O	O	_	_	NoSpaceAfter	_	_	_
'	O	O	O	O	O	O	_	_	NoSpaceAfter	_	_	_
arbres	O	O	O	O	O	O	_	_	NoSpaceAfter	_	_	_
,	O	O	O	O	O	O	_	_	_	_	_	_
quelques	O	O	O	O	O	O	_	_	_	_	_	_
douzaines	O	O	O	O	O	O	_	_	_	_	_	_
perches	O	O	O	O	O	O	_	_	_	_	_	_
pour	O	O	O	O	O	O	_	_	EndOfLine	_	_	_
# segment_iiif_link = https://impresso-project.ch/api/proxy/iiif/EXP-1855-10-13-a-p0002/881,3147,790,68/full/0/default.jpg
palissade	O	O	O	O	O	O	_	_	NoSpaceAfter	_	_	_
,	O	O	O	O	O	O	_	_	_	_	_	_
et	O	O	O	O	O	O	_	_	_	_	_	_
verges	O	O	O	O	O	O	_	_	_	_	_	_
de	O	O	O	O	O	O	_	_	_	_	_	_
haricots	O	O	O	O	O	O	_	_	NoSpaceAfter	_	_	_
.	O	O	O	O	O	O	_	_	_	EndOfSentence	_	_
—	O	O	O	O	O	O	_	_	NoSpaceAfter	_	_	_
Le	O	O	O	O	O	O	_	_	_	_	_	_
même	O	O	O	O	O	O	_	_	_	_	_	_
offre	O	O	O	O	O	O	_	_	EndOfLine	_	_	_
# segment_iiif_link = https://impresso-project.ch/api/proxy/iiif/EXP-1855-10-13-a-p0002/881,3186,792,70/full/0/default.jpg
à	O	O	O	O	O	O	_	_	_	_	_	_
louer	O	O	O	O	O	O	_	_	_	_	_	_
un	O	O	O	O	O	O	_	_	_	_	_	_
appartement	O	O	O	O	O	O	_	_	_	_	_	_
ayant	O	O	O	O	O	O	_	_	_	_	_	_
grandes	O	O	O	O	O	O	_	_	_	_	_	_
chambres	O	O	O	O	O	O	_	_	EndOfLine	_	_	_
# segment_iiif_link = https://impresso-project.ch/api/proxy/iiif/EXP-1855-10-13-a-p0002/881,3230,787,68/full/0/default.jpg
et	O	O	O	O	O	O	_	_	_	_	_	_
cuisine	O	O	O	O	O	O	_	_	NoSpaceAfter	_	_	_
,	O	O	O	O	O	O	_	_	_	_	_	_
galetas	O	O	O	O	O	O	_	_	NoSpaceAfter	_	_	_
,	O	O	O	O	O	O	_	_	_	_	_	_
chambre	O	O	O	O	O	O	_	_	_	_	_	_
à	O	O	O	O	O	O	_	_	_	_	_	_
serrer	O	O	O	O	O	O	_	_	NoSpaceAfter	_	_	_
,	O	O	O	O	O	O	_	_	_	_	_	_
situé	O	O	O	O	O	O	_	_	_	_	_	_
au	O	O	O	O	O	O	_	_	EndOfLine	_	_	_
# segment_iiif_link = https://impresso-project.ch/api/proxy/iiif/EXP-1855-10-13-a-p0002/881,3270,510,70/full/0/default.jpg
cenire	O	O	O	O	O	O	_	_	_	_	_	_
du	O	O	O	O	O	O	_	_	_	_	_	_
village	O	O	O	O	O	O	_	_	_	_	_	_
de	O	O	O	O	O	O	_	_	_	_	_	_
Corcelles	O	O	O	O	O	O	_	_	NoSpaceAfter	_	_	_
.	O	O	O	O	O	O	_	_	EndOfLine	EndOfSentence	_	_
# segment_iiif_link = https://impresso-project.ch/api/proxy/iiif/EXP-1855-10-13-a-p0002/923,3324,750,70/full/0/default.jpg
27	O	O	O	O	O	O	_	_	NoSpaceAfter	_	_	_
.	O	O	O	O	O	O	_	_	_	_	_	_
Mine	O	O	O	O	O	O	_	_	_	_	_	_
Oehl	O	O	O	O	O	O	_	_	NoSpaceAfter	_	_	_
-	O	O	O	O	O	O	_	_	NoSpaceAfter	_	_	_
Jaquet	O	O	O	O	O	O	_	_	NoSpaceAfter	_	_	_
,	O	O	O	O	O	O	_	_	_	_	_	_
magasin	O	O	O	O	O	O	_	_	_	_	_	_
p	O	O	O	O	O	O	_	_	_	_	_	_
lace	O	O	O	O	O	O	_	_	_	_	_	_
du	O	O	O	O	O	O	_	_	EndOfLine	_	_	_
# segment_iiif_link = https://impresso-project.ch/api/proxy/iiif/EXP-1855-10-13-a-p0002/881,3361,790,70/full/0/default.jpg
marché	O	O	O	O	O	O	_	_	NoSpaceAfter	_	_	_
,	O	O	O	O	O	O	_	_	_	_	_	_
maison	O	O	O	O	O	O	_	_	_	_	_	_
de	O	O	O	O	O	O	_	_	_	_	_	_
Chambrier	O	O	O	O	O	O	_	_	NoSpaceAfter	_	_	_
,	O	O	O	O	O	O	_	_	_	_	_	_
a	O	O	O	O	O	O	_	_	_	_	_	_
reçu	O	O	O	O	O	O	_	_	_	_	_	_
un	O	O	O	O	O	O	_	_	EndOfLine	_	_	_
# segment_iiif_link = https://impresso-project.ch/api/proxy/iiif/EXP-1855-10-13-a-p0002/881,3407,794,70/full/0/default.jpg
assortiment	O	O	O	O	O	O	_	_	_	_	_	_
complet	O	O	O	O	O	O	_	_	_	_	_	_
de	O	O	O	O	O	O	_	_	_	_	_	_
chaussures	O	O	O	O	O	O	_	_	_	_	_	_
de	O	O	O	O	O	O	_	_	_	_	_	_
Paris	O	O	O	O	O	O	_	_	NoSpaceAfter	_	_	_
,	O	O	O	O	O	O	_	_	EndOfLine	_	_	_
# segment_iiif_link = https://impresso-project.ch/api/proxy/iiif/EXP-1855-10-13-a-p0002/881,3449,792,68/full/0/default.jpg
offrant	O	O	O	O	O	O	_	_	_	_	_	_
un	O	O	O	O	O	O	_	_	_	_	_	_
grand	O	O	O	O	O	O	_	_	_	_	_	_
choix	O	O	O	O	O	O	_	_	_	_	_	_
de	O	O	O	O	O	O	_	_	_	_	_	_
jolies	O	O	O	O	O	O	_	_	_	_	_	_
bottines	O	O	O	O	O	O	_	_	_	_	_	_
de	O	O	O	O	O	O	_	_	_	_	_	_
tous	O	O	O	O	O	O	_	_	EndOfLine	_	_	_
# segment_iiif_link = https://impresso-project.ch/api/proxy/iiif/EXP-1855-10-13-a-p0002/879,3490,658,68/full/0/default.jpg
genres	O	O	O	O	O	O	_	_	NoSpaceAfter	_	_	_
,	O	O	O	O	O	O	_	_	_	_	_	_
pour	O	O	O	O	O	O	_	_	_	_	_	_
dames	O	O	O	O	O	O	_	_	NoSpaceAfter	_	_	_
,	O	O	O	O	O	O	_	_	_	_	_	_
fillettes	O	O	O	O	O	O	_	_	_	_	_	_
et	O	O	O	O	O	O	_	_	_	_	_	_
enfants	O	O	O	O	O	O	_	_	NoSpaceAfter	_	_	_
.	O	O	O	O	O	O	_	_	EndOfLine	EndOfSentence	_	_
# segment_iiif_link = https://impresso-project.ch/api/proxy/iiif/EXP-1855-10-13-a-p0002/925,3528,757,80/full/0/default.jpg
Chaussures	O	O	O	O	O	O	_	_	_	_	_	_
fourrées	O	O	O	O	O	O	_	_	NoSpaceAfter	_	_	_
,	O	O	O	O	O	O	_	_	_	_	_	_
pantoufles	O	O	O	O	O	O	_	_	_	_	_	_
p	O	O	O	O	O	O	_	_	NoSpaceAfter	_	_	_
'	O	O	O	O	O	O	_	_	EndOfLine|NoSpaceAfter	_	_	_
# segment_iiif_link = https://impresso-project.ch/api/proxy/iiif/EXP-1855-10-13-a-p0002/879,3582,797,68/full/0/default.jpg
hommes	O	O	O	O	O	O	_	_	_	_	_	_
en	O	O	O	O	O	O	_	_	_	_	_	_
feutre	O	O	O	O	O	O	_	_	NoSpaceAfter	_	_	_
,	O	O	O	O	O	O	_	_	_	_	_	_
CaOlltchoUCS	O	O	O	O	O	O	_	_	_	_	_	_
(	O	O	O	O	O	O	_	_	EndOfLine|NoSpaceAfter	_	_	_
# segment_iiif_link = https://impresso-project.ch/api/proxy/iiif/EXP-1855-10-13-a-p0002/879,3628,794,74/full/0/default.jpg
Ulérique	O	O	O	O	O	O	_	_	NoSpaceAfter	_	_	_
,	O	O	O	O	O	O	_	_	_	_	_	_
pour	O	O	O	O	O	O	_	_	_	_	_	_
hommes	O	O	O	O	O	O	_	_	NoSpaceAfter	_	_	_
,	O	O	O	O	O	O	_	_	_	_	_	_
à	O	O	O	O	O	O	_	_	_	_	_	_
fr	O	O	O	O	O	O	_	_	NoSpaceAfter	_	_	_
.	O	O	O	O	O	O	_	_	_	_	_	_
7	O	O	O	O	O	O	_	_	_	_	_	_
et	O	O	O	O	O	O	_	_	_	_	_	_
pour	O	O	O	O	O	O	_	_	EndOfLine	_	_	_
# segment_iiif_link = https://impresso-project.ch/api/proxy/iiif/EXP-1855-10-13-a-p0002/879,3668,792,70/full/0/default.jpg
dames	O	O	O	O	O	O	_	_	NoSpaceAfter	_	_	_
,	O	O	O	O	O	O	_	_	_	_	_	_
à	O	O	O	O	O	O	_	_	_	_	_	_
fr	O	O	O	O	O	O	_	_	NoSpaceAfter	_	_	_
.	O	O	O	O	O	O	_	_	_	_	_	_
5	O	O	O	O	O	O	_	_	NoSpaceAfter	_	_	_
.	O	O	O	O	O	O	_	_	_	EndOfSentence	_	_
—	O	O	O	O	O	O	_	_	_	_	_	_
En	O	O	O	O	O	O	_	_	_	_	_	_
outre	O	O	O	O	O	O	_	_	_	_	_	_
:	O	O	O	O	O	O	_	_	_	_	_	_
laines	O	O	O	O	O	O	_	_	_	_	_	_
à	O	O	O	O	O	O	_	_	_	_	_	_
tricoter	O	O	O	O	O	O	_	_	_	_	_	_
et	O	O	O	O	O	O	_	_	EndOfLine	_	_	_
# segment_iiif_link = https://impresso-project.ch/api/proxy/iiif/EXP-1855-10-13-a-p0002/1725,230,794,70/full/0/default.jpg
spenzer	O	O	O	O	O	O	_	_	_	_	_	_
en	O	O	O	O	O	O	_	_	_	_	_	_
laine	O	O	O	O	O	O	_	_	_	_	_	_
pour	O	O	O	O	O	O	_	_	_	_	_	_
dames	O	O	O	O	O	O	_	_	NoSpaceAfter	_	_	_
.	O	O	O	O	O	O	_	_	_	EndOfSentence	_	_
Los	O	O	O	O	O	O	_	_	_	_	_	_
prix	O	O	O	O	O	O	_	_	_	_	_	_
sont	O	O	O	O	O	O	_	_	EndOfLine	_	_	_
# segment_iiif_link = https://impresso-project.ch/api/proxy/iiif/EXP-1855-10-13-a-p0002/1725,274,790,68/full/0/default.jpg
modérés	O	O	O	O	O	O	_	_	_	_	_	_
el	O	O	O	O	O	O	_	_	_	_	_	_
fixes	O	O	O	O	O	O	_	_	NoSpaceAfter	_	_	_
.	O	O	O	O	O	O	_	_	_	EndOfSentence	_	_
Les	O	O	O	O	O	O	_	_	_	_	_	_
demandes	O	O	O	O	O	O	_	_	_	_	_	_
pour	O	O	O	O	O	O	_	_	_	_	_	_
la	O	O	O	O	O	O	_	_	_	_	_	_
campa	O	O	O	O	O	O	_	_	NoSpaceAfter	_	_	_
°	O	O	O	O	O	O	_	_	_	_	_	_
ne	O	O	O	O	O	O	_	_	EndOfLine	_	_	_
# segment_iiif_link = https://impresso-project.ch/api/proxy/iiif/EXP-1855-10-13-a-p0002/1725,315,700,70/full/0/default.jpg
promptement	O	O	O	O	O	O	_	_	_	_	_	_
et	O	O	O	O	O	O	_	_	_	_	_	_
soigneusement	O	O	O	O	O	O	_	_	_	_	_	_
exécutées	O	O	O	O	O	O	_	_	NoSpaceAfter	_	_	_
.	O	O	O	O	O	O	_	_	EndOfLine	EndOfSentence	_	_
# segment_iiif_link = https://impresso-project.ch/api/proxy/iiif/EXP-1855-10-13-a-p0002/1769,363,741,70/full/0/default.jpg
28	O	O	O	O	O	O	_	_	NoSpaceAfter	_	_	_
.	O	O	O	O	O	O	_	_	_	_	_	_
A	O	O	O	O	O	O	_	_	_	_	_	_
vendre	O	O	O	O	O	O	_	_	NoSpaceAfter	_	_	_
,	O	O	O	O	O	O	_	_	_	_	_	_
6	O	O	O	O	O	O	_	_	_	_	_	_
tonneaux	O	O	O	O	O	O	_	_	_	_	_	_
de	O	O	O	O	O	O	_	_	_	_	_	_
la	O	O	O	O	O	O	_	_	_	_	_	_
contenance	O	O	O	O	O	O	_	_	EndOfLine	_	_	_
# segment_iiif_link = https://impresso-project.ch/api/proxy/iiif/EXP-1855-10-13-a-p0002/1725,405,790,70/full/0/default.jpg
de	O	O	O	O	O	O	_	_	_	_	_	_
18	O	O	O	O	O	O	_	_	_	_	_	_
à	O	O	O	O	O	O	_	_	_	_	_	_
5	O	O	O	O	O	O	_	_	_	_	_	_
o	O	O	O	O	O	O	_	_	_	_	_	_
pots	O	O	O	O	O	O	_	_	NoSpaceAfter	_	_	_
,	O	O	O	O	O	O	_	_	_	_	_	_
ainsi	O	O	O	O	O	O	_	_	_	_	_	_
que	O	O	O	O	O	O	_	_	_	_	_	_
Irois	O	O	O	O	O	O	_	_	_	_	_	_
laigres	O	O	O	O	O	O	_	_	EndOfLine	_	_	_
# segment_iiif_link = https://impresso-project.ch/api/proxy/iiif/EXP-1855-10-13-a-p0002/1725,447,795,68/full/0/default.jpg
démoulés	O	O	O	O	O	O	_	_	NoSpaceAfter	_	_	_
,	O	O	O	O	O	O	_	_	_	_	_	_
de	O	O	O	O	O	O	_	_	_	_	_	_
i	O	O	O	O	O	O	_	_	_	_	_	_
5	O	O	O	O	O	O	_	_	_	_	_	_
à	O	O	O	O	O	O	_	_	_	_	_	_
20	O	O	O	O	O	O	_	_	_	_	_	_
bosses	O	O	O	O	O	O	_	_	NoSpaceAfter	_	_	_
,	O	O	O	O	O	O	_	_	_	_	_	_
un	O	O	O	O	O	O	_	_	_	_	_	_
entonnoir	O	O	O	O	O	O	_	_	_	_	_	_
de	O	O	O	O	O	O	_	_	_	_	_	_
cave	O	O	O	O	O	O	_	_	NoSpaceAfter	_	_	_
,	O	O	O	O	O	O	_	_	EndOfLine	_	_	_
# segment_iiif_link = https://impresso-project.ch/api/proxy/iiif/EXP-1855-10-13-a-p0002/1725,488,794,70/full/0/default.jpg
une	O	O	O	O	O	O	_	_	_	_	_	_
grande	O	O	O	O	O	O	_	_	_	_	_	_
seille	O	O	O	O	O	O	_	_	_	_	_	_
à	O	O	O	O	O	O	_	_	_	_	_	_
fromage	O	O	O	O	O	O	_	_	_	_	_	_
el	O	O	O	O	O	O	_	_	_	_	_	_
6	O	O	O	O	O	O	_	_	_	_	_	_
à	O	O	O	O	O	O	_	_	_	_	_	_
800	O	O	O	O	O	O	_	_	EndOfLine	_	_	_
# segment_iiif_link = https://impresso-project.ch/api/proxy/iiif/EXP-1855-10-13-a-p0002/1727,530,717,70/full/0/default.jpg
bouteilles	O	O	O	O	O	O	_	_	_	_	_	_
vides	O	O	O	O	O	O	_	_	NoSpaceAfter	_	_	_
.	O	O	O	O	O	O	_	_	_	EndOfSentence	_	_
S	O	O	O	O	O	O	_	_	NoSpaceAfter	_	_	_
'	O	O	O	O	O	O	_	_	NoSpaceAfter	_	_	_
adr	O	O	O	O	O	O	_	_	NoSpaceAfter	_	_	_
.	O	O	O	O	O	O	_	_	_	EndOfSentence	_	_
à	O	O	O	O	O	O	_	_	_	_	_	_
Mme	O	O	O	O	O	O	_	_	_	_	_	_
Jeanrenaud	O	O	O	O	O	O	_	_	NoSpaceAfter	_	_	_
-	O	O	O	O	O	O	_	_	NoSpaceAfter	_	_	_
Roy	O	O	O	O	O	O	_	_	NoSpaceAfter	_	_	_
.	O	O	O	O	O	O	_	_	EndOfLine	EndOfSentence	_	_
# segment_iiif_link = https://impresso-project.ch/api/proxy/iiif/EXP-1855-10-13-a-p0002/1769,584,748,68/full/0/default.jpg
29	O	O	O	O	O	O	_	_	NoSpaceAfter	_	_	_
.	O	O	O	O	O	O	_	_	_	_	_	_
A	O	O	O	O	O	O	_	_	_	_	_	_
vendre	O	O	O	O	O	O	_	_	NoSpaceAfter	_	_	_
,	O	O	O	O	O	O	_	_	_	_	_	_
quelques	O	O	O	O	O	O	_	_	_	_	_	_
fouloirs	O	O	O	O	O	O	_	_	_	_	_	_
à	O	O	O	O	O	O	_	_	_	_	_	_
raisins	O	O	O	O	O	O	_	_	_	_	_	_
donl	O	O	O	O	O	O	_	_	EndOfLine	_	_	_
# segment_iiif_link = https://impresso-project.ch/api/proxy/iiif/EXP-1855-10-13-a-p0002/1725,622,790,70/full/0/default.jpg
on	O	O	O	O	O	O	_	_	_	_	_	_
garantit	O	O	O	O	O	O	_	_	_	_	_	_
la	O	O	O	O	O	O	_	_	_	_	_	_
solidité	O	O	O	O	O	O	_	_	_	_	_	_
el	O	O	O	O	O	O	_	_	_	_	_	_
la	O	O	O	O	O	O	_	_	_	_	_	_
bienlàcture	O	O	O	O	O	O	_	_	NoSpaceAfter	_	_	_
.	O	O	O	O	O	O	_	_	_	EndOfSentence	_	_
On	O	O	O	O	O	O	_	_	_	_	_	_
peut	O	O	O	O	O	O	_	_	EndOfLine	_	_	_
# segment_iiif_link = https://impresso-project.ch/api/proxy/iiif/EXP-1855-10-13-a-p0002/1725,668,791,70/full/0/default.jpg
y	O	O	O	O	O	O	_	_	_	_	_	_
adapter	O	O	O	O	O	O	_	_	_	_	_	_
un	O	O	O	O	O	O	_	_	_	_	_	_
égrappoir	O	O	O	O	O	O	_	_	_	_	_	_
pour	O	O	O	O	O	O	_	_	_	_	_	_
la	O	O	O	O	O	O	_	_	_	_	_	_
vendange	O	O	O	O	O	O	_	_	_	_	_	_
ronge	O	O	O	O	O	O	_	_	NoSpaceAfter	_	_	_
.	O	O	O	O	O	O	_	_	EndOfLine	EndOfSentence	_	_
# segment_iiif_link = https://impresso-project.ch/api/proxy/iiif/EXP-1855-10-13-a-p0002/1727,703,789,70/full/0/default.jpg
S	O	O	O	O	O	O	_	_	NoSpaceAfter	_	_	_
'	O	O	O	O	O	O	_	_	NoSpaceAfter	_	_	_
adresser	O	O	O	O	O	O	_	_	_	_	_	_
à	O	O	O	O	O	O	_	_	_	_	_	_
Ferdinand	O	O	O	O	O	O	_	_	_	_	_	_
de	O	O	O	O	O	O	_	_	_	_	_	_
Morel	O	O	O	O	O	O	_	_	NoSpaceAfter	_	_	_
,	O	O	O	O	O	O	_	_	_	_	_	_
à	O	O	O	O	O	O	_	_	_	_	_	_
Colombier	O	O	O	O	O	O	_	_	NoSpaceAfter	_	_	_
.	O	O	O	O	O	O	_	_	EndOfLine	EndOfSentence	_	_
# segment_iiif_link = https://impresso-project.ch/api/proxy/iiif/EXP-1855-10-13-a-p0002/1773,755,746,68/full/0/default.jpg
_	O	O	O	O	O	O	_	_	NoSpaceAfter	_	_	_
30	O	O	O	O	O	O	_	_	NoSpaceAfter	_	_	_
.	O	O	O	O	O	O	_	_	_	EndOfSentence	_	_
A	O	O	O	O	O	O	_	_	_	_	_	_
vendre	O	O	O	O	O	O	_	_	NoSpaceAfter	_	_	_
,	O	O	O	O	O	O	_	_	_	_	_	_
à	O	O	O	O	O	O	_	_	_	_	_	_
la	O	O	O	O	O	O	_	_	_	_	_	_
fabrique	O	O	O	O	O	O	_	_	_	_	_	_
de	O	O	O	O	O	O	_	_	_	_	_	_
St	O	O	O	O	O	O	_	_	NoSpaceAfter	_	_	_
-	O	O	O	O	O	O	_	_	NoSpaceAfter	_	_	_
Jean	O	O	O	O	O	O	_	_	_	_	_	_
près	O	O	O	O	O	O	_	_	EndOfLine	_	_	_
# segment_iiif_link = https://impresso-project.ch/api/proxy/iiif/EXP-1855-10-13-a-p0002/1727,795,792,70/full/0/default.jpg
Cerlier	O	O	O	O	O	O	_	_	NoSpaceAfter	_	_	_
,	O	O	O	O	O	O	_	_	_	_	_	_
canton	O	O	O	O	O	O	_	_	_	_	_	_
de	O	O	O	O	O	O	_	_	_	_	_	_
Berne	O	O	O	O	O	O	_	_	NoSpaceAfter	_	_	_
,	O	O	O	O	O	O	_	_	_	_	_	_
2	O	O	O	O	O	O	_	_	_	_	_	_
manèges	O	O	O	O	O	O	_	_	_	_	_	_
à	O	O	O	O	O	O	_	_	_	_	_	_
4	O	O	O	O	O	O	_	_	EndOfLine	_	_	_
# segment_iiif_link = https://impresso-project.ch/api/proxy/iiif/EXP-1855-10-13-a-p0002/1727,836,792,70/full/0/default.jpg
chevaux	O	O	O	O	O	O	_	_	_	_	_	_
parfaitement	O	O	O	O	O	O	_	_	_	_	_	_
établis	O	O	O	O	O	O	_	_	NoSpaceAfter	_	_	_
,	O	O	O	O	O	O	_	_	_	_	_	_
attelles	O	O	O	O	O	O	_	_	_	_	_	_
en	O	O	O	O	O	O	_	_	_	_	_	_
fer	O	O	O	O	O	O	_	_	_	_	_	_
avec	O	O	O	O	O	O	_	_	EndOfLine	_	_	_
# segment_iiif_link = https://impresso-project.ch/api/proxy/iiif/EXP-1855-10-13-a-p0002/1727,880,794,68/full/0/default.jpg
colliers	O	O	O	O	O	O	_	_	NoSpaceAfter	_	_	_
,	O	O	O	O	O	O	_	_	_	_	_	_
un	O	O	O	O	O	O	_	_	_	_	_	_
de	O	O	O	O	O	O	_	_	_	_	_	_
ces	O	O	O	O	O	O	_	_	_	_	_	_
manèges	O	O	O	O	O	O	_	_	_	_	_	_
est	O	O	O	O	O	O	_	_	_	_	_	_
posé	O	O	O	O	O	O	_	_	_	_	_	_
sur	O	O	O	O	O	O	_	_	_	_	_	_
une	O	O	O	O	O	O	_	_	EndOfLine	_	_	_
# segment_iiif_link = https://impresso-project.ch/api/proxy/iiif/EXP-1855-10-13-a-p0002/1727,920,788,70/full/0/default.jpg
rebâtie	O	O	O	O	O	O	_	_	_	_	_	_
en	O	O	O	O	O	O	_	_	_	_	_	_
roc	O	O	O	O	O	O	_	_	NoSpaceAfter	_	_	_
,	O	O	O	O	O	O	_	_	_	_	_	_
donl	O	O	O	O	O	O	_	_	_	_	_	_
il	O	O	O	O	O	O	_	_	_	_	_	_
est	O	O	O	O	O	O	_	_	_	_	_	_
le	O	O	O	O	O	O	_	_	_	_	_	_
moteur	O	O	O	O	O	O	_	_	_	_	_	_
;	O	O	O	O	O	O	_	_	_	_	_	_
ils	O	O	O	O	O	O	_	_	_	_	_	_
peuvent	O	O	O	O	O	O	_	_	EndOfLine	_	_	_
# segment_iiif_link = https://impresso-project.ch/api/proxy/iiif/EXP-1855-10-13-a-p0002/1725,961,796,70/full/0/default.jpg
êlre	O	O	O	O	O	O	_	_	_	_	_	_
utilisés	O	O	O	O	O	O	_	_	_	_	_	_
pour	O	O	O	O	O	O	_	_	_	_	_	_
battoirs	O	O	O	O	O	O	_	_	_	_	_	_
à	O	O	O	O	O	O	_	_	_	_	_	_
blé	O	O	O	O	O	O	_	_	NoSpaceAfter	_	_	_
,	O	O	O	O	O	O	_	_	_	_	_	_
et	O	O	O	O	O	O	_	_	_	_	_	_
quantité	O	O	O	O	O	O	_	_	_	_	_	_
d	O	O	O	O	O	O	_	_	NoSpaceAfter	_	_	_
'	O	O	O	O	O	O	_	_	EndOfLine|NoSpaceAfter	_	_	_
# segment_iiif_link = https://impresso-project.ch/api/proxy/iiif/EXP-1855-10-13-a-p0002/1727,1005,794,68/full/0/default.jpg
autres	O	O	O	O	O	O	_	_	_	_	_	_
appareils	O	O	O	O	O	O	_	_	NoSpaceAfter	_	_	_
.	O	O	O	O	O	O	_	_	_	EndOfSentence	_	_
—	O	O	O	O	O	O	_	_	_	_	_	_
Une	O	O	O	O	O	O	_	_	_	_	_	_
chaudière	O	O	O	O	O	O	_	_	_	_	_	_
a	O	O	O	O	O	O	_	_	_	_	_	_
vapeur	O	O	O	O	O	O	_	_	_	_	_	_
en	O	O	O	O	O	O	_	_	EndOfLine	_	_	_
# segment_iiif_link = https://impresso-project.ch/api/proxy/iiif/EXP-1855-10-13-a-p0002/1727,1045,790,70/full/0/default.jpg
cuivre	O	O	O	O	O	O	_	_	_	_	_	_
avec	O	O	O	O	O	O	_	_	_	_	_	_
lous	O	O	O	O	O	O	_	_	_	_	_	_
ses	O	O	O	O	O	O	_	_	_	_	_	_
accessoires	O	O	O	O	O	O	_	_	NoSpaceAfter	_	_	_
,	O	O	O	O	O	O	_	_	_	_	_	_
qu	O	O	O	O	O	O	_	_	NoSpaceAfter	_	_	_
'	O	O	O	O	O	O	_	_	NoSpaceAfter	_	_	_
on	O	O	O	O	O	O	_	_	_	_	_	_
céderait	O	O	O	O	O	O	_	_	EndOfLine	_	_	_
# segment_iiif_link = https://impresso-project.ch/api/proxy/iiif/EXP-1855-10-13-a-p0002/1727,1086,796,70/full/0/default.jpg
avec	O	O	O	O	O	O	_	_	_	_	_	_
une	O	O	O	O	O	O	_	_	_	_	_	_
légère	O	O	O	O	O	O	_	_	_	_	_	_
augmentation	O	O	O	O	O	O	_	_	_	_	_	_
de	O	O	O	O	O	O	_	_	_	_	_	_
la	O	O	O	O	O	O	_	_	_	_	_	_
valeur	O	O	O	O	O	O	_	_	EndOfLine	_	_	_
# segment_iiif_link = https://impresso-project.ch/api/proxy/iiif/EXP-1855-10-13-a-p0002/1729,1128,789,70/full/0/default.jpg
trinsèque	O	O	O	O	O	O	_	_	_	_	_	_
des	O	O	O	O	O	O	_	_	_	_	_	_
métaux	O	O	O	O	O	O	_	_	NoSpaceAfter	_	_	_
.	O	O	O	O	O	O	_	_	_	EndOfSentence	_	_
Cinq	O	O	O	O	O	O	_	_	_	_	_	_
ou	O	O	O	O	O	O	_	_	_	_	_	_
six	O	O	O	O	O	O	_	_	_	_	_	_
moulins	O	O	O	O	O	O	_	_	_	_	_	_
en	O	O	O	O	O	O	_	_	EndOfLine	_	_	_
# segment_iiif_link = https://impresso-project.ch/api/proxy/iiif/EXP-1855-10-13-a-p0002/1727,1168,797,70/full/0/default.jpg
granit	O	O	O	O	O	O	_	_	_	_	_	_
blanc	O	O	O	O	O	O	_	_	NoSpaceAfter	_	_	_
,	O	O	O	O	O	O	_	_	_	_	_	_
engrenages	O	O	O	O	O	O	_	_	_	_	_	_
en	O	O	O	O	O	O	_	_	_	_	_	_
fer	O	O	O	O	O	O	_	_	NoSpaceAfter	_	_	_
,	O	O	O	O	O	O	_	_	_	_	_	_
syslème	O	O	O	O	O	O	_	_	_	_	_	_
anglais	O	O	O	O	O	O	_	_	NoSpaceAfter	_	_	_
,	O	O	O	O	O	O	_	_	EndOfLine	_	_	_
# segment_iiif_link = https://impresso-project.ch/api/proxy/iiif/EXP-1855-10-13-a-p0002/1729,1211,792,70/full/0/default.jpg
propres	O	O	O	O	O	O	_	_	_	_	_	_
à	O	O	O	O	O	O	_	_	_	_	_	_
différents	O	O	O	O	O	O	_	_	_	_	_	_
usages	O	O	O	O	O	O	_	_	NoSpaceAfter	_	_	_
,	O	O	O	O	O	O	_	_	_	_	_	_
pour	O	O	O	O	O	O	_	_	_	_	_	_
pulvériser	O	O	O	O	O	O	_	_	_	_	_	_
des	O	O	O	O	O	O	_	_	EndOfLine	_	_	_
# segment_iiif_link = https://impresso-project.ch/api/proxy/iiif/EXP-1855-10-13-a-p0002/1727,1251,796,70/full/0/default.jpg
couleurs	O	O	O	O	O	O	_	_	NoSpaceAfter	_	_	_
,	O	O	O	O	O	O	_	_	_	_	_	_
de	O	O	O	O	O	O	_	_	_	_	_	_
la	O	O	O	O	O	O	_	_	_	_	_	_
céruse	O	O	O	O	O	O	_	_	NoSpaceAfter	_	_	_
,	O	O	O	O	O	O	_	_	_	_	_	_
des	O	O	O	O	O	O	_	_	_	_	_	_
vernis	O	O	O	O	O	O	_	_	NoSpaceAfter	_	_	_
,	O	O	O	O	O	O	_	_	_	_	_	_
pour	O	O	O	O	O	O	_	_	_	_	_	_
les	O	O	O	O	O	O	_	_	EndOfLine	_	_	_
# segment_iiif_link = https://impresso-project.ch/api/proxy/iiif/EXP-1855-10-13-a-p0002/1727,1295,792,68/full/0/default.jpg
briques	O	O	O	O	O	O	_	_	_	_	_	_
de	O	O	O	O	O	O	_	_	_	_	_	_
laïence	O	O	O	O	O	O	_	_	NoSpaceAfter	_	_	_
,	O	O	O	O	O	O	_	_	_	_	_	_
de	O	O	O	O	O	O	_	_	_	_	_	_
poterie	O	O	O	O	O	O	_	_	NoSpaceAfter	_	_	_
,	O	O	O	O	O	O	_	_	_	_	_	_
el	O	O	O	O	O	O	_	_	_	_	_	_
ainsi	O	O	O	O	O	O	_	_	_	_	_	_
que	O	O	O	O	O	O	_	_	_	_	_	_
pour	O	O	O	O	O	O	_	_	EndOfLine	_	_	_
# segment_iiif_link = https://impresso-project.ch/api/proxy/iiif/EXP-1855-10-13-a-p0002/1729,1334,790,70/full/0/default.jpg
une	O	O	O	O	O	O	_	_	_	_	_	_
fabrique	O	O	O	O	O	O	_	_	_	_	_	_
de	O	O	O	O	O	O	_	_	_	_	_	_
chocolat	O	O	O	O	O	O	_	_	NoSpaceAfter	_	_	_
.	O	O	O	O	O	O	_	_	_	EndOfSentence	_	_
—	O	O	O	O	O	O	_	_	_	_	_	_
Un	O	O	O	O	O	O	_	_	_	_	_	_
petil	O	O	O	O	O	O	_	_	EndOfLine	_	_	_
# segment_iiif_link = https://impresso-project.ch/api/proxy/iiif/EXP-1855-10-13-a-p0002/1729,1376,794,70/full/0/default.jpg
pressoirvis	O	O	O	O	O	O	_	_	_	_	_	_
en	O	O	O	O	O	O	_	_	_	_	_	_
bois	O	O	O	O	O	O	_	_	NoSpaceAfter	_	_	_
,	O	O	O	O	O	O	_	_	_	_	_	_
solidement	O	O	O	O	O	O	_	_	_	_	_	_
ferré	O	O	O	O	O	O	_	_	NoSpaceAfter	_	_	_
,	O	O	O	O	O	O	_	_	_	_	_	_
qui	O	O	O	O	O	O	_	_	_	_	_	_
avec	O	O	O	O	O	O	_	_	_	_	_	_
peu	O	O	O	O	O	O	_	_	_	_	_	_
de	O	O	O	O	O	O	_	_	EndOfLine	_	_	_
# segment_iiif_link = https://impresso-project.ch/api/proxy/iiif/EXP-1855-10-13-a-p0002/1729,1418,792,68/full/0/default.jpg
frais	O	O	O	O	O	O	_	_	_	_	_	_
pourrait	O	O	O	O	O	O	_	_	_	_	_	_
servir	O	O	O	O	O	O	_	_	_	_	_	_
pour	O	O	O	O	O	O	_	_	_	_	_	_
de	O	O	O	O	O	O	_	_	_	_	_	_
la	O	O	O	O	O	O	_	_	_	_	_	_
vendange	O	O	O	O	O	O	_	_	NoSpaceAfter	_	_	_
,	O	O	O	O	O	O	_	_	_	_	_	_
et	O	O	O	O	O	O	_	_	_	_	_	_
qui	O	O	O	O	O	O	_	_	EndOfLine	_	_	_
# segment_iiif_link = https://impresso-project.ch/api/proxy/iiif/EXP-1855-10-13-a-p0002/1729,1459,792,68/full/0/default.jpg
contiendrait	O	O	O	O	O	O	_	_	_	_	_	_
3	O	O	O	O	O	O	_	_	_	_	_	_
ou	O	O	O	O	O	O	_	_	_	_	_	_
4	O	O	O	O	O	O	_	_	_	_	_	_
gerles	O	O	O	O	O	O	_	_	NoSpaceAfter	_	_	_
.	O	O	O	O	O	O	_	_	_	EndOfSentence	_	_
—	O	O	O	O	O	O	_	_	_	_	_	_
Plusieurs	O	O	O	O	O	O	_	_	EndOfLine	_	_	_
# segment_iiif_link = https://impresso-project.ch/api/proxy/iiif/EXP-1855-10-13-a-p0002/1731,1501,792,70/full/0/default.jpg
calorifères	O	O	O	O	O	O	_	_	NoSpaceAfter	_	_	_
,	O	O	O	O	O	O	_	_	_	_	_	_
fourneaux	O	O	O	O	O	O	_	_	_	_	_	_
en	O	O	O	O	O	O	_	_	_	_	_	_
fonte	O	O	O	O	O	O	_	_	NoSpaceAfter	_	_	_
,	O	O	O	O	O	O	_	_	_	_	_	_
cuves	O	O	O	O	O	O	_	_	NoSpaceAfter	_	_	_
,	O	O	O	O	O	O	_	_	_	_	_	_
tonneaux	O	O	O	O	O	O	_	_	_	_	_	_
el	O	O	O	O	O	O	_	_	EndOfLine	_	_	_
# segment_iiif_link = https://impresso-project.ch/api/proxy/iiif/EXP-1855-10-13-a-p0002/1727,1542,566,68/full/0/default.jpg
_	O	O	O	O	O	O	_	_	NoSpaceAfter	_	_	_
aulres	O	O	O	O	O	O	_	_	_	_	_	_
objets	O	O	O	O	O	O	_	_	_	_	_	_
trop	O	O	O	O	O	O	_	_	_	_	_	_
long	O	O	O	O	O	O	_	_	_	_	_	_
à	O	O	O	O	O	O	_	_	_	_	_	_
détailler	O	O	O	O	O	O	_	_	NoSpaceAfter	_	_	_
.	O	O	O	O	O	O	_	_	EndOfLine	EndOfSentence	_	_
# segment_iiif_link = https://impresso-project.ch/api/proxy/iiif/EXP-1855-10-13-a-p0002/1773,1584,750,68/full/0/default.jpg
La	O	O	O	O	O	O	_	_	_	_	_	_
fabrique	O	O	O	O	O	O	_	_	_	_	_	_
de	O	O	O	O	O	O	_	_	_	_	_	_
St	O	O	O	O	O	O	_	_	NoSpaceAfter	_	_	_
-	O	O	O	O	O	O	_	_	NoSpaceAfter	_	_	_
Jean	O	O	O	O	O	O	_	_	NoSpaceAfter	_	_	_
,	O	O	O	O	O	O	_	_	_	_	_	_
s	O	O	O	O	O	O	_	_	NoSpaceAfter	_	_	_
'	O	O	O	O	O	O	_	_	NoSpaceAfter	_	_	_
occupanl	O	O	O	O	O	O	_	_	EndOfLine	_	_	_
# segment_iiif_link = https://impresso-project.ch/api/proxy/iiif/EXP-1855-10-13-a-p0002/1727,1626,796,68/full/0/default.jpg
essentiellement	O	O	O	O	O	O	_	_	_	_	_	_
du	O	O	O	O	O	O	_	_	_	_	_	_
traitement	O	O	O	O	O	O	_	_	_	_	_	_
et	O	O	O	O	O	O	_	_	_	_	_	_
de	O	O	O	O	O	O	_	_	_	_	_	_
la	O	O	O	O	O	O	_	_	_	_	_	_
carbonisation	O	O	O	O	O	O	_	_	_	_	_	_
de	O	O	O	O	O	O	_	_	EndOfLine	_	_	_
# segment_iiif_link = https://impresso-project.ch/api/proxy/iiif/EXP-1855-10-13-a-p0002/1729,1665,792,70/full/0/default.jpg
la	O	O	O	O	O	O	_	_	_	_	_	_
tourbe	O	O	O	O	O	O	_	_	NoSpaceAfter	_	_	_
,	O	O	O	O	O	O	_	_	_	_	_	_
cédera	O	O	O	O	O	O	_	_	_	_	_	_
les	O	O	O	O	O	O	_	_	_	_	_	_
objets	O	O	O	O	O	O	_	_	_	_	_	_
énumérés	O	O	O	O	O	O	_	_	_	_	_	_
ci	O	O	O	O	O	O	_	_	NoSpaceAfter	_	_	_
-	O	O	O	O	O	O	_	_	NoSpaceAfter	_	_	_
dessus	O	O	O	O	O	O	_	_	EndOfLine	_	_	_
# segment_iiif_link = https://impresso-project.ch/api/proxy/iiif/EXP-1855-10-13-a-p0002/1729,1709,794,68/full/0/default.jpg
à	O	O	O	O	O	O	_	_	_	_	_	_
des	O	O	O	O	O	O	_	_	_	_	_	_
prix	O	O	O	O	O	O	_	_	_	_	_	_
avantageux	O	O	O	O	O	O	_	_	NoSpaceAfter	_	_	_
,	O	O	O	O	O	O	_	_	_	_	_	_
n	O	O	O	O	O	O	_	_	NoSpaceAfter	_	_	_
'	O	O	O	O	O	O	_	_	NoSpaceAfter	_	_	_
en	O	O	O	O	O	O	_	_	_	_	_	_
ayant	O	O	O	O	O	O	_	_	_	_	_	_
plus	O	O	O	O	O	O	_	_	_	_	_	_
l	O	O	O	O	O	O	_	_	NoSpaceAfter	_	_	_
'	O	O	O	O	O	O	_	_	NoSpaceAfter	_	_	_
emploi	O	O	O	O	O	O	_	_	NoSpaceAfter	_	_	_
.	O	O	O	O	O	O	_	_	EndOfLine	EndOfSentence	_	_
# segment_iiif_link = https://impresso-project.ch/api/proxy/iiif/EXP-1855-10-13-a-p0002/1773,1759,750,68/full/0/default.jpg
3	O	O	O	O	O	O	_	_	_	_	_	_
i	O	O	O	O	O	O	_	_	NoSpaceAfter	_	_	_
.	O	O	O	O	O	O	_	_	_	EndOfSentence	_	_
A	O	O	O	O	O	O	_	_	_	_	_	_
vendre	O	O	O	O	O	O	_	_	NoSpaceAfter	_	_	_
,	O	O	O	O	O	O	_	_	_	_	_	_
conlre	O	O	O	O	O	O	_	_	_	_	_	_
argent	O	O	O	O	O	O	_	_	_	_	_	_
ou	O	O	O	O	O	O	_	_	EndOfLine	_	_	_
# segment_iiif_link = https://impresso-project.ch/api/proxy/iiif/EXP-1855-10-13-a-p0002/1727,1801,792,68/full/0/default.jpg
marchandises	O	O	O	O	O	O	_	_	NoSpaceAfter	_	_	_
,	O	O	O	O	O	O	_	_	_	_	_	_
2	O	O	O	O	O	O	_	_	_	_	_	_
caisses	O	O	O	O	O	O	_	_	_	_	_	_
à	O	O	O	O	O	O	_	_	_	_	_	_
huile	O	O	O	O	O	O	_	_	NoSpaceAfter	_	_	_
,	O	O	O	O	O	O	_	_	_	_	_	_
mesurant	O	O	O	O	O	O	_	_	_	_	_	_
intérieurement	O	O	O	O	O	O	_	_	EndOfLine	_	_	_
# segment_iiif_link = https://impresso-project.ch/api/proxy/iiif/EXP-1855-10-13-a-p0002/1729,1843,790,68/full/0/default.jpg
3	O	O	O	O	O	O	_	_	_	_	_	_
pieds	O	O	O	O	O	O	_	_	_	_	_	_
de	O	O	O	O	O	O	_	_	_	_	_	_
hauteur	O	O	O	O	O	O	_	_	_	_	_	_
sur	O	O	O	O	O	O	_	_	_	_	_	_
1	O	O	O	O	O	O	_	_	_	_	_	_
_	O	O	O	O	O	O	_	_	NoSpaceAfter	_	_	_
V	O	O	O	O	O	O	_	_	_	_	_	_
(	O	O	O	O	O	O	_	_	NoSpaceAfter	_	_	_
'	O	O	O	O	O	O	_	_	NoSpaceAfter	_	_	_
largeur	O	O	O	O	O	O	_	_	NoSpaceAfter	_	_	_
,	O	O	O	O	O	O	_	_	_	_	_	_
1	O	O	O	O	O	O	_	_	_	_	_	_
grand	O	O	O	O	O	O	_	_	EndOfLine	_	_	_
# segment_iiif_link = https://impresso-project.ch/api/proxy/iiif/EXP-1855-10-13-a-p0002/1729,1882,792,70/full/0/default.jpg
balancier	O	O	O	O	O	O	_	_	_	_	_	_
avec	O	O	O	O	O	O	_	_	_	_	_	_
ses	O	O	O	O	O	O	_	_	_	_	_	_
plateaux	O	O	O	O	O	O	_	_	_	_	_	_
el	O	O	O	O	O	O	_	_	_	_	_	_
3	O	O	O	O	O	O	_	_	_	_	_	_
oo	O	O	O	O	O	O	_	_	_	_	_	_
Ib	O	O	O	O	O	O	_	_	NoSpaceAfter	_	_	_
.	O	O	O	O	O	O	_	_	_	EndOfSentence	_	_
de	O	O	O	O	O	O	_	_	_	_	_	_
poids	O	O	O	O	O	O	_	_	EndOfLine	_	_	_
# segment_iiif_link = https://impresso-project.ch/api/proxy/iiif/EXP-1855-10-13-a-p0002/1727,1920,791,70/full/0/default.jpg
en	O	O	O	O	O	O	_	_	_	_	_	_
fer	O	O	O	O	O	O	_	_	NoSpaceAfter	_	_	_
,	O	O	O	O	O	O	_	_	_	_	_	_
2	O	O	O	O	O	O	_	_	_	_	_	_
banques	O	O	O	O	O	O	_	_	_	_	_	_
avec	O	O	O	O	O	O	_	_	_	_	_	_
tiroirs	O	O	O	O	O	O	_	_	NoSpaceAfter	_	_	_
.	O	O	O	O	O	O	_	_	_	EndOfSentence	_	_
S	O	O	O	O	O	O	_	_	NoSpaceAfter	_	_	_
'	O	O	O	O	O	O	_	_	NoSpaceAfter	_	_	_
adresser	O	O	O	O	O	O	_	_	_	_	_	_
à	O	O	O	O	O	O	_	_	_	_	_	_
C	O	O	O	O	O	O	_	_	NoSpaceAfter	_	_	_
.	O	O	O	O	O	O	_	_	EndOfLine	_	_	_
# segment_iiif_link = https://impresso-project.ch/api/proxy/iiif/EXP-1855-10-13-a-p0002/1727,1961,375,70/full/0/default.jpg
Quellet	O	O	O	O	O	O	_	_	NoSpaceAfter	_	_	_
,	O	O	O	O	O	O	_	_	_	_	_	_
au	O	O	O	O	O	O	_	_	_	_	_	_
Landeron	O	O	O	O	O	O	_	_	NoSpaceAfter	_	_	_
.	O	O	O	O	O	O	_	_	EndOfLine	EndOfSentence	_	_
# segment_iiif_link = https://impresso-project.ch/api/proxy/iiif/EXP-1855-10-13-a-p0002/1806,2011,639,80/full/0/default.jpg
OX	O	O	O	O	O	O	_	_	_	_	_	_
DEMANDE	O	O	O	O	O	O	_	_	_	_	_	_
A	O	O	O	O	O	O	_	_	_	_	_	_
ACHETER	O	O	O	O	O	O	_	_	NoSpaceAfter	_	_	_
.	O	O	O	O	O	O	_	_	EndOfLine	EndOfSentence	_	_
# segment_iiif_link = https://impresso-project.ch/api/proxy/iiif/EXP-1855-10-13-a-p0002/1771,2065,750,70/full/0/default.jpg
32	O	O	O	O	O	O	_	_	NoSpaceAfter	_	_	_
.	O	O	O	O	O	O	_	_	_	_	_	_
On	O	O	O	O	O	O	_	_	_	_	_	_
demande	O	O	O	O	O	O	_	_	_	_	_	_
à	O	O	O	O	O	O	_	_	_	_	_	_
acheter	O	O	O	O	O	O	_	_	_	_	_	_
une	O	O	O	O	O	O	_	_	_	_	_	_
cuve	O	O	O	O	O	O	_	_	_	_	_	_
cn	O	O	O	O	O	O	_	_	_	_	_	_
chêne	O	O	O	O	O	O	_	_	EndOfLine	_	_	_
# segment_iiif_link = https://impresso-project.ch/api/proxy/iiif/EXP-1855-10-13-a-p0002/1729,2107,789,70/full/0/default.jpg
de	O	O	O	O	O	O	_	_	_	_	_	_
10	O	O	O	O	O	O	_	_	_	_	_	_
à	O	O	O	O	O	O	_	_	_	_	_	_
12	O	O	O	O	O	O	_	_	_	_	_	_
gerles	O	O	O	O	O	O	_	_	_	_	_	_
de	O	O	O	O	O	O	_	_	_	_	_	_
vendange	O	O	O	O	O	O	_	_	NoSpaceAfter	_	_	_
,	O	O	O	O	O	O	_	_	_	_	_	_
et	O	O	O	O	O	O	_	_	_	_	_	_
une	O	O	O	O	O	O	_	_	_	_	_	_
brande	O	O	O	O	O	O	_	_	EndOfLine	_	_	_
# segment_iiif_link = https://impresso-project.ch/api/proxy/iiif/EXP-1855-10-13-a-p0002/1729,2149,792,70/full/0/default.jpg
à	O	O	O	O	O	O	_	_	_	_	_	_
vendanger	O	O	O	O	O	O	_	_	NoSpaceAfter	_	_	_
,	O	O	O	O	O	O	_	_	_	_	_	_
en	O	O	O	O	O	O	_	_	_	_	_	_
bon	O	O	O	O	O	O	_	_	_	_	_	_
élat	O	O	O	O	O	O	_	_	NoSpaceAfter	_	_	_
.	O	O	O	O	O	O	_	_	_	EndOfSentence	_	_
S	O	O	O	O	O	O	_	_	NoSpaceAfter	_	_	_
'	O	O	O	O	O	O	_	_	NoSpaceAfter	_	_	_
adresser	O	O	O	O	O	O	_	_	_	_	_	_
au	O	O	O	O	O	O	_	_	_	_	_	_
capitaine	O	O	O	O	O	O	_	_	EndOfLine	_	_	_
# segment_iiif_link = https://impresso-project.ch/api/proxy/iiif/EXP-1855-10-13-a-p0002/1729,2190,794,70/full/0/default.jpg
Breguet	O	O	O	O	O	O	_	_	NoSpaceAfter	_	_	_
.	O	O	O	O	O	O	_	_	_	EndOfSentence	_	_
Le	O	O	O	O	O	O	_	_	_	_	_	_
même	O	O	O	O	O	O	_	_	_	_	_	_
offre	O	O	O	O	O	O	_	_	_	_	_	_
à	O	O	O	O	O	O	_	_	_	_	_	_
vendre	O	O	O	O	O	O	_	_	_	_	_	_
deux	O	O	O	O	O	O	_	_	_	_	_	_
laigres	O	O	O	O	O	O	_	_	EndOfLine	_	_	_
# segment_iiif_link = https://impresso-project.ch/api/proxy/iiif/EXP-1855-10-13-a-p0002/1729,2232,789,70/full/0/default.jpg
de	O	O	O	O	O	O	_	_	_	_	_	_
la	O	O	O	O	O	O	_	_	_	_	_	_
contenance	O	O	O	O	O	O	_	_	_	_	_	_
de	O	O	O	O	O	O	_	_	_	_	_	_
huit	O	O	O	O	O	O	_	_	_	_	_	_
bosses	O	O	O	O	O	O	_	_	_	_	_	_
chacun	O	O	O	O	O	O	_	_	_	_	_	_
et	O	O	O	O	O	O	_	_	_	_	_	_
un	O	O	O	O	O	O	_	_	EndOfLine	_	_	_
# segment_iiif_link = https://impresso-project.ch/api/proxy/iiif/EXP-1855-10-13-a-p0002/1729,2274,375,68/full/0/default.jpg
petit	O	O	O	O	O	O	_	_	_	_	_	_
fourneau	O	O	O	O	O	O	_	_	_	_	_	_
en	O	O	O	O	O	O	_	_	_	_	_	_
tôle	O	O	O	O	O	O	_	_	NoSpaceAfter	_	_	_
.	O	O	O	O	O	O	_	_	EndOfLine	EndOfSentence	_	_
# segment_iiif_link = https://impresso-project.ch/api/proxy/iiif/EXP-1855-10-13-a-p0002/2013,2326,232,80/full/0/default.jpg
A	O	O	O	O	O	O	_	_	_	_	_	_
LOUER	O	O	O	O	O	O	_	_	NoSpaceAfter	_	_	_
.	O	O	O	O	O	O	_	_	EndOfLine	EndOfSentence	_	_
# segment_iiif_link = https://impresso-project.ch/api/proxy/iiif/EXP-1855-10-13-a-p0002/1773,2388,752,70/full/0/default.jpg
33	O	O	O	O	O	O	_	_	NoSpaceAfter	_	_	_
.	O	O	O	O	O	O	_	_	_	_	_	_
Dès	O	O	O	O	O	O	_	_	_	_	_	_
à	O	O	O	O	O	O	_	_	NoSpaceAfter	_	_	_
-	O	O	O	O	O	O	_	_	NoSpaceAfter	_	_	_
présent	O	O	O	O	O	O	_	_	NoSpaceAfter	_	_	_
,	O	O	O	O	O	O	_	_	_	_	_	_
une	O	O	O	O	O	O	_	_	_	_	_	_
petite	O	O	O	O	O	O	_	_	_	_	_	_
chambre	O	O	O	O	O	O	_	_	EndOfLine	_	_	_
# segment_iiif_link = https://impresso-project.ch/api/proxy/iiif/EXP-1855-10-13-a-p0002/1729,2432,493,68/full/0/default.jpg
meublée	O	O	O	O	O	O	_	_	NoSpaceAfter	_	_	_
,	O	O	O	O	O	O	_	_	_	_	_	_
rue	O	O	O	O	O	O	_	_	_	_	_	_
du	O	O	O	O	O	O	_	_	_	_	_	_
Château	O	O	O	O	O	O	_	_	NoSpaceAfter	_	_	_
,	O	O	O	O	O	O	_	_	_	_	_	_
n	O	O	O	O	O	O	_	_	NoSpaceAfter	_	_	_
°	O	O	O	O	O	O	_	_	_	_	_	_
22	O	O	O	O	O	O	_	_	NoSpaceAfter	_	_	_
.	O	O	O	O	O	O	_	_	EndOfLine	EndOfSentence	_	_
# segment_iiif_link = https://impresso-project.ch/api/proxy/iiif/EXP-1855-10-13-a-p0002/1771,2484,750,70/full/0/default.jpg
34	O	O	O	O	O	O	_	_	NoSpaceAfter	_	_	_
-	O	O	O	O	O	O	_	_	_	_	_	_
De	O	O	O	O	O	O	_	_	_	_	_	_
suite	O	O	O	O	O	O	_	_	_	_	_	_
ou	O	O	O	O	O	O	_	_	_	_	_	_
pour	O	O	O	O	O	O	_	_	_	_	_	_
Noël	O	O	O	O	O	O	_	_	NoSpaceAfter	_	_	_
,	O	O	O	O	O	O	_	_	_	_	_	_
une	O	O	O	O	O	O	_	_	_	_	_	_
chambre	O	O	O	O	O	O	_	_	_	_	_	_
non	O	O	O	O	O	O	_	_	EndOfLine	_	_	_
# segment_iiif_link = https://impresso-project.ch/api/proxy/iiif/EXP-1855-10-13-a-p0002/1727,2522,798,68/full/0/default.jpg
meublée	O	O	O	O	O	O	_	_	NoSpaceAfter	_	_	_
,	O	O	O	O	O	O	_	_	_	_	_	_
avec	O	O	O	O	O	O	_	_	_	_	_	_
gelelas	O	O	O	O	O	O	_	_	_	_	_	_
et	O	O	O	O	O	O	_	_	_	_	_	_
part	O	O	O	O	O	O	_	_	_	_	_	_
à	O	O	O	O	O	O	_	_	_	_	_	_
la	O	O	O	O	O	O	_	_	_	_	_	_
cuisiue	O	O	O	O	O	O	_	_	NoSpaceAfter	_	_	_
.	O	O	O	O	O	O	_	_	_	EndOfSentence	_	_
S	O	O	O	O	O	O	_	_	NoSpaceAfter	_	_	_
'	O	O	O	O	O	O	_	_	EndOfLine|NoSpaceAfter	_	_	_
# segment_iiif_link = https://impresso-project.ch/api/proxy/iiif/EXP-1855-10-13-a-p0002/1729,2563,752,70/full/0/default.jpg
adresser	O	O	O	O	O	O	_	_	_	_	_	_
au	O	O	O	O	O	O	_	_	_	_	_	_
faubourg	O	O	O	O	O	O	_	_	NoSpaceAfter	_	_	_
,	O	O	O	O	O	O	_	_	_	_	_	_
n	O	O	O	O	O	O	_	_	_	_	_	_
»	O	O	O	O	O	O	_	_	_	_	_	_
33	O	O	O	O	O	O	_	_	NoSpaceAfter	_	_	_
,	O	O	O	O	O	O	_	_	_	_	_	_
au	O	O	O	O	O	O	_	_	_	_	_	_
second	O	O	O	O	O	O	_	_	_	_	_	_
élage	O	O	O	O	O	O	_	_	NoSpaceAfter	_	_	_
.	O	O	O	O	O	O	_	_	EndOfLine	EndOfSentence	_	_
# segment_iiif_link = https://impresso-project.ch/api/proxy/iiif/EXP-1855-10-13-a-p0002/1773,2613,754,70/full/0/default.jpg
35	O	O	O	O	O	O	_	_	NoSpaceAfter	_	_	_
.	O	O	O	O	O	O	_	_	_	_	_	_
A	O	O	O	O	O	O	_	_	_	_	_	_
louer	O	O	O	O	O	O	_	_	NoSpaceAfter	_	_	_
,	O	O	O	O	O	O	_	_	_	_	_	_
dès	O	O	O	O	O	O	_	_	NoSpaceAfter	_	_	_
-	O	O	O	O	O	O	_	_	NoSpaceAfter	_	_	_
maintenant	O	O	O	O	O	O	_	_	NoSpaceAfter	_	_	_
,	O	O	O	O	O	O	_	_	_	_	_	_
au	O	O	O	O	O	O	_	_	_	_	_	_
Val	O	O	O	O	O	O	_	_	NoSpaceAfter	_	_	_
-	O	O	O	O	O	O	_	_	NoSpaceAfter	_	_	_
de	O	O	O	O	O	O	_	_	NoSpaceAfter	_	_	_
-	O	O	O	O	O	O	_	_	NoSpaceAfter	_	_	_
Ruz	O	O	O	O	O	O	_	_	NoSpaceAfter	_	_	_
,	O	O	O	O	O	O	_	_	EndOfLine	_	_	_
# segment_iiif_link = https://impresso-project.ch/api/proxy/iiif/EXP-1855-10-13-a-p0002/1729,2655,796,70/full/0/default.jpg
un	O	O	O	O	O	O	_	_	_	_	_	_
logemenl	O	O	O	O	O	O	_	_	_	_	_	_
de	O	O	O	O	O	O	_	_	_	_	_	_
deux	O	O	O	O	O	O	_	_	_	_	_	_
chambres	O	O	O	O	O	O	_	_	_	_	_	_
se	O	O	O	O	O	O	_	_	_	_	_	_
chauffant	O	O	O	O	O	O	_	_	NoSpaceAfter	_	_	_
,	O	O	O	O	O	O	_	_	EndOfLine	_	_	_
# segment_iiif_link = https://impresso-project.ch/api/proxy/iiif/EXP-1855-10-13-a-p0002/1727,2697,789,68/full/0/default.jpg
avec	O	O	O	O	O	O	_	_	_	_	_	_
toutes	O	O	O	O	O	O	_	_	_	_	_	_
les	O	O	O	O	O	O	_	_	_	_	_	_
dépendances	O	O	O	O	O	O	_	_	_	_	_	_
nécessaires	O	O	O	O	O	O	_	_	NoSpaceAfter	_	_	_
.	O	O	O	O	O	O	_	_	_	EndOfSentence	_	_
S	O	O	O	O	O	O	_	_	NoSpaceAfter	_	_	_
'	O	O	O	O	O	O	_	_	NoSpaceAfter	_	_	_
adr	O	O	O	O	O	O	_	_	NoSpaceAfter	_	_	_
.	O	O	O	O	O	O	_	_	EndOfLine	EndOfSentence	_	_
# segment_iiif_link = https://impresso-project.ch/api/proxy/iiif/EXP-1855-10-13-a-p0002/1727,2736,285,70/full/0/default.jpg
au	O	O	O	O	O	O	_	_	_	_	_	_
bureau	O	O	O	O	O	O	_	_	_	_	_	_
d	O	O	O	O	O	O	_	_	NoSpaceAfter	_	_	_
'	O	O	O	O	O	O	_	_	NoSpaceAfter	_	_	_
avis	O	O	O	O	O	O	_	_	NoSpaceAfter	_	_	_
.	O	O	O	O	O	O	_	_	EndOfLine	EndOfSentence	_	_
# segment_iiif_link = https://impresso-project.ch/api/proxy/iiif/EXP-1855-10-13-a-p0002/1773,2788,750,70/full/0/default.jpg
36	O	O	O	O	O	O	_	_	NoSpaceAfter	_	_	_
.	O	O	O	O	O	O	_	_	_	_	_	_
On	O	O	O	O	O	O	_	_	_	_	_	_
offre	O	O	O	O	O	O	_	_	_	_	_	_
à	O	O	O	O	O	O	_	_	_	_	_	_
louer	O	O	O	O	O	O	_	_	_	_	_	_
de	O	O	O	O	O	O	_	_	_	_	_	_
suite	O	O	O	O	O	O	_	_	_	_	_	_
ou	O	O	O	O	O	O	_	_	_	_	_	_
pour	O	O	O	O	O	O	_	_	_	_	_	_
Noël	O	O	O	O	O	O	_	_	NoSpaceAfter	_	_	_
,	O	O	O	O	O	O	_	_	EndOfLine	_	_	_
# segment_iiif_link = https://impresso-project.ch/api/proxy/iiif/EXP-1855-10-13-a-p0002/1729,2830,791,68/full/0/default.jpg
à	O	O	O	O	O	O	_	_	_	_	_	_
une	O	O	O	O	O	O	_	_	_	_	_	_
ou	O	O	O	O	O	O	_	_	_	_	_	_
deux	O	O	O	O	O	O	_	_	_	_	_	_
dames	O	O	O	O	O	O	_	_	NoSpaceAfter	_	_	_
,	O	O	O	O	O	O	_	_	_	_	_	_
2	O	O	O	O	O	O	_	_	_	_	_	_
chambres	O	O	O	O	O	O	_	_	NoSpaceAfter	_	_	_
,	O	O	O	O	O	O	_	_	_	_	_	_
portion	O	O	O	O	O	O	_	_	_	_	_	_
de	O	O	O	O	O	O	_	_	EndOfLine	_	_	_
# segment_iiif_link = https://impresso-project.ch/api/proxy/iiif/EXP-1855-10-13-a-p0002/1727,2870,798,70/full/0/default.jpg
galetas	O	O	O	O	O	O	_	_	_	_	_	_
et	O	O	O	O	O	O	_	_	_	_	_	_
cuisine	O	O	O	O	O	O	_	_	NoSpaceAfter	_	_	_
.	O	O	O	O	O	O	_	_	_	EndOfSentence	_	_
S	O	O	O	O	O	O	_	_	NoSpaceAfter	_	_	_
'	O	O	O	O	O	O	_	_	NoSpaceAfter	_	_	_
adr	O	O	O	O	O	O	_	_	NoSpaceAfter	_	_	_
.	O	O	O	O	O	O	_	_	_	EndOfSentence	_	_
à	O	O	O	O	O	O	_	_	_	_	_	_
Mlle	O	O	O	O	O	O	_	_	_	_	_	_
Hlte	O	O	O	O	O	O	_	_	_	_	_	_
Mûuier	O	O	O	O	O	O	_	_	NoSpaceAfter	_	_	_
,	O	O	O	O	O	O	_	_	_	_	_	_
à	O	O	O	O	O	O	_	_	EndOfLine	_	_	_
# segment_iiif_link = https://impresso-project.ch/api/proxy/iiif/EXP-1855-10-13-a-p0002/1729,2911,177,70/full/0/default.jpg
Auvernier	O	O	O	O	O	O	_	_	NoSpaceAfter	_	_	_
.	O	O	O	O	O	O	_	_	EndOfLine	EndOfSentence	_	_
# segment_iiif_link = https://impresso-project.ch/api/proxy/iiif/EXP-1855-10-13-a-p0002/1771,2961,747,70/full/0/default.jpg
3	O	O	O	O	O	O	_	_	_	_	_	_
7	O	O	O	O	O	O	_	_	NoSpaceAfter	_	_	_
.	O	O	O	O	O	O	_	_	_	EndOfSentence	_	_
Pour	O	O	O	O	O	O	_	_	_	_	_	_
Noèl	O	O	O	O	O	O	_	_	NoSpaceAfter	_	_	_
,	O	O	O	O	O	O	_	_	_	_	_	_
le	O	O	O	O	O	O	_	_	_	_	_	_
second	O	O	O	O	O	O	_	_	_	_	_	_
élage	O	O	O	O	O	O	_	_	_	_	_	_
de	O	O	O	O	O	O	_	_	_	_	_	_
la	O	O	O	O	O	O	_	_	_	_	_	_
maison	O	O	O	O	O	O	_	_	EndOfLine	_	_	_
# segment_iiif_link = https://impresso-project.ch/api/proxy/iiif/EXP-1855-10-13-a-p0002/1727,3003,793,68/full/0/default.jpg
Guinand	O	O	O	O	O	O	_	_	NoSpaceAfter	_	_	_
,	O	O	O	O	O	O	_	_	_	_	_	_
rue	O	O	O	O	O	O	_	_	_	_	_	_
du	O	O	O	O	O	O	_	_	_	_	_	_
Bassin	O	O	O	O	O	O	_	_	NoSpaceAfter	_	_	_
.	O	O	O	O	O	O	_	_	_	EndOfSentence	_	_
S	O	O	O	O	O	O	_	_	NoSpaceAfter	_	_	_
'	O	O	O	O	O	O	_	_	NoSpaceAfter	_	_	_
adressera	O	O	O	O	O	O	_	_	_	_	_	_
Al	O	O	O	O	O	O	_	_	_	_	_	_
phonse	O	O	O	O	O	O	_	_	EndOfLine	_	_	_
# segment_iiif_link = https://impresso-project.ch/api/proxy/iiif/EXP-1855-10-13-a-p0002/1727,3042,666,70/full/0/default.jpg
Guinand	O	O	O	O	O	O	_	_	NoSpaceAfter	_	_	_
,	O	O	O	O	O	O	_	_	_	_	_	_
maîlre	O	O	O	O	O	O	_	_	_	_	_	_
charpentier	O	O	O	O	O	O	_	_	NoSpaceAfter	_	_	_
,	O	O	O	O	O	O	_	_	_	_	_	_
à	O	O	O	O	O	O	_	_	_	_	_	_
I	O	O	O	O	O	O	_	_	_	_	_	_
Evole	O	O	O	O	O	O	_	_	NoSpaceAfter	_	_	_
.	O	O	O	O	O	O	_	_	EndOfLine	EndOfSentence	_	_
# segment_iiif_link = https://impresso-project.ch/api/proxy/iiif/EXP-1855-10-13-a-p0002/1771,3092,750,68/full/0/default.jpg
38	O	O	O	O	O	O	_	_	NoSpaceAfter	_	_	_
.	O	O	O	O	O	O	_	_	_	EndOfSentence	_	_
Une	O	O	O	O	O	O	_	_	_	_	_	_
chambre	O	O	O	O	O	O	_	_	_	_	_	_
meublée	O	O	O	O	O	O	_	_	NoSpaceAfter	_	_	_
.	O	O	O	O	O	O	_	_	_	EndOfSentence	_	_
S	O	O	O	O	O	O	_	_	NoSpaceAfter	_	_	_
'	O	O	O	O	O	O	_	_	NoSpaceAfter	_	_	_
adresser	O	O	O	O	O	O	_	_	_	_	_	_
chez	O	O	O	O	O	O	_	_	EndOfLine	_	_	_
# segment_iiif_link = https://impresso-project.ch/api/proxy/iiif/EXP-1855-10-13-a-p0002/1727,3134,789,70/full/0/default.jpg
A	O	O	O	O	O	O	_	_	NoSpaceAfter	_	_	_
.	O	O	O	O	O	O	_	_	_	_	_	_
Joly	O	O	O	O	O	O	_	_	NoSpaceAfter	_	_	_
,	O	O	O	O	O	O	_	_	_	_	_	_
facteur	O	O	O	O	O	O	_	_	NoSpaceAfter	_	_	_
,	O	O	O	O	O	O	_	_	_	_	_	_
rue	O	O	O	O	O	O	_	_	_	_	_	_
des	O	O	O	O	O	O	_	_	_	_	_	_
Epancheurs	O	O	O	O	O	O	_	_	NoSpaceAfter	_	_	_
,	O	O	O	O	O	O	_	_	_	_	_	_
maison	O	O	O	O	O	O	_	_	EndOfLine	_	_	_
# segment_iiif_link = https://impresso-project.ch/api/proxy/iiif/EXP-1855-10-13-a-p0002/1727,3176,412,68/full/0/default.jpg
de	O	O	O	O	O	O	_	_	_	_	_	_
MM	O	O	O	O	O	O	_	_	NoSpaceAfter	_	_	_
.	O	O	O	O	O	O	_	_	_	_	_	_
frères	O	O	O	O	O	O	_	_	_	_	_	_
I	O	O	O	O	O	O	_	_	NoSpaceAfter	_	_	_
.	O	O	O	O	O	O	_	_	_	EndOfSentence	_	_
orimier	O	O	O	O	O	O	_	_	NoSpaceAfter	_	_	_
.	O	O	O	O	O	O	_	_	EndOfLine	EndOfSentence	_	_
# segment_iiif_link = https://impresso-project.ch/api/proxy/iiif/EXP-1855-10-13-a-p0002/1771,3226,743,70/full/0/default.jpg
3	O	O	O	O	O	O	_	_	_	_	_	_
9	O	O	O	O	O	O	_	_	NoSpaceAfter	_	_	_
.	O	O	O	O	O	O	_	_	_	EndOfSentence	_	_
A	O	O	O	O	O	O	_	_	_	_	_	_
louer	O	O	O	O	O	O	_	_	NoSpaceAfter	_	_	_
,	O	O	O	O	O	O	_	_	_	_	_	_
avec	O	O	O	O	O	O	_	_	_	_	_	_
la	O	O	O	O	O	O	_	_	_	_	_	_
pension	O	O	O	O	O	O	_	_	NoSpaceAfter	_	_	_
,	O	O	O	O	O	O	_	_	_	_	_	_
uue	O	O	O	O	O	O	_	_	_	_	_	_
grande	O	O	O	O	O	O	_	_	EndOfLine	_	_	_
# segment_iiif_link = https://impresso-project.ch/api/proxy/iiif/EXP-1855-10-13-a-p0002/1727,3268,785,68/full/0/default.jpg
chambre	O	O	O	O	O	O	_	_	_	_	_	_
meublée	O	O	O	O	O	O	_	_	_	_	_	_
avec	O	O	O	O	O	O	_	_	_	_	_	_
poêle	O	O	O	O	O	O	_	_	_	_	_	_
et	O	O	O	O	O	O	_	_	_	_	_	_
cheminée	O	O	O	O	O	O	_	_	NoSpaceAfter	_	_	_
,	O	O	O	O	O	O	_	_	_	_	_	_
ayant	O	O	O	O	O	O	_	_	EndOfLine	_	_	_
# segment_iiif_link = https://impresso-project.ch/api/proxy/iiif/EXP-1855-10-13-a-p0002/1727,3309,789,70/full/0/default.jpg
une	O	O	O	O	O	O	_	_	_	_	_	_
échappée	O	O	O	O	O	O	_	_	_	_	_	_
des	O	O	O	O	O	O	_	_	_	_	_	_
Alpes	O	O	O	O	O	O	_	_	NoSpaceAfter	_	_	_
.	O	O	O	O	O	O	_	_	_	EndOfSentence	_	_
S	O	O	O	O	O	O	_	_	NoSpaceAfter	_	_	_
'	O	O	O	O	O	O	_	_	NoSpaceAfter	_	_	_
adresser	O	O	O	O	O	O	_	_	NoSpaceAfter	_	_	_
,	O	O	O	O	O	O	_	_	_	_	_	_
rue	O	O	O	O	O	O	_	_	_	_	_	_
du	O	O	O	O	O	O	_	_	EndOfLine	_	_	_
# segment_iiif_link = https://impresso-project.ch/api/proxy/iiif/EXP-1855-10-13-a-p0002/1727,3353,623,68/full/0/default.jpg
temple	O	O	O	O	O	O	_	_	_	_	_	_
neuf	O	O	O	O	O	O	_	_	NoSpaceAfter	_	_	_
,	O	O	O	O	O	O	_	_	_	_	_	_
n	O	O	O	O	O	O	_	_	NoSpaceAfter	_	_	_
"	O	O	O	O	O	O	_	_	_	_	_	_
1	O	O	O	O	O	O	_	_	_	_	_	_
i	O	O	O	O	O	O	_	_	NoSpaceAfter	_	_	_
,	O	O	O	O	O	O	_	_	_	_	_	_
au	O	O	O	O	O	O	_	_	_	_	_	_
second	O	O	O	O	O	O	_	_	_	_	_	_
élage	O	O	O	O	O	O	_	_	NoSpaceAfter	_	_	_
.	O	O	O	O	O	O	_	_	EndOfLine	EndOfSentence	_	_
# segment_iiif_link = https://impresso-project.ch/api/proxy/iiif/EXP-1855-10-13-a-p0002/1771,3403,751,70/full/0/default.jpg
_	O	O	O	O	O	O	_	_	NoSpaceAfter	_	_	_
40	O	O	O	O	O	O	_	_	NoSpaceAfter	_	_	_
.	O	O	O	O	O	O	_	_	_	EndOfSentence	_	_
Une	O	O	O	O	O	O	_	_	_	_	_	_
chambre	O	O	O	O	O	O	_	_	_	_	_	_
garnie	O	O	O	O	O	O	_	_	NoSpaceAfter	_	_	_
,	O	O	O	O	O	O	_	_	_	_	_	_
rue	O	O	O	O	O	O	_	_	_	_	_	_
de	O	O	O	O	O	O	_	_	_	_	_	_
l	O	O	O	O	O	O	_	_	NoSpaceAfter	_	_	_
'	O	O	O	O	O	O	_	_	NoSpaceAfter	_	_	_
Hô	O	O	O	O	O	O	_	_	_	_	_	_
p	O	O	O	O	O	O	_	_	_	_	_	_
ital	O	O	O	O	O	O	_	_	NoSpaceAfter	_	_	_
,	O	O	O	O	O	O	_	_	EndOfLine	_	_	_
# segment_iiif_link = https://impresso-project.ch/api/proxy/iiif/EXP-1855-10-13-a-p0002/1725,3443,798,68/full/0/default.jpg
n	O	O	O	O	O	O	_	_	NoSpaceAfter	_	_	_
°	O	O	O	O	O	O	_	_	_	_	_	_
16	O	O	O	O	O	O	_	_	NoSpaceAfter	_	_	_
,	O	O	O	O	O	O	_	_	_	_	_	_
pour	O	O	O	O	O	O	_	_	_	_	_	_
un	O	O	O	O	O	O	_	_	_	_	_	_
honnête	O	O	O	O	O	O	_	_	_	_	_	_
jeune	O	O	O	O	O	O	_	_	_	_	_	_
homme	O	O	O	O	O	O	_	_	_	_	_	_
seul	O	O	O	O	O	O	_	_	NoSpaceAfter	_	_	_
,	O	O	O	O	O	O	_	_	_	_	_	_
el	O	O	O	O	O	O	_	_	EndOfLine	_	_	_
# segment_iiif_link = https://impresso-project.ch/api/proxy/iiif/EXP-1855-10-13-a-p0002/1727,3484,156,70/full/0/default.jpg
par	O	O	O	O	O	O	_	_	_	_	_	_
mois	O	O	O	O	O	O	_	_	NoSpaceAfter	_	_	_
.	O	O	O	O	O	O	_	_	EndOfLine	EndOfSentence	_	_
# segment_iiif_link = https://impresso-project.ch/api/proxy/iiif/EXP-1855-10-13-a-p0002/1771,3536,753,70/full/0/default.jpg
4	O	O	O	O	O	O	_	_	_	_	_	_
i	O	O	O	O	O	O	_	_	NoSpaceAfter	_	_	_
.	O	O	O	O	O	O	_	_	_	EndOfSentence	_	_
Une	O	O	O	O	O	O	_	_	_	_	_	_
chambre	O	O	O	O	O	O	_	_	_	_	_	_
meublée	O	O	O	O	O	O	_	_	NoSpaceAfter	_	_	_
,	O	O	O	O	O	O	_	_	_	_	_	_
place	O	O	O	O	O	O	_	_	_	_	_	_
d	O	O	O	O	O	O	_	_	NoSpaceAfter	_	_	_
'	O	O	O	O	O	O	_	_	NoSpaceAfter	_	_	_
Armes	O	O	O	O	O	O	_	_	NoSpaceAfter	_	_	_
,	O	O	O	O	O	O	_	_	EndOfLine	_	_	_
# segment_iiif_link = https://impresso-project.ch/api/proxy/iiif/EXP-1855-10-13-a-p0002/1725,3576,85,70/full/0/default.jpg
n	O	O	O	O	O	O	_	_	NoSpaceAfter	_	_	_
°	O	O	O	O	O	O	_	_	_	_	_	_
2	O	O	O	O	O	O	_	_	NoSpaceAfter	_	_	_
.	O	O	O	O	O	O	_	_	EndOfLine	EndOfSentence	_	_
# segment_iiif_link = https://impresso-project.ch/api/proxy/iiif/EXP-1855-10-13-a-p0002/1771,3628,744,68/full/0/default.jpg
42	O	O	O	O	O	O	_	_	NoSpaceAfter	_	_	_
.	O	O	O	O	O	O	_	_	_	EndOfSentence	_	_
Une	O	O	O	O	O	O	_	_	_	_	_	_
chambre	O	O	O	O	O	O	_	_	_	_	_	_
meublée	O	O	O	O	O	O	_	_	_	_	_	_
se	O	O	O	O	O	O	_	_	_	_	_	_
chauffant	O	O	O	O	O	O	_	_	NoSpaceAfter	_	_	_
,	O	O	O	O	O	O	_	_	_	_	_	_
ayant	O	O	O	O	O	O	_	_	EndOfLine	_	_	_
# segment_iiif_link = https://impresso-project.ch/api/proxy/iiif/EXP-1855-10-13-a-p0002/1727,3663,716,70/full/0/default.jpg
une	O	O	O	O	O	O	_	_	_	_	_	_
très	O	O	O	O	O	O	_	_	_	_	_	_
belle	O	O	O	O	O	O	_	_	_	_	_	_
vue	O	O	O	O	O	O	_	_	NoSpaceAfter	_	_	_
.	O	O	O	O	O	O	_	_	_	EndOfSentence	_	_
S	O	O	O	O	O	O	_	_	NoSpaceAfter	_	_	_
'	O	O	O	O	O	O	_	_	NoSpaceAfter	_	_	_
ad	O	O	O	O	O	O	_	_	NoSpaceAfter	_	_	_
.	O	O	O	O	O	O	_	_	_	EndOfSentence	_	_
au	O	O	O	O	O	O	_	_	_	_	_	_
bureau	O	O	O	O	O	O	_	_	_	_	_	_
d	O	O	O	O	O	O	_	_	NoSpaceAfter	_	_	_
'	O	O	O	O	O	O	_	_	NoSpaceAfter	_	_	_
avis	O	O	O	O	O	O	_	_	NoSpaceAfter	_	_	_
.	O	O	O	O	O	O	_	_	EndOfLine	EndOfSentence	_	_

# language = fr
# newspaper = EXP
# date = 1871-10-14
# document_id = EXP-1871-10-14-a-i0037
# news-agency-as-source = _
# segment_iiif_link = https://impresso-project.ch/api/proxy/iiif/EXP-1871-10-14-a-p0003/1008,2747,533,116/full/0/default.jpg
Demande	O	O	O	O	O	O	_	_	_	_	_	_
de	O	O	O	O	O	O	_	_	_	_	_	_
place	O	O	O	O	O	O	_	_	EndOfLine	_	_	_
# segment_iiif_link = https://impresso-project.ch/api/proxy/iiif/EXP-1871-10-14-a-p0003/931,2832,713,64/full/0/default.jpg
Une	O	O	O	O	O	O	_	_	_	_	_	_
femme	O	O	O	O	O	O	_	_	_	_	_	_
qui	O	O	O	O	O	O	_	_	_	_	_	_
a	O	O	O	O	O	O	_	_	_	_	_	_
déjà	O	O	O	O	O	O	_	_	_	_	_	_
servi	O	O	O	O	O	O	_	_	_	_	_	_
pendant	O	O	O	O	O	O	_	_	_	_	_	_
trois	O	O	O	O	O	O	_	_	EndOfLine	_	_	_
# segment_iiif_link = https://impresso-project.ch/api/proxy/iiif/EXP-1871-10-14-a-p0003/896,2868,748,64/full/0/default.jpg
années	O	O	O	O	O	O	_	_	_	_	_	_
comme	O	O	O	O	O	O	_	_	_	_	_	_
ménagère	O	O	O	O	O	O	_	_	_	_	_	_
cl	O	O	O	O	O	O	_	_	_	_	_	_
a	O	O	O	O	O	O	_	_	_	_	_	_
qui	O	O	O	O	O	O	_	_	_	_	_	_
tous	O	O	O	O	O	O	_	_	_	_	_	_
les	O	O	O	O	O	O	_	_	EndOfLine	_	_	_
# segment_iiif_link = https://impresso-project.ch/api/proxy/iiif/EXP-1871-10-14-a-p0003/896,2903,747,64/full/0/default.jpg
ouvrages	O	O	O	O	O	O	_	_	_	_	_	_
féminins	O	O	O	O	O	O	_	_	_	_	_	_
sont	O	O	O	O	O	O	_	_	_	_	_	_
familiers	O	O	O	O	O	O	_	_	NoSpaceAfter	_	_	_
,	O	O	O	O	O	O	_	_	_	_	_	_
cherche	O	O	O	O	O	O	_	_	_	_	_	_
de	O	O	O	O	O	O	_	_	EndOfLine	_	_	_
# segment_iiif_link = https://impresso-project.ch/api/proxy/iiif/EXP-1871-10-14-a-p0003/896,2938,745,64/full/0/default.jpg
nouveau	O	O	O	O	O	O	_	_	_	_	_	_
une	O	O	O	O	O	O	_	_	_	_	_	_
place	O	O	O	O	O	O	_	_	_	_	_	_
de	O	O	O	O	O	O	_	_	_	_	_	_
ménagère	O	O	O	O	O	O	_	_	_	_	_	_
ou	O	O	O	O	O	O	_	_	_	_	_	_
dame	O	O	O	O	O	O	_	_	_	_	_	_
do	O	O	O	O	O	O	_	_	EndOfLine	_	_	_
# segment_iiif_link = https://impresso-project.ch/api/proxy/iiif/EXP-1871-10-14-a-p0003/894,2974,749,64/full/0/default.jpg
buffet	O	O	O	O	O	O	_	_	_	_	_	_
Adresser	O	O	O	O	O	O	_	_	_	_	_	_
Lis	O	O	O	O	O	O	_	_	_	_	_	_
offres	O	O	O	O	O	O	_	_	_	_	_	_
sous	O	O	O	O	O	O	_	_	_	_	_	_
les	O	O	O	O	O	O	_	_	_	_	_	_
initiales	O	O	O	O	O	O	_	_	_	_	_	_
E	O	O	O	O	O	O	_	_	NoSpaceAfter	_	_	_
.	O	O	O	O	O	O	_	_	EndOfLine	_	_	_
# segment_iiif_link = https://impresso-project.ch/api/proxy/iiif/EXP-1871-10-14-a-p0003/896,3011,744,64/full/0/default.jpg
M	O	O	O	O	O	O	_	_	NoSpaceAfter	_	_	_
.	O	O	O	O	O	O	_	_	_	_	_	_
1327	O	O	O	O	O	O	_	_	NoSpaceAfter	_	_	_
.	O	O	O	O	O	O	_	_	_	EndOfSentence	_	_
à	O	O	O	O	O	O	_	_	_	_	_	_
l	O	O	O	O	O	O	_	_	NoSpaceAfter	_	_	_
'	O	O	O	O	O	O	_	_	NoSpaceAfter	_	_	_
expédition	O	O	O	O	O	O	_	_	_	_	_	_
d	O	O	O	O	O	O	_	_	NoSpaceAfter	_	_	_
'	O	O	O	O	O	O	_	_	NoSpaceAfter	_	_	_
annonces	O	O	O	O	O	O	_	_	_	_	_	_
de	O	O	O	O	O	O	_	_	EndOfLine	_	_	_
# segment_iiif_link = https://impresso-project.ch/api/proxy/iiif/EXP-1871-10-14-a-p0003/894,3049,320,60/full/0/default.jpg
phe	O	O	O	O	O	O	_	_	_	_	_	_
Mosse	O	O	O	O	O	O	_	_	NoSpaceAfter	_	_	_
.	O	O	O	O	O	O	_	_	_	EndOfSentence	_	_
a	O	O	O	O	O	O	_	_	_	_	_	_
Zurich	O	O	O	O	O	O	_	_	NoSpaceAfter	_	_	_
.	O	O	O	O	O	O	_	_	EndOfLine	EndOfSentence	_	_
# segment_iiif_link = https://impresso-project.ch/api/proxy/iiif/EXP-1871-10-14-a-p0003/906,3090,734,58/full/0/default.jpg
;	O	O	O	O	O	O	_	_	_	_	_	_
'	O	O	O	O	O	O	_	_	NoSpaceAfter	_	_	_
J	O	O	O	O	O	O	_	_	_	_	_	_
7	O	O	O	O	O	O	_	_	_	_	_	_
Un	O	O	O	O	O	O	_	_	_	_	_	_
homme	O	O	O	O	O	O	_	_	_	_	_	_
et	O	O	O	O	O	O	_	_	_	_	_	_
une	O	O	O	O	O	O	_	_	_	_	_	_
femme	O	O	O	O	O	O	_	_	_	_	_	_
d	O	O	O	O	O	O	_	_	NoSpaceAfter	_	_	_
'	O	O	O	O	O	O	_	_	NoSpaceAfter	_	_	_
âge	O	O	O	O	O	O	_	_	_	_	_	_
mûr	O	O	O	O	O	O	_	_	_	_	_	_
sans	O	O	O	O	O	O	_	_	EndOfLine	_	_	_
# segment_iiif_link = https://impresso-project.ch/api/proxy/iiif/EXP-1871-10-14-a-p0003/896,3130,745,64/full/0/default.jpg
enfants	O	O	O	O	O	O	_	_	NoSpaceAfter	_	_	_
,	O	O	O	O	O	O	_	_	_	_	_	_
cherchent	O	O	O	O	O	O	_	_	_	_	_	_
une	O	O	O	O	O	O	_	_	_	_	_	_
place	O	O	O	O	O	O	_	_	_	_	_	_
de	O	O	O	O	O	O	_	_	_	_	_	_
garde	O	O	O	O	O	O	_	_	NoSpaceAfter	_	_	_
-	O	O	O	O	O	O	_	_	NoSpaceAfter	_	_	_
maison	O	O	O	O	O	O	_	_	NoSpaceAfter	_	_	_
,	O	O	O	O	O	O	_	_	EndOfLine	_	_	_
# segment_iiif_link = https://impresso-project.ch/api/proxy/iiif/EXP-1871-10-14-a-p0003/894,3165,743,64/full/0/default.jpg
domestiques	O	O	O	O	O	O	_	_	_	_	_	_
ou	O	O	O	O	O	O	_	_	_	_	_	_
pour	O	O	O	O	O	O	_	_	_	_	_	_
diriger	O	O	O	O	O	O	_	_	_	_	_	_
un	O	O	O	O	O	O	_	_	_	_	_	_
domaine	O	O	O	O	O	O	_	_	NoSpaceAfter	_	_	_
.	O	O	O	O	O	O	_	_	EndOfLine	EndOfSentence	_	_
# segment_iiif_link = https://impresso-project.ch/api/proxy/iiif/EXP-1871-10-14-a-p0003/894,3201,270,64/full/0/default.jpg
S	O	O	O	O	O	O	_	_	NoSpaceAfter	_	_	_
'	O	O	O	O	O	O	_	_	NoSpaceAfter	_	_	_
adr	O	O	O	O	O	O	_	_	NoSpaceAfter	_	_	_
.	O	O	O	O	O	O	_	_	_	EndOfSentence	_	_
au	O	O	O	O	O	O	_	_	_	_	_	_
bureau	O	O	O	O	O	O	_	_	NoSpaceAfter	_	_	_
.	O	O	O	O	O	O	_	_	EndOfLine	EndOfSentence	_	_
# segment_iiif_link = https://impresso-project.ch/api/proxy/iiif/EXP-1871-10-14-a-p0003/931,3247,707,64/full/0/default.jpg
i	O	O	O	O	O	O	_	_	NoSpaceAfter	_	_	_
)	O	O	O	O	O	O	_	_	_	_	_	_
8	O	O	O	O	O	O	_	_	_	_	_	_
Un	O	O	O	O	O	O	_	_	_	_	_	_
ou	O	O	O	O	O	O	_	_	_	_	_	_
deux	O	O	O	O	O	O	_	_	_	_	_	_
bons	O	O	O	O	O	O	_	_	_	_	_	_
rémouleurs	O	O	O	O	O	O	_	_	NoSpaceAfter	_	_	_
,	O	O	O	O	O	O	_	_	_	_	_	_
actifs	O	O	O	O	O	O	_	_	_	_	_	_
et	O	O	O	O	O	O	_	_	EndOfLine	_	_	_
# segment_iiif_link = https://impresso-project.ch/api/proxy/iiif/EXP-1871-10-14-a-p0003/896,3284,744,64/full/0/default.jpg
assidus	O	O	O	O	O	O	_	_	_	_	_	_
au	O	O	O	O	O	O	_	_	_	_	_	_
travail	O	O	O	O	O	O	_	_	NoSpaceAfter	_	_	_
,	O	O	O	O	O	O	_	_	_	_	_	_
trouveraient	O	O	O	O	O	O	_	_	_	_	_	_
de	O	O	O	O	O	O	_	_	_	_	_	_
l	O	O	O	O	O	O	_	_	NoSpaceAfter	_	_	_
'	O	O	O	O	O	O	_	_	EndOfLine|NoSpaceAfter	_	_	_
# segment_iiif_link = https://impresso-project.ch/api/proxy/iiif/EXP-1871-10-14-a-p0003/896,3320,739,64/full/0/default.jpg
occupation	O	O	O	O	O	O	_	_	_	_	_	_
soit	O	O	O	O	O	O	_	_	_	_	_	_
aux	O	O	O	O	O	O	_	_	_	_	_	_
pièces	O	O	O	O	O	O	_	_	_	_	_	_
on	O	O	O	O	O	O	_	_	_	_	_	_
à	O	O	O	O	O	O	_	_	_	_	_	_
l	O	O	O	O	O	O	_	_	NoSpaceAfter	_	_	_
'	O	O	O	O	O	O	_	_	NoSpaceAfter	_	_	_
année	O	O	O	O	O	O	_	_	NoSpaceAfter	_	_	_
,	O	O	O	O	O	O	_	_	_	_	_	_
an	O	O	O	O	O	O	_	_	_	_	_	_
comptoir	O	O	O	O	O	O	_	_	EndOfLine	_	_	_
# segment_iiif_link = https://impresso-project.ch/api/proxy/iiif/EXP-1871-10-14-a-p0003/896,3353,697,64/full/0/default.jpg
d	O	O	O	O	O	O	_	_	NoSpaceAfter	_	_	_
'	O	O	O	O	O	O	_	_	NoSpaceAfter	_	_	_
horlogerie	O	O	O	O	O	O	_	_	_	_	_	_
de	O	O	O	O	O	O	_	_	_	_	_	_
M	O	O	O	O	O	O	_	_	NoSpaceAfter	_	_	_
.	O	O	O	O	O	O	_	_	_	_	_	_
Ad	O	O	O	O	O	O	_	_	NoSpaceAfter	_	_	_
.	O	O	O	O	O	O	_	_	_	EndOfSentence	_	_
Reuter	O	O	O	O	O	O	_	_	NoSpaceAfter	_	_	_
,	O	O	O	O	O	O	_	_	_	_	_	_
Or	O	O	O	O	O	O	_	_	_	_	_	_
;	O	O	O	O	O	O	_	_	_	_	_	_
ingeric	O	O	O	O	O	O	_	_	_	_	_	_
2	O	O	O	O	O	O	_	_	NoSpaceAfter	_	_	_
.	O	O	O	O	O	O	_	_	EndOfLine	EndOfSentence	_	_
# segment_iiif_link = https://impresso-project.ch/api/proxy/iiif/EXP-1871-10-14-a-p0003/921,3403,721,64/full/0/default.jpg
100	O	O	O	O	O	O	_	_	_	_	_	_
Uno	O	O	O	O	O	O	_	_	_	_	_	_
ouvrière	O	O	O	O	O	O	_	_	_	_	_	_
lingère	O	O	O	O	O	O	_	_	_	_	_	_
aimerait	O	O	O	O	O	O	_	_	_	_	_	_
se	O	O	O	O	O	O	_	_	_	_	_	_
placer	O	O	O	O	O	O	_	_	EndOfLine	_	_	_
# segment_iiif_link = https://impresso-project.ch/api/proxy/iiif/EXP-1871-10-14-a-p0003/898,3436,742,64/full/0/default.jpg
soit	O	O	O	O	O	O	_	_	_	_	_	_
dans	O	O	O	O	O	O	_	_	_	_	_	_
un	O	O	O	O	O	O	_	_	_	_	_	_
magasin	O	O	O	O	O	O	_	_	_	_	_	_
ou	O	O	O	O	O	O	_	_	_	_	_	_
chez	O	O	O	O	O	O	_	_	_	_	_	_
une	O	O	O	O	O	O	_	_	_	_	_	_
bonne	O	O	O	O	O	O	_	_	EndOfLine	_	_	_
# segment_iiif_link = https://impresso-project.ch/api/proxy/iiif/EXP-1871-10-14-a-p0003/896,3472,747,64/full/0/default.jpg
imiitresse	O	O	O	O	O	O	_	_	_	_	_	_
lingère	O	O	O	O	O	O	_	_	NoSpaceAfter	_	_	_
.	O	O	O	O	O	O	_	_	_	EndOfSentence	_	_
S	O	O	O	O	O	O	_	_	NoSpaceAfter	_	_	_
'	O	O	O	O	O	O	_	_	NoSpaceAfter	_	_	_
adr	O	O	O	O	O	O	_	_	NoSpaceAfter	_	_	_
.	O	O	O	O	O	O	_	_	_	EndOfSentence	_	_
chez	O	O	O	O	O	O	_	_	_	_	_	_
Mad	O	O	O	O	O	O	_	_	NoSpaceAfter	_	_	_
.	O	O	O	O	O	O	_	_	_	EndOfSentence	_	_
von	O	O	O	O	O	O	_	_	_	_	_	_
Gunten	O	O	O	O	O	O	_	_	NoSpaceAfter	_	_	_
,	O	O	O	O	O	O	_	_	EndOfLine	_	_	_
# segment_iiif_link = https://impresso-project.ch/api/proxy/iiif/EXP-1871-10-14-a-p0003/898,3509,416,64/full/0/default.jpg
rue	O	O	O	O	O	O	_	_	_	_	_	_
des	O	O	O	O	O	O	_	_	_	_	_	_
I	O	O	O	O	O	O	_	_	_	_	_	_
_	O	O	O	O	O	O	_	_	NoSpaceAfter	_	_	_
'	O	O	O	O	O	O	_	_	_	_	_	_
oteiinx	O	O	O	O	O	O	_	_	_	_	_	_
3	O	O	O	O	O	O	_	_	NoSpaceAfter	_	_	_
,	O	O	O	O	O	O	_	_	_	_	_	_
au	O	O	O	O	O	O	_	_	_	_	_	_
ler	O	O	O	O	O	O	_	_	NoSpaceAfter	_	_	_
.	O	O	O	O	O	O	_	_	EndOfLine	EndOfSentence	_	_
# segment_iiif_link = https://impresso-project.ch/api/proxy/iiif/EXP-1871-10-14-a-p0003/921,3557,720,64/full/0/default.jpg
101	O	O	O	O	O	O	_	_	_	_	_	_
Une	O	O	O	O	O	O	_	_	_	_	_	_
jeune	O	O	O	O	O	O	_	_	_	_	_	_
fille	O	O	O	O	O	O	_	_	NoSpaceAfter	_	_	_
,	O	O	O	O	O	O	_	_	_	_	_	_
de	O	O	O	O	O	O	_	_	_	_	_	_
16	O	O	O	O	O	O	_	_	_	_	_	_
à	O	O	O	O	O	O	_	_	_	_	_	_
lî	O	O	O	O	O	O	_	_	NoSpaceAfter	_	_	_
)	O	O	O	O	O	O	_	_	_	_	_	_
LUIS	O	O	O	O	O	O	_	_	NoSpaceAfter	_	_	_
,	O	O	O	O	O	O	_	_	_	_	_	_
parlant	O	O	O	O	O	O	_	_	EndOfLine	_	_	_
# segment_iiif_link = https://impresso-project.ch/api/proxy/iiif/EXP-1871-10-14-a-p0003/896,3593,748,64/full/0/default.jpg
déjà	O	O	O	O	O	O	_	_	_	_	_	_
un	O	O	O	O	O	O	_	_	_	_	_	_
peu	O	O	O	O	O	O	_	_	_	_	_	_
la	O	O	O	O	O	O	_	_	_	_	_	_
langue	O	O	O	O	O	O	_	_	_	_	_	_
française	O	O	O	O	O	O	_	_	_	_	_	_
et	O	O	O	O	O	O	_	_	_	_	_	_
voulant	O	O	O	O	O	O	_	_	_	_	_	_
s	O	O	O	O	O	O	_	_	NoSpaceAfter	_	_	_
'	O	O	O	O	O	O	_	_	NoSpaceAfter	_	_	_
y	O	O	O	O	O	O	_	_	EndOfLine	_	_	_
# segment_iiif_link = https://impresso-project.ch/api/proxy/iiif/EXP-1871-10-14-a-p0003/898,3628,746,64/full/0/default.jpg
perfectionner	O	O	O	O	O	O	_	_	NoSpaceAfter	_	_	_
,	O	O	O	O	O	O	_	_	_	_	_	_
trouverait	O	O	O	O	O	O	_	_	_	_	_	_
à	O	O	O	O	O	O	_	_	_	_	_	_
se	O	O	O	O	O	O	_	_	_	_	_	_
placer	O	O	O	O	O	O	_	_	_	_	_	_
de	O	O	O	O	O	O	_	_	_	_	_	_
suile	O	O	O	O	O	O	_	_	EndOfLine	_	_	_
# segment_iiif_link = https://impresso-project.ch/api/proxy/iiif/EXP-1871-10-14-a-p0003/898,3663,746,64/full/0/default.jpg
dans	O	O	O	O	O	O	_	_	_	_	_	_
une	O	O	O	O	O	O	_	_	_	_	_	_
librairie	O	O	O	O	O	O	_	_	_	_	_	_
fonrnitnves	O	O	O	O	O	O	_	_	_	_	_	_
de	O	O	O	O	O	O	_	_	EndOfLine	_	_	_
# segment_iiif_link = https://impresso-project.ch/api/proxy/iiif/EXP-1871-10-14-a-p0003/900,3699,747,64/full/0/default.jpg
bureaux	O	O	O	O	O	O	_	_	_	_	_	_
et	O	O	O	O	O	O	_	_	_	_	_	_
rahiurt	O	O	O	O	O	O	_	_	_	_	_	_
de	O	O	O	O	O	O	_	_	_	_	_	_
leeture	O	O	O	O	O	O	_	_	NoSpaceAfter	_	_	_
.	O	O	O	O	O	O	_	_	EndOfLine	EndOfSentence	_	_
# segment_iiif_link = https://impresso-project.ch/api/proxy/iiif/EXP-1871-10-14-a-p0003/898,3732,741,64/full/0/default.jpg
L	O	O	O	O	O	O	_	_	NoSpaceAfter	_	_	_
'	O	O	O	O	O	O	_	_	NoSpaceAfter	_	_	_
engagement	O	O	O	O	O	O	_	_	_	_	_	_
devra	O	O	O	O	O	O	_	_	_	_	_	_
être	O	O	O	O	O	O	_	_	_	_	_	_
pris	O	O	O	O	O	O	_	_	_	_	_	_
ponr	O	O	O	O	O	O	_	_	_	_	_	_
deux	O	O	O	O	O	O	_	_	_	_	_	_
ans	O	O	O	O	O	O	_	_	_	_	_	_
au	O	O	O	O	O	O	_	_	EndOfLine	_	_	_
# segment_iiif_link = https://impresso-project.ch/api/proxy/iiif/EXP-1871-10-14-a-p0003/898,3768,744,64/full/0/default.jpg
moins	O	O	O	O	O	O	_	_	NoSpaceAfter	_	_	_
.	O	O	O	O	O	O	_	_	_	EndOfSentence	_	_
On	O	O	O	O	O	O	_	_	_	_	_	_
ne	O	O	O	O	O	O	_	_	_	_	_	_
paye	O	O	O	O	O	O	_	_	_	_	_	_
pas	O	O	O	O	O	O	_	_	_	_	_	_
d	O	O	O	O	O	O	_	_	NoSpaceAfter	_	_	_
'	O	O	O	O	O	O	_	_	NoSpaceAfter	_	_	_
appointement	O	O	O	O	O	O	_	_	_	_	_	_
la	O	O	O	O	O	O	_	_	_	_	_	_
Ire	O	O	O	O	O	O	_	_	EndOfLine	_	_	_
# segment_iiif_link = https://impresso-project.ch/api/proxy/iiif/EXP-1871-10-14-a-p0003/898,3803,743,64/full/0/default.jpg
année	O	O	O	O	O	O	_	_	NoSpaceAfter	_	_	_
.	O	O	O	O	O	O	_	_	_	EndOfSentence	_	_
Une	O	O	O	O	O	O	_	_	_	_	_	_
bonne	O	O	O	O	O	O	_	_	_	_	_	_
écriture	O	O	O	O	O	O	_	_	_	_	_	_
est	O	O	O	O	O	O	_	_	_	_	_	_
nécessaire	O	O	O	O	O	O	_	_	NoSpaceAfter	_	_	_
.	O	O	O	O	O	O	_	_	EndOfLine	EndOfSentence	_	_
# segment_iiif_link = https://impresso-project.ch/api/proxy/iiif/EXP-1871-10-14-a-p0003/933,3838,710,64/full/0/default.jpg
La	O	O	O	O	O	O	_	_	_	_	_	_
jeune	O	O	O	O	O	O	_	_	_	_	_	_
personne	O	O	O	O	O	O	_	_	_	_	_	_
sera	O	O	O	O	O	O	_	_	_	_	_	_
considérée	O	O	O	O	O	O	_	_	_	_	_	_
comme	O	O	O	O	O	O	_	_	EndOfLine	_	_	_
# segment_iiif_link = https://impresso-project.ch/api/proxy/iiif/EXP-1871-10-14-a-p0003/900,3874,748,64/full/0/default.jpg
membre	O	O	O	O	O	O	_	_	_	_	_	_
delà	O	O	O	O	O	O	_	_	_	_	_	_
famille	O	O	O	O	O	O	_	_	NoSpaceAfter	_	_	_
.	O	O	O	O	O	O	_	_	_	EndOfSentence	_	_
Ecrire	O	O	O	O	O	O	_	_	_	_	_	_
à	O	O	O	O	O	O	_	_	_	_	_	_
la	O	O	O	O	O	O	_	_	_	_	_	_
librairie	O	O	O	O	O	O	_	_	_	_	_	_
G	O	O	O	O	O	O	_	_	NoSpaceAfter	_	_	_
.	O	O	O	O	O	O	_	_	EndOfLine	_	_	_
# segment_iiif_link = https://impresso-project.ch/api/proxy/iiif/EXP-1871-10-14-a-p0003/896,3909,552,64/full/0/default.jpg
Bidognet	O	O	O	O	O	O	_	_	NoSpaceAfter	_	_	_
,	O	O	O	O	O	O	_	_	_	_	_	_
à	O	O	O	O	O	O	_	_	_	_	_	_
la	O	O	O	O	O	O	_	_	_	_	_	_
Chaux	O	O	O	O	O	O	_	_	NoSpaceAfter	_	_	_
-	O	O	O	O	O	O	_	_	NoSpaceAfter	_	_	_
de	O	O	O	O	O	O	_	_	NoSpaceAfter	_	_	_
-	O	O	O	O	O	O	_	_	NoSpaceAfter	_	_	_
Fonds	O	O	O	O	O	O	_	_	EndOfLine	EndOfSentence	_	_

# language = fr
# newspaper = EXP
# date = 1873-12-10
# document_id = EXP-1873-12-10-a-i0018
# news-agency-as-source = _
# segment_iiif_link = https://impresso-project.ch/api/proxy/iiif/EXP-1873-12-10-a-p0002/591,921,389,98/full/0/default.jpg
USINESAGAZ	O	O	O	O	O	O	_	_	EndOfLine	_	_	_
# segment_iiif_link = https://impresso-project.ch/api/proxy/iiif/EXP-1873-12-10-a-p0002/517,976,562,59/full/0/default.jpg
pour	O	O	O	O	O	O	_	_	_	_	_	_
fabriques	O	O	O	O	O	O	_	_	NoSpaceAfter	_	_	_
,	O	O	O	O	O	O	_	_	_	_	_	_
hôtels	O	O	O	O	O	O	_	_	_	_	_	_
et	O	O	O	O	O	O	_	_	_	_	_	_
localités	O	O	O	O	O	O	_	_	_	_	_	_
entières	O	O	O	O	O	O	_	_	NoSpaceAfter	_	_	_
.	O	O	O	O	O	O	_	_	EndOfLine	EndOfSentence	_	_
# segment_iiif_link = https://impresso-project.ch/api/proxy/iiif/EXP-1873-12-10-a-p0002/435,1021,724,44/full/0/default.jpg
nC	O	O	O	O	O	O	_	_	NoSpaceAfter	_	_	_
'	O	O	O	O	O	O	_	_	NoSpaceAfter	_	_	_
DflT	O	O	O	O	O	O	_	_	_	_	_	_
(	O	O	O	O	O	O	_	_	NoSpaceAfter	_	_	_
'	O	O	O	O	O	O	_	_	NoSpaceAfter	_	_	_
toulessor	O	O	O	O	O	O	_	_	NoSpaceAfter	_	_	_
'	O	O	O	O	O	O	_	_	NoSpaceAfter	_	_	_
'	O	O	O	O	O	O	_	_	NoSpaceAfter	_	_	_
l	O	O	O	O	O	O	_	_	_	_	_	_
>	O	O	O	O	O	O	_	_	_	_	_	_
P	O	O	O	O	O	O	_	_	_	_	_	_
areil	O	O	O	O	O	O	_	_	_	_	_	_
_	O	O	O	O	O	O	_	_	NoSpaceAfter	_	_	_
8	O	O	O	O	O	O	_	_	_	_	_	_
Àgaz	O	O	O	O	O	O	_	_	NoSpaceAfter	_	_	_
,	O	O	O	O	O	O	_	_	_	_	_	_
lampes	O	O	O	O	O	O	_	_	NoSpaceAfter	_	_	_
,	O	O	O	O	O	O	_	_	_	_	_	_
lustres	O	O	O	O	O	O	_	_	NoSpaceAfter	_	_	_
,	O	O	O	O	O	O	_	_	_	_	_	_
lanternes	O	O	O	O	O	O	_	_	NoSpaceAfter	_	_	_
,	O	O	O	O	O	O	_	_	_	_	_	_
fourneaux	O	O	O	O	O	O	_	_	EndOfLine	_	_	_
# segment_iiif_link = https://impresso-project.ch/api/proxy/iiif/EXP-1873-12-10-a-p0002/435,1026,488,54/full/0/default.jpg
Ut	O	O	O	O	O	O	_	_	NoSpaceAfter	_	_	_
.	O	O	O	O	O	O	_	_	_	EndOfSentence	_	_
rU	O	O	O	O	O	O	_	_	_	_	_	_
I	O	O	O	O	O	O	_	_	_	_	_	_
à	O	O	O	O	O	O	_	_	_	_	_	_
gaz	O	O	O	O	O	O	_	_	NoSpaceAfter	_	_	_
,	O	O	O	O	O	O	_	_	_	_	_	_
globes	O	O	O	O	O	O	_	_	NoSpaceAfter	_	_	_
,	O	O	O	O	O	O	_	_	_	_	_	_
robinets	O	O	O	O	O	O	_	_	_	_	_	_
el	O	O	O	O	O	O	_	_	_	_	_	_
accessoires	O	O	O	O	O	O	_	_	_	_	_	_
en	O	O	O	O	O	O	_	_	_	_	_	_
laiton	O	O	O	O	O	O	_	_	NoSpaceAfter	_	_	_
,	O	O	O	O	O	O	_	_	_	_	_	_
elc	O	O	O	O	O	O	_	_	NoSpaceAfter	_	_	_
.	O	O	O	O	O	O	_	_	EndOfLine	EndOfSentence	_	_
# segment_iiif_link = https://impresso-project.ch/api/proxy/iiif/EXP-1873-12-10-a-p0002/587,1059,420,74/full/0/default.jpg
DISTRIBUTIONSD	O	O	O	O	O	O	_	_	NoSpaceAfter	_	_	_
'	O	O	O	O	O	O	_	_	NoSpaceAfter	_	_	_
EAU	O	O	O	O	O	O	_	_	EndOfLine	_	_	_
# segment_iiif_link = https://impresso-project.ch/api/proxy/iiif/EXP-1873-12-10-a-p0002/504,1101,591,59/full/0/default.jpg
pour	O	O	O	O	O	O	_	_	_	_	_	_
communes	O	O	O	O	O	O	_	_	_	_	_	_
et	O	O	O	O	O	O	_	_	_	_	_	_
propriétés	O	O	O	O	O	O	_	_	_	_	_	_
particulières	O	O	O	O	O	O	_	_	NoSpaceAfter	_	_	_
.	O	O	O	O	O	O	_	_	EndOfLine	EndOfSentence	_	_
# segment_iiif_link = https://impresso-project.ch/api/proxy/iiif/EXP-1873-12-10-a-p0002/435,1143,730,44/full/0/default.jpg
IIUCTAI	O	O	O	O	O	O	_	_	_	_	_	_
I	O	O	O	O	O	O	_	_	_	_	_	_
_	O	O	O	O	O	O	_	_	NoSpaceAfter	_	_	_
ATIHMC	O	O	O	O	O	O	_	_	_	_	_	_
(	O	O	O	O	O	O	_	_	NoSpaceAfter	_	_	_
_	O	O	O	O	O	O	_	_	NoSpaceAfter	_	_	_
'	O	O	O	O	O	O	_	_	NoSpaceAfter	_	_	_
'	O	O	O	O	O	O	_	_	NoSpaceAfter	_	_	_
*	O	O	O	O	O	O	_	_	_	_	_	_
complets	O	O	O	O	O	O	_	_	NoSpaceAfter	_	_	_
,	O	O	O	O	O	O	_	_	_	_	_	_
avec	O	O	O	O	O	O	_	_	_	_	_	_
tuyautage	O	O	O	O	O	O	_	_	NoSpaceAfter	_	_	_
,	O	O	O	O	O	O	_	_	_	_	_	_
robinetterie	O	O	O	O	O	O	_	_	NoSpaceAfter	_	_	_
,	O	O	O	O	O	O	_	_	_	_	_	_
ap	O	O	O	O	O	O	_	_	_	_	_	_
"	O	O	O	O	O	O	_	_	EndOfLine	_	_	_
# segment_iiif_link = https://impresso-project.ch/api/proxy/iiif/EXP-1873-12-10-a-p0002/435,1145,728,58/full/0/default.jpg
InOIALLAI	O	O	O	O	O	O	_	_	_	_	_	_
lUWo	O	O	O	O	O	O	_	_	_	_	_	_
pareils	O	O	O	O	O	O	_	_	_	_	_	_
à	O	O	O	O	O	O	_	_	_	_	_	_
douches	O	O	O	O	O	O	_	_	NoSpaceAfter	_	_	_
,	O	O	O	O	O	O	_	_	_	_	_	_
baignoires	O	O	O	O	O	O	_	_	NoSpaceAfter	_	_	_
,	O	O	O	O	O	O	_	_	_	_	_	_
fourneaux	O	O	O	O	O	O	_	_	_	_	_	_
a	O	O	O	O	O	O	_	_	_	_	_	_
bains	O	O	O	O	O	O	_	_	_	_	_	_
avec	O	O	O	O	O	O	_	_	EndOfLine	_	_	_
# segment_iiif_link = https://impresso-project.ch/api/proxy/iiif/EXP-1873-12-10-a-p0002/433,1175,383,44/full/0/default.jpg
chauffage	O	O	O	O	O	O	_	_	_	_	_	_
;	O	O	O	O	O	O	_	_	_	_	_	_
au	O	O	O	O	O	O	_	_	_	_	_	_
bois	O	O	O	O	O	O	_	_	NoSpaceAfter	_	_	_
,	O	O	O	O	O	O	_	_	_	_	_	_
à	O	O	O	O	O	O	_	_	_	_	_	_
la	O	O	O	O	O	O	_	_	_	_	_	_
houille	O	O	O	O	O	O	_	_	NoSpaceAfter	_	_	_
,	O	O	O	O	O	O	_	_	_	_	_	_
ou	O	O	O	O	O	O	_	_	_	_	_	_
au	O	O	O	O	O	O	_	_	_	_	_	_
gaz	O	O	O	O	O	O	_	_	NoSpaceAfter	_	_	_
.	O	O	O	O	O	O	_	_	EndOfLine	EndOfSentence	_	_
# segment_iiif_link = https://impresso-project.ch/api/proxy/iiif/EXP-1873-12-10-a-p0002/584,1199,427,64/full/0/default.jpg
CHAUFFAGES	O	O	O	O	O	O	_	_	_	_	_	_
A	O	O	O	O	O	O	_	_	_	_	_	_
VAPEUR	O	O	O	O	O	O	_	_	EndOfLine	_	_	_
# segment_iiif_link = https://impresso-project.ch/api/proxy/iiif/EXP-1873-12-10-a-p0002/434,1237,728,44/full/0/default.jpg
pour	O	O	O	O	O	O	_	_	_	_	_	_
fabriques	O	O	O	O	O	O	_	_	_	_	_	_
et	O	O	O	O	O	O	_	_	_	_	_	_
bains	O	O	O	O	O	O	_	_	NoSpaceAfter	_	_	_
,	O	O	O	O	O	O	_	_	_	_	_	_
tuyaux	O	O	O	O	O	O	_	_	_	_	_	_
de	O	O	O	O	O	O	_	_	_	_	_	_
ehauflage	O	O	O	O	O	O	_	_	_	_	_	_
en	O	O	O	O	O	O	_	_	_	_	_	_
tôle	O	O	O	O	O	O	_	_	_	_	_	_
rivée	O	O	O	O	O	O	_	_	NoSpaceAfter	_	_	_
,	O	O	O	O	O	O	_	_	_	_	_	_
fonle	O	O	O	O	O	O	_	_	_	_	_	_
ou	O	O	O	O	O	O	_	_	_	_	_	_
cuivre	O	O	O	O	O	O	_	_	_	_	_	_
rouge	O	O	O	O	O	O	_	_	NoSpaceAfter	_	_	_
.	O	O	O	O	O	O	_	_	EndOfLine	EndOfSentence	_	_
# segment_iiif_link = https://impresso-project.ch/api/proxy/iiif/EXP-1873-12-10-a-p0002/453,1260,671,44/full/0/default.jpg
Des	O	O	O	O	O	O	_	_	_	_	_	_
devis	O	O	O	O	O	O	_	_	_	_	_	_
détaillés	O	O	O	O	O	O	_	_	_	_	_	_
d	O	O	O	O	O	O	_	_	NoSpaceAfter	_	_	_
'	O	O	O	O	O	O	_	_	NoSpaceAfter	_	_	_
installation	O	O	O	O	O	O	_	_	_	_	_	_
sont	O	O	O	O	O	O	_	_	_	_	_	_
présentés	O	O	O	O	O	O	_	_	_	_	_	_
sans	O	O	O	O	O	O	_	_	_	_	_	_
frais	O	O	O	O	O	O	_	_	NoSpaceAfter	_	_	_
,	O	O	O	O	O	O	_	_	_	_	_	_
sur	O	O	O	O	O	O	_	_	_	_	_	_
demande	O	O	O	O	O	O	_	_	NoSpaceAfter	_	_	_
.	O	O	O	O	O	O	_	_	EndOfLine	EndOfSentence	_	_
# segment_iiif_link = https://impresso-project.ch/api/proxy/iiif/EXP-1873-12-10-a-p0002/433,1283,707,44/full/0/default.jpg
ATELIERS	O	O	O	O	O	O	_	_	_	_	_	_
de	O	O	O	O	O	O	_	_	_	_	_	_
transformations	O	O	O	O	O	O	_	_	_	_	_	_
et	O	O	O	O	O	O	_	_	_	_	_	_
tle	O	O	O	O	O	O	_	_	_	_	_	_
réparations	O	O	O	O	O	O	_	_	_	_	_	_
de	O	O	O	O	O	O	_	_	_	_	_	_
compteurs	O	O	O	O	O	O	_	_	_	_	_	_
à	O	O	O	O	O	O	_	_	_	_	_	_
gaz	O	O	O	O	O	O	_	_	NoSpaceAfter	_	_	_
.	O	O	O	O	O	O	_	_	EndOfLine	EndOfSentence	_	_
# segment_iiif_link = https://impresso-project.ch/api/proxy/iiif/EXP-1873-12-10-a-p0002/733,1299,407,59/full/0/default.jpg
BIEBEE	O	O	O	O	O	O	_	_	NoSpaceAfter	_	_	_
,	O	O	O	O	O	O	_	_	_	_	_	_
et	O	O	O	O	O	O	_	_	_	_	_	_
Cie	O	O	O	O	O	O	_	_	NoSpaceAfter	_	_	_
,	O	O	O	O	O	O	_	_	_	_	_	_
constructeurs	O	O	O	O	O	O	_	_	NoSpaceAfter	_	_	_
,	O	O	O	O	O	O	_	_	EndOfLine	_	_	_
# segment_iiif_link = https://impresso-project.ch/api/proxy/iiif/EXP-1873-12-10-a-p0002/482,1337,587,44/full/0/default.jpg
(	O	O	O	O	O	O	_	_	NoSpaceAfter	_	_	_
M	O	O	O	O	O	O	_	_	_	_	_	_
653	O	O	O	O	O	O	_	_	_	_	_	_
D	O	O	O	O	O	O	_	_	NoSpaceAfter	_	_	_
)	O	O	O	O	O	O	_	_	_	_	_	_
«	O	O	O	O	O	O	_	_	_	_	_	_
3	O	O	O	O	O	O	_	_	NoSpaceAfter	_	_	_
,	O	O	O	O	O	O	_	_	_	_	_	_
_	O	O	O	O	O	O	_	_	NoSpaceAfter	_	_	_
RKostackerstrasse	O	O	O	O	O	O	_	_	NoSpaceAfter	_	_	_
,	O	O	O	O	O	O	_	_	_	_	_	_
93	O	O	O	O	O	O	_	_	NoSpaceAfter	_	_	_
,	O	O	O	O	O	O	_	_	EndOfLine	_	_	_
# segment_iiif_link = https://impresso-project.ch/api/proxy/iiif/EXP-1873-12-10-a-p0002/899,1353,87,58/full/0/default.jpg
BALE	O	O	O	O	O	O	_	_	NoSpaceAfter	_	_	_
.	O	O	O	O	O	O	_	_	EndOfLine	EndOfSentence	_	_

# language = fr
# newspaper = EXP
# date = 1915-11-19
# document_id = EXP-1915-11-19-a-i0097
# news-agency-as-source = Q1415690, Q2826560
# segment_iiif_link = https://impresso-project.ch/api/proxy/iiif/EXP-1915-11-19-a-p0005/48,31,538,146/full/0/default.jpg
La	O	O	O	O	O	O	_	_	_	_	_	_
guerre	O	O	O	O	O	O	_	_	EndOfLine	_	_	_
# segment_iiif_link = https://impresso-project.ch/api/proxy/iiif/EXP-1915-11-19-a-p0005/94,165,428,72/full/0/default.jpg
La	O	O	O	O	O	O	_	_	_	_	_	_
terreur	O	O	O	O	O	O	_	_	_	_	_	_
en	O	O	O	O	O	O	_	_	_	_	_	_
Belgique	O	O	O	O	O	O	_	_	EndOfLine	_	_	_
# segment_iiif_link = https://impresso-project.ch/api/proxy/iiif/EXP-1915-11-19-a-p0005/62,221,522,53/full/0/default.jpg
Dans	O	O	O	O	O	O	_	_	_	_	_	_
la	O	O	O	O	O	O	_	_	_	_	_	_
province	O	O	O	O	O	O	_	_	_	_	_	_
de	O	O	O	O	O	O	_	_	_	_	_	_
Hainaut	O	O	O	O	O	O	_	_	NoSpaceAfter	_	_	_
,	O	O	O	O	O	O	_	_	_	_	_	_
douze	O	O	O	O	O	O	_	_	_	_	_	_
chefs	O	O	O	O	O	O	_	_	EndOfLine	_	_	_
# segment_iiif_link = https://impresso-project.ch/api/proxy/iiif/EXP-1915-11-19-a-p0005/41,251,543,52/full/0/default.jpg
_	O	O	O	O	O	O	_	_	NoSpaceAfter	_	_	_
^	O	O	O	O	O	O	_	_	_	_	_	_
'	O	O	O	O	O	O	_	_	NoSpaceAfter	_	_	_
industrie	O	O	O	O	O	O	_	_	NoSpaceAfter	_	_	_
,	O	O	O	O	O	O	_	_	_	_	_	_
maîtres	O	O	O	O	O	O	_	_	_	_	_	_
et	O	O	O	O	O	O	_	_	_	_	_	_
contre	O	O	O	O	O	O	_	_	NoSpaceAfter	_	_	_
-	O	O	O	O	O	O	_	_	NoSpaceAfter	_	_	_
maîtres	O	O	O	O	O	O	_	_	_	_	_	_
de	O	O	O	O	O	O	_	_	EndOfLine	_	_	_
# segment_iiif_link = https://impresso-project.ch/api/proxy/iiif/EXP-1915-11-19-a-p0005/40,282,544,53/full/0/default.jpg
_	O	O	O	O	O	O	_	_	NoSpaceAfter	_	_	_
travaux	O	O	O	O	O	O	_	_	_	_	_	_
et	O	O	O	O	O	O	_	_	_	_	_	_
81	O	O	O	O	O	O	_	_	_	_	_	_
ouvriers	O	O	O	O	O	O	_	_	_	_	_	_
de	O	O	O	O	O	O	_	_	_	_	_	_
diverses	O	O	O	O	O	O	_	_	_	_	_	_
localités	O	O	O	O	O	O	_	_	_	_	_	_
ont	O	O	O	O	O	O	_	_	_	_	_	_
été	O	O	O	O	O	O	_	_	EndOfLine	_	_	_
# segment_iiif_link = https://impresso-project.ch/api/proxy/iiif/EXP-1915-11-19-a-p0005/40,309,545,53/full/0/default.jpg
récemment	O	O	O	O	O	O	_	_	_	_	_	_
condamnés	O	O	O	O	O	O	_	_	_	_	_	_
à	O	O	O	O	O	O	_	_	_	_	_	_
des	O	O	O	O	O	O	_	_	_	_	_	_
peines	O	O	O	O	O	O	_	_	_	_	_	_
variant	O	O	O	O	O	O	_	_	_	_	_	_
de	O	O	O	O	O	O	_	_	EndOfLine	_	_	_
# segment_iiif_link = https://impresso-project.ch/api/proxy/iiif/EXP-1915-11-19-a-p0005/39,339,546,53/full/0/default.jpg
cinq	O	O	O	O	O	O	_	_	_	_	_	_
•	O	O	O	O	O	O	_	_	NoSpaceAfter	_	_	_
ans	O	O	O	O	O	O	_	_	_	_	_	_
à	O	O	O	O	O	O	_	_	_	_	_	_
six	O	O	O	O	O	O	_	_	_	_	_	_
mois	O	O	O	O	O	O	_	_	_	_	_	_
de	O	O	O	O	O	O	_	_	_	_	_	_
prison	O	O	O	O	O	O	_	_	_	_	_	_
<	O	O	O	O	O	O	_	_	_	_	_	_
pour	O	O	O	O	O	O	_	_	_	_	_	_
n	O	O	O	O	O	O	_	_	NoSpaceAfter	_	_	_
'	O	O	O	O	O	O	_	_	NoSpaceAfter	_	_	_
avoir	O	O	O	O	O	O	_	_	_	_	_	_
pas	O	O	O	O	O	O	_	_	EndOfLine	_	_	_
# segment_iiif_link = https://impresso-project.ch/api/proxy/iiif/EXP-1915-11-19-a-p0005/38,367,548,53/full/0/default.jpg
repris	O	O	O	O	O	O	_	_	_	_	_	_
le	O	O	O	O	O	O	_	_	_	_	_	_
travail	O	O	O	O	O	O	_	_	_	_	_	_
malgré	O	O	O	O	O	O	_	_	_	_	_	_
les	O	O	O	O	O	O	_	_	_	_	_	_
sommations	O	O	O	O	O	O	_	_	_	_	_	_
du	O	O	O	O	O	O	_	_	EndOfLine	_	_	_
# segment_iiif_link = https://impresso-project.ch/api/proxy/iiif/EXP-1915-11-19-a-p0005/38,396,546,53/full/0/default.jpg
séflnestre	O	O	O	O	O	O	_	_	_	_	_	_
»	O	O	O	O	O	O	_	_	NoSpaceAfter	_	_	_
.	O	O	O	O	O	O	_	_	_	EndOfSentence	_	_
Ainsi	O	O	O	O	O	O	_	_	_	_	_	_
s	O	O	O	O	O	O	_	_	NoSpaceAfter	_	_	_
'	O	O	O	O	O	O	_	_	NoSpaceAfter	_	_	_
exprime	O	O	O	O	O	O	_	_	_	_	_	_
la	O	O	O	O	O	O	_	_	_	_	_	_
proclamation	O	O	O	O	O	O	_	_	_	_	_	_
du	O	O	O	O	O	O	_	_	EndOfLine	_	_	_
# segment_iiif_link = https://impresso-project.ch/api/proxy/iiif/EXP-1915-11-19-a-p0005/38,423,551,53/full/0/default.jpg
gouverneur	O	O	O	O	O	O	_	_	_	_	_	_
militaire	O	O	O	O	O	O	_	_	_	_	_	_
de	O	O	O	O	O	O	_	_	_	_	_	_
la	O	O	O	O	O	O	_	_	_	_	_	_
province	O	O	O	O	O	O	_	_	_	_	_	_
affichée	O	O	O	O	O	O	_	_	_	_	_	_
_	O	O	O	O	O	O	_	_	NoSpaceAfter	_	_	_
,	O	O	O	O	O	O	_	_	EndOfLine	_	_	_
# segment_iiif_link = https://impresso-project.ch/api/proxy/iiif/EXP-1915-11-19-a-p0005/37,455,548,52/full/0/default.jpg
dans	O	O	O	O	O	O	_	_	_	_	_	_
toutes	O	O	O	O	O	O	_	_	_	_	_	_
les	O	O	O	O	O	O	_	_	_	_	_	_
communes	O	O	O	O	O	O	_	_	_	_	_	_
de	O	O	O	O	O	O	_	_	_	_	_	_
celle	O	O	O	O	O	O	_	_	NoSpaceAfter	_	_	_
-	O	O	O	O	O	O	_	_	NoSpaceAfter	_	_	_
ci	O	O	O	O	O	O	_	_	NoSpaceAfter	_	_	_
.	O	O	O	O	O	O	_	_	_	EndOfSentence	_	_
Les	O	O	O	O	O	O	_	_	EndOfLine	_	_	_
# segment_iiif_link = https://impresso-project.ch/api/proxy/iiif/EXP-1915-11-19-a-p0005/37,481,547,53/full/0/default.jpg
condamnations	O	O	O	O	O	O	_	_	_	_	_	_
ont	O	O	O	O	O	O	_	_	_	_	_	_
été	O	O	O	O	O	O	_	_	_	_	_	_
prononcées	O	O	O	O	O	O	_	_	_	_	_	_
par	O	O	O	O	O	O	_	_	_	_	_	_
le	O	O	O	O	O	O	_	_	_	_	_	_
«	O	O	O	O	O	O	_	_	_	_	_	_
tribunal	O	O	O	O	O	O	_	_	EndOfLine	_	_	_
# segment_iiif_link = https://impresso-project.ch/api/proxy/iiif/EXP-1915-11-19-a-p0005/37,513,554,53/full/0/default.jpg
de	O	O	O	O	O	O	_	_	_	_	_	_
campagne	O	O	O	O	O	O	_	_	_	_	_	_
»	O	O	O	O	O	O	_	_	NoSpaceAfter	_	_	_
,	O	O	O	O	O	O	_	_	_	_	_	_
composé	O	O	O	O	O	O	_	_	_	_	_	_
uniquement	O	O	O	O	O	O	_	_	_	_	_	_
d	O	O	O	O	O	O	_	_	NoSpaceAfter	_	_	_
'	O	O	O	O	O	O	_	_	NoSpaceAfter	_	_	_
officiers	O	O	O	O	O	O	_	_	NoSpaceAfter	_	_	_
.	O	O	O	O	O	O	_	_	EndOfLine	EndOfSentence	_	_
# segment_iiif_link = https://impresso-project.ch/api/proxy/iiif/EXP-1915-11-19-a-p0005/59,539,526,53/full/0/default.jpg
A	O	O	O	O	O	O	_	_	_	_	_	_
Hatrk	O	O	O	O	O	O	_	_	NoSpaceAfter	_	_	_
'	O	O	O	O	O	O	_	_	NoSpaceAfter	_	_	_
bebe	O	O	O	O	O	O	_	_	NoSpaceAfter	_	_	_
,	O	O	O	O	O	O	_	_	_	_	_	_
petite	O	O	O	O	O	O	_	_	_	_	_	_
communie	O	O	O	O	O	O	_	_	_	_	_	_
de	O	O	O	O	O	O	_	_	_	_	_	_
Flandre	O	O	O	O	O	O	_	_	NoSpaceAfter	_	_	_
,	O	O	O	O	O	O	_	_	EndOfLine	_	_	_
# segment_iiif_link = https://impresso-project.ch/api/proxy/iiif/EXP-1915-11-19-a-p0005/35,569,550,53/full/0/default.jpg
voisine	O	O	O	O	O	O	_	_	_	_	_	_
de	O	O	O	O	O	O	_	_	_	_	_	_
Courtray	O	O	O	O	O	O	_	_	NoSpaceAfter	_	_	_
,	O	O	O	O	O	O	_	_	_	_	_	_
les	O	O	O	O	O	O	_	_	_	_	_	_
femmes	O	O	O	O	O	O	_	_	_	_	_	_
ayant	O	O	O	O	O	O	_	_	_	_	_	_
refusé	O	O	O	O	O	O	_	_	_	_	_	_
d	O	O	O	O	O	O	_	_	NoSpaceAfter	_	_	_
'	O	O	O	O	O	O	_	_	EndOfLine|NoSpaceAfter	_	_	_
# segment_iiif_link = https://impresso-project.ch/api/proxy/iiif/EXP-1915-11-19-a-p0005/35,598,552,53/full/0/default.jpg
exécuter	O	O	O	O	O	O	_	_	_	_	_	_
des	O	O	O	O	O	O	_	_	_	_	_	_
travaux	O	O	O	O	O	O	_	_	_	_	_	_
militaires	O	O	O	O	O	O	_	_	_	_	_	_
pour	O	O	O	O	O	O	_	_	_	_	_	_
les	O	O	O	O	O	O	_	_	_	_	_	_
Allemands	O	O	O	O	O	O	_	_	NoSpaceAfter	_	_	_
,	O	O	O	O	O	O	_	_	EndOfLine	_	_	_
# segment_iiif_link = https://impresso-project.ch/api/proxy/iiif/EXP-1915-11-19-a-p0005/34,626,551,53/full/0/default.jpg
,	O	O	O	O	O	O	_	_	_	_	_	_
vingt	O	O	O	O	O	O	_	_	NoSpaceAfter	_	_	_
-	O	O	O	O	O	O	_	_	NoSpaceAfter	_	_	_
neuf	O	O	O	O	O	O	_	_	_	_	_	_
d	O	O	O	O	O	O	_	_	NoSpaceAfter	_	_	_
'	O	O	O	O	O	O	_	_	NoSpaceAfter	_	_	_
entre	O	O	O	O	O	O	_	_	_	_	_	_
elles	O	O	O	O	O	O	_	_	_	_	_	_
ont	O	O	O	O	O	O	_	_	_	_	_	_
été	O	O	O	O	O	O	_	_	_	_	_	_
arrachées	O	O	O	O	O	O	_	_	_	_	_	_
de	O	O	O	O	O	O	_	_	EndOfLine	_	_	_
# segment_iiif_link = https://impresso-project.ch/api/proxy/iiif/EXP-1915-11-19-a-p0005/34,656,449,53/full/0/default.jpg
leurs	O	O	O	O	O	O	_	_	_	_	_	_
foyers	O	O	O	O	O	O	_	_	_	_	_	_
et	O	O	O	O	O	O	_	_	_	_	_	_
envoyées	O	O	O	O	O	O	_	_	_	_	_	_
en	O	O	O	O	O	O	_	_	_	_	_	_
Allemagne	O	O	O	O	O	O	_	_	NoSpaceAfter	_	_	_
.	O	O	O	O	O	O	_	_	EndOfLine	EndOfSentence	_	_
# segment_iiif_link = https://impresso-project.ch/api/proxy/iiif/EXP-1915-11-19-a-p0005/59,684,526,53/full/0/default.jpg
Un	O	O	O	O	O	O	_	_	_	_	_	_
arrêté	O	O	O	O	O	O	_	_	NoSpaceAfter	_	_	_
,	O	O	O	O	O	O	_	_	_	_	_	_
publié	O	O	O	O	O	O	_	_	_	_	_	_
dans	O	O	O	O	O	O	_	_	_	_	_	_
la	O	O	O	O	O	O	_	_	_	_	_	_
zone	O	O	O	O	O	O	_	_	_	_	_	_
des	O	O	O	O	O	O	_	_	_	_	_	_
étapes	O	O	O	O	O	O	_	_	_	_	_	_
et	O	O	O	O	O	O	_	_	EndOfLine	_	_	_
# segment_iiif_link = https://impresso-project.ch/api/proxy/iiif/EXP-1915-11-19-a-p0005/34,714,552,53/full/0/default.jpg
«	O	O	O	O	O	O	_	_	_	_	_	_
igné	O	O	O	O	O	O	_	_	_	_	_	_
par	O	O	O	O	O	O	_	_	_	_	_	_
le	O	O	O	O	O	O	_	_	_	_	_	_
lieutenant	O	O	O	O	O	O	_	_	NoSpaceAfter	_	_	_
-	O	O	O	O	O	O	_	_	NoSpaceAfter	_	_	_
général	O	O	O	O	O	O	_	_	_	_	_	_
von	O	O	O	O	O	O	_	_	_	_	_	_
Unger	O	O	O	O	O	O	_	_	NoSpaceAfter	_	_	_
,	O	O	O	O	O	O	_	_	EndOfLine	_	_	_
# segment_iiif_link = https://impresso-project.ch/api/proxy/iiif/EXP-1915-11-19-a-p0005/34,743,551,53/full/0/default.jpg
_	O	O	O	O	O	O	_	_	NoSpaceAfter	_	_	_
renouvelle	O	O	O	O	O	O	_	_	_	_	_	_
les	O	O	O	O	O	O	_	_	_	_	_	_
injonctions	O	O	O	O	O	O	_	_	_	_	_	_
antérieures	O	O	O	O	O	O	_	_	_	_	_	_
et	O	O	O	O	O	O	_	_	_	_	_	_
contient	O	O	O	O	O	O	_	_	EndOfLine	_	_	_
# segment_iiif_link = https://impresso-project.ch/api/proxy/iiif/EXP-1915-11-19-a-p0005/34,772,553,53/full/0/default.jpg
cet	O	O	O	O	O	O	_	_	_	_	_	_
aveu	O	O	O	O	O	O	_	_	NoSpaceAfter	_	_	_
-	O	O	O	O	O	O	_	_	_	_	_	_
dépouillé	O	O	O	O	O	O	_	_	_	_	_	_
d	O	O	O	O	O	O	_	_	NoSpaceAfter	_	_	_
'	O	O	O	O	O	O	_	_	NoSpaceAfter	_	_	_
artifice	O	O	O	O	O	O	_	_	_	_	_	_
:	O	O	O	O	O	O	_	_	_	_	_	_
«	O	O	O	O	O	O	_	_	_	_	_	_
Le	O	O	O	O	O	O	_	_	_	_	_	_
fait	O	O	O	O	O	O	_	_	_	_	_	_
qu	O	O	O	O	O	O	_	_	NoSpaceAfter	_	_	_
'	O	O	O	O	O	O	_	_	NoSpaceAfter	_	_	_
on	O	O	O	O	O	O	_	_	EndOfLine	_	_	_
# segment_iiif_link = https://impresso-project.ch/api/proxy/iiif/EXP-1915-11-19-a-p0005/34,801,552,53/full/0/default.jpg
invoque	O	O	O	O	O	O	_	_	_	_	_	_
des	O	O	O	O	O	O	_	_	_	_	_	_
lois	O	O	O	O	O	O	_	_	_	_	_	_
belges	O	O	O	O	O	O	_	_	_	_	_	_
soi	O	O	O	O	O	O	_	_	NoSpaceAfter	_	_	_
-	O	O	O	O	O	O	_	_	NoSpaceAfter	_	_	_
disant	O	O	O	O	O	O	_	_	_	_	_	_
contraires	O	O	O	O	O	O	_	_	_	_	_	_
ou	O	O	O	O	O	O	_	_	EndOfLine	_	_	_
# segment_iiif_link = https://impresso-project.ch/api/proxy/iiif/EXP-1915-11-19-a-p0005/32,831,554,53/full/0/default.jpg
même	O	O	O	O	O	O	_	_	_	_	_	_
des	O	O	O	O	O	O	_	_	_	_	_	_
conventions	O	O	O	O	O	O	_	_	_	_	_	_
internationales	O	O	O	O	O	O	_	_	_	_	_	_
ne	O	O	O	O	O	O	_	_	_	_	_	_
peut	O	O	O	O	O	O	_	_	EndOfLine	_	_	_
# segment_iiif_link = https://impresso-project.ch/api/proxy/iiif/EXP-1915-11-19-a-p0005/32,859,554,53/full/0/default.jpg
,	O	O	O	O	O	O	_	_	_	_	_	_
en	O	O	O	O	O	O	_	_	_	_	_	_
aucun	O	O	O	O	O	O	_	_	_	_	_	_
cas	O	O	O	O	O	O	_	_	_	_	_	_
justifier	O	O	O	O	O	O	_	_	_	_	_	_
le	O	O	O	O	O	O	_	_	_	_	_	_
refus	O	O	O	O	O	O	_	_	_	_	_	_
'	O	O	O	O	O	O	_	_	NoSpaceAfter	_	_	_
de	O	O	O	O	O	O	_	_	_	_	_	_
travailler	O	O	O	O	O	O	_	_	NoSpaceAfter	_	_	_
.	O	O	O	O	O	O	_	_	_	_	_	_
Au	O	O	O	O	O	O	_	_	EndOfLine	_	_	_
# segment_iiif_link = https://impresso-project.ch/api/proxy/iiif/EXP-1915-11-19-a-p0005/32,888,556,53/full/0/default.jpg
trajet	O	O	O	O	O	O	_	_	_	_	_	_
de	O	O	O	O	O	O	_	_	_	_	_	_
l	O	O	O	O	O	O	_	_	NoSpaceAfter	_	_	_
'	O	O	O	O	O	O	_	_	NoSpaceAfter	_	_	_
admissibilité	O	O	O	O	O	O	_	_	_	_	_	_
du	O	O	O	O	O	O	_	_	_	_	_	_
travail	O	O	O	O	O	O	_	_	NoSpaceAfter	_	_	_
,	O	O	O	O	O	O	_	_	_	_	_	_
le	O	O	O	O	O	O	_	_	EndOfLine	_	_	_
# segment_iiif_link = https://impresso-project.ch/api/proxy/iiif/EXP-1915-11-19-a-p0005/33,918,552,53/full/0/default.jpg
commandant	O	O	O	O	O	O	_	_	_	_	_	_
seul	O	O	O	O	O	O	_	_	_	_	_	_
a	O	O	O	O	O	O	_	_	_	_	_	_
le	O	O	O	O	O	O	_	_	_	_	_	_
droit	O	O	O	O	O	O	_	_	_	_	_	_
de	O	O	O	O	O	O	_	_	_	_	_	_
prendre	O	O	O	O	O	O	_	_	_	_	_	_
une	O	O	O	O	O	O	_	_	_	_	_	_
décision	O	O	O	O	O	O	_	_	NoSpaceAfter	_	_	_
.	O	O	O	O	O	O	_	_	_	_	_	_
»	O	O	O	O	O	O	_	_	EndOfLine	_	_	_
# segment_iiif_link = https://impresso-project.ch/api/proxy/iiif/EXP-1915-11-19-a-p0005/32,947,553,53/full/0/default.jpg
On	O	O	O	O	O	O	_	_	_	_	_	_
ne	O	O	O	O	O	O	_	_	_	_	_	_
peut	O	O	O	O	O	O	_	_	_	_	_	_
avouer	O	O	O	O	O	O	_	_	_	_	_	_
plus	O	O	O	O	O	O	_	_	_	_	_	_
cyniquement	O	O	O	O	O	O	_	_	_	_	_	_
le	O	O	O	O	O	O	_	_	_	_	_	_
mépris	O	O	O	O	O	O	_	_	EndOfLine	_	_	_
# segment_iiif_link = https://impresso-project.ch/api/proxy/iiif/EXP-1915-11-19-a-p0005/31,975,554,53/full/0/default.jpg
dams	O	O	O	O	O	O	_	_	_	_	_	_
lequel	O	O	O	O	O	O	_	_	_	_	_	_
l	O	O	O	O	O	O	_	_	NoSpaceAfter	_	_	_
'	O	O	O	O	O	O	_	_	NoSpaceAfter	_	_	_
armée	O	O	O	O	O	O	_	_	_	_	_	_
allemande	O	O	O	O	O	O	_	_	_	_	_	_
tient	O	O	O	O	O	O	_	_	_	_	_	_
la	O	O	O	O	O	O	_	_	EndOfLine	_	_	_
# segment_iiif_link = https://impresso-project.ch/api/proxy/iiif/EXP-1915-11-19-a-p0005/32,1003,475,53/full/0/default.jpg
convention	O	O	O	O	O	O	_	_	_	_	_	_
de	O	O	O	O	O	O	_	_	_	_	_	_
La	O	O	O	O	O	O	_	_	_	_	_	_
Haye	O	O	O	O	O	O	_	_	NoSpaceAfter	_	_	_
,	O	O	O	O	O	O	_	_	_	_	_	_
signée	O	O	O	O	O	O	_	_	_	_	_	_
par	O	O	O	O	O	O	_	_	_	_	_	_
l	O	O	O	O	O	O	_	_	NoSpaceAfter	_	_	_
'	O	O	O	O	O	O	_	_	NoSpaceAfter	_	_	_
Allemagne	O	O	O	O	O	O	_	_	NoSpaceAfter	_	_	_
.	O	O	O	O	O	O	_	_	EndOfLine	EndOfSentence	_	_
# segment_iiif_link = https://impresso-project.ch/api/proxy/iiif/EXP-1915-11-19-a-p0005/56,1030,539,53/full/0/default.jpg
Oes	O	O	O	O	O	O	_	_	_	_	_	_
jours	O	O	O	O	O	O	_	_	NoSpaceAfter	_	_	_
-	O	O	O	O	O	O	_	_	NoSpaceAfter	_	_	_
ci	O	O	O	O	O	O	_	_	NoSpaceAfter	_	_	_
,	O	O	O	O	O	O	_	_	_	_	_	_
a	O	O	O	O	O	O	_	_	_	_	_	_
été	O	O	O	O	O	O	_	_	_	_	_	_
arrêté	O	O	O	O	O	O	_	_	_	_	_	_
à	O	O	O	O	O	O	_	_	_	_	_	_
Sraxelles	O	O	O	O	O	O	_	_	_	_	_	_
un	O	O	O	O	O	O	_	_	_	_	_	_
librai	O	O	O	O	O	O	_	_	_	_	_	_
_	O	O	O	O	O	O	_	_	NoSpaceAfter	_	_	_
*	O	O	O	O	O	O	_	_	EndOfLine	_	_	_
# segment_iiif_link = https://impresso-project.ch/api/proxy/iiif/EXP-1915-11-19-a-p0005/34,1060,552,53/full/0/default.jpg
h	O	O	O	O	O	O	_	_	_	_	_	_
bien	O	O	O	O	O	O	_	_	_	_	_	_
connu	O	O	O	O	O	O	_	_	NoSpaceAfter	_	_	_
,	O	O	O	O	O	O	_	_	_	_	_	_
M	O	O	O	O	O	O	_	_	NoSpaceAfter	_	_	_
.	O	O	O	O	O	O	_	_	_	_	_	_
de	O	O	O	O	O	O	_	_	_	_	_	_
"	O	O	O	O	O	O	_	_	NoSpaceAfter	_	_	_
Wit	O	O	O	O	O	O	_	_	NoSpaceAfter	_	_	_
,	O	O	O	O	O	O	_	_	_	_	_	_
qui	O	O	O	O	O	O	_	_	_	_	_	_
habitait	O	O	O	O	O	O	_	_	_	_	_	_
rue	O	O	O	O	O	O	_	_	EndOfLine	_	_	_
# segment_iiif_link = https://impresso-project.ch/api/proxy/iiif/EXP-1915-11-19-a-p0005/33,1088,554,53/full/0/default.jpg
Royale	O	O	O	O	O	O	_	_	NoSpaceAfter	_	_	_
,	O	O	O	O	O	O	_	_	_	_	_	_
à	O	O	O	O	O	O	_	_	_	_	_	_
Bruxelles	O	O	O	O	O	O	_	_	NoSpaceAfter	_	_	_
.	O	O	O	O	O	O	_	_	_	EndOfSentence	_	_
Cette	O	O	O	O	O	O	_	_	_	_	_	_
arrestation	O	O	O	O	O	O	_	_	_	_	_	_
se	O	O	O	O	O	O	_	_	EndOfLine	_	_	_
# segment_iiif_link = https://impresso-project.ch/api/proxy/iiif/EXP-1915-11-19-a-p0005/32,1117,554,53/full/0/default.jpg
rapporterait	O	O	O	O	O	O	_	_	NoSpaceAfter	_	_	_
,	O	O	O	O	O	O	_	_	_	_	_	_
dit	O	O	O	O	O	O	_	_	NoSpaceAfter	_	_	_
-	O	O	O	O	O	O	_	_	NoSpaceAfter	_	_	_
on	O	O	O	O	O	O	_	_	NoSpaceAfter	_	_	_
,	O	O	O	O	O	O	_	_	_	_	_	_
à	O	O	O	O	O	O	_	_	_	_	_	_
la	O	O	O	O	O	O	_	_	_	_	_	_
publication	O	O	O	O	O	O	_	_	_	_	_	_
de	O	O	O	O	O	O	_	_	_	_	_	_
la	O	O	O	O	O	O	_	_	_	_	_	_
«	O	O	O	O	O	O	_	_	_	_	_	_
Libre	O	O	O	O	O	O	_	_	EndOfLine	_	_	_
# segment_iiif_link = https://impresso-project.ch/api/proxy/iiif/EXP-1915-11-19-a-p0005/32,1146,552,53/full/0/default.jpg
Belgique	O	O	O	O	O	O	_	_	_	_	_	_
»	O	O	O	O	O	O	_	_	NoSpaceAfter	_	_	_
,	O	O	O	O	O	O	_	_	_	_	_	_
ce	O	O	O	O	O	O	_	_	_	_	_	_
vaillant	O	O	O	O	O	O	_	_	_	_	_	_
petit	O	O	O	O	O	O	_	_	_	_	_	_
journal	O	O	O	O	O	O	_	_	_	_	_	_
belge	O	O	O	O	O	O	_	_	NoSpaceAfter	_	_	_
,	O	O	O	O	O	O	_	_	_	_	_	_
qui	O	O	O	O	O	O	_	_	NoSpaceAfter	_	_	_
,	O	O	O	O	O	O	_	_	EndOfLine	_	_	_
# segment_iiif_link = https://impresso-project.ch/api/proxy/iiif/EXP-1915-11-19-a-p0005/32,1175,551,53/full/0/default.jpg
depuis	O	O	O	O	O	O	_	_	_	_	_	_
dee	O	O	O	O	O	O	_	_	_	_	_	_
mois	O	O	O	O	O	O	_	_	NoSpaceAfter	_	_	_
,	O	O	O	O	O	O	_	_	_	_	_	_
circule	O	O	O	O	O	O	_	_	_	_	_	_
dans	O	O	O	O	O	O	_	_	_	_	_	_
tout	O	O	O	O	O	O	_	_	_	_	_	_
le	O	O	O	O	O	O	_	_	_	_	_	_
pays	O	O	O	O	O	O	_	_	_	_	_	_
©	O	O	O	O	O	O	_	_	_	_	_	_
ans	O	O	O	O	O	O	_	_	_	_	_	_
que	O	O	O	O	O	O	_	_	EndOfLine	_	_	_
# segment_iiif_link = https://impresso-project.ch/api/proxy/iiif/EXP-1915-11-19-a-p0005/32,1205,552,52/full/0/default.jpg
le	O	O	O	O	O	O	_	_	_	_	_	_
service	O	O	O	O	O	O	_	_	_	_	_	_
policier	O	O	O	O	O	O	_	_	_	_	_	_
des	O	O	O	O	O	O	_	_	_	_	_	_
Allemands	O	O	O	O	O	O	_	_	_	_	_	_
soit	O	O	O	O	O	O	_	_	_	_	_	_
parvenu	O	O	O	O	O	O	_	_	_	_	_	_
à	O	O	O	O	O	O	_	_	EndOfLine	_	_	_
# segment_iiif_link = https://impresso-project.ch/api/proxy/iiif/EXP-1915-11-19-a-p0005/31,1233,469,53/full/0/default.jpg
«	O	O	O	O	O	O	_	_	_	_	_	_
n	O	O	O	O	O	O	_	_	_	_	_	_
découvrir	O	O	O	O	O	O	_	_	_	_	_	_
ni	O	O	O	O	O	O	_	_	_	_	_	_
l	O	O	O	O	O	O	_	_	NoSpaceAfter	_	_	_
'	O	O	O	O	O	O	_	_	NoSpaceAfter	_	_	_
éditeur	O	O	O	O	O	O	_	_	_	_	_	_
ni	O	O	O	O	O	O	_	_	_	_	_	_
l	O	O	O	O	O	O	_	_	NoSpaceAfter	_	_	_
'	O	O	O	O	O	O	_	_	NoSpaceAfter	_	_	_
imprimeur	O	O	O	O	O	O	_	_	NoSpaceAfter	_	_	_
.	O	O	O	O	O	O	_	_	EndOfLine	_	_	_
# segment_iiif_link = https://impresso-project.ch/api/proxy/iiif/EXP-1915-11-19-a-p0005/56,1263,528,53/full/0/default.jpg
Ce	O	O	O	O	O	O	_	_	_	_	_	_
qui	O	O	O	O	O	O	_	_	_	_	_	_
motive	O	O	O	O	O	O	_	_	_	_	_	_
toutes	O	O	O	O	O	O	_	_	_	_	_	_
ces	O	O	O	O	O	O	_	_	_	_	_	_
persécutions	O	O	O	O	O	O	_	_	NoSpaceAfter	_	_	_
,	O	O	O	O	O	O	_	_	_	_	_	_
c	O	O	O	O	O	O	_	_	NoSpaceAfter	_	_	_
'	O	O	O	O	O	O	_	_	NoSpaceAfter	_	_	_
est	O	O	O	O	O	O	_	_	_	_	_	_
le	O	O	O	O	O	O	_	_	EndOfLine	_	_	_
# segment_iiif_link = https://impresso-project.ch/api/proxy/iiif/EXP-1915-11-19-a-p0005/31,1292,551,52/full/0/default.jpg
idépit	O	O	O	O	O	O	_	_	_	_	_	_
éprouvé	O	O	O	O	O	O	_	_	_	_	_	_
par	O	O	O	O	O	O	_	_	_	_	_	_
les	O	O	O	O	O	O	_	_	_	_	_	_
Allemands	O	O	O	O	O	O	_	_	_	_	_	_
en	O	O	O	O	O	O	_	_	_	_	_	_
voyant	O	O	O	O	O	O	_	_	EndOfLine	_	_	_
# segment_iiif_link = https://impresso-project.ch/api/proxy/iiif/EXP-1915-11-19-a-p0005/32,1322,551,52/full/0/default.jpg
l	O	O	O	O	O	O	_	_	NoSpaceAfter	_	_	_
'	O	O	O	O	O	O	_	_	NoSpaceAfter	_	_	_
inutilité	O	O	O	O	O	O	_	_	_	_	_	_
des	O	O	O	O	O	O	_	_	_	_	_	_
mesures	O	O	O	O	O	O	_	_	_	_	_	_
prises	O	O	O	O	O	O	_	_	_	_	_	_
à	O	O	O	O	O	O	_	_	_	_	_	_
la	O	O	O	O	O	O	_	_	_	_	_	_
frontière	O	O	O	O	O	O	_	_	_	_	_	_
pour	O	O	O	O	O	O	_	_	EndOfLine	_	_	_
# segment_iiif_link = https://impresso-project.ch/api/proxy/iiif/EXP-1915-11-19-a-p0005/31,1352,551,52/full/0/default.jpg
empêcher	O	O	O	O	O	O	_	_	_	_	_	_
les	O	O	O	O	O	O	_	_	_	_	_	_
jeunes	O	O	O	O	O	O	_	_	_	_	_	_
gens	O	O	O	O	O	O	_	_	_	_	_	_
patriotes	O	O	O	O	O	O	_	_	_	_	_	_
de	O	O	O	O	O	O	_	_	_	_	_	_
gagner	O	O	O	O	O	O	_	_	_	_	_	_
la	O	O	O	O	O	O	_	_	EndOfLine	_	_	_
# segment_iiif_link = https://impresso-project.ch/api/proxy/iiif/EXP-1915-11-19-a-p0005/31,1379,552,53/full/0/default.jpg
Hollande	O	O	O	O	O	O	_	_	_	_	_	_
pour	O	O	O	O	O	O	_	_	NoSpaceAfter	_	_	_
,	O	O	O	O	O	O	_	_	_	_	_	_
de	O	O	O	O	O	O	_	_	_	_	_	_
là	O	O	O	O	O	O	_	_	NoSpaceAfter	_	_	_
,	O	O	O	O	O	O	_	_	_	_	_	_
rejoindre	O	O	O	O	O	O	_	_	_	_	_	_
le	O	O	O	O	O	O	_	_	_	_	_	_
front	O	O	O	O	O	O	_	_	_	_	_	_
belge	O	O	O	O	O	O	_	_	EndOfLine	_	_	_
# segment_iiif_link = https://impresso-project.ch/api/proxy/iiif/EXP-1915-11-19-a-p0005/31,1409,550,52/full/0/default.jpg
par	O	O	O	O	O	O	_	_	NoSpaceAfter	_	_	_
.	O	O	O	O	O	O	_	_	_	_	_	_
l	O	O	O	O	O	O	_	_	NoSpaceAfter	_	_	_
'	O	O	O	O	O	O	_	_	NoSpaceAfter	_	_	_
Angleterre	O	O	O	O	O	O	_	_	NoSpaceAfter	_	_	_
.	O	O	O	O	O	O	_	_	_	_	_	_
Bes	O	O	O	O	O	O	_	_	_	_	_	_
milliers	O	O	O	O	O	O	_	_	_	_	_	_
et	O	O	O	O	O	O	_	_	_	_	_	_
des	O	O	O	O	O	O	_	_	_	_	_	_
milliers	O	O	O	O	O	O	_	_	_	_	_	_
ont	O	O	O	O	O	O	_	_	EndOfLine	_	_	_
# segment_iiif_link = https://impresso-project.ch/api/proxy/iiif/EXP-1915-11-19-a-p0005/31,1437,550,53/full/0/default.jpg
réussi	O	O	O	O	O	O	_	_	_	_	_	_
à	O	O	O	O	O	O	_	_	_	_	_	_
passer	O	O	O	O	O	O	_	_	_	_	_	_
outre	O	O	O	O	O	O	_	_	_	_	_	_
aux	O	O	O	O	O	O	_	_	_	_	_	_
fils	O	O	O	O	O	O	_	_	_	_	_	_
barbelés	O	O	O	O	O	O	_	_	_	_	_	_
et	O	O	O	O	O	O	_	_	_	_	_	_
aux	O	O	O	O	O	O	_	_	EndOfLine	_	_	_
# segment_iiif_link = https://impresso-project.ch/api/proxy/iiif/EXP-1915-11-19-a-p0005/31,1467,552,53/full/0/default.jpg
barrages	O	O	O	O	O	O	_	_	_	_	_	_
électriques	O	O	O	O	O	O	_	_	_	_	_	_
qui	O	O	O	O	O	O	_	_	_	_	_	_
ferment	O	O	O	O	O	O	_	_	_	_	_	_
la	O	O	O	O	O	O	_	_	_	_	_	_
frontière	O	O	O	O	O	O	_	_	EndOfLine	_	_	_
# segment_iiif_link = https://impresso-project.ch/api/proxy/iiif/EXP-1915-11-19-a-p0005/30,1496,552,53/full/0/default.jpg
depuis	O	O	O	O	O	O	_	_	_	_	_	_
Liège	O	O	O	O	O	O	_	_	_	_	_	_
jusqu	O	O	O	O	O	O	_	_	NoSpaceAfter	_	_	_
'	O	O	O	O	O	O	_	_	NoSpaceAfter	_	_	_
à	O	O	O	O	O	O	_	_	_	_	_	_
l	O	O	O	O	O	O	_	_	NoSpaceAfter	_	_	_
'	O	O	O	O	O	O	_	_	NoSpaceAfter	_	_	_
embouchure	O	O	O	O	O	O	_	_	_	_	_	_
de	O	O	O	O	O	O	_	_	_	_	_	_
l	O	O	O	O	O	O	_	_	NoSpaceAfter	_	_	_
'	O	O	O	O	O	O	_	_	NoSpaceAfter	_	_	_
Escaut	O	O	O	O	O	O	_	_	NoSpaceAfter	_	_	_
.	O	O	O	O	O	O	_	_	_	_	_	_
On	O	O	O	O	O	O	_	_	EndOfLine	_	_	_
# segment_iiif_link = https://impresso-project.ch/api/proxy/iiif/EXP-1915-11-19-a-p0005/30,1526,552,52/full/0/default.jpg
ne	O	O	O	O	O	O	_	_	_	_	_	_
peut	O	O	O	O	O	O	_	_	_	_	_	_
assez	O	O	O	O	O	O	_	_	_	_	_	_
admirer	O	O	O	O	O	O	_	_	_	_	_	_
le	O	O	O	O	O	O	_	_	_	_	_	_
courage	O	O	O	O	O	O	_	_	_	_	_	_
de	O	O	O	O	O	O	_	_	_	_	_	_
ceux	O	O	O	O	O	O	_	_	_	_	_	_
qui	O	O	O	O	O	O	_	_	EndOfLine	_	_	_
# segment_iiif_link = https://impresso-project.ch/api/proxy/iiif/EXP-1915-11-19-a-p0005/31,1555,551,53/full/0/default.jpg
tentent	O	O	O	O	O	O	_	_	_	_	_	_
de	O	O	O	O	O	O	_	_	_	_	_	_
franchir	O	O	O	O	O	O	_	_	_	_	_	_
cette	O	O	O	O	O	O	_	_	_	_	_	_
barrière	O	O	O	O	O	O	_	_	_	_	_	_
mortelle	O	O	O	O	O	O	_	_	NoSpaceAfter	_	_	_
,	O	O	O	O	O	O	_	_	_	_	_	_
car	O	O	O	O	O	O	_	_	EndOfLine	_	_	_
# segment_iiif_link = https://impresso-project.ch/api/proxy/iiif/EXP-1915-11-19-a-p0005/31,1584,550,53/full/0/default.jpg
la	O	O	O	O	O	O	_	_	_	_	_	_
moindre	O	O	O	O	O	O	_	_	_	_	_	_
imprudence	O	O	O	O	O	O	_	_	NoSpaceAfter	_	_	_
,	O	O	O	O	O	O	_	_	_	_	_	_
la	O	O	O	O	O	O	_	_	_	_	_	_
moindre	O	O	O	O	O	O	_	_	_	_	_	_
inattention	O	O	O	O	O	O	_	_	EndOfLine	_	_	_
# segment_iiif_link = https://impresso-project.ch/api/proxy/iiif/EXP-1915-11-19-a-p0005/32,1613,191,52/full/0/default.jpg
entraîne	O	O	O	O	O	O	_	_	_	_	_	_
la	O	O	O	O	O	O	_	_	_	_	_	_
mort	O	O	O	O	O	O	_	_	NoSpaceAfter	_	_	_
.	O	O	O	O	O	O	_	_	EndOfLine	_	_	_
# segment_iiif_link = https://impresso-project.ch/api/proxy/iiif/EXP-1915-11-19-a-p0005/53,1641,532,53/full/0/default.jpg
Dès	O	O	O	O	O	O	_	_	_	_	_	_
qu	O	O	O	O	O	O	_	_	NoSpaceAfter	_	_	_
'	O	O	O	O	O	O	_	_	NoSpaceAfter	_	_	_
on	O	O	O	O	O	O	_	_	_	_	_	_
approche	O	O	O	O	O	O	_	_	_	_	_	_
de	O	O	O	O	O	O	_	_	_	_	_	_
la	O	O	O	O	O	O	_	_	_	_	_	_
frontière	O	O	O	O	O	O	_	_	NoSpaceAfter	_	_	_
,	O	O	O	O	O	O	_	_	_	_	_	_
on	O	O	O	O	O	O	_	_	EndOfLine	_	_	_
# segment_iiif_link = https://impresso-project.ch/api/proxy/iiif/EXP-1915-11-19-a-p0005/30,1670,551,53/full/0/default.jpg
çoit	O	O	O	O	O	O	_	_	_	_	_	_
au	O	O	O	O	O	O	_	_	_	_	_	_
loin	O	O	O	O	O	O	_	_	_	_	_	_
le	O	O	O	O	O	O	_	_	_	_	_	_
réseau	O	O	O	O	O	O	_	_	_	_	_	_
des	O	O	O	O	O	O	_	_	_	_	_	_
fils	O	O	O	O	O	O	_	_	_	_	_	_
barbelés	O	O	O	O	O	O	_	_	_	_	_	_
qui	O	O	O	O	O	O	_	_	_	_	_	_
sont	O	O	O	O	O	O	_	_	EndOfLine	_	_	_
# segment_iiif_link = https://impresso-project.ch/api/proxy/iiif/EXP-1915-11-19-a-p0005/29,1702,553,53/full/0/default.jpg
tendus	O	O	O	O	O	O	_	_	_	_	_	_
sur	O	O	O	O	O	O	_	_	_	_	_	_
des	O	O	O	O	O	O	_	_	_	_	_	_
poteaux	O	O	O	O	O	O	_	_	_	_	_	_
de	O	O	O	O	O	O	_	_	_	_	_	_
bois	O	O	O	O	O	O	_	_	NoSpaceAfter	_	_	_
.	O	O	O	O	O	O	_	_	_	_	_	_
Derrière	O	O	O	O	O	O	_	_	_	_	_	_
ces	O	O	O	O	O	O	_	_	_	_	_	_
fils	O	O	O	O	O	O	_	_	EndOfLine	_	_	_
# segment_iiif_link = https://impresso-project.ch/api/proxy/iiif/EXP-1915-11-19-a-p0005/30,1730,553,52/full/0/default.jpg
barbelés	O	O	O	O	O	O	_	_	NoSpaceAfter	_	_	_
,	O	O	O	O	O	O	_	_	_	_	_	_
il	O	O	O	O	O	O	_	_	_	_	_	_
y	O	O	O	O	O	O	_	_	_	_	_	_
a	O	O	O	O	O	O	_	_	_	_	_	_
jusqu	O	O	O	O	O	O	_	_	NoSpaceAfter	_	_	_
'	O	O	O	O	O	O	_	_	NoSpaceAfter	_	_	_
à	O	O	O	O	O	O	_	_	_	_	_	_
cinq	O	O	O	O	O	O	_	_	_	_	_	_
fils	O	O	O	O	O	O	_	_	_	_	_	_
par	O	O	O	O	O	O	_	_	_	_	_	_
où	O	O	O	O	O	O	_	_	_	_	_	_
passe	O	O	O	O	O	O	_	_	_	_	_	_
le	O	O	O	O	O	O	_	_	EndOfLine	_	_	_
# segment_iiif_link = https://impresso-project.ch/api/proxy/iiif/EXP-1915-11-19-a-p0005/29,1760,556,52/full/0/default.jpg
courant	O	O	O	O	O	O	_	_	_	_	_	_
électrique	O	O	O	O	O	O	_	_	_	_	_	_
à	O	O	O	O	O	O	_	_	_	_	_	_
haute	O	O	O	O	O	O	_	_	_	_	_	_
tension	O	O	O	O	O	O	_	_	NoSpaceAfter	_	_	_
.	O	O	O	O	O	O	_	_	_	_	_	_
Oes	O	O	O	O	O	O	_	_	_	_	_	_
fils	O	O	O	O	O	O	_	_	_	_	_	_
sont	O	O	O	O	O	O	_	_	EndOfLine	_	_	_
# segment_iiif_link = https://impresso-project.ch/api/proxy/iiif/EXP-1915-11-19-a-p0005/31,1788,553,53/full/0/default.jpg
espacés	O	O	O	O	O	O	_	_	_	_	_	_
sur	O	O	O	O	O	O	_	_	_	_	_	_
une	O	O	O	O	O	O	_	_	_	_	_	_
hauteur	O	O	O	O	O	O	_	_	_	_	_	_
de	O	O	O	O	O	O	_	_	_	_	_	_
deux	O	O	O	O	O	O	_	_	_	_	_	_
mètres	O	O	O	O	O	O	_	_	_	_	_	_
et	O	O	O	O	O	O	_	_	EndOfLine	_	_	_
# segment_iiif_link = https://impresso-project.ch/api/proxy/iiif/EXP-1915-11-19-a-p0005/29,1817,554,53/full/0/default.jpg
supportés	O	O	O	O	O	O	_	_	_	_	_	_
par	O	O	O	O	O	O	_	_	_	_	_	_
dea	O	O	O	O	O	O	_	_	_	_	_	_
isolateurs	O	O	O	O	O	O	_	_	NoSpaceAfter	_	_	_
.	O	O	O	O	O	O	_	_	_	_	_	_
Ils	O	O	O	O	O	O	_	_	_	_	_	_
sont	O	O	O	O	O	O	_	_	_	_	_	_
protégés	O	O	O	O	O	O	_	_	_	_	_	_
de	O	O	O	O	O	O	_	_	EndOfLine	_	_	_
# segment_iiif_link = https://impresso-project.ch/api/proxy/iiif/EXP-1915-11-19-a-p0005/31,1846,555,53/full/0/default.jpg
chaque	O	O	O	O	O	O	_	_	_	_	_	_
côté	O	O	O	O	O	O	_	_	NoSpaceAfter	_	_	_
,	O	O	O	O	O	O	_	_	_	_	_	_
à	O	O	O	O	O	O	_	_	_	_	_	_
50	O	O	O	O	O	O	_	_	_	_	_	_
cm	O	O	O	O	O	O	_	_	NoSpaceAfter	_	_	_
.	O	O	O	O	O	O	_	_	_	_	_	_
de	O	O	O	O	O	O	_	_	_	_	_	_
distance	O	O	O	O	O	O	_	_	NoSpaceAfter	_	_	_
,	O	O	O	O	O	O	_	_	_	_	_	_
par	O	O	O	O	O	O	_	_	_	_	_	_
les	O	O	O	O	O	O	_	_	_	_	_	_
fils	O	O	O	O	O	O	_	_	EndOfLine	_	_	_
# segment_iiif_link = https://impresso-project.ch/api/proxy/iiif/EXP-1915-11-19-a-p0005/29,1876,555,53/full/0/default.jpg
barbelés	O	O	O	O	O	O	_	_	_	_	_	_
qui	O	O	O	O	O	O	_	_	_	_	_	_
doivent	O	O	O	O	O	O	_	_	_	_	_	_
protéger	O	O	O	O	O	O	_	_	_	_	_	_
ceux	O	O	O	O	O	O	_	_	_	_	_	_
qui	O	O	O	O	O	O	_	_	_	_	_	_
s	O	O	O	O	O	O	_	_	NoSpaceAfter	_	_	_
'	O	O	O	O	O	O	_	_	EndOfLine|NoSpaceAfter	_	_	_
# segment_iiif_link = https://impresso-project.ch/api/proxy/iiif/EXP-1915-11-19-a-p0005/29,1905,553,53/full/0/default.jpg
approchent	O	O	O	O	O	O	_	_	_	_	_	_
par	O	O	O	O	O	O	_	_	_	_	_	_
ignorance	O	O	O	O	O	O	_	_	_	_	_	_
du	O	O	O	O	O	O	_	_	_	_	_	_
danger	O	O	O	O	O	O	_	_	NoSpaceAfter	_	_	_
.	O	O	O	O	O	O	_	_	_	_	_	_
Mais	O	O	O	O	O	O	_	_	_	_	_	_
ces	O	O	O	O	O	O	_	_	_	_	_	_
fils	O	O	O	O	O	O	_	_	EndOfLine	_	_	_
# segment_iiif_link = https://impresso-project.ch/api/proxy/iiif/EXP-1915-11-19-a-p0005/29,1935,553,53/full/0/default.jpg
protecteurs	O	O	O	O	O	O	_	_	_	_	_	_
ne	O	O	O	O	O	O	_	_	_	_	_	_
sont	O	O	O	O	O	O	_	_	_	_	_	_
pa	O	O	O	O	O	O	_	_	_	_	_	_
®	O	O	O	O	O	O	_	_	_	_	_	_
placés	O	O	O	O	O	O	_	_	_	_	_	_
partout	O	O	O	O	O	O	_	_	NoSpaceAfter	_	_	_
,	O	O	O	O	O	O	_	_	_	_	_	_
et	O	O	O	O	O	O	_	_	_	_	_	_
c	O	O	O	O	O	O	_	_	NoSpaceAfter	_	_	_
'	O	O	O	O	O	O	_	_	NoSpaceAfter	_	_	_
est	O	O	O	O	O	O	_	_	EndOfLine	_	_	_
# segment_iiif_link = https://impresso-project.ch/api/proxy/iiif/EXP-1915-11-19-a-p0005/29,1965,558,53/full/0/default.jpg
ainsi	O	O	O	O	O	O	_	_	_	_	_	_
que	O	O	O	O	O	O	_	_	_	_	_	_
sont	O	O	O	O	O	O	_	_	_	_	_	_
arrivés	O	O	O	O	O	O	_	_	_	_	_	_
de	O	O	O	O	O	O	_	_	_	_	_	_
nombreux	O	O	O	O	O	O	_	_	_	_	_	_
accidents	O	O	O	O	O	O	_	_	EndOfLine	_	_	_
# segment_iiif_link = https://impresso-project.ch/api/proxy/iiif/EXP-1915-11-19-a-p0005/29,1994,553,52/full/0/default.jpg
Idont	O	O	O	O	O	O	_	_	_	_	_	_
des	O	O	O	O	O	O	_	_	_	_	_	_
paysans	O	O	O	O	O	O	_	_	NoSpaceAfter	_	_	_
,	O	O	O	O	O	O	_	_	_	_	_	_
des	O	O	O	O	O	O	_	_	_	_	_	_
femmes	O	O	O	O	O	O	_	_	NoSpaceAfter	_	_	_
-	O	O	O	O	O	O	_	_	_	_	_	_
et	O	O	O	O	O	O	_	_	_	_	_	_
des	O	O	O	O	O	O	_	_	_	_	_	_
enfants	O	O	O	O	O	O	_	_	_	_	_	_
ont	O	O	O	O	O	O	_	_	EndOfLine	_	_	_
# segment_iiif_link = https://impresso-project.ch/api/proxy/iiif/EXP-1915-11-19-a-p0005/29,2023,555,53/full/0/default.jpg
été	O	O	O	O	O	O	_	_	_	_	_	_
les	O	O	O	O	O	O	_	_	_	_	_	_
victimes	O	O	O	O	O	O	_	_	_	_	_	_
innocentes	O	O	O	O	O	O	_	_	_	_	_	_
!	O	O	O	O	O	O	_	_	_	_	_	_
De	O	O	O	O	O	O	_	_	_	_	_	_
cent	O	O	O	O	O	O	_	_	_	_	_	_
en	O	O	O	O	O	O	_	_	_	_	_	_
cent	O	O	O	O	O	O	_	_	EndOfLine	_	_	_
# segment_iiif_link = https://impresso-project.ch/api/proxy/iiif/EXP-1915-11-19-a-p0005/616,50,554,52/full/0/default.jpg
mètres	O	O	O	O	O	O	_	_	NoSpaceAfter	_	_	_
,	O	O	O	O	O	O	_	_	_	_	_	_
des	O	O	O	O	O	O	_	_	_	_	_	_
plaques	O	O	O	O	O	O	_	_	_	_	_	_
blanches	O	O	O	O	O	O	_	_	_	_	_	_
avertissent	O	O	O	O	O	O	_	_	_	_	_	_
du	O	O	O	O	O	O	_	_	_	_	_	_
danger	O	O	O	O	O	O	_	_	EndOfLine	_	_	_
# segment_iiif_link = https://impresso-project.ch/api/proxy/iiif/EXP-1915-11-19-a-p0005/617,78,551,53/full/0/default.jpg
de	O	O	O	O	O	O	_	_	_	_	_	_
ies	O	O	O	O	O	O	_	_	_	_	_	_
approcher	O	O	O	O	O	O	_	_	NoSpaceAfter	_	_	_
,	O	O	O	O	O	O	_	_	_	_	_	_
en	O	O	O	O	O	O	_	_	_	_	_	_
allemand	O	O	O	O	O	O	_	_	NoSpaceAfter	_	_	_
,	O	O	O	O	O	O	_	_	_	_	_	_
en	O	O	O	O	O	O	_	_	_	_	_	_
français	O	O	O	O	O	O	_	_	_	_	_	_
et	O	O	O	O	O	O	_	_	_	_	_	_
en	O	O	O	O	O	O	_	_	EndOfLine	_	_	_
# segment_iiif_link = https://impresso-project.ch/api/proxy/iiif/EXP-1915-11-19-a-p0005/604,108,564,53/full/0/default.jpg
,	O	O	O	O	O	O	_	_	_	_	_	_
flamand	O	O	O	O	O	O	_	_	_	_	_	_
:	O	O	O	O	O	O	_	_	_	_	_	_
«	O	O	O	O	O	O	_	_	_	_	_	_
Courant	O	O	O	O	O	O	_	_	_	_	_	_
à	O	O	O	O	O	O	_	_	_	_	_	_
haute	O	O	O	O	O	O	_	_	_	_	_	_
tension	O	O	O	O	O	O	_	_	NoSpaceAfter	_	_	_
.	O	O	O	O	O	O	_	_	_	_	_	_
Danger	O	O	O	O	O	O	_	_	_	_	_	_
de	O	O	O	O	O	O	_	_	EndOfLine	_	_	_
# segment_iiif_link = https://impresso-project.ch/api/proxy/iiif/EXP-1915-11-19-a-p0005/617,136,551,53/full/0/default.jpg
mort	O	O	O	O	O	O	_	_	NoSpaceAfter	_	_	_
.	O	O	O	O	O	O	_	_	_	_	_	_
»	O	O	O	O	O	O	_	_	NoSpaceAfter	_	_	_
.	O	O	O	O	O	O	_	_	_	EndOfSentence	_	_
Le	O	O	O	O	O	O	_	_	_	_	_	_
courant	O	O	O	O	O	O	_	_	_	_	_	_
de	O	O	O	O	O	O	_	_	_	_	_	_
2000	O	O	O	O	O	O	_	_	_	_	_	_
volts	O	O	O	O	O	O	_	_	_	_	_	_
est	O	O	O	O	O	O	_	_	_	_	_	_
envoyé	O	O	O	O	O	O	_	_	_	_	_	_
tout	O	O	O	O	O	O	_	_	EndOfLine	_	_	_
# segment_iiif_link = https://impresso-project.ch/api/proxy/iiif/EXP-1915-11-19-a-p0005/616,165,554,53/full/0/default.jpg
le	O	O	O	O	O	O	_	_	_	_	_	_
long	O	O	O	O	O	O	_	_	_	_	_	_
de	O	O	O	O	O	O	_	_	_	_	_	_
la	O	O	O	O	O	O	_	_	_	_	_	_
frontière	O	O	O	O	O	O	_	_	_	_	_	_
à	O	O	O	O	O	O	_	_	_	_	_	_
des	O	O	O	O	O	O	_	_	_	_	_	_
heures	O	O	O	O	O	O	_	_	_	_	_	_
irrégulières	O	O	O	O	O	O	_	_	EndOfLine	_	_	_
# segment_iiif_link = https://impresso-project.ch/api/proxy/iiif/EXP-1915-11-19-a-p0005/618,194,551,53/full/0/default.jpg
que	O	O	O	O	O	O	_	_	_	_	_	_
ne	O	O	O	O	O	O	_	_	_	_	_	_
connaissent	O	O	O	O	O	O	_	_	_	_	_	_
même	O	O	O	O	O	O	_	_	_	_	_	_
pas	O	O	O	O	O	O	_	_	_	_	_	_
les	O	O	O	O	O	O	_	_	_	_	_	_
sentinelles	O	O	O	O	O	O	_	_	EndOfLine	_	_	_
# segment_iiif_link = https://impresso-project.ch/api/proxy/iiif/EXP-1915-11-19-a-p0005/616,224,554,52/full/0/default.jpg
allemandes	O	O	O	O	O	O	_	_	_	_	_	_
échelonnées	O	O	O	O	O	O	_	_	_	_	_	_
de	O	O	O	O	O	O	_	_	_	_	_	_
cent	O	O	O	O	O	O	_	_	_	_	_	_
en	O	O	O	O	O	O	_	_	_	_	_	_
cent	O	O	O	O	O	O	_	_	_	_	_	_
mètres	O	O	O	O	O	O	_	_	NoSpaceAfter	_	_	_
.	O	O	O	O	O	O	_	_	EndOfLine	EndOfSentence	_	_
# segment_iiif_link = https://impresso-project.ch/api/proxy/iiif/EXP-1915-11-19-a-p0005/616,252,555,53/full/0/default.jpg
De	O	O	O	O	O	O	_	_	_	_	_	_
nombreuses	O	O	O	O	O	O	_	_	_	_	_	_
sentinelles	O	O	O	O	O	O	_	_	_	_	_	_
ont	O	O	O	O	O	O	_	_	_	_	_	_
ainsi	O	O	O	O	O	O	_	_	NoSpaceAfter	_	_	_
,	O	O	O	O	O	O	_	_	_	_	_	_
par	O	O	O	O	O	O	_	_	EndOfLine	_	_	_
# segment_iiif_link = https://impresso-project.ch/api/proxy/iiif/EXP-1915-11-19-a-p0005/617,282,222,53/full/0/default.jpg
ignorance	O	O	O	O	O	O	_	_	NoSpaceAfter	_	_	_
,	O	O	O	O	O	O	_	_	_	_	_	_
été	O	O	O	O	O	O	_	_	_	_	_	_
frappées	O	O	O	O	O	O	_	_	NoSpaceAfter	_	_	_
.	O	O	O	O	O	O	_	_	EndOfLine	EndOfSentence	_	_
# segment_iiif_link = https://impresso-project.ch/api/proxy/iiif/EXP-1915-11-19-a-p0005/731,329,318,67/full/0/default.jpg
Poignée	O	O	O	O	O	O	_	_	_	_	_	_
de	O	O	O	O	O	O	_	_	_	_	_	_
nouvelles	O	O	O	O	O	O	_	_	EndOfLine	_	_	_
# segment_iiif_link = https://impresso-project.ch/api/proxy/iiif/EXP-1915-11-19-a-p0005/643,379,527,53/full/0/default.jpg
LONDRES	O	O	O	O	O	O	_	_	NoSpaceAfter	_	_	_
,	O	O	O	O	O	O	_	_	_	_	_	_
17	O	O	O	O	O	O	_	_	_	_	_	_
(	O	O	O	O	O	O	_	_	NoSpaceAfter	_	_	_
Havas	B-org	O	B-org.ent.pressagency.Havas	O	O	O	Q2826560	_	NoSpaceAfter	_	LED0.00	_
)	O	O	O	O	O	O	_	_	NoSpaceAfter	_	_	_
.	O	O	O	O	O	O	_	_	_	EndOfSentence	_	_
—	O	O	O	O	O	O	_	_	_	_	_	_
Mercredi	O	O	O	O	O	O	_	_	NoSpaceAfter	_	_	_
,	O	O	O	O	O	O	_	_	_	_	_	_
à	O	O	O	O	O	O	_	_	_	_	_	_
la	O	O	O	O	O	O	_	_	EndOfLine	_	_	_
# segment_iiif_link = https://impresso-project.ch/api/proxy/iiif/EXP-1915-11-19-a-p0005/618,408,551,53/full/0/default.jpg
Chambre	O	O	O	O	O	O	_	_	_	_	_	_
des	O	O	O	O	O	O	_	_	_	_	_	_
communes	O	O	O	O	O	O	_	_	NoSpaceAfter	_	_	_
,	O	O	O	O	O	O	_	_	_	_	_	_
le	O	O	O	O	O	O	_	_	_	_	_	_
secrétaire	O	O	O	O	O	O	_	_	_	_	_	_
de	O	O	O	O	O	O	_	_	EndOfLine	_	_	_
# segment_iiif_link = https://impresso-project.ch/api/proxy/iiif/EXP-1915-11-19-a-p0005/617,437,552,52/full/0/default.jpg
l	O	O	O	O	O	O	_	_	NoSpaceAfter	_	_	_
'	O	O	O	O	O	O	_	_	NoSpaceAfter	_	_	_
intérieur	O	O	O	O	O	O	_	_	_	_	_	_
a	O	O	O	O	O	O	_	_	_	_	_	_
déclaré	O	O	O	O	O	O	_	_	_	_	_	_
que	O	O	O	O	O	O	_	_	_	_	_	_
les	O	O	O	O	O	O	_	_	_	_	_	_
sujets	O	O	O	O	O	O	_	_	_	_	_	_
britanniques	O	O	O	O	O	O	_	_	_	_	_	_
en	O	O	O	O	O	O	_	_	EndOfLine	_	_	_
# segment_iiif_link = https://impresso-project.ch/api/proxy/iiif/EXP-1915-11-19-a-p0005/617,466,551,53/full/0/default.jpg
âge	O	O	O	O	O	O	_	_	_	_	_	_
de	O	O	O	O	O	O	_	_	_	_	_	_
porter	O	O	O	O	O	O	_	_	_	_	_	_
les	O	O	O	O	O	O	_	_	_	_	_	_
armes	O	O	O	O	O	O	_	_	NoSpaceAfter	_	_	_
,	O	O	O	O	O	O	_	_	_	_	_	_
qui	O	O	O	O	O	O	_	_	_	_	_	_
désirent	O	O	O	O	O	O	_	_	_	_	_	_
quitter	O	O	O	O	O	O	_	_	_	_	_	_
le	O	O	O	O	O	O	_	_	EndOfLine	_	_	_
# segment_iiif_link = https://impresso-project.ch/api/proxy/iiif/EXP-1915-11-19-a-p0005/616,495,551,53/full/0/default.jpg
Royaume	O	O	O	O	O	O	_	_	NoSpaceAfter	_	_	_
-	O	O	O	O	O	O	_	_	NoSpaceAfter	_	_	_
Uni	O	O	O	O	O	O	_	_	_	_	_	_
pendant	O	O	O	O	O	O	_	_	_	_	_	_
la	O	O	O	O	O	O	_	_	_	_	_	_
guerre	O	O	O	O	O	O	_	_	NoSpaceAfter	_	_	_
,	O	O	O	O	O	O	_	_	_	_	_	_
devront	O	O	O	O	O	O	_	_	_	_	_	_
se	O	O	O	O	O	O	_	_	EndOfLine	_	_	_
# segment_iiif_link = https://impresso-project.ch/api/proxy/iiif/EXP-1915-11-19-a-p0005/616,524,364,53/full/0/default.jpg
procurer	O	O	O	O	O	O	_	_	_	_	_	_
une	O	O	O	O	O	O	_	_	_	_	_	_
autorisation	O	O	O	O	O	O	_	_	_	_	_	_
spéciale	O	O	O	O	O	O	_	_	NoSpaceAfter	_	_	_
.	O	O	O	O	O	O	_	_	EndOfLine	EndOfSentence	_	_
# segment_iiif_link = https://impresso-project.ch/api/proxy/iiif/EXP-1915-11-19-a-p0005/643,569,526,53/full/0/default.jpg
PARIS	O	O	O	O	O	O	_	_	NoSpaceAfter	_	_	_
,	O	O	O	O	O	O	_	_	_	EndOfSentence	_	_
17	O	O	O	O	O	O	_	_	NoSpaceAfter	_	_	_
.	O	O	O	O	O	O	_	_	_	_	_	_
—	O	O	O	O	O	O	_	_	_	_	_	_
La	O	O	O	O	O	O	_	_	_	_	_	_
commission	O	O	O	O	O	O	_	_	_	_	_	_
sénatoriale	O	O	O	O	O	O	_	_	_	_	_	_
de	O	O	O	O	O	O	_	_	EndOfLine	_	_	_
# segment_iiif_link = https://impresso-project.ch/api/proxy/iiif/EXP-1915-11-19-a-p0005/617,598,553,53/full/0/default.jpg
l	O	O	O	O	O	O	_	_	NoSpaceAfter	_	_	_
'	O	O	O	O	O	O	_	_	NoSpaceAfter	_	_	_
armée	O	O	O	O	O	O	_	_	NoSpaceAfter	_	_	_
,	O	O	O	O	O	O	_	_	_	_	_	_
réunie	O	O	O	O	O	O	_	_	_	_	_	_
sous	O	O	O	O	O	O	_	_	_	_	_	_
la	O	O	O	O	O	O	_	_	_	_	_	_
présidence	O	O	O	O	O	O	_	_	_	_	_	_
de	O	O	O	O	O	O	_	_	_	_	_	_
M	O	O	O	O	O	O	_	_	NoSpaceAfter	_	_	_
.	O	O	O	O	O	O	_	_	EndOfLine	_	_	_
# segment_iiif_link = https://impresso-project.ch/api/proxy/iiif/EXP-1915-11-19-a-p0005/616,627,551,53/full/0/default.jpg
Clemenceau	O	O	O	O	O	O	_	_	NoSpaceAfter	_	_	_
,	O	O	O	O	O	O	_	_	_	_	_	_
:	O	O	O	O	O	O	_	_	_	_	_	_
a	O	O	O	O	O	O	_	_	_	_	_	_
adopté	O	O	O	O	O	O	_	_	_	_	_	_
à	O	O	O	O	O	O	_	_	_	_	_	_
l	O	O	O	O	O	O	_	_	NoSpaceAfter	_	_	_
'	O	O	O	O	O	O	_	_	NoSpaceAfter	_	_	_
unanimité	O	O	O	O	O	O	_	_	_	_	_	_
un	O	O	O	O	O	O	_	_	_	_	_	_
ordre	O	O	O	O	O	O	_	_	_	_	_	_
du	O	O	O	O	O	O	_	_	_	_	_	_
jour	O	O	O	O	O	O	_	_	EndOfLine	_	_	_
# segment_iiif_link = https://impresso-project.ch/api/proxy/iiif/EXP-1915-11-19-a-p0005/617,657,553,53/full/0/default.jpg
insistant	O	O	O	O	O	O	_	_	_	_	_	_
pour	O	O	O	O	O	O	_	_	_	_	_	_
l	O	O	O	O	O	O	_	_	NoSpaceAfter	_	_	_
'	O	O	O	O	O	O	_	_	NoSpaceAfter	_	_	_
emploi	O	O	O	O	O	O	_	_	_	_	_	_
sans	O	O	O	O	O	O	_	_	_	_	_	_
réserve	O	O	O	O	O	O	_	_	_	_	_	_
par	O	O	O	O	O	O	_	_	_	_	_	_
l	O	O	O	O	O	O	_	_	NoSpaceAfter	_	_	_
'	O	O	O	O	O	O	_	_	NoSpaceAfter	_	_	_
armée	O	O	O	O	O	O	_	_	EndOfLine	_	_	_
# segment_iiif_link = https://impresso-project.ch/api/proxy/iiif/EXP-1915-11-19-a-p0005/618,686,350,52/full/0/default.jpg
française	O	O	O	O	O	O	_	_	_	_	_	_
des	O	O	O	O	O	O	_	_	_	_	_	_
gaz	O	O	O	O	O	O	_	_	_	_	_	_
asphyxiants	O	O	O	O	O	O	_	_	NoSpaceAfter	_	_	_
.	O	O	O	O	O	O	_	_	EndOfLine	EndOfSentence	_	_
# segment_iiif_link = https://impresso-project.ch/api/proxy/iiif/EXP-1915-11-19-a-p0005/643,731,529,52/full/0/default.jpg
ROME	O	O	O	O	O	O	_	_	NoSpaceAfter	_	_	_
,	O	O	O	O	O	O	_	_	_	_	_	_
17	O	O	O	O	O	O	_	_	_	_	_	_
(	O	O	O	O	O	O	_	_	NoSpaceAfter	_	_	_
Stefani	O	O	O	O	O	O	Q1415690	_	NoSpaceAfter	_	LED0.00	_
)	O	O	O	O	O	O	_	_	NoSpaceAfter	_	_	_
.	O	O	O	O	O	O	_	_	_	EndOfSentence	_	_
—	O	O	O	O	O	O	_	_	_	_	_	_
On	O	O	O	O	O	O	_	_	_	_	_	_
mande	O	O	O	O	O	O	_	_	_	_	_	_
de	O	O	O	O	O	O	_	_	_	_	_	_
Naples	O	O	O	O	O	O	_	_	EndOfLine	_	_	_
# segment_iiif_link = https://impresso-project.ch/api/proxy/iiif/EXP-1915-11-19-a-p0005/618,760,205,53/full/0/default.jpg
à	O	O	O	O	O	O	_	_	_	_	_	_
la	O	O	O	O	O	O	_	_	_	_	_	_
«	O	O	O	O	O	O	_	_	_	_	_	_
Tribuna	O	O	O	O	O	O	_	_	_	_	_	_
»	O	O	O	O	O	O	_	_	_	_	_	_
:	O	O	O	O	O	O	_	_	EndOfLine	_	_	_
# segment_iiif_link = https://impresso-project.ch/api/proxy/iiif/EXP-1915-11-19-a-p0005/645,789,526,53/full/0/default.jpg
Selon	O	O	O	O	O	O	_	_	_	_	_	_
des	O	O	O	O	O	O	_	_	_	_	_	_
passagers	O	O	O	O	O	O	_	_	_	_	_	_
du	O	O	O	O	O	O	_	_	_	_	_	_
Steamer	O	O	O	O	O	O	_	_	_	_	_	_
«	O	O	O	O	O	O	_	_	_	_	_	_
Bucarest	O	O	O	O	O	O	_	_	_	_	_	_
»	O	O	O	O	O	O	_	_	NoSpaceAfter	_	_	_
,	O	O	O	O	O	O	_	_	EndOfLine	_	_	_
# segment_iiif_link = https://impresso-project.ch/api/proxy/iiif/EXP-1915-11-19-a-p0005/619,818,551,53/full/0/default.jpg
en	O	O	O	O	O	O	_	_	_	_	_	_
provenance	O	O	O	O	O	O	_	_	_	_	_	_
de	O	O	O	O	O	O	_	_	_	_	_	_
Salonique	O	O	O	O	O	O	_	_	NoSpaceAfter	_	_	_
,	O	O	O	O	O	O	_	_	_	_	_	_
les	O	O	O	O	O	O	_	_	_	_	_	_
navires	O	O	O	O	O	O	_	_	_	_	_	_
de	O	O	O	O	O	O	_	_	EndOfLine	_	_	_
# segment_iiif_link = https://impresso-project.ch/api/proxy/iiif/EXP-1915-11-19-a-p0005/608,842,563,53/full/0/default.jpg
'	O	O	O	O	O	O	_	_	NoSpaceAfter	_	_	_
guerre	O	O	O	O	O	O	_	_	_	_	_	_
alliés	O	O	O	O	O	O	_	_	_	_	_	_
croisant	O	O	O	O	O	O	_	_	_	_	_	_
dans	O	O	O	O	O	O	_	_	_	_	_	_
la	O	O	O	O	O	O	_	_	_	_	_	_
mer	O	O	O	O	O	O	_	_	_	_	_	_
Egée	O	O	O	O	O	O	_	_	_	_	_	_
ont	O	O	O	O	O	O	_	_	EndOfLine	_	_	_
# segment_iiif_link = https://impresso-project.ch/api/proxy/iiif/EXP-1915-11-19-a-p0005/619,876,338,53/full/0/default.jpg
capturé	O	O	O	O	O	O	_	_	_	_	_	_
six	O	O	O	O	O	O	_	_	_	_	_	_
sous	O	O	O	O	O	O	_	_	NoSpaceAfter	_	_	_
-	O	O	O	O	O	O	_	_	NoSpaceAfter	_	_	_
marins	O	O	O	O	O	O	_	_	_	_	_	_
ennemis	O	O	O	O	O	O	_	_	NoSpaceAfter	_	_	_
.	O	O	O	O	O	O	_	_	EndOfLine	EndOfSentence	_	_
# segment_iiif_link = https://impresso-project.ch/api/proxy/iiif/EXP-1915-11-19-a-p0005/643,921,534,53/full/0/default.jpg
NEW	O	O	O	O	O	O	_	_	NoSpaceAfter	_	_	_
-	O	O	O	O	O	O	_	_	NoSpaceAfter	_	_	_
YORK	O	O	O	O	O	O	_	_	_	_	_	_
,	O	O	O	O	O	O	_	_	NoSpaceAfter	_	_	_
-	O	O	O	O	O	O	_	_	NoSpaceAfter	_	_	_
17	O	O	O	O	O	O	_	_	NoSpaceAfter	_	_	_
.	O	O	O	O	O	O	_	_	_	EndOfSentence	_	_
—	O	O	O	O	O	O	_	_	_	_	_	_
Trois	O	O	O	O	O	O	_	_	_	_	_	_
incendies	O	O	O	O	O	O	_	_	_	_	_	_
ont	O	O	O	O	O	O	_	_	_	_	_	_
éclaté	O	O	O	O	O	O	_	_	EndOfLine	_	_	_
# segment_iiif_link = https://impresso-project.ch/api/proxy/iiif/EXP-1915-11-19-a-p0005/617,948,553,53/full/0/default.jpg
hier	O	O	O	O	O	O	_	_	_	_	_	_
soir	O	O	O	O	O	O	_	_	_	_	_	_
parmi	O	O	O	O	O	O	_	_	_	_	_	_
des	O	O	O	O	O	O	_	_	_	_	_	_
vagons	O	O	O	O	O	O	_	_	_	_	_	_
en	O	O	O	O	O	O	_	_	_	_	_	_
gare	O	O	O	O	O	O	_	_	_	_	_	_
de	O	O	O	O	O	O	_	_	EndOfLine	_	_	_
# segment_iiif_link = https://impresso-project.ch/api/proxy/iiif/EXP-1915-11-19-a-p0005/617,977,553,52/full/0/default.jpg
West	O	O	O	O	O	O	_	_	NoSpaceAfter	_	_	_
-	O	O	O	O	O	O	_	_	NoSpaceAfter	_	_	_
Awkon	O	O	O	O	O	O	_	_	_	_	_	_
(	O	O	O	O	O	O	_	_	NoSpaceAfter	_	_	_
New	O	O	O	O	O	O	_	_	NoSpaceAfter	_	_	_
-	O	O	O	O	O	O	_	_	NoSpaceAfter	_	_	_
Jersey	O	O	O	O	O	O	_	_	NoSpaceAfter	_	_	_
)	O	O	O	O	O	O	_	_	NoSpaceAfter	_	_	_
.	O	O	O	O	O	O	_	_	_	EndOfSentence	_	_
Le	O	O	O	O	O	O	_	_	_	_	_	_
train	O	O	O	O	O	O	_	_	_	_	_	_
contenait	O	O	O	O	O	O	_	_	_	_	_	_
500	O	O	O	O	O	O	_	_	EndOfLine	_	_	_
# segment_iiif_link = https://impresso-project.ch/api/proxy/iiif/EXP-1915-11-19-a-p0005/616,1005,552,53/full/0/default.jpg
vaux	O	O	O	O	O	O	_	_	_	_	_	_
destinés	O	O	O	O	O	O	_	_	_	_	_	_
aux	O	O	O	O	O	O	_	_	_	_	_	_
allliés	O	O	O	O	O	O	_	_	NoSpaceAfter	_	_	_
.	O	O	O	O	O	O	_	_	_	EndOfSentence	_	_
On	O	O	O	O	O	O	_	_	_	_	_	_
suppose	O	O	O	O	O	O	_	_	_	_	_	_
que	O	O	O	O	O	O	_	_	_	_	_	_
des	O	O	O	O	O	O	_	_	EndOfLine	_	_	_
# segment_iiif_link = https://impresso-project.ch/api/proxy/iiif/EXP-1915-11-19-a-p0005/617,1034,471,52/full/0/default.jpg
espions	O	O	O	O	O	O	_	_	_	_	_	_
allemands	O	O	O	O	O	O	_	_	_	_	_	_
ont	O	O	O	O	O	O	_	_	_	_	_	_
allumé	O	O	O	O	O	O	_	_	_	_	_	_
l	O	O	O	O	O	O	_	_	NoSpaceAfter	_	_	_
'	O	O	O	O	O	O	_	_	NoSpaceAfter	_	_	_
incendie	O	O	O	O	O	O	_	_	NoSpaceAfter	_	_	_
.	O	O	O	O	O	O	_	_	EndOfLine	EndOfSentence	_	_
# segment_iiif_link = https://impresso-project.ch/api/proxy/iiif/EXP-1915-11-19-a-p0005/642,1072,531,65/full/0/default.jpg
P	O	O	O	O	O	O	_	_	_	_	_	_
A	O	O	O	O	O	O	_	_	_	_	_	_
RIS	O	O	O	O	O	O	_	_	NoSpaceAfter	_	_	_
,	O	O	O	O	O	O	_	_	_	_	_	_
18	O	O	O	O	O	O	_	_	_	_	_	_
(	O	O	O	O	O	O	_	_	NoSpaceAfter	_	_	_
Havas	B-org	O	B-org.ent.pressagency.Havas	O	O	O	Q2826560	_	NoSpaceAfter	_	LED0.00	_
)	O	O	O	O	O	O	_	_	NoSpaceAfter	_	_	_
.	O	O	O	O	O	O	_	_	_	EndOfSentence	_	_
—	O	O	O	O	O	O	_	_	_	_	_	_
Le	O	O	O	O	O	O	_	_	_	_	_	_
«	O	O	O	O	O	O	_	_	_	_	_	_
Figaro	O	O	O	O	O	O	_	_	_	_	_	_
»	O	O	O	O	O	O	_	_	_	_	_	_
affirme	O	O	O	O	O	O	_	_	EndOfLine	_	_	_
# segment_iiif_link = https://impresso-project.ch/api/proxy/iiif/EXP-1915-11-19-a-p0005/617,1107,553,53/full/0/default.jpg
que	O	O	O	O	O	O	_	_	NoSpaceAfter	_	_	_
,	O	O	O	O	O	O	_	_	_	_	_	_
malgré	O	O	O	O	O	O	_	_	_	_	_	_
les	O	O	O	O	O	O	_	_	_	_	_	_
assurances	O	O	O	O	O	O	_	_	_	_	_	_
données	O	O	O	O	O	O	_	_	_	_	_	_
par	O	O	O	O	O	O	_	_	_	_	_	_
le	O	O	O	O	O	O	_	_	EndOfLine	_	_	_
# segment_iiif_link = https://impresso-project.ch/api/proxy/iiif/EXP-1915-11-19-a-p0005/616,1137,556,53/full/0/default.jpg
gouvernement	O	O	O	O	O	O	_	_	_	_	_	_
grec	O	O	O	O	O	O	_	_	_	_	_	_
et	O	O	O	O	O	O	_	_	_	_	_	_
selon	O	O	O	O	O	O	_	_	_	_	_	_
lesquelles	O	O	O	O	O	O	_	_	_	_	_	_
les	O	O	O	O	O	O	_	_	EndOfLine	_	_	_
# segment_iiif_link = https://impresso-project.ch/api/proxy/iiif/EXP-1915-11-19-a-p0005/616,1166,554,53/full/0/default.jpg
sous	O	O	O	O	O	O	_	_	NoSpaceAfter	_	_	_
-	O	O	O	O	O	O	_	_	NoSpaceAfter	_	_	_
marins	O	O	O	O	O	O	_	_	_	_	_	_
aliema	O	O	O	O	O	O	_	_	NoSpaceAfter	_	_	_
'	O	O	O	O	O	O	_	_	NoSpaceAfter	_	_	_
nds	O	O	O	O	O	O	_	_	_	_	_	_
ne	O	O	O	O	O	O	_	_	_	_	_	_
se	O	O	O	O	O	O	_	_	_	_	_	_
ravitailleraient	O	O	O	O	O	O	_	_	_	_	_	_
pas	O	O	O	O	O	O	_	_	_	_	_	_
dans	O	O	O	O	O	O	_	_	EndOfLine	_	_	_
# segment_iiif_link = https://impresso-project.ch/api/proxy/iiif/EXP-1915-11-19-a-p0005/615,1196,555,52/full/0/default.jpg
les	O	O	O	O	O	O	_	_	_	_	_	_
ports	O	O	O	O	O	O	_	_	_	_	_	_
grecs	O	O	O	O	O	O	_	_	NoSpaceAfter	_	_	_
,	O	O	O	O	O	O	_	_	_	_	_	_
ces	O	O	O	O	O	O	_	_	_	_	_	_
navires	O	O	O	O	O	O	_	_	_	_	_	_
continuent	O	O	O	O	O	O	_	_	_	_	_	_
à	O	O	O	O	O	O	_	_	_	_	_	_
se	O	O	O	O	O	O	_	_	EndOfLine	_	_	_
# segment_iiif_link = https://impresso-project.ch/api/proxy/iiif/EXP-1915-11-19-a-p0005/616,1224,555,53/full/0/default.jpg
ravitailler	O	O	O	O	O	O	_	_	NoSpaceAfter	_	_	_
,	O	O	O	O	O	O	_	_	_	_	_	_
notamment	O	O	O	O	O	O	_	_	_	_	_	_
à	O	O	O	O	O	O	_	_	_	_	_	_
Corfou	O	O	O	O	O	O	_	_	NoSpaceAfter	_	_	_
,	O	O	O	O	O	O	_	_	_	_	_	_
au	O	O	O	O	O	O	_	_	_	_	_	_
château	O	O	O	O	O	O	_	_	_	_	_	_
de	O	O	O	O	O	O	_	_	_	_	_	_
l	O	O	O	O	O	O	_	_	NoSpaceAfter	_	_	_
'	O	O	O	O	O	O	_	_	NoSpaceAfter	_	_	_
A	O	O	O	O	O	O	_	_	_	_	_	_
»	O	O	O	O	O	O	_	_	EndOfLine	_	_	_
# segment_iiif_link = https://impresso-project.ch/api/proxy/iiif/EXP-1915-11-19-a-p0005/615,1253,556,52/full/0/default.jpg
chilleion	O	O	O	O	O	O	_	_	NoSpaceAfter	_	_	_
,	O	O	O	O	O	O	_	_	_	_	_	_
ancienne	O	O	O	O	O	O	_	_	_	_	_	_
propriété	O	O	O	O	O	O	_	_	_	_	_	_
de	O	O	O	O	O	O	_	_	_	_	_	_
l	O	O	O	O	O	O	_	_	NoSpaceAfter	_	_	_
'	O	O	O	O	O	O	_	_	NoSpaceAfter	_	_	_
impératrice	O	O	O	O	O	O	_	_	EndOfLine	_	_	_
# segment_iiif_link = https://impresso-project.ch/api/proxy/iiif/EXP-1915-11-19-a-p0005/614,1282,557,53/full/0/default.jpg
d	O	O	O	O	O	O	_	_	NoSpaceAfter	_	_	_
'	O	O	O	O	O	O	_	_	NoSpaceAfter	_	_	_
Autriche	O	O	O	O	O	O	_	_	_	_	_	_
et	O	O	O	O	O	O	_	_	_	_	_	_
appartenant	O	O	O	O	O	O	_	_	_	_	_	_
actuellement	O	O	O	O	O	O	_	_	_	_	_	_
à	O	O	O	O	O	O	_	_	_	_	_	_
l	O	O	O	O	O	O	_	_	NoSpaceAfter	_	_	_
'	O	O	O	O	O	O	_	_	EndOfLine|NoSpaceAfter	_	_	_
# segment_iiif_link = https://impresso-project.ch/api/proxy/iiif/EXP-1915-11-19-a-p0005/613,1311,248,53/full/0/default.jpg
empereur	O	O	O	O	O	O	_	_	_	_	_	_
Guillaume	O	O	O	O	O	O	_	_	_	_	_	_
II	O	O	O	O	O	O	_	_	NoSpaceAfter	_	_	_
.	O	O	O	O	O	O	_	_	EndOfLine	EndOfSentence	_	_
# segment_iiif_link = https://impresso-project.ch/api/proxy/iiif/EXP-1915-11-19-a-p0005/641,1356,527,53/full/0/default.jpg
MILAN	O	O	O	O	O	O	_	_	NoSpaceAfter	_	_	_
,	O	O	O	O	O	O	_	_	_	EndOfSentence	_	_
18	O	O	O	O	O	O	_	_	NoSpaceAfter	_	_	_
.	O	O	O	O	O	O	_	_	_	_	_	_
—	O	O	O	O	O	O	_	_	_	_	_	_
Le	O	O	O	O	O	O	_	_	_	_	_	_
t	O	O	O	O	O	O	_	_	_	_	_	_
Corriere	O	O	O	O	O	O	_	_	_	_	_	_
délia	O	O	O	O	O	O	_	_	_	_	_	_
Sera	O	O	O	O	O	O	_	_	_	_	_	_
>	O	O	O	O	O	O	_	_	EndOfLine	_	_	_
# segment_iiif_link = https://impresso-project.ch/api/proxy/iiif/EXP-1915-11-19-a-p0005/616,1385,556,53/full/0/default.jpg
affirme	O	O	O	O	O	O	_	_	_	_	_	_
que	O	O	O	O	O	O	_	_	_	_	_	_
le	O	O	O	O	O	O	_	_	_	_	_	_
gouvernement	O	O	O	O	O	O	_	_	_	_	_	_
grec	O	O	O	O	O	O	_	_	_	_	_	_
aurait	O	O	O	O	O	O	_	_	_	_	_	_
rappelé	O	O	O	O	O	O	_	_	EndOfLine	_	_	_
# segment_iiif_link = https://impresso-project.ch/api/proxy/iiif/EXP-1915-11-19-a-p0005/616,1415,554,52/full/0/default.jpg
toute	O	O	O	O	O	O	_	_	_	_	_	_
sa	O	O	O	O	O	O	_	_	_	_	_	_
flotte	O	O	O	O	O	O	_	_	_	_	_	_
marchande	O	O	O	O	O	O	_	_	NoSpaceAfter	_	_	_
,	O	O	O	O	O	O	_	_	_	_	_	_
de	O	O	O	O	O	O	_	_	_	_	_	_
sorte	O	O	O	O	O	O	_	_	_	_	_	_
qu	O	O	O	O	O	O	_	_	NoSpaceAfter	_	_	_
'	O	O	O	O	O	O	_	_	NoSpaceAfter	_	_	_
il	O	O	O	O	O	O	_	_	_	_	_	_
ne	O	O	O	O	O	O	_	_	_	_	_	_
reste	O	O	O	O	O	O	_	_	EndOfLine	_	_	_
# segment_iiif_link = https://impresso-project.ch/api/proxy/iiif/EXP-1915-11-19-a-p0005/613,1444,555,53/full/0/default.jpg
plus	O	O	O	O	O	O	_	_	_	_	_	_
un	O	O	O	O	O	O	_	_	_	_	_	_
seul	O	O	O	O	O	O	_	_	_	_	_	_
bâtiment	O	O	O	O	O	O	_	_	_	_	_	_
grec	O	O	O	O	O	O	_	_	_	_	_	_
dans	O	O	O	O	O	O	_	_	_	_	_	_
les	O	O	O	O	O	O	_	_	_	_	_	_
porta	O	O	O	O	O	O	_	_	EndOfLine	_	_	_
# segment_iiif_link = https://impresso-project.ch/api/proxy/iiif/EXP-1915-11-19-a-p0005/616,1473,97,53/full/0/default.jpg
italiens	O	O	O	O	O	O	_	_	NoSpaceAfter	_	_	_
.	O	O	O	O	O	O	_	_	NoSpaceAfter	_	_	_
.	O	O	O	O	O	O	_	_	NoSpaceAfter	_	_	_
.	O	O	O	O	O	O	_	_	EndOfLine	EndOfSentence	_	_
# segment_iiif_link = https://impresso-project.ch/api/proxy/iiif/EXP-1915-11-19-a-p0005/694,1513,393,58/full/0/default.jpg
Les	O	O	O	O	O	O	_	_	_	_	_	_
victimes	O	O	O	O	O	O	_	_	_	_	_	_
du	O	O	O	O	O	O	_	_	_	_	_	_
«	O	O	O	O	O	O	_	_	_	_	_	_
Firenze	O	O	O	O	O	O	_	_	_	_	_	_
»	O	O	O	O	O	O	_	_	EndOfLine	_	_	_
# segment_iiif_link = https://impresso-project.ch/api/proxy/iiif/EXP-1915-11-19-a-p0005/641,1553,530,53/full/0/default.jpg
BERNE	O	O	O	O	O	O	_	_	NoSpaceAfter	_	_	_
,	O	O	O	O	O	O	_	_	_	EndOfSentence	_	_
18	O	O	O	O	O	O	_	_	NoSpaceAfter	_	_	_
.	O	O	O	O	O	O	_	_	_	_	_	_
—	O	O	O	O	O	O	_	_	_	_	_	_
Communiqué	O	O	O	O	O	O	_	_	_	_	_	_
de	O	O	O	O	O	O	_	_	_	_	_	_
l	O	O	O	O	O	O	_	_	NoSpaceAfter	_	_	_
'	O	O	O	O	O	O	_	_	NoSpaceAfter	_	_	_
Office	O	O	O	O	O	O	_	_	EndOfLine	_	_	_
# segment_iiif_link = https://impresso-project.ch/api/proxy/iiif/EXP-1915-11-19-a-p0005/616,1582,177,53/full/0/default.jpg
suisse	O	O	O	O	O	O	_	_	_	_	_	_
d	O	O	O	O	O	O	_	_	NoSpaceAfter	_	_	_
'	O	O	O	O	O	O	_	_	NoSpaceAfter	_	_	_
émigration	O	O	O	O	O	O	_	_	EndOfLine	_	_	_
# segment_iiif_link = https://impresso-project.ch/api/proxy/iiif/EXP-1915-11-19-a-p0005/643,1611,528,53/full/0/default.jpg
A	O	O	O	O	O	O	_	_	_	_	_	_
bord	O	O	O	O	O	O	_	_	_	_	_	_
du	O	O	O	O	O	O	_	_	_	_	_	_
t	O	O	O	O	O	O	_	_	_	_	_	_
Firenze	O	O	O	O	O	O	_	_	_	_	_	_
»	O	O	O	O	O	O	_	_	NoSpaceAfter	_	_	_
,	O	O	O	O	O	O	_	_	_	_	_	_
qui	O	O	O	O	O	O	_	_	_	_	_	_
a	O	O	O	O	O	O	_	_	_	_	_	_
été	O	O	O	O	O	O	_	_	_	_	_	_
torpillé	O	O	O	O	O	O	_	_	EndOfLine	_	_	_
# segment_iiif_link = https://impresso-project.ch/api/proxy/iiif/EXP-1915-11-19-a-p0005/615,1641,562,53/full/0/default.jpg
pendant	O	O	O	O	O	O	_	_	_	_	_	_
son	O	O	O	O	O	O	_	_	_	_	_	_
trajet	O	O	O	O	O	O	_	_	_	_	_	_
de	O	O	O	O	O	O	_	_	_	_	_	_
Gênes	O	O	O	O	O	O	_	_	_	_	_	_
à	O	O	O	O	O	O	_	_	_	_	_	_
Alexandrie	O	O	O	O	O	O	_	_	NoSpaceAfter	_	_	_
,	O	O	O	O	O	O	_	_	_	_	_	_
se	O	O	O	O	O	O	_	_	EndOfLine	_	_	_
# segment_iiif_link = https://impresso-project.ch/api/proxy/iiif/EXP-1915-11-19-a-p0005/614,1670,556,53/full/0/default.jpg
trouvait	O	O	O	O	O	O	_	_	_	_	_	_
le	O	O	O	O	O	O	_	_	_	_	_	_
Suisse	O	O	O	O	O	O	_	_	_	_	_	_
F	O	O	O	O	O	O	_	_	NoSpaceAfter	_	_	_
.	O	O	O	O	O	O	_	_	_	_	_	_
Kenel	O	O	O	O	O	O	_	_	NoSpaceAfter	_	_	_
,	O	O	O	O	O	O	_	_	_	_	_	_
de	O	O	O	O	O	O	_	_	_	_	_	_
Payerne	O	O	O	O	O	O	_	_	_	_	_	_
;	O	O	O	O	O	O	_	_	_	_	_	_
il	O	O	O	O	O	O	_	_	_	_	_	_
a	O	O	O	O	O	O	_	_	_	_	_	_
été	O	O	O	O	O	O	_	_	EndOfLine	_	_	_
# segment_iiif_link = https://impresso-project.ch/api/proxy/iiif/EXP-1915-11-19-a-p0005/613,1700,555,52/full/0/default.jpg
sauvé	O	O	O	O	O	O	_	_	NoSpaceAfter	_	_	_
.	O	O	O	O	O	O	_	_	_	EndOfSentence	_	_
Il	O	O	O	O	O	O	_	_	_	_	_	_
est	O	O	O	O	O	O	_	_	_	_	_	_
reparti	O	O	O	O	O	O	_	_	_	_	_	_
de	O	O	O	O	O	O	_	_	_	_	_	_
Syracuse	O	O	O	O	O	O	_	_	_	_	_	_
pour	O	O	O	O	O	O	_	_	_	_	_	_
rentrer	O	O	O	O	O	O	_	_	_	_	_	_
en	O	O	O	O	O	O	_	_	EndOfLine	_	_	_
# segment_iiif_link = https://impresso-project.ch/api/proxy/iiif/EXP-1915-11-19-a-p0005/615,1728,77,53/full/0/default.jpg
Suisse	O	O	O	O	O	O	_	_	NoSpaceAfter	_	_	_
.	O	O	O	O	O	O	_	_	EndOfLine	EndOfSentence	_	_
# segment_iiif_link = https://impresso-project.ch/api/proxy/iiif/EXP-1915-11-19-a-p0005/640,1757,530,52/full/0/default.jpg
D	O	O	O	O	O	O	_	_	NoSpaceAfter	_	_	_
'	O	O	O	O	O	O	_	_	NoSpaceAfter	_	_	_
après	O	O	O	O	O	O	_	_	_	_	_	_
des	O	O	O	O	O	O	_	_	_	_	_	_
renseignements	O	O	O	O	O	O	_	_	_	_	_	_
de	O	O	O	O	O	O	_	_	_	_	_	_
source	O	O	O	O	O	O	_	_	EndOfLine	_	_	_
# segment_iiif_link = https://impresso-project.ch/api/proxy/iiif/EXP-1915-11-19-a-p0005/613,1787,556,52/full/0/default.jpg
autorisée	O	O	O	O	O	O	_	_	_	_	_	_
venus	O	O	O	O	O	O	_	_	_	_	_	_
par	O	O	O	O	O	O	_	_	_	_	_	_
télégraphe	O	O	O	O	O	O	_	_	_	_	_	_
de	O	O	O	O	O	O	_	_	_	_	_	_
Gênes	O	O	O	O	O	O	_	_	NoSpaceAfter	_	_	_
,	O	O	O	O	O	O	_	_	_	_	_	_
aucun	O	O	O	O	O	O	_	_	_	_	_	_
autre	O	O	O	O	O	O	_	_	EndOfLine	_	_	_
# segment_iiif_link = https://impresso-project.ch/api/proxy/iiif/EXP-1915-11-19-a-p0005/615,1816,520,53/full/0/default.jpg
Suisse	O	O	O	O	O	O	_	_	_	_	_	_
ne	O	O	O	O	O	O	_	_	_	_	_	_
se	O	O	O	O	O	O	_	_	_	_	_	_
trouvait	O	O	O	O	O	O	_	_	_	_	_	_
à	O	O	O	O	O	O	_	_	_	_	_	_
bord	O	O	O	O	O	O	_	_	_	_	_	_
du	O	O	O	O	O	O	_	_	_	_	_	_
«	O	O	O	O	O	O	_	_	_	_	_	_
Firenze	O	O	O	O	O	O	_	_	_	_	_	_
»	O	O	O	O	O	O	_	_	NoSpaceAfter	_	_	_
.	O	O	O	O	O	O	_	_	EndOfLine	EndOfSentence	_	_
# segment_iiif_link = https://impresso-project.ch/api/proxy/iiif/EXP-1915-11-19-a-p0005/640,1845,530,53/full/0/default.jpg
On	O	O	O	O	O	O	_	_	_	_	_	_
ne	O	O	O	O	O	O	_	_	_	_	_	_
sait	O	O	O	O	O	O	_	_	_	_	_	_
rien	O	O	O	O	O	O	_	_	_	_	_	_
d	O	O	O	O	O	O	_	_	NoSpaceAfter	_	_	_
'	O	O	O	O	O	O	_	_	NoSpaceAfter	_	_	_
une	O	O	O	O	O	O	_	_	_	_	_	_
demoiselle	O	O	O	O	O	O	_	_	_	_	_	_
Jany	O	O	O	O	O	O	_	_	NoSpaceAfter	_	_	_
,	O	O	O	O	O	O	_	_	_	_	_	_
qui	O	O	O	O	O	O	_	_	NoSpaceAfter	_	_	_
,	O	O	O	O	O	O	_	_	EndOfLine	_	_	_
# segment_iiif_link = https://impresso-project.ch/api/proxy/iiif/EXP-1915-11-19-a-p0005/614,1874,557,53/full/0/default.jpg
selon	O	O	O	O	O	O	_	_	_	_	_	_
quelques	O	O	O	O	O	O	_	_	_	_	_	_
journaux	O	O	O	O	O	O	_	_	NoSpaceAfter	_	_	_
,	O	O	O	O	O	O	_	_	_	_	_	_
_	O	O	O	O	O	O	_	_	NoSpaceAfter	_	_	_
&	O	O	O	O	O	O	_	_	_	_	_	_
e	O	O	O	O	O	O	_	_	_	_	_	_
serait	O	O	O	O	O	O	_	_	_	_	_	_
également	O	O	O	O	O	O	_	_	EndOfLine	_	_	_
# segment_iiif_link = https://impresso-project.ch/api/proxy/iiif/EXP-1915-11-19-a-p0005/616,1904,300,52/full/0/default.jpg
trouvée	O	O	O	O	O	O	_	_	_	_	_	_
à	O	O	O	O	O	O	_	_	_	_	_	_
bord	O	O	O	O	O	O	_	_	_	_	_	_
du	O	O	O	O	O	O	_	_	_	_	_	_
vapeur	O	O	O	O	O	O	_	_	NoSpaceAfter	_	_	_
.	O	O	O	O	O	O	_	_	EndOfLine	EndOfSentence	_	_

# language = fr
# newspaper = EXP
# date = 1928-06-20
# document_id = EXP-1928-06-20-a-i0016
# news-agency-as-source = Q552226
# segment_iiif_link = https://impresso-project.ch/api/proxy/iiif/EXP-1928-06-20-a-p0001/161,3283,487,63/full/0/default.jpg
Foudroyé	O	O	O	O	O	O	_	_	_	_	_	_
sous	O	O	O	O	O	O	_	_	_	_	_	_
l	O	O	O	O	O	O	_	_	NoSpaceAfter	_	_	_
'	O	O	O	O	O	O	_	_	NoSpaceAfter	_	_	_
arbre	O	O	O	O	O	O	_	_	_	_	_	_
où	O	O	O	O	O	O	_	_	NoSpaceAfter	_	_	_
.	O	O	O	O	O	O	_	_	_	EndOfSentence	_	_
il	O	O	O	O	O	O	_	_	_	_	_	_
s	O	O	O	O	O	O	_	_	NoSpaceAfter	_	_	_
'	O	O	O	O	O	O	_	_	NoSpaceAfter	_	_	_
était	O	O	O	O	O	O	_	_	EndOfLine	_	_	_
# segment_iiif_link = https://impresso-project.ch/api/proxy/iiif/EXP-1928-06-20-a-p0001/358,3313,90,63/full/0/default.jpg
réfugié	O	O	O	O	O	O	_	_	EndOfLine	_	_	_
# segment_iiif_link = https://impresso-project.ch/api/proxy/iiif/EXP-1928-06-20-a-p0001/169,3356,495,53/full/0/default.jpg
COURCELON	O	O	O	O	O	O	_	_	_	_	_	_
(	O	O	O	O	O	O	_	_	NoSpaceAfter	_	_	_
Jura	O	O	O	O	O	O	_	_	_	_	_	_
bernois	O	O	O	O	O	O	_	_	NoSpaceAfter	_	_	_
)	O	O	O	O	O	O	_	_	NoSpaceAfter	_	_	_
,	O	O	O	O	O	O	_	_	_	_	_	_
20	O	O	O	O	O	O	_	_	NoSpaceAfter	_	_	_
.	O	O	O	O	O	O	_	_	_	EndOfSentence	_	_
—	O	O	O	O	O	O	_	_	_	_	_	_
Mardi	O	O	O	O	O	O	_	_	EndOfLine	_	_	_
# segment_iiif_link = https://impresso-project.ch/api/proxy/iiif/EXP-1928-06-20-a-p0001/145,3380,522,53/full/0/default.jpg
anrès	O	O	O	O	O	O	_	_	_	_	_	_
midi	O	O	O	O	O	O	_	_	_	_	_	_
vers	O	O	O	O	O	O	_	_	_	_	_	_
3	O	O	O	O	O	O	_	_	_	_	_	_
heures	O	O	O	O	O	O	_	_	NoSpaceAfter	_	_	_
,	O	O	O	O	O	O	_	_	_	_	_	_
un	O	O	O	O	O	O	_	_	_	_	_	_
violent	O	O	O	O	O	O	_	_	_	_	_	_
orage	O	O	O	O	O	O	_	_	EndOfLine	_	_	_
# segment_iiif_link = https://impresso-project.ch/api/proxy/iiif/EXP-1928-06-20-a-p0001/145,3404,521,53/full/0/default.jpg
surprit	O	O	O	O	O	O	_	_	_	_	_	_
M	O	O	O	O	O	O	_	_	NoSpaceAfter	_	_	_
.	O	O	O	O	O	O	_	_	_	_	_	_
Schaller	O	O	O	O	O	O	_	_	NoSpaceAfter	_	_	_
,	O	O	O	O	O	O	_	_	_	_	_	_
58	O	O	O	O	O	O	_	_	_	_	_	_
ans	O	O	O	O	O	O	_	_	NoSpaceAfter	_	_	_
,	O	O	O	O	O	O	_	_	_	_	_	_
cantonnier	O	O	O	O	O	O	_	_	NoSpaceAfter	_	_	_
,	O	O	O	O	O	O	_	_	_	_	_	_
qui	O	O	O	O	O	O	_	_	EndOfLine	_	_	_
# segment_iiif_link = https://impresso-project.ch/api/proxy/iiif/EXP-1928-06-20-a-p0001/145,3428,521,53/full/0/default.jpg
travaillait	O	O	O	O	O	O	_	_	_	_	_	_
à	O	O	O	O	O	O	_	_	_	_	_	_
proximité	O	O	O	O	O	O	_	_	_	_	_	_
du	O	O	O	O	O	O	_	_	_	_	_	_
village	O	O	O	O	O	O	_	_	NoSpaceAfter	_	_	_
.	O	O	O	O	O	O	_	_	_	EndOfSentence	_	_
Il	O	O	O	O	O	O	_	_	_	_	_	_
se	O	O	O	O	O	O	_	_	_	_	_	_
réfugia	O	O	O	O	O	O	_	_	_	_	_	_
sous	O	O	O	O	O	O	_	_	EndOfLine	_	_	_
# segment_iiif_link = https://impresso-project.ch/api/proxy/iiif/EXP-1928-06-20-a-p0001/145,3451,519,53/full/0/default.jpg
un	O	O	O	O	O	O	_	_	_	_	_	_
arbre	O	O	O	O	O	O	_	_	_	_	_	_
où	O	O	O	O	O	O	_	_	_	_	_	_
la	O	O	O	O	O	O	_	_	_	_	_	_
foudre	O	O	O	O	O	O	_	_	_	_	_	_
l	O	O	O	O	O	O	_	_	NoSpaceAfter	_	_	_
'	O	O	O	O	O	O	_	_	NoSpaceAfter	_	_	_
atteignit	O	O	O	O	O	O	_	_	_	_	_	_
et	O	O	O	O	O	O	_	_	_	_	_	_
le	O	O	O	O	O	O	_	_	_	_	_	_
blessa	O	O	O	O	O	O	_	_	EndOfLine	_	_	_
# segment_iiif_link = https://impresso-project.ch/api/proxy/iiif/EXP-1928-06-20-a-p0001/145,3475,149,53/full/0/default.jpg
mortellement	O	O	O	O	O	O	_	_	NoSpaceAfter	_	_	_
.	O	O	O	O	O	O	_	_	EndOfLine	EndOfSentence	_	_
# segment_iiif_link = https://impresso-project.ch/api/proxy/iiif/EXP-1928-06-20-a-p0001/170,3499,494,52/full/0/default.jpg
Il	O	O	O	O	O	O	_	_	_	_	_	_
fut	O	O	O	O	O	O	_	_	_	_	_	_
remarqué	O	O	O	O	O	O	_	_	_	_	_	_
par	O	O	O	O	O	O	_	_	_	_	_	_
un	O	O	O	O	O	O	_	_	_	_	_	_
habitant	O	O	O	O	O	O	_	_	_	_	_	_
du	O	O	O	O	O	O	_	_	_	_	_	_
village	O	O	O	O	O	O	_	_	_	_	_	_
qui	O	O	O	O	O	O	_	_	EndOfLine	_	_	_
# segment_iiif_link = https://impresso-project.ch/api/proxy/iiif/EXP-1928-06-20-a-p0001/144,3522,521,53/full/0/default.jpg
avertit	O	O	O	O	O	O	_	_	_	_	_	_
les	O	O	O	O	O	O	_	_	_	_	_	_
autorités	O	O	O	O	O	O	_	_	NoSpaceAfter	_	_	_
.	O	O	O	O	O	O	_	_	_	EndOfSentence	_	_
Le	O	O	O	O	O	O	_	_	_	_	_	_
corps	O	O	O	O	O	O	_	_	_	_	_	_
portait	O	O	O	O	O	O	_	_	_	_	_	_
deux	O	O	O	O	O	O	_	_	EndOfLine	_	_	_
# segment_iiif_link = https://impresso-project.ch/api/proxy/iiif/EXP-1928-06-20-a-p0001/145,3546,519,53/full/0/default.jpg
lures	O	O	O	O	O	O	_	_	_	_	_	_
à	O	O	O	O	O	O	_	_	_	_	_	_
la	O	O	O	O	O	O	_	_	_	_	_	_
poitrine	O	O	O	O	O	O	_	_	_	_	_	_
et	O	O	O	O	O	O	_	_	_	_	_	_
au	O	O	O	O	O	O	_	_	_	_	_	_
bas	O	O	O	O	O	O	_	_	NoSpaceAfter	_	_	_
-	O	O	O	O	O	O	_	_	NoSpaceAfter	_	_	_
ventre	O	O	O	O	O	O	_	_	NoSpaceAfter	_	_	_
.	O	O	O	O	O	O	_	_	_	EndOfSentence	_	_
M	O	O	O	O	O	O	_	_	NoSpaceAfter	_	_	_
.	O	O	O	O	O	O	_	_	_	_	_	_
Schaller	O	O	O	O	O	O	_	_	EndOfLine	_	_	_
# segment_iiif_link = https://impresso-project.ch/api/proxy/iiif/EXP-1928-06-20-a-p0001/145,3569,410,53/full/0/default.jpg
laisse	O	O	O	O	O	O	_	_	_	_	_	_
une	O	O	O	O	O	O	_	_	_	_	_	_
veuve	O	O	O	O	O	O	_	_	_	_	_	_
et	O	O	O	O	O	O	_	_	_	_	_	_
plusieurs	O	O	O	O	O	O	_	_	_	_	_	_
enfants	O	O	O	O	O	O	_	_	NoSpaceAfter	_	_	_
.	O	O	O	O	O	O	_	_	EndOfLine	EndOfSentence	_	_
# segment_iiif_link = https://impresso-project.ch/api/proxy/iiif/EXP-1928-06-20-a-p0001/291,3616,228,63/full/0/default.jpg
Un	O	O	O	O	O	O	_	_	_	_	_	_
village	O	O	O	O	O	O	_	_	_	_	_	_
brûlé	O	O	O	O	O	O	_	_	EndOfLine	_	_	_
# segment_iiif_link = https://impresso-project.ch/api/proxy/iiif/EXP-1928-06-20-a-p0001/170,3658,495,53/full/0/default.jpg
VARSOVIE	O	O	O	O	O	O	_	_	NoSpaceAfter	_	_	_
,	O	O	O	O	O	O	_	_	_	_	_	_
19	O	O	O	O	O	O	_	_	_	_	_	_
(	O	O	O	O	O	O	_	_	NoSpaceAfter	_	_	_
Wolfî	B-org	O	B-org.ent.pressagency.Wolff	O	O	O	Q552226	_	NoSpaceAfter	_	Transcript:Wolff|LED0.20	_
)	O	O	O	O	O	O	_	_	NoSpaceAfter	_	_	_
.	O	O	O	O	O	O	_	_	NoSpaceAfter	EndOfSentence	_	_
-	O	O	O	O	O	O	_	_	NoSpaceAfter	_	_	_
Un	O	O	O	O	O	O	_	_	_	_	_	_
Incendie	O	O	O	O	O	O	_	_	_	_	_	_
a	O	O	O	O	O	O	_	_	EndOfLine	_	_	_
# segment_iiif_link = https://impresso-project.ch/api/proxy/iiif/EXP-1928-06-20-a-p0001/146,3682,520,52/full/0/default.jpg
éclaté	O	O	O	O	O	O	_	_	_	_	_	_
à	O	O	O	O	O	O	_	_	_	_	_	_
Malodowo	O	O	O	O	O	O	_	_	_	_	_	_
près	O	O	O	O	O	O	_	_	_	_	_	_
de	O	O	O	O	O	O	_	_	_	_	_	_
Bialistock	O	O	O	O	O	O	_	_	NoSpaceAfter	_	_	_
,	O	O	O	O	O	O	_	_	EndOfLine	_	_	_
# segment_iiif_link = https://impresso-project.ch/api/proxy/iiif/EXP-1928-06-20-a-p0001/146,3706,517,52/full/0/default.jpg
détruisant	O	O	O	O	O	O	_	_	_	_	_	_
tout	O	O	O	O	O	O	_	_	_	_	_	_
le	O	O	O	O	O	O	_	_	_	_	_	_
village	O	O	O	O	O	O	_	_	_	_	_	_
;	O	O	O	O	O	O	_	_	_	_	_	_
52	O	O	O	O	O	O	_	_	_	_	_	_
maisons	O	O	O	O	O	O	_	_	_	_	_	_
d	O	O	O	O	O	O	_	_	NoSpaceAfter	_	_	_
'	O	O	O	O	O	O	_	_	NoSpaceAfter	_	_	_
habitation	O	O	O	O	O	O	_	_	EndOfLine	_	_	_
# segment_iiif_link = https://impresso-project.ch/api/proxy/iiif/EXP-1928-06-20-a-p0001/146,3729,519,53/full/0/default.jpg
et	O	O	O	O	O	O	_	_	_	_	_	_
plus	O	O	O	O	O	O	_	_	_	_	_	_
de	O	O	O	O	O	O	_	_	_	_	_	_
100	O	O	O	O	O	O	_	_	_	_	_	_
autres	O	O	O	O	O	O	_	_	_	_	_	_
bâtiments	O	O	O	O	O	O	_	_	_	_	_	_
ont	O	O	O	O	O	O	_	_	_	_	_	_
été	O	O	O	O	O	O	_	_	_	_	_	_
la	O	O	O	O	O	O	_	_	_	_	_	_
proie	O	O	O	O	O	O	_	_	EndOfLine	_	_	_
# segment_iiif_link = https://impresso-project.ch/api/proxy/iiif/EXP-1928-06-20-a-p0001/147,3752,142,53/full/0/default.jpg
des	O	O	O	O	O	O	_	_	_	_	_	_
flammes	O	O	O	O	O	O	_	_	NoSpaceAfter	_	_	_
.	O	O	O	O	O	O	_	_	EndOfLine	EndOfSentence	_	_
# segment_iiif_link = https://impresso-project.ch/api/proxy/iiif/EXP-1928-06-20-a-p0001/145,3806,520,53/full/0/default.jpg
Explosion	O	O	O	O	O	O	_	_	_	_	_	_
d	O	O	O	O	O	O	_	_	NoSpaceAfter	_	_	_
'	O	O	O	O	O	O	_	_	NoSpaceAfter	_	_	_
un	O	O	O	O	O	O	_	_	_	_	_	_
obus	O	O	O	O	O	O	_	_	_	_	_	_
sur	O	O	O	O	O	O	_	_	_	_	_	_
un	O	O	O	O	O	O	_	_	_	_	_	_
croiseur	O	O	O	O	O	O	_	_	EndOfLine	_	_	_
# segment_iiif_link = https://impresso-project.ch/api/proxy/iiif/EXP-1928-06-20-a-p0001/173,3842,493,53/full/0/default.jpg
MEMEL	O	O	O	O	O	O	_	_	NoSpaceAfter	_	_	_
,	O	O	O	O	O	O	_	_	_	_	_	_
19	O	O	O	O	O	O	_	_	_	_	_	_
(	O	O	O	O	O	O	_	_	NoSpaceAfter	_	_	_
Wolff	B-org	O	B-org.ent.pressagency.Wolff	O	O	O	Q552226	_	NoSpaceAfter	_	LED0.00	_
)	O	O	O	O	O	O	_	_	NoSpaceAfter	_	_	_
.	O	O	O	O	O	O	_	_	_	EndOfSentence	_	_
—	O	O	O	O	O	O	_	_	_	_	_	_
Le	O	O	O	O	O	O	_	_	_	_	_	_
croiseur	O	O	O	O	O	O	_	_	_	_	_	_
anglais	O	O	O	O	O	O	_	_	EndOfLine	_	_	_
# segment_iiif_link = https://impresso-project.ch/api/proxy/iiif/EXP-1928-06-20-a-p0001/148,3866,519,53/full/0/default.jpg
«	O	O	O	O	O	O	_	_	_	_	_	_
Canterbury	O	O	O	O	O	O	_	_	_	_	_	_
»	O	O	O	O	O	O	_	_	NoSpaceAfter	_	_	_
,	O	O	O	O	O	O	_	_	_	_	_	_
de	O	O	O	O	O	O	_	_	_	_	_	_
l	O	O	O	O	O	O	_	_	NoSpaceAfter	_	_	_
'	O	O	O	O	O	O	_	_	NoSpaceAfter	_	_	_
escadre	O	O	O	O	O	O	_	_	_	_	_	_
britannique	O	O	O	O	O	O	_	_	_	_	_	_
qui	O	O	O	O	O	O	_	_	_	_	_	_
se	O	O	O	O	O	O	_	_	EndOfLine	_	_	_
# segment_iiif_link = https://impresso-project.ch/api/proxy/iiif/EXP-1928-06-20-a-p0001/146,3890,520,53/full/0/default.jpg
trouve	O	O	O	O	O	O	_	_	_	_	_	_
actuellement	O	O	O	O	O	O	_	_	_	_	_	_
dans	O	O	O	O	O	O	_	_	_	_	_	_
les	O	O	O	O	O	O	_	_	_	_	_	_
eaux	O	O	O	O	O	O	_	_	_	_	_	_
de	O	O	O	O	O	O	_	_	_	_	_	_
la	O	O	O	O	O	O	_	_	EndOfLine	_	_	_
# segment_iiif_link = https://impresso-project.ch/api/proxy/iiif/EXP-1928-06-20-a-p0001/147,3913,519,52/full/0/default.jpg
Baltique	O	O	O	O	O	O	_	_	NoSpaceAfter	_	_	_
,	O	O	O	O	O	O	_	_	_	_	_	_
est	O	O	O	O	O	O	_	_	_	_	_	_
entré	O	O	O	O	O	O	_	_	_	_	_	_
mardi	O	O	O	O	O	O	_	_	_	_	_	_
matin	O	O	O	O	O	O	_	_	_	_	_	_
dans	O	O	O	O	O	O	_	_	_	_	_	_
le	O	O	O	O	O	O	_	_	_	_	_	_
port	O	O	O	O	O	O	_	_	_	_	_	_
Au	O	O	O	O	O	O	_	_	EndOfLine	_	_	_
# segment_iiif_link = https://impresso-project.ch/api/proxy/iiif/EXP-1928-06-20-a-p0001/148,3937,518,52/full/0/default.jpg
moment	O	O	O	O	O	O	_	_	_	_	_	_
où	O	O	O	O	O	O	_	_	_	_	_	_
l	O	O	O	O	O	O	_	_	NoSpaceAfter	_	_	_
'	O	O	O	O	O	O	_	_	NoSpaceAfter	_	_	_
artillerie	O	O	O	O	O	O	_	_	_	_	_	_
du	O	O	O	O	O	O	_	_	_	_	_	_
port	O	O	O	O	O	O	_	_	_	_	_	_
faisait	O	O	O	O	O	O	_	_	_	_	_	_
les	O	O	O	O	O	O	_	_	_	_	_	_
saluts	O	O	O	O	O	O	_	_	EndOfLine	_	_	_
# segment_iiif_link = https://impresso-project.ch/api/proxy/iiif/EXP-1928-06-20-a-p0001/148,3959,518,53/full/0/default.jpg
d	O	O	O	O	O	O	_	_	NoSpaceAfter	_	_	_
'	O	O	O	O	O	O	_	_	NoSpaceAfter	_	_	_
usage	O	O	O	O	O	O	_	_	NoSpaceAfter	_	_	_
,	O	O	O	O	O	O	_	_	_	_	_	_
un	O	O	O	O	O	O	_	_	_	_	_	_
accident	O	O	O	O	O	O	_	_	_	_	_	_
s	O	O	O	O	O	O	_	_	NoSpaceAfter	_	_	_
'	O	O	O	O	O	O	_	_	NoSpaceAfter	_	_	_
est	O	O	O	O	O	O	_	_	_	_	_	_
produit	O	O	O	O	O	O	_	_	NoSpaceAfter	_	_	_
.	O	O	O	O	O	O	_	_	_	EndOfSentence	_	_
L	O	O	O	O	O	O	_	_	NoSpaceAfter	_	_	_
'	O	O	O	O	O	O	_	_	NoSpaceAfter	_	_	_
un	O	O	O	O	O	O	_	_	_	_	_	_
des	O	O	O	O	O	O	_	_	EndOfLine	_	_	_
# segment_iiif_link = https://impresso-project.ch/api/proxy/iiif/EXP-1928-06-20-a-p0001/148,3983,518,53/full/0/default.jpg
obus	O	O	O	O	O	O	_	_	_	_	_	_
ayant	O	O	O	O	O	O	_	_	_	_	_	_
éclaté	O	O	O	O	O	O	_	_	_	_	_	_
prématurément	O	O	O	O	O	O	_	_	NoSpaceAfter	_	_	_
,	O	O	O	O	O	O	_	_	_	_	_	_
un	O	O	O	O	O	O	_	_	_	_	_	_
lieutenant	O	O	O	O	O	O	_	_	EndOfLine	_	_	_
# segment_iiif_link = https://impresso-project.ch/api/proxy/iiif/EXP-1928-06-20-a-p0001/146,4007,522,53/full/0/default.jpg
fut	O	O	O	O	O	O	_	_	_	_	_	_
mortellement	O	O	O	O	O	O	_	_	_	_	_	_
blessé	O	O	O	O	O	O	_	_	_	_	_	_
et	O	O	O	O	O	O	_	_	_	_	_	_
un	O	O	O	O	O	O	_	_	_	_	_	_
soldat	O	O	O	O	O	O	_	_	_	_	_	_
si	O	O	O	O	O	O	_	_	EndOfLine	_	_	_
# segment_iiif_link = https://impresso-project.ch/api/proxy/iiif/EXP-1928-06-20-a-p0001/147,4030,518,53/full/0/default.jpg
grièvement	O	O	O	O	O	O	_	_	_	_	_	_
qu	O	O	O	O	O	O	_	_	NoSpaceAfter	_	_	_
'	O	O	O	O	O	O	_	_	NoSpaceAfter	_	_	_
on	O	O	O	O	O	O	_	_	_	_	_	_
craint	O	O	O	O	O	O	_	_	_	_	_	_
qu	O	O	O	O	O	O	_	_	NoSpaceAfter	_	_	_
'	O	O	O	O	O	O	_	_	NoSpaceAfter	_	_	_
il	O	O	O	O	O	O	_	_	_	_	_	_
ne	O	O	O	O	O	O	_	_	_	_	_	_
succombe	O	O	O	O	O	O	_	_	NoSpaceAfter	_	_	_
.	O	O	O	O	O	O	_	_	_	EndOfSentence	_	_
Les	O	O	O	O	O	O	_	_	EndOfLine	_	_	_
# segment_iiif_link = https://impresso-project.ch/api/proxy/iiif/EXP-1928-06-20-a-p0001/147,4054,521,53/full/0/default.jpg
tres	O	O	O	O	O	O	_	_	_	_	_	_
blessés	O	O	O	O	O	O	_	_	NoSpaceAfter	_	_	_
,	O	O	O	O	O	O	_	_	_	_	_	_
un	O	O	O	O	O	O	_	_	_	_	_	_
sergent	O	O	O	O	O	O	_	_	NoSpaceAfter	_	_	_
-	O	O	O	O	O	O	_	_	NoSpaceAfter	_	_	_
major	O	O	O	O	O	O	_	_	_	_	_	_
et	O	O	O	O	O	O	_	_	_	_	_	_
deux	O	O	O	O	O	O	_	_	_	_	_	_
soldats	O	O	O	O	O	O	_	_	NoSpaceAfter	_	_	_
,	O	O	O	O	O	O	_	_	EndOfLine	_	_	_
# segment_iiif_link = https://impresso-project.ch/api/proxy/iiif/EXP-1928-06-20-a-p0001/148,4079,350,53/full/0/default.jpg
sont	O	O	O	O	O	O	_	_	_	_	_	_
dans	O	O	O	O	O	O	_	_	_	_	_	_
un	O	O	O	O	O	O	_	_	_	_	_	_
état	O	O	O	O	O	O	_	_	_	_	_	_
moins	O	O	O	O	O	O	_	_	_	_	_	_
grave	O	O	O	O	O	O	_	_	NoSpaceAfter	_	_	_
.	O	O	O	O	O	O	_	_	EndOfLine	EndOfSentence	_	_

# language = fr
# newspaper = EXP
# date = 1930-08-07
# document_id = EXP-1930-08-07-a-i0091
# news-agency-as-source = Q2826560, unk
# segment_iiif_link = https://impresso-project.ch/api/proxy/iiif/EXP-1930-08-07-a-p0006/124,273,314,63/full/0/default.jpg
*	O	O	O	O	O	O	_	_	_	_	_	_
L	O	O	O	O	O	O	_	_	NoSpaceAfter	_	_	_
'	O	O	O	O	O	O	_	_	NoSpaceAfter	_	_	_
Allemagne	O	O	O	O	O	O	_	_	_	_	_	_
fournit	O	O	O	O	O	O	_	_	EndOfLine	_	_	_
# segment_iiif_link = https://impresso-project.ch/api/proxy/iiif/EXP-1930-08-07-a-p0006/134,302,339,63/full/0/default.jpg
des	O	O	O	O	O	O	_	_	_	_	_	_
horlogers	O	O	O	O	O	O	_	_	_	_	_	_
à	O	O	O	O	O	O	_	_	_	_	_	_
la	O	O	O	O	O	O	_	_	_	_	_	_
Russie	O	O	O	O	O	O	_	_	EndOfLine	_	_	_
# segment_iiif_link = https://impresso-project.ch/api/proxy/iiif/EXP-1930-08-07-a-p0006/109,346,404,50/full/0/default.jpg
BERLIN	O	O	O	O	O	O	_	_	NoSpaceAfter	_	_	_
,	O	O	O	O	O	O	_	_	_	_	_	_
7	O	O	O	O	O	O	_	_	_	_	_	_
(	O	O	O	O	O	O	_	_	NoSpaceAfter	_	_	_
C	O	O	O	O	O	O	_	_	NoSpaceAfter	_	LED0.00	_
.	O	O	O	O	O	O	_	_	_	_	LED0.00	_
N	O	O	O	O	O	O	_	_	NoSpaceAfter	_	LED0.00	_
.	O	O	O	O	O	O	_	_	_	_	LED0.00	_
B	O	O	O	O	O	O	_	_	NoSpaceAfter	_	LED0.00	_
.	O	O	O	O	O	O	_	_	NoSpaceAfter	_	LED0.00	_
)	O	O	O	O	O	O	_	_	_	_	_	_
—	O	O	O	O	O	O	_	_	_	_	_	_
Le	O	O	O	O	O	O	_	_	_	_	_	_
«	O	O	O	O	O	O	_	_	EndOfLine	_	_	_
# segment_iiif_link = https://impresso-project.ch/api/proxy/iiif/EXP-1930-08-07-a-p0006/87,370,427,50/full/0/default.jpg
Berliner	O	O	O	O	O	O	_	_	_	_	_	_
Tagblatt	O	O	O	O	O	O	_	_	_	_	_	_
»	O	O	O	O	O	O	_	_	_	_	_	_
annonce	O	O	O	O	O	O	_	_	_	_	_	_
qu	O	O	O	O	O	O	_	_	NoSpaceAfter	_	_	_
'	O	O	O	O	O	O	_	_	NoSpaceAfter	_	_	_
une	O	O	O	O	O	O	_	_	EndOfLine	_	_	_
# segment_iiif_link = https://impresso-project.ch/api/proxy/iiif/EXP-1930-08-07-a-p0006/88,395,426,49/full/0/default.jpg
information	O	O	O	O	O	O	_	_	_	_	_	_
de	O	O	O	O	O	O	_	_	_	_	_	_
la	O	O	O	O	O	O	_	_	_	_	_	_
«	O	O	O	O	O	O	_	_	_	_	_	_
Pravda	O	O	O	O	O	O	_	_	_	_	_	_
»	O	O	O	O	O	O	_	_	_	_	_	_
concernant	O	O	O	O	O	O	_	_	_	_	_	_
l	O	O	O	O	O	O	_	_	NoSpaceAfter	_	_	_
'	O	O	O	O	O	O	_	_	EndOfLine|NoSpaceAfter	_	_	_
# segment_iiif_link = https://impresso-project.ch/api/proxy/iiif/EXP-1930-08-07-a-p0006/86,418,427,50/full/0/default.jpg
engagement	O	O	O	O	O	O	_	_	_	_	_	_
d	O	O	O	O	O	O	_	_	NoSpaceAfter	_	_	_
'	O	O	O	O	O	O	_	_	NoSpaceAfter	_	_	_
ouvriers	O	O	O	O	O	O	_	_	_	_	_	_
allemands	O	O	O	O	O	O	_	_	_	_	_	_
qualifiés	O	O	O	O	O	O	_	_	EndOfLine	_	_	_
# segment_iiif_link = https://impresso-project.ch/api/proxy/iiif/EXP-1930-08-07-a-p0006/87,443,426,49/full/0/default.jpg
dans	O	O	O	O	O	O	_	_	_	_	_	_
la	O	O	O	O	O	O	_	_	_	_	_	_
fabrication	O	O	O	O	O	O	_	_	_	_	_	_
des	O	O	O	O	O	O	_	_	_	_	_	_
montres	O	O	O	O	O	O	_	_	_	_	_	_
et	O	O	O	O	O	O	_	_	_	_	_	_
celle	O	O	O	O	O	O	_	_	EndOfLine	_	_	_
# segment_iiif_link = https://impresso-project.ch/api/proxy/iiif/EXP-1930-08-07-a-p0006/88,467,426,49/full/0/default.jpg
de	O	O	O	O	O	O	_	_	_	_	_	_
la	O	O	O	O	O	O	_	_	_	_	_	_
mécanique	O	O	O	O	O	O	_	_	_	_	_	_
soignée	O	O	O	O	O	O	_	_	_	_	_	_
pour	O	O	O	O	O	O	_	_	_	_	_	_
la	O	O	O	O	O	O	_	_	_	_	_	_
Russie	O	O	O	O	O	O	_	_	EndOfLine	_	_	_
# segment_iiif_link = https://impresso-project.ch/api/proxy/iiif/EXP-1930-08-07-a-p0006/87,490,427,50/full/0/default.jpg
soviétique	O	O	O	O	O	O	_	_	NoSpaceAfter	_	_	_
,	O	O	O	O	O	O	_	_	_	_	_	_
se	O	O	O	O	O	O	_	_	_	_	_	_
confirme	O	O	O	O	O	O	_	_	NoSpaceAfter	_	_	_
.	O	O	O	O	O	O	_	_	_	EndOfSentence	_	_
Un	O	O	O	O	O	O	_	_	_	_	_	_
membre	O	O	O	O	O	O	_	_	_	_	_	_
de	O	O	O	O	O	O	_	_	EndOfLine	_	_	_
# segment_iiif_link = https://impresso-project.ch/api/proxy/iiif/EXP-1930-08-07-a-p0006/86,514,429,50/full/0/default.jpg
la	O	O	O	O	O	O	_	_	_	_	_	_
délégation	O	O	O	O	O	O	_	_	_	_	_	_
commerciale	O	O	O	O	O	O	_	_	_	_	_	_
soviétique	O	O	O	O	O	O	_	_	_	_	_	_
à	O	O	O	O	O	O	_	_	EndOfLine	_	_	_
# segment_iiif_link = https://impresso-project.ch/api/proxy/iiif/EXP-1930-08-07-a-p0006/88,539,426,49/full/0/default.jpg
Berlin	O	O	O	O	O	O	_	_	_	_	_	_
a	O	O	O	O	O	O	_	_	_	_	_	_
conclu	O	O	O	O	O	O	_	_	_	_	_	_
une	O	O	O	O	O	O	_	_	_	_	_	_
convention	O	O	O	O	O	O	_	_	NoSpaceAfter	_	_	_
,	O	O	O	O	O	O	_	_	_	_	_	_
à	O	O	O	O	O	O	_	_	EndOfLine	_	_	_
# segment_iiif_link = https://impresso-project.ch/api/proxy/iiif/EXP-1930-08-07-a-p0006/87,563,427,50/full/0/default.jpg
Glashiitte	O	O	O	O	O	O	_	_	NoSpaceAfter	_	_	_
,	O	O	O	O	O	O	_	_	_	_	_	_
suivant	O	O	O	O	O	O	_	_	_	_	_	_
laquelle	O	O	O	O	O	O	_	_	_	_	_	_
dix	O	O	O	O	O	O	_	_	_	_	_	_
ouvriers	O	O	O	O	O	O	_	_	EndOfLine	_	_	_
# segment_iiif_link = https://impresso-project.ch/api/proxy/iiif/EXP-1930-08-07-a-p0006/88,587,428,50/full/0/default.jpg
horlogers	O	O	O	O	O	O	_	_	_	_	_	_
de	O	O	O	O	O	O	_	_	_	_	_	_
Glashûtte	O	O	O	O	O	O	_	_	_	_	_	_
partiront	O	O	O	O	O	O	_	_	_	_	_	_
le	O	O	O	O	O	O	_	_	_	_	_	_
8	O	O	O	O	O	O	_	_	EndOfLine	_	_	_
# segment_iiif_link = https://impresso-project.ch/api/proxy/iiif/EXP-1930-08-07-a-p0006/89,611,425,50/full/0/default.jpg
août	O	O	O	O	O	O	_	_	_	_	_	_
pour	O	O	O	O	O	O	_	_	_	_	_	_
Moscou	O	O	O	O	O	O	_	_	NoSpaceAfter	_	_	_
,	O	O	O	O	O	O	_	_	_	_	_	_
où	O	O	O	O	O	O	_	_	_	_	_	_
ils	O	O	O	O	O	O	_	_	_	_	_	_
travailleront	O	O	O	O	O	O	_	_	EndOfLine	_	_	_
# segment_iiif_link = https://impresso-project.ch/api/proxy/iiif/EXP-1930-08-07-a-p0006/88,635,330,50/full/0/default.jpg
dans	O	O	O	O	O	O	_	_	_	_	_	_
une	O	O	O	O	O	O	_	_	_	_	_	_
fabrique	O	O	O	O	O	O	_	_	_	_	_	_
de	O	O	O	O	O	O	_	_	_	_	_	_
la	O	O	O	O	O	O	_	_	_	_	_	_
ville	O	O	O	O	O	O	_	_	NoSpaceAfter	_	_	_
.	O	O	O	O	O	O	_	_	EndOfLine	EndOfSentence	_	_
# segment_iiif_link = https://impresso-project.ch/api/proxy/iiif/EXP-1930-08-07-a-p0006/137,704,277,60/full/0/default.jpg
C	O	O	O	O	O	O	_	_	_	_	_	_
La	O	O	O	O	O	O	_	_	_	_	_	_
réponse	O	O	O	O	O	O	_	_	_	_	_	_
suisse	O	O	O	O	O	O	_	_	EndOfLine	_	_	_
# segment_iiif_link = https://impresso-project.ch/api/proxy/iiif/EXP-1930-08-07-a-p0006/133,739,335,60/full/0/default.jpg
au	O	O	O	O	O	O	_	_	_	_	_	_
mémorandum	O	O	O	O	O	O	_	_	_	_	_	_
Briand	O	O	O	O	O	O	_	_	EndOfLine	_	_	_
# segment_iiif_link = https://impresso-project.ch/api/proxy/iiif/EXP-1930-08-07-a-p0006/88,780,334,50/full/0/default.jpg
y	O	O	O	O	O	O	_	_	_	_	_	_
:	O	O	O	O	O	O	_	_	_	_	_	_
?	O	O	O	O	O	O	_	_	NoSpaceAfter	EndOfSentence	_	_
-	O	O	O	O	O	O	_	_	NoSpaceAfter	_	_	_
<	O	O	O	O	O	O	_	_	_	_	_	_
_	O	O	O	O	O	O	_	_	NoSpaceAfter	_	_	_
$	O	O	O	O	O	O	_	_	_	_	_	_
fi	O	O	O	O	O	O	_	_	_	_	_	_
"	O	O	O	O	O	O	_	_	NoSpaceAfter	_	_	_
'	O	O	O	O	O	O	_	_	NoSpaceAfter	_	_	_
Commentaires	O	O	O	O	O	O	_	_	_	_	_	_
français	O	O	O	O	O	O	_	_	EndOfLine	_	_	_
# segment_iiif_link = https://impresso-project.ch/api/proxy/iiif/EXP-1930-08-07-a-p0006/99,796,6,47/full/0/default.jpg
?	O	O	O	O	O	O	_	_	EndOfLine	_	_	_
# segment_iiif_link = https://impresso-project.ch/api/proxy/iiif/EXP-1930-08-07-a-p0006/109,806,403,50/full/0/default.jpg
-	O	O	O	O	O	O	_	_	NoSpaceAfter	_	_	_
PARIJS	O	O	O	O	O	O	_	_	NoSpaceAfter	_	_	_
,	O	O	O	O	O	O	_	_	_	_	_	_
7	O	O	O	O	O	O	_	_	_	_	_	_
(	O	O	O	O	O	O	_	_	NoSpaceAfter	_	_	_
Havas	B-org	O	B-org.ent.pressagency.Havas	O	O	O	Q2826560	_	NoSpaceAfter	_	LED0.00	_
)	O	O	O	O	O	O	_	_	NoSpaceAfter	_	_	_
.	O	O	O	O	O	O	_	_	_	_	_	_
—	O	O	O	O	O	O	_	_	_	_	_	_
L	O	O	O	O	O	O	_	_	_	_	_	_
'	O	O	O	O	O	O	_	_	NoSpaceAfter	_	_	_
«	O	O	O	O	O	O	_	_	_	_	_	_
Echo	O	O	O	O	O	O	_	_	_	_	_	_
de	O	O	O	O	O	O	_	_	EndOfLine	_	_	_
# segment_iiif_link = https://impresso-project.ch/api/proxy/iiif/EXP-1930-08-07-a-p0006/86,830,426,49/full/0/default.jpg
Paris	O	O	O	O	O	O	_	_	_	_	_	_
»	O	O	O	O	O	O	_	_	_	_	_	_
estime	O	O	O	O	O	O	_	_	_	_	_	_
que	O	O	O	O	O	O	_	_	_	_	_	_
la	O	O	O	O	O	O	_	_	_	_	_	_
réponse	O	O	O	O	O	O	_	_	_	_	_	_
suisse	O	O	O	O	O	O	_	_	EndOfLine	_	_	_
# segment_iiif_link = https://impresso-project.ch/api/proxy/iiif/EXP-1930-08-07-a-p0006/85,854,426,50/full/0/default.jpg
au	O	O	O	O	O	O	_	_	_	_	_	_
mémorandum	O	O	O	O	O	O	_	_	_	_	_	_
Briand	O	O	O	O	O	O	_	_	_	_	_	_
constitue	O	O	O	O	O	O	_	_	_	_	_	_
une	O	O	O	O	O	O	_	_	EndOfLine	_	_	_
# segment_iiif_link = https://impresso-project.ch/api/proxy/iiif/EXP-1930-08-07-a-p0006/86,879,425,50/full/0/default.jpg
critique	O	O	O	O	O	O	_	_	_	_	_	_
assez	O	O	O	O	O	O	_	_	_	_	_	_
poussée	O	O	O	O	O	O	_	_	_	_	_	_
de	O	O	O	O	O	O	_	_	_	_	_	_
la	O	O	O	O	O	O	_	_	_	_	_	_
plupart	O	O	O	O	O	O	_	_	EndOfLine	_	_	_
# segment_iiif_link = https://impresso-project.ch/api/proxy/iiif/EXP-1930-08-07-a-p0006/86,903,392,50/full/0/default.jpg
des	O	O	O	O	O	O	_	_	_	_	_	_
thèses	O	O	O	O	O	O	_	_	_	_	_	_
françaises	O	O	O	O	O	O	_	_	_	_	_	_
et	O	O	O	O	O	O	_	_	_	_	_	_
il	O	O	O	O	O	O	_	_	_	_	_	_
ajoute	O	O	O	O	O	O	_	_	_	_	_	_
:	O	O	O	O	O	O	_	_	EndOfLine	_	_	_
# segment_iiif_link = https://impresso-project.ch/api/proxy/iiif/EXP-1930-08-07-a-p0006/95,932,419,50/full/0/default.jpg
.	O	O	O	O	O	O	_	_	_	_	_	_
«	O	O	O	O	O	O	_	_	_	_	_	_
Enhardi	O	O	O	O	O	O	_	_	_	_	_	_
par	O	O	O	O	O	O	_	_	_	_	_	_
l	O	O	O	O	O	O	_	_	NoSpaceAfter	_	_	_
'	O	O	O	O	O	O	_	_	NoSpaceAfter	_	_	_
exemple	O	O	O	O	O	O	_	_	_	_	_	_
italien	O	O	O	O	O	O	_	_	NoSpaceAfter	_	_	_
,	O	O	O	O	O	O	_	_	EndOfLine	_	_	_
# segment_iiif_link = https://impresso-project.ch/api/proxy/iiif/EXP-1930-08-07-a-p0006/84,957,428,50/full/0/default.jpg
l	O	O	O	O	O	O	_	_	NoSpaceAfter	_	_	_
'	O	O	O	O	O	O	_	_	NoSpaceAfter	_	_	_
exemple	O	O	O	O	O	O	_	_	_	_	_	_
allemand	O	O	O	O	O	O	_	_	NoSpaceAfter	_	_	_
,	O	O	O	O	O	O	_	_	_	_	_	_
l	O	O	O	O	O	O	_	_	NoSpaceAfter	_	_	_
'	O	O	O	O	O	O	_	_	NoSpaceAfter	_	_	_
exemple	O	O	O	O	O	O	_	_	EndOfLine	_	_	_
# segment_iiif_link = https://impresso-project.ch/api/proxy/iiif/EXP-1930-08-07-a-p0006/85,982,428,49/full/0/default.jpg
britannique	O	O	O	O	O	O	_	_	NoSpaceAfter	_	_	_
,	O	O	O	O	O	O	_	_	_	_	_	_
le	O	O	O	O	O	O	_	_	_	_	_	_
Conseil	O	O	O	O	O	O	_	_	_	_	_	_
fédéral	O	O	O	O	O	O	_	_	_	_	_	_
dit	O	O	O	O	O	O	_	_	_	_	_	_
presque	O	O	O	O	O	O	_	_	EndOfLine	_	_	_
# segment_iiif_link = https://impresso-project.ch/api/proxy/iiif/EXP-1930-08-07-a-p0006/84,1006,430,50/full/0/default.jpg
toute	O	O	O	O	O	O	_	_	_	_	_	_
s	O	O	O	O	O	O	_	_	NoSpaceAfter	_	_	_
.	O	O	O	O	O	O	_	_	_	_	_	_
pensée	O	O	O	O	O	O	_	_	_	_	_	_
et	O	O	O	O	O	O	_	_	_	_	_	_
cette	O	O	O	O	O	O	_	_	_	_	_	_
pensée	O	O	O	O	O	O	_	_	_	_	_	_
pourrait	O	O	O	O	O	O	_	_	EndOfLine	_	_	_
# segment_iiif_link = https://impresso-project.ch/api/proxy/iiif/EXP-1930-08-07-a-p0006/84,1028,427,50/full/0/default.jpg
tenir	O	O	O	O	O	O	_	_	NoSpaceAfter	_	_	_
,	O	O	O	O	O	O	_	_	_	_	_	_
en	O	O	O	O	O	O	_	_	_	_	_	_
peu	O	O	O	O	O	O	_	_	_	_	_	_
de	O	O	O	O	O	O	_	_	_	_	_	_
mots	O	O	O	O	O	O	_	_	_	_	_	_
:	O	O	O	O	O	O	_	_	_	_	_	_
Aucune	O	O	O	O	O	O	_	_	_	_	_	_
raison	O	O	O	O	O	O	_	_	EndOfLine	_	_	_
# segment_iiif_link = https://impresso-project.ch/api/proxy/iiif/EXP-1930-08-07-a-p0006/83,1054,429,49/full/0/default.jpg
n	O	O	O	O	O	O	_	_	NoSpaceAfter	_	_	_
'	O	O	O	O	O	O	_	_	NoSpaceAfter	_	_	_
existe	O	O	O	O	O	O	_	_	_	_	_	_
de	O	O	O	O	O	O	_	_	_	_	_	_
dresser	O	O	O	O	O	O	_	_	_	_	_	_
en	O	O	O	O	O	O	_	_	_	_	_	_
face	O	O	O	O	O	O	_	_	_	_	_	_
de	O	O	O	O	O	O	_	_	_	_	_	_
la	O	O	O	O	O	O	_	_	_	_	_	_
S	O	O	O	O	O	O	_	_	NoSpaceAfter	_	_	_
.	O	O	O	O	O	O	_	_	_	_	_	_
d	O	O	O	O	O	O	_	_	NoSpaceAfter	_	_	_
.	O	O	O	O	O	O	_	_	EndOfLine	_	_	_
# segment_iiif_link = https://impresso-project.ch/api/proxy/iiif/EXP-1930-08-07-a-p0006/84,1081,428,49/full/0/default.jpg
J	O	O	O	O	O	O	_	_	NoSpaceAfter	_	_	_
.	O	O	O	O	O	O	_	_	_	_	_	_
un	O	O	O	O	O	O	_	_	_	_	_	_
organisme	O	O	O	O	O	O	_	_	_	_	_	_
rival	O	O	O	O	O	O	_	_	NoSpaceAfter	_	_	_
,	O	O	O	O	O	O	_	_	_	_	_	_
en	O	O	O	O	O	O	_	_	_	_	_	_
but	O	O	O	O	O	O	_	_	_	_	_	_
aux	O	O	O	O	O	O	_	_	EndOfLine	_	_	_
# segment_iiif_link = https://impresso-project.ch/api/proxy/iiif/EXP-1930-08-07-a-p0006/85,1103,427,50/full/0/default.jpg
mêmes	O	O	O	O	O	O	_	_	_	_	_	_
intérêts	O	O	O	O	O	O	_	_	NoSpaceAfter	_	_	_
,	O	O	O	O	O	O	_	_	_	_	_	_
aux	O	O	O	O	O	O	_	_	_	_	_	_
mêmes	O	O	O	O	O	O	_	_	_	_	_	_
passions	O	O	O	O	O	O	_	_	NoSpaceAfter	_	_	_
,	O	O	O	O	O	O	_	_	_	_	_	_
aux	O	O	O	O	O	O	_	_	EndOfLine	_	_	_
# segment_iiif_link = https://impresso-project.ch/api/proxy/iiif/EXP-1930-08-07-a-p0006/83,1124,430,50/full/0/default.jpg
mêmes	O	O	O	O	O	O	_	_	_	_	_	_
politiques	O	O	O	O	O	O	_	_	_	_	_	_
que	O	O	O	O	O	O	_	_	_	_	_	_
Genève	O	O	O	O	O	O	_	_	NoSpaceAfter	_	_	_
.	O	O	O	O	O	O	_	_	EndOfLine	_	_	_
# segment_iiif_link = https://impresso-project.ch/api/proxy/iiif/EXP-1930-08-07-a-p0006/83,1148,427,49/full/0/default.jpg
i	O	O	O	O	O	O	_	_	NoSpaceAfter	_	_	_
-	O	O	O	O	O	O	_	_	NoSpaceAfter	_	_	_
opô	O	O	O	O	O	O	_	_	_	_	_	_
réussirait	O	O	O	O	O	O	_	_	NoSpaceAfter	_	_	_
,	O	O	O	O	O	O	_	_	_	_	_	_
dit	O	O	O	O	O	O	_	_	NoSpaceAfter	_	_	_
-	O	O	O	O	O	O	_	_	NoSpaceAfter	_	_	_
il	O	O	O	O	O	O	_	_	NoSpaceAfter	_	_	_
,	O	O	O	O	O	O	_	_	_	_	_	_
là	O	O	O	O	O	O	_	_	_	_	_	_
où	O	O	O	O	O	O	_	_	_	_	_	_
Genève	O	O	O	O	O	O	_	_	_	_	_	_
ne	O	O	O	O	O	O	_	_	EndOfLine	_	_	_
# segment_iiif_link = https://impresso-project.ch/api/proxy/iiif/EXP-1930-08-07-a-p0006/84,1173,427,50/full/0/default.jpg
réussit	O	O	O	O	O	O	_	_	_	_	_	_
pas	O	O	O	O	O	O	_	_	_	_	_	_
7	O	O	O	O	O	O	_	_	_	_	_	_
Evidemment	O	O	O	O	O	O	_	_	NoSpaceAfter	_	_	_
,	O	O	O	O	O	O	_	_	_	_	_	_
la	O	O	O	O	O	O	_	_	_	_	_	_
Suisse	O	O	O	O	O	O	_	_	EndOfLine	_	_	_
# segment_iiif_link = https://impresso-project.ch/api/proxy/iiif/EXP-1930-08-07-a-p0006/84,1198,427,49/full/0/default.jpg
soutient	O	O	O	O	O	O	_	_	_	_	_	_
cette	O	O	O	O	O	O	_	_	_	_	_	_
thèse	O	O	O	O	O	O	_	_	_	_	_	_
avec	O	O	O	O	O	O	_	_	_	_	_	_
d	O	O	O	O	O	O	_	_	NoSpaceAfter	_	_	_
'	O	O	O	O	O	O	_	_	NoSpaceAfter	_	_	_
autant	O	O	O	O	O	O	_	_	_	_	_	_
*	O	O	O	O	O	O	_	_	_	_	_	_
plus	O	O	O	O	O	O	_	_	EndOfLine	_	_	_
# segment_iiif_link = https://impresso-project.ch/api/proxy/iiif/EXP-1930-08-07-a-p0006/83,1221,427,50/full/0/default.jpg
de	O	O	O	O	O	O	_	_	_	_	_	_
chaleur	O	O	O	O	O	O	_	_	_	_	_	_
que	O	O	O	O	O	O	_	_	_	_	_	_
la	O	O	O	O	O	O	_	_	_	_	_	_
S	O	O	O	O	O	O	_	_	NoSpaceAfter	_	_	_
.	O	O	O	O	O	O	_	_	_	_	_	_
d	O	O	O	O	O	O	_	_	NoSpaceAfter	_	_	_
.	O	O	O	O	O	O	_	_	_	_	_	_
N	O	O	O	O	O	O	_	_	NoSpaceAfter	_	_	_
.	O	O	O	O	O	O	_	_	_	_	_	_
est	O	O	O	O	O	O	_	_	_	_	_	_
fixée	O	O	O	O	O	O	_	_	_	_	_	_
sur	O	O	O	O	O	O	_	_	EndOfLine	_	_	_
# segment_iiif_link = https://impresso-project.ch/api/proxy/iiif/EXP-1930-08-07-a-p0006/83,1245,171,50/full/0/default.jpg
son	O	O	O	O	O	O	_	_	_	_	_	_
territoire	O	O	O	O	O	O	_	_	NoSpaceAfter	_	_	_
.	O	O	O	O	O	O	_	_	_	_	_	_
»	O	O	O	O	O	O	_	_	EndOfLine	_	_	_
# segment_iiif_link = https://impresso-project.ch/api/proxy/iiif/EXP-1930-08-07-a-p0006/106,1276,404,49/full/0/default.jpg
V	O	O	O	O	O	O	_	_	_	_	_	_
«	O	O	O	O	O	O	_	_	_	_	_	_
Homme	O	O	O	O	O	O	_	_	_	_	_	_
libre	O	O	O	O	O	O	_	_	_	_	_	_
»	O	O	O	O	O	O	_	_	_	_	_	_
écrit	O	O	O	O	O	O	_	_	_	_	_	_
que	O	O	O	O	O	O	_	_	_	_	_	_
la	O	O	O	O	O	O	_	_	EndOfLine	_	_	_
# segment_iiif_link = https://impresso-project.ch/api/proxy/iiif/EXP-1930-08-07-a-p0006/84,1299,426,50/full/0/default.jpg
réponse	O	O	O	O	O	O	_	_	_	_	_	_
du	O	O	O	O	O	O	_	_	NoSpaceAfter	_	_	_
.	O	O	O	O	O	O	_	_	_	_	_	_
gouvernement	O	O	O	O	O	O	_	_	_	_	_	_
helvétique	O	O	O	O	O	O	_	_	_	_	_	_
au	O	O	O	O	O	O	_	_	EndOfLine	_	_	_
# segment_iiif_link = https://impresso-project.ch/api/proxy/iiif/EXP-1930-08-07-a-p0006/83,1323,425,50/full/0/default.jpg
mémorandum	O	O	O	O	O	O	_	_	_	_	_	_
Briand	O	O	O	O	O	O	_	_	_	_	_	_
est	O	O	O	O	O	O	_	_	_	_	_	_
empreinte	O	O	O	O	O	O	_	_	EndOfLine	_	_	_
# segment_iiif_link = https://impresso-project.ch/api/proxy/iiif/EXP-1930-08-07-a-p0006/83,1348,426,49/full/0/default.jpg
d	O	O	O	O	O	O	_	_	NoSpaceAfter	_	_	_
'	O	O	O	O	O	O	_	_	NoSpaceAfter	_	_	_
un	O	O	O	O	O	O	_	_	_	_	_	_
esprit	O	O	O	O	O	O	_	_	_	_	_	_
de	O	O	O	O	O	O	_	_	_	_	_	_
collaboration	O	O	O	O	O	O	_	_	_	_	_	_
tout	O	O	O	O	O	O	_	_	_	_	_	_
à	O	O	O	O	O	O	_	_	_	_	_	_
fait	O	O	O	O	O	O	_	_	EndOfLine	_	_	_
# segment_iiif_link = https://impresso-project.ch/api/proxy/iiif/EXP-1930-08-07-a-p0006/85,1372,424,49/full/0/default.jpg
cordial	O	O	O	O	O	O	_	_	NoSpaceAfter	_	_	_
.	O	O	O	O	O	O	_	_	_	_	_	_
La	O	O	O	O	O	O	_	_	_	_	_	_
Suisse	O	O	O	O	O	O	_	_	NoSpaceAfter	_	_	_
,	O	O	O	O	O	O	_	_	_	_	_	_
loin	O	O	O	O	O	O	_	_	_	_	_	_
de	O	O	O	O	O	O	_	_	_	_	_	_
s	O	O	O	O	O	O	_	_	NoSpaceAfter	_	_	_
'	O	O	O	O	O	O	_	_	NoSpaceAfter	_	_	_
ehfermer	O	O	O	O	O	O	_	_	EndOfLine	_	_	_
# segment_iiif_link = https://impresso-project.ch/api/proxy/iiif/EXP-1930-08-07-a-p0006/85,1396,423,49/full/0/default.jpg
dans	O	O	O	O	O	O	_	_	_	_	_	_
sa	O	O	O	O	O	O	_	_	_	_	_	_
neutralité	O	O	O	O	O	O	_	_	_	_	_	_
comme	O	O	O	O	O	O	_	_	_	_	_	_
dans	O	O	O	O	O	O	_	_	_	_	_	_
une	O	O	O	O	O	O	_	_	EndOfLine	_	_	_
# segment_iiif_link = https://impresso-project.ch/api/proxy/iiif/EXP-1930-08-07-a-p0006/84,1420,428,49/full/0/default.jpg
cuirasse	O	O	O	O	O	O	_	_	NoSpaceAfter	_	_	_
,	O	O	O	O	O	O	_	_	_	_	_	_
rappelle	O	O	O	O	O	O	_	_	_	_	_	_
simplement	O	O	O	O	O	O	_	_	EndOfLine	_	_	_
# segment_iiif_link = https://impresso-project.ch/api/proxy/iiif/EXP-1930-08-07-a-p0006/85,1444,402,49/full/0/default.jpg
l	O	O	O	O	O	O	_	_	NoSpaceAfter	_	_	_
'	O	O	O	O	O	O	_	_	NoSpaceAfter	_	_	_
importance	O	O	O	O	O	O	_	_	NoSpaceAfter	_	_	_
,	O	O	O	O	O	O	_	_	_	_	_	_
à	O	O	O	O	O	O	_	_	_	_	_	_
ses	O	O	O	O	O	O	_	_	_	_	_	_
yeux	O	O	O	O	O	O	_	_	NoSpaceAfter	_	_	_
,	O	O	O	O	O	O	_	_	_	_	_	_
de	O	O	O	O	O	O	_	_	_	_	_	_
cette	O	O	O	O	O	O	_	_	_	_	_	_
neutralité	O	O	O	O	O	O	_	_	NoSpaceAfter	_	_	_
.	O	O	O	O	O	O	_	_	EndOfLine	_	_	_
# segment_iiif_link = https://impresso-project.ch/api/proxy/iiif/EXP-1930-08-07-a-p0006/106,1493,386,60/full/0/default.jpg
Les	O	O	O	O	O	O	_	_	_	_	_	_
Etats	O	O	O	O	O	O	_	_	NoSpaceAfter	_	_	_
-	O	O	O	O	O	O	_	_	NoSpaceAfter	_	_	_
Unis	O	O	O	O	O	O	_	_	_	_	_	_
continueront	O	O	O	O	O	O	_	_	EndOfLine	_	_	_
# segment_iiif_link = https://impresso-project.ch/api/proxy/iiif/EXP-1930-08-07-a-p0006/101,1516,335,60/full/0/default.jpg
'	O	O	O	O	O	O	_	_	NoSpaceAfter	_	_	_
fi	O	O	O	O	O	O	_	_	NoSpaceAfter	_	_	_
'	O	O	O	O	O	O	_	_	_	_	_	_
à	O	O	O	O	O	O	_	_	_	_	_	_
ignorer	O	O	O	O	O	O	_	_	_	_	_	_
les	O	O	O	O	O	O	_	_	_	_	_	_
soviets	O	O	O	O	O	O	_	_	EndOfLine	_	_	_
# segment_iiif_link = https://impresso-project.ch/api/proxy/iiif/EXP-1930-08-07-a-p0006/119,1570,358,49/full/0/default.jpg
Mais	O	O	O	O	O	O	_	_	_	_	_	_
ils	O	O	O	O	O	O	_	_	_	_	_	_
font	O	O	O	O	O	O	_	_	_	_	_	_
volontiers	O	O	O	O	O	O	_	_	_	_	_	_
avec	O	O	O	O	O	O	_	_	_	_	_	_
eux	O	O	O	O	O	O	_	_	EndOfLine	_	_	_
# segment_iiif_link = https://impresso-project.ch/api/proxy/iiif/EXP-1930-08-07-a-p0006/82,1591,330,50/full/0/default.jpg
,	O	O	O	O	O	O	_	_	_	_	_	_
-	O	O	O	O	O	O	_	_	NoSpaceAfter	_	_	_
fi	O	O	O	O	O	O	_	_	NoSpaceAfter	_	_	_
'	O	O	O	O	O	O	_	_	NoSpaceAfter	_	_	_
un	O	O	O	O	O	O	_	_	_	_	_	_
pen	O	O	O	O	O	O	_	_	_	_	_	_
de	O	O	O	O	O	O	_	_	_	_	_	_
commerce	O	O	O	O	O	O	_	_	EndOfLine	_	_	_
# segment_iiif_link = https://impresso-project.ch/api/proxy/iiif/EXP-1930-08-07-a-p0006/82,1620,429,50/full/0/default.jpg
~	O	O	O	O	O	O	_	_	_	_	_	_
NEW	O	O	O	O	O	O	_	_	NoSpaceAfter	_	_	_
-	O	O	O	O	O	O	_	_	NoSpaceAfter	_	_	_
YORK	O	O	O	O	O	O	_	_	NoSpaceAfter	_	_	_
,	O	O	O	O	O	O	_	_	_	_	_	_
7	O	O	O	O	O	O	_	_	_	_	_	_
(	O	O	O	O	O	O	_	_	NoSpaceAfter	_	_	_
Havas	O	O	O	O	O	O	Q2826560	_	NoSpaceAfter	_	LED0.00	_
)	O	O	O	O	O	O	_	_	NoSpaceAfter	_	_	_
.	O	O	O	O	O	O	_	_	_	_	_	_
—	O	O	O	O	O	O	_	_	EndOfLine	_	_	_
# segment_iiif_link = https://impresso-project.ch/api/proxy/iiif/EXP-1930-08-07-a-p0006/84,1645,427,50/full/0/default.jpg
L	O	O	O	O	O	O	_	_	NoSpaceAfter	_	_	_
'	O	O	O	O	O	O	_	_	NoSpaceAfter	_	_	_
intervention	O	O	O	O	O	O	_	_	_	_	_	_
de	O	O	O	O	O	O	_	_	_	_	_	_
M	O	O	O	O	O	O	_	_	NoSpaceAfter	_	_	_
.	O	O	O	O	O	O	_	_	_	_	_	_
Hoover	O	O	O	O	O	O	_	_	_	_	_	_
pour	O	O	O	O	O	O	_	_	_	_	_	_
laisser	O	O	O	O	O	O	_	_	EndOfLine	_	_	_
# segment_iiif_link = https://impresso-project.ch/api/proxy/iiif/EXP-1930-08-07-a-p0006/85,1669,425,50/full/0/default.jpg
entrer	O	O	O	O	O	O	_	_	_	_	_	_
aux	O	O	O	O	O	O	_	_	_	_	_	_
Etats	O	O	O	O	O	O	_	_	NoSpaceAfter	_	_	_
-	O	O	O	O	O	O	_	_	NoSpaceAfter	_	_	_
Unis	O	O	O	O	O	O	_	_	_	_	_	_
la	O	O	O	O	O	O	_	_	_	_	_	_
pâte	O	O	O	O	O	O	_	_	_	_	_	_
de	O	O	O	O	O	O	_	_	_	_	_	_
bois	O	O	O	O	O	O	_	_	EndOfLine	_	_	_
# segment_iiif_link = https://impresso-project.ch/api/proxy/iiif/EXP-1930-08-07-a-p0006/85,1694,424,49/full/0/default.jpg
importée	O	O	O	O	O	O	_	_	_	_	_	_
de	O	O	O	O	O	O	_	_	_	_	_	_
Russie	O	O	O	O	O	O	_	_	_	_	_	_
a	O	O	O	O	O	O	_	_	_	_	_	_
amené	O	O	O	O	O	O	_	_	_	_	_	_
une	O	O	O	O	O	O	_	_	_	_	_	_
partie	O	O	O	O	O	O	_	_	EndOfLine	_	_	_
# segment_iiif_link = https://impresso-project.ch/api/proxy/iiif/EXP-1930-08-07-a-p0006/85,1718,426,50/full/0/default.jpg
de	O	O	O	O	O	O	_	_	_	_	_	_
l	O	O	O	O	O	O	_	_	NoSpaceAfter	_	_	_
'	O	O	O	O	O	O	_	_	NoSpaceAfter	_	_	_
opinion	O	O	O	O	O	O	_	_	_	_	_	_
publique	O	O	O	O	O	O	_	_	_	_	_	_
à	O	O	O	O	O	O	_	_	_	_	_	_
croire	O	O	O	O	O	O	_	_	_	_	_	_
que	O	O	O	O	O	O	_	_	_	_	_	_
le	O	O	O	O	O	O	_	_	EndOfLine	_	_	_
# segment_iiif_link = https://impresso-project.ch/api/proxy/iiif/EXP-1930-08-07-a-p0006/85,1742,425,49/full/0/default.jpg
gouvernement	O	O	O	O	O	O	_	_	_	_	_	_
envisageait	O	O	O	O	O	O	_	_	_	_	_	_
un	O	O	O	O	O	O	_	_	EndOfLine	_	_	_
# segment_iiif_link = https://impresso-project.ch/api/proxy/iiif/EXP-1930-08-07-a-p0006/84,1766,426,49/full/0/default.jpg
revirement	O	O	O	O	O	O	_	_	_	_	_	_
de	O	O	O	O	O	O	_	_	_	_	_	_
sa	O	O	O	O	O	O	_	_	_	_	_	_
politique	O	O	O	O	O	O	_	_	_	_	_	_
devant	O	O	O	O	O	O	_	_	_	_	_	_
conduire	O	O	O	O	O	O	_	_	_	_	_	_
à	O	O	O	O	O	O	_	_	EndOfLine	_	_	_
# segment_iiif_link = https://impresso-project.ch/api/proxy/iiif/EXP-1930-08-07-a-p0006/83,1790,429,49/full/0/default.jpg
la	O	O	O	O	O	O	_	_	_	_	_	_
reconnaissance	O	O	O	O	O	O	_	_	_	_	_	_
des	O	O	O	O	O	O	_	_	_	_	_	_
soviets	O	O	O	O	O	O	_	_	NoSpaceAfter	_	_	_
.	O	O	O	O	O	O	_	_	_	_	_	_
H	O	O	O	O	O	O	_	_	_	_	_	_
semble	O	O	O	O	O	O	_	_	EndOfLine	_	_	_
# segment_iiif_link = https://impresso-project.ch/api/proxy/iiif/EXP-1930-08-07-a-p0006/85,1814,426,50/full/0/default.jpg
cependant	O	O	O	O	O	O	_	_	_	_	_	_
qu	O	O	O	O	O	O	_	_	NoSpaceAfter	_	_	_
'	O	O	O	O	O	O	_	_	NoSpaceAfter	_	_	_
il	O	O	O	O	O	O	_	_	_	_	_	_
n	O	O	O	O	O	O	_	_	NoSpaceAfter	_	_	_
'	O	O	O	O	O	O	_	_	NoSpaceAfter	_	_	_
en	O	O	O	O	O	O	_	_	_	_	_	_
est	O	O	O	O	O	O	_	_	_	_	_	_
rien	O	O	O	O	O	O	_	_	NoSpaceAfter	_	_	_
,	O	O	O	O	O	O	_	_	_	_	_	_
car	O	O	O	O	O	O	_	_	_	_	_	_
M	O	O	O	O	O	O	_	_	NoSpaceAfter	_	_	_
.	O	O	O	O	O	O	_	_	EndOfLine	_	_	_
# segment_iiif_link = https://impresso-project.ch/api/proxy/iiif/EXP-1930-08-07-a-p0006/85,1839,425,50/full/0/default.jpg
Castle	O	O	O	O	O	O	_	_	NoSpaceAfter	_	_	_
,	O	O	O	O	O	O	_	_	_	_	_	_
secrétaire	O	O	O	O	O	O	_	_	_	_	_	_
d	O	O	O	O	O	O	_	_	NoSpaceAfter	_	_	_
'	O	O	O	O	O	O	_	_	NoSpaceAfter	_	_	_
Etat	O	O	O	O	O	O	_	_	_	_	_	_
adjoint	O	O	O	O	O	O	_	_	NoSpaceAfter	_	_	_
,	O	O	O	O	O	O	_	_	_	_	_	_
a	O	O	O	O	O	O	_	_	EndOfLine	_	_	_
# segment_iiif_link = https://impresso-project.ch/api/proxy/iiif/EXP-1930-08-07-a-p0006/85,1863,425,50/full/0/default.jpg
déclaré	O	O	O	O	O	O	_	_	_	_	_	_
que	O	O	O	O	O	O	_	_	_	_	_	_
la	O	O	O	O	O	O	_	_	_	_	_	_
position	O	O	O	O	O	O	_	_	_	_	_	_
de	O	O	O	O	O	O	_	_	_	_	_	_
l	O	O	O	O	O	O	_	_	NoSpaceAfter	_	_	_
'	O	O	O	O	O	O	_	_	NoSpaceAfter	_	_	_
Amérique	O	O	O	O	O	O	_	_	_	_	_	_
à	O	O	O	O	O	O	_	_	EndOfLine	_	_	_
# segment_iiif_link = https://impresso-project.ch/api/proxy/iiif/EXP-1930-08-07-a-p0006/85,1887,427,50/full/0/default.jpg
ce	O	O	O	O	O	O	_	_	_	_	_	_
sujet	O	O	O	O	O	O	_	_	_	_	_	_
n	O	O	O	O	O	O	_	_	NoSpaceAfter	_	_	_
'	O	O	O	O	O	O	_	_	NoSpaceAfter	_	_	_
avait	O	O	O	O	O	O	_	_	_	_	_	_
pas	O	O	O	O	O	O	_	_	_	_	_	_
été	O	O	O	O	O	O	_	_	_	_	_	_
modifiée	O	O	O	O	O	O	_	_	_	_	_	_
depuis	O	O	O	O	O	O	_	_	EndOfLine	_	_	_
# segment_iiif_link = https://impresso-project.ch/api/proxy/iiif/EXP-1930-08-07-a-p0006/85,1912,53,49/full/0/default.jpg
1923	O	O	O	O	O	O	_	_	NoSpaceAfter	_	_	_
.	O	O	O	O	O	O	_	_	EndOfLine	_	_	_
# segment_iiif_link = https://impresso-project.ch/api/proxy/iiif/EXP-1930-08-07-a-p0006/87,1950,426,60/full/0/default.jpg
Un	O	O	O	O	O	O	_	_	_	_	_	_
autographe	O	O	O	O	O	O	_	_	_	_	_	_
du	O	O	O	O	O	O	_	_	_	_	_	_
D	O	O	O	O	O	O	_	_	_	_	_	_
Faust	O	O	O	O	O	O	_	_	_	_	_	_
?	O	O	O	O	O	O	_	_	EndOfLine	_	_	_
# segment_iiif_link = https://impresso-project.ch/api/proxy/iiif/EXP-1930-08-07-a-p0006/107,1996,404,49/full/0/default.jpg
On	O	O	O	O	O	O	_	_	_	_	_	_
pouvait	O	O	O	O	O	O	_	_	_	_	_	_
douter	O	O	O	O	O	O	_	_	_	_	_	_
jusqu	O	O	O	O	O	O	_	_	NoSpaceAfter	_	_	_
'	O	O	O	O	O	O	_	_	NoSpaceAfter	_	_	_
à	O	O	O	O	O	O	_	_	_	_	_	_
ce	O	O	O	O	O	O	_	_	_	_	_	_
jour	O	O	O	O	O	O	_	_	EndOfLine	_	_	_
# segment_iiif_link = https://impresso-project.ch/api/proxy/iiif/EXP-1930-08-07-a-p0006/86,2020,426,49/full/0/default.jpg
que	O	O	O	O	O	O	_	_	_	_	_	_
le	O	O	O	O	O	O	_	_	_	_	_	_
fameux	O	O	O	O	O	O	_	_	_	_	_	_
Dr	O	O	O	O	O	O	_	_	_	_	_	_
Faust	O	O	O	O	O	O	_	_	NoSpaceAfter	_	_	_
,	O	O	O	O	O	O	_	_	_	_	_	_
qui	O	O	O	O	O	O	_	_	_	_	_	_
a	O	O	O	O	O	O	_	_	_	_	_	_
inspiré	O	O	O	O	O	O	_	_	EndOfLine	_	_	_
# segment_iiif_link = https://impresso-project.ch/api/proxy/iiif/EXP-1930-08-07-a-p0006/86,2044,427,49/full/0/default.jpg
le	O	O	O	O	O	O	_	_	_	_	_	_
poème	O	O	O	O	O	O	_	_	_	_	_	_
de	O	O	O	O	O	O	_	_	_	_	_	_
Goethe	O	O	O	O	O	O	_	_	NoSpaceAfter	_	_	_
,	O	O	O	O	O	O	_	_	_	_	_	_
eût	O	O	O	O	O	O	_	_	_	_	_	_
réellement	O	O	O	O	O	O	_	_	EndOfLine	_	_	_
# segment_iiif_link = https://impresso-project.ch/api/proxy/iiif/EXP-1930-08-07-a-p0006/86,2068,426,49/full/0/default.jpg
existé	O	O	O	O	O	O	_	_	NoSpaceAfter	_	_	_
.	O	O	O	O	O	O	_	_	_	_	_	_
Une	O	O	O	O	O	O	_	_	_	_	_	_
trouvaille	O	O	O	O	O	O	_	_	_	_	_	_
qui	O	O	O	O	O	O	_	_	_	_	_	_
vient	O	O	O	O	O	O	_	_	_	_	_	_
d	O	O	O	O	O	O	_	_	NoSpaceAfter	_	_	_
'	O	O	O	O	O	O	_	_	NoSpaceAfter	_	_	_
être	O	O	O	O	O	O	_	_	_	_	_	_
faite	O	O	O	O	O	O	_	_	EndOfLine	_	_	_
# segment_iiif_link = https://impresso-project.ch/api/proxy/iiif/EXP-1930-08-07-a-p0006/86,2093,427,50/full/0/default.jpg
par	O	O	O	O	O	O	_	_	_	_	_	_
le	O	O	O	O	O	O	_	_	_	_	_	_
professeur	O	O	O	O	O	O	_	_	_	_	_	_
Richel	O	O	O	O	O	O	_	_	NoSpaceAfter	_	_	_
,	O	O	O	O	O	O	_	_	_	_	_	_
à	O	O	O	O	O	O	_	_	_	_	_	_
la	O	O	O	O	O	O	_	_	EndOfLine	_	_	_
# segment_iiif_link = https://impresso-project.ch/api/proxy/iiif/EXP-1930-08-07-a-p0006/86,2116,427,50/full/0/default.jpg
bibliothèque	O	O	O	O	O	O	_	_	_	_	_	_
municipale	O	O	O	O	O	O	_	_	_	_	_	_
de	O	O	O	O	O	O	_	_	_	_	_	_
Francfort	O	O	O	O	O	O	_	_	NoSpaceAfter	_	_	_
,	O	O	O	O	O	O	_	_	_	_	_	_
semble	O	O	O	O	O	O	_	_	EndOfLine	_	_	_
# segment_iiif_link = https://impresso-project.ch/api/proxy/iiif/EXP-1930-08-07-a-p0006/86,2140,426,50/full/0/default.jpg
prouver	O	O	O	O	O	O	_	_	_	_	_	_
définitivement	O	O	O	O	O	O	_	_	_	_	_	_
qu	O	O	O	O	O	O	_	_	NoSpaceAfter	_	_	_
'	O	O	O	O	O	O	_	_	NoSpaceAfter	_	_	_
il	O	O	O	O	O	O	_	_	_	_	_	_
yécut	O	O	O	O	O	O	_	_	_	_	_	_
au	O	O	O	O	O	O	_	_	EndOfLine	_	_	_
# segment_iiif_link = https://impresso-project.ch/api/proxy/iiif/EXP-1930-08-07-a-p0006/86,2164,426,50/full/0/default.jpg
quinzième	O	O	O	O	O	O	_	_	_	_	_	_
siècle	O	O	O	O	O	O	_	_	NoSpaceAfter	_	_	_
.	O	O	O	O	O	O	_	_	_	_	_	_
Sur	O	O	O	O	O	O	_	_	_	_	_	_
la	O	O	O	O	O	O	_	_	_	_	_	_
page	O	O	O	O	O	O	_	_	_	_	_	_
de	O	O	O	O	O	O	_	_	_	_	_	_
garde	O	O	O	O	O	O	_	_	EndOfLine	_	_	_
# segment_iiif_link = https://impresso-project.ch/api/proxy/iiif/EXP-1930-08-07-a-p0006/85,2189,428,49/full/0/default.jpg
d	O	O	O	O	O	O	_	_	NoSpaceAfter	_	_	_
'	O	O	O	O	O	O	_	_	NoSpaceAfter	_	_	_
une	O	O	O	O	O	O	_	_	_	_	_	_
édition	O	O	O	O	O	O	_	_	_	_	_	_
latine	O	O	O	O	O	O	_	_	_	_	_	_
des	O	O	O	O	O	O	_	_	_	_	_	_
œuvres	O	O	O	O	O	O	_	_	_	_	_	_
de	O	O	O	O	O	O	_	_	EndOfLine	_	_	_
# segment_iiif_link = https://impresso-project.ch/api/proxy/iiif/EXP-1930-08-07-a-p0006/86,2213,426,50/full/0/default.jpg
Justin	O	O	O	O	O	O	_	_	_	_	_	_
le	O	O	O	O	O	O	_	_	_	_	_	_
martyr	O	O	O	O	O	O	_	_	_	_	_	_
se	O	O	O	O	O	O	_	_	_	_	_	_
trouve	O	O	O	O	O	O	_	_	_	_	_	_
une	O	O	O	O	O	O	_	_	_	_	_	_
dédicace	O	O	O	O	O	O	_	_	_	_	_	_
de	O	O	O	O	O	O	_	_	EndOfLine	_	_	_
# segment_iiif_link = https://impresso-project.ch/api/proxy/iiif/EXP-1930-08-07-a-p0006/85,2237,428,49/full/0/default.jpg
sa	O	O	O	O	O	O	_	_	_	_	_	_
main	O	O	O	O	O	O	_	_	NoSpaceAfter	_	_	_
.	O	O	O	O	O	O	_	_	_	_	_	_
Elle	O	O	O	O	O	O	_	_	_	_	_	_
est	O	O	O	O	O	O	_	_	_	_	_	_
adressée	O	O	O	O	O	O	_	_	_	_	_	_
aux	O	O	O	O	O	O	_	_	EndOfLine	_	_	_
# segment_iiif_link = https://impresso-project.ch/api/proxy/iiif/EXP-1930-08-07-a-p0006/86,2261,426,49/full/0/default.jpg
dominicains	O	O	O	O	O	O	_	_	_	_	_	_
qui	O	O	O	O	O	O	_	_	_	_	_	_
lui	O	O	O	O	O	O	_	_	_	_	_	_
avaient	O	O	O	O	O	O	_	_	_	_	_	_
offert	O	O	O	O	O	O	_	_	EndOfLine	_	_	_
# segment_iiif_link = https://impresso-project.ch/api/proxy/iiif/EXP-1930-08-07-a-p0006/86,2285,427,49/full/0/default.jpg
l	O	O	O	O	O	O	_	_	NoSpaceAfter	_	_	_
'	O	O	O	O	O	O	_	_	NoSpaceAfter	_	_	_
hospitalité	O	O	O	O	O	O	_	_	_	_	_	_
dans	O	O	O	O	O	O	_	_	_	_	_	_
leur	O	O	O	O	O	O	_	_	_	_	_	_
cloître	O	O	O	O	O	O	_	_	NoSpaceAfter	_	_	_
.	O	O	O	O	O	O	_	_	_	_	_	_
Quelques	O	O	O	O	O	O	_	_	EndOfLine	_	_	_
# segment_iiif_link = https://impresso-project.ch/api/proxy/iiif/EXP-1930-08-07-a-p0006/86,2309,427,50/full/0/default.jpg
remarques	O	O	O	O	O	O	_	_	_	_	_	_
en	O	O	O	O	O	O	_	_	_	_	_	_
latin	O	O	O	O	O	O	_	_	_	_	_	_
et	O	O	O	O	O	O	_	_	_	_	_	_
en	O	O	O	O	O	O	_	_	_	_	_	_
grec	O	O	O	O	O	O	_	_	_	_	_	_
permettent	O	O	O	O	O	O	_	_	_	_	_	_
de	O	O	O	O	O	O	_	_	EndOfLine	_	_	_
# segment_iiif_link = https://impresso-project.ch/api/proxy/iiif/EXP-1930-08-07-a-p0006/86,2333,426,50/full/0/default.jpg
supposer	O	O	O	O	O	O	_	_	_	_	_	_
que	O	O	O	O	O	O	_	_	_	_	_	_
l	O	O	O	O	O	O	_	_	NoSpaceAfter	_	_	_
'	O	O	O	O	O	O	_	_	NoSpaceAfter	_	_	_
ancien	O	O	O	O	O	O	_	_	_	_	_	_
charlatan	O	O	O	O	O	O	_	_	_	_	_	_
s	O	O	O	O	O	O	_	_	NoSpaceAfter	_	_	_
'	O	O	O	O	O	O	_	_	NoSpaceAfter	_	_	_
était	O	O	O	O	O	O	_	_	EndOfLine	_	_	_
# segment_iiif_link = https://impresso-project.ch/api/proxy/iiif/EXP-1930-08-07-a-p0006/86,2357,427,50/full/0/default.jpg
converti	O	O	O	O	O	O	_	_	_	_	_	_
dans	O	O	O	O	O	O	_	_	_	_	_	_
ses	O	O	O	O	O	O	_	_	_	_	_	_
dernières	O	O	O	O	O	O	_	_	_	_	_	_
années	O	O	O	O	O	O	_	_	NoSpaceAfter	_	_	_
.	O	O	O	O	O	O	_	_	_	_	_	_
Il	O	O	O	O	O	O	_	_	EndOfLine	_	_	_
# segment_iiif_link = https://impresso-project.ch/api/proxy/iiif/EXP-1930-08-07-a-p0006/87,2381,426,50/full/0/default.jpg
est	O	O	O	O	O	O	_	_	_	_	_	_
probable	O	O	O	O	O	O	_	_	_	_	_	_
que	O	O	O	O	O	O	_	_	_	_	_	_
l	O	O	O	O	O	O	_	_	NoSpaceAfter	_	_	_
'	O	O	O	O	O	O	_	_	NoSpaceAfter	_	_	_
histoire	O	O	O	O	O	O	_	_	_	_	_	_
de	O	O	O	O	O	O	_	_	_	_	_	_
sa	O	O	O	O	O	O	_	_	_	_	_	_
fin	O	O	O	O	O	O	_	_	EndOfLine	_	_	_
# segment_iiif_link = https://impresso-project.ch/api/proxy/iiif/EXP-1930-08-07-a-p0006/86,2407,426,49/full/0/default.jpg
terrible	O	O	O	O	O	O	_	_	NoSpaceAfter	_	_	_
,	O	O	O	O	O	O	_	_	_	_	_	_
que	O	O	O	O	O	O	_	_	_	_	_	_
la	O	O	O	O	O	O	_	_	_	_	_	_
tradition	O	O	O	O	O	O	_	_	_	_	_	_
place	O	O	O	O	O	O	_	_	_	_	_	_
en	O	O	O	O	O	O	_	_	_	_	_	_
trois	O	O	O	O	O	O	_	_	EndOfLine	_	_	_
# segment_iiif_link = https://impresso-project.ch/api/proxy/iiif/EXP-1930-08-07-a-p0006/86,2431,427,49/full/0/default.jpg
endroits	O	O	O	O	O	O	_	_	_	_	_	_
différents	O	O	O	O	O	O	_	_	NoSpaceAfter	_	_	_
,	O	O	O	O	O	O	_	_	_	_	_	_
a	O	O	O	O	O	O	_	_	_	_	_	_
été	O	O	O	O	O	O	_	_	_	_	_	_
purement	O	O	O	O	O	O	_	_	_	_	_	_
et	O	O	O	O	O	O	_	_	EndOfLine	_	_	_
# segment_iiif_link = https://impresso-project.ch/api/proxy/iiif/EXP-1930-08-07-a-p0006/86,2455,318,50/full/0/default.jpg
simplement	O	O	O	O	O	O	_	_	_	_	_	_
inventée	O	O	O	O	O	O	_	_	NoSpaceAfter	_	_	_
.	O	O	O	O	O	O	_	_	_	_	_	_
(	O	O	O	O	O	O	_	_	NoSpaceAfter	_	_	_
R	O	O	O	O	O	O	_	_	NoSpaceAfter	_	_	_
.	O	O	O	O	O	O	_	_	_	_	_	_
D	O	O	O	O	O	O	_	_	NoSpaceAfter	_	_	_
.	O	O	O	O	O	O	_	_	_	_	_	_
V	O	O	O	O	O	O	_	_	NoSpaceAfter	_	_	_
.	O	O	O	O	O	O	_	_	NoSpaceAfter	_	_	_
)	O	O	O	O	O	O	_	_	EndOfLine	_	_	_
# segment_iiif_link = https://impresso-project.ch/api/proxy/iiif/EXP-1930-08-07-a-p0006/86,2502,426,60/full/0/default.jpg
Le	O	O	O	O	O	O	_	_	_	_	_	_
chômage	O	O	O	O	O	O	_	_	_	_	_	_
augmente	O	O	O	O	O	O	_	_	_	_	_	_
toujours	O	O	O	O	O	O	_	_	EndOfLine	_	_	_
# segment_iiif_link = https://impresso-project.ch/api/proxy/iiif/EXP-1930-08-07-a-p0006/206,2536,189,60/full/0/default.jpg
en	O	O	O	O	O	O	_	_	_	_	_	_
Angleterre	O	O	O	O	O	O	_	_	EndOfLine	_	_	_
# segment_iiif_link = https://impresso-project.ch/api/proxy/iiif/EXP-1930-08-07-a-p0006/109,2578,403,50/full/0/default.jpg
-	O	O	O	O	O	O	_	_	NoSpaceAfter	_	_	_
LONDRES	O	O	O	O	O	O	_	_	NoSpaceAfter	_	_	_
,	O	O	O	O	O	O	_	_	_	_	_	_
7	O	O	O	O	O	O	_	_	_	_	_	_
(	O	O	O	O	O	O	_	_	NoSpaceAfter	_	_	_
Havas	O	O	O	O	O	O	Q2826560	_	NoSpaceAfter	_	LED0.00	_
)	O	O	O	O	O	O	_	_	NoSpaceAfter	_	_	_
.	O	O	O	O	O	O	_	_	_	_	_	_
—	O	O	O	O	O	O	_	_	_	_	_	_
A	O	O	O	O	O	O	_	_	_	_	_	_
la	O	O	O	O	O	O	_	_	_	_	_	_
date	O	O	O	O	O	O	_	_	EndOfLine	_	_	_
# segment_iiif_link = https://impresso-project.ch/api/proxy/iiif/EXP-1930-08-07-a-p0006/87,2602,426,50/full/0/default.jpg
du	O	O	O	O	O	O	_	_	_	_	_	_
28	O	O	O	O	O	O	_	_	_	_	_	_
juillet	O	O	O	O	O	O	_	_	NoSpaceAfter	_	_	_
,	O	O	O	O	O	O	_	_	_	_	_	_
le	O	O	O	O	O	O	_	_	_	_	_	_
nombre	O	O	O	O	O	O	_	_	_	_	_	_
des	O	O	O	O	O	O	_	_	_	_	_	_
chômeurs	O	O	O	O	O	O	_	_	EndOfLine	_	_	_
# segment_iiif_link = https://impresso-project.ch/api/proxy/iiif/EXP-1930-08-07-a-p0006/87,2627,425,50/full/0/default.jpg
était	O	O	O	O	O	O	_	_	_	_	_	_
de	O	O	O	O	O	O	_	_	_	_	_	_
2,011,467	O	O	O	O	O	O	_	_	NoSpaceAfter	_	_	_
,	O	O	O	O	O	O	_	_	_	_	_	_
soit	O	O	O	O	O	O	_	_	_	_	_	_
en	O	O	O	O	O	O	_	_	_	_	_	_
augmentation	O	O	O	O	O	O	_	_	EndOfLine	_	_	_
# segment_iiif_link = https://impresso-project.ch/api/proxy/iiif/EXP-1930-08-07-a-p0006/87,2651,426,50/full/0/default.jpg
de	O	O	O	O	O	O	_	_	_	_	_	_
38,737	O	O	O	O	O	O	_	_	_	_	_	_
sur	O	O	O	O	O	O	_	_	_	_	_	_
la	O	O	O	O	O	O	_	_	_	_	_	_
semaine	O	O	O	O	O	O	_	_	_	_	_	_
précédente	O	O	O	O	O	O	_	_	_	_	_	_
et	O	O	O	O	O	O	_	_	EndOfLine	_	_	_
# segment_iiif_link = https://impresso-project.ch/api/proxy/iiif/EXP-1930-08-07-a-p0006/86,2675,427,50/full/0/default.jpg
ide	O	O	O	O	O	O	_	_	NoSpaceAfter	_	_	_
,	O	O	O	O	O	O	_	_	_	_	_	_
857,333	O	O	O	O	O	O	_	_	_	_	_	_
sur	O	O	O	O	O	O	_	_	_	_	_	_
l	O	O	O	O	O	O	_	_	NoSpaceAfter	_	_	_
'	O	O	O	O	O	O	_	_	NoSpaceAfter	_	_	_
année	O	O	O	O	O	O	_	_	_	_	_	_
dernière	O	O	O	O	O	O	_	_	_	_	_	_
à	O	O	O	O	O	O	_	_	EndOfLine	_	_	_
# segment_iiif_link = https://impresso-project.ch/api/proxy/iiif/EXP-1930-08-07-a-p0006/85,2700,145,50/full/0/default.jpg
pareille	O	O	O	O	O	O	_	_	_	_	_	_
époque	O	O	O	O	O	O	_	_	NoSpaceAfter	_	_	_
.	O	O	O	O	O	O	_	_	EndOfLine	_	_	_
# segment_iiif_link = https://impresso-project.ch/api/proxy/iiif/EXP-1930-08-07-a-p0006/172,2742,256,60/full/0/default.jpg
Un	O	O	O	O	O	O	_	_	_	_	_	_
avion	O	O	O	O	O	O	_	_	_	_	_	_
militaire	O	O	O	O	O	O	_	_	EndOfLine	_	_	_
# segment_iiif_link = https://impresso-project.ch/api/proxy/iiif/EXP-1930-08-07-a-p0006/155,2777,288,60/full/0/default.jpg
tombe	O	O	O	O	O	O	_	_	_	_	_	_
en	O	O	O	O	O	O	_	_	_	_	_	_
Angleterre	O	O	O	O	O	O	_	_	EndOfLine	_	_	_
# segment_iiif_link = https://impresso-project.ch/api/proxy/iiif/EXP-1930-08-07-a-p0006/213,2815,186,50/full/0/default.jpg
Son	O	O	O	O	O	O	_	_	_	_	_	_
pilote	O	O	O	O	O	O	_	_	_	_	_	_
se	O	O	O	O	O	O	_	_	_	_	_	_
tue	O	O	O	O	O	O	_	_	EndOfLine	_	_	_
# segment_iiif_link = https://impresso-project.ch/api/proxy/iiif/EXP-1930-08-07-a-p0006/84,2835,427,50/full/0/default.jpg
"	O	O	O	O	O	O	_	_	NoSpaceAfter	_	_	_
'	O	O	O	O	O	O	_	_	NoSpaceAfter	_	_	_
-	O	O	O	O	O	O	_	_	NoSpaceAfter	_	_	_
LONDRES	O	O	O	O	O	O	_	_	NoSpaceAfter	_	_	_
,	O	O	O	O	O	O	_	_	_	_	_	_
7	O	O	O	O	O	O	_	_	_	_	_	_
(	O	O	O	O	O	O	_	_	NoSpaceAfter	_	_	_
Havas	O	O	O	O	O	O	Q2826560	_	NoSpaceAfter	_	LED0.00	_
)	O	O	O	O	O	O	_	_	NoSpaceAfter	_	_	_
.	O	O	O	O	O	O	_	_	_	EndOfSentence	_	_
—	O	O	O	O	O	O	_	_	_	_	_	_
Le	O	O	O	O	O	O	_	_	EndOfLine	_	_	_
# segment_iiif_link = https://impresso-project.ch/api/proxy/iiif/EXP-1930-08-07-a-p0006/83,2866,427,50/full/0/default.jpg
ministère	O	O	O	O	O	O	_	_	_	_	_	_
de	O	O	O	O	O	O	_	_	_	_	_	_
l	O	O	O	O	O	O	_	_	NoSpaceAfter	_	_	_
'	O	O	O	O	O	O	_	_	NoSpaceAfter	_	_	_
air	O	O	O	O	O	O	_	_	_	_	_	_
annonce	O	O	O	O	O	O	_	_	_	_	_	_
qu	O	O	O	O	O	O	_	_	NoSpaceAfter	_	_	_
'	O	O	O	O	O	O	_	_	NoSpaceAfter	_	_	_
un	O	O	O	O	O	O	_	_	_	_	_	_
aéroplane	O	O	O	O	O	O	_	_	EndOfLine	_	_	_
# segment_iiif_link = https://impresso-project.ch/api/proxy/iiif/EXP-1930-08-07-a-p0006/83,2890,428,50/full/0/default.jpg
militaire	O	O	O	O	O	O	_	_	_	_	_	_
s	O	O	O	O	O	O	_	_	NoSpaceAfter	_	_	_
'	O	O	O	O	O	O	_	_	NoSpaceAfter	_	_	_
est	O	O	O	O	O	O	_	_	_	_	_	_
écrasé	O	O	O	O	O	O	_	_	_	_	_	_
sur	O	O	O	O	O	O	_	_	_	_	_	_
le	O	O	O	O	O	O	_	_	_	_	_	_
sol	O	O	O	O	O	O	_	_	_	_	_	_
à	O	O	O	O	O	O	_	_	EndOfLine	_	_	_
# segment_iiif_link = https://impresso-project.ch/api/proxy/iiif/EXP-1930-08-07-a-p0006/84,2914,428,50/full/0/default.jpg
Gramtham	O	O	O	O	O	O	_	_	NoSpaceAfter	_	_	_
,	O	O	O	O	O	O	_	_	_	_	_	_
dans	O	O	O	O	O	O	_	_	_	_	_	_
le	O	O	O	O	O	O	_	_	_	_	_	_
comté	O	O	O	O	O	O	_	_	_	_	_	_
de	O	O	O	O	O	O	_	_	_	_	_	_
Lincoln	O	O	O	O	O	O	_	_	NoSpaceAfter	_	_	_
.	O	O	O	O	O	O	_	_	_	EndOfSentence	_	_
L	O	O	O	O	O	O	_	_	NoSpaceAfter	_	_	_
'	O	O	O	O	O	O	_	_	EndOfLine|NoSpaceAfter	_	_	_
# segment_iiif_link = https://impresso-project.ch/api/proxy/iiif/EXP-1930-08-07-a-p0006/86,2939,357,49/full/0/default.jpg
aviateur	O	O	O	O	O	O	_	_	_	_	_	_
qui	O	O	O	O	O	O	_	_	_	_	_	_
le	O	O	O	O	O	O	_	_	_	_	_	_
pilotait	O	O	O	O	O	O	_	_	_	_	_	_
a	O	O	O	O	O	O	_	_	_	_	_	_
été	O	O	O	O	O	O	_	_	_	_	_	_
tué	O	O	O	O	O	O	_	_	_	_	_	_
_	O	O	O	O	O	O	_	_	NoSpaceAfter	_	_	_
.	O	O	O	O	O	O	_	_	EndOfLine	EndOfSentence	_	_
# segment_iiif_link = https://impresso-project.ch/api/proxy/iiif/EXP-1930-08-07-a-p0006/86,2983,426,60/full/0/default.jpg
Deux	O	O	O	O	O	O	_	_	_	_	_	_
trains	O	O	O	O	O	O	_	_	_	_	_	_
italiens	O	O	O	O	O	O	_	_	_	_	_	_
se	O	O	O	O	O	O	_	_	_	_	_	_
heurtent	O	O	O	O	O	O	_	_	EndOfLine	_	_	_
# segment_iiif_link = https://impresso-project.ch/api/proxy/iiif/EXP-1930-08-07-a-p0006/224,3024,148,50/full/0/default.jpg
Douze	O	O	O	O	O	O	_	_	_	_	_	_
blessés	O	O	O	O	O	O	_	_	EndOfLine	_	_	_
# segment_iiif_link = https://impresso-project.ch/api/proxy/iiif/EXP-1930-08-07-a-p0006/93,3050,418,50/full/0/default.jpg
SCHIETI	O	O	O	O	O	O	_	_	NoSpaceAfter	_	_	_
,	O	O	O	O	O	O	_	_	_	EndOfSentence	_	_
6	O	O	O	O	O	O	_	_	NoSpaceAfter	_	_	_
.	O	O	O	O	O	O	_	_	_	_	_	_
—	O	O	O	O	O	O	_	_	_	_	_	_
Un	O	O	O	O	O	O	_	_	_	_	_	_
accident	O	O	O	O	O	O	_	_	_	_	_	_
de	O	O	O	O	O	O	_	_	EndOfLine	_	_	_
# segment_iiif_link = https://impresso-project.ch/api/proxy/iiif/EXP-1930-08-07-a-p0006/83,3075,426,50/full/0/default.jpg
chemin	O	O	O	O	O	O	_	_	_	_	_	_
de	O	O	O	O	O	O	_	_	_	_	_	_
fer	O	O	O	O	O	O	_	_	_	_	_	_
s	O	O	O	O	O	O	_	_	NoSpaceAfter	_	_	_
'	O	O	O	O	O	O	_	_	NoSpaceAfter	_	_	_
est	O	O	O	O	O	O	_	_	_	_	_	_
produit	O	O	O	O	O	O	_	_	_	_	_	_
mercredi	O	O	O	O	O	O	_	_	_	_	_	_
en	O	O	O	O	O	O	_	_	EndOfLine	_	_	_
# segment_iiif_link = https://impresso-project.ch/api/proxy/iiif/EXP-1930-08-07-a-p0006/85,3099,427,50/full/0/default.jpg
gare	O	O	O	O	O	O	_	_	_	_	_	_
de	O	O	O	O	O	O	_	_	_	_	_	_
Fossacesia	O	O	O	O	O	O	_	_	NoSpaceAfter	_	_	_
.	O	O	O	O	O	O	_	_	_	EndOfSentence	_	_
Un	O	O	O	O	O	O	_	_	_	_	_	_
train	O	O	O	O	O	O	_	_	_	_	_	_
de	O	O	O	O	O	O	_	_	EndOfLine	_	_	_
# segment_iiif_link = https://impresso-project.ch/api/proxy/iiif/EXP-1930-08-07-a-p0006/85,3123,427,50/full/0/default.jpg
marchandises	O	O	O	O	O	O	_	_	_	_	_	_
et	O	O	O	O	O	O	_	_	_	_	_	_
un	O	O	O	O	O	O	_	_	_	_	_	_
train	O	O	O	O	O	O	_	_	_	_	_	_
mixte	O	O	O	O	O	O	_	_	_	_	_	_
sont	O	O	O	O	O	O	_	_	EndOfLine	_	_	_
# segment_iiif_link = https://impresso-project.ch/api/proxy/iiif/EXP-1930-08-07-a-p0006/84,3148,425,49/full/0/default.jpg
entrés	O	O	O	O	O	O	_	_	_	_	_	_
en	O	O	O	O	O	O	_	_	_	_	_	_
collision	O	O	O	O	O	O	_	_	NoSpaceAfter	_	_	_
.	O	O	O	O	O	O	_	_	_	EndOfSentence	_	_
Douze	O	O	O	O	O	O	_	_	_	_	_	_
voyageurs	O	O	O	O	O	O	_	_	_	_	_	_
ont	O	O	O	O	O	O	_	_	EndOfLine	_	_	_
# segment_iiif_link = https://impresso-project.ch/api/proxy/iiif/EXP-1930-08-07-a-p0006/85,3172,426,49/full/0/default.jpg
été	O	O	O	O	O	O	_	_	_	_	_	_
plus	O	O	O	O	O	O	_	_	_	_	_	_
ou	O	O	O	O	O	O	_	_	_	_	_	_
moins	O	O	O	O	O	O	_	_	_	_	_	_
grièvement	O	O	O	O	O	O	_	_	_	_	_	_
blessés	O	O	O	O	O	O	_	_	NoSpaceAfter	_	_	_
.	O	O	O	O	O	O	_	_	EndOfLine	EndOfSentence	_	_
# segment_iiif_link = https://impresso-project.ch/api/proxy/iiif/EXP-1930-08-07-a-p0006/85,3196,405,49/full/0/default.jpg
Les	O	O	O	O	O	O	_	_	_	_	_	_
dégâts	O	O	O	O	O	O	_	_	_	_	_	_
matériels	O	O	O	O	O	O	_	_	_	_	_	_
sont	O	O	O	O	O	O	_	_	_	_	_	_
importants	O	O	O	O	O	O	_	_	NoSpaceAfter	_	_	_
.	O	O	O	O	O	O	_	_	EndOfLine	EndOfSentence	_	_
# segment_iiif_link = https://impresso-project.ch/api/proxy/iiif/EXP-1930-08-07-a-p0006/119,3240,364,60/full/0/default.jpg
Deux	O	O	O	O	O	O	_	_	_	_	_	_
ouvriers	O	O	O	O	O	O	_	_	_	_	_	_
électrocutés	O	O	O	O	O	O	_	_	EndOfLine	_	_	_
# segment_iiif_link = https://impresso-project.ch/api/proxy/iiif/EXP-1930-08-07-a-p0006/238,3275,126,60/full/0/default.jpg
au	O	O	O	O	O	O	_	_	_	_	_	_
Havre	O	O	O	O	O	O	_	_	EndOfLine	_	_	_
# segment_iiif_link = https://impresso-project.ch/api/proxy/iiif/EXP-1930-08-07-a-p0006/109,3317,402,49/full/0/default.jpg
-	O	O	O	O	O	O	_	_	NoSpaceAfter	_	_	_
LE	O	O	O	O	O	O	_	_	_	_	_	_
HAVRE	O	O	O	O	O	O	_	_	NoSpaceAfter	_	_	_
,	O	O	O	O	O	O	_	_	_	_	_	_
7	O	O	O	O	O	O	_	_	_	_	_	_
(	O	O	O	O	O	O	_	_	NoSpaceAfter	_	_	_
Havas	B-org	O	B-org.ent.pressagency.Havas	O	O	O	Q2826560	_	NoSpaceAfter	_	LED0.00	_
)	O	O	O	O	O	O	_	_	NoSpaceAfter	_	_	_
.	O	O	O	O	O	O	_	_	_	EndOfSentence	_	_
—	O	O	O	O	O	O	_	_	_	_	_	_
Deux	O	O	O	O	O	O	_	_	EndOfLine	_	_	_
# segment_iiif_link = https://impresso-project.ch/api/proxy/iiif/EXP-1930-08-07-a-p0006/86,3341,426,49/full/0/default.jpg
ouvriers	O	O	O	O	O	O	_	_	_	_	_	_
qui	O	O	O	O	O	O	_	_	_	_	_	_
déplaçaient	O	O	O	O	O	O	_	_	_	_	_	_
à	O	O	O	O	O	O	_	_	_	_	_	_
la	O	O	O	O	O	O	_	_	_	_	_	_
main	O	O	O	O	O	O	_	_	_	_	_	_
un	O	O	O	O	O	O	_	_	EndOfLine	_	_	_
# segment_iiif_link = https://impresso-project.ch/api/proxy/iiif/EXP-1930-08-07-a-p0006/86,3365,424,50/full/0/default.jpg
appareil	O	O	O	O	O	O	_	_	_	_	_	_
de	O	O	O	O	O	O	_	_	_	_	_	_
manutention	O	O	O	O	O	O	_	_	_	_	_	_
électrique	O	O	O	O	O	O	_	_	NoSpaceAfter	_	_	_
,	O	O	O	O	O	O	_	_	_	_	_	_
pour	O	O	O	O	O	O	_	_	EndOfLine	_	_	_
# segment_iiif_link = https://impresso-project.ch/api/proxy/iiif/EXP-1930-08-07-a-p0006/86,3389,425,50/full/0/default.jpg
charger	O	O	O	O	O	O	_	_	_	_	_	_
du	O	O	O	O	O	O	_	_	_	_	_	_
charbon	O	O	O	O	O	O	_	_	NoSpaceAfter	_	_	_
,	O	O	O	O	O	O	_	_	_	_	_	_
ont	O	O	O	O	O	O	_	_	_	_	_	_
été	O	O	O	O	O	O	_	_	_	_	_	_
électrocutés	O	O	O	O	O	O	_	_	EndOfLine	_	_	_
# segment_iiif_link = https://impresso-project.ch/api/proxy/iiif/EXP-1930-08-07-a-p0006/86,3414,425,50/full/0/default.jpg
et	O	O	O	O	O	O	_	_	_	_	_	_
relevés	O	O	O	O	O	O	_	_	_	_	_	_
inanimés	O	O	O	O	O	O	_	_	NoSpaceAfter	_	_	_
.	O	O	O	O	O	O	_	_	_	EndOfSentence	_	_
A	O	O	O	O	O	O	_	_	_	_	_	_
l	O	O	O	O	O	O	_	_	NoSpaceAfter	_	_	_
'	O	O	O	O	O	O	_	_	NoSpaceAfter	_	_	_
hôpital	O	O	O	O	O	O	_	_	NoSpaceAfter	_	_	_
,	O	O	O	O	O	O	_	_	_	_	_	_
où	O	O	O	O	O	O	_	_	_	_	_	_
ils	O	O	O	O	O	O	_	_	EndOfLine	_	_	_
# segment_iiif_link = https://impresso-project.ch/api/proxy/iiif/EXP-1930-08-07-a-p0006/87,3439,423,49/full/0/default.jpg
avaient	O	O	O	O	O	O	_	_	_	_	_	_
été	O	O	O	O	O	O	_	_	_	_	_	_
transportés	O	O	O	O	O	O	_	_	NoSpaceAfter	_	_	_
,	O	O	O	O	O	O	_	_	_	_	_	_
on	O	O	O	O	O	O	_	_	_	_	_	_
a	O	O	O	O	O	O	_	_	_	_	_	_
constaté	O	O	O	O	O	O	_	_	EndOfLine	_	_	_
# segment_iiif_link = https://impresso-project.ch/api/proxy/iiif/EXP-1930-08-07-a-p0006/89,3462,312,50/full/0/default.jpg
qu	O	O	O	O	O	O	_	_	NoSpaceAfter	_	_	_
'	O	O	O	O	O	O	_	_	NoSpaceAfter	_	_	_
ils	O	O	O	O	O	O	_	_	_	_	_	_
avaient	O	O	O	O	O	O	_	_	_	_	_	_
cessé	O	O	O	O	O	O	_	_	_	_	_	_
de	O	O	O	O	O	O	_	_	_	_	_	_
vivre	O	O	O	O	O	O	_	_	NoSpaceAfter	_	_	_
.	O	O	O	O	O	O	_	_	EndOfLine	EndOfSentence	_	_
# segment_iiif_link = https://impresso-project.ch/api/proxy/iiif/EXP-1930-08-07-a-p0006/114,3513,373,50/full/0/default.jpg
Accidents	O	O	O	O	O	O	_	_	_	_	_	_
de	O	O	O	O	O	O	_	_	_	_	_	_
la	O	O	O	O	O	O	_	_	_	_	_	_
circulation	O	O	O	O	O	O	_	_	EndOfLine	_	_	_
# segment_iiif_link = https://impresso-project.ch/api/proxy/iiif/EXP-1930-08-07-a-p0006/185,3545,230,60/full/0/default.jpg
A	O	O	O	O	O	O	_	_	_	_	_	_
Berlin	O	O	O	O	O	O	_	_	NoSpaceAfter	_	_	_
,	O	O	O	O	O	O	_	_	_	_	_	_
un	O	O	O	O	O	O	_	_	_	_	_	_
taxi	O	O	O	O	O	O	_	_	EndOfLine	_	_	_
# segment_iiif_link = https://impresso-project.ch/api/proxy/iiif/EXP-1930-08-07-a-p0006/138,3579,324,60/full/0/default.jpg
se	O	O	O	O	O	O	_	_	_	_	_	_
jette	O	O	O	O	O	O	_	_	_	_	_	_
contre	O	O	O	O	O	O	_	_	_	_	_	_
la	O	O	O	O	O	O	_	_	_	_	_	_
troupe	O	O	O	O	O	O	_	_	EndOfLine	_	_	_
# segment_iiif_link = https://impresso-project.ch/api/proxy/iiif/EXP-1930-08-07-a-p0006/110,3620,403,49/full/0/default.jpg
-	O	O	O	O	O	O	_	_	NoSpaceAfter	_	_	_
BERLIN	O	O	O	O	O	O	_	_	NoSpaceAfter	_	_	_
,	O	O	O	O	O	O	_	_	_	EndOfSentence	_	_
7	O	O	O	O	O	O	_	_	NoSpaceAfter	_	_	_
.	O	O	O	O	O	O	_	_	_	_	_	_
—	O	O	O	O	O	O	_	_	_	_	_	_
Un	O	O	O	O	O	O	_	_	_	_	_	_
taxi	O	O	O	O	O	O	_	_	_	_	_	_
circulant	O	O	O	O	O	O	_	_	EndOfLine	_	_	_
# segment_iiif_link = https://impresso-project.ch/api/proxy/iiif/EXP-1930-08-07-a-p0006/88,3644,423,50/full/0/default.jpg
mercredi	O	O	O	O	O	O	_	_	_	_	_	_
matin	O	O	O	O	O	O	_	_	_	_	_	_
à	O	O	O	O	O	O	_	_	_	_	_	_
Mohabit	O	O	O	O	O	O	_	_	_	_	_	_
a	O	O	O	O	O	O	_	_	_	_	_	_
dérapé	O	O	O	O	O	O	_	_	_	_	_	_
à	O	O	O	O	O	O	_	_	_	_	_	_
un	O	O	O	O	O	O	_	_	EndOfLine	_	_	_
# segment_iiif_link = https://impresso-project.ch/api/proxy/iiif/EXP-1930-08-07-a-p0006/89,3668,423,49/full/0/default.jpg
tournant	O	O	O	O	O	O	_	_	_	_	_	_
sur	O	O	O	O	O	O	_	_	_	_	_	_
l	O	O	O	O	O	O	_	_	NoSpaceAfter	_	_	_
'	O	O	O	O	O	O	_	_	NoSpaceAfter	_	_	_
asphalte	O	O	O	O	O	O	_	_	_	_	_	_
glissant	O	O	O	O	O	O	_	_	_	_	_	_
et	O	O	O	O	O	O	_	_	_	_	_	_
est	O	O	O	O	O	O	_	_	EndOfLine	_	_	_
# segment_iiif_link = https://impresso-project.ch/api/proxy/iiif/EXP-1930-08-07-a-p0006/89,3691,422,50/full/0/default.jpg
allé	O	O	O	O	O	O	_	_	_	_	_	_
se	O	O	O	O	O	O	_	_	_	_	_	_
jeter	O	O	O	O	O	O	_	_	_	_	_	_
à	O	O	O	O	O	O	_	_	_	_	_	_
toute	O	O	O	O	O	O	_	_	_	_	_	_
vitesse	O	O	O	O	O	O	_	_	_	_	_	_
dans	O	O	O	O	O	O	_	_	_	_	_	_
un	O	O	O	O	O	O	_	_	EndOfLine	_	_	_
# segment_iiif_link = https://impresso-project.ch/api/proxy/iiif/EXP-1930-08-07-a-p0006/89,3716,423,50/full/0/default.jpg
détachement	O	O	O	O	O	O	_	_	_	_	_	_
de	O	O	O	O	O	O	_	_	_	_	_	_
la	O	O	O	O	O	O	_	_	_	_	_	_
Reichswehr	O	O	O	O	O	O	_	_	NoSpaceAfter	_	_	_
.	O	O	O	O	O	O	_	_	EndOfLine	EndOfSentence	_	_
# segment_iiif_link = https://impresso-project.ch/api/proxy/iiif/EXP-1930-08-07-a-p0006/89,3740,424,49/full/0/default.jpg
Plusieurs	O	O	O	O	O	O	_	_	_	_	_	_
soldats	O	O	O	O	O	O	_	_	_	_	_	_
ont	O	O	O	O	O	O	_	_	_	_	_	_
été	O	O	O	O	O	O	_	_	_	_	_	_
jetés	O	O	O	O	O	O	_	_	_	_	_	_
à	O	O	O	O	O	O	_	_	_	_	_	_
terre	O	O	O	O	O	O	_	_	NoSpaceAfter	_	_	_
.	O	O	O	O	O	O	_	_	EndOfLine	EndOfSentence	_	_
# segment_iiif_link = https://impresso-project.ch/api/proxy/iiif/EXP-1930-08-07-a-p0006/91,3763,425,49/full/0/default.jpg
Quatre	O	O	O	O	O	O	_	_	_	_	_	_
d	O	O	O	O	O	O	_	_	NoSpaceAfter	_	_	_
'	O	O	O	O	O	O	_	_	NoSpaceAfter	_	_	_
entre	O	O	O	O	O	O	_	_	_	_	_	_
eux	O	O	O	O	O	O	_	_	_	_	_	_
sont	O	O	O	O	O	O	_	_	_	_	_	_
dans	O	O	O	O	O	O	_	_	_	_	_	_
un	O	O	O	O	O	O	_	_	_	_	_	_
état	O	O	O	O	O	O	_	_	_	_	_	_
grave	O	O	O	O	O	O	_	_	NoSpaceAfter	_	_	_
.	O	O	O	O	O	O	_	_	EndOfLine	EndOfSentence	_	_
# segment_iiif_link = https://impresso-project.ch/api/proxy/iiif/EXP-1930-08-07-a-p0006/91,3787,424,49/full/0/default.jpg
Deux	O	O	O	O	O	O	_	_	_	_	_	_
ont	O	O	O	O	O	O	_	_	_	_	_	_
dû	O	O	O	O	O	O	_	_	_	_	_	_
être	O	O	O	O	O	O	_	_	_	_	_	_
conduits	O	O	O	O	O	O	_	_	_	_	_	_
d	O	O	O	O	O	O	_	_	NoSpaceAfter	_	_	_
'	O	O	O	O	O	O	_	_	NoSpaceAfter	_	_	_
urgence	O	O	O	O	O	O	_	_	_	_	_	_
à	O	O	O	O	O	O	_	_	EndOfLine	_	_	_
# segment_iiif_link = https://impresso-project.ch/api/proxy/iiif/EXP-1930-08-07-a-p0006/91,3810,251,50/full/0/default.jpg
l	O	O	O	O	O	O	_	_	NoSpaceAfter	_	_	_
'	O	O	O	O	O	O	_	_	NoSpaceAfter	_	_	_
.	O	O	O	O	O	O	_	_	_	EndOfSentence	_	_
firmerie	O	O	O	O	O	O	_	_	_	_	_	_
de	O	O	O	O	O	O	_	_	_	_	_	_
Mohabit	O	O	O	O	O	O	_	_	NoSpaceAfter	_	_	_
.	O	O	O	O	O	O	_	_	EndOfLine	EndOfSentence	_	_
# segment_iiif_link = https://impresso-project.ch/api/proxy/iiif/EXP-1930-08-07-a-p0006/116,3853,377,60/full/0/default.jpg
Un	O	O	O	O	O	O	_	_	_	_	_	_
camion	O	O	O	O	O	O	_	_	_	_	_	_
fait	O	O	O	O	O	O	_	_	_	_	_	_
six	O	O	O	O	O	O	_	_	_	_	_	_
victimes	O	O	O	O	O	O	_	_	EndOfLine	_	_	_
# segment_iiif_link = https://impresso-project.ch/api/proxy/iiif/EXP-1930-08-07-a-p0006/152,3887,304,60/full/0/default.jpg
à	O	O	O	O	O	O	_	_	_	_	_	_
la	O	O	O	O	O	O	_	_	_	_	_	_
terrasse	O	O	O	O	O	O	_	_	_	_	_	_
d	O	O	O	O	O	O	_	_	NoSpaceAfter	_	_	_
'	O	O	O	O	O	O	_	_	NoSpaceAfter	_	_	_
un	O	O	O	O	O	O	_	_	_	_	_	_
café	O	O	O	O	O	O	_	_	EndOfLine	_	_	_
# segment_iiif_link = https://impresso-project.ch/api/proxy/iiif/EXP-1930-08-07-a-p0006/114,3927,402,50/full/0/default.jpg
-	O	O	O	O	O	O	_	_	NoSpaceAfter	_	_	_
CAEN	O	O	O	O	O	O	_	_	NoSpaceAfter	_	_	_
,	O	O	O	O	O	O	_	_	_	_	_	_
7	O	O	O	O	O	O	_	_	_	_	_	_
(	O	O	O	O	O	O	_	_	NoSpaceAfter	_	_	_
Havas	B-org	O	B-org.ent.pressagency.Havas	O	O	O	Q2826560	_	NoSpaceAfter	_	LED0.00	_
)	O	O	O	O	O	O	_	_	NoSpaceAfter	_	_	_
.	O	O	O	O	O	O	_	_	_	EndOfSentence	_	_
—	O	O	O	O	O	O	_	_	_	_	_	_
Un	O	O	O	O	O	O	_	_	EndOfLine	_	_	_
# segment_iiif_link = https://impresso-project.ch/api/proxy/iiif/EXP-1930-08-07-a-p0006/92,3952,423,49/full/0/default.jpg
camion	O	O	O	O	O	O	_	_	NoSpaceAfter	_	_	_
-	O	O	O	O	O	O	_	_	NoSpaceAfter	_	_	_
automobile	O	O	O	O	O	O	_	_	_	_	_	_
descendant	O	O	O	O	O	O	_	_	_	_	_	_
une	O	O	O	O	O	O	_	_	_	_	_	_
rue	O	O	O	O	O	O	_	_	_	_	_	_
à	O	O	O	O	O	O	_	_	EndOfLine	_	_	_
# segment_iiif_link = https://impresso-project.ch/api/proxy/iiif/EXP-1930-08-07-a-p0006/91,3975,423,50/full/0/default.jpg
Trouville	O	O	O	O	O	O	_	_	_	_	_	_
est	O	O	O	O	O	O	_	_	_	_	_	_
monté	O	O	O	O	O	O	_	_	_	_	_	_
sur	O	O	O	O	O	O	_	_	_	_	_	_
le	O	O	O	O	O	O	_	_	_	_	_	_
trottoir	O	O	O	O	O	O	_	_	NoSpaceAfter	_	_	_
,	O	O	O	O	O	O	_	_	_	_	_	_
où	O	O	O	O	O	O	_	_	_	_	_	_
il	O	O	O	O	O	O	_	_	_	_	_	_
a	O	O	O	O	O	O	_	_	EndOfLine	_	_	_
# segment_iiif_link = https://impresso-project.ch/api/proxy/iiif/EXP-1930-08-07-a-p0006/90,3999,423,50/full/0/default.jpg
renversé	O	O	O	O	O	O	_	_	_	_	_	_
plusieurs	O	O	O	O	O	O	_	_	_	_	_	_
passants	O	O	O	O	O	O	_	_	NoSpaceAfter	_	_	_
.	O	O	O	O	O	O	_	_	_	EndOfSentence	_	_
Puis	O	O	O	O	O	O	_	_	_	_	_	_
après	O	O	O	O	O	O	_	_	EndOfLine	_	_	_
# segment_iiif_link = https://impresso-project.ch/api/proxy/iiif/EXP-1930-08-07-a-p0006/92,4022,421,50/full/0/default.jpg
avoir	O	O	O	O	O	O	_	_	_	_	_	_
brisé	O	O	O	O	O	O	_	_	_	_	_	_
un	O	O	O	O	O	O	_	_	_	_	_	_
bec	O	O	O	O	O	O	_	_	_	_	_	_
de	O	O	O	O	O	O	_	_	_	_	_	_
gaz	O	O	O	O	O	O	_	_	_	_	_	_
il	O	O	O	O	O	O	_	_	_	_	_	_
s	O	O	O	O	O	O	_	_	NoSpaceAfter	_	_	_
'	O	O	O	O	O	O	_	_	NoSpaceAfter	_	_	_
est	O	O	O	O	O	O	_	_	_	_	_	_
jeté	O	O	O	O	O	O	_	_	EndOfLine	_	_	_
# segment_iiif_link = https://impresso-project.ch/api/proxy/iiif/EXP-1930-08-07-a-p0006/91,4046,423,49/full/0/default.jpg
dans	O	O	O	O	O	O	_	_	_	_	_	_
la	O	O	O	O	O	O	_	_	_	_	_	_
devanture	O	O	O	O	O	O	_	_	_	_	_	_
d	O	O	O	O	O	O	_	_	NoSpaceAfter	_	_	_
'	O	O	O	O	O	O	_	_	NoSpaceAfter	_	_	_
un	O	O	O	O	O	O	_	_	_	_	_	_
café	O	O	O	O	O	O	_	_	NoSpaceAfter	_	_	_
,	O	O	O	O	O	O	_	_	_	_	_	_
à	O	O	O	O	O	O	_	_	_	_	_	_
la	O	O	O	O	O	O	_	_	EndOfLine	_	_	_
# segment_iiif_link = https://impresso-project.ch/api/proxy/iiif/EXP-1930-08-07-a-p0006/91,4070,423,49/full/0/default.jpg
terrasse	O	O	O	O	O	O	_	_	_	_	_	_
duquel	O	O	O	O	O	O	_	_	_	_	_	_
étaient	O	O	O	O	O	O	_	_	_	_	_	_
assis	O	O	O	O	O	O	_	_	_	_	_	_
plusieurs	O	O	O	O	O	O	_	_	EndOfLine	_	_	_
# segment_iiif_link = https://impresso-project.ch/api/proxy/iiif/EXP-1930-08-07-a-p0006/91,4094,423,49/full/0/default.jpg
consommateurs	O	O	O	O	O	O	_	_	NoSpaceAfter	_	_	_
.	O	O	O	O	O	O	_	_	_	EndOfSentence	_	_
L	O	O	O	O	O	O	_	_	NoSpaceAfter	_	_	_
'	O	O	O	O	O	O	_	_	NoSpaceAfter	_	_	_
un	O	O	O	O	O	O	_	_	_	_	_	_
d	O	O	O	O	O	O	_	_	NoSpaceAfter	_	_	_
'	O	O	O	O	O	O	_	_	NoSpaceAfter	_	_	_
eux	O	O	O	O	O	O	_	_	_	_	_	_
a	O	O	O	O	O	O	_	_	_	_	_	_
été	O	O	O	O	O	O	_	_	_	_	_	_
tué	O	O	O	O	O	O	_	_	_	_	_	_
et	O	O	O	O	O	O	_	_	_	_	_	_
cinq	O	O	O	O	O	O	_	_	EndOfLine	_	_	_
# segment_iiif_link = https://impresso-project.ch/api/proxy/iiif/EXP-1930-08-07-a-p0006/91,4121,6,49/full/0/default.jpg
.	O	O	O	O	O	O	_	_	EndOfLine	EndOfSentence	_	_
# segment_iiif_link = https://impresso-project.ch/api/proxy/iiif/EXP-1930-08-07-a-p0006/92,4118,400,49/full/0/default.jpg
ont	O	O	O	O	O	O	_	_	_	_	_	_
été	O	O	O	O	O	O	_	_	_	_	_	_
blessés	O	O	O	O	O	O	_	_	NoSpaceAfter	_	_	_
,	O	O	O	O	O	O	_	_	_	_	_	_
dont	O	O	O	O	O	O	_	_	_	_	_	_
deux	O	O	O	O	O	O	_	_	_	_	_	_
grièvement	O	O	O	O	O	O	_	_	EndOfLine	EndOfSentence	_	_

# language = fr
# newspaper = EXP
# date = 1931-08-29
# document_id = EXP-1931-08-29-a-i0099
# news-agency-as-source = Q2826560
# segment_iiif_link = https://impresso-project.ch/api/proxy/iiif/EXP-1931-08-29-a-p0006/1811,249,268,70/full/0/default.jpg
Les	O	O	O	O	O	O	_	_	_	_	_	_
fonds	O	O	O	O	O	O	_	_	_	_	_	_
accordés	O	O	O	O	O	O	_	_	EndOfLine	_	_	_
# segment_iiif_link = https://impresso-project.ch/api/proxy/iiif/EXP-1931-08-29-a-p0006/1747,284,398,70/full/0/default.jpg
par	O	O	O	O	O	O	_	_	_	_	_	_
les	O	O	O	O	O	O	_	_	_	_	_	_
banques	O	O	O	O	O	O	_	_	_	_	_	_
américaines	O	O	O	O	O	O	_	_	EndOfLine	_	_	_
# segment_iiif_link = https://impresso-project.ch/api/proxy/iiif/EXP-1931-08-29-a-p0006/1748,319,397,70/full/0/default.jpg
sont	O	O	O	O	O	O	_	_	_	_	_	_
déjà	O	O	O	O	O	O	_	_	_	_	_	_
à	O	O	O	O	O	O	_	_	_	_	_	_
la	O	O	O	O	O	O	_	_	_	_	_	_
disposition	O	O	O	O	O	O	_	_	_	_	_	_
de	O	O	O	O	O	O	_	_	EndOfLine	_	_	_
# segment_iiif_link = https://impresso-project.ch/api/proxy/iiif/EXP-1931-08-29-a-p0006/1866,354,160,70/full/0/default.jpg
l	O	O	O	O	O	O	_	_	NoSpaceAfter	_	_	_
'	O	O	O	O	O	O	_	_	NoSpaceAfter	_	_	_
Angleterre	O	O	O	O	O	O	_	_	EndOfLine	_	_	_
# segment_iiif_link = https://impresso-project.ch/api/proxy/iiif/EXP-1931-08-29-a-p0006/1756,111,799,130/full/0/default.jpg
DéPêCHES	O	O	O	O	O	O	_	_	_	_	_	_
DE	O	O	O	O	O	O	_	_	_	_	_	_
S	O	O	O	O	O	O	_	_	_	_	_	_
HEURES	O	O	O	O	O	O	_	_	EndOfLine	_	_	_
# segment_iiif_link = https://impresso-project.ch/api/proxy/iiif/EXP-1931-08-29-a-p0006/1768,403,376,46/full/0/default.jpg
-	O	O	O	O	O	O	_	_	NoSpaceAfter	_	_	_
NEW	O	O	O	O	O	O	_	_	NoSpaceAfter	_	_	_
-	O	O	O	O	O	O	_	_	NoSpaceAfter	_	_	_
YORK	O	O	O	O	O	O	_	_	NoSpaceAfter	_	_	_
,	O	O	O	O	O	O	_	_	_	_	_	_
29	O	O	O	O	O	O	_	_	_	_	_	_
(	O	O	O	O	O	O	_	_	NoSpaceAfter	_	_	_
Havas	B-org	O	B-org.ent.pressagency.Havas	O	O	O	Q2826560	_	NoSpaceAfter	_	LED0.00	_
)	O	O	O	O	O	O	_	_	NoSpaceAfter	_	_	_
.	O	O	O	O	O	O	_	_	_	EndOfSentence	_	_
—	O	O	O	O	O	O	_	_	_	_	_	_
On	O	O	O	O	O	O	_	_	EndOfLine	_	_	_
# segment_iiif_link = https://impresso-project.ch/api/proxy/iiif/EXP-1931-08-29-a-p0006/1748,424,399,47/full/0/default.jpg
annonce	O	O	O	O	O	O	_	_	_	_	_	_
que	O	O	O	O	O	O	_	_	_	_	_	_
le	O	O	O	O	O	O	_	_	_	_	_	_
crédit	O	O	O	O	O	O	_	_	_	_	_	_
accordé	O	O	O	O	O	O	_	_	_	_	_	_
à	O	O	O	O	O	O	_	_	EndOfLine	_	_	_
# segment_iiif_link = https://impresso-project.ch/api/proxy/iiif/EXP-1931-08-29-a-p0006/1746,445,402,46/full/0/default.jpg
l	O	O	O	O	O	O	_	_	NoSpaceAfter	_	_	_
'	O	O	O	O	O	O	_	_	NoSpaceAfter	_	_	_
Angleterre	O	O	O	O	O	O	_	_	_	_	_	_
peut	O	O	O	O	O	O	_	_	_	_	_	_
être	O	O	O	O	O	O	_	_	EndOfLine	_	_	_
# segment_iiif_link = https://impresso-project.ch/api/proxy/iiif/EXP-1931-08-29-a-p0006/1746,467,139,46/full/0/default.jpg
immédiatement	O	O	O	O	O	O	_	_	_	_	_	_
utilisé	O	O	O	O	O	O	_	_	NoSpaceAfter	_	_	_
.	O	O	O	O	O	O	_	_	EndOfLine	EndOfSentence	_	_
# segment_iiif_link = https://impresso-project.ch/api/proxy/iiif/EXP-1931-08-29-a-p0006/1768,488,379,46/full/0/default.jpg
Cent	O	O	O	O	O	O	_	_	_	_	_	_
quinze	O	O	O	O	O	O	_	_	_	_	_	_
banques	O	O	O	O	O	O	_	_	_	_	_	_
américaines	O	O	O	O	O	O	_	_	EndOfLine	_	_	_
# segment_iiif_link = https://impresso-project.ch/api/proxy/iiif/EXP-1931-08-29-a-p0006/1745,509,401,47/full/0/default.jpg
participent	O	O	O	O	O	O	_	_	_	_	_	_
à	O	O	O	O	O	O	_	_	_	_	_	_
cette	O	O	O	O	O	O	_	_	_	_	_	_
opération	O	O	O	O	O	O	_	_	NoSpaceAfter	_	_	_
.	O	O	O	O	O	O	_	_	_	EndOfSentence	_	_
Le	O	O	O	O	O	O	_	_	EndOfLine	_	_	_
# segment_iiif_link = https://impresso-project.ch/api/proxy/iiif/EXP-1931-08-29-a-p0006/1747,530,399,47/full/0/default.jpg
gouvernement	O	O	O	O	O	O	_	_	_	_	_	_
anglais	O	O	O	O	O	O	_	_	_	_	_	_
remettra	O	O	O	O	O	O	_	_	_	_	_	_
à	O	O	O	O	O	O	_	_	EndOfLine	_	_	_
# segment_iiif_link = https://impresso-project.ch/api/proxy/iiif/EXP-1931-08-29-a-p0006/1746,551,400,46/full/0/default.jpg
la	O	O	O	O	O	O	_	_	_	_	_	_
banque	O	O	O	O	O	O	_	_	_	_	_	_
Morgan	O	O	O	O	O	O	_	_	_	_	_	_
des	O	O	O	O	O	O	_	_	_	_	_	_
bons	O	O	O	O	O	O	_	_	_	_	_	_
du	O	O	O	O	O	O	_	_	EndOfLine	_	_	_
# segment_iiif_link = https://impresso-project.ch/api/proxy/iiif/EXP-1931-08-29-a-p0006/1747,572,399,46/full/0/default.jpg
trésor	O	O	O	O	O	O	_	_	NoSpaceAfter	_	_	_
,	O	O	O	O	O	O	_	_	_	_	_	_
au	O	O	O	O	O	O	_	_	_	_	_	_
fur	O	O	O	O	O	O	_	_	_	_	_	_
et	O	O	O	O	O	O	_	_	_	_	_	_
a	O	O	O	O	O	O	_	_	_	_	_	_
mesure	O	O	O	O	O	O	_	_	_	_	_	_
de	O	O	O	O	O	O	_	_	_	_	_	_
l	O	O	O	O	O	O	_	_	NoSpaceAfter	_	_	_
'	O	O	O	O	O	O	_	_	EndOfLine|NoSpaceAfter	_	_	_
# segment_iiif_link = https://impresso-project.ch/api/proxy/iiif/EXP-1931-08-29-a-p0006/1747,594,399,46/full/0/default.jpg
utilisation	O	O	O	O	O	O	_	_	_	_	_	_
des	O	O	O	O	O	O	_	_	_	_	_	_
fonds	O	O	O	O	O	O	_	_	_	_	_	_
mis	O	O	O	O	O	O	_	_	_	_	_	_
à	O	O	O	O	O	O	_	_	_	_	_	_
sa	O	O	O	O	O	O	_	_	_	_	_	_
disposition	O	O	O	O	O	O	_	_	NoSpaceAfter	_	_	_
.	O	O	O	O	O	O	_	_	EndOfLine	EndOfSentence	_	_
# segment_iiif_link = https://impresso-project.ch/api/proxy/iiif/EXP-1931-08-29-a-p0006/1759,622,378,47/full/0/default.jpg
Il	O	O	O	O	O	O	_	_	_	_	_	_
s	O	O	O	O	O	O	_	_	NoSpaceAfter	_	_	_
'	O	O	O	O	O	O	_	_	NoSpaceAfter	_	_	_
agit	O	O	O	O	O	O	_	_	_	_	_	_
d	O	O	O	O	O	O	_	_	NoSpaceAfter	_	_	_
'	O	O	O	O	O	O	_	_	NoSpaceAfter	_	_	_
un	O	O	O	O	O	O	_	_	_	_	_	_
milliard	O	O	O	O	O	O	_	_	_	_	_	_
de	O	O	O	O	O	O	_	_	_	_	_	_
francs	O	O	O	O	O	O	_	_	NoSpaceAfter	_	_	_
-	O	O	O	O	O	O	_	_	NoSpaceAfter	_	_	_
or	O	O	O	O	O	O	_	_	EndOfLine	_	_	_
# segment_iiif_link = https://impresso-project.ch/api/proxy/iiif/EXP-1931-08-29-a-p0006/1769,647,378,46/full/0/default.jpg
-	O	O	O	O	O	O	_	_	NoSpaceAfter	_	_	_
WASHINGTON	O	O	O	O	O	O	_	_	NoSpaceAfter	_	_	_
,	O	O	O	O	O	O	_	_	_	_	_	_
29	O	O	O	O	O	O	_	_	_	_	_	_
(	O	O	O	O	O	O	_	_	NoSpaceAfter	_	_	_
Havas	B-org	O	B-org.ent.pressagency.Havas	O	O	O	Q2826560	_	NoSpaceAfter	_	LED0.00	_
)	O	O	O	O	O	O	_	_	NoSpaceAfter	_	_	_
.	O	O	O	O	O	O	_	_	_	EndOfSentence	_	_
—	O	O	O	O	O	O	_	_	EndOfLine	_	_	_
# segment_iiif_link = https://impresso-project.ch/api/proxy/iiif/EXP-1931-08-29-a-p0006/1747,668,400,47/full/0/default.jpg
M	O	O	O	O	O	O	_	_	NoSpaceAfter	_	_	_
.	O	O	O	O	O	O	_	_	_	_	_	_
Morgan	O	O	O	O	O	O	_	_	_	_	_	_
a	O	O	O	O	O	O	_	_	_	_	_	_
annoncé	O	O	O	O	O	O	_	_	_	_	_	_
que	O	O	O	O	O	O	_	_	_	_	_	_
le	O	O	O	O	O	O	_	_	_	_	_	_
groupe	O	O	O	O	O	O	_	_	EndOfLine	_	_	_
# segment_iiif_link = https://impresso-project.ch/api/proxy/iiif/EXP-1931-08-29-a-p0006/1747,689,399,47/full/0/default.jpg
de	O	O	O	O	O	O	_	_	_	_	_	_
banques	O	O	O	O	O	O	_	_	_	_	_	_
américaines	O	O	O	O	O	O	_	_	NoSpaceAfter	_	_	_
,	O	O	O	O	O	O	_	_	_	_	_	_
à	O	O	O	O	O	O	_	_	_	_	_	_
la	O	O	O	O	O	O	_	_	_	_	_	_
tète	O	O	O	O	O	O	_	_	EndOfLine	_	_	_
# segment_iiif_link = https://impresso-project.ch/api/proxy/iiif/EXP-1931-08-29-a-p0006/1748,710,400,46/full/0/default.jpg
duquel	O	O	O	O	O	O	_	_	_	_	_	_
figure	O	O	O	O	O	O	_	_	_	_	_	_
la	O	O	O	O	O	O	_	_	_	_	_	_
banque	O	O	O	O	O	O	_	_	_	_	_	_
J	O	O	O	O	O	O	_	_	_	_	_	_
.	O	O	O	O	O	O	_	_	NoSpaceAfter	EndOfSentence	_	_
-	O	O	O	O	O	O	_	_	NoSpaceAfter	_	_	_
P	O	O	O	O	O	O	_	_	NoSpaceAfter	_	_	_
.	O	O	O	O	O	O	_	_	EndOfLine	EndOfSentence	_	_
# segment_iiif_link = https://impresso-project.ch/api/proxy/iiif/EXP-1931-08-29-a-p0006/1748,731,401,46/full/0/default.jpg
Morgan	O	O	O	O	O	O	_	_	_	_	_	_
et	O	O	O	O	O	O	_	_	_	_	_	_
Cie	O	O	O	O	O	O	_	_	NoSpaceAfter	_	_	_
,	O	O	O	O	O	O	_	_	_	_	_	_
a	O	O	O	O	O	O	_	_	_	_	_	_
décide	O	O	O	O	O	O	_	_	_	_	_	_
d	O	O	O	O	O	O	_	_	NoSpaceAfter	_	_	_
'	O	O	O	O	O	O	_	_	NoSpaceAfter	_	_	_
accorder	O	O	O	O	O	O	_	_	NoSpaceAfter	_	_	_
,	O	O	O	O	O	O	_	_	EndOfLine	_	_	_
# segment_iiif_link = https://impresso-project.ch/api/proxy/iiif/EXP-1931-08-29-a-p0006/1748,752,401,46/full/0/default.jpg
pour	O	O	O	O	O	O	_	_	_	_	_	_
un	O	O	O	O	O	O	_	_	_	_	_	_
an	O	O	O	O	O	O	_	_	NoSpaceAfter	_	_	_
,	O	O	O	O	O	O	_	_	_	_	_	_
un	O	O	O	O	O	O	_	_	_	_	_	_
crédit	O	O	O	O	O	O	_	_	_	_	_	_
de	O	O	O	O	O	O	_	_	_	_	_	_
200	O	O	O	O	O	O	_	_	EndOfLine	_	_	_
# segment_iiif_link = https://impresso-project.ch/api/proxy/iiif/EXP-1931-08-29-a-p0006/1747,773,402,47/full/0/default.jpg
millions	O	O	O	O	O	O	_	_	_	_	_	_
de	O	O	O	O	O	O	_	_	_	_	_	_
dollars	O	O	O	O	O	O	_	_	_	_	_	_
au	O	O	O	O	O	O	_	_	_	_	_	_
gouvernement	O	O	O	O	O	O	_	_	EndOfLine	_	_	_
# segment_iiif_link = https://impresso-project.ch/api/proxy/iiif/EXP-1931-08-29-a-p0006/1749,794,81,47/full/0/default.jpg
anglais	O	O	O	O	O	O	_	_	NoSpaceAfter	_	_	_
.	O	O	O	O	O	O	_	_	EndOfLine	EndOfSentence	_	_
# segment_iiif_link = https://impresso-project.ch/api/proxy/iiif/EXP-1931-08-29-a-p0006/1778,843,341,60/full/0/default.jpg
Inondations	O	O	O	O	O	O	_	_	_	_	_	_
désastreuses	O	O	O	O	O	O	_	_	EndOfLine	_	_	_
# segment_iiif_link = https://impresso-project.ch/api/proxy/iiif/EXP-1931-08-29-a-p0006/1874,875,149,59/full/0/default.jpg
en	O	O	O	O	O	O	_	_	_	_	_	_
Flandre	O	O	O	O	O	O	_	_	EndOfLine	_	_	_
# segment_iiif_link = https://impresso-project.ch/api/proxy/iiif/EXP-1931-08-29-a-p0006/1768,914,381,46/full/0/default.jpg
-	O	O	O	O	O	O	_	_	NoSpaceAfter	_	_	_
GAND	O	O	O	O	O	O	_	_	NoSpaceAfter	_	_	_
,	O	O	O	O	O	O	_	_	_	_	_	_
29	O	O	O	O	O	O	_	_	_	_	_	_
(	O	O	O	O	O	O	_	_	NoSpaceAfter	_	_	_
Havas	B-org	O	B-org.ent.pressagency.Havas	O	O	O	Q2826560	_	NoSpaceAfter	_	LED0.00	_
)	O	O	O	O	O	O	_	_	NoSpaceAfter	_	_	_
.	O	O	O	O	O	O	_	_	_	EndOfSentence	_	_
—	O	O	O	O	O	O	_	_	_	_	_	_
On	O	O	O	O	O	O	_	_	_	_	_	_
évalue	O	O	O	O	O	O	_	_	EndOfLine	_	_	_
# segment_iiif_link = https://impresso-project.ch/api/proxy/iiif/EXP-1931-08-29-a-p0006/1747,937,399,46/full/0/default.jpg
à	O	O	O	O	O	O	_	_	_	_	_	_
plusieurs	O	O	O	O	O	O	_	_	_	_	_	_
millions	O	O	O	O	O	O	_	_	_	_	_	_
de	O	O	O	O	O	O	_	_	_	_	_	_
francs	O	O	O	O	O	O	_	_	_	_	_	_
les	O	O	O	O	O	O	_	_	EndOfLine	_	_	_
# segment_iiif_link = https://impresso-project.ch/api/proxy/iiif/EXP-1931-08-29-a-p0006/1746,958,401,46/full/0/default.jpg
dégâts	O	O	O	O	O	O	_	_	_	_	_	_
causés	O	O	O	O	O	O	_	_	_	_	_	_
par	O	O	O	O	O	O	_	_	_	_	_	_
les	O	O	O	O	O	O	_	_	_	_	_	_
inondations	O	O	O	O	O	O	_	_	EndOfLine	_	_	_
# segment_iiif_link = https://impresso-project.ch/api/proxy/iiif/EXP-1931-08-29-a-p0006/1747,980,400,47/full/0/default.jpg
dans	O	O	O	O	O	O	_	_	_	_	_	_
la	O	O	O	O	O	O	_	_	_	_	_	_
région	O	O	O	O	O	O	_	_	_	_	_	_
de	O	O	O	O	O	O	_	_	_	_	_	_
Gand	O	O	O	O	O	O	_	_	_	_	_	_
où	O	O	O	O	O	O	_	_	_	_	_	_
l	O	O	O	O	O	O	_	_	NoSpaceAfter	_	_	_
'	O	O	O	O	O	O	_	_	NoSpaceAfter	_	_	_
eau	O	O	O	O	O	O	_	_	EndOfLine	_	_	_
# segment_iiif_link = https://impresso-project.ch/api/proxy/iiif/EXP-1931-08-29-a-p0006/1745,1003,401,46/full/0/default.jpg
recouvre	O	O	O	O	O	O	_	_	_	_	_	_
près	O	O	O	O	O	O	_	_	_	_	_	_
de	O	O	O	O	O	O	_	_	_	_	_	_
trois	O	O	O	O	O	O	_	_	_	_	_	_
mille	O	O	O	O	O	O	_	_	_	_	_	_
hectares	O	O	O	O	O	O	_	_	EndOfLine	_	_	_
# segment_iiif_link = https://impresso-project.ch/api/proxy/iiif/EXP-1931-08-29-a-p0006/1748,1025,399,46/full/0/default.jpg
de	O	O	O	O	O	O	_	_	_	_	_	_
terre	O	O	O	O	O	O	_	_	NoSpaceAfter	_	_	_
.	O	O	O	O	O	O	_	_	_	EndOfSentence	_	_
La	O	O	O	O	O	O	_	_	_	_	_	_
récolte	O	O	O	O	O	O	_	_	_	_	_	_
de	O	O	O	O	O	O	_	_	_	_	_	_
lin	O	O	O	O	O	O	_	_	_	_	_	_
est	O	O	O	O	O	O	_	_	EndOfLine	_	_	_
# segment_iiif_link = https://impresso-project.ch/api/proxy/iiif/EXP-1931-08-29-a-p0006/1747,1046,44,47/full/0/default.jpg
perdue	O	O	O	O	O	O	_	_	NoSpaceAfter	_	_	_
.	O	O	O	O	O	O	_	_	EndOfLine	EndOfSentence	_	_
# segment_iiif_link = https://impresso-project.ch/api/proxy/iiif/EXP-1931-08-29-a-p0006/1871,1082,153,59/full/0/default.jpg
M	O	O	O	O	O	O	_	_	NoSpaceAfter	_	_	_
.	O	O	O	O	O	O	_	_	_	_	_	_
Stimson	O	O	O	O	O	O	_	_	EndOfLine	_	_	_
# segment_iiif_link = https://impresso-project.ch/api/proxy/iiif/EXP-1931-08-29-a-p0006/1810,1113,276,59/full/0/default.jpg
rentre	O	O	O	O	O	O	_	_	_	_	_	_
en	O	O	O	O	O	O	_	_	_	_	_	_
Amérique	O	O	O	O	O	O	_	_	EndOfLine	_	_	_
# segment_iiif_link = https://impresso-project.ch/api/proxy/iiif/EXP-1931-08-29-a-p0006/1769,1153,377,46/full/0/default.jpg
-	O	O	O	O	O	O	_	_	NoSpaceAfter	_	_	_
SOUTHAMPTON	O	O	O	O	O	O	_	_	NoSpaceAfter	_	_	_
,	O	O	O	O	O	O	_	_	_	_	_	_
29	O	O	O	O	O	O	_	_	_	_	_	_
(	O	O	O	O	O	O	_	_	NoSpaceAfter	_	_	_
Havas	B-org	O	B-org.ent.pressagency.Havas	O	O	O	Q2826560	_	NoSpaceAfter	_	LED0.00	_
)	O	O	O	O	O	O	_	_	NoSpaceAfter	_	_	_
.	O	O	O	O	O	O	_	_	_	EndOfSentence	_	_
—	O	O	O	O	O	O	_	_	EndOfLine	_	_	_
# segment_iiif_link = https://impresso-project.ch/api/proxy/iiif/EXP-1931-08-29-a-p0006/1747,1174,401,46/full/0/default.jpg
M	O	O	O	O	O	O	_	_	NoSpaceAfter	_	_	_
.	O	O	O	O	O	O	_	_	_	_	_	_
Stimson	O	O	O	O	O	O	_	_	NoSpaceAfter	_	_	_
,	O	O	O	O	O	O	_	_	_	_	_	_
secrétaire	O	O	O	O	O	O	_	_	_	_	_	_
d	O	O	O	O	O	O	_	_	NoSpaceAfter	_	_	_
'	O	O	O	O	O	O	_	_	NoSpaceAfter	_	_	_
Etat	O	O	O	O	O	O	_	_	EndOfLine	_	_	_
# segment_iiif_link = https://impresso-project.ch/api/proxy/iiif/EXP-1931-08-29-a-p0006/1747,1196,400,46/full/0/default.jpg
américain	O	O	O	O	O	O	_	_	NoSpaceAfter	_	_	_
,	O	O	O	O	O	O	_	_	_	_	_	_
s	O	O	O	O	O	O	_	_	NoSpaceAfter	_	_	_
'	O	O	O	O	O	O	_	_	NoSpaceAfter	_	_	_
est	O	O	O	O	O	O	_	_	_	_	_	_
embarqué	O	O	O	O	O	O	_	_	_	_	_	_
pour	O	O	O	O	O	O	_	_	_	_	_	_
les	O	O	O	O	O	O	_	_	EndOfLine	_	_	_
# segment_iiif_link = https://impresso-project.ch/api/proxy/iiif/EXP-1931-08-29-a-p0006/1748,1219,54,46/full/0/default.jpg
Etats	O	O	O	O	O	O	_	_	NoSpaceAfter	_	_	_
-	O	O	O	O	O	O	_	_	NoSpaceAfter	_	_	_
Unis	O	O	O	O	O	O	_	_	NoSpaceAfter	_	_	_
.	O	O	O	O	O	O	_	_	EndOfLine	EndOfSentence	_	_

# language = fr
# newspaper = EXP
# date = 1933-09-21
# document_id = EXP-1933-09-21-a-i0007
# news-agency-as-source = Q2826560
# segment_iiif_link = https://impresso-project.ch/api/proxy/iiif/EXP-1933-09-21-a-p0001/908,3131,803,94/full/0/default.jpg
Les	O	O	O	O	O	O	_	_	_	_	_	_
juges	O	O	O	O	O	O	_	_	_	_	_	_
volontaires	O	O	O	O	O	O	_	_	NoSpaceAfter	_	_	_
,	O	O	O	O	O	O	_	_	_	_	_	_
réunis	O	O	O	O	O	O	_	_	_	_	_	_
à	O	O	O	O	O	O	_	_	_	_	_	_
Londres	O	O	O	O	O	O	_	_	EndOfLine	_	_	_
# segment_iiif_link = https://impresso-project.ch/api/proxy/iiif/EXP-1933-09-21-a-p0001/1079,3191,476,93/full/0/default.jpg
accusent	O	O	O	O	O	O	_	_	_	_	_	_
les	O	O	O	O	O	O	_	_	_	_	_	_
hitlériens	O	O	O	O	O	O	_	_	EndOfLine	_	_	_
# segment_iiif_link = https://impresso-project.ch/api/proxy/iiif/EXP-1933-09-21-a-p0001/1006,3071,622,67/full/0/default.jpg
Autour	O	O	O	O	O	O	_	_	_	_	_	_
du	O	O	O	O	O	O	_	_	_	_	_	_
Reichstag	O	O	O	O	O	O	_	_	_	_	_	_
incendié	O	O	O	O	O	O	_	_	EndOfLine	_	_	_
# segment_iiif_link = https://impresso-project.ch/api/proxy/iiif/EXP-1933-09-21-a-p0001/1008,3265,615,60/full/0/default.jpg
et	O	O	O	O	O	O	_	_	_	_	_	_
taxent	O	O	O	O	O	O	_	_	_	_	_	_
van	O	O	O	O	O	O	_	_	_	_	_	_
der	O	O	O	O	O	O	_	_	_	_	_	_
Lubbe	O	O	O	O	O	O	_	_	_	_	_	_
d	O	O	O	O	O	O	_	_	NoSpaceAfter	_	_	_
'	O	O	O	O	O	O	_	_	NoSpaceAfter	_	_	_
agent	O	O	O	O	O	O	_	_	_	_	_	_
provocateur	O	O	O	O	O	O	_	_	EndOfLine	_	_	_
# segment_iiif_link = https://impresso-project.ch/api/proxy/iiif/EXP-1933-09-21-a-p0001/932,3342,370,50/full/0/default.jpg
LONDRES	O	O	O	O	O	O	_	_	NoSpaceAfter	_	_	_
,	O	O	O	O	O	O	_	_	_	_	_	_
21	O	O	O	O	O	O	_	_	_	_	_	_
(	O	O	O	O	O	O	_	_	NoSpaceAfter	_	_	_
Havas	B-org	O	B-org.ent.pressagency.Havas	O	O	O	Q2826560	_	NoSpaceAfter	_	LED0.00	_
)	O	O	O	O	O	O	_	_	NoSpaceAfter	_	_	_
.	O	O	O	O	O	O	_	_	_	EndOfSentence	_	_
—	O	O	O	O	O	O	_	_	_	_	_	_
M	O	O	O	O	O	O	_	_	NoSpaceAfter	_	_	_
.	O	O	O	O	O	O	_	_	EndOfLine	_	_	_
# segment_iiif_link = https://impresso-project.ch/api/proxy/iiif/EXP-1933-09-21-a-p0001/911,3363,390,50/full/0/default.jpg
Cripps	O	O	O	O	O	O	_	_	NoSpaceAfter	_	_	_
,	O	O	O	O	O	O	_	_	_	_	_	_
président	O	O	O	O	O	O	_	_	_	_	_	_
de	O	O	O	O	O	O	_	_	_	_	_	_
la	O	O	O	O	O	O	_	_	_	_	_	_
commission	O	O	O	O	O	O	_	_	EndOfLine	_	_	_
# segment_iiif_link = https://impresso-project.ch/api/proxy/iiif/EXP-1933-09-21-a-p0001/913,3385,388,49/full/0/default.jpg
internationale	O	O	O	O	O	O	_	_	_	_	_	_
d	O	O	O	O	O	O	_	_	NoSpaceAfter	_	_	_
'	O	O	O	O	O	O	_	_	NoSpaceAfter	_	_	_
enquête	O	O	O	O	O	O	_	_	_	_	_	_
sur	O	O	O	O	O	O	_	_	EndOfLine	_	_	_
# segment_iiif_link = https://impresso-project.ch/api/proxy/iiif/EXP-1933-09-21-a-p0001/911,3406,389,49/full/0/default.jpg
l	O	O	O	O	O	O	_	_	NoSpaceAfter	_	_	_
'	O	O	O	O	O	O	_	_	NoSpaceAfter	_	_	_
incendie	O	O	O	O	O	O	_	_	_	_	_	_
du	O	O	O	O	O	O	_	_	_	_	_	_
Reichstag	O	O	O	O	O	O	_	_	NoSpaceAfter	_	_	_
,	O	O	O	O	O	O	_	_	_	_	_	_
a	O	O	O	O	O	O	_	_	_	_	_	_
donné	O	O	O	O	O	O	_	_	EndOfLine	_	_	_
# segment_iiif_link = https://impresso-project.ch/api/proxy/iiif/EXP-1933-09-21-a-p0001/911,3427,391,50/full/0/default.jpg
lecture	O	O	O	O	O	O	_	_	_	_	_	_
du	O	O	O	O	O	O	_	_	_	_	_	_
verdict	O	O	O	O	O	O	_	_	_	_	_	_
auquel	O	O	O	O	O	O	_	_	_	_	_	_
ont	O	O	O	O	O	O	_	_	_	_	_	_
abouti	O	O	O	O	O	O	_	_	_	_	_	_
les	O	O	O	O	O	O	_	_	EndOfLine	_	_	_
# segment_iiif_link = https://impresso-project.ch/api/proxy/iiif/EXP-1933-09-21-a-p0001/911,3448,391,50/full/0/default.jpg
membres	O	O	O	O	O	O	_	_	_	_	_	_
de	O	O	O	O	O	O	_	_	_	_	_	_
la	O	O	O	O	O	O	_	_	_	_	_	_
commission	O	O	O	O	O	O	_	_	_	_	_	_
qui	O	O	O	O	O	O	_	_	_	_	_	_
a	O	O	O	O	O	O	_	_	EndOfLine	_	_	_
# segment_iiif_link = https://impresso-project.ch/api/proxy/iiif/EXP-1933-09-21-a-p0001/911,3469,192,50/full/0/default.jpg
siégé	O	O	O	O	O	O	_	_	_	_	_	_
à	O	O	O	O	O	O	_	_	_	_	_	_
Londres	O	O	O	O	O	O	_	_	_	_	_	_
:	O	O	O	O	O	O	_	_	EndOfLine	_	_	_
# segment_iiif_link = https://impresso-project.ch/api/proxy/iiif/EXP-1933-09-21-a-p0001/933,3491,160,49/full/0/default.jpg
Il	O	O	O	O	O	O	_	_	_	_	_	_
en	O	O	O	O	O	O	_	_	_	_	_	_
ressort	O	O	O	O	O	O	_	_	_	EndOfSentence	_	_
:	O	O	O	O	O	O	_	_	EndOfLine	_	_	_
# segment_iiif_link = https://impresso-project.ch/api/proxy/iiif/EXP-1933-09-21-a-p0001/933,3512,366,50/full/0/default.jpg
1	O	O	O	O	O	O	_	_	NoSpaceAfter	_	_	_
.	O	O	O	O	O	O	_	_	_	_	_	_
Que	O	O	O	O	O	O	_	_	_	_	_	_
van	O	O	O	O	O	O	_	_	_	_	_	_
der	O	O	O	O	O	O	_	_	_	_	_	_
Lubbe	O	O	O	O	O	O	_	_	_	_	_	_
ne	O	O	O	O	O	O	_	_	_	_	_	_
saurait	O	O	O	O	O	O	_	_	EndOfLine	_	_	_
# segment_iiif_link = https://impresso-project.ch/api/proxy/iiif/EXP-1933-09-21-a-p0001/911,3534,391,50/full/0/default.jpg
être	O	O	O	O	O	O	_	_	_	_	_	_
considéré	O	O	O	O	O	O	_	_	_	_	_	_
comme	O	O	O	O	O	O	_	_	_	_	_	_
un	O	O	O	O	O	O	_	_	EndOfLine	_	_	_
# segment_iiif_link = https://impresso-project.ch/api/proxy/iiif/EXP-1933-09-21-a-p0001/912,3554,388,50/full/0/default.jpg
niste	O	O	O	O	O	O	_	_	NoSpaceAfter	_	_	_
,	O	O	O	O	O	O	_	_	_	_	_	_
mais	O	O	O	O	O	O	_	_	_	_	_	_
au	O	O	O	O	O	O	_	_	_	_	_	_
contraire	O	O	O	O	O	O	_	_	NoSpaceAfter	_	_	_
,	O	O	O	O	O	O	_	_	_	_	_	_
comme	O	O	O	O	O	O	_	_	_	_	_	_
uri	O	O	O	O	O	O	_	_	EndOfLine	_	_	_
# segment_iiif_link = https://impresso-project.ch/api/proxy/iiif/EXP-1933-09-21-a-p0001/911,3577,391,49/full/0/default.jpg
agent	O	O	O	O	O	O	_	_	_	_	_	_
provocateur	O	O	O	O	O	O	_	_	_	_	_	_
au	O	O	O	O	O	O	_	_	_	_	_	_
service	O	O	O	O	O	O	_	_	_	_	_	_
des	O	O	O	O	O	O	_	_	EndOfLine	_	_	_
# segment_iiif_link = https://impresso-project.ch/api/proxy/iiif/EXP-1933-09-21-a-p0001/911,3598,371,50/full/0/default.jpg
adversaires	O	O	O	O	O	O	_	_	_	_	_	_
du	O	O	O	O	O	O	_	_	_	_	_	_
parti	O	O	O	O	O	O	_	_	_	_	_	_
communiste	O	O	O	O	O	O	_	_	_	EndOfSentence	_	_
;	O	O	O	O	O	O	_	_	EndOfLine	_	_	_
# segment_iiif_link = https://impresso-project.ch/api/proxy/iiif/EXP-1933-09-21-a-p0001/934,3619,362,50/full/0/default.jpg
2	O	O	O	O	O	O	_	_	NoSpaceAfter	_	_	_
.	O	O	O	O	O	O	_	_	_	_	_	_
Que	O	O	O	O	O	O	_	_	_	_	_	_
Torgler	O	O	O	O	O	O	_	_	NoSpaceAfter	_	_	_
,	O	O	O	O	O	O	_	_	_	_	_	_
Popoff	O	O	O	O	O	O	_	_	NoSpaceAfter	_	_	_
,	O	O	O	O	O	O	_	_	_	_	_	_
Dimitroff	O	O	O	O	O	O	_	_	EndOfLine	_	_	_
# segment_iiif_link = https://impresso-project.ch/api/proxy/iiif/EXP-1933-09-21-a-p0001/913,3640,388,50/full/0/default.jpg
et	O	O	O	O	O	O	_	_	_	_	_	_
Taneff	O	O	O	O	O	O	_	_	NoSpaceAfter	_	_	_
,	O	O	O	O	O	O	_	_	_	_	_	_
sont	O	O	O	O	O	O	_	_	_	_	_	_
totalement	O	O	O	O	O	O	_	_	EndOfLine	_	_	_
# segment_iiif_link = https://impresso-project.ch/api/proxy/iiif/EXP-1933-09-21-a-p0001/913,3661,58,50/full/0/default.jpg
innocents	O	O	O	O	O	O	_	_	NoSpaceAfter	_	_	_
.	O	O	O	O	O	O	_	_	EndOfLine	EndOfSentence	_	_
# segment_iiif_link = https://impresso-project.ch/api/proxy/iiif/EXP-1933-09-21-a-p0001/1352,3344,367,49/full/0/default.jpg
3	O	O	O	O	O	O	_	_	NoSpaceAfter	_	_	_
.	O	O	O	O	O	O	_	_	_	_	_	_
Que	O	O	O	O	O	O	_	_	_	_	_	_
van	O	O	O	O	O	O	_	_	_	_	_	_
der	O	O	O	O	O	O	_	_	_	_	_	_
Lubbe	O	O	O	O	O	O	_	_	_	_	_	_
n	O	O	O	O	O	O	_	_	NoSpaceAfter	_	_	_
'	O	O	O	O	O	O	_	_	NoSpaceAfter	_	_	_
a	O	O	O	O	O	O	_	_	_	_	_	_
pu	O	O	O	O	O	O	_	_	_	_	_	_
agir	O	O	O	O	O	O	_	_	EndOfLine	_	_	_
# segment_iiif_link = https://impresso-project.ch/api/proxy/iiif/EXP-1933-09-21-a-p0001/1331,3364,391,50/full/0/default.jpg
qu	O	O	O	O	O	O	_	_	NoSpaceAfter	_	_	_
'	O	O	O	O	O	O	_	_	NoSpaceAfter	_	_	_
avec	O	O	O	O	O	O	_	_	_	_	_	_
des	O	O	O	O	O	O	_	_	_	_	_	_
complices	O	O	O	O	O	O	_	_	_	_	_	_
et	O	O	O	O	O	O	_	_	_	_	_	_
que	O	O	O	O	O	O	_	_	EndOfLine	_	_	_
# segment_iiif_link = https://impresso-project.ch/api/proxy/iiif/EXP-1933-09-21-a-p0001/1331,3386,389,49/full/0/default.jpg
l	O	O	O	O	O	O	_	_	NoSpaceAfter	_	_	_
'	O	O	O	O	O	O	_	_	NoSpaceAfter	_	_	_
incendie	O	O	O	O	O	O	_	_	_	_	_	_
n	O	O	O	O	O	O	_	_	NoSpaceAfter	_	_	_
'	O	O	O	O	O	O	_	_	NoSpaceAfter	_	_	_
a	O	O	O	O	O	O	_	_	_	_	_	_
pu	O	O	O	O	O	O	_	_	_	_	_	_
être	O	O	O	O	O	O	_	_	_	_	_	_
allumé	O	O	O	O	O	O	_	_	_	_	_	_
que	O	O	O	O	O	O	_	_	_	_	_	_
par	O	O	O	O	O	O	_	_	EndOfLine	_	_	_
# segment_iiif_link = https://impresso-project.ch/api/proxy/iiif/EXP-1933-09-21-a-p0001/1331,3406,391,50/full/0/default.jpg
l	O	O	O	O	O	O	_	_	NoSpaceAfter	_	_	_
'	O	O	O	O	O	O	_	_	NoSpaceAfter	_	_	_
entrée	O	O	O	O	O	O	_	_	_	_	_	_
qui	O	O	O	O	O	O	_	_	_	_	_	_
relie	O	O	O	O	O	O	_	_	_	_	_	_
le	O	O	O	O	O	O	_	_	_	_	_	_
Reichstag	O	O	O	O	O	O	_	_	_	_	_	_
au	O	O	O	O	O	O	_	_	EndOfLine	_	_	_
# segment_iiif_link = https://impresso-project.ch/api/proxy/iiif/EXP-1933-09-21-a-p0001/1331,3429,390,50/full/0/default.jpg
palais	O	O	O	O	O	O	_	_	_	_	_	_
où	O	O	O	O	O	O	_	_	_	_	_	_
réside	O	O	O	O	O	O	_	_	_	_	_	_
le	O	O	O	O	O	O	_	_	_	_	_	_
président	O	O	O	O	O	O	_	_	_	_	_	_
de	O	O	O	O	O	O	_	_	_	_	_	_
cette	O	O	O	O	O	O	_	_	EndOfLine	_	_	_
# segment_iiif_link = https://impresso-project.ch/api/proxy/iiif/EXP-1933-09-21-a-p0001/1331,3449,109,50/full/0/default.jpg
assemblée	O	O	O	O	O	O	_	_	NoSpaceAfter	_	_	_
.	O	O	O	O	O	O	_	_	EndOfLine	EndOfSentence	_	_
# segment_iiif_link = https://impresso-project.ch/api/proxy/iiif/EXP-1933-09-21-a-p0001/1353,3482,369,49/full/0/default.jpg
4	O	O	O	O	O	O	_	_	NoSpaceAfter	_	_	_
.	O	O	O	O	O	O	_	_	_	_	_	_
Que	O	O	O	O	O	O	_	_	_	_	_	_
de	O	O	O	O	O	O	_	_	_	_	_	_
fortes	O	O	O	O	O	O	_	_	_	_	_	_
présomptions	O	O	O	O	O	O	_	_	EndOfLine	_	_	_
# segment_iiif_link = https://impresso-project.ch/api/proxy/iiif/EXP-1933-09-21-a-p0001/1330,3502,391,50/full/0/default.jpg
justifient	O	O	O	O	O	O	_	_	_	_	_	_
l	O	O	O	O	O	O	_	_	NoSpaceAfter	_	_	_
'	O	O	O	O	O	O	_	_	NoSpaceAfter	_	_	_
opinion	O	O	O	O	O	O	_	_	_	_	_	_
que	O	O	O	O	O	O	_	_	_	_	_	_
ses	O	O	O	O	O	O	_	_	EndOfLine	_	_	_
# segment_iiif_link = https://impresso-project.ch/api/proxy/iiif/EXP-1933-09-21-a-p0001/1331,3524,391,50/full/0/default.jpg
complices	O	O	O	O	O	O	_	_	_	_	_	_
sont	O	O	O	O	O	O	_	_	_	_	_	_
des	O	O	O	O	O	O	_	_	_	_	_	_
personnalités	O	O	O	O	O	O	_	_	EndOfLine	_	_	_
# segment_iiif_link = https://impresso-project.ch/api/proxy/iiif/EXP-1933-09-21-a-p0001/1331,3546,344,50/full/0/default.jpg
dirigeantes	O	O	O	O	O	O	_	_	_	_	_	_
du	O	O	O	O	O	O	_	_	_	_	_	_
parti	O	O	O	O	O	O	_	_	_	_	_	_
national	O	O	O	O	O	O	_	_	NoSpaceAfter	_	_	_
-	O	O	O	O	O	O	_	_	NoSpaceAfter	_	_	_
socialiste	O	O	O	O	O	O	_	_	NoSpaceAfter	_	_	_
.	O	O	O	O	O	O	_	_	EndOfLine	EndOfSentence	_	_
# segment_iiif_link = https://impresso-project.ch/api/proxy/iiif/EXP-1933-09-21-a-p0001/1352,3577,369,50/full/0/default.jpg
En	O	O	O	O	O	O	_	_	_	_	_	_
conclusion	O	O	O	O	O	O	_	_	NoSpaceAfter	_	_	_
,	O	O	O	O	O	O	_	_	_	_	_	_
la	O	O	O	O	O	O	_	_	_	_	_	_
commission	O	O	O	O	O	O	_	_	EndOfLine	_	_	_
# segment_iiif_link = https://impresso-project.ch/api/proxy/iiif/EXP-1933-09-21-a-p0001/1331,3599,391,49/full/0/default.jpg
internationale	O	O	O	O	O	O	_	_	_	_	_	_
d	O	O	O	O	O	O	_	_	NoSpaceAfter	_	_	_
'	O	O	O	O	O	O	_	_	NoSpaceAfter	_	_	_
enquête	O	O	O	O	O	O	_	_	_	_	_	_
déclare	O	O	O	O	O	O	_	_	EndOfLine	_	_	_
# segment_iiif_link = https://impresso-project.ch/api/proxy/iiif/EXP-1933-09-21-a-p0001/1330,3620,392,49/full/0/default.jpg
qu	O	O	O	O	O	O	_	_	NoSpaceAfter	_	_	_
'	O	O	O	O	O	O	_	_	NoSpaceAfter	_	_	_
elle	O	O	O	O	O	O	_	_	_	_	_	_
est	O	O	O	O	O	O	_	_	_	_	_	_
prête	O	O	O	O	O	O	_	_	NoSpaceAfter	_	_	_
,	O	O	O	O	O	O	_	_	_	_	_	_
cas	O	O	O	O	O	O	_	_	_	_	_	_
échéant	O	O	O	O	O	O	_	_	NoSpaceAfter	_	_	_
,	O	O	O	O	O	O	_	_	_	_	_	_
à	O	O	O	O	O	O	_	_	_	_	_	_
se	O	O	O	O	O	O	_	_	EndOfLine	_	_	_
# segment_iiif_link = https://impresso-project.ch/api/proxy/iiif/EXP-1933-09-21-a-p0001/1331,3642,391,50/full/0/default.jpg
réunir	O	O	O	O	O	O	_	_	_	_	_	_
à	O	O	O	O	O	O	_	_	_	_	_	_
nouveau	O	O	O	O	O	O	_	_	_	_	_	_
pendant	O	O	O	O	O	O	_	_	_	_	_	_
ou	O	O	O	O	O	O	_	_	_	_	_	_
après	O	O	O	O	O	O	_	_	_	_	_	_
le	O	O	O	O	O	O	_	_	EndOfLine	_	_	_
# segment_iiif_link = https://impresso-project.ch/api/proxy/iiif/EXP-1933-09-21-a-p0001/1331,3662,207,50/full/0/default.jpg
procès	O	O	O	O	O	O	_	_	_	_	_	_
de	O	O	O	O	O	O	_	_	_	_	_	_
Leipzig	O	O	O	O	O	O	_	_	NoSpaceAfter	_	_	_
.	O	O	O	O	O	O	_	_	EndOfLine	EndOfSentence	_	_

# language = fr
# newspaper = EXP
# date = 1960-07-07
# document_id = EXP-1960-07-07-a-i0271
# news-agency-as-source = Q130879
# segment_iiif_link = https://impresso-project.ch/api/proxy/iiif/EXP-1960-07-07-a-p0015/2201,2778,337,72/full/0/default.jpg
Signature	O	O	O	O	O	O	_	_	_	_	_	_
de	O	O	O	O	O	O	_	_	_	_	_	_
l	O	O	O	O	O	O	_	_	NoSpaceAfter	_	_	_
'	O	O	O	O	O	O	_	_	NoSpaceAfter	_	_	_
accord	O	O	O	O	O	O	_	_	EndOfLine	_	_	_
# segment_iiif_link = https://impresso-project.ch/api/proxy/iiif/EXP-1960-07-07-a-p0015/2263,2825,213,72/full/0/default.jpg
anglo	O	O	O	O	O	O	_	_	NoSpaceAfter	_	_	_
-	O	O	O	O	O	O	_	_	NoSpaceAfter	_	_	_
cypriote	O	O	O	O	O	O	_	_	EndOfLine	_	_	_
# segment_iiif_link = https://impresso-project.ch/api/proxy/iiif/EXP-1960-07-07-a-p0015/2435,2724,123,60/full/0/default.jpg
CHYPRE	O	O	O	O	O	O	_	_	NoSpaceAfter	_	_	_
]	O	O	O	O	O	O	_	_	EndOfLine	_	_	_
# segment_iiif_link = https://impresso-project.ch/api/proxy/iiif/EXP-1960-07-07-a-p0015/2194,2873,365,47/full/0/default.jpg
NICOSIE	O	O	O	O	O	O	_	_	_	_	_	_
(	O	O	O	O	O	O	_	_	NoSpaceAfter	_	_	_
Reuter	B-org	O	B-org.ent.pressagency.Reuters	O	O	O	Q130879	_	NoSpaceAfter	_	LED0.00	_
)	O	O	O	O	O	O	_	_	NoSpaceAfter	_	_	_
.	O	O	O	O	O	O	_	_	_	EndOfSentence	_	_
—	O	O	O	O	O	O	_	_	_	_	_	_
L	O	O	O	O	O	O	_	_	NoSpaceAfter	_	_	_
'	O	O	O	O	O	O	_	_	NoSpaceAfter	_	_	_
accord	O	O	O	O	O	O	_	_	_	_	_	_
sur	O	O	O	O	O	O	_	_	EndOfLine	_	_	_
# segment_iiif_link = https://impresso-project.ch/api/proxy/iiif/EXP-1960-07-07-a-p0015/2174,2897,384,47/full/0/default.jpg
Chypre	O	O	O	O	O	O	_	_	_	_	_	_
a	O	O	O	O	O	O	_	_	_	_	_	_
été	O	O	O	O	O	O	_	_	_	_	_	_
paraphé	O	O	O	O	O	O	_	_	_	_	_	_
mercredi	O	O	O	O	O	O	_	_	_	_	_	_
par	O	O	O	O	O	O	_	_	_	_	_	_
les	O	O	O	O	O	O	_	_	EndOfLine	_	_	_
# segment_iiif_link = https://impresso-project.ch/api/proxy/iiif/EXP-1960-07-07-a-p0015/2174,2921,387,46/full/0/default.jpg
représentants	O	O	O	O	O	O	_	_	_	_	_	_
britanniques	O	O	O	O	O	O	_	_	_	_	_	_
et	O	O	O	O	O	O	_	_	_	_	_	_
cypriotes	O	O	O	O	O	O	_	_	NoSpaceAfter	_	_	_
.	O	O	O	O	O	O	_	_	EndOfLine	EndOfSentence	_	_
# segment_iiif_link = https://impresso-project.ch/api/proxy/iiif/EXP-1960-07-07-a-p0015/2174,2945,386,47/full/0/default.jpg
Cet	O	O	O	O	O	O	_	_	_	_	_	_
accord	O	O	O	O	O	O	_	_	_	_	_	_
met	O	O	O	O	O	O	_	_	_	_	_	_
fin	O	O	O	O	O	O	_	_	_	_	_	_
aux	O	O	O	O	O	O	_	_	_	_	_	_
derniers	O	O	O	O	O	O	_	_	EndOfLine	_	_	_
# segment_iiif_link = https://impresso-project.ch/api/proxy/iiif/EXP-1960-07-07-a-p0015/2173,2969,386,47/full/0/default.jpg
obstacles	O	O	O	O	O	O	_	_	_	_	_	_
à	O	O	O	O	O	O	_	_	_	_	_	_
la	O	O	O	O	O	O	_	_	_	_	_	_
proclamation	O	O	O	O	O	O	_	_	_	_	_	_
de	O	O	O	O	O	O	_	_	EndOfLine	_	_	_
# segment_iiif_link = https://impresso-project.ch/api/proxy/iiif/EXP-1960-07-07-a-p0015/2174,2993,387,47/full/0/default.jpg
l	O	O	O	O	O	O	_	_	NoSpaceAfter	_	_	_
'	O	O	O	O	O	O	_	_	NoSpaceAfter	_	_	_
indépendance	O	O	O	O	O	O	_	_	_	_	_	_
de	O	O	O	O	O	O	_	_	_	_	_	_
Chypre	O	O	O	O	O	O	_	_	NoSpaceAfter	_	_	_
.	O	O	O	O	O	O	_	_	_	EndOfSentence	_	_
M	O	O	O	O	O	O	_	_	NoSpaceAfter	_	_	_
.	O	O	O	O	O	O	_	_	_	_	_	_
Julian	O	O	O	O	O	O	_	_	_	_	_	_
Amery	O	O	O	O	O	O	_	_	NoSpaceAfter	_	_	_
,	O	O	O	O	O	O	_	_	EndOfLine	_	_	_
# segment_iiif_link = https://impresso-project.ch/api/proxy/iiif/EXP-1960-07-07-a-p0015/2174,3017,384,47/full/0/default.jpg
sous	O	O	O	O	O	O	_	_	NoSpaceAfter	_	_	_
-	O	O	O	O	O	O	_	_	NoSpaceAfter	_	_	_
secrétaire	O	O	O	O	O	O	_	_	_	_	_	_
d	O	O	O	O	O	O	_	_	NoSpaceAfter	_	_	_
'	O	O	O	O	O	O	_	_	NoSpaceAfter	_	_	_
Etat	O	O	O	O	O	O	_	_	_	_	_	_
au	O	O	O	O	O	O	_	_	_	_	_	_
ministère	O	O	O	O	O	O	_	_	_	_	_	_
des	O	O	O	O	O	O	_	_	EndOfLine	_	_	_
# segment_iiif_link = https://impresso-project.ch/api/proxy/iiif/EXP-1960-07-07-a-p0015/2174,3040,384,46/full/0/default.jpg
colonies	O	O	O	O	O	O	_	_	NoSpaceAfter	_	_	_
,	O	O	O	O	O	O	_	_	_	_	_	_
qui	O	O	O	O	O	O	_	_	_	_	_	_
a	O	O	O	O	O	O	_	_	_	_	_	_
représenté	O	O	O	O	O	O	_	_	_	_	_	_
le	O	O	O	O	O	O	_	_	EndOfLine	_	_	_
# segment_iiif_link = https://impresso-project.ch/api/proxy/iiif/EXP-1960-07-07-a-p0015/2174,3066,383,46/full/0/default.jpg
Royaume	O	O	O	O	O	O	_	_	NoSpaceAfter	_	_	_
-	O	O	O	O	O	O	_	_	NoSpaceAfter	_	_	_
Uni	O	O	O	O	O	O	_	_	_	_	_	_
aux	O	O	O	O	O	O	_	_	_	_	_	_
négociations	O	O	O	O	O	O	_	_	NoSpaceAfter	_	_	_
,	O	O	O	O	O	O	_	_	_	_	_	_
a	O	O	O	O	O	O	_	_	_	_	_	_
déclaré	O	O	O	O	O	O	_	_	_	_	_	_
que	O	O	O	O	O	O	_	_	EndOfLine	_	_	_
# segment_iiif_link = https://impresso-project.ch/api/proxy/iiif/EXP-1960-07-07-a-p0015/2173,3088,383,46/full/0/default.jpg
l	O	O	O	O	O	O	_	_	NoSpaceAfter	_	_	_
'	O	O	O	O	O	O	_	_	NoSpaceAfter	_	_	_
accord	O	O	O	O	O	O	_	_	_	_	_	_
garantira	O	O	O	O	O	O	_	_	_	_	_	_
la	O	O	O	O	O	O	_	_	_	_	_	_
durabilité	O	O	O	O	O	O	_	_	_	_	_	_
de	O	O	O	O	O	O	_	_	_	_	_	_
la	O	O	O	O	O	O	_	_	EndOfLine	_	_	_
# segment_iiif_link = https://impresso-project.ch/api/proxy/iiif/EXP-1960-07-07-a-p0015/2173,3113,384,47/full/0/default.jpg
République	O	O	O	O	O	O	_	_	_	_	_	_
de	O	O	O	O	O	O	_	_	_	_	_	_
Chypre	O	O	O	O	O	O	_	_	NoSpaceAfter	_	_	_
.	O	O	O	O	O	O	_	_	_	EndOfSentence	_	_
Les	O	O	O	O	O	O	_	_	_	_	_	_
droits	O	O	O	O	O	O	_	_	_	_	_	_
de	O	O	O	O	O	O	_	_	EndOfLine	_	_	_
# segment_iiif_link = https://impresso-project.ch/api/proxy/iiif/EXP-1960-07-07-a-p0015/2173,3137,384,47/full/0/default.jpg
la	O	O	O	O	O	O	_	_	_	_	_	_
minorité	O	O	O	O	O	O	_	_	_	_	_	_
turque	O	O	O	O	O	O	_	_	_	_	_	_
sont	O	O	O	O	O	O	_	_	_	_	_	_
aussi	O	O	O	O	O	O	_	_	_	_	_	_
garantis	O	O	O	O	O	O	_	_	NoSpaceAfter	_	_	_
.	O	O	O	O	O	O	_	_	EndOfLine	EndOfSentence	_	_
# segment_iiif_link = https://impresso-project.ch/api/proxy/iiif/EXP-1960-07-07-a-p0015/2173,3162,383,46/full/0/default.jpg
La	O	O	O	O	O	O	_	_	_	_	_	_
Grande	O	O	O	O	O	O	_	_	NoSpaceAfter	_	_	_
-	O	O	O	O	O	O	_	_	NoSpaceAfter	_	_	_
Bretagne	O	O	O	O	O	O	_	_	_	_	_	_
obtient	O	O	O	O	O	O	_	_	_	_	_	_
tous	O	O	O	O	O	O	_	_	_	_	_	_
les	O	O	O	O	O	O	_	_	EndOfLine	_	_	_
# segment_iiif_link = https://impresso-project.ch/api/proxy/iiif/EXP-1960-07-07-a-p0015/2172,3187,383,46/full/0/default.jpg
avantages	O	O	O	O	O	O	_	_	_	_	_	_
nécessaires	O	O	O	O	O	O	_	_	_	_	_	_
dans	O	O	O	O	O	O	_	_	_	_	_	_
le	O	O	O	O	O	O	_	_	_	_	_	_
domaine	O	O	O	O	O	O	_	_	EndOfLine	_	_	_
# segment_iiif_link = https://impresso-project.ch/api/proxy/iiif/EXP-1960-07-07-a-p0015/2172,3210,144,46/full/0/default.jpg
de	O	O	O	O	O	O	_	_	_	_	_	_
la	O	O	O	O	O	O	_	_	_	_	_	_
défense	O	O	O	O	O	O	_	_	NoSpaceAfter	_	_	_
.	O	O	O	O	O	O	_	_	EndOfLine	EndOfSentence	_	_
# segment_iiif_link = https://impresso-project.ch/api/proxy/iiif/EXP-1960-07-07-a-p0015/2192,3234,363,46/full/0/default.jpg
L	O	O	O	O	O	O	_	_	NoSpaceAfter	_	_	_
'	O	O	O	O	O	O	_	_	NoSpaceAfter	_	_	_
archevêque	O	O	O	O	O	O	_	_	_	_	_	_
Makarios	O	O	O	O	O	O	_	_	NoSpaceAfter	_	_	_
,	O	O	O	O	O	O	_	_	_	_	_	_
président	O	O	O	O	O	O	_	_	_	_	_	_
élu	O	O	O	O	O	O	_	_	EndOfLine	_	_	_
# segment_iiif_link = https://impresso-project.ch/api/proxy/iiif/EXP-1960-07-07-a-p0015/2173,3259,387,46/full/0/default.jpg
de	O	O	O	O	O	O	_	_	_	_	_	_
Chypre	O	O	O	O	O	O	_	_	NoSpaceAfter	_	_	_
,	O	O	O	O	O	O	_	_	_	_	_	_
a	O	O	O	O	O	O	_	_	_	_	_	_
déclaTé	O	O	O	O	O	O	_	_	_	_	_	_
que	O	O	O	O	O	O	_	_	_	_	_	_
grâce	O	O	O	O	O	O	_	_	_	_	_	_
à	O	O	O	O	O	O	_	_	EndOfLine	_	_	_
# segment_iiif_link = https://impresso-project.ch/api/proxy/iiif/EXP-1960-07-07-a-p0015/2171,3282,383,46/full/0/default.jpg
l	O	O	O	O	O	O	_	_	NoSpaceAfter	_	_	_
'	O	O	O	O	O	O	_	_	NoSpaceAfter	_	_	_
esprit	O	O	O	O	O	O	_	_	_	_	_	_
de	O	O	O	O	O	O	_	_	_	_	_	_
bonne	O	O	O	O	O	O	_	_	_	_	_	_
volonté	O	O	O	O	O	O	_	_	_	_	_	_
et	O	O	O	O	O	O	_	_	_	_	_	_
à	O	O	O	O	O	O	_	_	_	_	_	_
la	O	O	O	O	O	O	_	_	_	_	_	_
précieuse	O	O	O	O	O	O	_	_	EndOfLine	_	_	_
# segment_iiif_link = https://impresso-project.ch/api/proxy/iiif/EXP-1960-07-07-a-p0015/2171,3306,383,46/full/0/default.jpg
collaboration	O	O	O	O	O	O	_	_	_	_	_	_
de	O	O	O	O	O	O	_	_	_	_	_	_
M	O	O	O	O	O	O	_	_	NoSpaceAfter	_	_	_
.	O	O	O	O	O	O	_	_	_	_	_	_
_	O	O	O	O	O	O	_	_	NoSpaceAfter	_	_	_
Kutchuk	O	O	O	O	O	O	_	_	NoSpaceAfter	_	_	_
,	O	O	O	O	O	O	_	_	EndOfLine	_	_	_
# segment_iiif_link = https://impresso-project.ch/api/proxy/iiif/EXP-1960-07-07-a-p0015/2170,3331,383,46/full/0/default.jpg
représentant	O	O	O	O	O	O	_	_	_	_	_	_
la	O	O	O	O	O	O	_	_	_	_	_	_
minorité	O	O	O	O	O	O	_	_	_	_	_	_
turque	O	O	O	O	O	O	_	_	NoSpaceAfter	_	_	_
,	O	O	O	O	O	O	_	_	_	_	_	_
la	O	O	O	O	O	O	_	_	_	_	_	_
nouvelle	O	O	O	O	O	O	_	_	EndOfLine	_	_	_
# segment_iiif_link = https://impresso-project.ch/api/proxy/iiif/EXP-1960-07-07-a-p0015/2171,3355,383,46/full/0/default.jpg
République	O	O	O	O	O	O	_	_	_	_	_	_
de	O	O	O	O	O	O	_	_	_	_	_	_
Chypre	O	O	O	O	O	O	_	_	_	_	_	_
peut	O	O	O	O	O	O	_	_	_	_	_	_
reposer	O	O	O	O	O	O	_	_	_	_	_	_
sur	O	O	O	O	O	O	_	_	EndOfLine	_	_	_
# segment_iiif_link = https://impresso-project.ch/api/proxy/iiif/EXP-1960-07-07-a-p0015/2170,3379,177,46/full/0/default.jpg
des	O	O	O	O	O	O	_	_	_	_	_	_
bases	O	O	O	O	O	O	_	_	_	_	_	_
solides	O	O	O	O	O	O	_	_	NoSpaceAfter	_	_	_
.	O	O	O	O	O	O	_	_	EndOfLine	EndOfSentence	_	_

# language = fr
# newspaper = EXP
# date = 1961-12-15
# document_id = EXP-1961-12-15-a-i0390
# news-agency-as-source = Q430109, Q312653
# segment_iiif_link = https://impresso-project.ch/api/proxy/iiif/EXP-1961-12-15-a-p0031/1891,2353,97,73/full/0/default.jpg
Berlin	O	O	O	O	O	O	_	_	_	_	_	_
i	O	O	O	O	O	O	_	_	EndOfLine	_	_	_
# segment_iiif_link = https://impresso-project.ch/api/proxy/iiif/EXP-1961-12-15-a-p0031/1807,2397,267,62/full/0/default.jpg
des	O	O	O	O	O	O	_	_	_	_	_	_
pierres	O	O	O	O	O	O	_	_	_	_	_	_
lancées	O	O	O	O	O	O	_	_	EndOfLine	_	_	_
# segment_iiif_link = https://impresso-project.ch/api/proxy/iiif/EXP-1961-12-15-a-p0031/1760,2431,355,60/full/0/default.jpg
contre	O	O	O	O	O	O	_	_	_	_	_	_
les	O	O	O	O	O	O	_	_	_	_	_	_
sapins	O	O	O	O	O	O	_	_	_	_	_	_
de	O	O	O	O	O	O	_	_	_	_	_	_
Noël	O	O	O	O	O	O	_	_	EndOfLine	_	_	_
# segment_iiif_link = https://impresso-project.ch/api/proxy/iiif/EXP-1961-12-15-a-p0031/1778,2467,336,46/full/0/default.jpg
BERLIN	O	O	O	O	O	O	_	_	_	_	_	_
(	O	O	O	O	O	O	_	_	NoSpaceAfter	_	_	_
ATS	O	O	O	O	O	O	Q430109	_	NoSpaceAfter	_	LED0.00	_
-	O	O	O	O	O	O	_	_	NoSpaceAfter	_	_	_
DPA	B-org	O	B-org.ent.pressagency.DPA	O	O	O	Q312653	_	NoSpaceAfter	_	LED0.00	_
)	O	O	O	O	O	O	_	_	NoSpaceAfter	_	_	_
.	B-org	O	B-org.ent.pressagency.ATS-SDA	O	O	O	_	_	_	EndOfSentence	_	_
—	O	O	O	O	O	O	_	_	_	_	_	_
Dans	O	O	O	O	O	O	_	_	_	_	_	_
la	O	O	O	O	O	O	_	_	EndOfLine	_	_	_
# segment_iiif_link = https://impresso-project.ch/api/proxy/iiif/EXP-1961-12-15-a-p0031/1759,2484,353,46/full/0/default.jpg
matinée	O	O	O	O	O	O	_	_	_	_	_	_
de	O	O	O	O	O	O	_	_	_	_	_	_
jeudi	O	O	O	O	O	O	_	_	NoSpaceAfter	_	_	_
,	O	O	O	O	O	O	_	_	_	_	_	_
des	O	O	O	O	O	O	_	_	_	_	_	_
policiers	O	O	O	O	O	O	_	_	EndOfLine	_	_	_
# segment_iiif_link = https://impresso-project.ch/api/proxy/iiif/EXP-1961-12-15-a-p0031/1759,2501,354,47/full/0/default.jpg
populaires	O	O	O	O	O	O	_	_	_	_	_	_
se	O	O	O	O	O	O	_	_	_	_	_	_
sont	O	O	O	O	O	O	_	_	_	_	_	_
mis	O	O	O	O	O	O	_	_	_	_	_	_
à	O	O	O	O	O	O	_	_	_	_	_	_
lancer	O	O	O	O	O	O	_	_	_	_	_	_
des	O	O	O	O	O	O	_	_	EndOfLine	_	_	_
# segment_iiif_link = https://impresso-project.ch/api/proxy/iiif/EXP-1961-12-15-a-p0031/1759,2518,355,47/full/0/default.jpg
pierres	O	O	O	O	O	O	_	_	_	_	_	_
sur	O	O	O	O	O	O	_	_	_	_	_	_
les	O	O	O	O	O	O	_	_	_	_	_	_
sapins	O	O	O	O	O	O	_	_	_	_	_	_
de	O	O	O	O	O	O	_	_	_	_	_	_
Noël	O	O	O	O	O	O	_	_	_	_	_	_
qui	O	O	O	O	O	O	_	_	EndOfLine	_	_	_
# segment_iiif_link = https://impresso-project.ch/api/proxy/iiif/EXP-1961-12-15-a-p0031/1758,2535,357,47/full/0/default.jpg
longent	O	O	O	O	O	O	_	_	_	_	_	_
la	O	O	O	O	O	O	_	_	_	_	_	_
ligne	O	O	O	O	O	O	_	_	_	_	_	_
de	O	O	O	O	O	O	_	_	_	_	_	_
démarcation	O	O	O	O	O	O	_	_	_	_	_	_
entre	O	O	O	O	O	O	_	_	EndOfLine	_	_	_
# segment_iiif_link = https://impresso-project.ch/api/proxy/iiif/EXP-1961-12-15-a-p0031/1759,2553,356,46/full/0/default.jpg
les	O	O	O	O	O	O	_	_	_	_	_	_
secteurs	O	O	O	O	O	O	_	_	_	_	_	_
est	O	O	O	O	O	O	_	_	_	_	_	_
et	O	O	O	O	O	O	_	_	_	_	_	_
ouest	O	O	O	O	O	O	_	_	_	_	_	_
de	O	O	O	O	O	O	_	_	_	_	_	_
Berlin	O	O	O	O	O	O	_	_	NoSpaceAfter	_	_	_
.	O	O	O	O	O	O	_	_	EndOfLine	EndOfSentence	_	_
# segment_iiif_link = https://impresso-project.ch/api/proxy/iiif/EXP-1961-12-15-a-p0031/1757,2569,357,47/full/0/default.jpg
D	O	O	O	O	O	O	_	_	NoSpaceAfter	_	_	_
'	O	O	O	O	O	O	_	_	NoSpaceAfter	_	_	_
autre	O	O	O	O	O	O	_	_	_	_	_	_
part	O	O	O	O	O	O	_	_	NoSpaceAfter	_	_	_
,	O	O	O	O	O	O	_	_	_	_	_	_
au	O	O	O	O	O	O	_	_	_	_	_	_
cours	O	O	O	O	O	O	_	_	_	_	_	_
des	O	O	O	O	O	O	_	_	_	_	_	_
dernières	O	O	O	O	O	O	_	_	EndOfLine	_	_	_
# segment_iiif_link = https://impresso-project.ch/api/proxy/iiif/EXP-1961-12-15-a-p0031/1757,2586,356,47/full/0/default.jpg
vingt	O	O	O	O	O	O	_	_	NoSpaceAfter	_	_	_
-	O	O	O	O	O	O	_	_	NoSpaceAfter	_	_	_
quatre	O	O	O	O	O	O	_	_	_	_	_	_
heures	O	O	O	O	O	O	_	_	NoSpaceAfter	_	_	_
,	O	O	O	O	O	O	_	_	_	_	_	_
cinq	O	O	O	O	O	O	_	_	NoSpaceAfter	_	_	_
'	O	O	O	O	O	O	_	_	NoSpaceAfter	_	_	_
habitants	O	O	O	O	O	O	_	_	EndOfLine	_	_	_
# segment_iiif_link = https://impresso-project.ch/api/proxy/iiif/EXP-1961-12-15-a-p0031/1757,2605,355,46/full/0/default.jpg
de	O	O	O	O	O	O	_	_	_	_	_	_
la	O	O	O	O	O	O	_	_	_	_	_	_
zone	O	O	O	O	O	O	_	_	_	_	_	_
orientale	O	O	O	O	O	O	_	_	_	_	_	_
ont	O	O	O	O	O	O	_	_	_	_	_	_
demandé	O	O	O	O	O	O	_	_	EndOfLine	_	_	_
# segment_iiif_link = https://impresso-project.ch/api/proxy/iiif/EXP-1961-12-15-a-p0031/1757,2621,358,47/full/0/default.jpg
asile	O	O	O	O	O	O	_	_	_	_	_	_
aus	O	O	O	O	O	O	_	_	_	_	_	_
autorités	O	O	O	O	O	O	_	_	_	_	_	_
de	O	O	O	O	O	O	_	_	_	_	_	_
Berlin	O	O	O	O	O	O	_	_	NoSpaceAfter	_	_	_
-	O	O	O	O	O	O	_	_	NoSpaceAfter	_	_	_
ouest	O	O	O	O	O	O	_	_	NoSpaceAfter	_	_	_
.	O	O	O	O	O	O	_	_	EndOfLine	EndOfSentence	_	_
# segment_iiif_link = https://impresso-project.ch/api/proxy/iiif/EXP-1961-12-15-a-p0031/1757,2639,359,47/full/0/default.jpg
Jeudi	O	O	O	O	O	O	_	_	_	_	_	_
matin	O	O	O	O	O	O	_	_	_	_	_	_
également	O	O	O	O	O	O	_	_	NoSpaceAfter	_	_	_
,	O	O	O	O	O	O	_	_	_	_	_	_
un	O	O	O	O	O	O	_	_	_	_	_	_
inconnu	O	O	O	O	O	O	_	_	NoSpaceAfter	_	_	_
,	O	O	O	O	O	O	_	_	EndOfLine	_	_	_
# segment_iiif_link = https://impresso-project.ch/api/proxy/iiif/EXP-1961-12-15-a-p0031/1757,2656,359,46/full/0/default.jpg
pris	O	O	O	O	O	O	_	_	_	_	_	_
de	O	O	O	O	O	O	_	_	_	_	_	_
boisson	O	O	O	O	O	O	_	_	NoSpaceAfter	_	_	_
,	O	O	O	O	O	O	_	_	_	_	_	_
a	O	O	O	O	O	O	_	_	_	_	_	_
escaladé	O	O	O	O	O	O	_	_	_	_	_	_
le	O	O	O	O	O	O	_	_	_	_	_	_
mur	O	O	O	O	O	O	_	_	NoSpaceAfter	_	_	_
,	O	O	O	O	O	O	_	_	EndOfLine	_	_	_
# segment_iiif_link = https://impresso-project.ch/api/proxy/iiif/EXP-1961-12-15-a-p0031/1757,2672,360,47/full/0/default.jpg
dans	O	O	O	O	O	O	_	_	_	_	_	_
l	O	O	O	O	O	O	_	_	NoSpaceAfter	_	_	_
'	O	O	O	O	O	O	_	_	NoSpaceAfter	_	_	_
arrondissement	O	O	O	O	O	O	_	_	_	_	_	_
de	O	O	O	O	O	O	_	_	_	_	_	_
Kreuzberg	O	O	O	O	O	O	_	_	NoSpaceAfter	_	_	_
.	O	O	O	O	O	O	_	_	EndOfLine	EndOfSentence	_	_
# segment_iiif_link = https://impresso-project.ch/api/proxy/iiif/EXP-1961-12-15-a-p0031/1757,2691,358,46/full/0/default.jpg
Il	O	O	O	O	O	O	_	_	_	_	_	_
a	O	O	O	O	O	O	_	_	_	_	_	_
été	O	O	O	O	O	O	_	_	_	_	_	_
«	O	O	O	O	O	O	_	_	_	_	_	_
cueilli	O	O	O	O	O	O	_	_	_	_	_	_
*	O	O	O	O	O	O	_	_	NoSpaceAfter	_	_	_
,	O	O	O	O	O	O	_	_	_	_	_	_
de	O	O	O	O	O	O	_	_	_	_	_	_
l	O	O	O	O	O	O	_	_	NoSpaceAfter	_	_	_
'	O	O	O	O	O	O	_	_	NoSpaceAfter	_	_	_
autre	O	O	O	O	O	O	_	_	_	_	_	_
cité	O	O	O	O	O	O	_	_	NoSpaceAfter	_	_	_
,	O	O	O	O	O	O	_	_	EndOfLine	_	_	_
# segment_iiif_link = https://impresso-project.ch/api/proxy/iiif/EXP-1961-12-15-a-p0031/1757,2707,355,47/full/0/default.jpg
par	O	O	O	O	O	O	_	_	_	_	_	_
des	O	O	O	O	O	O	_	_	_	_	_	_
policiers	O	O	O	O	O	O	_	_	_	_	_	_
populaires	O	O	O	O	O	O	_	_	_	_	_	_
et	O	O	O	O	O	O	_	_	EndOfLine	_	_	_
# segment_iiif_link = https://impresso-project.ch/api/proxy/iiif/EXP-1961-12-15-a-p0031/1757,2724,210,47/full/0/default.jpg
emmené	O	O	O	O	O	O	_	_	_	_	_	_
vers	O	O	O	O	O	O	_	_	_	_	_	_
Berlin	O	O	O	O	O	O	_	_	NoSpaceAfter	_	_	_
-	O	O	O	O	O	O	_	_	NoSpaceAfter	_	_	_
Est	O	O	O	O	O	O	_	_	NoSpaceAfter	_	_	_
.	O	O	O	O	O	O	_	_	EndOfLine	EndOfSentence	_	_

# language = fr
# newspaper = EXP
# date = 1968-12-21
# document_id = EXP-1968-12-21-a-i0001
# news-agency-as-source = Q40469
# segment_iiif_link = https://impresso-project.ch/api/proxy/iiif/EXP-1968-12-21-a-p0001/57,510,1117,229/full/0/default.jpg
LA	O	O	O	O	O	O	_	_	_	_	_	_
LUNE	O	O	O	O	O	O	_	_	_	_	_	_
DE	O	O	O	O	O	O	_	_	_	_	_	_
PRES	O	O	O	O	O	O	_	_	EndOfLine	_	_	_
# segment_iiif_link = https://impresso-project.ch/api/proxy/iiif/EXP-1968-12-21-a-p0001/52,285,1696,109/full/0/default.jpg
59	O	O	O	O	O	O	_	_	_	_	_	_
RIEN	O	O	O	O	O	O	_	_	_	_	_	_
NE	O	O	O	O	O	O	_	_	_	_	_	_
CLOCHE	O	O	O	O	O	O	_	_	_	_	_	_
A	O	O	O	O	O	O	_	_	_	_	_	_
CAP	O	O	O	O	O	O	_	_	_	_	_	_
KENNEDY	O	O	O	O	O	O	_	_	_	_	_	_
CET	O	O	O	O	O	O	_	_	_	_	_	_
APRÈS	O	O	O	O	O	O	_	_	NoSpaceAfter	_	_	_
-	O	O	O	O	O	O	_	_	NoSpaceAfter	_	_	_
MIDI	O	O	O	O	O	O	_	_	EndOfLine	_	_	_
# segment_iiif_link = https://impresso-project.ch/api/proxy/iiif/EXP-1968-12-21-a-p0001/52,698,1122,79/full/0/default.jpg
LA	O	O	O	O	O	O	_	_	_	_	_	_
MÉTÉO	O	O	O	O	O	O	_	_	_	_	_	_
EST	O	O	O	O	O	O	_	_	_	_	_	_
FAVORABLE	O	O	O	O	O	O	_	_	_	_	_	_
ET	O	O	O	O	O	O	_	_	_	_	_	_
LES	O	O	O	O	O	O	_	_	_	_	_	_
OCÉANS	O	O	O	O	O	O	_	_	_	_	_	_
APAISES	B-org	O	B-org.ent.pressagency.AP	O	O	O	_	_	EndOfLine	_	_	_
# segment_iiif_link = https://impresso-project.ch/api/proxy/iiif/EXP-1968-12-21-a-p0001/79,759,517,41/full/0/default.jpg
CAP	O	O	O	O	O	O	_	_	NoSpaceAfter	_	_	_
-	O	O	O	O	O	O	_	_	NoSpaceAfter	_	_	_
KENNEDY	O	O	O	O	O	O	_	_	_	_	_	_
(	O	O	O	O	O	O	_	_	NoSpaceAfter	_	_	_
AP	B-org	O	B-org.ent.pressagency.AP	O	O	O	Q40469	_	NoSpaceAfter	_	LED0.00	_
)	O	O	O	O	O	O	_	_	NoSpaceAfter	_	_	_
.	O	O	O	O	O	O	_	_	_	EndOfSentence	_	_
—	O	O	O	O	O	O	_	_	_	_	_	_
Les	O	O	O	O	O	O	_	_	_	_	_	_
Etats	O	O	O	O	O	O	_	_	NoSpaceAfter	_	_	_
-	O	O	O	O	O	O	_	_	NoSpaceAfter	_	_	_
Unis	O	O	O	O	O	O	_	_	_	_	_	_
tentent	O	O	O	O	O	O	_	_	_	_	_	_
aujourd	O	O	O	O	O	O	_	_	NoSpaceAfter	_	_	_
'	O	O	O	O	O	O	_	_	NoSpaceAfter	_	_	_
hui	O	O	O	O	O	O	_	_	_	_	_	_
de	O	O	O	O	O	O	_	_	EndOfLine	_	_	_
# segment_iiif_link = https://impresso-project.ch/api/proxy/iiif/EXP-1968-12-21-a-p0001/50,777,545,42/full/0/default.jpg
prendre	O	O	O	O	O	O	_	_	_	_	_	_
une	O	O	O	O	O	O	_	_	_	_	_	_
avance	O	O	O	O	O	O	_	_	NoSpaceAfter	_	_	_
,	O	O	O	O	O	O	_	_	_	_	_	_
peut	O	O	O	O	O	O	_	_	NoSpaceAfter	_	_	_
-	O	O	O	O	O	O	_	_	NoSpaceAfter	_	_	_
être	O	O	O	O	O	O	_	_	_	_	_	_
décisive	O	O	O	O	O	O	_	_	NoSpaceAfter	_	_	_
,	O	O	O	O	O	O	_	_	_	_	_	_
sur	O	O	O	O	O	O	_	_	_	_	_	_
l	O	O	O	O	O	O	_	_	NoSpaceAfter	_	_	_
'	O	O	O	O	O	O	_	_	NoSpaceAfter	_	_	_
Union	O	O	O	O	O	O	_	_	_	_	_	_
soviétique	O	O	O	O	O	O	_	_	NoSpaceAfter	_	_	_
,	O	O	O	O	O	O	_	_	_	_	_	_
dans	O	O	O	O	O	O	_	_	EndOfLine	_	_	_
# segment_iiif_link = https://impresso-project.ch/api/proxy/iiif/EXP-1968-12-21-a-p0001/50,795,545,41/full/0/default.jpg
la	O	O	O	O	O	O	_	_	_	_	_	_
conquête	O	O	O	O	O	O	_	_	_	_	_	_
de	O	O	O	O	O	O	_	_	_	_	_	_
l	O	O	O	O	O	O	_	_	NoSpaceAfter	_	_	_
'	O	O	O	O	O	O	_	_	NoSpaceAfter	_	_	_
espace	O	O	O	O	O	O	_	_	NoSpaceAfter	_	_	_
,	O	O	O	O	O	O	_	_	_	_	_	_
réalisant	O	O	O	O	O	O	_	_	_	_	_	_
un	O	O	O	O	O	O	_	_	_	_	_	_
rêve	O	O	O	O	O	O	_	_	_	_	_	_
vieux	O	O	O	O	O	O	_	_	_	_	_	_
comme	O	O	O	O	O	O	_	_	_	_	_	_
le	O	O	O	O	O	O	_	_	_	_	_	_
monde	O	O	O	O	O	O	_	_	_	_	_	_
en	O	O	O	O	O	O	_	_	EndOfLine	_	_	_
# segment_iiif_link = https://impresso-project.ch/api/proxy/iiif/EXP-1968-12-21-a-p0001/49,812,546,42/full/0/default.jpg
envoyant	O	O	O	O	O	O	_	_	_	_	_	_
trois	O	O	O	O	O	O	_	_	_	_	_	_
astronautes	O	O	O	O	O	O	_	_	_	_	_	_
à	O	O	O	O	O	O	_	_	_	_	_	_
bord	O	O	O	O	O	O	_	_	_	_	_	_
d	O	O	O	O	O	O	_	_	_	_	_	_
'	O	O	O	O	O	O	_	_	NoSpaceAfter	_	_	_
«	O	O	O	O	O	O	_	_	_	_	_	_
Apollo	O	O	O	O	O	O	_	_	_	_	_	_
»	O	O	O	O	O	O	_	_	_	_	_	_
aller	O	O	O	O	O	O	_	_	_	_	_	_
voir	O	O	O	O	O	O	_	_	_	_	_	_
de	O	O	O	O	O	O	_	_	_	_	_	_
près	O	O	O	O	O	O	_	_	_	_	_	_
ce	O	O	O	O	O	O	_	_	EndOfLine	_	_	_
# segment_iiif_link = https://impresso-project.ch/api/proxy/iiif/EXP-1968-12-21-a-p0001/49,830,195,41/full/0/default.jpg
qui	O	O	O	O	O	O	_	_	_	_	_	_
se	O	O	O	O	O	O	_	_	_	_	_	_
passe	O	O	O	O	O	O	_	_	_	_	_	_
dans	O	O	O	O	O	O	_	_	_	_	_	_
la	O	O	O	O	O	O	_	_	_	_	_	_
lune	O	O	O	O	O	O	_	_	NoSpaceAfter	_	_	_
.	O	O	O	O	O	O	_	_	EndOfLine	EndOfSentence	_	_
# segment_iiif_link = https://impresso-project.ch/api/proxy/iiif/EXP-1968-12-21-a-p0001/61,846,250,38/full/0/default.jpg
L	O	O	O	O	O	O	_	_	NoSpaceAfter	_	_	_
'	O	O	O	O	O	O	_	_	NoSpaceAfter	_	_	_
heure	O	O	O	O	O	O	_	_	_	_	_	_
du	O	O	O	O	O	O	_	_	_	_	_	_
lancement	O	O	O	O	O	O	_	_	_	_	_	_
demeure	O	O	O	O	O	O	_	_	_	_	_	_
fixée	O	O	O	O	O	O	_	_	_	_	_	_
à	O	O	O	O	O	O	_	_	EndOfLine	_	_	_
# segment_iiif_link = https://impresso-project.ch/api/proxy/iiif/EXP-1968-12-21-a-p0001/50,859,262,38/full/0/default.jpg
13	O	O	O	O	O	O	_	_	_	_	_	_
h	O	O	O	O	O	O	_	_	_	_	_	_
51	O	O	O	O	O	O	_	_	NoSpaceAfter	_	_	_
,	O	O	O	O	O	O	_	_	_	_	_	_
heure	O	O	O	O	O	O	_	_	_	_	_	_
suisse	O	O	O	O	O	O	_	_	NoSpaceAfter	_	_	_
,	O	O	O	O	O	O	_	_	_	_	_	_
au	O	O	O	O	O	O	_	_	_	_	_	_
Cap	O	O	O	O	O	O	_	_	NoSpaceAfter	_	_	_
-	O	O	O	O	O	O	_	_	NoSpaceAfter	_	_	_
Kennedy	O	O	O	O	O	O	_	_	NoSpaceAfter	_	_	_
.	O	O	O	O	O	O	_	_	EndOfLine	EndOfSentence	_	_
# segment_iiif_link = https://impresso-project.ch/api/proxy/iiif/EXP-1968-12-21-a-p0001/49,871,262,38/full/0/default.jpg
Les	O	O	O	O	O	O	_	_	_	_	_	_
astronautes	O	O	O	O	O	O	_	_	_	_	_	_
Frank	O	O	O	O	O	O	_	_	_	_	_	_
Borman	O	O	O	O	O	O	_	_	NoSpaceAfter	_	_	_
,	O	O	O	O	O	O	_	_	_	_	_	_
James	O	O	O	O	O	O	_	_	EndOfLine	_	_	_
# segment_iiif_link = https://impresso-project.ch/api/proxy/iiif/EXP-1968-12-21-a-p0001/49,884,262,38/full/0/default.jpg
Lovell	O	O	O	O	O	O	_	_	_	_	_	_
et	O	O	O	O	O	O	_	_	_	_	_	_
William	O	O	O	O	O	O	_	_	_	_	_	_
Anders	O	O	O	O	O	O	_	_	_	_	_	_
ont	O	O	O	O	O	O	_	_	_	_	_	_
parfait	O	O	O	O	O	O	_	_	_	_	_	_
leui	O	O	O	O	O	O	_	_	EndOfLine	_	_	_
# segment_iiif_link = https://impresso-project.ch/api/proxy/iiif/EXP-1968-12-21-a-p0001/49,896,261,38/full/0/default.jpg
entraînement	O	O	O	O	O	O	_	_	_	_	_	_
dans	O	O	O	O	O	O	_	_	_	_	_	_
des	O	O	O	O	O	O	_	_	_	_	_	_
simulateurs	O	O	O	O	O	O	_	_	_	_	_	_
de	O	O	O	O	O	O	_	_	_	_	_	_
vol	O	O	O	O	O	O	_	_	EndOfLine	_	_	_
# segment_iiif_link = https://impresso-project.ch/api/proxy/iiif/EXP-1968-12-21-a-p0001/49,908,262,38/full/0/default.jpg
pendant	O	O	O	O	O	O	_	_	_	_	_	_
que	O	O	O	O	O	O	_	_	_	_	_	_
se	O	O	O	O	O	O	_	_	_	_	_	_
déroulait	O	O	O	O	O	O	_	_	_	_	_	_
le	O	O	O	O	O	O	_	_	_	_	_	_
compte	O	O	O	O	O	O	_	_	_	_	_	_
à	O	O	O	O	O	O	_	_	EndOfLine	_	_	_
# segment_iiif_link = https://impresso-project.ch/api/proxy/iiif/EXP-1968-12-21-a-p0001/49,921,263,38/full/0/default.jpg
rebours	O	O	O	O	O	O	_	_	NoSpaceAfter	_	_	_
,	O	O	O	O	O	O	_	_	_	_	_	_
étalé	O	O	O	O	O	O	_	_	_	_	_	_
sur	O	O	O	O	O	O	_	_	_	_	_	_
une	O	O	O	O	O	O	_	_	_	_	_	_
semaine	O	O	O	O	O	O	_	_	_	_	_	_
et	O	O	O	O	O	O	_	_	_	_	_	_
qui	O	O	O	O	O	O	_	_	_	_	_	_
n	O	O	O	O	O	O	_	_	NoSpaceAfter	_	_	_
'	O	O	O	O	O	O	_	_	NoSpaceAfter	_	_	_
a	O	O	O	O	O	O	_	_	_	_	_	_
été	O	O	O	O	O	O	_	_	EndOfLine	_	_	_
# segment_iiif_link = https://impresso-project.ch/api/proxy/iiif/EXP-1968-12-21-a-p0001/50,933,261,38/full/0/default.jpg
marqué	O	O	O	O	O	O	_	_	_	_	_	_
jusqu	O	O	O	O	O	O	_	_	NoSpaceAfter	_	_	_
'	O	O	O	O	O	O	_	_	NoSpaceAfter	_	_	_
à	O	O	O	O	O	O	_	_	_	_	_	_
présent	O	O	O	O	O	O	_	_	_	_	_	_
que	O	O	O	O	O	O	_	_	_	_	_	_
d	O	O	O	O	O	O	_	_	NoSpaceAfter	_	_	_
'	O	O	O	O	O	O	_	_	NoSpaceAfter	_	_	_
incident	O	O	O	O	O	O	_	_	EndOfLine	_	_	_
# segment_iiif_link = https://impresso-project.ch/api/proxy/iiif/EXP-1968-12-21-a-p0001/50,946,260,38/full/0/default.jpg
mineurs	O	O	O	O	O	O	_	_	NoSpaceAfter	_	_	_
.	O	O	O	O	O	O	_	_	_	EndOfSentence	_	_
Ils	O	O	O	O	O	O	_	_	_	_	_	_
étaient	O	O	O	O	O	O	_	_	NoSpaceAfter	_	_	_
,	O	O	O	O	O	O	_	_	_	_	_	_
hier	O	O	O	O	O	O	_	_	NoSpaceAfter	_	_	_
,	O	O	O	O	O	O	_	_	_	_	_	_
fins	O	O	O	O	O	O	_	_	_	_	_	_
prêts	O	O	O	O	O	O	_	_	_	_	_	_
et	O	O	O	O	O	O	_	_	EndOfLine	_	_	_
# segment_iiif_link = https://impresso-project.ch/api/proxy/iiif/EXP-1968-12-21-a-p0001/50,958,261,38/full/0/default.jpg
avaient	O	O	O	O	O	O	_	_	_	_	_	_
droit	O	O	O	O	O	O	_	_	_	_	_	_
à	O	O	O	O	O	O	_	_	_	_	_	_
une	O	O	O	O	O	O	_	_	_	_	_	_
courte	O	O	O	O	O	O	_	_	_	_	_	_
«	O	O	O	O	O	O	_	_	_	_	_	_
permission	O	O	O	O	O	O	_	_	_	_	_	_
de	O	O	O	O	O	O	_	_	EndOfLine	_	_	_
# segment_iiif_link = https://impresso-project.ch/api/proxy/iiif/EXP-1968-12-21-a-p0001/50,971,261,38/full/0/default.jpg
détente	O	O	O	O	O	O	_	_	_	_	_	_
»	O	O	O	O	O	O	_	_	NoSpaceAfter	_	_	_
,	O	O	O	O	O	O	_	_	_	_	_	_
car	O	O	O	O	O	O	_	_	_	_	_	_
il	O	O	O	O	O	O	_	_	_	_	_	_
leur	O	O	O	O	O	O	_	_	_	_	_	_
fallait	O	O	O	O	O	O	_	_	_	_	_	_
aller	O	O	O	O	O	O	_	_	_	_	_	_
dormir	O	O	O	O	O	O	_	_	EndOfLine	_	_	_
# segment_iiif_link = https://impresso-project.ch/api/proxy/iiif/EXP-1968-12-21-a-p0001/50,983,261,38/full/0/default.jpg
tic	O	O	O	O	O	O	_	_	_	_	_	_
bonne	O	O	O	O	O	O	_	_	_	_	_	_
heure	O	O	O	O	O	O	_	_	NoSpaceAfter	_	_	_
.	O	O	O	O	O	O	_	_	_	EndOfSentence	_	_
Ils	O	O	O	O	O	O	_	_	_	_	_	_
devaient	O	O	O	O	O	O	_	_	_	_	_	_
être	O	O	O	O	O	O	_	_	_	_	_	_
réveillés	O	O	O	O	O	O	_	_	EndOfLine	_	_	_
# segment_iiif_link = https://impresso-project.ch/api/proxy/iiif/EXP-1968-12-21-a-p0001/50,995,260,38/full/0/default.jpg
ii	O	O	O	O	O	O	_	_	_	_	_	_
8	O	O	O	O	O	O	_	_	_	_	_	_
Ii	O	O	O	O	O	O	_	_	_	_	_	_
30	O	O	O	O	O	O	_	_	_	_	_	_
et	O	O	O	O	O	O	_	_	_	_	_	_
gagner	O	O	O	O	O	O	_	_	_	_	_	_
peu	O	O	O	O	O	O	_	_	_	_	_	_
après	O	O	O	O	O	O	_	_	_	_	_	_
la	O	O	O	O	O	O	_	_	EndOfLine	_	_	_
# segment_iiif_link = https://impresso-project.ch/api/proxy/iiif/EXP-1968-12-21-a-p0001/50,1008,117,38/full/0/default.jpg
plateforme	O	O	O	O	O	O	_	_	_	_	_	_
de	O	O	O	O	O	O	_	_	_	_	_	_
lancement	O	O	O	O	O	O	_	_	NoSpaceAfter	_	_	_
.	O	O	O	O	O	O	_	_	EndOfLine	EndOfSentence	_	_
# segment_iiif_link = https://impresso-project.ch/api/proxy/iiif/EXP-1968-12-21-a-p0001/352,870,229,37/full/0/default.jpg
(	O	O	O	O	O	O	_	_	NoSpaceAfter	_	_	_
Lire	O	O	O	O	O	O	_	_	_	_	_	_
la	O	O	O	O	O	O	_	_	_	_	_	_
suite	O	O	O	O	O	O	_	_	_	_	_	_
en	O	O	O	O	O	O	_	_	_	_	_	_
dernière	O	O	O	O	O	O	_	_	_	_	_	_
page	O	O	O	O	O	O	_	_	NoSpaceAfter	_	_	_
)	O	O	O	O	O	O	_	_	EndOfLine	EndOfSentence	_	_
# segment_iiif_link = https://impresso-project.ch/api/proxy/iiif/EXP-1968-12-21-a-p0001/1192,1174,545,38/full/0/default.jpg
Sous	O	O	O	O	O	O	_	_	_	_	_	_
le	O	O	O	O	O	O	_	_	_	_	_	_
feu	O	O	O	O	O	O	_	_	_	_	_	_
des	O	O	O	O	O	O	_	_	_	_	_	_
projecteurs	O	O	O	O	O	O	_	_	_	_	_	_
qui	O	O	O	O	O	O	_	_	_	_	_	_
éclairent	O	O	O	O	O	O	_	_	_	_	_	_
l	O	O	O	O	O	O	_	_	NoSpaceAfter	_	_	_
'	O	O	O	O	O	O	_	_	NoSpaceAfter	_	_	_
aire	O	O	O	O	O	O	_	_	_	_	_	_
de	O	O	O	O	O	O	_	_	_	_	_	_
lancement	O	O	O	O	O	O	_	_	_	_	_	_
comme	O	O	O	O	O	O	_	_	_	_	_	_
en	O	O	O	O	O	O	_	_	_	_	_	_
plein	O	O	O	O	O	O	_	_	EndOfLine	_	_	_
# segment_iiif_link = https://impresso-project.ch/api/proxy/iiif/EXP-1968-12-21-a-p0001/1372,1189,346,38/full/0/default.jpg
jour	O	O	O	O	O	O	_	_	NoSpaceAfter	_	_	_
,	O	O	O	O	O	O	_	_	_	_	_	_
«	O	O	O	O	O	O	_	_	_	_	_	_
c	O	O	O	O	O	O	_	_	_	_	_	_
Saturne	O	O	O	O	O	O	_	_	_	_	_	_
5	O	O	O	O	O	O	_	_	_	_	_	_
»	O	O	O	O	O	O	_	_	_	_	_	_
attend	O	O	O	O	O	O	_	_	NoSpaceAfter	_	_	_
.	O	O	O	O	O	O	_	_	_	EndOfSentence	_	_
»	O	O	O	O	O	O	_	_	_	_	_	_
(	O	O	O	O	O	O	_	_	NoSpaceAfter	_	_	_
Téléphoto	O	O	O	O	O	O	_	_	_	_	_	_
AP	B-org	O	B-org.ent.pressagency.AP	O	O	O	Q40469	_	NoSpaceAfter	_	LED0.00	_
)	O	O	O	O	O	O	_	_	EndOfLine	EndOfSentence	_	_

# language = fr
# newspaper = EXP
# date = 1969-07-03
# document_id = EXP-1969-07-03-a-i0447
# news-agency-as-source = Q40464, Q430109
# segment_iiif_link = https://impresso-project.ch/api/proxy/iiif/EXP-1969-07-03-a-p0024/406,1841,110,55/full/0/default.jpg
Embarras	O	O	O	O	O	O	_	_	EndOfLine	_	_	_
# segment_iiif_link = https://impresso-project.ch/api/proxy/iiif/EXP-1969-07-03-a-p0024/350,1874,231,36/full/0/default.jpg
LONDRES	O	O	O	O	O	O	_	_	_	_	_	_
(	O	O	O	O	O	O	_	_	NoSpaceAfter	_	_	_
ATS	O	O	O	O	O	O	Q430109	_	NoSpaceAfter	_	LED0.00	_
-	O	O	O	O	O	O	_	_	NoSpaceAfter	_	_	_
AFP	B-org	O	B-org.ent.pressagency.AFP	O	O	O	Q40464	_	NoSpaceAfter	_	LED0.00	_
)	O	O	O	O	O	O	_	_	NoSpaceAfter	_	_	_
.	B-org	O	B-org.ent.pressagency.ATS-SDA	O	O	O	_	_	NoSpaceAfter	EndOfSentence	_	_
-	O	O	O	O	O	O	_	_	NoSpaceAfter	_	_	_
Les	O	O	O	O	O	O	_	_	EndOfLine	_	_	_
# segment_iiif_link = https://impresso-project.ch/api/proxy/iiif/EXP-1969-07-03-a-p0024/337,1887,244,36/full/0/default.jpg
_	O	O	O	O	O	O	_	_	NoSpaceAfter	_	_	_
déclarntions	O	O	O	O	O	O	_	_	_	_	_	_
du	O	O	O	O	O	O	_	_	_	_	_	_
président	O	O	O	O	O	O	_	_	_	_	_	_
du	O	O	O	O	O	O	_	_	_	_	_	_
Comité	O	O	O	O	O	O	_	_	EndOfLine	_	_	_
# segment_iiif_link = https://impresso-project.ch/api/proxy/iiif/EXP-1969-07-03-a-p0024/337,1900,244,35/full/0/default.jpg
international	O	O	O	O	O	O	_	_	_	_	_	_
dc	O	O	O	O	O	O	_	_	_	_	_	_
la	O	O	O	O	O	O	_	_	_	_	_	_
Croix	O	O	O	O	O	O	_	_	NoSpaceAfter	_	_	_
-	O	O	O	O	O	O	_	_	NoSpaceAfter	_	_	_
Rouge	O	O	O	O	O	O	_	_	NoSpaceAfter	_	_	_
,	O	O	O	O	O	O	_	_	_	_	_	_
M	O	O	O	O	O	O	_	_	NoSpaceAfter	_	_	_
.	O	O	O	O	O	O	_	_	EndOfLine	_	_	_
# segment_iiif_link = https://impresso-project.ch/api/proxy/iiif/EXP-1969-07-03-a-p0024/338,1912,243,36/full/0/default.jpg
Na	O	O	O	O	O	O	_	_	NoSpaceAfter	_	_	_
-	O	O	O	O	O	O	_	_	NoSpaceAfter	_	_	_
\	O	O	O	O	O	O	_	_	_	_	_	_
ille	O	O	O	O	O	O	_	_	NoSpaceAfter	_	_	_
.	O	O	O	O	O	O	_	_	_	EndOfSentence	_	_
mettant	O	O	O	O	O	O	_	_	_	_	_	_
eu	O	O	O	O	O	O	_	_	_	_	_	_
cause	O	O	O	O	O	O	_	_	_	_	_	_
«	O	O	O	O	O	O	_	_	_	_	_	_
certaines	O	O	O	O	O	O	_	_	EndOfLine	_	_	_
# segment_iiif_link = https://impresso-project.ch/api/proxy/iiif/EXP-1969-07-03-a-p0024/337,1925,243,35/full/0/default.jpg
puissances	O	O	O	O	O	O	_	_	_	_	_	_
non	O	O	O	O	O	O	_	_	_	_	_	_
africaines	O	O	O	O	O	O	_	_	_	_	_	_
»	O	O	O	O	O	O	_	_	_	_	_	_
pour	O	O	O	O	O	O	_	_	_	_	_	_
leur	O	O	O	O	O	O	_	_	EndOfLine	_	_	_
# segment_iiif_link = https://impresso-project.ch/api/proxy/iiif/EXP-1969-07-03-a-p0024/338,1938,243,35/full/0/default.jpg
attitude	O	O	O	O	O	O	_	_	_	_	_	_
à	O	O	O	O	O	O	_	_	_	_	_	_
l	O	O	O	O	O	O	_	_	NoSpaceAfter	_	_	_
'	O	O	O	O	O	O	_	_	NoSpaceAfter	_	_	_
égard	O	O	O	O	O	O	_	_	_	_	_	_
du	O	O	O	O	O	O	_	_	_	_	_	_
conflit	O	O	O	O	O	O	_	_	_	_	_	_
nigéro	O	O	O	O	O	O	_	_	NoSpaceAfter	_	_	_
-	O	O	O	O	O	O	_	_	NoSpaceAfter	_	_	_
biafrais	O	O	O	O	O	O	_	_	EndOfLine	_	_	_
# segment_iiif_link = https://impresso-project.ch/api/proxy/iiif/EXP-1969-07-03-a-p0024/337,1951,245,35/full/0/default.jpg
ont	O	O	O	O	O	O	_	_	_	_	_	_
suscité	O	O	O	O	O	O	_	_	_	_	_	_
un	O	O	O	O	O	O	_	_	_	_	_	_
vif	O	O	O	O	O	O	_	_	_	_	_	_
embarras	O	O	O	O	O	O	_	_	_	_	_	_
dans	O	O	O	O	O	O	_	_	_	_	_	_
les	O	O	O	O	O	O	_	_	EndOfLine	_	_	_
# segment_iiif_link = https://impresso-project.ch/api/proxy/iiif/EXP-1969-07-03-a-p0024/337,1963,245,36/full/0/default.jpg
milieux	O	O	O	O	O	O	_	_	_	_	_	_
officiels	O	O	O	O	O	O	_	_	_	_	_	_
britanniques	O	O	O	O	O	O	_	_	NoSpaceAfter	_	_	_
.	O	O	O	O	O	O	_	_	_	EndOfSentence	_	_
On	O	O	O	O	O	O	_	_	_	_	_	_
y	O	O	O	O	O	O	_	_	EndOfLine	_	_	_
# segment_iiif_link = https://impresso-project.ch/api/proxy/iiif/EXP-1969-07-03-a-p0024/338,1976,244,36/full/0/default.jpg
affecte	O	O	O	O	O	O	_	_	_	_	_	_
toutefois	O	O	O	O	O	O	_	_	_	_	_	_
de	O	O	O	O	O	O	_	_	_	_	_	_
ne	O	O	O	O	O	O	_	_	_	_	_	_
pas	O	O	O	O	O	O	_	_	_	_	_	_
se	O	O	O	O	O	O	_	_	_	_	_	_
sentir	O	O	O	O	O	O	_	_	_	_	_	_
visé	O	O	O	O	O	O	_	_	EndOfLine	_	_	_
# segment_iiif_link = https://impresso-project.ch/api/proxy/iiif/EXP-1969-07-03-a-p0024/337,1989,246,35/full/0/default.jpg
et	O	O	O	O	O	O	_	_	_	_	_	_
l	O	O	O	O	O	O	_	_	NoSpaceAfter	_	_	_
'	O	O	O	O	O	O	_	_	NoSpaceAfter	_	_	_
on	O	O	O	O	O	O	_	_	_	_	_	_
affirme	O	O	O	O	O	O	_	_	_	_	_	_
que	O	O	O	O	O	O	_	_	_	_	_	_
les	O	O	O	O	O	O	_	_	_	_	_	_
commentaires	O	O	O	O	O	O	_	_	EndOfLine	_	_	_
# segment_iiif_link = https://impresso-project.ch/api/proxy/iiif/EXP-1969-07-03-a-p0024/338,2001,244,36/full/0/default.jpg
de	O	O	O	O	O	O	_	_	_	_	_	_
M	O	O	O	O	O	O	_	_	NoSpaceAfter	_	_	_
.	O	O	O	O	O	O	_	_	_	_	_	_
Navllle	O	O	O	O	O	O	_	_	_	_	_	_
sur	O	O	O	O	O	O	_	_	_	_	_	_
les	O	O	O	O	O	O	_	_	_	_	_	_
mesurei	O	O	O	O	O	O	_	_	_	_	_	_
prises	O	O	O	O	O	O	_	_	EndOfLine	_	_	_
# segment_iiif_link = https://impresso-project.ch/api/proxy/iiif/EXP-1969-07-03-a-p0024/337,2014,245,35/full/0/default.jpg
par	O	O	O	O	O	O	_	_	_	_	_	_
le	O	O	O	O	O	O	_	_	_	_	_	_
gouvernement	O	O	O	O	O	O	_	_	_	_	_	_
de	O	O	O	O	O	O	_	_	_	_	_	_
Lagos	O	O	O	O	O	O	_	_	_	_	_	_
contre	O	O	O	O	O	O	_	_	EndOfLine	_	_	_
# segment_iiif_link = https://impresso-project.ch/api/proxy/iiif/EXP-1969-07-03-a-p0024/338,2027,244,35/full/0/default.jpg
le	O	O	O	O	O	O	_	_	_	_	_	_
ClCR	O	O	O	O	O	O	_	_	_	_	_	_
sont	O	O	O	O	O	O	_	_	_	_	_	_
fondées	O	O	O	O	O	O	_	_	_	_	_	_
sur	O	O	O	O	O	O	_	_	_	_	_	_
une	O	O	O	O	O	O	_	_	EndOfLine	_	_	_
# segment_iiif_link = https://impresso-project.ch/api/proxy/iiif/EXP-1969-07-03-a-p0024/338,2039,245,36/full/0/default.jpg
appréciation	O	O	O	O	O	O	_	_	_	_	_	_
hâtive	O	O	O	O	O	O	_	_	_	_	_	_
ct	O	O	O	O	O	O	_	_	_	_	_	_
inexacte	O	O	O	O	O	O	_	_	_	_	_	_
de	O	O	O	O	O	O	_	_	_	_	_	_
la	O	O	O	O	O	O	_	_	EndOfLine	_	_	_
# segment_iiif_link = https://impresso-project.ch/api/proxy/iiif/EXP-1969-07-03-a-p0024/338,2051,26,36/full/0/default.jpg
situation	O	O	O	O	O	O	_	_	NoSpaceAfter	_	_	_
.	O	O	O	O	O	O	_	_	EndOfLine	EndOfSentence	_	_

# language = fr
# newspaper = EXP
# date = 1973-12-11
# document_id = EXP-1973-12-11-a-i0374
# news-agency-as-source = Q40469
# segment_iiif_link = https://impresso-project.ch/api/proxy/iiif/EXP-1973-12-11-a-p0020/687,1304,133,55/full/0/default.jpg
Cyclone	O	O	O	O	O	O	_	_	_	_	_	_
au	O	O	O	O	O	O	_	_	EndOfLine	_	_	_
# segment_iiif_link = https://impresso-project.ch/api/proxy/iiif/EXP-1973-12-11-a-p0020/674,1333,165,55/full/0/default.jpg
Bangla	O	O	O	O	O	O	_	_	NoSpaceAfter	_	_	_
-	O	O	O	O	O	O	_	_	NoSpaceAfter	_	_	_
Desh	O	O	O	O	O	O	_	_	_	_	_	_
:	O	O	O	O	O	O	_	_	EndOfLine	_	_	_
# segment_iiif_link = https://impresso-project.ch/api/proxy/iiif/EXP-1973-12-11-a-p0020/619,1362,267,55/full/0/default.jpg
un	O	O	O	O	O	O	_	_	_	_	_	_
millier	O	O	O	O	O	O	_	_	_	_	_	_
de	O	O	O	O	O	O	_	_	_	_	_	_
disparus	O	O	O	O	O	O	_	_	EndOfLine	_	_	_
# segment_iiif_link = https://impresso-project.ch/api/proxy/iiif/EXP-1973-12-11-a-p0020/632,1393,254,40/full/0/default.jpg
DACCA	O	O	O	O	O	O	_	_	_	_	_	_
(	O	O	O	O	O	O	_	_	NoSpaceAfter	_	_	_
AP	B-org	O	B-org.ent.pressagency.AP	O	O	O	Q40469	_	NoSpaceAfter	_	LED0.00	_
)	O	O	O	O	O	O	_	_	NoSpaceAfter	_	_	_
.	O	O	O	O	O	O	_	_	_	EndOfSentence	_	_
—	O	O	O	O	O	O	_	_	_	_	_	_
Un	O	O	O	O	O	O	_	_	_	_	_	_
terrible	O	O	O	O	O	O	_	_	EndOfLine	_	_	_
# segment_iiif_link = https://impresso-project.ch/api/proxy/iiif/EXP-1973-12-11-a-p0020/618,1408,268,40/full/0/default.jpg
cyclone	O	O	O	O	O	O	_	_	_	_	_	_
s	O	O	O	O	O	O	_	_	NoSpaceAfter	_	_	_
'	O	O	O	O	O	O	_	_	NoSpaceAfter	_	_	_
est	O	O	O	O	O	O	_	_	_	_	_	_
abattu	O	O	O	O	O	O	_	_	_	_	_	_
dimanche	O	O	O	O	O	O	_	_	_	_	_	_
sur	O	O	O	O	O	O	_	_	_	_	_	_
les	O	O	O	O	O	O	_	_	_	_	_	_
côtes	O	O	O	O	O	O	_	_	EndOfLine	_	_	_
# segment_iiif_link = https://impresso-project.ch/api/proxy/iiif/EXP-1973-12-11-a-p0020/618,1422,268,40/full/0/default.jpg
du	O	O	O	O	O	O	_	_	_	_	_	_
Bangla	O	O	O	O	O	O	_	_	NoSpaceAfter	_	_	_
-	O	O	O	O	O	O	_	_	NoSpaceAfter	_	_	_
Desh	O	O	O	O	O	O	_	_	_	_	_	_
alors	O	O	O	O	O	O	_	_	_	_	_	_
que	O	O	O	O	O	O	_	_	_	_	_	_
plusieurs	O	O	O	O	O	O	_	_	EndOfLine	_	_	_
# segment_iiif_link = https://impresso-project.ch/api/proxy/iiif/EXP-1973-12-11-a-p0020/618,1436,268,40/full/0/default.jpg
centaines	O	O	O	O	O	O	_	_	_	_	_	_
de	O	O	O	O	O	O	_	_	_	_	_	_
barques	O	O	O	O	O	O	_	_	_	_	_	_
de	O	O	O	O	O	O	_	_	_	_	_	_
pêche	O	O	O	O	O	O	_	_	_	_	_	_
avaient	O	O	O	O	O	O	_	_	_	_	_	_
pris	O	O	O	O	O	O	_	_	EndOfLine	_	_	_
# segment_iiif_link = https://impresso-project.ch/api/proxy/iiif/EXP-1973-12-11-a-p0020/618,1451,268,40/full/0/default.jpg
la	O	O	O	O	O	O	_	_	_	_	_	_
mer	O	O	O	O	O	O	_	_	_	_	_	_
et	O	O	O	O	O	O	_	_	_	_	_	_
un	O	O	O	O	O	O	_	_	_	_	_	_
millier	O	O	O	O	O	O	_	_	_	_	_	_
de	O	O	O	O	O	O	_	_	_	_	_	_
pêcheurs	O	O	O	O	O	O	_	_	_	_	_	_
sont	O	O	O	O	O	O	_	_	EndOfLine	_	_	_
# segment_iiif_link = https://impresso-project.ch/api/proxy/iiif/EXP-1973-12-11-a-p0020/618,1465,99,40/full/0/default.jpg
portés	O	O	O	O	O	O	_	_	_	_	_	_
disparus	O	O	O	O	O	O	_	_	NoSpaceAfter	_	_	_
.	O	O	O	O	O	O	_	_	EndOfLine	EndOfSentence	_	_
# segment_iiif_link = https://impresso-project.ch/api/proxy/iiif/EXP-1973-12-11-a-p0020/632,1480,254,40/full/0/default.jpg
Le	O	O	O	O	O	O	_	_	_	_	_	_
bilan	O	O	O	O	O	O	_	_	_	_	_	_
officiel	O	O	O	O	O	O	_	_	_	_	_	_
n	O	O	O	O	O	O	_	_	NoSpaceAfter	_	_	_
'	O	O	O	O	O	O	_	_	NoSpaceAfter	_	_	_
est	O	O	O	O	O	O	_	_	_	_	_	_
encore	O	O	O	O	O	O	_	_	_	_	_	_
que	O	O	O	O	O	O	_	_	_	_	_	_
de	O	O	O	O	O	O	_	_	EndOfLine	_	_	_
# segment_iiif_link = https://impresso-project.ch/api/proxy/iiif/EXP-1973-12-11-a-p0020/618,1494,268,40/full/0/default.jpg
20	O	O	O	O	O	O	_	_	_	_	_	_
morts	O	O	O	O	O	O	_	_	NoSpaceAfter	_	_	_
,	O	O	O	O	O	O	_	_	_	_	_	_
mais	O	O	O	O	O	O	_	_	_	_	_	_
le	O	O	O	O	O	O	_	_	_	_	_	_
rétablissement	O	O	O	O	O	O	_	_	_	_	_	_
des	O	O	O	O	O	O	_	_	EndOfLine	_	_	_
# segment_iiif_link = https://impresso-project.ch/api/proxy/iiif/EXP-1973-12-11-a-p0020/619,1508,267,40/full/0/default.jpg
communications	O	O	O	O	O	O	_	_	_	_	_	_
qui	O	O	O	O	O	O	_	_	_	_	_	_
avaient	O	O	O	O	O	O	_	_	_	_	_	_
été	O	O	O	O	O	O	_	_	_	_	_	_
coupées	O	O	O	O	O	O	_	_	EndOfLine	_	_	_
# segment_iiif_link = https://impresso-project.ch/api/proxy/iiif/EXP-1973-12-11-a-p0020/618,1523,267,40/full/0/default.jpg
avec	O	O	O	O	O	O	_	_	_	_	_	_
les	O	O	O	O	O	O	_	_	_	_	_	_
régions	O	O	O	O	O	O	_	_	_	_	_	_
sinistrées	O	O	O	O	O	O	_	_	_	_	_	_
devrait	O	O	O	O	O	O	_	_	EndOfLine	_	_	_
# segment_iiif_link = https://impresso-project.ch/api/proxy/iiif/EXP-1973-12-11-a-p0020/618,1537,268,40/full/0/default.jpg
aboutir	O	O	O	O	O	O	_	_	_	_	_	_
à	O	O	O	O	O	O	_	_	_	_	_	_
une	O	O	O	O	O	O	_	_	_	_	_	_
aggravation	O	O	O	O	O	O	_	_	_	_	_	_
substantielle	O	O	O	O	O	O	_	_	_	_	_	_
de	O	O	O	O	O	O	_	_	_	_	_	_
ce	O	O	O	O	O	O	_	_	EndOfLine	_	_	_
# segment_iiif_link = https://impresso-project.ch/api/proxy/iiif/EXP-1973-12-11-a-p0020/619,1551,44,40/full/0/default.jpg
chiffre	O	O	O	O	O	O	_	_	NoSpaceAfter	_	_	_
.	O	O	O	O	O	O	_	_	EndOfLine	EndOfSentence	_	_
# segment_iiif_link = https://impresso-project.ch/api/proxy/iiif/EXP-1973-12-11-a-p0020/632,1566,254,40/full/0/default.jpg
La	O	O	O	O	O	O	_	_	_	_	_	_
Croix	O	O	O	O	O	O	_	_	NoSpaceAfter	_	_	_
-	O	O	O	O	O	O	_	_	NoSpaceAfter	_	_	_
Rouge	O	O	O	O	O	O	_	_	_	_	_	_
du	O	O	O	O	O	O	_	_	_	_	_	_
Bangla	O	O	O	O	O	O	_	_	NoSpaceAfter	_	_	_
-	O	O	O	O	O	O	_	_	NoSpaceAfter	_	_	_
Desh	O	O	O	O	O	O	_	_	_	_	_	_
a	O	O	O	O	O	O	_	_	EndOfLine	_	_	_
# segment_iiif_link = https://impresso-project.ch/api/proxy/iiif/EXP-1973-12-11-a-p0020/618,1580,268,40/full/0/default.jpg
lancé	O	O	O	O	O	O	_	_	_	_	_	_
une	O	O	O	O	O	O	_	_	_	_	_	_
vaste	O	O	O	O	O	O	_	_	_	_	_	_
opération	O	O	O	O	O	O	_	_	_	_	_	_
de	O	O	O	O	O	O	_	_	_	_	_	_
secours	O	O	O	O	O	O	_	_	_	_	_	_
le	O	O	O	O	O	O	_	_	EndOfLine	_	_	_
# segment_iiif_link = https://impresso-project.ch/api/proxy/iiif/EXP-1973-12-11-a-p0020/617,1594,268,41/full/0/default.jpg
long	O	O	O	O	O	O	_	_	_	_	_	_
de	O	O	O	O	O	O	_	_	_	_	_	_
la	O	O	O	O	O	O	_	_	_	_	_	_
baie	O	O	O	O	O	O	_	_	_	_	_	_
du	O	O	O	O	O	O	_	_	_	_	_	_
Bengale	O	O	O	O	O	O	_	_	NoSpaceAfter	_	_	_
,	O	O	O	O	O	O	_	_	_	_	_	_
une	O	O	O	O	O	O	_	_	_	_	_	_
région	O	O	O	O	O	O	_	_	EndOfLine	_	_	_
# segment_iiif_link = https://impresso-project.ch/api/proxy/iiif/EXP-1973-12-11-a-p0020/618,1609,268,40/full/0/default.jpg
où	O	O	O	O	O	O	_	_	_	_	_	_
les	O	O	O	O	O	O	_	_	_	_	_	_
dépressions	O	O	O	O	O	O	_	_	_	_	_	_
tropicales	O	O	O	O	O	O	_	_	_	_	_	_
sont	O	O	O	O	O	O	_	_	EndOfLine	_	_	_
# segment_iiif_link = https://impresso-project.ch/api/proxy/iiif/EXP-1973-12-11-a-p0020/618,1623,133,40/full/0/default.jpg
endémiques	O	O	O	O	O	O	_	_	_	_	_	_
en	O	O	O	O	O	O	_	_	_	_	_	_
décembre	O	O	O	O	O	O	_	_	NoSpaceAfter	_	_	_
.	O	O	O	O	O	O	_	_	EndOfLine	EndOfSentence	_	_
# segment_iiif_link = https://impresso-project.ch/api/proxy/iiif/EXP-1973-12-11-a-p0020/632,1638,253,40/full/0/default.jpg
En	O	O	O	O	O	O	_	_	_	_	_	_
décembre	O	O	O	O	O	O	_	_	_	_	_	_
1970	O	O	O	O	O	O	_	_	NoSpaceAfter	_	_	_
,	O	O	O	O	O	O	_	_	_	_	_	_
un	O	O	O	O	O	O	_	_	_	_	_	_
cyclone	O	O	O	O	O	O	_	_	_	_	_	_
et	O	O	O	O	O	O	_	_	_	_	_	_
une	O	O	O	O	O	O	_	_	EndOfLine	_	_	_
# segment_iiif_link = https://impresso-project.ch/api/proxy/iiif/EXP-1973-12-11-a-p0020/618,1652,267,40/full/0/default.jpg
lame	O	O	O	O	O	O	_	_	_	_	_	_
de	O	O	O	O	O	O	_	_	_	_	_	_
fond	O	O	O	O	O	O	_	_	_	_	_	_
avaient	O	O	O	O	O	O	_	_	_	_	_	_
fait	O	O	O	O	O	O	_	_	_	_	_	_
quelque	O	O	O	O	O	O	_	_	EndOfLine	_	_	_
# segment_iiif_link = https://impresso-project.ch/api/proxy/iiif/EXP-1973-12-11-a-p0020/618,1666,268,41/full/0/default.jpg
300.000	O	O	O	O	O	O	_	_	_	_	_	_
morts	O	O	O	O	O	O	_	_	NoSpaceAfter	_	_	_
.	O	O	O	O	O	O	_	_	_	EndOfSentence	_	_
Depuis	O	O	O	O	O	O	_	_	NoSpaceAfter	_	_	_
,	O	O	O	O	O	O	_	_	_	_	_	_
des	O	O	O	O	O	O	_	_	_	_	_	_
digues	O	O	O	O	O	O	_	_	_	_	_	_
de	O	O	O	O	O	O	_	_	EndOfLine	_	_	_
# segment_iiif_link = https://impresso-project.ch/api/proxy/iiif/EXP-1973-12-11-a-p0020/617,1681,268,40/full/0/default.jpg
protection	O	O	O	O	O	O	_	_	_	_	_	_
ont	O	O	O	O	O	O	_	_	_	_	_	_
été	O	O	O	O	O	O	_	_	_	_	_	_
construites	O	O	O	O	O	O	_	_	_	_	_	_
en	O	O	O	O	O	O	_	_	_	_	_	_
de	O	O	O	O	O	O	_	_	EndOfLine	_	_	_
# segment_iiif_link = https://impresso-project.ch/api/proxy/iiif/EXP-1973-12-11-a-p0020/617,1695,268,40/full/0/default.jpg
nombreuses	O	O	O	O	O	O	_	_	_	_	_	_
régions	O	O	O	O	O	O	_	_	_	_	_	_
côtières	O	O	O	O	O	O	_	_	NoSpaceAfter	_	_	_
,	O	O	O	O	O	O	_	_	_	_	_	_
ce	O	O	O	O	O	O	_	_	_	_	_	_
qui	O	O	O	O	O	O	_	_	_	_	_	_
a	O	O	O	O	O	O	_	_	EndOfLine	_	_	_
# segment_iiif_link = https://impresso-project.ch/api/proxy/iiif/EXP-1973-12-11-a-p0020/618,1710,267,40/full/0/default.jpg
peut	O	O	O	O	O	O	_	_	NoSpaceAfter	_	_	_
-	O	O	O	O	O	O	_	_	NoSpaceAfter	_	_	_
être	O	O	O	O	O	O	_	_	_	_	_	_
empêché	O	O	O	O	O	O	_	_	_	_	_	_
une	O	O	O	O	O	O	_	_	_	_	_	_
nouvelle	O	O	O	O	O	O	_	_	EndOfLine	_	_	_
# segment_iiif_link = https://impresso-project.ch/api/proxy/iiif/EXP-1973-12-11-a-p0020/618,1724,99,40/full/0/default.jpg
trophe	O	O	O	O	O	O	_	_	_	_	_	_
majeure	O	O	O	O	O	O	_	_	NoSpaceAfter	_	_	_
.	O	O	O	O	O	O	_	_	EndOfLine	EndOfSentence	_	_
# segment_iiif_link = https://impresso-project.ch/api/proxy/iiif/EXP-1973-12-11-a-p0020/631,1738,254,40/full/0/default.jpg
Au	O	O	O	O	O	O	_	_	_	_	_	_
Bengale	O	O	O	O	O	O	_	_	_	_	_	_
indien	O	O	O	O	O	O	_	_	NoSpaceAfter	_	_	_
,	O	O	O	O	O	O	_	_	_	_	_	_
des	O	O	O	O	O	O	_	_	_	_	_	_
milliers	O	O	O	O	O	O	_	_	EndOfLine	_	_	_
# segment_iiif_link = https://impresso-project.ch/api/proxy/iiif/EXP-1973-12-11-a-p0020/617,1753,268,40/full/0/default.jpg
d	O	O	O	O	O	O	_	_	NoSpaceAfter	_	_	_
'	O	O	O	O	O	O	_	_	NoSpaceAfter	_	_	_
hectares	O	O	O	O	O	O	_	_	_	_	_	_
de	O	O	O	O	O	O	_	_	_	_	_	_
récoltes	O	O	O	O	O	O	_	_	_	_	_	_
ont	O	O	O	O	O	O	_	_	_	_	_	_
été	O	O	O	O	O	O	_	_	_	_	_	_
détruits	O	O	O	O	O	O	_	_	_	_	_	_
par	O	O	O	O	O	O	_	_	_	_	_	_
les	O	O	O	O	O	O	_	_	EndOfLine	_	_	_
# segment_iiif_link = https://impresso-project.ch/api/proxy/iiif/EXP-1973-12-11-a-p0020/617,1767,268,40/full/0/default.jpg
vents	O	O	O	O	O	O	_	_	_	_	_	_
violents	O	O	O	O	O	O	_	_	NoSpaceAfter	_	_	_
.	O	O	O	O	O	O	_	_	_	EndOfSentence	_	_
Un	O	O	O	O	O	O	_	_	_	_	_	_
navire	O	O	O	O	O	O	_	_	_	_	_	_
indien	O	O	O	O	O	O	_	_	_	_	_	_
a	O	O	O	O	O	O	_	_	_	_	_	_
été	O	O	O	O	O	O	_	_	EndOfLine	_	_	_
# segment_iiif_link = https://impresso-project.ch/api/proxy/iiif/EXP-1973-12-11-a-p0020/618,1782,267,40/full/0/default.jpg
abandonné	O	O	O	O	O	O	_	_	_	_	_	_
par	O	O	O	O	O	O	_	_	_	_	_	_
son	O	O	O	O	O	O	_	_	_	_	_	_
équipage	O	O	O	O	O	O	_	_	_	_	_	_
de	O	O	O	O	O	O	_	_	_	_	_	_
35	O	O	O	O	O	O	_	_	EndOfLine	_	_	_
# segment_iiif_link = https://impresso-project.ch/api/proxy/iiif/EXP-1973-12-11-a-p0020/617,1796,268,40/full/0/default.jpg
hommes	O	O	O	O	O	O	_	_	_	_	_	_
pendant	O	O	O	O	O	O	_	_	_	_	_	_
la	O	O	O	O	O	O	_	_	_	_	_	_
tourmente	O	O	O	O	O	O	_	_	NoSpaceAfter	_	_	_
.	O	O	O	O	O	O	_	_	_	EndOfSentence	_	_
Selon	O	O	O	O	O	O	_	_	_	_	_	_
les	O	O	O	O	O	O	_	_	EndOfLine	_	_	_
# segment_iiif_link = https://impresso-project.ch/api/proxy/iiif/EXP-1973-12-11-a-p0020/617,1810,268,40/full/0/default.jpg
derniers	O	O	O	O	O	O	_	_	_	_	_	_
renseignements	O	O	O	O	O	O	_	_	_	_	_	_
parvenus	O	O	O	O	O	O	_	_	_	_	_	_
à	O	O	O	O	O	O	_	_	EndOfLine	_	_	_
# segment_iiif_link = https://impresso-project.ch/api/proxy/iiif/EXP-1973-12-11-a-p0020/617,1824,268,40/full/0/default.jpg
Madras	O	O	O	O	O	O	_	_	NoSpaceAfter	_	_	_
,	O	O	O	O	O	O	_	_	_	_	_	_
29	O	O	O	O	O	O	_	_	_	_	_	_
hommes	O	O	O	O	O	O	_	_	_	_	_	_
ont	O	O	O	O	O	O	_	_	_	_	_	_
pu	O	O	O	O	O	O	_	_	_	_	_	_
être	O	O	O	O	O	O	_	_	_	_	_	_
sauvés	O	O	O	O	O	O	_	_	_	_	_	_
et	O	O	O	O	O	O	_	_	EndOfLine	_	_	_
# segment_iiif_link = https://impresso-project.ch/api/proxy/iiif/EXP-1973-12-11-a-p0020/617,1838,196,40/full/0/default.jpg
les	O	O	O	O	O	O	_	_	_	_	_	_
autres	O	O	O	O	O	O	_	_	_	_	_	_
sont	O	O	O	O	O	O	_	_	_	_	_	_
portés	O	O	O	O	O	O	_	_	_	_	_	_
disparus	O	O	O	O	O	O	_	_	NoSpaceAfter	_	_	_
.	O	O	O	O	O	O	_	_	EndOfLine	EndOfSentence	_	_

# language = fr
# newspaper = EXP
# date = 1984-03-23
# document_id = EXP-1984-03-23-a-i0385
# news-agency-as-source = Q40469
# segment_iiif_link = https://impresso-project.ch/api/proxy/iiif/EXP-1984-03-23-a-p0024/633,1331,204,50/full/0/default.jpg
CANTON	O	O	O	O	O	O	_	_	_	_	_	_
DE	O	O	O	O	O	O	_	_	_	_	_	_
BERNE	O	O	O	O	O	O	_	_	EndOfLine	_	_	_
# segment_iiif_link = https://impresso-project.ch/api/proxy/iiif/EXP-1984-03-23-a-p0024/624,1380,225,49/full/0/default.jpg
Pirates	O	O	O	O	O	O	_	_	_	_	_	_
sur	O	O	O	O	O	O	_	_	_	_	_	_
les	O	O	O	O	O	O	_	_	_	_	_	_
ondes	O	O	O	O	O	O	_	_	EndOfLine	_	_	_
# segment_iiif_link = https://impresso-project.ch/api/proxy/iiif/EXP-1984-03-23-a-p0024/630,1426,226,38/full/0/default.jpg
BERNE	O	O	O	O	O	O	_	_	_	_	_	_
(	O	O	O	O	O	O	_	_	NoSpaceAfter	_	_	_
AP	B-org	O	B-org.ent.pressagency.AP	O	O	O	Q40469	_	NoSpaceAfter	_	LED0.00	_
)	O	O	O	O	O	O	_	_	NoSpaceAfter	_	_	_
.	O	O	O	O	O	O	_	_	NoSpaceAfter	EndOfSentence	_	_
-	O	O	O	O	O	O	_	_	NoSpaceAfter	_	_	_
Les	O	O	O	O	O	O	_	_	_	_	_	_
émissions	O	O	O	O	O	O	_	_	EndOfLine	_	_	_
# segment_iiif_link = https://impresso-project.ch/api/proxy/iiif/EXP-1984-03-23-a-p0024/614,1441,241,38/full/0/default.jpg
de	O	O	O	O	O	O	_	_	_	_	_	_
la	O	O	O	O	O	O	_	_	_	_	_	_
radio	O	O	O	O	O	O	_	_	_	_	_	_
locale	O	O	O	O	O	O	_	_	_	_	_	_
bernoise	O	O	O	O	O	O	_	_	_	_	_	_
«	O	O	O	O	O	O	_	_	_	_	_	_
Extra	O	O	O	O	O	O	_	_	EndOfLine	_	_	_
# segment_iiif_link = https://impresso-project.ch/api/proxy/iiif/EXP-1984-03-23-a-p0024/616,1457,240,38/full/0/default.jpg
Be	O	O	O	O	O	O	_	_	_	_	_	_
»	O	O	O	O	O	O	_	_	_	_	_	_
ont	O	O	O	O	O	O	_	_	_	_	_	_
à	O	O	O	O	O	O	_	_	_	_	_	_
nouveau	O	O	O	O	O	O	_	_	_	_	_	_
été	O	O	O	O	O	O	_	_	_	_	_	_
brouillées	O	O	O	O	O	O	_	_	EndOfLine	_	_	_
# segment_iiif_link = https://impresso-project.ch/api/proxy/iiif/EXP-1984-03-23-a-p0024/615,1472,240,38/full/0/default.jpg
mercredi	O	O	O	O	O	O	_	_	_	_	_	_
soir	O	O	O	O	O	O	_	_	_	_	_	_
par	O	O	O	O	O	O	_	_	_	_	_	_
un	O	O	O	O	O	O	_	_	_	_	_	_
émetteur	O	O	O	O	O	O	_	_	EndOfLine	_	_	_
# segment_iiif_link = https://impresso-project.ch/api/proxy/iiif/EXP-1984-03-23-a-p0024/614,1488,241,38/full/0/default.jpg
pirate	O	O	O	O	O	O	_	_	NoSpaceAfter	_	_	_
.	O	O	O	O	O	O	_	_	_	EndOfSentence	_	_
La	O	O	O	O	O	O	_	_	_	_	_	_
radio	O	O	O	O	O	O	_	_	_	_	_	_
pirate	O	O	O	O	O	O	_	_	NoSpaceAfter	_	_	_
,	O	O	O	O	O	O	_	_	_	_	_	_
qui	O	O	O	O	O	O	_	_	_	_	_	_
dit	O	O	O	O	O	O	_	_	_	_	_	_
s	O	O	O	O	O	O	_	_	NoSpaceAfter	_	_	_
'	O	O	O	O	O	O	_	_	NoSpaceAfter	_	_	_
appeler	O	O	O	O	O	O	_	_	EndOfLine	_	_	_
# segment_iiif_link = https://impresso-project.ch/api/proxy/iiif/EXP-1984-03-23-a-p0024/614,1503,242,38/full/0/default.jpg
«	O	O	O	O	O	O	_	_	_	_	_	_
radio	O	O	O	O	O	O	_	_	_	_	_	_
Gaga	O	O	O	O	O	O	_	_	_	_	_	_
»	O	O	O	O	O	O	_	_	NoSpaceAfter	_	_	_
,	O	O	O	O	O	O	_	_	_	_	_	_
qui	O	O	O	O	O	O	_	_	_	_	_	_
avait	O	O	O	O	O	O	_	_	_	_	_	_
déjà	O	O	O	O	O	O	_	_	_	_	_	_
émis	O	O	O	O	O	O	_	_	EndOfLine	_	_	_
# segment_iiif_link = https://impresso-project.ch/api/proxy/iiif/EXP-1984-03-23-a-p0024/614,1519,241,38/full/0/default.jpg
sur	O	O	O	O	O	O	_	_	_	_	_	_
la	O	O	O	O	O	O	_	_	_	_	_	_
fréquence	O	O	O	O	O	O	_	_	_	_	_	_
de	O	O	O	O	O	O	_	_	_	_	_	_
radio	O	O	O	O	O	O	_	_	_	_	_	_
«	O	O	O	O	O	O	_	_	_	_	_	_
Extra	O	O	O	O	O	O	_	_	EndOfLine	_	_	_
# segment_iiif_link = https://impresso-project.ch/api/proxy/iiif/EXP-1984-03-23-a-p0024/616,1534,238,38/full/0/default.jpg
Be	O	O	O	O	O	O	_	_	_	_	_	_
»	O	O	O	O	O	O	_	_	_	_	_	_
lors	O	O	O	O	O	O	_	_	_	_	_	_
du	O	O	O	O	O	O	_	_	_	_	_	_
week	O	O	O	O	O	O	_	_	NoSpaceAfter	_	_	_
-	O	O	O	O	O	O	_	_	NoSpaceAfter	_	_	_
end	O	O	O	O	O	O	_	_	_	_	_	_
des	O	O	O	O	O	O	_	_	EndOfLine	_	_	_
# segment_iiif_link = https://impresso-project.ch/api/proxy/iiif/EXP-1984-03-23-a-p0024/614,1550,241,38/full/0/default.jpg
votations	O	O	O	O	O	O	_	_	_	_	_	_
des	O	O	O	O	O	O	_	_	_	_	_	_
25	O	O	O	O	O	O	_	_	_	_	_	_
et	O	O	O	O	O	O	_	_	_	_	_	_
26	O	O	O	O	O	O	_	_	_	_	_	_
février	O	O	O	O	O	O	_	_	NoSpaceAfter	_	_	_
,	O	O	O	O	O	O	_	_	_	_	_	_
a	O	O	O	O	O	O	_	_	_	_	_	_
diffusé	O	O	O	O	O	O	_	_	EndOfLine	_	_	_
# segment_iiif_link = https://impresso-project.ch/api/proxy/iiif/EXP-1984-03-23-a-p0024/615,1565,240,38/full/0/default.jpg
mercredi	O	O	O	O	O	O	_	_	_	_	_	_
soir	O	O	O	O	O	O	_	_	_	_	_	_
un	O	O	O	O	O	O	_	_	_	_	_	_
commentaire	O	O	O	O	O	O	_	_	_	_	_	_
sur	O	O	O	O	O	O	_	_	EndOfLine	_	_	_
# segment_iiif_link = https://impresso-project.ch/api/proxy/iiif/EXP-1984-03-23-a-p0024/615,1581,241,38/full/0/default.jpg
une	O	O	O	O	O	O	_	_	_	_	_	_
affaire	O	O	O	O	O	O	_	_	_	_	_	_
traitée	O	O	O	O	O	O	_	_	_	_	_	_
par	O	O	O	O	O	O	_	_	_	_	_	_
le	O	O	O	O	O	O	_	_	_	_	_	_
tribunal	O	O	O	O	O	O	_	_	EndOfLine	_	_	_
# segment_iiif_link = https://impresso-project.ch/api/proxy/iiif/EXP-1984-03-23-a-p0024/615,1596,242,38/full/0/default.jpg
bernois	O	O	O	O	O	O	_	_	NoSpaceAfter	_	_	_
.	O	O	O	O	O	O	_	_	_	EndOfSentence	_	_
La	O	O	O	O	O	O	_	_	_	_	_	_
radio	O	O	O	O	O	O	_	_	_	_	_	_
locale	O	O	O	O	O	O	_	_	_	_	_	_
bernoise	O	O	O	O	O	O	_	_	_	_	_	_
a	O	O	O	O	O	O	_	_	EndOfLine	_	_	_
# segment_iiif_link = https://impresso-project.ch/api/proxy/iiif/EXP-1984-03-23-a-p0024/614,1612,241,38/full/0/default.jpg
déclaré	O	O	O	O	O	O	_	_	_	_	_	_
jeudi	O	O	O	O	O	O	_	_	_	_	_	_
qu	O	O	O	O	O	O	_	_	NoSpaceAfter	_	_	_
'	O	O	O	O	O	O	_	_	NoSpaceAfter	_	_	_
elle	O	O	O	O	O	O	_	_	_	_	_	_
n	O	O	O	O	O	O	_	_	NoSpaceAfter	_	_	_
'	O	O	O	O	O	O	_	_	NoSpaceAfter	_	_	_
avait	O	O	O	O	O	O	_	_	EndOfLine	_	_	_
# segment_iiif_link = https://impresso-project.ch/api/proxy/iiif/EXP-1984-03-23-a-p0024/615,1627,240,38/full/0/default.jpg
absolument	O	O	O	O	O	O	_	_	_	_	_	_
rien	O	O	O	O	O	O	_	_	_	_	_	_
à	O	O	O	O	O	O	_	_	_	_	_	_
voir	O	O	O	O	O	O	_	_	_	_	_	_
avec	O	O	O	O	O	O	_	_	_	_	_	_
cette	O	O	O	O	O	O	_	_	EndOfLine	_	_	_
# segment_iiif_link = https://impresso-project.ch/api/proxy/iiif/EXP-1984-03-23-a-p0024/615,1643,227,38/full/0/default.jpg
manifestation	O	O	O	O	O	O	_	_	_	_	_	_
«	O	O	O	O	O	O	_	_	_	_	_	_
énorme	O	O	O	O	O	O	_	_	_	_	_	_
d	O	O	O	O	O	O	_	_	NoSpaceAfter	_	_	_
'	O	O	O	O	O	O	_	_	NoSpaceAfter	_	_	_
effronterie	O	O	O	O	O	O	_	_	_	_	_	_
»	O	O	O	O	O	O	_	_	NoSpaceAfter	_	_	_
.	O	O	O	O	O	O	_	_	EndOfLine	EndOfSentence	_	_
# segment_iiif_link = https://impresso-project.ch/api/proxy/iiif/EXP-1984-03-23-a-p0024/629,1658,227,38/full/0/default.jpg
Aussi	O	O	O	O	O	O	_	_	_	_	_	_
bien	O	O	O	O	O	O	_	_	_	_	_	_
les	O	O	O	O	O	O	_	_	_	_	_	_
PTT	O	O	O	O	O	O	_	_	_	_	_	_
que	O	O	O	O	O	O	_	_	_	_	_	_
la	O	O	O	O	O	O	_	_	_	_	_	_
police	O	O	O	O	O	O	_	_	EndOfLine	_	_	_
# segment_iiif_link = https://impresso-project.ch/api/proxy/iiif/EXP-1984-03-23-a-p0024/614,1674,243,38/full/0/default.jpg
sont	O	O	O	O	O	O	_	_	_	_	_	_
sur	O	O	O	O	O	O	_	_	_	_	_	_
les	O	O	O	O	O	O	_	_	_	_	_	_
traces	O	O	O	O	O	O	_	_	_	_	_	_
des	O	O	O	O	O	O	_	_	_	_	_	_
pirates	O	O	O	O	O	O	_	_	NoSpaceAfter	_	_	_
.	O	O	O	O	O	O	_	_	EndOfLine	EndOfSentence	_	_
# segment_iiif_link = https://impresso-project.ch/api/proxy/iiif/EXP-1984-03-23-a-p0024/616,1689,239,38/full/0/default.jpg
Ceux	O	O	O	O	O	O	_	_	NoSpaceAfter	_	_	_
-	O	O	O	O	O	O	_	_	NoSpaceAfter	_	_	_
ci	O	O	O	O	O	O	_	_	_	_	_	_
ont	O	O	O	O	O	O	_	_	_	_	_	_
expliqué	O	O	O	O	O	O	_	_	_	_	_	_
dans	O	O	O	O	O	O	_	_	_	_	_	_
la	O	O	O	O	O	O	_	_	EndOfLine	_	_	_
# segment_iiif_link = https://impresso-project.ch/api/proxy/iiif/EXP-1984-03-23-a-p0024/615,1705,241,38/full/0/default.jpg
dernière	O	O	O	O	O	O	_	_	_	_	_	_
édition	O	O	O	O	O	O	_	_	_	_	_	_
du	O	O	O	O	O	O	_	_	_	_	_	_
journal	O	O	O	O	O	O	_	_	_	_	_	_
zuricois	O	O	O	O	O	O	_	_	EndOfLine	_	_	_
# segment_iiif_link = https://impresso-project.ch/api/proxy/iiif/EXP-1984-03-23-a-p0024/615,1720,240,38/full/0/default.jpg
«	O	O	O	O	O	O	_	_	_	_	_	_
Wochenzeitung	O	O	O	O	O	O	_	_	_	_	_	_
»	O	O	O	O	O	O	_	_	_	_	_	_
qu	O	O	O	O	O	O	_	_	NoSpaceAfter	_	_	_
'	O	O	O	O	O	O	_	_	NoSpaceAfter	_	_	_
ils	O	O	O	O	O	O	_	_	_	_	_	_
avaient	O	O	O	O	O	O	_	_	EndOfLine	_	_	_
# segment_iiif_link = https://impresso-project.ch/api/proxy/iiif/EXP-1984-03-23-a-p0024/615,1736,240,38/full/0/default.jpg
volé	O	O	O	O	O	O	_	_	_	_	_	_
en	O	O	O	O	O	O	_	_	_	_	_	_
décembre	O	O	O	O	O	O	_	_	_	_	_	_
l	O	O	O	O	O	O	_	_	NoSpaceAfter	_	_	_
'	O	O	O	O	O	O	_	_	NoSpaceAfter	_	_	_
émetteur	O	O	O	O	O	O	_	_	_	_	_	_
de	O	O	O	O	O	O	_	_	EndOfLine	_	_	_
# segment_iiif_link = https://impresso-project.ch/api/proxy/iiif/EXP-1984-03-23-a-p0024/615,1752,234,38/full/0/default.jpg
secours	O	O	O	O	O	O	_	_	_	_	_	_
de	O	O	O	O	O	O	_	_	_	_	_	_
la	O	O	O	O	O	O	_	_	_	_	_	_
radio	O	O	O	O	O	O	_	_	_	_	_	_
locale	O	O	O	O	O	O	_	_	_	_	_	_
bernoise	O	O	O	O	O	O	_	_	NoSpaceAfter	_	_	_
.	O	O	O	O	O	O	_	_	EndOfLine	EndOfSentence	_	_

# language = fr
# newspaper = EXP
# date = 1988-06-18
# document_id = EXP-1988-06-18-a-i0334
# news-agency-as-source = Q430109
# segment_iiif_link = https://impresso-project.ch/api/proxy/iiif/EXP-1988-06-18-a-p0019/2872,3393,1114,320/full/0/default.jpg
A	O	O	O	O	O	O	_	_	_	_	_	_
vos	O	O	O	O	O	O	_	_	_	_	_	_
cartes	O	O	O	O	O	O	_	_	_	_	_	_
!	O	O	O	O	O	O	_	_	EndOfLine	EndOfSentence	_	_
# segment_iiif_link = https://impresso-project.ch/api/proxy/iiif/EXP-1988-06-18-a-p0019/2882,3341,1293,148/full/0/default.jpg
Essence	O	O	O	O	O	O	_	_	_	_	_	_
sans	O	O	O	O	O	O	_	_	_	_	_	_
plomb	O	O	O	O	O	O	_	_	_	_	_	_
en	O	O	O	O	O	O	_	_	_	_	_	_
Europe	O	O	O	O	O	O	_	_	EndOfLine	_	_	_
# segment_iiif_link = https://impresso-project.ch/api/proxy/iiif/EXP-1988-06-18-a-p0019/2880,3666,1362,91/full/0/default.jpg
Bonne	O	O	O	O	O	O	_	_	_	_	_	_
nouvelle	O	O	O	O	O	O	_	_	_	_	_	_
pour	O	O	O	O	O	O	_	_	_	_	_	_
les	O	O	O	O	O	O	_	_	_	_	_	_
automobilistes	O	O	O	O	O	O	_	_	_	_	_	_
qui	O	O	O	O	O	O	_	_	_	_	_	_
vont	O	O	O	O	O	O	_	_	_	_	_	_
se	O	O	O	O	O	O	_	_	EndOfLine	_	_	_
# segment_iiif_link = https://impresso-project.ch/api/proxy/iiif/EXP-1988-06-18-a-p0019/2880,3715,1360,91/full/0/default.jpg
promener	O	O	O	O	O	O	_	_	_	_	_	_
en	O	O	O	O	O	O	_	_	_	_	_	_
Espagne	O	O	O	O	O	O	_	_	_	_	_	_
à	O	O	O	O	O	O	_	_	_	_	_	_
bord	O	O	O	O	O	O	_	_	_	_	_	_
d	O	O	O	O	O	O	_	_	NoSpaceAfter	_	_	_
'	O	O	O	O	O	O	_	_	NoSpaceAfter	_	_	_
une	O	O	O	O	O	O	_	_	_	_	_	_
voiture	O	O	O	O	O	O	_	_	_	_	_	_
dotée	O	O	O	O	O	O	_	_	_	_	_	_
d	O	O	O	O	O	O	_	_	NoSpaceAfter	_	_	_
'	O	O	O	O	O	O	_	_	NoSpaceAfter	_	_	_
un	O	O	O	O	O	O	_	_	_	_	_	_
catalyseur	O	O	O	O	O	O	_	_	NoSpaceAfter	_	_	_
.	O	O	O	O	O	O	_	_	EndOfLine	EndOfSentence	_	_
# segment_iiif_link = https://impresso-project.ch/api/proxy/iiif/EXP-1988-06-18-a-p0019/2880,3764,1360,91/full/0/default.jpg
U	O	O	O	O	O	O	_	_	_	_	_	_
leur	O	O	O	O	O	O	_	_	_	_	_	_
est	O	O	O	O	O	O	_	_	_	_	_	_
en	O	O	O	O	O	O	_	_	_	_	_	_
effet	O	O	O	O	O	O	_	_	_	_	_	_
maintenant	O	O	O	O	O	O	_	_	_	_	_	_
autorisé	O	O	O	O	O	O	_	_	_	_	_	_
d	O	O	O	O	O	O	_	_	NoSpaceAfter	_	_	_
'	O	O	O	O	O	O	_	_	NoSpaceAfter	_	_	_
importer	O	O	O	O	O	O	_	_	_	_	_	_
et	O	O	O	O	O	O	_	_	_	_	_	_
de	O	O	O	O	O	O	_	_	EndOfLine	_	_	_
# segment_iiif_link = https://impresso-project.ch/api/proxy/iiif/EXP-1988-06-18-a-p0019/2880,3814,1359,91/full/0/default.jpg
transporter	O	O	O	O	O	O	_	_	_	_	_	_
un	O	O	O	O	O	O	_	_	_	_	_	_
bidon	O	O	O	O	O	O	_	_	_	_	_	_
de	O	O	O	O	O	O	_	_	_	_	_	_
réserve	O	O	O	O	O	O	_	_	_	_	_	_
de	O	O	O	O	O	O	_	_	_	_	_	_
10	O	O	O	O	O	O	_	_	_	_	_	_
litres	O	O	O	O	O	O	_	_	_	_	_	_
au	O	O	O	O	O	O	_	_	_	_	_	_
maximum	O	O	O	O	O	O	_	_	NoSpaceAfter	_	_	_
,	O	O	O	O	O	O	_	_	EndOfLine	_	_	_
# segment_iiif_link = https://impresso-project.ch/api/proxy/iiif/EXP-1988-06-18-a-p0019/2880,3863,892,91/full/0/default.jpg
a	O	O	O	O	O	O	_	_	_	_	_	_
indiqué	O	O	O	O	O	O	_	_	_	_	_	_
hier	O	O	O	O	O	O	_	_	_	_	_	_
lé	O	O	O	O	O	O	_	_	_	_	_	_
Touring	O	O	O	O	O	O	_	_	NoSpaceAfter	_	_	_
-	O	O	O	O	O	O	_	_	NoSpaceAfter	_	_	_
Club	O	O	O	O	O	O	_	_	_	_	_	_
Suisse	O	O	O	O	O	O	_	_	NoSpaceAfter	_	_	_
.	O	O	O	O	O	O	_	_	EndOfLine	EndOfSentence	_	_
# segment_iiif_link = https://impresso-project.ch/api/proxy/iiif/EXP-1988-06-18-a-p0019/2914,3956,617,77/full/0/default.jpg
De	O	O	O	O	O	O	_	_	_	_	_	_
son	O	O	O	O	O	O	_	_	_	_	_	_
coté	O	O	O	O	O	O	_	_	NoSpaceAfter	_	_	_
,	O	O	O	O	O	O	_	_	_	_	_	_
1	O	O	O	O	O	O	_	_	_	_	_	_
Automobile	O	O	O	O	O	O	_	_	_	_	_	_
Club	O	O	O	O	O	O	_	_	EndOfLine	_	_	_
# segment_iiif_link = https://impresso-project.ch/api/proxy/iiif/EXP-1988-06-18-a-p0019/2880,3996,651,77/full/0/default.jpg
de	O	O	O	O	O	O	_	_	_	_	_	_
Suisse	O	O	O	O	O	O	_	_	_	_	_	_
vient	O	O	O	O	O	O	_	_	_	_	_	_
de	O	O	O	O	O	O	_	_	_	_	_	_
publier	O	O	O	O	O	O	_	_	_	_	_	_
une	O	O	O	O	O	O	_	_	EndOfLine	_	_	_
# segment_iiif_link = https://impresso-project.ch/api/proxy/iiif/EXP-1988-06-18-a-p0019/2880,4035,648,77/full/0/default.jpg
édition	O	O	O	O	O	O	_	_	_	_	_	_
complétée	O	O	O	O	O	O	_	_	_	_	_	_
de	O	O	O	O	O	O	_	_	_	_	_	_
sa	O	O	O	O	O	O	_	_	_	_	_	_
carte	O	O	O	O	O	O	_	_	_	_	_	_
«	O	O	O	O	O	O	_	_	EndOfLine	_	_	_
# segment_iiif_link = https://impresso-project.ch/api/proxy/iiif/EXP-1988-06-18-a-p0019/2880,4077,651,77/full/0/default.jpg
Stations	O	O	O	O	O	O	_	_	_	_	_	_
d	O	O	O	O	O	O	_	_	NoSpaceAfter	_	_	_
'	O	O	O	O	O	O	_	_	NoSpaceAfter	_	_	_
essence	O	O	O	O	O	O	_	_	_	_	_	_
sans	O	O	O	O	O	O	_	_	_	_	_	_
plomb	O	O	O	O	O	O	_	_	_	_	_	_
en	O	O	O	O	O	O	_	_	EndOfLine	_	_	_
# segment_iiif_link = https://impresso-project.ch/api/proxy/iiif/EXP-1988-06-18-a-p0019/2880,4116,447,77/full/0/default.jpg
Europe	O	O	O	O	O	O	_	_	_	_	_	_
»	O	O	O	O	O	O	_	_	NoSpaceAfter	_	_	_
,	O	O	O	O	O	O	_	_	_	_	_	_
a	O	O	O	O	O	O	_	_	_	_	_	_
indiqué	O	O	O	O	O	O	_	_	_	_	_	_
TACS	O	O	O	O	O	O	_	_	NoSpaceAfter	_	_	_
.	O	O	O	O	O	O	_	_	EndOfLine	EndOfSentence	_	_
# segment_iiif_link = https://impresso-project.ch/api/proxy/iiif/EXP-1988-06-18-a-p0019/2914,4170,619,77/full/0/default.jpg
Le	O	O	O	O	O	O	_	_	_	_	_	_
TCS	O	O	O	O	O	O	_	_	_	_	_	_
précise	O	O	O	O	O	O	_	_	_	_	_	_
en	O	O	O	O	O	O	_	_	_	_	_	_
outre	O	O	O	O	O	O	_	_	_	_	_	_
que	O	O	O	O	O	O	_	_	EndOfLine	_	_	_
# segment_iiif_link = https://impresso-project.ch/api/proxy/iiif/EXP-1988-06-18-a-p0019/2880,4212,649,74/full/0/default.jpg
seules	O	O	O	O	O	O	_	_	_	_	_	_
l	O	O	O	O	O	O	_	_	NoSpaceAfter	_	_	_
'	O	O	O	O	O	O	_	_	NoSpaceAfter	_	_	_
Italie	O	O	O	O	O	O	_	_	NoSpaceAfter	_	_	_
,	O	O	O	O	O	O	_	_	_	_	_	_
la	O	O	O	O	O	O	_	_	_	_	_	_
Grèce	O	O	O	O	O	O	_	_	_	_	_	_
et	O	O	O	O	O	O	_	_	_	_	_	_
la	O	O	O	O	O	O	_	_	_	_	_	_
Hongrie	O	O	O	O	O	O	_	_	EndOfLine	_	_	_
# segment_iiif_link = https://impresso-project.ch/api/proxy/iiif/EXP-1988-06-18-a-p0019/2880,4251,654,77/full/0/default.jpg
interdisent	O	O	O	O	O	O	_	_	_	_	_	_
encore	O	O	O	O	O	O	_	_	_	_	_	_
tout	O	O	O	O	O	O	_	_	_	_	_	_
transport	O	O	O	O	O	O	_	_	EndOfLine	_	_	_
# segment_iiif_link = https://impresso-project.ch/api/proxy/iiif/EXP-1988-06-18-a-p0019/2880,4293,651,77/full/0/default.jpg
de	O	O	O	O	O	O	_	_	_	_	_	_
carburant	O	O	O	O	O	O	_	_	_	_	_	_
dans	O	O	O	O	O	O	_	_	_	_	_	_
des	O	O	O	O	O	O	_	_	_	_	_	_
bidons	O	O	O	O	O	O	_	_	_	_	_	_
de	O	O	O	O	O	O	_	_	EndOfLine	_	_	_
# segment_iiif_link = https://impresso-project.ch/api/proxy/iiif/EXP-1988-06-18-a-p0019/2880,4332,652,74/full/0/default.jpg
réserve	O	O	O	O	O	O	_	_	NoSpaceAfter	_	_	_
.	O	O	O	O	O	O	_	_	_	EndOfSentence	_	_
Il	O	O	O	O	O	O	_	_	_	_	_	_
ajoute	O	O	O	O	O	O	_	_	_	_	_	_
qu	O	O	O	O	O	O	_	_	NoSpaceAfter	_	_	_
'	O	O	O	O	O	O	_	_	NoSpaceAfter	_	_	_
en	O	O	O	O	O	O	_	_	_	_	_	_
ce	O	O	O	O	O	O	_	_	_	_	_	_
qui	O	O	O	O	O	O	_	_	EndOfLine	_	_	_
# segment_iiif_link = https://impresso-project.ch/api/proxy/iiif/EXP-1988-06-18-a-p0019/2880,4374,654,74/full/0/default.jpg
concerne	O	O	O	O	O	O	_	_	_	_	_	_
la	O	O	O	O	O	O	_	_	_	_	_	_
Yougoslavie	O	O	O	O	O	O	_	_	NoSpaceAfter	_	_	_
,	O	O	O	O	O	O	_	_	_	_	_	_
la	O	O	O	O	O	O	_	_	_	_	_	_
Suède	O	O	O	O	O	O	_	_	_	_	_	_
et	O	O	O	O	O	O	_	_	EndOfLine	_	_	_
# segment_iiif_link = https://impresso-project.ch/api/proxy/iiif/EXP-1988-06-18-a-p0019/2880,4414,649,74/full/0/default.jpg
la	O	O	O	O	O	O	_	_	_	_	_	_
Finlande	O	O	O	O	O	O	_	_	NoSpaceAfter	_	_	_
,	O	O	O	O	O	O	_	_	_	_	_	_
le	O	O	O	O	O	O	_	_	_	_	_	_
carburant	O	O	O	O	O	O	_	_	_	_	_	_
de	O	O	O	O	O	O	_	_	EndOfLine	_	_	_
# segment_iiif_link = https://impresso-project.ch/api/proxy/iiif/EXP-1988-06-18-a-p0019/2880,4453,651,77/full/0/default.jpg
réserve	O	O	O	O	O	O	_	_	_	_	_	_
doit	O	O	O	O	O	O	_	_	_	_	_	_
être	O	O	O	O	O	O	_	_	_	_	_	_
dédouané	O	O	O	O	O	O	_	_	_	_	_	_
à	O	O	O	O	O	O	_	_	_	_	_	_
l	O	O	O	O	O	O	_	_	NoSpaceAfter	_	_	_
'	O	O	O	O	O	O	_	_	NoSpaceAfter	_	_	_
entrée	O	O	O	O	O	O	_	_	_	_	_	_
du	O	O	O	O	O	O	_	_	EndOfLine	_	_	_
# segment_iiif_link = https://impresso-project.ch/api/proxy/iiif/EXP-1988-06-18-a-p0019/2880,4492,98,77/full/0/default.jpg
pays	O	O	O	O	O	O	_	_	NoSpaceAfter	_	_	_
.	O	O	O	O	O	O	_	_	EndOfLine	EndOfSentence	_	_
# segment_iiif_link = https://impresso-project.ch/api/proxy/iiif/EXP-1988-06-18-a-p0019/2882,4591,386,81/full/0/default.jpg
Mieux	O	O	O	O	O	O	_	_	_	_	_	_
qu	O	O	O	O	O	O	_	_	NoSpaceAfter	_	_	_
'	O	O	O	O	O	O	_	_	NoSpaceAfter	_	_	_
en	O	O	O	O	O	O	_	_	_	_	_	_
1987	O	O	O	O	O	O	_	_	EndOfLine	_	_	_
# segment_iiif_link = https://impresso-project.ch/api/proxy/iiif/EXP-1988-06-18-a-p0019/2914,4655,617,77/full/0/default.jpg
Par	O	O	O	O	O	O	_	_	_	_	_	_
ailleurs	O	O	O	O	O	O	_	_	NoSpaceAfter	_	_	_
,	O	O	O	O	O	O	_	_	_	_	_	_
l	O	O	O	O	O	O	_	_	NoSpaceAfter	_	_	_
'	O	O	O	O	O	O	_	_	NoSpaceAfter	_	_	_
ACS	O	O	O	O	O	O	_	_	_	_	_	_
publie	O	O	O	O	O	O	_	_	_	_	_	_
une	O	O	O	O	O	O	_	_	EndOfLine	_	_	_
# segment_iiif_link = https://impresso-project.ch/api/proxy/iiif/EXP-1988-06-18-a-p0019/2880,4696,654,74/full/0/default.jpg
carte	O	O	O	O	O	O	_	_	_	_	_	_
mise	O	O	O	O	O	O	_	_	_	_	_	_
à	O	O	O	O	O	O	_	_	_	_	_	_
jour	O	O	O	O	O	O	_	_	_	_	_	_
concernant	O	O	O	O	O	O	_	_	_	_	_	_
les	O	O	O	O	O	O	_	_	EndOfLine	_	_	_
# segment_iiif_link = https://impresso-project.ch/api/proxy/iiif/EXP-1988-06-18-a-p0019/2880,4736,651,77/full/0/default.jpg
«	O	O	O	O	O	O	_	_	_	_	_	_
stations	O	O	O	O	O	O	_	_	_	_	_	_
d	O	O	O	O	O	O	_	_	NoSpaceAfter	_	_	_
'	O	O	O	O	O	O	_	_	NoSpaceAfter	_	_	_
essence	O	O	O	O	O	O	_	_	_	_	_	_
sans	O	O	O	O	O	O	_	_	_	_	_	_
plomb	O	O	O	O	O	O	_	_	_	_	_	_
en	O	O	O	O	O	O	_	_	EndOfLine	_	_	_
# segment_iiif_link = https://impresso-project.ch/api/proxy/iiif/EXP-1988-06-18-a-p0019/3590,3956,647,77/full/0/default.jpg
Europe	O	O	O	O	O	O	_	_	_	_	_	_
»	O	O	O	O	O	O	_	_	_	_	_	_
et	O	O	O	O	O	O	_	_	_	_	_	_
relève	O	O	O	O	O	O	_	_	_	_	_	_
que	O	O	O	O	O	O	_	_	_	_	_	_
la	O	O	O	O	O	O	_	_	_	_	_	_
situation	O	O	O	O	O	O	_	_	EndOfLine	_	_	_
# segment_iiif_link = https://impresso-project.ch/api/proxy/iiif/EXP-1988-06-18-a-p0019/3588,3998,651,77/full/0/default.jpg
s	O	O	O	O	O	O	_	_	NoSpaceAfter	_	_	_
'	O	O	O	O	O	O	_	_	NoSpaceAfter	_	_	_
est	O	O	O	O	O	O	_	_	_	_	_	_
améliorée	O	O	O	O	O	O	_	_	_	_	_	_
par	O	O	O	O	O	O	_	_	_	_	_	_
rapport	O	O	O	O	O	O	_	_	_	_	_	_
à	O	O	O	O	O	O	_	_	_	_	_	_
l	O	O	O	O	O	O	_	_	NoSpaceAfter	_	_	_
'	O	O	O	O	O	O	_	_	NoSpaceAfter	_	_	_
été	O	O	O	O	O	O	_	_	EndOfLine	_	_	_
# segment_iiif_link = https://impresso-project.ch/api/proxy/iiif/EXP-1988-06-18-a-p0019/3590,4037,650,74/full/0/default.jpg
1987	O	O	O	O	O	O	_	_	NoSpaceAfter	_	_	_
.	O	O	O	O	O	O	_	_	_	EndOfSentence	_	_
C	O	O	O	O	O	O	_	_	NoSpaceAfter	_	_	_
'	O	O	O	O	O	O	_	_	NoSpaceAfter	_	_	_
est	O	O	O	O	O	O	_	_	_	_	_	_
ainsi	O	O	O	O	O	O	_	_	_	_	_	_
que	O	O	O	O	O	O	_	_	_	_	_	_
la	O	O	O	O	O	O	_	_	_	_	_	_
Suisse	O	O	O	O	O	O	_	_	NoSpaceAfter	_	_	_
,	O	O	O	O	O	O	_	_	EndOfLine	_	_	_
# segment_iiif_link = https://impresso-project.ch/api/proxy/iiif/EXP-1988-06-18-a-p0019/3590,4077,647,77/full/0/default.jpg
l	O	O	O	O	O	O	_	_	NoSpaceAfter	_	_	_
'	O	O	O	O	O	O	_	_	NoSpaceAfter	_	_	_
Allemagne	O	O	O	O	O	O	_	_	NoSpaceAfter	_	_	_
,	O	O	O	O	O	O	_	_	_	_	_	_
l	O	O	O	O	O	O	_	_	NoSpaceAfter	_	_	_
'	O	O	O	O	O	O	_	_	NoSpaceAfter	_	_	_
Autriche	O	O	O	O	O	O	_	_	NoSpaceAfter	_	_	_
,	O	O	O	O	O	O	_	_	_	_	_	_
la	O	O	O	O	O	O	_	_	EndOfLine	_	_	_
# segment_iiif_link = https://impresso-project.ch/api/proxy/iiif/EXP-1988-06-18-a-p0019/3588,4119,654,74/full/0/default.jpg
Hollande	O	O	O	O	O	O	_	_	NoSpaceAfter	_	_	_
,	O	O	O	O	O	O	_	_	_	_	_	_
le	O	O	O	O	O	O	_	_	_	_	_	_
Danemark	O	O	O	O	O	O	_	_	NoSpaceAfter	_	_	_
,	O	O	O	O	O	O	_	_	_	_	_	_
le	O	O	O	O	O	O	_	_	_	_	_	_
Luxembourg	O	O	O	O	O	O	_	_	NoSpaceAfter	_	_	_
,	O	O	O	O	O	O	_	_	EndOfLine	_	_	_
# segment_iiif_link = https://impresso-project.ch/api/proxy/iiif/EXP-1988-06-18-a-p0019/3590,4158,652,77/full/0/default.jpg
la	O	O	O	O	O	O	_	_	_	_	_	_
Suède	O	O	O	O	O	O	_	_	NoSpaceAfter	_	_	_
,	O	O	O	O	O	O	_	_	_	_	_	_
la	O	O	O	O	O	O	_	_	_	_	_	_
Norvège	O	O	O	O	O	O	_	_	_	_	_	_
et	O	O	O	O	O	O	_	_	_	_	_	_
la	O	O	O	O	O	O	_	_	_	_	_	_
Finlande	O	O	O	O	O	O	_	_	EndOfLine	_	_	_
# segment_iiif_link = https://impresso-project.ch/api/proxy/iiif/EXP-1988-06-18-a-p0019/3588,4200,649,74/full/0/default.jpg
garantissent	O	O	O	O	O	O	_	_	_	_	_	_
l	O	O	O	O	O	O	_	_	NoSpaceAfter	_	_	_
'	O	O	O	O	O	O	_	_	NoSpaceAfter	_	_	_
approvisionnement	O	O	O	O	O	O	_	_	EndOfLine	_	_	_
# segment_iiif_link = https://impresso-project.ch/api/proxy/iiif/EXP-1988-06-18-a-p0019/3588,4239,651,77/full/0/default.jpg
sur	O	O	O	O	O	O	_	_	_	_	_	_
l	O	O	O	O	O	O	_	_	NoSpaceAfter	_	_	_
'	O	O	O	O	O	O	_	_	NoSpaceAfter	_	_	_
ensemble	O	O	O	O	O	O	_	_	_	_	_	_
du	O	O	O	O	O	O	_	_	_	_	_	_
pays	O	O	O	O	O	O	_	_	NoSpaceAfter	_	_	_
,	O	O	O	O	O	O	_	_	_	_	_	_
indique	O	O	O	O	O	O	_	_	_	_	_	_
le	O	O	O	O	O	O	_	_	EndOfLine	_	_	_
# segment_iiif_link = https://impresso-project.ch/api/proxy/iiif/EXP-1988-06-18-a-p0019/3588,4281,442,74/full/0/default.jpg
communiqué	O	O	O	O	O	O	_	_	_	_	_	_
de	O	O	O	O	O	O	_	_	_	_	_	_
l	O	O	O	O	O	O	_	_	NoSpaceAfter	_	_	_
'	O	O	O	O	O	O	_	_	NoSpaceAfter	_	_	_
ACS	O	O	O	O	O	O	_	_	NoSpaceAfter	_	_	_
.	O	O	O	O	O	O	_	_	EndOfLine	EndOfSentence	_	_
# segment_iiif_link = https://impresso-project.ch/api/proxy/iiif/EXP-1988-06-18-a-p0019/3625,4374,614,77/full/0/default.jpg
Il	O	O	O	O	O	O	_	_	_	_	_	_
ajoute	O	O	O	O	O	O	_	_	_	_	_	_
qu	O	O	O	O	O	O	_	_	NoSpaceAfter	_	_	_
'	O	O	O	O	O	O	_	_	NoSpaceAfter	_	_	_
en	O	O	O	O	O	O	_	_	_	_	_	_
Italie	O	O	O	O	O	O	_	_	_	_	_	_
et	O	O	O	O	O	O	_	_	_	_	_	_
en	O	O	O	O	O	O	_	_	EndOfLine	_	_	_
# segment_iiif_link = https://impresso-project.ch/api/proxy/iiif/EXP-1988-06-18-a-p0019/3588,4416,654,74/full/0/default.jpg
France	O	O	O	O	O	O	_	_	NoSpaceAfter	_	_	_
,	O	O	O	O	O	O	_	_	_	_	_	_
le	O	O	O	O	O	O	_	_	_	_	_	_
débit	O	O	O	O	O	O	_	_	_	_	_	_
de	O	O	O	O	O	O	_	_	_	_	_	_
carburant	O	O	O	O	O	O	_	_	_	_	_	_
est	O	O	O	O	O	O	_	_	_	_	_	_
assuré	O	O	O	O	O	O	_	_	EndOfLine	_	_	_
# segment_iiif_link = https://impresso-project.ch/api/proxy/iiif/EXP-1988-06-18-a-p0019/3588,4455,649,74/full/0/default.jpg
sur	O	O	O	O	O	O	_	_	_	_	_	_
l	O	O	O	O	O	O	_	_	NoSpaceAfter	_	_	_
'	O	O	O	O	O	O	_	_	NoSpaceAfter	_	_	_
ensemble	O	O	O	O	O	O	_	_	_	_	_	_
du	O	O	O	O	O	O	_	_	_	_	_	_
réseau	O	O	O	O	O	O	_	_	EndOfLine	_	_	_
# segment_iiif_link = https://impresso-project.ch/api/proxy/iiif/EXP-1988-06-18-a-p0019/3588,4495,652,77/full/0/default.jpg
autoroutier	O	O	O	O	O	O	_	_	NoSpaceAfter	_	_	_
,	O	O	O	O	O	O	_	_	_	_	_	_
mais	O	O	O	O	O	O	_	_	_	_	_	_
qu	O	O	O	O	O	O	_	_	NoSpaceAfter	_	_	_
'	O	O	O	O	O	O	_	_	NoSpaceAfter	_	_	_
en	O	O	O	O	O	O	_	_	_	_	_	_
Espagne	O	O	O	O	O	O	_	_	_	_	_	_
il	O	O	O	O	O	O	_	_	_	_	_	_
n	O	O	O	O	O	O	_	_	NoSpaceAfter	_	_	_
'	O	O	O	O	O	O	_	_	NoSpaceAfter	_	_	_
est	O	O	O	O	O	O	_	_	EndOfLine	_	_	_
# segment_iiif_link = https://impresso-project.ch/api/proxy/iiif/EXP-1988-06-18-a-p0019/3588,4534,652,77/full/0/default.jpg
assuré	O	O	O	O	O	O	_	_	_	_	_	_
que	O	O	O	O	O	O	_	_	_	_	_	_
dans	O	O	O	O	O	O	_	_	_	_	_	_
les	O	O	O	O	O	O	_	_	_	_	_	_
grands	O	O	O	O	O	O	_	_	_	_	_	_
centres	O	O	O	O	O	O	_	_	EndOfLine	_	_	_
# segment_iiif_link = https://impresso-project.ch/api/proxy/iiif/EXP-1988-06-18-a-p0019/3588,4576,652,74/full/0/default.jpg
touristiques	O	O	O	O	O	O	_	_	NoSpaceAfter	_	_	_
.	O	O	O	O	O	O	_	_	_	EndOfSentence	_	_
La	O	O	O	O	O	O	_	_	_	_	_	_
nouvelle	O	O	O	O	O	O	_	_	_	_	_	_
carte	O	O	O	O	O	O	_	_	_	_	_	_
de	O	O	O	O	O	O	_	_	EndOfLine	_	_	_
# segment_iiif_link = https://impresso-project.ch/api/proxy/iiif/EXP-1988-06-18-a-p0019/3590,4615,652,77/full/0/default.jpg
l	O	O	O	O	O	O	_	_	NoSpaceAfter	_	_	_
'	O	O	O	O	O	O	_	_	NoSpaceAfter	_	_	_
ACS	O	O	O	O	O	O	_	_	_	_	_	_
renseigne	O	O	O	O	O	O	_	_	_	_	_	_
en	O	O	O	O	O	O	_	_	_	_	_	_
outre	O	O	O	O	O	O	_	_	_	_	_	_
sur	O	O	O	O	O	O	_	_	_	_	_	_
les	O	O	O	O	O	O	_	_	EndOfLine	_	_	_
# segment_iiif_link = https://impresso-project.ch/api/proxy/iiif/EXP-1988-06-18-a-p0019/3588,4657,651,74/full/0/default.jpg
réglementations	O	O	O	O	O	O	_	_	_	_	_	_
concernant	O	O	O	O	O	O	_	_	_	_	_	_
l	O	O	O	O	O	O	_	_	NoSpaceAfter	_	_	_
'	O	O	O	O	O	O	_	_	EndOfLine|NoSpaceAfter	_	_	_
# segment_iiif_link = https://impresso-project.ch/api/proxy/iiif/EXP-1988-06-18-a-p0019/3590,4696,647,74/full/0/default.jpg
importation	O	O	O	O	O	O	_	_	_	_	_	_
d	O	O	O	O	O	O	_	_	NoSpaceAfter	_	_	_
'	O	O	O	O	O	O	_	_	NoSpaceAfter	_	_	_
essence	O	O	O	O	O	O	_	_	_	_	_	_
dans	O	O	O	O	O	O	_	_	_	_	_	_
les	O	O	O	O	O	O	_	_	EndOfLine	_	_	_
# segment_iiif_link = https://impresso-project.ch/api/proxy/iiif/EXP-1988-06-18-a-p0019/3588,4738,292,74/full/0/default.jpg
différents	O	O	O	O	O	O	_	_	_	_	_	_
pays	O	O	O	O	O	O	_	_	NoSpaceAfter	_	_	_
,	O	O	O	O	O	O	_	_	_	_	_	_
/	O	O	O	O	O	O	_	_	_	_	_	_
ats	B-org	O	B-org.ent.pressagency.ATS-SDA	O	O	O	Q430109	_	EndOfLine	EndOfSentence	LED0.00	_

# language = fr
# newspaper = EXP
# date = 1998-05-19
# document_id = EXP-1998-05-19-a-i0136
# news-agency-as-source = Q430109
# segment_iiif_link = https://impresso-project.ch/api/proxy/iiif/EXP-1998-05-19-a-p0015/120,140,2600,300/full/0/default.jpg
Proche	O	O	O	O	O	O	_	_	NoSpaceAfter	_	_	_
-	O	O	O	O	O	O	_	_	NoSpaceAfter	_	_	_
Orient	O	O	O	O	O	O	_	_	_	_	_	_
Flavio	O	O	O	O	O	O	_	_	_	_	_	_
Cotti	O	O	O	O	O	O	_	_	EndOfLine	_	_	_
# segment_iiif_link = https://impresso-project.ch/api/proxy/iiif/EXP-1998-05-19-a-p0015/113,351,2700,300/full/0/default.jpg
évoque	O	O	O	O	O	O	_	_	_	_	_	_
les	O	O	O	O	O	O	_	_	_	_	_	_
droits	O	O	O	O	O	O	_	_	_	_	_	_
de	O	O	O	O	O	O	_	_	_	_	_	_
l	O	O	O	O	O	O	_	_	NoSpaceAfter	_	_	_
'	O	O	O	O	O	O	_	_	NoSpaceAfter	_	_	_
homme	O	O	O	O	O	O	_	_	EndOfLine	_	_	_
# segment_iiif_link = https://impresso-project.ch/api/proxy/iiif/EXP-1998-05-19-a-p0015/103,629,529,74/full/0/default.jpg
Après	O	O	O	O	O	O	_	_	_	_	_	_
les	O	O	O	O	O	O	_	_	_	_	_	_
critiques	O	O	O	O	O	O	_	_	EndOfLine	_	_	_
# segment_iiif_link = https://impresso-project.ch/api/proxy/iiif/EXP-1998-05-19-a-p0015/103,671,529,74/full/0/default.jpg
adressées	O	O	O	O	O	O	_	_	_	_	_	_
à	O	O	O	O	O	O	_	_	_	_	_	_
Israël	O	O	O	O	O	O	_	_	_	_	_	_
pour	O	O	O	O	O	O	_	_	_	_	_	_
sa	O	O	O	O	O	O	_	_	EndOfLine	_	_	_
# segment_iiif_link = https://impresso-project.ch/api/proxy/iiif/EXP-1998-05-19-a-p0015/103,715,529,72/full/0/default.jpg
tique	O	O	O	O	O	O	_	_	_	_	_	_
de	O	O	O	O	O	O	_	_	_	_	_	_
colonisation	O	O	O	O	O	O	_	_	NoSpaceAfter	_	_	_
,	O	O	O	O	O	O	_	_	EndOfLine	_	_	_
# segment_iiif_link = https://impresso-project.ch/api/proxy/iiif/EXP-1998-05-19-a-p0015/103,757,529,72/full/0/default.jpg
Flavio	O	O	O	O	O	O	_	_	_	_	_	_
Cotti	O	O	O	O	O	O	_	_	_	_	_	_
s	O	O	O	O	O	O	_	_	NoSpaceAfter	_	_	_
'	O	O	O	O	O	O	_	_	NoSpaceAfter	_	_	_
en	O	O	O	O	O	O	_	_	_	_	_	_
est	O	O	O	O	O	O	_	_	_	_	_	_
pris	O	O	O	O	O	O	_	_	_	_	_	_
hier	O	O	O	O	O	O	_	_	EndOfLine	_	_	_
# segment_iiif_link = https://impresso-project.ch/api/proxy/iiif/EXP-1998-05-19-a-p0015/106,799,528,72/full/0/default.jpg
à	O	O	O	O	O	O	_	_	_	_	_	_
la	O	O	O	O	O	O	_	_	_	_	_	_
situation	O	O	O	O	O	O	_	_	_	_	_	_
des	O	O	O	O	O	O	_	_	_	_	_	_
droits	O	O	O	O	O	O	_	_	_	_	_	_
de	O	O	O	O	O	O	_	_	EndOfLine	_	_	_
# segment_iiif_link = https://impresso-project.ch/api/proxy/iiif/EXP-1998-05-19-a-p0015/106,838,526,72/full/0/default.jpg
l	O	O	O	O	O	O	_	_	NoSpaceAfter	_	_	_
'	O	O	O	O	O	O	_	_	NoSpaceAfter	_	_	_
homme	O	O	O	O	O	O	_	_	_	_	_	_
dans	O	O	O	O	O	O	_	_	_	_	_	_
les	O	O	O	O	O	O	_	_	EndOfLine	_	_	_
# segment_iiif_link = https://impresso-project.ch/api/proxy/iiif/EXP-1998-05-19-a-p0015/103,880,531,74/full/0/default.jpg
territoires	O	O	O	O	O	O	_	_	_	_	_	_
palestiniens	O	O	O	O	O	O	_	_	NoSpaceAfter	_	_	_
.	O	O	O	O	O	O	_	_	_	EndOfSentence	_	_
Arrivé	O	O	O	O	O	O	_	_	EndOfLine	_	_	_
# segment_iiif_link = https://impresso-project.ch/api/proxy/iiif/EXP-1998-05-19-a-p0015/106,924,528,72/full/0/default.jpg
de	O	O	O	O	O	O	_	_	_	_	_	_
Jérusalem	O	O	O	O	O	O	_	_	_	_	_	_
le	O	O	O	O	O	O	_	_	_	_	_	_
matin	O	O	O	O	O	O	_	_	NoSpaceAfter	_	_	_
,	O	O	O	O	O	O	_	_	_	_	_	_
le	O	O	O	O	O	O	_	_	EndOfLine	_	_	_
# segment_iiif_link = https://impresso-project.ch/api/proxy/iiif/EXP-1998-05-19-a-p0015/106,966,529,72/full/0/default.jpg
président	O	O	O	O	O	O	_	_	_	_	_	_
de	O	O	O	O	O	O	_	_	_	_	_	_
la	O	O	O	O	O	O	_	_	EndOfLine	_	_	_
# segment_iiif_link = https://impresso-project.ch/api/proxy/iiif/EXP-1998-05-19-a-p0015/106,1008,528,72/full/0/default.jpg
Confédération	O	O	O	O	O	O	_	_	_	_	_	_
a	O	O	O	O	O	O	_	_	_	_	_	_
passé	O	O	O	O	O	O	_	_	_	_	_	_
la	O	O	O	O	O	O	_	_	_	_	_	_
journée	O	O	O	O	O	O	_	_	EndOfLine	_	_	_
# segment_iiif_link = https://impresso-project.ch/api/proxy/iiif/EXP-1998-05-19-a-p0015/103,1050,303,72/full/0/default.jpg
en	O	O	O	O	O	O	_	_	_	_	_	_
Cisjordanie	O	O	O	O	O	O	_	_	NoSpaceAfter	_	_	_
.	O	O	O	O	O	O	_	_	EndOfLine	EndOfSentence	_	_
# segment_iiif_link = https://impresso-project.ch/api/proxy/iiif/EXP-1998-05-19-a-p0015/145,1133,487,69/full/0/default.jpg
Il	O	O	O	O	O	O	_	_	_	_	_	_
s	O	O	O	O	O	O	_	_	NoSpaceAfter	_	_	_
'	O	O	O	O	O	O	_	_	NoSpaceAfter	_	_	_
est	O	O	O	O	O	O	_	_	_	_	_	_
notamment	O	O	O	O	O	O	_	_	_	_	_	_
exprimé	O	O	O	O	O	O	_	_	EndOfLine	_	_	_
# segment_iiif_link = https://impresso-project.ch/api/proxy/iiif/EXP-1998-05-19-a-p0015/103,1175,531,69/full/0/default.jpg
devant	O	O	O	O	O	O	_	_	_	_	_	_
un	O	O	O	O	O	O	_	_	_	_	_	_
parterre	O	O	O	O	O	O	_	_	_	_	_	_
de	O	O	O	O	O	O	_	_	EndOfLine	_	_	_
# segment_iiif_link = https://impresso-project.ch/api/proxy/iiif/EXP-1998-05-19-a-p0015/103,1217,531,69/full/0/default.jpg
ministres	O	O	O	O	O	O	_	_	NoSpaceAfter	_	_	_
,	O	O	O	O	O	O	_	_	_	_	_	_
parlementaires	O	O	O	O	O	O	_	_	_	_	_	_
et	O	O	O	O	O	O	_	_	EndOfLine	_	_	_
# segment_iiif_link = https://impresso-project.ch/api/proxy/iiif/EXP-1998-05-19-a-p0015/103,1259,531,69/full/0/default.jpg
représentants	O	O	O	O	O	O	_	_	_	_	_	_
des	O	O	O	O	O	O	_	_	_	_	_	_
milieux	O	O	O	O	O	O	_	_	_	_	_	_
d	O	O	O	O	O	O	_	_	NoSpaceAfter	_	_	_
'	O	O	O	O	O	O	_	_	EndOfLine|NoSpaceAfter	_	_	_
# segment_iiif_link = https://impresso-project.ch/api/proxy/iiif/EXP-1998-05-19-a-p0015/103,1300,529,69/full/0/default.jpg
affaires	O	O	O	O	O	O	_	_	_	_	_	_
à	O	O	O	O	O	O	_	_	_	_	_	_
l	O	O	O	O	O	O	_	_	NoSpaceAfter	_	_	_
'	O	O	O	O	O	O	_	_	NoSpaceAfter	_	_	_
Université	O	O	O	O	O	O	_	_	_	_	_	_
de	O	O	O	O	O	O	_	_	EndOfLine	_	_	_
# segment_iiif_link = https://impresso-project.ch/api/proxy/iiif/EXP-1998-05-19-a-p0015/103,1342,529,69/full/0/default.jpg
Bir	O	O	O	O	O	O	_	_	NoSpaceAfter	_	_	_
-	O	O	O	O	O	O	_	_	NoSpaceAfter	_	_	_
Zeit	O	O	O	O	O	O	_	_	NoSpaceAfter	_	_	_
.	O	O	O	O	O	O	_	_	_	EndOfSentence	_	_
Dans	O	O	O	O	O	O	_	_	_	_	_	_
son	O	O	O	O	O	O	_	_	_	_	_	_
discours	O	O	O	O	O	O	_	_	NoSpaceAfter	_	_	_
,	O	O	O	O	O	O	_	_	_	_	_	_
le	O	O	O	O	O	O	_	_	EndOfLine	_	_	_
# segment_iiif_link = https://impresso-project.ch/api/proxy/iiif/EXP-1998-05-19-a-p0015/103,1384,529,69/full/0/default.jpg
conseiller	O	O	O	O	O	O	_	_	_	_	_	_
fédéral	O	O	O	O	O	O	_	_	_	_	_	_
a	O	O	O	O	O	O	_	_	_	_	_	_
critiqué	O	O	O	O	O	O	_	_	_	_	_	_
la	O	O	O	O	O	O	_	_	EndOfLine	_	_	_
# segment_iiif_link = https://impresso-project.ch/api/proxy/iiif/EXP-1998-05-19-a-p0015/103,1426,529,69/full/0/default.jpg
situation	O	O	O	O	O	O	_	_	_	_	_	_
des	O	O	O	O	O	O	_	_	_	_	_	_
droits	O	O	O	O	O	O	_	_	_	_	_	_
de	O	O	O	O	O	O	_	_	EndOfLine	_	_	_
# segment_iiif_link = https://impresso-project.ch/api/proxy/iiif/EXP-1998-05-19-a-p0015/103,1465,532,69/full/0/default.jpg
l	O	O	O	O	O	O	_	_	NoSpaceAfter	_	_	_
'	O	O	O	O	O	O	_	_	NoSpaceAfter	_	_	_
homme	O	O	O	O	O	O	_	_	_	_	_	_
dans	O	O	O	O	O	O	_	_	_	_	_	_
les	O	O	O	O	O	O	_	_	_	_	_	_
territoires	O	O	O	O	O	O	_	_	NoSpaceAfter	_	_	_
,	O	O	O	O	O	O	_	_	EndOfLine	_	_	_
# segment_iiif_link = https://impresso-project.ch/api/proxy/iiif/EXP-1998-05-19-a-p0015/103,1510,532,69/full/0/default.jpg
estimant	O	O	O	O	O	O	_	_	_	_	_	_
qu	O	O	O	O	O	O	_	_	NoSpaceAfter	_	_	_
'	O	O	O	O	O	O	_	_	NoSpaceAfter	_	_	_
elle	O	O	O	O	O	O	_	_	_	_	_	_
est	O	O	O	O	O	O	_	_	_	_	_	_
«	O	O	O	O	O	O	_	_	_	_	_	_
encore	O	O	O	O	O	O	_	_	EndOfLine	_	_	_
# segment_iiif_link = https://impresso-project.ch/api/proxy/iiif/EXP-1998-05-19-a-p0015/103,1551,531,69/full/0/default.jpg
insatisfaisante	O	O	O	O	O	O	_	_	_	_	_	_
»	O	O	O	O	O	O	_	_	NoSpaceAfter	_	_	_
.	O	O	O	O	O	O	_	_	_	EndOfSentence	_	_
Parmi	O	O	O	O	O	O	_	_	_	_	_	_
les	O	O	O	O	O	O	_	_	EndOfLine	_	_	_
# segment_iiif_link = https://impresso-project.ch/api/proxy/iiif/EXP-1998-05-19-a-p0015/103,1593,532,69/full/0/default.jpg
violations	O	O	O	O	O	O	_	_	NoSpaceAfter	_	_	_
,	O	O	O	O	O	O	_	_	_	_	_	_
il	O	O	O	O	O	O	_	_	_	_	_	_
a	O	O	O	O	O	O	_	_	_	_	_	_
cité	O	O	O	O	O	O	_	_	_	_	_	_
les	O	O	O	O	O	O	_	_	_	_	_	_
tortures	O	O	O	O	O	O	_	_	NoSpaceAfter	_	_	_
,	O	O	O	O	O	O	_	_	EndOfLine	_	_	_
# segment_iiif_link = https://impresso-project.ch/api/proxy/iiif/EXP-1998-05-19-a-p0015/103,1637,532,69/full/0/default.jpg
les	O	O	O	O	O	O	_	_	_	_	_	_
détentions	O	O	O	O	O	O	_	_	_	_	_	_
prolongées	O	O	O	O	O	O	_	_	_	_	_	_
sans	O	O	O	O	O	O	_	_	EndOfLine	_	_	_
# segment_iiif_link = https://impresso-project.ch/api/proxy/iiif/EXP-1998-05-19-a-p0015/101,1679,531,69/full/0/default.jpg
jugement	O	O	O	O	O	O	_	_	_	_	_	_
ou	O	O	O	O	O	O	_	_	_	_	_	_
encore	O	O	O	O	O	O	_	_	_	_	_	_
la	O	O	O	O	O	O	_	_	EndOfLine	_	_	_
# segment_iiif_link = https://impresso-project.ch/api/proxy/iiif/EXP-1998-05-19-a-p0015/103,1719,531,69/full/0/default.jpg
limitation	O	O	O	O	O	O	_	_	_	_	_	_
de	O	O	O	O	O	O	_	_	_	_	_	_
la	O	O	O	O	O	O	_	_	_	_	_	_
liberté	O	O	O	O	O	O	_	_	_	_	_	_
d	O	O	O	O	O	O	_	_	NoSpaceAfter	_	_	_
'	O	O	O	O	O	O	_	_	EndOfLine|NoSpaceAfter	_	_	_
# segment_iiif_link = https://impresso-project.ch/api/proxy/iiif/EXP-1998-05-19-a-p0015/103,1763,84,69/full/0/default.jpg
expression	O	O	O	O	O	O	_	_	NoSpaceAfter	_	_	_
.	O	O	O	O	O	O	_	_	EndOfLine	EndOfSentence	_	_
# segment_iiif_link = https://impresso-project.ch/api/proxy/iiif/EXP-1998-05-19-a-p0015/103,1832,506,72/full/0/default.jpg
Critiques	O	O	O	O	O	O	_	_	_	_	_	_
bien	O	O	O	O	O	O	_	_	_	_	_	_
accueillies	O	O	O	O	O	O	_	_	EndOfLine	_	_	_
# segment_iiif_link = https://impresso-project.ch/api/proxy/iiif/EXP-1998-05-19-a-p0015/145,1888,490,69/full/0/default.jpg
De	O	O	O	O	O	O	_	_	_	_	_	_
son	O	O	O	O	O	O	_	_	_	_	_	_
côté	O	O	O	O	O	O	_	_	NoSpaceAfter	_	_	_
,	O	O	O	O	O	O	_	_	_	_	_	_
l	O	O	O	O	O	O	_	_	NoSpaceAfter	_	_	_
'	O	O	O	O	O	O	_	_	NoSpaceAfter	_	_	_
Autorité	O	O	O	O	O	O	_	_	EndOfLine	_	_	_
# segment_iiif_link = https://impresso-project.ch/api/proxy/iiif/EXP-1998-05-19-a-p0015/103,1930,532,69/full/0/default.jpg
palestinienne	O	O	O	O	O	O	_	_	_	_	_	_
s	O	O	O	O	O	O	_	_	NoSpaceAfter	_	_	_
'	O	O	O	O	O	O	_	_	NoSpaceAfter	_	_	_
est	O	O	O	O	O	O	_	_	_	_	_	_
déclarée	O	O	O	O	O	O	_	_	EndOfLine	_	_	_
# segment_iiif_link = https://impresso-project.ch/api/proxy/iiif/EXP-1998-05-19-a-p0015/103,1969,529,69/full/0/default.jpg
satisfaite	O	O	O	O	O	O	_	_	_	_	_	_
des	O	O	O	O	O	O	_	_	_	_	_	_
critiques	O	O	O	O	O	O	_	_	_	_	_	_
émises	O	O	O	O	O	O	_	_	EndOfLine	_	_	_
# segment_iiif_link = https://impresso-project.ch/api/proxy/iiif/EXP-1998-05-19-a-p0015/103,2011,532,69/full/0/default.jpg
dimanche	O	O	O	O	O	O	_	_	_	_	_	_
par	O	O	O	O	O	O	_	_	_	_	_	_
Flavio	O	O	O	O	O	O	_	_	_	_	_	_
Cotti	O	O	O	O	O	O	_	_	_	_	_	_
à	O	O	O	O	O	O	_	_	EndOfLine	_	_	_
# segment_iiif_link = https://impresso-project.ch/api/proxy/iiif/EXP-1998-05-19-a-p0015/103,2048,531,69/full/0/default.jpg
[	O	O	O	O	O	O	_	_	NoSpaceAfter	_	_	_
'	O	O	O	O	O	O	_	_	_	_	_	_
encontre	O	O	O	O	O	O	_	_	_	_	_	_
de	O	O	O	O	O	O	_	_	_	_	_	_
la	O	O	O	O	O	O	_	_	_	_	_	_
politique	O	O	O	O	O	O	_	_	EndOfLine	_	_	_
# segment_iiif_link = https://impresso-project.ch/api/proxy/iiif/EXP-1998-05-19-a-p0015/103,2097,529,69/full/0/default.jpg
israélienne	O	O	O	O	O	O	_	_	_	_	_	_
de	O	O	O	O	O	O	_	_	_	_	_	_
colonisation	O	O	O	O	O	O	_	_	NoSpaceAfter	_	_	_
.	O	O	O	O	O	O	_	_	EndOfLine	EndOfSentence	_	_
# segment_iiif_link = https://impresso-project.ch/api/proxy/iiif/EXP-1998-05-19-a-p0015/106,2137,526,72/full/0/default.jpg
«	O	O	O	O	O	O	_	_	_	_	_	_
Les	O	O	O	O	O	O	_	_	_	_	_	_
chantiers	O	O	O	O	O	O	_	_	_	_	_	_
en	O	O	O	O	O	O	_	_	_	_	_	_
Cisjordanie	O	O	O	O	O	O	_	_	EndOfLine	_	_	_
# segment_iiif_link = https://impresso-project.ch/api/proxy/iiif/EXP-1998-05-19-a-p0015/103,2178,529,72/full/0/default.jpg
et	O	O	O	O	O	O	_	_	_	_	_	_
à	O	O	O	O	O	O	_	_	_	_	_	_
Gaza	O	O	O	O	O	O	_	_	_	_	_	_
sont	O	O	O	O	O	O	_	_	_	_	_	_
illégaux	O	O	O	O	O	O	_	_	_	_	_	_
»	O	O	O	O	O	O	_	_	NoSpaceAfter	_	_	_
,	O	O	O	O	O	O	_	_	_	_	_	_
a	O	O	O	O	O	O	_	_	EndOfLine	_	_	_
# segment_iiif_link = https://impresso-project.ch/api/proxy/iiif/EXP-1998-05-19-a-p0015/103,2223,529,69/full/0/default.jpg
renchéri	O	O	O	O	O	O	_	_	_	_	_	_
le	O	O	O	O	O	O	_	_	_	_	_	_
ministre	O	O	O	O	O	O	_	_	_	_	_	_
de	O	O	O	O	O	O	_	_	EndOfLine	_	_	_
# segment_iiif_link = https://impresso-project.ch/api/proxy/iiif/EXP-1998-05-19-a-p0015/101,2262,376,72/full/0/default.jpg
l	O	O	O	O	O	O	_	_	NoSpaceAfter	_	_	_
'	O	O	O	O	O	O	_	_	NoSpaceAfter	_	_	_
Education	O	O	O	O	O	O	_	_	_	_	_	_
Manan	O	O	O	O	O	O	_	_	_	_	_	_
Ashrawi	O	O	O	O	O	O	_	_	NoSpaceAfter	_	_	_
.	O	O	O	O	O	O	_	_	EndOfLine	EndOfSentence	_	_
# segment_iiif_link = https://impresso-project.ch/api/proxy/iiif/EXP-1998-05-19-a-p0015/145,2306,490,69/full/0/default.jpg
En	O	O	O	O	O	O	_	_	_	_	_	_
visitant	O	O	O	O	O	O	_	_	_	_	_	_
le	O	O	O	O	O	O	_	_	_	_	_	_
Parlement	O	O	O	O	O	O	_	_	_	_	_	_
à	O	O	O	O	O	O	_	_	EndOfLine	_	_	_
# segment_iiif_link = https://impresso-project.ch/api/proxy/iiif/EXP-1998-05-19-a-p0015/103,2348,531,69/full/0/default.jpg
Ramallah	O	O	O	O	O	O	_	_	NoSpaceAfter	_	_	_
.	O	O	O	O	O	O	_	_	_	EndOfSentence	_	_
Flavio	O	O	O	O	O	O	_	_	_	_	_	_
Cotti	O	O	O	O	O	O	_	_	_	_	_	_
a	O	O	O	O	O	O	_	_	_	_	_	_
relevé	O	O	O	O	O	O	_	_	EndOfLine	_	_	_
# segment_iiif_link = https://impresso-project.ch/api/proxy/iiif/EXP-1998-05-19-a-p0015/684,629,528,69/full/0/default.jpg
que	O	O	O	O	O	O	_	_	_	_	_	_
cette	O	O	O	O	O	O	_	_	_	_	_	_
institution	O	O	O	O	O	O	_	_	_	_	_	_
reposait	O	O	O	O	O	O	_	_	EndOfLine	_	_	_
# segment_iiif_link = https://impresso-project.ch/api/proxy/iiif/EXP-1998-05-19-a-p0015/684,671,531,69/full/0/default.jpg
sur	O	O	O	O	O	O	_	_	_	_	_	_
des	O	O	O	O	O	O	_	_	_	_	_	_
bases	O	O	O	O	O	O	_	_	_	_	_	_
juridiques	O	O	O	O	O	O	_	_	EndOfLine	_	_	_
# segment_iiif_link = https://impresso-project.ch/api/proxy/iiif/EXP-1998-05-19-a-p0015/684,713,526,69/full/0/default.jpg
similaires	O	O	O	O	O	O	_	_	_	_	_	_
à	O	O	O	O	O	O	_	_	_	_	_	_
celles	O	O	O	O	O	O	_	_	_	_	_	_
de	O	O	O	O	O	O	_	_	_	_	_	_
l	O	O	O	O	O	O	_	_	NoSpaceAfter	_	_	_
'	O	O	O	O	O	O	_	_	NoSpaceAfter	_	_	_
Etat	O	O	O	O	O	O	_	_	_	_	_	_
fédéral	O	O	O	O	O	O	_	_	EndOfLine	_	_	_
# segment_iiif_link = https://impresso-project.ch/api/proxy/iiif/EXP-1998-05-19-a-p0015/684,755,531,69/full/0/default.jpg
lors	O	O	O	O	O	O	_	_	_	_	_	_
de	O	O	O	O	O	O	_	_	_	_	_	_
sa	O	O	O	O	O	O	_	_	_	_	_	_
création	O	O	O	O	O	O	_	_	_	_	_	_
en	O	O	O	O	O	O	_	_	_	_	_	_
1848	O	O	O	O	O	O	_	_	NoSpaceAfter	_	_	_
.	O	O	O	O	O	O	_	_	_	EndOfSentence	_	_
Le	O	O	O	O	O	O	_	_	EndOfLine	_	_	_
# segment_iiif_link = https://impresso-project.ch/api/proxy/iiif/EXP-1998-05-19-a-p0015/684,796,525,69/full/0/default.jpg
président	O	O	O	O	O	O	_	_	_	_	_	_
de	O	O	O	O	O	O	_	_	_	_	_	_
la	O	O	O	O	O	O	_	_	_	_	_	_
Confédération	O	O	O	O	O	O	_	_	EndOfLine	_	_	_
# segment_iiif_link = https://impresso-project.ch/api/proxy/iiif/EXP-1998-05-19-a-p0015/684,838,529,69/full/0/default.jpg
a	O	O	O	O	O	O	_	_	_	_	_	_
loué	O	O	O	O	O	O	_	_	_	_	_	_
les	O	O	O	O	O	O	_	_	_	_	_	_
efforts	O	O	O	O	O	O	_	_	_	_	_	_
pour	O	O	O	O	O	O	_	_	_	_	_	_
établir	O	O	O	O	O	O	_	_	EndOfLine	_	_	_
# segment_iiif_link = https://impresso-project.ch/api/proxy/iiif/EXP-1998-05-19-a-p0015/684,880,246,69/full/0/default.jpg
la	O	O	O	O	O	O	_	_	_	_	_	_
démocratie	O	O	O	O	O	O	_	_	NoSpaceAfter	_	_	_
.	O	O	O	O	O	O	_	_	EndOfLine	EndOfSentence	_	_
# segment_iiif_link = https://impresso-project.ch/api/proxy/iiif/EXP-1998-05-19-a-p0015/725,922,489,69/full/0/default.jpg
Les	O	O	O	O	O	O	_	_	_	_	_	_
interlocuteurs	O	O	O	O	O	O	_	_	EndOfLine	_	_	_
# segment_iiif_link = https://impresso-project.ch/api/proxy/iiif/EXP-1998-05-19-a-p0015/684,964,530,69/full/0/default.jpg
palestiniens	O	O	O	O	O	O	_	_	_	_	_	_
de	O	O	O	O	O	O	_	_	_	_	_	_
M	O	O	O	O	O	O	_	_	NoSpaceAfter	_	_	_
.	O	O	O	O	O	O	_	_	_	_	_	_
Cotti	O	O	O	O	O	O	_	_	_	_	_	_
ont	O	O	O	O	O	O	_	_	EndOfLine	_	_	_
# segment_iiif_link = https://impresso-project.ch/api/proxy/iiif/EXP-1998-05-19-a-p0015/684,1005,531,69/full/0/default.jpg
manifesté	O	O	O	O	O	O	_	_	_	_	_	_
un	O	O	O	O	O	O	_	_	_	_	_	_
vif	O	O	O	O	O	O	_	_	_	_	_	_
intérêt	O	O	O	O	O	O	_	_	_	_	_	_
pour	O	O	O	O	O	O	_	_	_	_	_	_
le	O	O	O	O	O	O	_	_	EndOfLine	_	_	_
# segment_iiif_link = https://impresso-project.ch/api/proxy/iiif/EXP-1998-05-19-a-p0015/684,1047,531,69/full/0/default.jpg
débat	O	O	O	O	O	O	_	_	_	_	_	_
sur	O	O	O	O	O	O	_	_	_	_	_	_
le	O	O	O	O	O	O	_	_	_	_	_	_
rôle	O	O	O	O	O	O	_	_	_	_	_	_
de	O	O	O	O	O	O	_	_	_	_	_	_
la	O	O	O	O	O	O	_	_	_	_	_	_
Suisse	O	O	O	O	O	O	_	_	EndOfLine	_	_	_
# segment_iiif_link = https://impresso-project.ch/api/proxy/iiif/EXP-1998-05-19-a-p0015/681,1089,531,69/full/0/default.jpg
durant	O	O	O	O	O	O	_	_	_	_	_	_
la	O	O	O	O	O	O	_	_	_	_	_	_
Deuxième	O	O	O	O	O	O	_	_	_	_	_	_
Guerre	O	O	O	O	O	O	_	_	EndOfLine	_	_	_
# segment_iiif_link = https://impresso-project.ch/api/proxy/iiif/EXP-1998-05-19-a-p0015/684,1133,533,69/full/0/default.jpg
mondiale	O	O	O	O	O	O	_	_	NoSpaceAfter	_	_	_
.	O	O	O	O	O	O	_	_	_	EndOfSentence	_	_
«	O	O	O	O	O	O	_	_	_	_	_	_
Nous	O	O	O	O	O	O	_	_	_	_	_	_
refusons	O	O	O	O	O	O	_	_	EndOfLine	_	_	_
# segment_iiif_link = https://impresso-project.ch/api/proxy/iiif/EXP-1998-05-19-a-p0015/684,1173,530,72/full/0/default.jpg
que	O	O	O	O	O	O	_	_	_	_	_	_
de	O	O	O	O	O	O	_	_	_	_	_	_
l	O	O	O	O	O	O	_	_	NoSpaceAfter	_	_	_
'	O	O	O	O	O	O	_	_	NoSpaceAfter	_	_	_
argent	O	O	O	O	O	O	_	_	_	_	_	_
suisse	O	O	O	O	O	O	_	_	_	_	_	_
versé	O	O	O	O	O	O	_	_	_	_	_	_
en	O	O	O	O	O	O	_	_	EndOfLine	_	_	_
# segment_iiif_link = https://impresso-project.ch/api/proxy/iiif/EXP-1998-05-19-a-p0015/684,1214,531,69/full/0/default.jpg
dédommagement	O	O	O	O	O	O	_	_	_	_	_	_
soit	O	O	O	O	O	O	_	_	_	_	_	_
utilisé	O	O	O	O	O	O	_	_	EndOfLine	_	_	_
# segment_iiif_link = https://impresso-project.ch/api/proxy/iiif/EXP-1998-05-19-a-p0015/681,1259,534,69/full/0/default.jpg
pour	O	O	O	O	O	O	_	_	_	_	_	_
construire	O	O	O	O	O	O	_	_	_	_	_	_
des	O	O	O	O	O	O	_	_	_	_	_	_
colonies	O	O	O	O	O	O	_	_	EndOfLine	_	_	_
# segment_iiif_link = https://impresso-project.ch/api/proxy/iiif/EXP-1998-05-19-a-p0015/684,1298,531,72/full/0/default.jpg
dans	O	O	O	O	O	O	_	_	_	_	_	_
nos	O	O	O	O	O	O	_	_	_	_	_	_
territoires	O	O	O	O	O	O	_	_	_	_	_	_
»	O	O	O	O	O	O	_	_	NoSpaceAfter	_	_	_
,	O	O	O	O	O	O	_	_	_	_	_	_
a	O	O	O	O	O	O	_	_	_	_	_	_
dit	O	O	O	O	O	O	_	_	_	_	_	_
le	O	O	O	O	O	O	_	_	EndOfLine	_	_	_
# segment_iiif_link = https://impresso-project.ch/api/proxy/iiif/EXP-1998-05-19-a-p0015/681,1340,534,69/full/0/default.jpg
président	O	O	O	O	O	O	_	_	_	_	_	_
du	O	O	O	O	O	O	_	_	_	_	_	_
Parlement	O	O	O	O	O	O	_	_	NoSpaceAfter	_	_	_
,	O	O	O	O	O	O	_	_	EndOfLine	_	_	_
# segment_iiif_link = https://impresso-project.ch/api/proxy/iiif/EXP-1998-05-19-a-p0015/684,1384,196,69/full/0/default.jpg
Achmed	O	O	O	O	O	O	_	_	_	_	_	_
Kurei	O	O	O	O	O	O	_	_	NoSpaceAfter	_	_	_
.	O	O	O	O	O	O	_	_	EndOfLine	EndOfSentence	_	_
# segment_iiif_link = https://impresso-project.ch/api/proxy/iiif/EXP-1998-05-19-a-p0015/723,1426,492,69/full/0/default.jpg
Le	O	O	O	O	O	O	_	_	_	_	_	_
chef	O	O	O	O	O	O	_	_	_	_	_	_
du	O	O	O	O	O	O	_	_	_	_	_	_
Département	O	O	O	O	O	O	_	_	EndOfLine	_	_	_
# segment_iiif_link = https://impresso-project.ch/api/proxy/iiif/EXP-1998-05-19-a-p0015/681,1465,531,69/full/0/default.jpg
fédéral	O	O	O	O	O	O	_	_	_	_	_	_
des	O	O	O	O	O	O	_	_	_	_	_	_
Affaires	O	O	O	O	O	O	_	_	_	_	_	_
étrangères	O	O	O	O	O	O	_	_	EndOfLine	_	_	_
# segment_iiif_link = https://impresso-project.ch/api/proxy/iiif/EXP-1998-05-19-a-p0015/684,1507,531,69/full/0/default.jpg
(	O	O	O	O	O	O	_	_	NoSpaceAfter	_	_	_
DFAE	O	O	O	O	O	O	_	_	NoSpaceAfter	_	_	_
)	O	O	O	O	O	O	_	_	_	_	_	_
a	O	O	O	O	O	O	_	_	_	_	_	_
en	O	O	O	O	O	O	_	_	_	_	_	_
outre	O	O	O	O	O	O	_	_	_	_	_	_
fait	O	O	O	O	O	O	_	_	_	_	_	_
part	O	O	O	O	O	O	_	_	_	_	_	_
de	O	O	O	O	O	O	_	_	EndOfLine	_	_	_
# segment_iiif_link = https://impresso-project.ch/api/proxy/iiif/EXP-1998-05-19-a-p0015/684,1551,529,69/full/0/default.jpg
sa	O	O	O	O	O	O	_	_	_	_	_	_
tristesse	O	O	O	O	O	O	_	_	_	_	_	_
après	O	O	O	O	O	O	_	_	_	_	_	_
les	O	O	O	O	O	O	_	_	_	_	_	_
heurts	O	O	O	O	O	O	_	_	EndOfLine	_	_	_
# segment_iiif_link = https://impresso-project.ch/api/proxy/iiif/EXP-1998-05-19-a-p0015/684,1593,528,67/full/0/default.jpg
sanglants	O	O	O	O	O	O	_	_	_	_	_	_
de	O	O	O	O	O	O	_	_	_	_	_	_
ces	O	O	O	O	O	O	_	_	_	_	_	_
derniers	O	O	O	O	O	O	_	_	EndOfLine	_	_	_
# segment_iiif_link = https://impresso-project.ch/api/proxy/iiif/EXP-1998-05-19-a-p0015/681,1635,533,69/full/0/default.jpg
jours	O	O	O	O	O	O	_	_	NoSpaceAfter	_	_	_
.	O	O	O	O	O	O	_	_	_	EndOfSentence	_	_
Il	O	O	O	O	O	O	_	_	_	_	_	_
a	O	O	O	O	O	O	_	_	_	_	_	_
appelé	O	O	O	O	O	O	_	_	_	_	_	_
les	O	O	O	O	O	O	_	_	EndOfLine	_	_	_
# segment_iiif_link = https://impresso-project.ch/api/proxy/iiif/EXP-1998-05-19-a-p0015/681,1677,533,69/full/0/default.jpg
Palestiniens	O	O	O	O	O	O	_	_	_	_	_	_
à	O	O	O	O	O	O	_	_	_	_	_	_
poursuivre	O	O	O	O	O	O	_	_	_	_	_	_
sur	O	O	O	O	O	O	_	_	_	_	_	_
le	O	O	O	O	O	O	_	_	EndOfLine	_	_	_
# segment_iiif_link = https://impresso-project.ch/api/proxy/iiif/EXP-1998-05-19-a-p0015/684,1719,528,69/full/0/default.jpg
chemin	O	O	O	O	O	O	_	_	_	_	_	_
des	O	O	O	O	O	O	_	_	_	_	_	_
Accords	O	O	O	O	O	O	_	_	_	_	_	_
d	O	O	O	O	O	O	_	_	NoSpaceAfter	_	_	_
'	O	O	O	O	O	O	_	_	NoSpaceAfter	_	_	_
Oslo	O	O	O	O	O	O	_	_	_	_	_	_
dans	O	O	O	O	O	O	_	_	EndOfLine	_	_	_
# segment_iiif_link = https://impresso-project.ch/api/proxy/iiif/EXP-1998-05-19-a-p0015/681,1760,534,69/full/0/default.jpg
un	O	O	O	O	O	O	_	_	_	_	_	_
climat	O	O	O	O	O	O	_	_	_	_	_	_
de	O	O	O	O	O	O	_	_	_	_	_	_
tolérance	O	O	O	O	O	O	_	_	NoSpaceAfter	_	_	_
,	O	O	O	O	O	O	_	_	EndOfLine	_	_	_
# segment_iiif_link = https://impresso-project.ch/api/proxy/iiif/EXP-1998-05-19-a-p0015/681,1802,534,69/full/0/default.jpg
malgré	O	O	O	O	O	O	_	_	_	_	_	_
les	O	O	O	O	O	O	_	_	_	_	_	_
obstacles	O	O	O	O	O	O	_	_	_	_	_	_
et	O	O	O	O	O	O	_	_	_	_	_	_
les	O	O	O	O	O	O	_	_	EndOfLine	_	_	_
# segment_iiif_link = https://impresso-project.ch/api/proxy/iiif/EXP-1998-05-19-a-p0015/681,1844,136,69/full/0/default.jpg
provocations	O	O	O	O	O	O	_	_	NoSpaceAfter	_	_	_
.	O	O	O	O	O	O	_	_	EndOfLine	EndOfSentence	_	_
# segment_iiif_link = https://impresso-project.ch/api/proxy/iiif/EXP-1998-05-19-a-p0015/681,1915,288,72/full/0/default.jpg
Visite	O	O	O	O	O	O	_	_	_	_	_	_
annulée	O	O	O	O	O	O	_	_	EndOfLine	_	_	_
# segment_iiif_link = https://impresso-project.ch/api/proxy/iiif/EXP-1998-05-19-a-p0015/723,1969,489,69/full/0/default.jpg
Pour	O	O	O	O	O	O	_	_	_	_	_	_
des	O	O	O	O	O	O	_	_	_	_	_	_
raisons	O	O	O	O	O	O	_	_	_	_	_	_
de	O	O	O	O	O	O	_	_	EndOfLine	_	_	_
# segment_iiif_link = https://impresso-project.ch/api/proxy/iiif/EXP-1998-05-19-a-p0015/681,2011,529,69/full/0/default.jpg
sécurité	O	O	O	O	O	O	_	_	NoSpaceAfter	_	_	_
,	O	O	O	O	O	O	_	_	_	_	_	_
la	O	O	O	O	O	O	_	_	_	_	_	_
visite	O	O	O	O	O	O	_	_	_	_	_	_
que	O	O	O	O	O	O	_	_	_	_	_	_
Flavio	O	O	O	O	O	O	_	_	_	_	_	_
Cotti	O	O	O	O	O	O	_	_	EndOfLine	_	_	_
# segment_iiif_link = https://impresso-project.ch/api/proxy/iiif/EXP-1998-05-19-a-p0015/681,2053,531,69/full/0/default.jpg
devait	O	O	O	O	O	O	_	_	_	_	_	_
rendre	O	O	O	O	O	O	_	_	_	_	_	_
à	O	O	O	O	O	O	_	_	_	_	_	_
la	O	O	O	O	O	O	_	_	_	_	_	_
mission	O	O	O	O	O	O	_	_	EndOfLine	_	_	_
# segment_iiif_link = https://impresso-project.ch/api/proxy/iiif/EXP-1998-05-19-a-p0015/681,2095,532,69/full/0/default.jpg
internationale	O	O	O	O	O	O	_	_	_	_	_	_
stationnée	O	O	O	O	O	O	_	_	_	_	_	_
à	O	O	O	O	O	O	_	_	_	_	_	_
Hé	O	O	O	O	O	O	_	_	EndOfLine	_	_	_
# segment_iiif_link = https://impresso-project.ch/api/proxy/iiif/EXP-1998-05-19-a-p0015/681,2137,531,69/full/0/default.jpg
bron	O	O	O	O	O	O	_	_	_	_	_	_
(	O	O	O	O	O	O	_	_	NoSpaceAfter	_	_	_
TIPH	O	O	O	O	O	O	_	_	NoSpaceAfter	_	_	_
)	O	O	O	O	O	O	_	_	_	_	_	_
a	O	O	O	O	O	O	_	_	_	_	_	_
été	O	O	O	O	O	O	_	_	_	_	_	_
annulée	O	O	O	O	O	O	_	_	NoSpaceAfter	_	_	_
.	O	O	O	O	O	O	_	_	EndOfLine	EndOfSentence	_	_
# segment_iiif_link = https://impresso-project.ch/api/proxy/iiif/EXP-1998-05-19-a-p0015/681,2178,529,69/full/0/default.jpg
Dans	O	O	O	O	O	O	_	_	_	_	_	_
cette	O	O	O	O	O	O	_	_	_	_	_	_
ville	O	O	O	O	O	O	_	_	NoSpaceAfter	_	_	_
,	O	O	O	O	O	O	_	_	_	_	_	_
des	O	O	O	O	O	O	_	_	EndOfLine	_	_	_
# segment_iiif_link = https://impresso-project.ch/api/proxy/iiif/EXP-1998-05-19-a-p0015/681,2220,532,69/full/0/default.jpg
affrontements	O	O	O	O	O	O	_	_	_	_	_	_
ont	O	O	O	O	O	O	_	_	_	_	_	_
opposé	O	O	O	O	O	O	_	_	_	_	_	_
lundi	O	O	O	O	O	O	_	_	_	_	_	_
des	O	O	O	O	O	O	_	_	EndOfLine	_	_	_
# segment_iiif_link = https://impresso-project.ch/api/proxy/iiif/EXP-1998-05-19-a-p0015/681,2262,531,72/full/0/default.jpg
Palestiniens	O	O	O	O	O	O	_	_	_	_	_	_
à	O	O	O	O	O	O	_	_	_	_	_	_
la	O	O	O	O	O	O	_	_	_	_	_	_
police	O	O	O	O	O	O	_	_	EndOfLine	_	_	_
# segment_iiif_link = https://impresso-project.ch/api/proxy/iiif/EXP-1998-05-19-a-p0015/681,2306,531,69/full/0/default.jpg
israélienne	O	O	O	O	O	O	_	_	NoSpaceAfter	_	_	_
,	O	O	O	O	O	O	_	_	_	_	_	_
pour	O	O	O	O	O	O	_	_	_	_	_	_
la	O	O	O	O	O	O	_	_	_	_	_	_
cinquième	O	O	O	O	O	O	_	_	EndOfLine	_	_	_
# segment_iiif_link = https://impresso-project.ch/api/proxy/iiif/EXP-1998-05-19-a-p0015/681,2348,531,69/full/0/default.jpg
journée	O	O	O	O	O	O	_	_	_	_	_	_
consécutive	O	O	O	O	O	O	_	_	NoSpaceAfter	_	_	_
.	O	O	O	O	O	O	_	_	_	EndOfSentence	_	_
Six	O	O	O	O	O	O	_	_	EndOfLine	_	_	_
# segment_iiif_link = https://impresso-project.ch/api/proxy/iiif/EXP-1998-05-19-a-p0015/1264,627,529,69/full/0/default.jpg
personnes	O	O	O	O	O	O	_	_	_	_	_	_
ont	O	O	O	O	O	O	_	_	_	_	_	_
été	O	O	O	O	O	O	_	_	_	_	_	_
blessées	O	O	O	O	O	O	_	_	_	_	_	_
par	O	O	O	O	O	O	_	_	EndOfLine	_	_	_
# segment_iiif_link = https://impresso-project.ch/api/proxy/iiif/EXP-1998-05-19-a-p0015/1264,669,450,69/full/0/default.jpg
des	O	O	O	O	O	O	_	_	_	_	_	_
balles	O	O	O	O	O	O	_	_	_	_	_	_
de	O	O	O	O	O	O	_	_	_	_	_	_
caoutchouc	O	O	O	O	O	O	_	_	NoSpaceAfter	_	_	_
.	O	O	O	O	O	O	_	_	EndOfLine	EndOfSentence	_	_
# segment_iiif_link = https://impresso-project.ch/api/proxy/iiif/EXP-1998-05-19-a-p0015/1303,710,492,69/full/0/default.jpg
En	O	O	O	O	O	O	_	_	_	_	_	_
soirée	O	O	O	O	O	O	_	_	NoSpaceAfter	_	_	_
,	O	O	O	O	O	O	_	_	_	_	_	_
Flavio	O	O	O	O	O	O	_	_	_	_	_	_
Cotti	O	O	O	O	O	O	_	_	EndOfLine	_	_	_
# segment_iiif_link = https://impresso-project.ch/api/proxy/iiif/EXP-1998-05-19-a-p0015/1264,752,531,69/full/0/default.jpg
devait	O	O	O	O	O	O	_	_	_	_	_	_
encore	O	O	O	O	O	O	_	_	_	_	_	_
rencontrer	O	O	O	O	O	O	_	_	_	_	_	_
le	O	O	O	O	O	O	_	_	EndOfLine	_	_	_
# segment_iiif_link = https://impresso-project.ch/api/proxy/iiif/EXP-1998-05-19-a-p0015/1264,2304,1694,72/full/0/default.jpg
pre	O	O	O	O	O	O	_	_	NoSpaceAfter	_	_	_
-	O	O	O	O	O	O	_	_	NoSpaceAfter	_	_	_
Le	O	O	O	O	O	O	_	_	_	_	_	_
président	O	O	O	O	O	O	_	_	_	_	_	_
de	O	O	O	O	O	O	_	_	_	_	_	_
la	O	O	O	O	O	O	_	_	_	_	_	_
Confédération	O	O	O	O	O	O	_	_	_	_	_	_
a	O	O	O	O	O	O	_	_	_	_	_	_
visite	O	O	O	O	O	O	_	_	_	_	_	_
un	O	O	O	O	O	O	_	_	_	_	_	_
camp	O	O	O	O	O	O	_	_	_	_	_	_
de	O	O	O	O	O	O	_	_	_	_	_	_
réfugies	O	O	O	O	O	O	_	_	_	_	_	_
près	O	O	O	O	O	O	_	_	_	_	_	_
de	O	O	O	O	O	O	_	_	_	_	_	_
Ramallah	O	O	O	O	O	O	_	_	_	_	_	_
en	O	O	O	O	O	O	_	_	EndOfLine	_	_	_
# segment_iiif_link = https://impresso-project.ch/api/proxy/iiif/EXP-1998-05-19-a-p0015/1264,2346,1692,72/full/0/default.jpg
Cisjordanie	O	O	O	O	O	O	_	_	NoSpaceAfter	_	_	_
.	O	O	O	O	O	O	_	_	_	EndOfSentence	_	_
photo	O	O	O	O	O	O	_	_	_	_	_	_
Keystone	O	O	O	O	O	O	_	_	EndOfLine	_	_	_
# segment_iiif_link = https://impresso-project.ch/api/proxy/iiif/EXP-1998-05-19-a-p0015/1844,627,529,69/full/0/default.jpg
mier	O	O	O	O	O	O	_	_	_	_	_	_
ministre	O	O	O	O	O	O	_	_	_	_	_	_
israélien	O	O	O	O	O	O	_	_	EndOfLine	_	_	_
# segment_iiif_link = https://impresso-project.ch/api/proxy/iiif/EXP-1998-05-19-a-p0015/1844,669,527,69/full/0/default.jpg
Benjamin	O	O	O	O	O	O	_	_	_	_	_	_
Nétanyahou	O	O	O	O	O	O	_	_	NoSpaceAfter	_	_	_
,	O	O	O	O	O	O	_	_	_	_	_	_
ultime	O	O	O	O	O	O	_	_	_	_	_	_
point	O	O	O	O	O	O	_	_	EndOfLine	_	_	_
# segment_iiif_link = https://impresso-project.ch/api/proxy/iiif/EXP-1998-05-19-a-p0015/1844,710,529,69/full/0/default.jpg
fort	O	O	O	O	O	O	_	_	_	_	_	_
de	O	O	O	O	O	O	_	_	_	_	_	_
son	O	O	O	O	O	O	_	_	_	_	_	_
voyage	O	O	O	O	O	O	_	_	_	_	_	_
au	O	O	O	O	O	O	_	_	EndOfLine	_	_	_
# segment_iiif_link = https://impresso-project.ch/api/proxy/iiif/EXP-1998-05-19-a-p0015/1844,752,529,69/full/0/default.jpg
Proche	O	O	O	O	O	O	_	_	NoSpaceAfter	_	_	_
-	O	O	O	O	O	O	_	_	NoSpaceAfter	_	_	_
Orient	O	O	O	O	O	O	_	_	NoSpaceAfter	_	_	_
.	O	O	O	O	O	O	_	_	_	EndOfSentence	_	_
Le	O	O	O	O	O	O	_	_	_	_	_	_
processus	O	O	O	O	O	O	_	_	_	_	_	_
de	O	O	O	O	O	O	_	_	_	_	_	_
paix	O	O	O	O	O	O	_	_	EndOfLine	_	_	_
# segment_iiif_link = https://impresso-project.ch/api/proxy/iiif/EXP-1998-05-19-a-p0015/2425,624,528,69/full/0/default.jpg
dans	O	O	O	O	O	O	_	_	_	_	_	_
la	O	O	O	O	O	O	_	_	_	_	_	_
région	O	O	O	O	O	O	_	_	_	_	_	_
et	O	O	O	O	O	O	_	_	_	_	_	_
le	O	O	O	O	O	O	_	_	_	_	_	_
rôle	O	O	O	O	O	O	_	_	_	_	_	_
de	O	O	O	O	O	O	_	_	_	_	_	_
la	O	O	O	O	O	O	_	_	EndOfLine	_	_	_
# segment_iiif_link = https://impresso-project.ch/api/proxy/iiif/EXP-1998-05-19-a-p0015/2425,666,528,72/full/0/default.jpg
Suisse	O	O	O	O	O	O	_	_	_	_	_	_
durant	O	O	O	O	O	O	_	_	_	_	_	_
la	O	O	O	O	O	O	_	_	_	_	_	_
Deuxième	O	O	O	O	O	O	_	_	EndOfLine	_	_	_
# segment_iiif_link = https://impresso-project.ch/api/proxy/iiif/EXP-1998-05-19-a-p0015/2425,710,526,69/full/0/default.jpg
Guerre	O	O	O	O	O	O	_	_	_	_	_	_
mondiale	O	O	O	O	O	O	_	_	_	_	_	_
figuraient	O	O	O	O	O	O	_	_	_	_	_	_
au	O	O	O	O	O	O	_	_	EndOfLine	_	_	_
# segment_iiif_link = https://impresso-project.ch/api/proxy/iiif/EXP-1998-05-19-a-p0015/2425,752,428,69/full/0/default.jpg
menu	O	O	O	O	O	O	_	_	_	_	_	_
des	O	O	O	O	O	O	_	_	_	_	_	_
entretiens	O	O	O	O	O	O	_	_	NoSpaceAfter	_	_	_
.	O	O	O	O	O	O	_	_	_	EndOfSentence	_	_
/	O	O	O	O	O	O	_	_	_	_	_	_
ats	B-org	O	B-org.ent.pressagency.ATS-SDA	O	O	O	Q430109	_	EndOfLine	EndOfSentence	LED0.00	_

# language = fr
# newspaper = GDL
# date = 1840-06-16
# document_id = GDL-1840-06-16-a-i0014
# news-agency-as-source = _
# segment_iiif_link = https://impresso-project.ch/api/proxy/iiif/GDL-1840-06-16-a-p0004/580,1125,498,75/full/0/default.jpg
POST	O	O	O	O	O	O	_	_	NoSpaceAfter	_	_	_
-	O	O	O	O	O	O	_	_	NoSpaceAfter	_	_	_
SC	O	O	O	O	O	O	_	_	_	_	_	_
1	O	O	O	O	O	O	_	_	_	_	_	_
UPTUM	O	O	O	O	O	O	_	_	EndOfLine	_	_	_
# segment_iiif_link = https://impresso-project.ch/api/proxy/iiif/GDL-1840-06-16-a-p0004/670,1198,293,50/full/0/default.jpg
LONDRES	O	O	O	O	O	O	_	_	_	_	_	_
ri	O	O	O	O	O	O	_	_	_	_	_	_
juin	O	O	O	O	O	O	_	_	NoSpaceAfter	_	_	_
.	O	O	O	O	O	O	_	_	EndOfLine	EndOfSentence	_	_
# segment_iiif_link = https://impresso-project.ch/api/proxy/iiif/GDL-1840-06-16-a-p0004/213,1248,1162,55/full/0/default.jpg
Un	O	O	O	O	O	O	_	_	_	_	_	_
attentat	O	O	O	O	O	O	_	_	_	_	_	_
inexplicable	O	O	O	O	O	O	_	_	_	_	_	_
vient	O	O	O	O	O	O	_	_	_	_	_	_
de	O	O	O	O	O	O	_	_	_	_	_	_
jeter	O	O	O	O	O	O	_	_	_	_	_	_
l	O	O	O	O	O	O	_	_	NoSpaceAfter	_	_	_
'	O	O	O	O	O	O	_	_	NoSpaceAfter	_	_	_
alarme	O	O	O	O	O	O	_	_	_	_	_	_
dans	O	O	O	O	O	O	_	_	_	_	_	_
Londres	O	O	O	O	O	O	_	_	NoSpaceAfter	_	_	_
.	O	O	O	O	O	O	_	_	EndOfLine	EndOfSentence	_	_
# segment_iiif_link = https://impresso-project.ch/api/proxy/iiif/GDL-1840-06-16-a-p0004/212,1302,1248,55/full/0/default.jpg
Hier	O	O	O	O	O	O	_	_	NoSpaceAfter	_	_	_
,	O	O	O	O	O	O	_	_	_	_	_	_
vers	O	O	O	O	O	O	_	_	_	_	_	_
6	O	O	O	O	O	O	_	_	_	_	_	_
heures	O	O	O	O	O	O	_	_	_	_	_	_
du	O	O	O	O	O	O	_	_	_	_	_	_
soir	O	O	O	O	O	O	_	_	NoSpaceAfter	_	_	_
,	O	O	O	O	O	O	_	_	_	_	_	_
la	O	O	O	O	O	O	_	_	_	_	_	_
reine	O	O	O	O	O	O	_	_	_	_	_	_
se	O	O	O	O	O	O	_	_	_	_	_	_
promenait	O	O	O	O	O	O	_	_	_	_	_	_
en	O	O	O	O	O	O	_	_	_	_	_	_
voiture	O	O	O	O	O	O	_	_	_	_	_	_
avec	O	O	O	O	O	O	_	_	EndOfLine	_	_	_
# segment_iiif_link = https://impresso-project.ch/api/proxy/iiif/GDL-1840-06-16-a-p0004/170,1342,1288,55/full/0/default.jpg
le	O	O	O	O	O	O	_	_	_	_	_	_
prince	O	O	O	O	O	O	_	_	_	_	_	_
Albert	O	O	O	O	O	O	_	_	_	_	_	_
dans	O	O	O	O	O	O	_	_	_	_	_	_
le	O	O	O	O	O	O	_	_	_	_	_	_
parc	O	O	O	O	O	O	_	_	_	_	_	_
de	O	O	O	O	O	O	_	_	_	_	_	_
Saint	O	O	O	O	O	O	_	_	NoSpaceAfter	_	_	_
-	O	O	O	O	O	O	_	_	NoSpaceAfter	_	_	_
James	O	O	O	O	O	O	_	_	_	_	_	_
;	O	O	O	O	O	O	_	_	_	_	_	_
la	O	O	O	O	O	O	_	_	_	_	_	_
foule	O	O	O	O	O	O	_	_	_	_	_	_
se	O	O	O	O	O	O	_	_	_	_	_	_
pressait	O	O	O	O	O	O	_	_	_	_	_	_
sur	O	O	O	O	O	O	_	_	EndOfLine	_	_	_
# segment_iiif_link = https://impresso-project.ch/api/proxy/iiif/GDL-1840-06-16-a-p0004/172,1382,1285,55/full/0/default.jpg
leur	O	O	O	O	O	O	_	_	_	_	_	_
passage	O	O	O	O	O	O	_	_	_	_	_	_
lorsqu	O	O	O	O	O	O	_	_	NoSpaceAfter	_	_	_
'	O	O	O	O	O	O	_	_	NoSpaceAfter	_	_	_
un	O	O	O	O	O	O	_	_	_	_	_	_
jeune	O	O	O	O	O	O	_	_	_	_	_	_
homme	O	O	O	O	O	O	_	_	_	_	_	_
qui	O	O	O	O	O	O	_	_	_	_	_	_
avail	O	O	O	O	O	O	_	_	_	_	_	_
le	O	O	O	O	O	O	_	_	_	_	_	_
dos	O	O	O	O	O	O	_	_	_	_	_	_
appuyé	O	O	O	O	O	O	_	_	_	_	_	_
sur	O	O	O	O	O	O	_	_	_	_	_	_
la	O	O	O	O	O	O	_	_	EndOfLine	_	_	_
# segment_iiif_link = https://impresso-project.ch/api/proxy/iiif/GDL-1840-06-16-a-p0004/170,1422,1287,55/full/0/default.jpg
grille	O	O	O	O	O	O	_	_	_	_	_	_
fil	O	O	O	O	O	O	_	_	_	_	_	_
feu	O	O	O	O	O	O	_	_	_	_	_	_
sur	O	O	O	O	O	O	_	_	_	_	_	_
le	O	O	O	O	O	O	_	_	_	_	_	_
couple	O	O	O	O	O	O	_	_	_	_	_	_
royal	O	O	O	O	O	O	_	_	NoSpaceAfter	_	_	_
.	O	O	O	O	O	O	_	_	_	EndOfSentence	_	_
Le	O	O	O	O	O	O	_	_	_	_	_	_
prince	O	O	O	O	O	O	_	_	_	_	_	_
tourna	O	O	O	O	O	O	_	_	_	_	_	_
aussitôt	O	O	O	O	O	O	_	_	_	_	_	_
la	O	O	O	O	O	O	_	_	_	_	_	_
tête	O	O	O	O	O	O	_	_	_	_	_	_
du	O	O	O	O	O	O	_	_	EndOfLine	_	_	_
# segment_iiif_link = https://impresso-project.ch/api/proxy/iiif/GDL-1840-06-16-a-p0004/168,1462,1292,55/full/0/default.jpg
côlé	O	O	O	O	O	O	_	_	_	_	_	_
d	O	O	O	O	O	O	_	_	NoSpaceAfter	_	_	_
'	O	O	O	O	O	O	_	_	NoSpaceAfter	_	_	_
où	O	O	O	O	O	O	_	_	_	_	_	_
le	O	O	O	O	O	O	_	_	_	_	_	_
coup	O	O	O	O	O	O	_	_	_	_	_	_
était	O	O	O	O	O	O	_	_	_	_	_	_
parli	O	O	O	O	O	O	_	_	NoSpaceAfter	_	_	_
.	O	O	O	O	O	O	_	_	_	EndOfSentence	_	_
La	O	O	O	O	O	O	_	_	_	_	_	_
reine	O	O	O	O	O	O	_	_	_	_	_	_
se	O	O	O	O	O	O	_	_	_	_	_	_
leva	O	O	O	O	O	O	_	_	_	_	_	_
dans	O	O	O	O	O	O	_	_	_	_	_	_
la	O	O	O	O	O	O	_	_	_	_	_	_
voiture	O	O	O	O	O	O	_	_	NoSpaceAfter	_	_	_
,	O	O	O	O	O	O	_	_	_	_	_	_
mais	O	O	O	O	O	O	_	_	EndOfLine	_	_	_
# segment_iiif_link = https://impresso-project.ch/api/proxy/iiif/GDL-1840-06-16-a-p0004/167,1502,1291,55/full/0/default.jpg
S	O	O	O	O	O	O	_	_	NoSpaceAfter	_	_	_
.	O	O	O	O	O	O	_	_	_	_	_	_
A	O	O	O	O	O	O	_	_	NoSpaceAfter	_	_	_
.	O	O	O	O	O	O	_	_	_	_	_	_
R	O	O	O	O	O	O	_	_	NoSpaceAfter	_	_	_
.	O	O	O	O	O	O	_	_	_	_	_	_
la	O	O	O	O	O	O	_	_	_	_	_	_
fit	O	O	O	O	O	O	_	_	_	_	_	_
asseoir	O	O	O	O	O	O	_	_	_	_	_	_
aussitôt	O	O	O	O	O	O	_	_	NoSpaceAfter	_	_	_
.	O	O	O	O	O	O	_	_	_	EndOfSentence	_	_
L	O	O	O	O	O	O	_	_	NoSpaceAfter	_	_	_
'	O	O	O	O	O	O	_	_	NoSpaceAfter	_	_	_
assassin	O	O	O	O	O	O	_	_	_	_	_	_
tira	O	O	O	O	O	O	_	_	_	_	_	_
un	O	O	O	O	O	O	_	_	_	_	_	_
second	O	O	O	O	O	O	_	_	_	_	_	_
pistolet	O	O	O	O	O	O	_	_	_	_	_	_
qu	O	O	O	O	O	O	_	_	NoSpaceAfter	_	_	_
'	O	O	O	O	O	O	_	_	NoSpaceAfter	_	_	_
il	O	O	O	O	O	O	_	_	EndOfLine	_	_	_
# segment_iiif_link = https://impresso-project.ch/api/proxy/iiif/GDL-1840-06-16-a-p0004/168,1542,1289,55/full/0/default.jpg
déchargea	O	O	O	O	O	O	_	_	_	_	_	_
de	O	O	O	O	O	O	_	_	_	_	_	_
nouveau	O	O	O	O	O	O	_	_	_	_	_	_
sur	O	O	O	O	O	O	_	_	_	_	_	_
la	O	O	O	O	O	O	_	_	_	_	_	_
voiture	O	O	O	O	O	O	_	_	_	_	_	_
royale	O	O	O	O	O	O	_	_	NoSpaceAfter	_	_	_
.	O	O	O	O	O	O	_	_	_	EndOfSentence	_	_
Aussitôt	O	O	O	O	O	O	_	_	_	_	_	_
il	O	O	O	O	O	O	_	_	_	_	_	_
fut	O	O	O	O	O	O	_	_	_	_	_	_
entouré	O	O	O	O	O	O	_	_	_	_	_	_
et	O	O	O	O	O	O	_	_	EndOfLine	_	_	_
# segment_iiif_link = https://impresso-project.ch/api/proxy/iiif/GDL-1840-06-16-a-p0004/168,1582,1290,55/full/0/default.jpg
saisi	O	O	O	O	O	O	_	_	_	_	_	_
par	O	O	O	O	O	O	_	_	_	_	_	_
les	O	O	O	O	O	O	_	_	_	_	_	_
personnes	O	O	O	O	O	O	_	_	_	_	_	_
qui	O	O	O	O	O	O	_	_	_	_	_	_
se	O	O	O	O	O	O	_	_	_	_	_	_
trouvaient	O	O	O	O	O	O	_	_	_	_	_	_
près	O	O	O	O	O	O	_	_	_	_	_	_
de	O	O	O	O	O	O	_	_	_	_	_	_
lui	O	O	O	O	O	O	_	_	NoSpaceAfter	_	_	_
,	O	O	O	O	O	O	_	_	_	_	_	_
et	O	O	O	O	O	O	_	_	_	_	_	_
entraîné	O	O	O	O	O	O	_	_	_	_	_	_
à	O	O	O	O	O	O	_	_	_	_	_	_
la	O	O	O	O	O	O	_	_	_	_	_	_
cour	O	O	O	O	O	O	_	_	EndOfLine	_	_	_
# segment_iiif_link = https://impresso-project.ch/api/proxy/iiif/GDL-1840-06-16-a-p0004/167,1622,1290,55/full/0/default.jpg
de	O	O	O	O	O	O	_	_	_	_	_	_
police	O	O	O	O	O	O	_	_	_	_	_	_
de	O	O	O	O	O	O	_	_	_	_	_	_
Queen	O	O	O	O	O	O	_	_	NoSpaceAfter	_	_	_
-	O	O	O	O	O	O	_	_	NoSpaceAfter	_	_	_
Square	O	O	O	O	O	O	_	_	NoSpaceAfter	_	_	_
.	O	O	O	O	O	O	_	_	_	EndOfSentence	_	_
On	O	O	O	O	O	O	_	_	_	_	_	_
dit	O	O	O	O	O	O	_	_	_	_	_	_
que	O	O	O	O	O	O	_	_	_	_	_	_
cet	O	O	O	O	O	O	_	_	_	_	_	_
homme	O	O	O	O	O	O	_	_	_	_	_	_
tenait	O	O	O	O	O	O	_	_	_	_	_	_
depuis	O	O	O	O	O	O	_	_	NoSpaceAfter	_	_	_
"	O	O	O	O	O	O	_	_	EndOfLine	_	_	_
# segment_iiif_link = https://impresso-project.ch/api/proxy/iiif/GDL-1840-06-16-a-p0004/168,1662,1290,55/full/0/default.jpg
longtemps	O	O	O	O	O	O	_	_	_	_	_	_
ses	O	O	O	O	O	O	_	_	_	_	_	_
bras	O	O	O	O	O	O	_	_	_	_	_	_
croisés	O	O	O	O	O	O	_	_	_	_	_	_
cachant	O	O	O	O	O	O	_	_	_	_	_	_
le	O	O	O	O	O	O	_	_	_	_	_	_
pistolet	O	O	O	O	O	O	_	_	_	_	_	_
qu	O	O	O	O	O	O	_	_	NoSpaceAfter	_	_	_
'	O	O	O	O	O	O	_	_	NoSpaceAfter	_	_	_
il	O	O	O	O	O	O	_	_	_	_	_	_
tenait	O	O	O	O	O	O	_	_	_	_	_	_
dans	O	O	O	O	O	O	_	_	_	_	_	_
chaque	O	O	O	O	O	O	_	_	_	_	_	_
main	O	O	O	O	O	O	_	_	NoSpaceAfter	_	_	_
.	O	O	O	O	O	O	_	_	EndOfLine	EndOfSentence	_	_
# segment_iiif_link = https://impresso-project.ch/api/proxy/iiif/GDL-1840-06-16-a-p0004/207,1720,1251,55/full/0/default.jpg
Le	O	O	O	O	O	O	_	_	_	_	_	_
meurtrier	O	O	O	O	O	O	_	_	_	_	_	_
s	O	O	O	O	O	O	_	_	NoSpaceAfter	_	_	_
'	O	O	O	O	O	O	_	_	NoSpaceAfter	_	_	_
appelle	O	O	O	O	O	O	_	_	_	_	_	_
Edward	O	O	O	O	O	O	_	_	_	_	_	_
Oxford	O	O	O	O	O	O	_	_	_	_	_	_
;	O	O	O	O	O	O	_	_	_	_	_	_
il	O	O	O	O	O	O	_	_	_	_	_	_
est	O	O	O	O	O	O	_	_	_	_	_	_
âgé	O	O	O	O	O	O	_	_	_	_	_	_
de	O	O	O	O	O	O	_	_	_	_	_	_
18	O	O	O	O	O	O	_	_	_	_	_	_
à	O	O	O	O	O	O	_	_	_	_	_	_
20	O	O	O	O	O	O	_	_	_	_	_	_
ans	O	O	O	O	O	O	_	_	NoSpaceAfter	_	_	_
.	O	O	O	O	O	O	_	_	_	EndOfSentence	_	_
Il	O	O	O	O	O	O	_	_	EndOfLine	_	_	_
# segment_iiif_link = https://impresso-project.ch/api/proxy/iiif/GDL-1840-06-16-a-p0004/168,1760,1290,55/full/0/default.jpg
est	O	O	O	O	O	O	_	_	_	_	_	_
probable	O	O	O	O	O	O	_	_	_	_	_	_
que	O	O	O	O	O	O	_	_	_	_	_	_
l	O	O	O	O	O	O	_	_	NoSpaceAfter	_	_	_
'	O	O	O	O	O	O	_	_	NoSpaceAfter	_	_	_
indignation	O	O	O	O	O	O	_	_	_	_	_	_
publique	O	O	O	O	O	O	_	_	_	_	_	_
lui	O	O	O	O	O	O	_	_	_	_	_	_
aurait	O	O	O	O	O	O	_	_	_	_	_	_
fait	O	O	O	O	O	O	_	_	_	_	_	_
un	O	O	O	O	O	O	_	_	_	_	_	_
mauvais	O	O	O	O	O	O	_	_	_	_	_	_
parti	O	O	O	O	O	O	_	_	_	_	_	_
si	O	O	O	O	O	O	_	_	EndOfLine	_	_	_
# segment_iiif_link = https://impresso-project.ch/api/proxy/iiif/GDL-1840-06-16-a-p0004/170,1800,1205,55/full/0/default.jpg
la	O	O	O	O	O	O	_	_	_	_	_	_
police	O	O	O	O	O	O	_	_	_	_	_	_
ne	O	O	O	O	O	O	_	_	_	_	_	_
l	O	O	O	O	O	O	_	_	NoSpaceAfter	_	_	_
'	O	O	O	O	O	O	_	_	NoSpaceAfter	_	_	_
avait	O	O	O	O	O	O	_	_	_	_	_	_
pas	O	O	O	O	O	O	_	_	_	_	_	_
immédiatement	O	O	O	O	O	O	_	_	_	_	_	_
éloigné	O	O	O	O	O	O	_	_	_	_	_	_
du	O	O	O	O	O	O	_	_	_	_	_	_
lieu	O	O	O	O	O	O	_	_	_	_	_	_
de	O	O	O	O	O	O	_	_	_	_	_	_
l	O	O	O	O	O	O	_	_	NoSpaceAfter	_	_	_
'	O	O	O	O	O	O	_	_	NoSpaceAfter	_	_	_
attentat	O	O	O	O	O	O	_	_	NoSpaceAfter	_	_	_
.	O	O	O	O	O	O	_	_	EndOfLine	EndOfSentence	_	_
# segment_iiif_link = https://impresso-project.ch/api/proxy/iiif/GDL-1840-06-16-a-p0004/212,1853,1248,55/full/0/default.jpg
On	O	O	O	O	O	O	_	_	_	_	_	_
craignait	O	O	O	O	O	O	_	_	_	_	_	_
d	O	O	O	O	O	O	_	_	NoSpaceAfter	_	_	_
'	O	O	O	O	O	O	_	_	NoSpaceAfter	_	_	_
abord	O	O	O	O	O	O	_	_	_	_	_	_
que	O	O	O	O	O	O	_	_	_	_	_	_
cet	O	O	O	O	O	O	_	_	_	_	_	_
accident	O	O	O	O	O	O	_	_	_	_	_	_
n	O	O	O	O	O	O	_	_	NoSpaceAfter	_	_	_
'	O	O	O	O	O	O	_	_	NoSpaceAfter	_	_	_
eût	O	O	O	O	O	O	_	_	_	_	_	_
des	O	O	O	O	O	O	_	_	_	_	_	_
suites	O	O	O	O	O	O	_	_	_	_	_	_
sérieuses	O	O	O	O	O	O	_	_	_	_	_	_
dans	O	O	O	O	O	O	_	_	EndOfLine	_	_	_
# segment_iiif_link = https://impresso-project.ch/api/proxy/iiif/GDL-1840-06-16-a-p0004/172,1893,1287,55/full/0/default.jpg
l	O	O	O	O	O	O	_	_	NoSpaceAfter	_	_	_
'	O	O	O	O	O	O	_	_	NoSpaceAfter	_	_	_
état	O	O	O	O	O	O	_	_	_	_	_	_
de	O	O	O	O	O	O	_	_	_	_	_	_
grossesse	O	O	O	O	O	O	_	_	_	_	_	_
ou	O	O	O	O	O	O	_	_	_	_	_	_
se	O	O	O	O	O	O	_	_	_	_	_	_
trouve	O	O	O	O	O	O	_	_	_	_	_	_
la	O	O	O	O	O	O	_	_	_	_	_	_
reine	O	O	O	O	O	O	_	_	_	_	_	_
;	O	O	O	O	O	O	_	_	_	_	_	_
mais	O	O	O	O	O	O	_	_	_	_	_	_
il	O	O	O	O	O	O	_	_	_	_	_	_
paraît	O	O	O	O	O	O	_	_	NoSpaceAfter	_	_	_
,	O	O	O	O	O	O	_	_	_	_	_	_
d	O	O	O	O	O	O	_	_	NoSpaceAfter	_	_	_
'	O	O	O	O	O	O	_	_	NoSpaceAfter	_	_	_
après	O	O	O	O	O	O	_	_	_	_	_	_
tous	O	O	O	O	O	O	_	_	_	_	_	_
les	O	O	O	O	O	O	_	_	EndOfLine	_	_	_
# segment_iiif_link = https://impresso-project.ch/api/proxy/iiif/GDL-1840-06-16-a-p0004/170,1933,1286,55/full/0/default.jpg
récils	O	O	O	O	O	O	_	_	NoSpaceAfter	_	_	_
,	O	O	O	O	O	O	_	_	_	_	_	_
qu	O	O	O	O	O	O	_	_	NoSpaceAfter	_	_	_
'	O	O	O	O	O	O	_	_	NoSpaceAfter	_	_	_
elle	O	O	O	O	O	O	_	_	_	_	_	_
a	O	O	O	O	O	O	_	_	_	_	_	_
été	O	O	O	O	O	O	_	_	_	_	_	_
fort	O	O	O	O	O	O	_	_	_	_	_	_
peu	O	O	O	O	O	O	_	_	_	_	_	_
émue	O	O	O	O	O	O	_	_	_	_	_	_
;	O	O	O	O	O	O	_	_	_	_	_	_
c	O	O	O	O	O	O	_	_	NoSpaceAfter	_	_	_
'	O	O	O	O	O	O	_	_	NoSpaceAfter	_	_	_
est	O	O	O	O	O	O	_	_	_	_	_	_
elle	O	O	O	O	O	O	_	_	NoSpaceAfter	_	_	_
-	O	O	O	O	O	O	_	_	NoSpaceAfter	_	_	_
même	O	O	O	O	O	O	_	_	_	_	_	_
qui	O	O	O	O	O	O	_	_	_	_	_	_
a	O	O	O	O	O	O	_	_	_	_	_	_
voulu	O	O	O	O	O	O	_	_	_	_	_	_
se	O	O	O	O	O	O	_	_	EndOfLine	_	_	_
# segment_iiif_link = https://impresso-project.ch/api/proxy/iiif/GDL-1840-06-16-a-p0004/172,1973,1246,55/full/0/default.jpg
rendre	O	O	O	O	O	O	_	_	_	_	_	_
à	O	O	O	O	O	O	_	_	_	_	_	_
l	O	O	O	O	O	O	_	_	NoSpaceAfter	_	_	_
'	O	O	O	O	O	O	_	_	NoSpaceAfter	_	_	_
instant	O	O	O	O	O	O	_	_	_	_	_	_
même	O	O	O	O	O	O	_	_	_	_	_	_
chez	O	O	O	O	O	O	_	_	_	_	_	_
sa	O	O	O	O	O	O	_	_	_	_	_	_
mère	O	O	O	O	O	O	_	_	_	_	_	_
pour	O	O	O	O	O	O	_	_	_	_	_	_
la	O	O	O	O	O	O	_	_	_	_	_	_
rassurer	O	O	O	O	O	O	_	_	_	_	_	_
sur	O	O	O	O	O	O	_	_	_	_	_	_
cet	O	O	O	O	O	O	_	_	_	_	_	_
événement	O	O	O	O	O	O	_	_	NoSpaceAfter	_	_	_
.	O	O	O	O	O	O	_	_	EndOfLine	EndOfSentence	_	_
# segment_iiif_link = https://impresso-project.ch/api/proxy/iiif/GDL-1840-06-16-a-p0004/212,2028,1247,55/full/0/default.jpg
Plusieurs	O	O	O	O	O	O	_	_	_	_	_	_
hommes	O	O	O	O	O	O	_	_	_	_	_	_
de	O	O	O	O	O	O	_	_	_	_	_	_
la	O	O	O	O	O	O	_	_	_	_	_	_
police	O	O	O	O	O	O	_	_	_	_	_	_
ont	O	O	O	O	O	O	_	_	_	_	_	_
été	O	O	O	O	O	O	_	_	_	_	_	_
employés	O	O	O	O	O	O	_	_	_	_	_	_
à	O	O	O	O	O	O	_	_	_	_	_	_
rechercher	O	O	O	O	O	O	_	_	_	_	_	_
les	O	O	O	O	O	O	_	_	_	_	_	_
balles	O	O	O	O	O	O	_	_	NoSpaceAfter	_	_	_
,	O	O	O	O	O	O	_	_	EndOfLine	_	_	_
# segment_iiif_link = https://impresso-project.ch/api/proxy/iiif/GDL-1840-06-16-a-p0004/168,2070,1290,55/full/0/default.jpg
mais	O	O	O	O	O	O	_	_	_	_	_	_
on	O	O	O	O	O	O	_	_	_	_	_	_
n	O	O	O	O	O	O	_	_	NoSpaceAfter	_	_	_
'	O	O	O	O	O	O	_	_	NoSpaceAfter	_	_	_
a	O	O	O	O	O	O	_	_	_	_	_	_
pas	O	O	O	O	O	O	_	_	_	_	_	_
pu	O	O	O	O	O	O	_	_	_	_	_	_
les	O	O	O	O	O	O	_	_	_	_	_	_
retrouver	O	O	O	O	O	O	_	_	_	_	_	_
;	O	O	O	O	O	O	_	_	_	_	_	_
on	O	O	O	O	O	O	_	_	_	_	_	_
a	O	O	O	O	O	O	_	_	_	_	_	_
seulement	O	O	O	O	O	O	_	_	_	_	_	_
remarqué	O	O	O	O	O	O	_	_	_	_	_	_
qu	O	O	O	O	O	O	_	_	NoSpaceAfter	_	_	_
'	O	O	O	O	O	O	_	_	NoSpaceAfter	_	_	_
une	O	O	O	O	O	O	_	_	_	_	_	_
d	O	O	O	O	O	O	_	_	NoSpaceAfter	_	_	_
'	O	O	O	O	O	O	_	_	NoSpaceAfter	_	_	_
elles	O	O	O	O	O	O	_	_	EndOfLine	_	_	_
# segment_iiif_link = https://impresso-project.ch/api/proxy/iiif/GDL-1840-06-16-a-p0004/168,2110,1290,57/full/0/default.jpg
avait	O	O	O	O	O	O	_	_	_	_	_	_
fracturé	O	O	O	O	O	O	_	_	_	_	_	_
les	O	O	O	O	O	O	_	_	_	_	_	_
briques	O	O	O	O	O	O	_	_	_	_	_	_
du	O	O	O	O	O	O	_	_	_	_	_	_
mur	O	O	O	O	O	O	_	_	_	_	_	_
qui	O	O	O	O	O	O	_	_	_	_	_	_
se	O	O	O	O	O	O	_	_	_	_	_	_
trouvait	O	O	O	O	O	O	_	_	_	_	_	_
en	O	O	O	O	O	O	_	_	_	_	_	_
face	O	O	O	O	O	O	_	_	NoSpaceAfter	_	_	_
.	O	O	O	O	O	O	_	_	_	EndOfSentence	_	_
La	O	O	O	O	O	O	_	_	_	_	_	_
deuzième	O	O	O	O	O	O	_	_	EndOfLine	_	_	_
# segment_iiif_link = https://impresso-project.ch/api/proxy/iiif/GDL-1840-06-16-a-p0004/170,2152,578,55/full/0/default.jpg
aura	O	O	O	O	O	O	_	_	_	_	_	_
sans	O	O	O	O	O	O	_	_	_	_	_	_
doute	O	O	O	O	O	O	_	_	_	_	_	_
passé	O	O	O	O	O	O	_	_	_	_	_	_
par	O	O	O	O	O	O	_	_	_	_	_	_
dessus	O	O	O	O	O	O	_	_	NoSpaceAfter	_	_	_
.	O	O	O	O	O	O	_	_	EndOfLine	EndOfSentence	_	_
# segment_iiif_link = https://impresso-project.ch/api/proxy/iiif/GDL-1840-06-16-a-p0004/212,2202,1244,57/full/0/default.jpg
Le	O	O	O	O	O	O	_	_	_	_	_	_
prisonnier	O	O	O	O	O	O	_	_	_	_	_	_
ne	O	O	O	O	O	O	_	_	_	_	_	_
fil	O	O	O	O	O	O	_	_	_	_	_	_
aucune	O	O	O	O	O	O	_	_	_	_	_	_
résistance	O	O	O	O	O	O	_	_	_	_	_	_
lorsque	O	O	O	O	O	O	_	_	_	_	_	_
l	O	O	O	O	O	O	_	_	NoSpaceAfter	_	_	_
'	O	O	O	O	O	O	_	_	NoSpaceAfter	_	_	_
on	O	O	O	O	O	O	_	_	_	_	_	_
se	O	O	O	O	O	O	_	_	_	_	_	_
précipita	O	O	O	O	O	O	_	_	_	_	_	_
sur	O	O	O	O	O	O	_	_	_	_	_	_
lui	O	O	O	O	O	O	_	_	EndOfLine	_	_	_
# segment_iiif_link = https://impresso-project.ch/api/proxy/iiif/GDL-1840-06-16-a-p0004/172,2243,1286,55/full/0/default.jpg
pour	O	O	O	O	O	O	_	_	_	_	_	_
le	O	O	O	O	O	O	_	_	_	_	_	_
saisir	O	O	O	O	O	O	_	_	NoSpaceAfter	_	_	_
,	O	O	O	O	O	O	_	_	_	_	_	_
il	O	O	O	O	O	O	_	_	_	_	_	_
ne	O	O	O	O	O	O	_	_	_	_	_	_
parut	O	O	O	O	O	O	_	_	_	_	_	_
pas	O	O	O	O	O	O	_	_	_	_	_	_
du	O	O	O	O	O	O	_	_	_	_	_	_
tout	O	O	O	O	O	O	_	_	_	_	_	_
déconcerté	O	O	O	O	O	O	_	_	_	_	_	_
;	O	O	O	O	O	O	_	_	_	_	_	_
lorsque	O	O	O	O	O	O	_	_	_	_	_	_
l	O	O	O	O	O	O	_	_	NoSpaceAfter	_	_	_
'	O	O	O	O	O	O	_	_	NoSpaceAfter	_	_	_
inspecteur	O	O	O	O	O	O	_	_	EndOfLine	_	_	_
# segment_iiif_link = https://impresso-project.ch/api/proxy/iiif/GDL-1840-06-16-a-p0004/168,2285,1287,55/full/0/default.jpg
de	O	O	O	O	O	O	_	_	_	_	_	_
la	O	O	O	O	O	O	_	_	_	_	_	_
police	O	O	O	O	O	O	_	_	_	_	_	_
lui	O	O	O	O	O	O	_	_	_	_	_	_
demanda	O	O	O	O	O	O	_	_	_	_	_	_
s	O	O	O	O	O	O	_	_	NoSpaceAfter	_	_	_
'	O	O	O	O	O	O	_	_	NoSpaceAfter	_	_	_
il	O	O	O	O	O	O	_	_	_	_	_	_
y	O	O	O	O	O	O	_	_	_	_	_	_
avait	O	O	O	O	O	O	_	_	_	_	_	_
des	O	O	O	O	O	O	_	_	_	_	_	_
balles	O	O	O	O	O	O	_	_	_	_	_	_
dans	O	O	O	O	O	O	_	_	_	_	_	_
ses	O	O	O	O	O	O	_	_	_	_	_	_
pistolets	O	O	O	O	O	O	_	_	NoSpaceAfter	_	_	_
,	O	O	O	O	O	O	_	_	_	_	_	_
il	O	O	O	O	O	O	_	_	EndOfLine	_	_	_
# segment_iiif_link = https://impresso-project.ch/api/proxy/iiif/GDL-1840-06-16-a-p0004/172,2325,1285,57/full/0/default.jpg
répondit	O	O	O	O	O	O	_	_	_	_	_	_
que	O	O	O	O	O	O	_	_	_	_	_	_
s	O	O	O	O	O	O	_	_	NoSpaceAfter	_	_	_
'	O	O	O	O	O	O	_	_	NoSpaceAfter	_	_	_
ils	O	O	O	O	O	O	_	_	_	_	_	_
avaient	O	O	O	O	O	O	_	_	_	_	_	_
été	O	O	O	O	O	O	_	_	_	_	_	_
dirigés	O	O	O	O	O	O	_	_	_	_	_	_
contre	O	O	O	O	O	O	_	_	_	_	_	_
sa	O	O	O	O	O	O	_	_	_	_	_	_
tête	O	O	O	O	O	O	_	_	_	_	_	_
il	O	O	O	O	O	O	_	_	_	_	_	_
aurait	O	O	O	O	O	O	_	_	_	_	_	_
su	O	O	O	O	O	O	_	_	_	_	_	_
s	O	O	O	O	O	O	_	_	NoSpaceAfter	_	_	_
'	O	O	O	O	O	O	_	_	NoSpaceAfter	_	_	_
ils	O	O	O	O	O	O	_	_	_	_	_	_
contenaient	O	O	O	O	O	O	_	_	EndOfLine	_	_	_
# segment_iiif_link = https://impresso-project.ch/api/proxy/iiif/GDL-1840-06-16-a-p0004/170,2367,318,55/full/0/default.jpg
ou	O	O	O	O	O	O	_	_	_	_	_	_
non	O	O	O	O	O	O	_	_	_	_	_	_
des	O	O	O	O	O	O	_	_	_	_	_	_
balles	O	O	O	O	O	O	_	_	NoSpaceAfter	_	_	_
.	O	O	O	O	O	O	_	_	EndOfLine	EndOfSentence	_	_
# segment_iiif_link = https://impresso-project.ch/api/proxy/iiif/GDL-1840-06-16-a-p0004/217,2407,1240,57/full/0/default.jpg
Dans	O	O	O	O	O	O	_	_	_	_	_	_
la	O	O	O	O	O	O	_	_	_	_	_	_
soirée	O	O	O	O	O	O	_	_	NoSpaceAfter	_	_	_
,	O	O	O	O	O	O	_	_	_	_	_	_
le	O	O	O	O	O	O	_	_	_	_	_	_
prisonnier	O	O	O	O	O	O	_	_	_	_	_	_
a	O	O	O	O	O	O	_	_	_	_	_	_
subi	O	O	O	O	O	O	_	_	_	_	_	_
plusieurs	O	O	O	O	O	O	_	_	_	_	_	_
interrogatoires	O	O	O	O	O	O	_	_	_	_	_	_
;	O	O	O	O	O	O	_	_	_	_	_	_
mais	O	O	O	O	O	O	_	_	_	_	_	_
on	O	O	O	O	O	O	_	_	EndOfLine	_	_	_
# segment_iiif_link = https://impresso-project.ch/api/proxy/iiif/GDL-1840-06-16-a-p0004/170,2448,1283,55/full/0/default.jpg
n	O	O	O	O	O	O	_	_	NoSpaceAfter	_	_	_
'	O	O	O	O	O	O	_	_	NoSpaceAfter	_	_	_
a	O	O	O	O	O	O	_	_	_	_	_	_
jamais	O	O	O	O	O	O	_	_	_	_	_	_
pu	O	O	O	O	O	O	_	_	_	_	_	_
obtenir	O	O	O	O	O	O	_	_	_	_	_	_
de	O	O	O	O	O	O	_	_	_	_	_	_
lui	O	O	O	O	O	O	_	_	_	_	_	_
une	O	O	O	O	O	O	_	_	_	_	_	_
réponse	O	O	O	O	O	O	_	_	_	_	_	_
catégorique	O	O	O	O	O	O	_	_	_	_	_	_
sur	O	O	O	O	O	O	_	_	_	_	_	_
le	O	O	O	O	O	O	_	_	_	_	_	_
motif	O	O	O	O	O	O	_	_	_	_	_	_
qui	O	O	O	O	O	O	_	_	_	_	_	_
l	O	O	O	O	O	O	_	_	NoSpaceAfter	_	_	_
'	O	O	O	O	O	O	_	_	NoSpaceAfter	_	_	_
a	O	O	O	O	O	O	_	_	EndOfLine	_	_	_
# segment_iiif_link = https://impresso-project.ch/api/proxy/iiif/GDL-1840-06-16-a-p0004/170,2490,1285,55/full/0/default.jpg
engagé	O	O	O	O	O	O	_	_	_	_	_	_
à	O	O	O	O	O	O	_	_	_	_	_	_
assassiner	O	O	O	O	O	O	_	_	_	_	_	_
la	O	O	O	O	O	O	_	_	_	_	_	_
reine	O	O	O	O	O	O	_	_	_	_	_	_
ou	O	O	O	O	O	O	_	_	_	_	_	_
son	O	O	O	O	O	O	_	_	_	_	_	_
augusle	O	O	O	O	O	O	_	_	_	_	_	_
époux	O	O	O	O	O	O	_	_	NoSpaceAfter	_	_	_
.	O	O	O	O	O	O	_	_	_	EndOfSentence	_	_
Jamais	O	O	O	O	O	O	_	_	_	_	_	_
il	O	O	O	O	O	O	_	_	_	_	_	_
ne	O	O	O	O	O	O	_	_	_	_	_	_
parle	O	O	O	O	O	O	_	_	_	_	_	_
que	O	O	O	O	O	O	_	_	EndOfLine	_	_	_
# segment_iiif_link = https://impresso-project.ch/api/proxy/iiif/GDL-1840-06-16-a-p0004/168,2530,1287,57/full/0/default.jpg
quand	O	O	O	O	O	O	_	_	_	_	_	_
on	O	O	O	O	O	O	_	_	_	_	_	_
l	O	O	O	O	O	O	_	_	NoSpaceAfter	_	_	_
'	O	O	O	O	O	O	_	_	NoSpaceAfter	_	_	_
interroge	O	O	O	O	O	O	_	_	NoSpaceAfter	_	_	_
,	O	O	O	O	O	O	_	_	_	_	_	_
et	O	O	O	O	O	O	_	_	_	_	_	_
ses	O	O	O	O	O	O	_	_	_	_	_	_
réponses	O	O	O	O	O	O	_	_	_	_	_	_
sont	O	O	O	O	O	O	_	_	_	_	_	_
toujours	O	O	O	O	O	O	_	_	_	_	_	_
très	O	O	O	O	O	O	_	_	NoSpaceAfter	_	_	_
-	O	O	O	O	O	O	_	_	NoSpaceAfter	_	_	_
laconiques	O	O	O	O	O	O	_	_	NoSpaceAfter	_	_	_
.	O	O	O	O	O	O	_	_	_	EndOfSentence	_	_
Il	O	O	O	O	O	O	_	_	EndOfLine	_	_	_
# segment_iiif_link = https://impresso-project.ch/api/proxy/iiif/GDL-1840-06-16-a-p0004/170,2572,1285,55/full/0/default.jpg
paraît	O	O	O	O	O	O	_	_	_	_	_	_
certain	O	O	O	O	O	O	_	_	_	_	_	_
qu	O	O	O	O	O	O	_	_	NoSpaceAfter	_	_	_
'	O	O	O	O	O	O	_	_	NoSpaceAfter	_	_	_
on	O	O	O	O	O	O	_	_	_	_	_	_
a	O	O	O	O	O	O	_	_	_	_	_	_
trouvé	O	O	O	O	O	O	_	_	_	_	_	_
sur	O	O	O	O	O	O	_	_	_	_	_	_
lui	O	O	O	O	O	O	_	_	_	_	_	_
un	O	O	O	O	O	O	_	_	_	_	_	_
document	O	O	O	O	O	O	_	_	_	_	_	_
écrit	O	O	O	O	O	O	_	_	_	_	_	_
de	O	O	O	O	O	O	_	_	_	_	_	_
la	O	O	O	O	O	O	_	_	_	_	_	_
plus	O	O	O	O	O	O	_	_	_	_	_	_
haute	O	O	O	O	O	O	_	_	EndOfLine	_	_	_
# segment_iiif_link = https://impresso-project.ch/api/proxy/iiif/GDL-1840-06-16-a-p0004/170,2612,1275,57/full/0/default.jpg
importance	O	O	O	O	O	O	_	_	NoSpaceAfter	_	_	_
.	O	O	O	O	O	O	_	_	_	EndOfSentence	_	_
Ce	O	O	O	O	O	O	_	_	_	_	_	_
papier	O	O	O	O	O	O	_	_	_	_	_	_
contient	O	O	O	O	O	O	_	_	_	_	_	_
le	O	O	O	O	O	O	_	_	_	_	_	_
règlement	O	O	O	O	O	O	_	_	_	_	_	_
d	O	O	O	O	O	O	_	_	NoSpaceAfter	_	_	_
'	O	O	O	O	O	O	_	_	NoSpaceAfter	_	_	_
une	O	O	O	O	O	O	_	_	_	_	_	_
société	O	O	O	O	O	O	_	_	_	_	_	_
secrète	O	O	O	O	O	O	_	_	_	_	_	_
ap	O	O	O	O	O	O	_	_	EndOfLine	_	_	_
# segment_iiif_link = https://impresso-project.ch/api/proxy/iiif/GDL-1840-06-16-a-p0004/172,2653,448,55/full/0/default.jpg
pelée	O	O	O	O	O	O	_	_	_	_	_	_
la	O	O	O	O	O	O	_	_	_	_	_	_
Jeune	O	O	O	O	O	O	_	_	_	_	_	_
Angleterre	O	O	O	O	O	O	_	_	NoSpaceAfter	_	_	_
.	O	O	O	O	O	O	_	_	EndOfLine	EndOfSentence	_	_
# segment_iiif_link = https://impresso-project.ch/api/proxy/iiif/GDL-1840-06-16-a-p0004/212,2702,1243,55/full/0/default.jpg
Lord	O	O	O	O	O	O	_	_	_	_	_	_
Melbourne	O	O	O	O	O	O	_	_	_	_	_	_
à	O	O	O	O	O	O	_	_	_	_	_	_
la	O	O	O	O	O	O	_	_	_	_	_	_
chambre	O	O	O	O	O	O	_	_	_	_	_	_
des	O	O	O	O	O	O	_	_	_	_	_	_
lords	O	O	O	O	O	O	_	_	_	_	_	_
et	O	O	O	O	O	O	_	_	_	_	_	_
lord	O	O	O	O	O	O	_	_	_	_	_	_
John	O	O	O	O	O	O	_	_	_	_	_	_
Russell	O	O	O	O	O	O	_	_	_	_	_	_
à	O	O	O	O	O	O	_	_	_	_	_	_
la	O	O	O	O	O	O	_	_	EndOfLine	_	_	_
# segment_iiif_link = https://impresso-project.ch/api/proxy/iiif/GDL-1840-06-16-a-p0004/168,2742,1291,57/full/0/default.jpg
chambre	O	O	O	O	O	O	_	_	_	_	_	_
des	O	O	O	O	O	O	_	_	_	_	_	_
communes	O	O	O	O	O	O	_	_	NoSpaceAfter	_	_	_
,	O	O	O	O	O	O	_	_	_	_	_	_
dans	O	O	O	O	O	O	_	_	_	_	_	_
ta	O	O	O	O	O	O	_	_	_	_	_	_
séance	O	O	O	O	O	O	_	_	_	_	_	_
d	O	O	O	O	O	O	_	_	NoSpaceAfter	_	_	_
'	O	O	O	O	O	O	_	_	NoSpaceAfter	_	_	_
aujourd	O	O	O	O	O	O	_	_	NoSpaceAfter	_	_	_
'	O	O	O	O	O	O	_	_	NoSpaceAfter	_	_	_
hui	O	O	O	O	O	O	_	_	NoSpaceAfter	_	_	_
,	O	O	O	O	O	O	_	_	_	_	_	_
ont	O	O	O	O	O	O	_	_	_	_	_	_
proposé	O	O	O	O	O	O	_	_	_	_	_	_
de	O	O	O	O	O	O	_	_	EndOfLine	_	_	_
# segment_iiif_link = https://impresso-project.ch/api/proxy/iiif/GDL-1840-06-16-a-p0004/170,2783,1288,55/full/0/default.jpg
présenter	O	O	O	O	O	O	_	_	_	_	_	_
une	O	O	O	O	O	O	_	_	_	_	_	_
adresse	O	O	O	O	O	O	_	_	_	_	_	_
à	O	O	O	O	O	O	_	_	_	_	_	_
la	O	O	O	O	O	O	_	_	_	_	_	_
reine	O	O	O	O	O	O	_	_	_	_	_	_
à	O	O	O	O	O	O	_	_	_	_	_	_
l	O	O	O	O	O	O	_	_	NoSpaceAfter	_	_	_
'	O	O	O	O	O	O	_	_	NoSpaceAfter	_	_	_
occasion	O	O	O	O	O	O	_	_	_	_	_	_
de	O	O	O	O	O	O	_	_	_	_	_	_
l	O	O	O	O	O	O	_	_	NoSpaceAfter	_	_	_
'	O	O	O	O	O	O	_	_	NoSpaceAfter	_	_	_
attentat	O	O	O	O	O	O	_	_	_	_	_	_
dirigé	O	O	O	O	O	O	_	_	_	_	_	_
la	O	O	O	O	O	O	_	_	_	_	_	_
veille	O	O	O	O	O	O	_	_	EndOfLine	_	_	_
# segment_iiif_link = https://impresso-project.ch/api/proxy/iiif/GDL-1840-06-16-a-p0004/168,2825,1175,55/full/0/default.jpg
contre	O	O	O	O	O	O	_	_	_	_	_	_
la	O	O	O	O	O	O	_	_	_	_	_	_
personne	O	O	O	O	O	O	_	_	_	_	_	_
de	O	O	O	O	O	O	_	_	_	_	_	_
S	O	O	O	O	O	O	_	_	NoSpaceAfter	_	_	_
.	O	O	O	O	O	O	_	_	_	_	_	_
AI	O	O	O	O	O	O	_	_	NoSpaceAfter	_	_	_
.	O	O	O	O	O	O	_	_	_	EndOfSentence	_	_
L	O	O	O	O	O	O	_	_	NoSpaceAfter	_	_	_
'	O	O	O	O	O	O	_	_	NoSpaceAfter	_	_	_
adresse	O	O	O	O	O	O	_	_	_	_	_	_
a	O	O	O	O	O	O	_	_	_	_	_	_
été	O	O	O	O	O	O	_	_	_	_	_	_
adoptée	O	O	O	O	O	O	_	_	_	_	_	_
à	O	O	O	O	O	O	_	_	_	_	_	_
l	O	O	O	O	O	O	_	_	NoSpaceAfter	_	_	_
'	O	O	O	O	O	O	_	_	NoSpaceAfter	_	_	_
unanimité	O	O	O	O	O	O	_	_	NoSpaceAfter	_	_	_
.	O	O	O	O	O	O	_	_	EndOfLine	EndOfSentence	_	_
# segment_iiif_link = https://impresso-project.ch/api/proxy/iiif/GDL-1840-06-16-a-p0004/997,2910,380,57/full/0/default.jpg
MrÉviLLE	O	O	O	O	O	O	_	_	NoSpaceAfter	_	Transcript:Miéville|LED0.62	_
,	O	O	O	O	O	O	_	_	_	_	_	_
Rédacteur	O	O	O	O	O	O	_	_	NoSpaceAfter	_	_	_
.	O	O	O	O	O	O	_	_	EndOfLine	EndOfSentence	_	_

# language = fr
# newspaper = GDL
# date = 1877-05-15
# document_id = GDL-1877-05-15-a-i0013
# news-agency-as-source = _
# segment_iiif_link = https://impresso-project.ch/api/proxy/iiif/GDL-1877-05-15-a-p0003/2725,2318,378,88/full/0/default.jpg
DÉPÊCHES	O	O	O	O	O	O	_	_	EndOfLine	_	_	_
# segment_iiif_link = https://impresso-project.ch/api/proxy/iiif/GDL-1877-05-15-a-p0003/2578,2388,719,62/full/0/default.jpg
St	O	O	O	O	O	O	_	_	NoSpaceAfter	_	_	_
-	O	O	O	O	O	O	_	_	NoSpaceAfter	_	_	_
Pétersbourg	O	O	O	O	O	O	_	_	NoSpaceAfter	_	_	_
,	O	O	O	O	O	O	_	_	_	_	_	_
14	O	O	O	O	O	O	_	_	_	_	_	_
mai	O	O	O	O	O	O	_	_	NoSpaceAfter	_	_	_
.	O	O	O	O	O	O	_	_	_	EndOfSentence	_	_
—	O	O	O	O	O	O	_	_	EndOfLine	_	_	_
# segment_iiif_link = https://impresso-project.ch/api/proxy/iiif/GDL-1877-05-15-a-p0003/2532,2432,745,60/full/0/default.jpg
Le	O	O	O	O	O	O	_	_	_	_	_	_
ministère	O	O	O	O	O	O	_	_	_	_	_	_
de	O	O	O	O	O	O	_	_	_	_	_	_
la	O	O	O	O	O	O	_	_	_	_	_	_
guerre	O	O	O	O	O	O	_	_	_	_	_	_
a	O	O	O	O	O	O	_	_	_	_	_	_
reçu	O	O	O	O	O	O	_	_	_	_	_	_
la	O	O	O	O	O	O	_	_	EndOfLine	_	_	_
# segment_iiif_link = https://impresso-project.ch/api/proxy/iiif/GDL-1877-05-15-a-p0003/2532,2478,746,60/full/0/default.jpg
dépêche	O	O	O	O	O	O	_	_	_	_	_	_
suivante	O	O	O	O	O	O	_	_	_	_	_	_
de	O	O	O	O	O	O	_	_	_	_	_	_
Tillis	O	O	O	O	O	O	_	_	NoSpaceAfter	_	_	_
,	O	O	O	O	O	O	_	_	_	_	_	_
en	O	O	O	O	O	O	_	_	_	_	_	_
date	O	O	O	O	O	O	_	_	_	_	_	_
du	O	O	O	O	O	O	_	_	_	_	_	_
9	O	O	O	O	O	O	_	_	_	_	_	_
mai	O	O	O	O	O	O	_	_	_	_	_	_
:	O	O	O	O	O	O	_	_	EndOfLine	_	_	_
# segment_iiif_link = https://impresso-project.ch/api/proxy/iiif/GDL-1877-05-15-a-p0003/2578,2522,699,58/full/0/default.jpg
Le	O	O	O	O	O	O	_	_	_	_	_	_
général	O	O	O	O	O	O	_	_	NoSpaceAfter	_	_	_
-	O	O	O	O	O	O	_	_	NoSpaceAfter	_	_	_
major	O	O	O	O	O	O	_	_	_	_	_	_
Schérémétiew	O	O	O	O	O	O	_	_	NoSpaceAfter	_	_	_
,	O	O	O	O	O	O	_	_	_	_	_	_
de	O	O	O	O	O	O	_	_	_	_	_	_
la	O	O	O	O	O	O	_	_	EndOfLine	_	_	_
# segment_iiif_link = https://impresso-project.ch/api/proxy/iiif/GDL-1877-05-15-a-p0003/2532,2565,746,60/full/0/default.jpg
suite	O	O	O	O	O	O	_	_	_	_	_	_
de	O	O	O	O	O	O	_	_	_	_	_	_
S	O	O	O	O	O	O	_	_	NoSpaceAfter	_	_	_
.	O	O	O	O	O	O	_	_	_	_	_	_
M	O	O	O	O	O	O	_	_	NoSpaceAfter	_	_	_
.	O	O	O	O	O	O	_	_	_	_	_	_
l	O	O	O	O	O	O	_	_	NoSpaceAfter	_	_	_
'	O	O	O	O	O	O	_	_	NoSpaceAfter	_	_	_
empereur	O	O	O	O	O	O	_	_	NoSpaceAfter	_	_	_
,	O	O	O	O	O	O	_	_	_	_	_	_
a	O	O	O	O	O	O	_	_	_	_	_	_
opéré	O	O	O	O	O	O	_	_	_	_	_	_
hier	O	O	O	O	O	O	_	_	NoSpaceAfter	_	_	_
,	O	O	O	O	O	O	_	_	EndOfLine	_	_	_
# segment_iiif_link = https://impresso-project.ch/api/proxy/iiif/GDL-1877-05-15-a-p0003/2532,2610,748,60/full/0/default.jpg
avec	O	O	O	O	O	O	_	_	_	_	_	_
le	O	O	O	O	O	O	_	_	_	_	_	_
régiment	O	O	O	O	O	O	_	_	_	_	_	_
des	O	O	O	O	O	O	_	_	_	_	_	_
dragons	O	O	O	O	O	O	_	_	_	_	_	_
de	O	O	O	O	O	O	_	_	_	_	_	_
Tver	O	O	O	O	O	O	_	_	_	_	_	_
et	O	O	O	O	O	O	_	_	EndOfLine	_	_	_
# segment_iiif_link = https://impresso-project.ch/api/proxy/iiif/GDL-1877-05-15-a-p0003/2532,2652,748,60/full/0/default.jpg
trois	O	O	O	O	O	O	_	_	_	_	_	_
sotnias	O	O	O	O	O	O	_	_	_	_	_	_
du	O	O	O	O	O	O	_	_	_	_	_	_
régiment	O	O	O	O	O	O	_	_	_	_	_	_
des	O	O	O	O	O	O	_	_	_	_	_	_
Cosaques	O	O	O	O	O	O	_	_	_	_	_	_
de	O	O	O	O	O	O	_	_	EndOfLine	_	_	_
# segment_iiif_link = https://impresso-project.ch/api/proxy/iiif/GDL-1877-05-15-a-p0003/2532,2698,748,60/full/0/default.jpg
Mozdok	O	O	O	O	O	O	_	_	NoSpaceAfter	_	_	_
,	O	O	O	O	O	O	_	_	_	_	_	_
une	O	O	O	O	O	O	_	_	NoSpaceAfter	_	_	_
'	O	O	O	O	O	O	_	_	_	_	_	_
reconnaissance	O	O	O	O	O	O	_	_	_	_	_	_
au	O	O	O	O	O	O	_	_	_	_	_	_
nord	O	O	O	O	O	O	_	_	NoSpaceAfter	_	_	_
-	O	O	O	O	O	O	_	_	NoSpaceAfter	_	_	_
ouesl	O	O	O	O	O	O	_	_	EndOfLine	_	_	_
# segment_iiif_link = https://impresso-project.ch/api/proxy/iiif/GDL-1877-05-15-a-p0003/2535,2742,745,58/full/0/default.jpg
de	O	O	O	O	O	O	_	_	_	_	_	_
Kars	O	O	O	O	O	O	_	_	NoSpaceAfter	_	_	_
,	O	O	O	O	O	O	_	_	_	_	_	_
par	O	O	O	O	O	O	_	_	_	_	_	_
Aïnal	O	O	O	O	O	O	_	_	NoSpaceAfter	_	_	_
,	O	O	O	O	O	O	_	_	_	_	_	_
sur	O	O	O	O	O	O	_	_	_	_	_	_
Topadjik	O	O	O	O	O	O	_	_	_	_	_	_
et	O	O	O	O	O	O	_	_	EndOfLine	_	_	_
# segment_iiif_link = https://impresso-project.ch/api/proxy/iiif/GDL-1877-05-15-a-p0003/2532,2785,748,60/full/0/default.jpg
Tchakhmour	O	O	O	O	O	O	_	_	NoSpaceAfter	_	_	_
.	O	O	O	O	O	O	_	_	_	EndOfSentence	_	_
A	O	O	O	O	O	O	_	_	_	_	_	_
son	O	O	O	O	O	O	_	_	_	_	_	_
retour	O	O	O	O	O	O	_	_	NoSpaceAfter	_	_	_
,	O	O	O	O	O	O	_	_	_	_	_	_
cette	O	O	O	O	O	O	_	_	_	_	_	_
colonne	O	O	O	O	O	O	_	_	_	_	_	_
a	O	O	O	O	O	O	_	_	_	_	_	_
eu	O	O	O	O	O	O	_	_	NoSpaceAfter	_	_	_
,	O	O	O	O	O	O	_	_	EndOfLine	_	_	_
# segment_iiif_link = https://impresso-project.ch/api/proxy/iiif/GDL-1877-05-15-a-p0003/2532,2830,748,60/full/0/default.jpg
près	O	O	O	O	O	O	_	_	_	_	_	_
de	O	O	O	O	O	O	_	_	_	_	_	_
la	O	O	O	O	O	O	_	_	_	_	_	_
rivière	O	O	O	O	O	O	_	_	_	_	_	_
Berdyk	O	O	O	O	O	O	_	_	NoSpaceAfter	_	_	_
-	O	O	O	O	O	O	_	_	NoSpaceAfter	_	_	_
Tchaï	O	O	O	O	O	O	_	_	NoSpaceAfter	_	_	_
,	O	O	O	O	O	O	_	_	_	_	_	_
un	O	O	O	O	O	O	_	_	_	_	_	_
vif	O	O	O	O	O	O	_	_	EndOfLine	_	_	_
# segment_iiif_link = https://impresso-project.ch/api/proxy/iiif/GDL-1877-05-15-a-p0003/2535,2872,745,60/full/0/default.jpg
engagement	O	O	O	O	O	O	_	_	_	_	_	_
avec	O	O	O	O	O	O	_	_	_	_	_	_
l	O	O	O	O	O	O	_	_	NoSpaceAfter	_	_	_
'	O	O	O	O	O	O	_	_	NoSpaceAfter	_	_	_
ennemi	O	O	O	O	O	O	_	_	NoSpaceAfter	_	_	_
,	O	O	O	O	O	O	_	_	_	_	_	_
qui	O	O	O	O	O	O	_	_	_	_	_	_
avait	O	O	O	O	O	O	_	_	_	_	_	_
fait	O	O	O	O	O	O	_	_	EndOfLine	_	_	_
# segment_iiif_link = https://impresso-project.ch/api/proxy/iiif/GDL-1877-05-15-a-p0003/2535,2918,745,60/full/0/default.jpg
sortir	O	O	O	O	O	O	_	_	_	_	_	_
de	O	O	O	O	O	O	_	_	_	_	_	_
Kars	O	O	O	O	O	O	_	_	_	_	_	_
sa	O	O	O	O	O	O	_	_	_	_	_	_
cavalerie	O	O	O	O	O	O	_	_	NoSpaceAfter	_	_	_
,	O	O	O	O	O	O	_	_	_	_	_	_
quatre	O	O	O	O	O	O	_	_	_	_	_	_
bataillons	O	O	O	O	O	O	_	_	_	_	_	_
et	O	O	O	O	O	O	_	_	EndOfLine	_	_	_
# segment_iiif_link = https://impresso-project.ch/api/proxy/iiif/GDL-1877-05-15-a-p0003/2535,2962,745,58/full/0/default.jpg
une	O	O	O	O	O	O	_	_	_	_	_	_
batterie	O	O	O	O	O	O	_	_	_	_	_	_
dans	O	O	O	O	O	O	_	_	_	_	_	_
le	O	O	O	O	O	O	_	_	_	_	_	_
but	O	O	O	O	O	O	_	_	_	_	_	_
de	O	O	O	O	O	O	_	_	_	_	_	_
couper	O	O	O	O	O	O	_	_	_	_	_	_
la	O	O	O	O	O	O	_	_	_	_	_	_
re	O	O	O	O	O	O	_	_	EndOfLine	_	_	_
# segment_iiif_link = https://impresso-project.ch/api/proxy/iiif/GDL-1877-05-15-a-p0003/2535,3005,397,60/full/0/default.jpg
traite	O	O	O	O	O	O	_	_	_	_	_	_
à	O	O	O	O	O	O	_	_	_	_	_	_
notre	O	O	O	O	O	O	_	_	_	_	_	_
cavalerie	O	O	O	O	O	O	_	_	NoSpaceAfter	_	_	_
.	O	O	O	O	O	O	_	_	EndOfLine	EndOfSentence	_	_
# segment_iiif_link = https://impresso-project.ch/api/proxy/iiif/GDL-1877-05-15-a-p0003/2580,3050,700,60/full/0/default.jpg
Le	O	O	O	O	O	O	_	_	_	_	_	_
troisième	O	O	O	O	O	O	_	_	_	_	_	_
escadron	O	O	O	O	O	O	_	_	_	_	_	_
des	O	O	O	O	O	O	_	_	_	_	_	_
dragons	O	O	O	O	O	O	_	_	_	_	_	_
et	O	O	O	O	O	O	_	_	EndOfLine	_	_	_
# segment_iiif_link = https://impresso-project.ch/api/proxy/iiif/GDL-1877-05-15-a-p0003/2535,3092,745,60/full/0/default.jpg
deux	O	O	O	O	O	O	_	_	_	_	_	_
sotnias	O	O	O	O	O	O	_	_	_	_	_	_
de	O	O	O	O	O	O	_	_	_	_	_	_
Cosaques	O	O	O	O	O	O	_	_	NoSpaceAfter	_	_	_
,	O	O	O	O	O	O	_	_	_	_	_	_
qui	O	O	O	O	O	O	_	_	_	_	_	_
avaient	O	O	O	O	O	O	_	_	_	_	_	_
mis	O	O	O	O	O	O	_	_	EndOfLine	_	_	_
# segment_iiif_link = https://impresso-project.ch/api/proxy/iiif/GDL-1877-05-15-a-p0003/2535,3138,742,60/full/0/default.jpg
pied	O	O	O	O	O	O	_	_	_	_	_	_
à	O	O	O	O	O	O	_	_	_	_	_	_
terre	O	O	O	O	O	O	_	_	NoSpaceAfter	_	_	_
,	O	O	O	O	O	O	_	_	_	_	_	_
ont	O	O	O	O	O	O	_	_	NoSpaceAfter	_	_	_
,	O	O	O	O	O	O	_	_	_	_	_	_
par	O	O	O	O	O	O	_	_	_	_	_	_
la	O	O	O	O	O	O	_	_	_	_	_	_
justesse	O	O	O	O	O	O	_	_	_	_	_	_
de	O	O	O	O	O	O	_	_	_	_	_	_
leur	O	O	O	O	O	O	_	_	EndOfLine	_	_	_
# segment_iiif_link = https://impresso-project.ch/api/proxy/iiif/GDL-1877-05-15-a-p0003/2535,3182,745,58/full/0/default.jpg
tir	O	O	O	O	O	O	_	_	NoSpaceAfter	_	_	_
,	O	O	O	O	O	O	_	_	_	_	_	_
refoulé	O	O	O	O	O	O	_	_	_	_	_	_
le	O	O	O	O	O	O	_	_	_	_	_	_
gros	O	O	O	O	O	O	_	_	_	_	_	_
de	O	O	O	O	O	O	_	_	_	_	_	_
la	O	O	O	O	O	O	_	_	_	_	_	_
cavalerie	O	O	O	O	O	O	_	_	_	_	_	_
ennemie	O	O	O	O	O	O	_	_	EndOfLine	_	_	_
# segment_iiif_link = https://impresso-project.ch/api/proxy/iiif/GDL-1877-05-15-a-p0003/2538,3225,742,60/full/0/default.jpg
au	O	O	O	O	O	O	_	_	NoSpaceAfter	_	_	_
-	O	O	O	O	O	O	_	_	NoSpaceAfter	_	_	_
delà	O	O	O	O	O	O	_	_	_	_	_	_
des	O	O	O	O	O	O	_	_	_	_	_	_
montagnes	O	O	O	O	O	O	_	_	_	_	_	_
du	O	O	O	O	O	O	_	_	_	_	_	_
Berdyk	O	O	O	O	O	O	_	_	_	_	_	_
Tchaï	O	O	O	O	O	O	_	_	NoSpaceAfter	_	_	_
.	O	O	O	O	O	O	_	_	EndOfLine	EndOfSentence	_	_
# segment_iiif_link = https://impresso-project.ch/api/proxy/iiif/GDL-1877-05-15-a-p0003/2538,3270,742,60/full/0/default.jpg
En	O	O	O	O	O	O	_	_	_	_	_	_
retournant	O	O	O	O	O	O	_	_	_	_	_	_
au	O	O	O	O	O	O	_	_	_	_	_	_
camp	O	O	O	O	O	O	_	_	NoSpaceAfter	_	_	_
,	O	O	O	O	O	O	_	_	_	_	_	_
ces	O	O	O	O	O	O	_	_	_	_	_	_
troupes	O	O	O	O	O	O	_	_	_	_	_	_
ont	O	O	O	O	O	O	_	_	EndOfLine	_	_	_
# segment_iiif_link = https://impresso-project.ch/api/proxy/iiif/GDL-1877-05-15-a-p0003/2538,3312,742,60/full/0/default.jpg
essuyé	O	O	O	O	O	O	_	_	_	_	_	_
le	O	O	O	O	O	O	_	_	_	_	_	_
feu	O	O	O	O	O	O	_	_	_	_	_	_
d	O	O	O	O	O	O	_	_	NoSpaceAfter	_	_	_
'	O	O	O	O	O	O	_	_	NoSpaceAfter	_	_	_
une	O	O	O	O	O	O	_	_	_	_	_	_
batterie	O	O	O	O	O	O	_	_	_	_	_	_
turque	O	O	O	O	O	O	_	_	_	_	_	_
et	O	O	O	O	O	O	_	_	_	_	_	_
de	O	O	O	O	O	O	_	_	EndOfLine	_	_	_
# segment_iiif_link = https://impresso-project.ch/api/proxy/iiif/GDL-1877-05-15-a-p0003/2538,3358,742,60/full/0/default.jpg
quatre	O	O	O	O	O	O	_	_	_	_	_	_
bataillons	O	O	O	O	O	O	_	_	_	_	_	_
qui	O	O	O	O	O	O	_	_	_	_	_	_
étaient	O	O	O	O	O	O	_	_	_	_	_	_
cachés	O	O	O	O	O	O	_	_	_	_	_	_
dans	O	O	O	O	O	O	_	_	_	_	_	_
un	O	O	O	O	O	O	_	_	EndOfLine	_	_	_
# segment_iiif_link = https://impresso-project.ch/api/proxy/iiif/GDL-1877-05-15-a-p0003/2538,3402,742,58/full/0/default.jpg
pli	O	O	O	O	O	O	_	_	_	_	_	_
de	O	O	O	O	O	O	_	_	_	_	_	_
terrain	O	O	O	O	O	O	_	_	NoSpaceAfter	_	_	_
.	O	O	O	O	O	O	_	_	_	EndOfSentence	_	_
Le	O	O	O	O	O	O	_	_	_	_	_	_
feu	O	O	O	O	O	O	_	_	_	_	_	_
de	O	O	O	O	O	O	_	_	_	_	_	_
cette	O	O	O	O	O	O	_	_	_	_	_	_
batterie	O	O	O	O	O	O	_	_	_	_	_	_
a	O	O	O	O	O	O	_	_	EndOfLine	_	_	_
# segment_iiif_link = https://impresso-project.ch/api/proxy/iiif/GDL-1877-05-15-a-p0003/2538,3445,742,60/full/0/default.jpg
blessé	O	O	O	O	O	O	_	_	_	_	_	_
un	O	O	O	O	O	O	_	_	_	_	_	_
dragon	O	O	O	O	O	O	_	_	_	_	_	_
et	O	O	O	O	O	O	_	_	_	_	_	_
tué	O	O	O	O	O	O	_	_	_	_	_	_
deux	O	O	O	O	O	O	_	_	_	_	_	_
chevaux	O	O	O	O	O	O	_	_	NoSpaceAfter	_	_	_
.	O	O	O	O	O	O	_	_	_	EndOfSentence	_	_
Dans	O	O	O	O	O	O	_	_	EndOfLine	_	_	_
# segment_iiif_link = https://impresso-project.ch/api/proxy/iiif/GDL-1877-05-15-a-p0003/2538,3490,742,60/full/0/default.jpg
la	O	O	O	O	O	O	_	_	_	_	_	_
fusillade	O	O	O	O	O	O	_	_	_	_	_	_
qui	O	O	O	O	O	O	_	_	_	_	_	_
s	O	O	O	O	O	O	_	_	NoSpaceAfter	_	_	_
'	O	O	O	O	O	O	_	_	NoSpaceAfter	_	_	_
est	O	O	O	O	O	O	_	_	_	_	_	_
engagée	O	O	O	O	O	O	_	_	_	_	_	_
avec	O	O	O	O	O	O	_	_	EndOfLine	_	_	_
# segment_iiif_link = https://impresso-project.ch/api/proxy/iiif/GDL-1877-05-15-a-p0003/2538,3532,745,60/full/0/default.jpg
l	O	O	O	O	O	O	_	_	NoSpaceAfter	_	_	_
'	O	O	O	O	O	O	_	_	NoSpaceAfter	_	_	_
infanterie	O	O	O	O	O	O	_	_	_	_	_	_
ennemie	O	O	O	O	O	O	_	_	NoSpaceAfter	_	_	_
,	O	O	O	O	O	O	_	_	_	_	_	_
nous	O	O	O	O	O	O	_	_	_	_	_	_
avons	O	O	O	O	O	O	_	_	_	_	_	_
eu	O	O	O	O	O	O	_	_	_	_	_	_
deux	O	O	O	O	O	O	_	_	_	_	_	_
officiers	O	O	O	O	O	O	_	_	EndOfLine	_	_	_
# segment_iiif_link = https://impresso-project.ch/api/proxy/iiif/GDL-1877-05-15-a-p0003/2540,3578,740,60/full/0/default.jpg
(	O	O	O	O	O	O	_	_	NoSpaceAfter	_	_	_
le	O	O	O	O	O	O	_	_	_	_	_	_
major	O	O	O	O	O	O	_	_	_	_	_	_
comte	O	O	O	O	O	O	_	_	_	_	_	_
de	O	O	O	O	O	O	_	_	_	_	_	_
Laulrec	O	O	O	O	O	O	_	_	_	_	_	_
et	O	O	O	O	O	O	_	_	_	_	_	_
le	O	O	O	O	O	O	_	_	_	_	_	_
lieutenant	O	O	O	O	O	O	_	_	EndOfLine	_	_	_
# segment_iiif_link = https://impresso-project.ch/api/proxy/iiif/GDL-1877-05-15-a-p0003/2535,3622,745,58/full/0/default.jpg
Yikilow	O	O	O	O	O	O	_	_	NoSpaceAfter	_	_	_
,	O	O	O	O	O	O	_	_	_	_	_	_
des	O	O	O	O	O	O	_	_	_	_	_	_
dragons	O	O	O	O	O	O	_	_	_	_	_	_
de	O	O	O	O	O	O	_	_	_	_	_	_
Tver	O	O	O	O	O	O	_	_	NoSpaceAfter	_	_	_
)	O	O	O	O	O	O	_	_	NoSpaceAfter	_	_	_
,	O	O	O	O	O	O	_	_	_	_	_	_
sept	O	O	O	O	O	O	_	_	_	_	_	_
hom	O	O	O	O	O	O	_	_	EndOfLine	_	_	_
# segment_iiif_link = https://impresso-project.ch/api/proxy/iiif/GDL-1877-05-15-a-p0003/2535,3665,748,60/full/0/default.jpg
mes	O	O	O	O	O	O	_	_	_	_	_	_
et	O	O	O	O	O	O	_	_	_	_	_	_
un	O	O	O	O	O	O	_	_	_	_	_	_
cheval	O	O	O	O	O	O	_	_	_	_	_	_
blessés	O	O	O	O	O	O	_	_	NoSpaceAfter	_	_	_
.	O	O	O	O	O	O	_	_	_	EndOfSentence	_	_
Du	O	O	O	O	O	O	_	_	_	_	_	_
côté	O	O	O	O	O	O	_	_	_	_	_	_
de	O	O	O	O	O	O	_	_	EndOfLine	_	_	_
# segment_iiif_link = https://impresso-project.ch/api/proxy/iiif/GDL-1877-05-15-a-p0003/2538,3710,745,60/full/0/default.jpg
l	O	O	O	O	O	O	_	_	NoSpaceAfter	_	_	_
'	O	O	O	O	O	O	_	_	NoSpaceAfter	_	_	_
ennemi	O	O	O	O	O	O	_	_	NoSpaceAfter	_	_	_
,	O	O	O	O	O	O	_	_	_	_	_	_
les	O	O	O	O	O	O	_	_	_	_	_	_
pertes	O	O	O	O	O	O	_	_	_	_	_	_
ont	O	O	O	O	O	O	_	_	_	_	_	_
dû	O	O	O	O	O	O	_	_	_	_	_	_
être	O	O	O	O	O	O	_	_	_	_	_	_
très	O	O	O	O	O	O	_	_	EndOfLine	_	_	_
# segment_iiif_link = https://impresso-project.ch/api/proxy/iiif/GDL-1877-05-15-a-p0003/2538,3752,742,60/full/0/default.jpg
considérables	O	O	O	O	O	O	_	_	NoSpaceAfter	_	_	_
,	O	O	O	O	O	O	_	_	_	_	_	_
à	O	O	O	O	O	O	_	_	_	_	_	_
en	O	O	O	O	O	O	_	_	_	_	_	_
juger	O	O	O	O	O	O	_	_	_	_	_	_
par	O	O	O	O	O	O	_	_	_	_	_	_
le	O	O	O	O	O	O	_	_	_	_	_	_
nombre	O	O	O	O	O	O	_	_	_	_	_	_
des	O	O	O	O	O	O	_	_	_	_	_	_
corps	O	O	O	O	O	O	_	_	EndOfLine	_	_	_
# segment_iiif_link = https://impresso-project.ch/api/proxy/iiif/GDL-1877-05-15-a-p0003/2538,3798,744,60/full/0/default.jpg
d	O	O	O	O	O	O	_	_	NoSpaceAfter	_	_	_
'	O	O	O	O	O	O	_	_	NoSpaceAfter	_	_	_
hommes	O	O	O	O	O	O	_	_	_	_	_	_
et	O	O	O	O	O	O	_	_	_	_	_	_
de	O	O	O	O	O	O	_	_	_	_	_	_
chevaux	O	O	O	O	O	O	_	_	_	_	_	_
qu	O	O	O	O	O	O	_	_	NoSpaceAfter	_	_	_
'	O	O	O	O	O	O	_	_	NoSpaceAfter	_	_	_
on	O	O	O	O	O	O	_	_	_	_	_	_
voyait	O	O	O	O	O	O	_	_	_	_	_	_
gisants	O	O	O	O	O	O	_	_	EndOfLine	_	_	_
# segment_iiif_link = https://impresso-project.ch/api/proxy/iiif/GDL-1877-05-15-a-p0003/2535,3842,245,58/full/0/default.jpg
sur	O	O	O	O	O	O	_	_	_	_	_	_
le	O	O	O	O	O	O	_	_	_	_	_	_
terrain	O	O	O	O	O	O	_	_	NoSpaceAfter	_	_	_
.	O	O	O	O	O	O	_	_	EndOfLine	EndOfSentence	_	_
# segment_iiif_link = https://impresso-project.ch/api/proxy/iiif/GDL-1877-05-15-a-p0003/2582,3898,703,60/full/0/default.jpg
Le	O	O	O	O	O	O	_	_	_	_	_	_
général	O	O	O	O	O	O	_	_	_	_	_	_
Schérémététiew	O	O	O	O	O	O	_	_	_	_	_	_
constate	O	O	O	O	O	O	_	_	_	_	_	_
le	O	O	O	O	O	O	_	_	EndOfLine	_	_	_
# segment_iiif_link = https://impresso-project.ch/api/proxy/iiif/GDL-1877-05-15-a-p0003/2538,3942,746,58/full/0/default.jpg
sang	O	O	O	O	O	O	_	_	NoSpaceAfter	_	_	_
-	O	O	O	O	O	O	_	_	NoSpaceAfter	_	_	_
froid	O	O	O	O	O	O	_	_	_	_	_	_
et	O	O	O	O	O	O	_	_	_	_	_	_
la	O	O	O	O	O	O	_	_	_	_	_	_
précision	O	O	O	O	O	O	_	_	_	_	_	_
avec	O	O	O	O	O	O	_	_	_	_	_	_
lesquels	O	O	O	O	O	O	_	_	_	_	_	_
les	O	O	O	O	O	O	_	_	EndOfLine	_	_	_
# segment_iiif_link = https://impresso-project.ch/api/proxy/iiif/GDL-1877-05-15-a-p0003/2538,3985,746,60/full/0/default.jpg
dragons	O	O	O	O	O	O	_	_	_	_	_	_
et	O	O	O	O	O	O	_	_	_	_	_	_
les	O	O	O	O	O	O	_	_	_	_	_	_
Cosaques	O	O	O	O	O	O	_	_	_	_	_	_
à	O	O	O	O	O	O	_	_	_	_	_	_
pied	O	O	O	O	O	O	_	_	_	_	_	_
ont	O	O	O	O	O	O	_	_	_	_	_	_
fait	O	O	O	O	O	O	_	_	EndOfLine	_	_	_
# segment_iiif_link = https://impresso-project.ch/api/proxy/iiif/GDL-1877-05-15-a-p0003/2538,4030,562,60/full/0/default.jpg
usage	O	O	O	O	O	O	_	_	_	_	_	_
de	O	O	O	O	O	O	_	_	_	_	_	_
leurs	O	O	O	O	O	O	_	_	_	_	_	_
fusils	O	O	O	O	O	O	_	_	_	_	_	_
à	O	O	O	O	O	O	_	_	_	_	_	_
tir	O	O	O	O	O	O	_	_	_	_	_	_
rapide	O	O	O	O	O	O	_	_	NoSpaceAfter	_	_	_
.	O	O	O	O	O	O	_	_	EndOfLine	EndOfSentence	_	_
# segment_iiif_link = https://impresso-project.ch/api/proxy/iiif/GDL-1877-05-15-a-p0003/2582,4078,704,58/full/0/default.jpg
Dans	O	O	O	O	O	O	_	_	_	_	_	_
cette	O	O	O	O	O	O	_	_	_	_	_	_
reconnaissance	O	O	O	O	O	O	_	_	NoSpaceAfter	_	_	_
,	O	O	O	O	O	O	_	_	_	_	_	_
cinq	O	O	O	O	O	O	_	_	_	_	_	_
de	O	O	O	O	O	O	_	_	_	_	_	_
nos	O	O	O	O	O	O	_	_	EndOfLine	_	_	_
# segment_iiif_link = https://impresso-project.ch/api/proxy/iiif/GDL-1877-05-15-a-p0003/2540,4120,745,60/full/0/default.jpg
cavaliers	O	O	O	O	O	O	_	_	_	_	_	_
irréguliers	O	O	O	O	O	O	_	_	_	_	_	_
se	O	O	O	O	O	O	_	_	_	_	_	_
sont	O	O	O	O	O	O	_	_	NoSpaceAfter	_	_	_
,	O	O	O	O	O	O	_	_	_	_	_	_
par	O	O	O	O	O	O	_	_	_	_	_	_
un	O	O	O	O	O	O	_	_	_	_	_	_
hardi	O	O	O	O	O	O	_	_	EndOfLine	_	_	_
# segment_iiif_link = https://impresso-project.ch/api/proxy/iiif/GDL-1877-05-15-a-p0003/2540,4165,748,60/full/0/default.jpg
coup	O	O	O	O	O	O	_	_	_	_	_	_
de	O	O	O	O	O	O	_	_	_	_	_	_
main	O	O	O	O	O	O	_	_	NoSpaceAfter	_	_	_
,	O	O	O	O	O	O	_	_	_	_	_	_
emparés	O	O	O	O	O	O	_	_	_	_	_	_
de	O	O	O	O	O	O	_	_	_	_	_	_
la	O	O	O	O	O	O	_	_	_	_	_	_
poste	O	O	O	O	O	O	_	_	_	_	_	_
turque	O	O	O	O	O	O	_	_	NoSpaceAfter	_	_	_
,	O	O	O	O	O	O	_	_	EndOfLine	_	_	_
# segment_iiif_link = https://impresso-project.ch/api/proxy/iiif/GDL-1877-05-15-a-p0003/2538,4208,749,60/full/0/default.jpg
qui	O	O	O	O	O	O	_	_	_	_	_	_
allait	O	O	O	O	O	O	_	_	_	_	_	_
d	O	O	O	O	O	O	_	_	NoSpaceAfter	_	_	_
'	O	O	O	O	O	O	_	_	NoSpaceAfter	_	_	_
Ardahan	O	O	O	O	O	O	_	_	_	_	_	_
à	O	O	O	O	O	O	_	_	_	_	_	_
Kars	O	O	O	O	O	O	_	_	NoSpaceAfter	_	_	_
,	O	O	O	O	O	O	_	_	_	_	_	_
et	O	O	O	O	O	O	_	_	_	_	_	_
de	O	O	O	O	O	O	_	_	_	_	_	_
cinq	O	O	O	O	O	O	_	_	EndOfLine	_	_	_
# segment_iiif_link = https://impresso-project.ch/api/proxy/iiif/GDL-1877-05-15-a-p0003/2540,4252,370,60/full/0/default.jpg
soldats	O	O	O	O	O	O	_	_	_	_	_	_
qui	O	O	O	O	O	O	_	_	_	_	_	_
l	O	O	O	O	O	O	_	_	NoSpaceAfter	_	_	_
'	O	O	O	O	O	O	_	_	NoSpaceAfter	_	_	_
escortaient	O	O	O	O	O	O	_	_	NoSpaceAfter	_	_	_
.	O	O	O	O	O	O	_	_	EndOfLine	EndOfSentence	_	_
# segment_iiif_link = https://impresso-project.ch/api/proxy/iiif/GDL-1877-05-15-a-p0003/2582,4300,705,60/full/0/default.jpg
Belgrade	O	O	O	O	O	O	_	_	NoSpaceAfter	_	_	_
,	O	O	O	O	O	O	_	_	_	_	_	_
14	O	O	O	O	O	O	_	_	_	_	_	_
mai	O	O	O	O	O	O	_	_	NoSpaceAfter	_	_	_
.	O	O	O	O	O	O	_	_	_	EndOfSentence	_	_
—	O	O	O	O	O	O	_	_	_	_	_	_
Le	O	O	O	O	O	O	_	_	EndOfLine	_	_	_
# segment_iiif_link = https://impresso-project.ch/api/proxy/iiif/GDL-1877-05-15-a-p0003/2540,4345,745,60/full/0/default.jpg
gouvernement	O	O	O	O	O	O	_	_	_	_	_	_
a	O	O	O	O	O	O	_	_	_	_	_	_
interdit	O	O	O	O	O	O	_	_	_	_	_	_
la	O	O	O	O	O	O	_	_	_	_	_	_
sortie	O	O	O	O	O	O	_	_	_	_	_	_
des	O	O	O	O	O	O	_	_	_	_	_	_
céréales	O	O	O	O	O	O	_	_	NoSpaceAfter	_	_	_
.	O	O	O	O	O	O	_	_	_	EndOfSentence	_	_
La	O	O	O	O	O	O	_	_	EndOfLine	_	_	_
# segment_iiif_link = https://impresso-project.ch/api/proxy/iiif/GDL-1877-05-15-a-p0003/2538,4388,749,60/full/0/default.jpg
milice	O	O	O	O	O	O	_	_	_	_	_	_
de	O	O	O	O	O	O	_	_	_	_	_	_
la	O	O	O	O	O	O	_	_	_	_	_	_
première	O	O	O	O	O	O	_	_	_	_	_	_
classe	O	O	O	O	O	O	_	_	_	_	_	_
a	O	O	O	O	O	O	_	_	_	_	_	_
reçu	O	O	O	O	O	O	_	_	_	_	_	_
l	O	O	O	O	O	O	_	_	NoSpaceAfter	_	_	_
'	O	O	O	O	O	O	_	_	NoSpaceAfter	_	_	_
ordre	O	O	O	O	O	O	_	_	EndOfLine	_	_	_
# segment_iiif_link = https://impresso-project.ch/api/proxy/iiif/GDL-1877-05-15-a-p0003/2540,4432,745,60/full/0/default.jpg
de	O	O	O	O	O	O	_	_	_	_	_	_
se	O	O	O	O	O	O	_	_	_	_	_	_
tenir	O	O	O	O	O	O	_	_	_	_	_	_
prête	O	O	O	O	O	O	_	_	_	_	_	_
à	O	O	O	O	O	O	_	_	_	_	_	_
partir	O	O	O	O	O	O	_	_	_	_	_	_
pour	O	O	O	O	O	O	_	_	_	_	_	_
la	O	O	O	O	O	O	_	_	_	_	_	_
frontière	O	O	O	O	O	O	_	_	EndOfLine	_	_	_
# segment_iiif_link = https://impresso-project.ch/api/proxy/iiif/GDL-1877-05-15-a-p0003/2540,4478,280,58/full/0/default.jpg
de	O	O	O	O	O	O	_	_	_	_	_	_
la	O	O	O	O	O	O	_	_	_	_	_	_
Roumanie	O	O	O	O	O	O	_	_	NoSpaceAfter	_	_	_
.	O	O	O	O	O	O	_	_	EndOfLine	EndOfSentence	_	_
# segment_iiif_link = https://impresso-project.ch/api/proxy/iiif/GDL-1877-05-15-a-p0003/2585,4525,703,60/full/0/default.jpg
Bucharest	O	O	O	O	O	O	_	_	NoSpaceAfter	_	_	_
,	O	O	O	O	O	O	_	_	_	_	_	_
14	O	O	O	O	O	O	_	_	_	_	_	_
mai	O	O	O	O	O	O	_	_	NoSpaceAfter	_	_	_
.	O	O	O	O	O	O	_	_	_	EndOfSentence	_	_
—	O	O	O	O	O	O	_	_	_	_	_	_
Le	O	O	O	O	O	O	_	_	EndOfLine	_	_	_
# segment_iiif_link = https://impresso-project.ch/api/proxy/iiif/GDL-1877-05-15-a-p0003/2540,4568,745,60/full/0/default.jpg
gouvernement	O	O	O	O	O	O	_	_	_	_	_	_
roumain	O	O	O	O	O	O	_	_	_	_	_	_
a	O	O	O	O	O	O	_	_	_	_	_	_
remis	O	O	O	O	O	O	_	_	_	_	_	_
aujourd	O	O	O	O	O	O	_	_	NoSpaceAfter	_	_	_
'	O	O	O	O	O	O	_	_	NoSpaceAfter	_	_	_
hui	O	O	O	O	O	O	_	_	_	_	_	_
aux	O	O	O	O	O	O	_	_	EndOfLine	_	_	_
# segment_iiif_link = https://impresso-project.ch/api/proxy/iiif/GDL-1877-05-15-a-p0003/2540,4612,747,60/full/0/default.jpg
consuls	O	O	O	O	O	O	_	_	_	_	_	_
généraux	O	O	O	O	O	O	_	_	_	_	_	_
résidant	O	O	O	O	O	O	_	_	_	_	_	_
à	O	O	O	O	O	O	_	_	_	_	_	_
Bucharest	O	O	O	O	O	O	_	_	_	_	_	_
une	O	O	O	O	O	O	_	_	EndOfLine	_	_	_
# segment_iiif_link = https://impresso-project.ch/api/proxy/iiif/GDL-1877-05-15-a-p0003/2540,4658,744,58/full/0/default.jpg
note	O	O	O	O	O	O	_	_	_	_	_	_
par	O	O	O	O	O	O	_	_	_	_	_	_
laquelle	O	O	O	O	O	O	_	_	_	_	_	_
il	O	O	O	O	O	O	_	_	_	_	_	_
leur	O	O	O	O	O	O	_	_	_	_	_	_
annonce	O	O	O	O	O	O	_	_	_	_	_	_
qu	O	O	O	O	O	O	_	_	NoSpaceAfter	_	_	_
'	O	O	O	O	O	O	_	_	NoSpaceAfter	_	_	_
il	O	O	O	O	O	O	_	_	EndOfLine	_	_	_
# segment_iiif_link = https://impresso-project.ch/api/proxy/iiif/GDL-1877-05-15-a-p0003/2540,4700,435,60/full/0/default.jpg
déclare	O	O	O	O	O	O	_	_	_	_	_	_
la	O	O	O	O	O	O	_	_	_	_	_	_
guerre	O	O	O	O	O	O	_	_	_	_	_	_
à	O	O	O	O	O	O	_	_	_	_	_	_
la	O	O	O	O	O	O	_	_	_	_	_	_
Porte	O	O	O	O	O	O	_	_	NoSpaceAfter	_	_	_
,	O	O	O	O	O	O	_	_	EndOfLine	_	_	_
# segment_iiif_link = https://impresso-project.ch/api/proxy/iiif/GDL-1877-05-15-a-p0003/2585,4750,703,60/full/0/default.jpg
Baguse	O	O	O	O	O	O	_	_	NoSpaceAfter	_	_	_
,	O	O	O	O	O	O	_	_	_	_	_	_
14	O	O	O	O	O	O	_	_	NoSpaceAfter	_	_	_
-	O	O	O	O	O	O	_	_	_	_	_	_
mai	O	O	O	O	O	O	_	_	NoSpaceAfter	_	_	_
.	O	O	O	O	O	O	_	_	_	EndOfSentence	_	_
—	O	O	O	O	O	O	_	_	_	_	_	_
DespotoviebJ	O	O	O	O	O	O	_	_	EndOfLine	_	_	_
# segment_iiif_link = https://impresso-project.ch/api/proxy/iiif/GDL-1877-05-15-a-p0003/2542,4792,758,60/full/0/default.jpg
ayant	O	O	O	O	O	O	_	_	_	_	_	_
reçu	O	O	O	O	O	O	_	_	_	_	_	_
des	O	O	O	O	O	O	_	_	_	_	_	_
renforts	O	O	O	O	O	O	_	_	_	_	_	_
et	O	O	O	O	O	O	_	_	_	_	_	_
2,000	O	O	O	O	O	O	_	_	_	_	_	_
fusils	O	O	O	O	O	O	_	_	_	_	_	_
se	O	O	O	O	O	O	_	_	EndOfLine	_	_	_
# segment_iiif_link = https://impresso-project.ch/api/proxy/iiif/GDL-1877-05-15-a-p0003/2542,4838,746,60/full/0/default.jpg
chargeant	O	O	O	O	O	O	_	_	_	_	_	_
par	O	O	O	O	O	O	_	_	_	_	_	_
la	O	O	O	O	O	O	_	_	_	_	_	_
culasse	O	O	O	O	O	O	_	_	NoSpaceAfter	_	_	_
,	O	O	O	O	O	O	_	_	_	_	_	_
s	O	O	O	O	O	O	_	_	NoSpaceAfter	_	_	_
'	O	O	O	O	O	O	_	_	NoSpaceAfter	_	_	_
est	O	O	O	O	O	O	_	_	_	_	_	_
dirigé	O	O	O	O	O	O	_	_	_	_	_	_
vers	O	O	O	O	O	O	_	_	EndOfLine	_	_	_
# segment_iiif_link = https://impresso-project.ch/api/proxy/iiif/GDL-1877-05-15-a-p0003/2542,4882,110,58/full/0/default.jpg
Livno	O	O	O	O	O	O	_	_	NoSpaceAfter	_	_	_
.	O	O	O	O	O	O	_	_	EndOfLine	EndOfSentence	_	_
# segment_iiif_link = https://impresso-project.ch/api/proxy/iiif/GDL-1877-05-15-a-p0003/2590,4928,698,60/full/0/default.jpg
JLondres	O	O	O	O	O	O	_	_	NoSpaceAfter	_	_	_
,	O	O	O	O	O	O	_	_	_	_	_	_
15	O	O	O	O	O	O	_	_	_	_	_	_
mai	O	O	O	O	O	O	_	_	NoSpaceAfter	_	_	_
.	O	O	O	O	O	O	_	_	_	EndOfSentence	_	_
—	O	O	O	O	O	O	_	_	_	_	_	_
Les	O	O	O	O	O	O	_	_	_	_	_	_
deux	O	O	O	O	O	O	_	_	EndOfLine	_	_	_
# segment_iiif_link = https://impresso-project.ch/api/proxy/iiif/GDL-1877-05-15-a-p0003/2545,4972,745,58/full/0/default.jpg
Chambres	O	O	O	O	O	O	_	_	_	_	_	_
se	O	O	O	O	O	O	_	_	_	_	_	_
sont	O	O	O	O	O	O	_	_	_	_	_	_
occupées	O	O	O	O	O	O	_	_	_	_	_	_
hier	O	O	O	O	O	O	_	_	_	_	_	_
de	O	O	O	O	O	O	_	_	_	_	_	_
la	O	O	O	O	O	O	_	_	EndOfLine	_	_	_
# segment_iiif_link = https://impresso-project.ch/api/proxy/iiif/GDL-1877-05-15-a-p0003/2545,5015,239,60/full/0/default.jpg
question	O	O	O	O	O	O	_	_	_	_	_	_
orientale	O	O	O	O	O	O	_	_	NoSpaceAfter	_	_	_
.	O	O	O	O	O	O	_	_	EndOfLine	EndOfSentence	_	_
# segment_iiif_link = https://impresso-project.ch/api/proxy/iiif/GDL-1877-05-15-a-p0003/2590,5062,700,58/full/0/default.jpg
A	O	O	O	O	O	O	_	_	_	_	_	_
la	O	O	O	O	O	O	_	_	_	_	_	_
Chambre	O	O	O	O	O	O	_	_	_	_	_	_
des	O	O	O	O	O	O	_	_	_	_	_	_
lords	O	O	O	O	O	O	_	_	NoSpaceAfter	_	_	_
,	O	O	O	O	O	O	_	_	_	_	_	_
le	O	O	O	O	O	O	_	_	_	_	_	_
comte	O	O	O	O	O	O	_	_	_	_	_	_
de	O	O	O	O	O	O	_	_	EndOfLine	_	_	_
# segment_iiif_link = https://impresso-project.ch/api/proxy/iiif/GDL-1877-05-15-a-p0003/2545,5105,745,60/full/0/default.jpg
Derby	O	O	O	O	O	O	_	_	_	_	_	_
a	O	O	O	O	O	O	_	_	_	_	_	_
déclaré	O	O	O	O	O	O	_	_	_	_	_	_
que	O	O	O	O	O	O	_	_	_	_	_	_
l	O	O	O	O	O	O	_	_	NoSpaceAfter	_	_	_
'	O	O	O	O	O	O	_	_	NoSpaceAfter	_	_	_
altitude	O	O	O	O	O	O	_	_	_	_	_	_
de	O	O	O	O	O	O	_	_	EndOfLine	_	_	_
# segment_iiif_link = https://impresso-project.ch/api/proxy/iiif/GDL-1877-05-15-a-p0003/2545,5150,745,60/full/0/default.jpg
l	O	O	O	O	O	O	_	_	NoSpaceAfter	_	_	_
'	O	O	O	O	O	O	_	_	NoSpaceAfter	_	_	_
Autriche	O	O	O	O	O	O	_	_	_	_	_	_
permettait	O	O	O	O	O	O	_	_	_	_	_	_
de	O	O	O	O	O	O	_	_	_	_	_	_
prévoir	O	O	O	O	O	O	_	_	_	_	_	_
qu	O	O	O	O	O	O	_	_	NoSpaceAfter	_	_	_
'	O	O	O	O	O	O	_	_	NoSpaceAfter	_	_	_
elle	O	O	O	O	O	O	_	_	_	_	_	_
ne	O	O	O	O	O	O	_	_	EndOfLine	_	_	_
# segment_iiif_link = https://impresso-project.ch/api/proxy/iiif/GDL-1877-05-15-a-p0003/2545,5192,745,60/full/0/default.jpg
réclamerait	O	O	O	O	O	O	_	_	_	_	_	_
pas	O	O	O	O	O	O	_	_	_	_	_	_
l	O	O	O	O	O	O	_	_	NoSpaceAfter	_	_	_
'	O	O	O	O	O	O	_	_	NoSpaceAfter	_	_	_
exécution	O	O	O	O	O	O	_	_	_	_	_	_
du	O	O	O	O	O	O	_	_	_	_	_	_
traité	O	O	O	O	O	O	_	_	_	_	_	_
de	O	O	O	O	O	O	_	_	_	_	_	_
1856	O	O	O	O	O	O	_	_	NoSpaceAfter	_	_	_
.	O	O	O	O	O	O	_	_	EndOfLine	EndOfSentence	_	_
# segment_iiif_link = https://impresso-project.ch/api/proxy/iiif/GDL-1877-05-15-a-p0003/2545,5238,742,60/full/0/default.jpg
Quant	O	O	O	O	O	O	_	_	_	_	_	_
à	O	O	O	O	O	O	_	_	_	_	_	_
la	O	O	O	O	O	O	_	_	_	_	_	_
France	O	O	O	O	O	O	_	_	_	_	_	_
el	O	O	O	O	O	O	_	_	_	_	_	_
à	O	O	O	O	O	O	_	_	_	_	_	_
l	O	O	O	O	O	O	_	_	NoSpaceAfter	_	_	_
'	O	O	O	O	O	O	_	_	NoSpaceAfter	_	_	_
Angleterre	O	O	O	O	O	O	_	_	_	_	_	_
elles	O	O	O	O	O	O	_	_	_	_	_	_
ont	O	O	O	O	O	O	_	_	EndOfLine	_	_	_
# segment_iiif_link = https://impresso-project.ch/api/proxy/iiif/GDL-1877-05-15-a-p0003/2545,5282,742,58/full/0/default.jpg
fait	O	O	O	O	O	O	_	_	_	_	_	_
une	O	O	O	O	O	O	_	_	_	_	_	_
déclaration	O	O	O	O	O	O	_	_	_	_	_	_
formelle	O	O	O	O	O	O	_	_	_	_	_	_
de	O	O	O	O	O	O	_	_	_	_	_	_
neutralité	O	O	O	O	O	O	_	_	NoSpaceAfter	_	_	_
.	O	O	O	O	O	O	_	_	_	EndOfSentence	_	_
Il	O	O	O	O	O	O	_	_	EndOfLine	_	_	_
# segment_iiif_link = https://impresso-project.ch/api/proxy/iiif/GDL-1877-05-15-a-p0003/2548,5325,742,60/full/0/default.jpg
faut	O	O	O	O	O	O	_	_	_	_	_	_
attendre	O	O	O	O	O	O	_	_	_	_	_	_
la	O	O	O	O	O	O	_	_	_	_	_	_
fin	O	O	O	O	O	O	_	_	_	_	_	_
de	O	O	O	O	O	O	_	_	_	_	_	_
la	O	O	O	O	O	O	_	_	_	_	_	_
guerre	O	O	O	O	O	O	_	_	NoSpaceAfter	_	_	_
,	O	O	O	O	O	O	_	_	_	_	_	_
qui	O	O	O	O	O	O	_	_	EndOfLine	_	_	_
# segment_iiif_link = https://impresso-project.ch/api/proxy/iiif/GDL-1877-05-15-a-p0003/2548,5370,755,60/full/0/default.jpg
fournira	O	O	O	O	O	O	_	_	_	_	_	_
la	O	O	O	O	O	O	_	_	_	_	_	_
meilleure	O	O	O	O	O	O	_	_	_	_	_	_
occasion	O	O	O	O	O	O	_	_	_	_	_	_
de	O	O	O	O	O	O	_	_	_	_	_	_
réviser	O	O	O	O	O	O	_	_	_	_	_	_
et	O	O	O	O	O	O	_	_	_	_	_	_
de	O	O	O	O	O	O	_	_	EndOfLine	_	_	_
# segment_iiif_link = https://impresso-project.ch/api/proxy/iiif/GDL-1877-05-15-a-p0003/2545,5412,303,60/full/0/default.jpg
modifier	O	O	O	O	O	O	_	_	_	_	_	_
le	O	O	O	O	O	O	_	_	_	_	_	_
traité	O	O	O	O	O	O	_	_	NoSpaceAfter	_	_	_
.	O	O	O	O	O	O	_	_	EndOfLine	EndOfSentence	_	_
# segment_iiif_link = https://impresso-project.ch/api/proxy/iiif/GDL-1877-05-15-a-p0003/3378,188,699,58/full/0/default.jpg
La	O	O	O	O	O	O	_	_	_	_	_	_
Chambre	O	O	O	O	O	O	_	_	_	_	_	_
des	O	O	O	O	O	O	_	_	_	_	_	_
Communes	O	O	O	O	O	O	_	_	_	_	_	_
â	O	O	O	O	O	O	_	_	_	_	_	_
ëflfîn	O	O	O	O	O	O	_	_	EndOfLine	_	_	_
# segment_iiif_link = https://impresso-project.ch/api/proxy/iiif/GDL-1877-05-15-a-p0003/3332,230,745,60/full/0/default.jpg
miné	O	O	O	O	O	O	_	_	_	_	_	_
la	O	O	O	O	O	O	_	_	_	_	_	_
discussion	O	O	O	O	O	O	_	_	_	_	_	_
relative	O	O	O	O	O	O	_	_	_	_	_	_
aux	O	O	O	O	O	O	_	_	_	_	_	_
motions	O	O	O	O	O	O	_	_	EndOfLine	_	_	_
# segment_iiif_link = https://impresso-project.ch/api/proxy/iiif/GDL-1877-05-15-a-p0003/3335,275,742,60/full/0/default.jpg
Gladstone	O	O	O	O	O	O	_	_	NoSpaceAfter	_	_	_
.	O	O	O	O	O	O	_	_	_	EndOfSentence	_	_
Dans	O	O	O	O	O	O	_	_	_	_	_	_
le	O	O	O	O	O	O	_	_	_	_	_	_
cours	O	O	O	O	O	O	_	_	_	_	_	_
des	O	O	O	O	O	O	_	_	_	_	_	_
débats	O	O	O	O	O	O	_	_	_	_	_	_
M	O	O	O	O	O	O	_	_	NoSpaceAfter	_	_	_
.	O	O	O	O	O	O	_	_	EndOfLine	_	_	_
# segment_iiif_link = https://impresso-project.ch/api/proxy/iiif/GDL-1877-05-15-a-p0003/3332,318,745,60/full/0/default.jpg
Bourke	O	O	O	O	O	O	_	_	_	_	_	_
a	O	O	O	O	O	O	_	_	_	_	_	_
informé	O	O	O	O	O	O	_	_	_	_	_	_
la	O	O	O	O	O	O	_	_	_	_	_	_
Chambre	O	O	O	O	O	O	_	_	_	_	_	_
que	O	O	O	O	O	O	_	_	EndOfLine	_	_	_
# segment_iiif_link = https://impresso-project.ch/api/proxy/iiif/GDL-1877-05-15-a-p0003/3332,362,743,60/full/0/default.jpg
l	O	O	O	O	O	O	_	_	NoSpaceAfter	_	_	_
'	O	O	O	O	O	O	_	_	NoSpaceAfter	_	_	_
Autriche	O	O	O	O	O	O	_	_	NoSpaceAfter	_	_	_
,	O	O	O	O	O	O	_	_	_	_	_	_
la	O	O	O	O	O	O	_	_	_	_	_	_
France	O	O	O	O	O	O	_	_	NoSpaceAfter	_	_	_
,	O	O	O	O	O	O	_	_	_	_	_	_
l	O	O	O	O	O	O	_	_	NoSpaceAfter	_	_	_
'	O	O	O	O	O	O	_	_	NoSpaceAfter	_	_	_
Allemagne	O	O	O	O	O	O	_	_	_	_	_	_
et	O	O	O	O	O	O	_	_	_	_	_	_
l	O	O	O	O	O	O	_	_	NoSpaceAfter	_	_	_
'	O	O	O	O	O	O	_	_	NoSpaceAfter	_	_	_
Italie	O	O	O	O	O	O	_	_	EndOfLine	_	_	_
# segment_iiif_link = https://impresso-project.ch/api/proxy/iiif/GDL-1877-05-15-a-p0003/3330,408,678,58/full/0/default.jpg
n	O	O	O	O	O	O	_	_	NoSpaceAfter	_	_	_
'	O	O	O	O	O	O	_	_	NoSpaceAfter	_	_	_
ont	O	O	O	O	O	O	_	_	_	_	_	_
pas	O	O	O	O	O	O	_	_	_	_	_	_
répondu	O	O	O	O	O	O	_	_	_	_	_	_
à	O	O	O	O	O	O	_	_	_	_	_	_
la	O	O	O	O	O	O	_	_	_	_	_	_
circulaire	O	O	O	O	O	O	_	_	_	_	_	_
russe	O	O	O	O	O	O	_	_	NoSpaceAfter	_	_	_
.	O	O	O	O	O	O	_	_	EndOfLine	EndOfSentence	_	_
# segment_iiif_link = https://impresso-project.ch/api/proxy/iiif/GDL-1877-05-15-a-p0003/3378,455,696,60/full/0/default.jpg
Sir	O	O	O	O	O	O	_	_	_	_	_	_
St	O	O	O	O	O	O	_	_	_	_	_	_
.	O	O	O	O	O	O	_	_	NoSpaceAfter	EndOfSentence	_	_
-	O	O	O	O	O	O	_	_	NoSpaceAfter	_	_	_
Norlhcote	O	O	O	O	O	O	_	_	NoSpaceAfter	_	_	_
,	O	O	O	O	O	O	_	_	_	_	_	_
répondant	O	O	O	O	O	O	_	_	_	_	_	_
à	O	O	O	O	O	O	_	_	_	_	_	_
un	O	O	O	O	O	O	_	_	_	_	_	_
orateur	O	O	O	O	O	O	_	_	EndOfLine	_	_	_
# segment_iiif_link = https://impresso-project.ch/api/proxy/iiif/GDL-1877-05-15-a-p0003/3332,498,742,60/full/0/default.jpg
qui	O	O	O	O	O	O	_	_	_	_	_	_
avait	O	O	O	O	O	O	_	_	_	_	_	_
interpellé	O	O	O	O	O	O	_	_	_	_	_	_
le	O	O	O	O	O	O	_	_	_	_	_	_
cabinet	O	O	O	O	O	O	_	_	_	_	_	_
sur	O	O	O	O	O	O	_	_	_	_	_	_
la	O	O	O	O	O	O	_	_	EndOfLine	_	_	_
# segment_iiif_link = https://impresso-project.ch/api/proxy/iiif/GDL-1877-05-15-a-p0003/3332,542,744,60/full/0/default.jpg
situation	O	O	O	O	O	O	_	_	_	_	_	_
de	O	O	O	O	O	O	_	_	_	_	_	_
l	O	O	O	O	O	O	_	_	NoSpaceAfter	_	_	_
'	O	O	O	O	O	O	_	_	NoSpaceAfter	_	_	_
Egypte	O	O	O	O	O	O	_	_	NoSpaceAfter	_	_	_
,	O	O	O	O	O	O	_	_	_	_	_	_
a	O	O	O	O	O	O	_	_	_	_	_	_
déclaré	O	O	O	O	O	O	_	_	_	_	_	_
que	O	O	O	O	O	O	_	_	_	_	_	_
cet	O	O	O	O	O	O	_	_	_	_	_	_
Elat	O	O	O	O	O	O	_	_	EndOfLine	_	_	_
# segment_iiif_link = https://impresso-project.ch/api/proxy/iiif/GDL-1877-05-15-a-p0003/3330,588,748,58/full/0/default.jpg
faisant	O	O	O	O	O	O	_	_	_	_	_	_
partie	O	O	O	O	O	O	_	_	_	_	_	_
de	O	O	O	O	O	O	_	_	_	_	_	_
la	O	O	O	O	O	O	_	_	_	_	_	_
Turquie	O	O	O	O	O	O	_	_	NoSpaceAfter	_	_	_
,	O	O	O	O	O	O	_	_	_	_	_	_
se	O	O	O	O	O	O	_	_	_	_	_	_
trouve	O	O	O	O	O	O	_	_	_	_	_	_
de	O	O	O	O	O	O	_	_	EndOfLine	_	_	_
# segment_iiif_link = https://impresso-project.ch/api/proxy/iiif/GDL-1877-05-15-a-p0003/3330,630,760,60/full/0/default.jpg
l	O	O	O	O	O	O	_	_	NoSpaceAfter	_	_	_
'	O	O	O	O	O	O	_	_	NoSpaceAfter	_	_	_
ait	O	O	O	O	O	O	_	_	_	_	_	_
en	O	O	O	O	O	O	_	_	_	_	_	_
guerre	O	O	O	O	O	O	_	_	_	_	_	_
avec	O	O	O	O	O	O	_	_	_	_	_	_
la	O	O	O	O	O	O	_	_	_	_	_	_
Russie	O	O	O	O	O	O	_	_	NoSpaceAfter	_	_	_
,	O	O	O	O	O	O	_	_	_	_	_	_
laquelle	O	O	O	O	O	O	_	_	_	_	_	_
a	O	O	O	O	O	O	_	_	_	_	_	_
le	O	O	O	O	O	O	_	_	EndOfLine	_	_	_
# segment_iiif_link = https://impresso-project.ch/api/proxy/iiif/GDL-1877-05-15-a-p0003/3332,675,743,60/full/0/default.jpg
droit	O	O	O	O	O	O	_	_	_	_	_	_
par	O	O	O	O	O	O	_	_	_	_	_	_
conséquent	O	O	O	O	O	O	_	_	_	_	_	_
de	O	O	O	O	O	O	_	_	_	_	_	_
bloquer	O	O	O	O	O	O	_	_	_	_	_	_
ses	O	O	O	O	O	O	_	_	_	_	_	_
ports	O	O	O	O	O	O	_	_	NoSpaceAfter	_	_	_
,	O	O	O	O	O	O	_	_	EndOfLine	_	_	_
# segment_iiif_link = https://impresso-project.ch/api/proxy/iiif/GDL-1877-05-15-a-p0003/3332,718,745,60/full/0/default.jpg
d	O	O	O	O	O	O	_	_	NoSpaceAfter	_	_	_
'	O	O	O	O	O	O	_	_	NoSpaceAfter	_	_	_
envahir	O	O	O	O	O	O	_	_	_	_	_	_
son	O	O	O	O	O	O	_	_	_	_	_	_
territoire	O	O	O	O	O	O	_	_	_	_	_	_
et	O	O	O	O	O	O	_	_	_	_	_	_
de	O	O	O	O	O	O	_	_	_	_	_	_
capturer	O	O	O	O	O	O	_	_	_	_	_	_
les	O	O	O	O	O	O	_	_	EndOfLine	_	_	_
# segment_iiif_link = https://impresso-project.ch/api/proxy/iiif/GDL-1877-05-15-a-p0003/3330,762,748,60/full/0/default.jpg
navires	O	O	O	O	O	O	_	_	_	_	_	_
allant	O	O	O	O	O	O	_	_	_	_	_	_
en	O	O	O	O	O	O	_	_	_	_	_	_
Egypte	O	O	O	O	O	O	_	_	_	_	_	_
avec	O	O	O	O	O	O	_	_	_	_	_	_
de	O	O	O	O	O	O	_	_	_	_	_	_
la	O	O	O	O	O	O	_	_	EndOfLine	_	_	_
# segment_iiif_link = https://impresso-project.ch/api/proxy/iiif/GDL-1877-05-15-a-p0003/3330,808,300,58/full/0/default.jpg
contrebande	O	O	O	O	O	O	_	_	_	_	_	_
de	O	O	O	O	O	O	_	_	_	_	_	_
guerre	O	O	O	O	O	O	_	_	NoSpaceAfter	_	_	_
.	O	O	O	O	O	O	_	_	EndOfLine	EndOfSentence	_	_
# segment_iiif_link = https://impresso-project.ch/api/proxy/iiif/GDL-1877-05-15-a-p0003/3378,852,699,60/full/0/default.jpg
M	O	O	O	O	O	O	_	_	NoSpaceAfter	_	_	_
.	O	O	O	O	O	O	_	_	_	_	_	_
Bourke	O	O	O	O	O	O	_	_	_	_	_	_
dément	O	O	O	O	O	O	_	_	_	_	_	_
que	O	O	O	O	O	O	_	_	_	_	_	_
l	O	O	O	O	O	O	_	_	NoSpaceAfter	_	_	_
'	O	O	O	O	O	O	_	_	NoSpaceAfter	_	_	_
Autriche	O	O	O	O	O	O	_	_	_	_	_	_
et	O	O	O	O	O	O	_	_	EndOfLine	_	_	_
# segment_iiif_link = https://impresso-project.ch/api/proxy/iiif/GDL-1877-05-15-a-p0003/3330,898,750,58/full/0/default.jpg
l	O	O	O	O	O	O	_	_	NoSpaceAfter	_	_	_
'	O	O	O	O	O	O	_	_	NoSpaceAfter	_	_	_
Angleterre	O	O	O	O	O	O	_	_	_	_	_	_
se	O	O	O	O	O	O	_	_	_	_	_	_
soient	O	O	O	O	O	O	_	_	_	_	_	_
entendues	O	O	O	O	O	O	_	_	_	_	_	_
pour	O	O	O	O	O	O	_	_	EndOfLine	_	_	_
# segment_iiif_link = https://impresso-project.ch/api/proxy/iiif/GDL-1877-05-15-a-p0003/3332,940,746,60/full/0/default.jpg
prolester	O	O	O	O	O	O	_	_	_	_	_	_
conlre	O	O	O	O	O	O	_	_	_	_	_	_
l	O	O	O	O	O	O	_	_	NoSpaceAfter	_	_	_
'	O	O	O	O	O	O	_	_	NoSpaceAfter	_	_	_
indépendance	O	O	O	O	O	O	_	_	_	_	_	_
de	O	O	O	O	O	O	_	_	_	_	_	_
la	O	O	O	O	O	O	_	_	EndOfLine	_	_	_
# segment_iiif_link = https://impresso-project.ch/api/proxy/iiif/GDL-1877-05-15-a-p0003/3330,985,60,60/full/0/default.jpg
Roumanie	O	O	O	O	O	O	_	_	NoSpaceAfter	_	_	_
.	O	O	O	O	O	O	_	_	EndOfLine	EndOfSentence	_	_
# segment_iiif_link = https://impresso-project.ch/api/proxy/iiif/GDL-1877-05-15-a-p0003/3375,1032,703,58/full/0/default.jpg
M	O	O	O	O	O	O	_	_	NoSpaceAfter	_	_	_
.	O	O	O	O	O	O	_	_	_	_	_	_
Lowther	O	O	O	O	O	O	_	_	_	_	_	_
confirme	O	O	O	O	O	O	_	_	_	_	_	_
l	O	O	O	O	O	O	_	_	NoSpaceAfter	_	_	_
'	O	O	O	O	O	O	_	_	NoSpaceAfter	_	_	_
annexion	O	O	O	O	O	O	_	_	_	_	_	_
du	O	O	O	O	O	O	_	_	EndOfLine	_	_	_
# segment_iiif_link = https://impresso-project.ch/api/proxy/iiif/GDL-1877-05-15-a-p0003/3332,1075,436,60/full/0/default.jpg
Transvaal	O	O	O	O	O	O	_	_	_	_	_	_
à	O	O	O	O	O	O	_	_	_	_	_	_
l	O	O	O	O	O	O	_	_	NoSpaceAfter	_	_	_
'	O	O	O	O	O	O	_	_	NoSpaceAfter	_	_	_
Angleterre	O	O	O	O	O	O	_	_	NoSpaceAfter	_	_	_
.	O	O	O	O	O	O	_	_	EndOfLine	EndOfSentence	_	_
# segment_iiif_link = https://impresso-project.ch/api/proxy/iiif/GDL-1877-05-15-a-p0003/3375,1120,705,60/full/0/default.jpg
Sir	O	O	O	O	O	O	_	_	_	_	_	_
St	O	O	O	O	O	O	_	_	_	_	_	_
.	O	O	O	O	O	O	_	_	NoSpaceAfter	EndOfSentence	_	_
-	O	O	O	O	O	O	_	_	NoSpaceAfter	_	_	_
Northcote	O	O	O	O	O	O	_	_	_	_	_	_
a	O	O	O	O	O	O	_	_	_	_	_	_
reconnu	O	O	O	O	O	O	_	_	_	_	_	_
dans	O	O	O	O	O	O	_	_	_	_	_	_
la	O	O	O	O	O	O	_	_	EndOfLine	_	_	_
# segment_iiif_link = https://impresso-project.ch/api/proxy/iiif/GDL-1877-05-15-a-p0003/3330,1165,750,60/full/0/default.jpg
discussion	O	O	O	O	O	O	_	_	_	_	_	_
que	O	O	O	O	O	O	_	_	_	_	_	_
le	O	O	O	O	O	O	_	_	_	_	_	_
seul	O	O	O	O	O	O	_	_	_	_	_	_
espoir	O	O	O	O	O	O	_	_	_	_	_	_
pour	O	O	O	O	O	O	_	_	_	_	_	_
la	O	O	O	O	O	O	_	_	_	_	_	_
Turquie	O	O	O	O	O	O	_	_	EndOfLine	_	_	_
# segment_iiif_link = https://impresso-project.ch/api/proxy/iiif/GDL-1877-05-15-a-p0003/3330,1208,750,60/full/0/default.jpg
était	O	O	O	O	O	O	_	_	_	_	_	_
une	O	O	O	O	O	O	_	_	_	_	_	_
réforme	O	O	O	O	O	O	_	_	_	_	_	_
complète	O	O	O	O	O	O	_	_	_	_	_	_
de	O	O	O	O	O	O	_	_	_	_	_	_
ses	O	O	O	O	O	O	_	_	EndOfLine	_	_	_
# segment_iiif_link = https://impresso-project.ch/api/proxy/iiif/GDL-1877-05-15-a-p0003/3330,1252,765,60/full/0/default.jpg
institutions	O	O	O	O	O	O	_	_	NoSpaceAfter	_	_	_
.	O	O	O	O	O	O	_	_	_	EndOfSentence	_	_
Il	O	O	O	O	O	O	_	_	_	_	_	_
convient	O	O	O	O	O	O	_	_	NoSpaceAfter	_	_	_
,	O	O	O	O	O	O	_	_	_	_	_	_
a	O	O	O	O	O	O	_	_	_	_	_	_
ajouté	O	O	O	O	O	O	_	_	_	_	_	_
l	O	O	O	O	O	O	_	_	NoSpaceAfter	_	_	_
'	O	O	O	O	O	O	_	_	NoSpaceAfter	_	_	_
orateur	O	O	O	O	O	O	_	_	NoSpaceAfter	_	_	_
,	O	O	O	O	O	O	_	_	_	_	_	_
de	O	O	O	O	O	O	_	_	_	_	_	_
lui	O	O	O	O	O	O	_	_	EndOfLine	_	_	_
# segment_iiif_link = https://impresso-project.ch/api/proxy/iiif/GDL-1877-05-15-a-p0003/3330,1298,750,58/full/0/default.jpg
donner	O	O	O	O	O	O	_	_	_	_	_	_
le	O	O	O	O	O	O	_	_	_	_	_	_
temps	O	O	O	O	O	O	_	_	_	_	_	_
d	O	O	O	O	O	O	_	_	NoSpaceAfter	_	_	_
'	O	O	O	O	O	O	_	_	NoSpaceAfter	_	_	_
essayer	O	O	O	O	O	O	_	_	_	_	_	_
ces	O	O	O	O	O	O	_	_	_	_	_	_
réformes	O	O	O	O	O	O	_	_	NoSpaceAfter	_	_	_
.	O	O	O	O	O	O	_	_	EndOfLine	EndOfSentence	_	_
# segment_iiif_link = https://impresso-project.ch/api/proxy/iiif/GDL-1877-05-15-a-p0003/3330,1340,750,60/full/0/default.jpg
Quant	O	O	O	O	O	O	_	_	_	_	_	_
à	O	O	O	O	O	O	_	_	_	_	_	_
l	O	O	O	O	O	O	_	_	NoSpaceAfter	_	_	_
'	O	O	O	O	O	O	_	_	NoSpaceAfter	_	_	_
Angleterre	O	O	O	O	O	O	_	_	NoSpaceAfter	_	_	_
,	O	O	O	O	O	O	_	_	_	_	_	_
tant	O	O	O	O	O	O	_	_	_	_	_	_
que	O	O	O	O	O	O	_	_	_	_	_	_
les	O	O	O	O	O	O	_	_	_	_	_	_
intérêts	O	O	O	O	O	O	_	_	EndOfLine	_	_	_
# segment_iiif_link = https://impresso-project.ch/api/proxy/iiif/GDL-1877-05-15-a-p0003/3330,1385,752,60/full/0/default.jpg
anglais	O	O	O	O	O	O	_	_	NoSpaceAfter	_	_	_
,	O	O	O	O	O	O	_	_	_	_	_	_
notamment	O	O	O	O	O	O	_	_	_	_	_	_
la	O	O	O	O	O	O	_	_	_	_	_	_
route	O	O	O	O	O	O	_	_	_	_	_	_
des	O	O	O	O	O	O	_	_	_	_	_	_
Indes	O	O	O	O	O	O	_	_	NoSpaceAfter	_	_	_
,	O	O	O	O	O	O	_	_	_	_	_	_
ne	O	O	O	O	O	O	_	_	EndOfLine	_	_	_
# segment_iiif_link = https://impresso-project.ch/api/proxy/iiif/GDL-1877-05-15-a-p0003/3330,1428,752,60/full/0/default.jpg
seront	O	O	O	O	O	O	_	_	_	_	_	_
pas	O	O	O	O	O	O	_	_	_	_	_	_
compromis	O	O	O	O	O	O	_	_	NoSpaceAfter	_	_	_
,	O	O	O	O	O	O	_	_	_	_	_	_
il	O	O	O	O	O	O	_	_	_	_	_	_
n	O	O	O	O	O	O	_	_	NoSpaceAfter	_	_	_
'	O	O	O	O	O	O	_	_	NoSpaceAfter	_	_	_
existe	O	O	O	O	O	O	_	_	_	_	_	_
pour	O	O	O	O	O	O	_	_	_	_	_	_
elle	O	O	O	O	O	O	_	_	EndOfLine	_	_	_
# segment_iiif_link = https://impresso-project.ch/api/proxy/iiif/GDL-1877-05-15-a-p0003/3330,1472,750,60/full/0/default.jpg
aucune	O	O	O	O	O	O	_	_	_	_	_	_
raison	O	O	O	O	O	O	_	_	_	_	_	_
de	O	O	O	O	O	O	_	_	_	_	_	_
soutenir	O	O	O	O	O	O	_	_	_	_	_	_
seule	O	O	O	O	O	O	_	_	_	_	_	_
une	O	O	O	O	O	O	_	_	_	_	_	_
lutte	O	O	O	O	O	O	_	_	EndOfLine	_	_	_
# segment_iiif_link = https://impresso-project.ch/api/proxy/iiif/GDL-1877-05-15-a-p0003/3330,1518,750,58/full/0/default.jpg
qui	O	O	O	O	O	O	_	_	_	_	_	_
intéresse	O	O	O	O	O	O	_	_	_	_	_	_
également	O	O	O	O	O	O	_	_	_	_	_	_
les	O	O	O	O	O	O	_	_	_	_	_	_
autres	O	O	O	O	O	O	_	_	EndOfLine	_	_	_
# segment_iiif_link = https://impresso-project.ch/api/proxy/iiif/GDL-1877-05-15-a-p0003/3330,1560,58,60/full/0/default.jpg
puissances	O	O	O	O	O	O	_	_	NoSpaceAfter	_	_	_
.	O	O	O	O	O	O	_	_	EndOfLine	EndOfSentence	_	_
# segment_iiif_link = https://impresso-project.ch/api/proxy/iiif/GDL-1877-05-15-a-p0003/3375,1610,705,60/full/0/default.jpg
Sir	O	O	O	O	O	O	_	_	_	_	_	_
St	O	O	O	O	O	O	_	_	_	_	_	_
.	O	O	O	O	O	O	_	_	NoSpaceAfter	EndOfSentence	_	_
-	O	O	O	O	O	O	_	_	NoSpaceAfter	_	_	_
Northcote	O	O	O	O	O	O	_	_	_	_	_	_
ajoute	O	O	O	O	O	O	_	_	_	_	_	_
encore	O	O	O	O	O	O	_	_	_	_	_	_
que	O	O	O	O	O	O	_	_	EndOfLine	_	_	_
# segment_iiif_link = https://impresso-project.ch/api/proxy/iiif/GDL-1877-05-15-a-p0003/3330,1655,748,60/full/0/default.jpg
l	O	O	O	O	O	O	_	_	NoSpaceAfter	_	_	_
'	O	O	O	O	O	O	_	_	NoSpaceAfter	_	_	_
Angleterre	O	O	O	O	O	O	_	_	NoSpaceAfter	_	_	_
,	O	O	O	O	O	O	_	_	_	_	_	_
si	O	O	O	O	O	O	_	_	_	_	_	_
elle	O	O	O	O	O	O	_	_	_	_	_	_
n	O	O	O	O	O	O	_	_	NoSpaceAfter	_	_	_
'	O	O	O	O	O	O	_	_	NoSpaceAfter	_	_	_
a	O	O	O	O	O	O	_	_	_	_	_	_
pas	O	O	O	O	O	O	_	_	_	_	_	_
approuvé	O	O	O	O	O	O	_	_	_	_	_	_
la	O	O	O	O	O	O	_	_	EndOfLine	_	_	_
# segment_iiif_link = https://impresso-project.ch/api/proxy/iiif/GDL-1877-05-15-a-p0003/3330,1698,747,60/full/0/default.jpg
Russie	O	O	O	O	O	O	_	_	NoSpaceAfter	_	_	_
,	O	O	O	O	O	O	_	_	_	_	_	_
elle	O	O	O	O	O	O	_	_	_	_	_	_
ne	O	O	O	O	O	O	_	_	_	_	_	_
l	O	O	O	O	O	O	_	_	NoSpaceAfter	_	_	_
'	O	O	O	O	O	O	_	_	NoSpaceAfter	_	_	_
a	O	O	O	O	O	O	_	_	_	_	_	_
pas	O	O	O	O	O	O	_	_	_	_	_	_
non	O	O	O	O	O	O	_	_	_	_	_	_
plus	O	O	O	O	O	O	_	_	_	_	_	_
provoquée	O	O	O	O	O	O	_	_	NoSpaceAfter	_	_	_
.	O	O	O	O	O	O	_	_	_	EndOfSentence	_	_
Le	O	O	O	O	O	O	_	_	EndOfLine	_	_	_
# segment_iiif_link = https://impresso-project.ch/api/proxy/iiif/GDL-1877-05-15-a-p0003/3330,1742,745,60/full/0/default.jpg
gouvernement	O	O	O	O	O	O	_	_	_	_	_	_
veut	O	O	O	O	O	O	_	_	_	_	_	_
rester	O	O	O	O	O	O	_	_	_	_	_	_
libre	O	O	O	O	O	O	_	_	_	_	_	_
d	O	O	O	O	O	O	_	_	NoSpaceAfter	_	_	_
'	O	O	O	O	O	O	_	_	NoSpaceAfter	_	_	_
agir	O	O	O	O	O	O	_	_	_	_	_	_
dans	O	O	O	O	O	O	_	_	EndOfLine	_	_	_
# segment_iiif_link = https://impresso-project.ch/api/proxy/iiif/GDL-1877-05-15-a-p0003/3330,1788,748,58/full/0/default.jpg
l	O	O	O	O	O	O	_	_	NoSpaceAfter	_	_	_
'	O	O	O	O	O	O	_	_	NoSpaceAfter	_	_	_
intérêt	O	O	O	O	O	O	_	_	_	_	_	_
de	O	O	O	O	O	O	_	_	_	_	_	_
l	O	O	O	O	O	O	_	_	NoSpaceAfter	_	_	_
'	O	O	O	O	O	O	_	_	NoSpaceAfter	_	_	_
Angleterre	O	O	O	O	O	O	_	_	_	_	_	_
lequel	O	O	O	O	O	O	_	_	_	_	_	_
consiste	O	O	O	O	O	O	_	_	EndOfLine	_	_	_
# segment_iiif_link = https://impresso-project.ch/api/proxy/iiif/GDL-1877-05-15-a-p0003/3330,1830,747,60/full/0/default.jpg
surtout	O	O	O	O	O	O	_	_	_	_	_	_
dans	O	O	O	O	O	O	_	_	_	_	_	_
le	O	O	O	O	O	O	_	_	_	_	_	_
maintien	O	O	O	O	O	O	_	_	_	_	_	_
de	O	O	O	O	O	O	_	_	_	_	_	_
la	O	O	O	O	O	O	_	_	_	_	_	_
paix	O	O	O	O	O	O	_	_	_	_	_	_
et	O	O	O	O	O	O	_	_	_	_	_	_
la	O	O	O	O	O	O	_	_	EndOfLine	_	_	_
# segment_iiif_link = https://impresso-project.ch/api/proxy/iiif/GDL-1877-05-15-a-p0003/3330,1875,750,60/full/0/default.jpg
protection	O	O	O	O	O	O	_	_	_	_	_	_
de	O	O	O	O	O	O	_	_	_	_	_	_
la	O	O	O	O	O	O	_	_	_	_	_	_
prospérité	O	O	O	O	O	O	_	_	_	_	_	_
du	O	O	O	O	O	O	_	_	_	_	_	_
monde	O	O	O	O	O	O	_	_	_	_	_	_
entier	O	O	O	O	O	O	_	_	NoSpaceAfter	_	_	_
.	O	O	O	O	O	O	_	_	EndOfLine	EndOfSentence	_	_
# segment_iiif_link = https://impresso-project.ch/api/proxy/iiif/GDL-1877-05-15-a-p0003/3330,1918,495,60/full/0/default.jpg
Il	O	O	O	O	O	O	_	_	_	_	_	_
poursuivra	O	O	O	O	O	O	_	_	_	_	_	_
celte	O	O	O	O	O	O	_	_	_	_	_	_
politique	O	O	O	O	O	O	_	_	NoSpaceAfter	_	_	_
.	O	O	O	O	O	O	_	_	EndOfLine	EndOfSentence	_	_
# segment_iiif_link = https://impresso-project.ch/api/proxy/iiif/GDL-1877-05-15-a-p0003/3375,1968,705,60/full/0/default.jpg
Après	O	O	O	O	O	O	_	_	_	_	_	_
le	O	O	O	O	O	O	_	_	_	_	_	_
discours	O	O	O	O	O	O	_	_	_	_	_	_
de	O	O	O	O	O	O	_	_	_	_	_	_
sir	O	O	O	O	O	O	_	_	_	_	_	_
Si	O	O	O	O	O	O	_	_	_	_	_	_
.	O	O	O	O	O	O	_	_	NoSpaceAfter	EndOfSentence	_	_
-	O	O	O	O	O	O	_	_	NoSpaceAfter	_	_	_
Norlhcote	O	O	O	O	O	O	_	_	NoSpaceAfter	_	_	_
,	O	O	O	O	O	O	_	_	_	_	_	_
la	O	O	O	O	O	O	_	_	EndOfLine	_	_	_
# segment_iiif_link = https://impresso-project.ch/api/proxy/iiif/GDL-1877-05-15-a-p0003/3332,2012,748,58/full/0/default.jpg
résolution	O	O	O	O	O	O	_	_	_	_	_	_
Gladstone	O	O	O	O	O	O	_	_	_	_	_	_
a	O	O	O	O	O	O	_	_	_	_	_	_
été	O	O	O	O	O	O	_	_	_	_	_	_
rejetée	O	O	O	O	O	O	_	_	_	_	_	_
par	O	O	O	O	O	O	_	_	_	_	_	_
354	O	O	O	O	O	O	_	_	EndOfLine	_	_	_
# segment_iiif_link = https://impresso-project.ch/api/proxy/iiif/GDL-1877-05-15-a-p0003/3332,2055,748,60/full/0/default.jpg
voix	O	O	O	O	O	O	_	_	_	_	_	_
contre	O	O	O	O	O	O	_	_	_	_	_	_
223	O	O	O	O	O	O	_	_	NoSpaceAfter	_	_	_
.	O	O	O	O	O	O	_	_	_	EndOfSentence	_	_
La	O	O	O	O	O	O	_	_	_	_	_	_
Chambre	O	O	O	O	O	O	_	_	_	_	_	_
a	O	O	O	O	O	O	_	_	_	_	_	_
adopté	O	O	O	O	O	O	_	_	EndOfLine	_	_	_
# segment_iiif_link = https://impresso-project.ch/api/proxy/iiif/GDL-1877-05-15-a-p0003/3335,2100,360,60/full/0/default.jpg
l	O	O	O	O	O	O	_	_	NoSpaceAfter	_	_	_
'	O	O	O	O	O	O	_	_	NoSpaceAfter	_	_	_
amendement	O	O	O	O	O	O	_	_	_	_	_	_
Wolff	O	O	O	O	O	O	_	_	NoSpaceAfter	_	_	_
.	O	O	O	O	O	O	_	_	EndOfLine	EndOfSentence	_	_
# segment_iiif_link = https://impresso-project.ch/api/proxy/iiif/GDL-1877-05-15-a-p0003/3375,2148,705,58/full/0/default.jpg
.	O	O	O	O	O	O	_	_	_	EndOfSentence	_	_
Londres	O	O	O	O	O	O	_	_	NoSpaceAfter	_	_	_
,	O	O	O	O	O	O	_	_	_	_	_	_
15	O	O	O	O	O	O	_	_	_	_	_	_
mai	O	O	O	O	O	O	_	_	NoSpaceAfter	_	_	_
.	O	O	O	O	O	O	_	_	_	EndOfSentence	_	_
—	O	O	O	O	O	O	_	_	_	_	_	_
A	O	O	O	O	O	O	_	_	_	_	_	_
la	O	O	O	O	O	O	_	_	_	_	_	_
Chambre	O	O	O	O	O	O	_	_	EndOfLine	_	_	_
# segment_iiif_link = https://impresso-project.ch/api/proxy/iiif/GDL-1877-05-15-a-p0003/3335,2190,752,60/full/0/default.jpg
des	O	O	O	O	O	O	_	_	_	_	_	_
communes	O	O	O	O	O	O	_	_	NoSpaceAfter	_	_	_
,	O	O	O	O	O	O	_	_	_	_	_	_
M	O	O	O	O	O	O	_	_	NoSpaceAfter	_	_	_
.	O	O	O	O	O	O	_	_	_	_	_	_
O	O	O	O	O	O	O	_	_	NoSpaceAfter	_	_	_
'	O	O	O	O	O	O	_	_	_	_	_	_
Clery	O	O	O	O	O	O	_	_	NoSpaceAfter	_	_	_
,	O	O	O	O	O	O	_	_	_	_	_	_
Irlandais	O	O	O	O	O	O	_	_	NoSpaceAfter	_	_	_
,	O	O	O	O	O	O	_	_	EndOfLine	_	_	_
# segment_iiif_link = https://impresso-project.ch/api/proxy/iiif/GDL-1877-05-15-a-p0003/3330,2235,757,60/full/0/default.jpg
combattant	O	O	O	O	O	O	_	_	_	_	_	_
les	O	O	O	O	O	O	_	_	_	_	_	_
résolutions	O	O	O	O	O	O	_	_	_	_	_	_
Gladstone	O	O	O	O	O	O	_	_	NoSpaceAfter	_	_	_
,	O	O	O	O	O	O	_	_	_	_	_	_
a	O	O	O	O	O	O	_	_	_	_	_	_
dit	O	O	O	O	O	O	_	_	_	_	_	_
que	O	O	O	O	O	O	_	_	EndOfLine	_	_	_
# segment_iiif_link = https://impresso-project.ch/api/proxy/iiif/GDL-1877-05-15-a-p0003/3332,2278,745,60/full/0/default.jpg
le	O	O	O	O	O	O	_	_	_	_	_	_
seul	O	O	O	O	O	O	_	_	_	_	_	_
moyen	O	O	O	O	O	O	_	_	_	_	_	_
pour	O	O	O	O	O	O	_	_	_	_	_	_
l	O	O	O	O	O	O	_	_	NoSpaceAfter	_	_	_
'	O	O	O	O	O	O	_	_	NoSpaceAfter	_	_	_
Angleterre	O	O	O	O	O	O	_	_	_	_	_	_
de	O	O	O	O	O	O	_	_	_	_	_	_
garder	O	O	O	O	O	O	_	_	EndOfLine	_	_	_
# segment_iiif_link = https://impresso-project.ch/api/proxy/iiif/GDL-1877-05-15-a-p0003/3332,2322,745,60/full/0/default.jpg
dignement	O	O	O	O	O	O	_	_	_	_	_	_
la	O	O	O	O	O	O	_	_	_	_	_	_
neutralité	O	O	O	O	O	O	_	_	_	_	_	_
consistait	O	O	O	O	O	O	_	_	_	_	_	_
à	O	O	O	O	O	O	_	_	_	_	_	_
avouer	O	O	O	O	O	O	_	_	EndOfLine	_	_	_
# segment_iiif_link = https://impresso-project.ch/api/proxy/iiif/GDL-1877-05-15-a-p0003/3332,2368,745,58/full/0/default.jpg
ouvertement	O	O	O	O	O	O	_	_	_	_	_	_
l	O	O	O	O	O	O	_	_	NoSpaceAfter	_	_	_
'	O	O	O	O	O	O	_	_	NoSpaceAfter	_	_	_
intention	O	O	O	O	O	O	_	_	_	_	_	_
de	O	O	O	O	O	O	_	_	_	_	_	_
s	O	O	O	O	O	O	_	_	NoSpaceAfter	_	_	_
'	O	O	O	O	O	O	_	_	NoSpaceAfter	_	_	_
allier	O	O	O	O	O	O	_	_	_	_	_	_
avec	O	O	O	O	O	O	_	_	_	_	_	_
la	O	O	O	O	O	O	_	_	EndOfLine	_	_	_
# segment_iiif_link = https://impresso-project.ch/api/proxy/iiif/GDL-1877-05-15-a-p0003/3330,2410,747,60/full/0/default.jpg
France	O	O	O	O	O	O	_	_	_	_	_	_
pour	O	O	O	O	O	O	_	_	_	_	_	_
se	O	O	O	O	O	O	_	_	_	_	_	_
protéger	O	O	O	O	O	O	_	_	_	_	_	_
ainsi	O	O	O	O	O	O	_	_	_	_	_	_
mutuellement	O	O	O	O	O	O	_	_	EndOfLine	_	_	_
# segment_iiif_link = https://impresso-project.ch/api/proxy/iiif/GDL-1877-05-15-a-p0003/3332,2455,748,60/full/0/default.jpg
contre	O	O	O	O	O	O	_	_	_	_	_	_
le	O	O	O	O	O	O	_	_	_	_	_	_
danger	O	O	O	O	O	O	_	_	_	_	_	_
de	O	O	O	O	O	O	_	_	_	_	_	_
voir	O	O	O	O	O	O	_	_	_	_	_	_
l	O	O	O	O	O	O	_	_	NoSpaceAfter	_	_	_
'	O	O	O	O	O	O	_	_	NoSpaceAfter	_	_	_
Allemagne	O	O	O	O	O	O	_	_	EndOfLine	_	_	_
# segment_iiif_link = https://impresso-project.ch/api/proxy/iiif/GDL-1877-05-15-a-p0003/3332,2498,576,60/full/0/default.jpg
annexer	O	O	O	O	O	O	_	_	_	_	_	_
la	O	O	O	O	O	O	_	_	_	_	_	_
Belgique	O	O	O	O	O	O	_	_	_	_	_	_
et	O	O	O	O	O	O	_	_	_	_	_	_
la	O	O	O	O	O	O	_	_	_	_	_	_
Hollande	O	O	O	O	O	O	_	_	NoSpaceAfter	_	_	_
.	O	O	O	O	O	O	_	_	EndOfLine	EndOfSentence	_	_
# segment_iiif_link = https://impresso-project.ch/api/proxy/iiif/GDL-1877-05-15-a-p0003/3378,2548,702,60/full/0/default.jpg
liOudres	O	O	O	O	O	O	_	_	NoSpaceAfter	_	_	_
,	O	O	O	O	O	O	_	_	_	_	_	_
15	O	O	O	O	O	O	_	_	_	_	_	_
mai	O	O	O	O	O	O	_	_	NoSpaceAfter	_	_	_
.	O	O	O	O	O	O	_	_	_	EndOfSentence	_	_
—	O	O	O	O	O	O	_	_	_	_	_	_
Le	O	O	O	O	O	O	_	_	_	_	_	_
Times	O	O	O	O	O	O	_	_	_	_	_	_
dit	O	O	O	O	O	O	_	_	EndOfLine	_	_	_
# segment_iiif_link = https://impresso-project.ch/api/proxy/iiif/GDL-1877-05-15-a-p0003/3332,2592,758,58/full/0/default.jpg
que	O	O	O	O	O	O	_	_	_	_	_	_
la	O	O	O	O	O	O	_	_	_	_	_	_
Russie	O	O	O	O	O	O	_	_	_	_	_	_
a	O	O	O	O	O	O	_	_	_	_	_	_
promis	O	O	O	O	O	O	_	_	_	_	_	_
à	O	O	O	O	O	O	_	_	_	_	_	_
l	O	O	O	O	O	O	_	_	NoSpaceAfter	_	_	_
'	O	O	O	O	O	O	_	_	NoSpaceAfter	_	_	_
Angleterre	O	O	O	O	O	O	_	_	_	_	_	_
et	O	O	O	O	O	O	_	_	_	_	_	_
à	O	O	O	O	O	O	_	_	EndOfLine	_	_	_
# segment_iiif_link = https://impresso-project.ch/api/proxy/iiif/GDL-1877-05-15-a-p0003/3332,2635,751,60/full/0/default.jpg
l	O	O	O	O	O	O	_	_	NoSpaceAfter	_	_	_
'	O	O	O	O	O	O	_	_	NoSpaceAfter	_	_	_
Autriche	O	O	O	O	O	O	_	_	_	_	_	_
que	O	O	O	O	O	O	_	_	_	_	_	_
la	O	O	O	O	O	O	_	_	_	_	_	_
Serbie	O	O	O	O	O	O	_	_	_	_	_	_
garderait	O	O	O	O	O	O	_	_	_	_	_	_
sa	O	O	O	O	O	O	_	_	EndOfLine	_	_	_
# segment_iiif_link = https://impresso-project.ch/api/proxy/iiif/GDL-1877-05-15-a-p0003/3332,2680,753,60/full/0/default.jpg
tralité	O	O	O	O	O	O	_	_	_	_	_	_
et	O	O	O	O	O	O	_	_	_	_	_	_
a	O	O	O	O	O	O	_	_	_	_	_	_
déclaré	O	O	O	O	O	O	_	_	_	_	_	_
que	O	O	O	O	O	O	_	_	_	_	_	_
l	O	O	O	O	O	O	_	_	NoSpaceAfter	_	_	_
'	O	O	O	O	O	O	_	_	NoSpaceAfter	_	_	_
entrée	O	O	O	O	O	O	_	_	_	_	_	_
de	O	O	O	O	O	O	_	_	_	_	_	_
l	O	O	O	O	O	O	_	_	NoSpaceAfter	_	_	_
'	O	O	O	O	O	O	_	_	NoSpaceAfter	_	_	_
armée	O	O	O	O	O	O	_	_	EndOfLine	_	_	_
# segment_iiif_link = https://impresso-project.ch/api/proxy/iiif/GDL-1877-05-15-a-p0003/3335,2722,750,60/full/0/default.jpg
russe	O	O	O	O	O	O	_	_	_	_	_	_
en	O	O	O	O	O	O	_	_	_	_	_	_
Serbie	O	O	O	O	O	O	_	_	_	_	_	_
ne	O	O	O	O	O	O	_	_	_	_	_	_
rentrait	O	O	O	O	O	O	_	_	_	_	_	_
pas	O	O	O	O	O	O	_	_	_	_	_	_
dans	O	O	O	O	O	O	_	_	_	_	_	_
ses	O	O	O	O	O	O	_	_	EndOfLine	_	_	_
# segment_iiif_link = https://impresso-project.ch/api/proxy/iiif/GDL-1877-05-15-a-p0003/3335,2768,273,60/full/0/default.jpg
plans	O	O	O	O	O	O	_	_	_	_	_	_
militaires	O	O	O	O	O	O	_	_	NoSpaceAfter	_	_	_
.	O	O	O	O	O	O	_	_	EndOfLine	EndOfSentence	_	_
# segment_iiif_link = https://impresso-project.ch/api/proxy/iiif/GDL-1877-05-15-a-p0003/3378,2818,702,58/full/0/default.jpg
Paris	O	O	O	O	O	O	_	_	NoSpaceAfter	_	_	_
,	O	O	O	O	O	O	_	_	_	_	_	_
15	O	O	O	O	O	O	_	_	_	_	_	_
mai	O	O	O	O	O	O	_	_	NoSpaceAfter	_	_	_
.	O	O	O	O	O	O	_	_	_	EndOfSentence	_	_
—	O	O	O	O	O	O	_	_	NoSpaceAfter	_	_	_
Le	O	O	O	O	O	O	_	_	_	_	_	_
parti	O	O	O	O	O	O	_	_	_	_	_	_
de	O	O	O	O	O	O	_	_	_	_	_	_
la	O	O	O	O	O	O	_	_	_	_	_	_
guerre	O	O	O	O	O	O	_	_	EndOfLine	_	_	_
# segment_iiif_link = https://impresso-project.ch/api/proxy/iiif/GDL-1877-05-15-a-p0003/3335,2860,747,60/full/0/default.jpg
en	O	O	O	O	O	O	_	_	_	_	_	_
Serbie	O	O	O	O	O	O	_	_	_	_	_	_
veut	O	O	O	O	O	O	_	_	_	_	_	_
obliger	O	O	O	O	O	O	_	_	_	_	_	_
le	O	O	O	O	O	O	_	_	_	_	_	_
prince	O	O	O	O	O	O	_	_	_	_	_	_
Milan	O	O	O	O	O	O	_	_	_	_	_	_
à	O	O	O	O	O	O	_	_	EndOfLine	_	_	_
# segment_iiif_link = https://impresso-project.ch/api/proxy/iiif/GDL-1877-05-15-a-p0003/3332,2905,752,60/full/0/default.jpg
marcher	O	O	O	O	O	O	_	_	_	_	_	_
ou	O	O	O	O	O	O	_	_	_	_	_	_
à	O	O	O	O	O	O	_	_	_	_	_	_
abdiquer	O	O	O	O	O	O	_	_	NoSpaceAfter	_	_	_
.	O	O	O	O	O	O	_	_	_	EndOfSentence	_	_
Le	O	O	O	O	O	O	_	_	_	_	_	_
prince	O	O	O	O	O	O	_	_	_	_	_	_
voudrait	O	O	O	O	O	O	_	_	EndOfLine	_	_	_
# segment_iiif_link = https://impresso-project.ch/api/proxy/iiif/GDL-1877-05-15-a-p0003/3332,2948,751,60/full/0/default.jpg
maintenir	O	O	O	O	O	O	_	_	_	_	_	_
la	O	O	O	O	O	O	_	_	_	_	_	_
neutralité	O	O	O	O	O	O	_	_	_	_	_	_
afin	O	O	O	O	O	O	_	_	_	_	_	_
d	O	O	O	O	O	O	_	_	NoSpaceAfter	_	_	_
'	O	O	O	O	O	O	_	_	NoSpaceAfter	_	_	_
éviter	O	O	O	O	O	O	_	_	EndOfLine	_	_	_
# segment_iiif_link = https://impresso-project.ch/api/proxy/iiif/GDL-1877-05-15-a-p0003/3332,2992,753,60/full/0/default.jpg
l	O	O	O	O	O	O	_	_	NoSpaceAfter	_	_	_
'	O	O	O	O	O	O	_	_	NoSpaceAfter	_	_	_
intervention	O	O	O	O	O	O	_	_	_	_	_	_
de	O	O	O	O	O	O	_	_	_	_	_	_
l	O	O	O	O	O	O	_	_	NoSpaceAfter	_	_	_
'	O	O	O	O	O	O	_	_	NoSpaceAfter	_	_	_
Autriche	O	O	O	O	O	O	_	_	NoSpaceAfter	_	_	_
.	O	O	O	O	O	O	_	_	_	EndOfSentence	_	_
On	O	O	O	O	O	O	_	_	_	_	_	_
croit	O	O	O	O	O	O	_	_	_	_	_	_
ici	O	O	O	O	O	O	_	_	_	_	_	_
que	O	O	O	O	O	O	_	_	_	_	_	_
la	O	O	O	O	O	O	_	_	EndOfLine	_	_	_
# segment_iiif_link = https://impresso-project.ch/api/proxy/iiif/GDL-1877-05-15-a-p0003/3332,3038,751,58/full/0/default.jpg
Russie	O	O	O	O	O	O	_	_	_	_	_	_
serait	O	O	O	O	O	O	_	_	_	_	_	_
également	O	O	O	O	O	O	_	_	_	_	_	_
désireuse	O	O	O	O	O	O	_	_	_	_	_	_
de	O	O	O	O	O	O	_	_	_	_	_	_
voir	O	O	O	O	O	O	_	_	EndOfLine	_	_	_
# segment_iiif_link = https://impresso-project.ch/api/proxy/iiif/GDL-1877-05-15-a-p0003/3332,3080,568,60/full/0/default.jpg
la	O	O	O	O	O	O	_	_	_	_	_	_
Serbie	O	O	O	O	O	O	_	_	_	_	_	_
maintenir	O	O	O	O	O	O	_	_	_	_	_	_
sa	O	O	O	O	O	O	_	_	_	_	_	_
neutralité	O	O	O	O	O	O	_	_	NoSpaceAfter	_	_	_
.	O	O	O	O	O	O	_	_	EndOfLine	EndOfSentence	_	_
# segment_iiif_link = https://impresso-project.ch/api/proxy/iiif/GDL-1877-05-15-a-p0003/3378,3128,708,60/full/0/default.jpg
Un	O	O	O	O	O	O	_	_	_	_	_	_
télégramme	O	O	O	O	O	O	_	_	_	_	_	_
de	O	O	O	O	O	O	_	_	_	_	_	_
Belgrade	O	O	O	O	O	O	_	_	_	_	_	_
au	O	O	O	O	O	O	_	_	_	_	_	_
Journal	O	O	O	O	O	O	_	_	EndOfLine	_	_	_
# segment_iiif_link = https://impresso-project.ch/api/proxy/iiif/GDL-1877-05-15-a-p0003/3335,3172,753,60/full/0/default.jpg
des	O	O	O	O	O	O	_	_	_	_	_	_
Débats	O	O	O	O	O	O	_	_	_	_	_	_
dit	O	O	O	O	O	O	_	_	_	_	_	_
que	O	O	O	O	O	O	_	_	_	_	_	_
le	O	O	O	O	O	O	_	_	_	_	_	_
conseil	O	O	O	O	O	O	_	_	_	_	_	_
des	O	O	O	O	O	O	_	_	_	_	_	_
ministres	O	O	O	O	O	O	_	_	EndOfLine	_	_	_
# segment_iiif_link = https://impresso-project.ch/api/proxy/iiif/GDL-1877-05-15-a-p0003/3332,3218,752,58/full/0/default.jpg
serbe	O	O	O	O	O	O	_	_	_	_	_	_
aurait	O	O	O	O	O	O	_	_	_	_	_	_
été	O	O	O	O	O	O	_	_	_	_	_	_
disposé	O	O	O	O	O	O	_	_	_	_	_	_
à	O	O	O	O	O	O	_	_	_	_	_	_
suivre	O	O	O	O	O	O	_	_	_	_	_	_
l	O	O	O	O	O	O	_	_	NoSpaceAfter	_	_	_
'	O	O	O	O	O	O	_	_	NoSpaceAfter	_	_	_
exemple	O	O	O	O	O	O	_	_	EndOfLine	_	_	_
# segment_iiif_link = https://impresso-project.ch/api/proxy/iiif/GDL-1877-05-15-a-p0003/3335,3260,749,60/full/0/default.jpg
de	O	O	O	O	O	O	_	_	_	_	_	_
la	O	O	O	O	O	O	_	_	_	_	_	_
Roumanie	O	O	O	O	O	O	_	_	NoSpaceAfter	_	_	_
,	O	O	O	O	O	O	_	_	_	_	_	_
mais	O	O	O	O	O	O	_	_	_	_	_	_
que	O	O	O	O	O	O	_	_	NoSpaceAfter	_	_	_
,	O	O	O	O	O	O	_	_	_	_	_	_
toutefois	O	O	O	O	O	O	_	_	NoSpaceAfter	_	_	_
,	O	O	O	O	O	O	_	_	_	_	_	_
il	O	O	O	O	O	O	_	_	_	_	_	_
a	O	O	O	O	O	O	_	_	EndOfLine	_	_	_
# segment_iiif_link = https://impresso-project.ch/api/proxy/iiif/GDL-1877-05-15-a-p0003/3335,3305,768,60/full/0/default.jpg
consenti	O	O	O	O	O	O	_	_	_	_	_	_
au	O	O	O	O	O	O	_	_	_	_	_	_
départ	O	O	O	O	O	O	_	_	_	_	_	_
du	O	O	O	O	O	O	_	_	_	_	_	_
prince	O	O	O	O	O	O	_	_	_	_	_	_
Milan	O	O	O	O	O	O	_	_	_	_	_	_
qui	O	O	O	O	O	O	_	_	_	_	_	_
va	O	O	O	O	O	O	_	_	EndOfLine	_	_	_
# segment_iiif_link = https://impresso-project.ch/api/proxy/iiif/GDL-1877-05-15-a-p0003/3335,3348,751,60/full/0/default.jpg
négocier	O	O	O	O	O	O	_	_	_	_	_	_
à	O	O	O	O	O	O	_	_	_	_	_	_
St	O	O	O	O	O	O	_	_	NoSpaceAfter	_	_	_
-	O	O	O	O	O	O	_	_	NoSpaceAfter	_	_	_
Pélersbourg	O	O	O	O	O	O	_	_	NoSpaceAfter	_	_	_
,	O	O	O	O	O	O	_	_	_	_	_	_
le	O	O	O	O	O	O	_	_	_	_	_	_
maintien	O	O	O	O	O	O	_	_	_	_	_	_
de	O	O	O	O	O	O	_	_	EndOfLine	_	_	_
# segment_iiif_link = https://impresso-project.ch/api/proxy/iiif/GDL-1877-05-15-a-p0003/3335,3392,440,60/full/0/default.jpg
la	O	O	O	O	O	O	_	_	_	_	_	_
neutralité	O	O	O	O	O	O	_	_	_	_	_	_
de	O	O	O	O	O	O	_	_	_	_	_	_
la	O	O	O	O	O	O	_	_	_	_	_	_
Serbie	O	O	O	O	O	O	_	_	NoSpaceAfter	_	_	_
,	O	O	O	O	O	O	_	_	EndOfLine	_	_	_
# segment_iiif_link = https://impresso-project.ch/api/proxy/iiif/GDL-1877-05-15-a-p0003/3380,3442,707,58/full/0/default.jpg
L	O	O	O	O	O	O	_	_	NoSpaceAfter	_	_	_
'	O	O	O	O	O	O	_	_	NoSpaceAfter	_	_	_
incident	O	O	O	O	O	O	_	_	_	_	_	_
est	O	O	O	O	O	O	_	_	_	_	_	_
considéré	O	O	O	O	O	O	_	_	_	_	_	_
comme	O	O	O	O	O	O	_	_	EndOfLine	_	_	_
# segment_iiif_link = https://impresso-project.ch/api/proxy/iiif/GDL-1877-05-15-a-p0003/3335,3485,762,60/full/0/default.jpg
inquiétant	O	O	O	O	O	O	_	_	_	_	_	_
parce	O	O	O	O	O	O	_	_	_	_	_	_
que	O	O	O	O	O	O	_	_	_	_	_	_
le	O	O	O	O	O	O	_	_	_	_	_	_
triomphe	O	O	O	O	O	O	_	_	_	_	_	_
du	O	O	O	O	O	O	_	_	_	_	_	_
parti	O	O	O	O	O	O	_	_	_	_	_	_
de	O	O	O	O	O	O	_	_	_	_	_	_
la	O	O	O	O	O	O	_	_	EndOfLine	_	_	_
# segment_iiif_link = https://impresso-project.ch/api/proxy/iiif/GDL-1877-05-15-a-p0003/3335,3530,749,60/full/0/default.jpg
guerre	O	O	O	O	O	O	_	_	_	_	_	_
en	O	O	O	O	O	O	_	_	_	_	_	_
Serbie	O	O	O	O	O	O	_	_	_	_	_	_
amènerait	O	O	O	O	O	O	_	_	_	_	_	_
immédiatement	O	O	O	O	O	O	_	_	EndOfLine	_	_	_
# segment_iiif_link = https://impresso-project.ch/api/proxy/iiif/GDL-1877-05-15-a-p0003/3340,3572,478,60/full/0/default.jpg
l	O	O	O	O	O	O	_	_	NoSpaceAfter	_	_	_
'	O	O	O	O	O	O	_	_	NoSpaceAfter	_	_	_
intervention	O	O	O	O	O	O	_	_	_	_	_	_
autrichienne	O	O	O	O	O	O	_	_	NoSpaceAfter	_	_	_
.	O	O	O	O	O	O	_	_	EndOfLine	EndOfSentence	_	_

# language = fr
# newspaper = GDL
# date = 1889-07-18
# document_id = GDL-1889-07-18-a-i0009
# news-agency-as-source = _
# segment_iiif_link = https://impresso-project.ch/api/proxy/iiif/GDL-1889-07-18-a-p0002/140,4550,750,117/full/0/default.jpg
BOUCHE	O	O	O	O	O	O	_	_	_	_	_	_
CLOSE	O	O	O	O	O	O	_	_	EndOfLine	_	_	_
# segment_iiif_link = https://impresso-project.ch/api/proxy/iiif/GDL-1889-07-18-a-p0002/202,4420,629,60/full/0/default.jpg
FEUILLETON	O	O	O	O	O	O	_	_	_	_	_	_
DE	O	O	O	O	O	O	_	_	_	_	_	_
LA	O	O	O	O	O	O	_	_	_	_	_	_
GAZETTE	O	O	O	O	O	O	_	_	EndOfLine	_	_	_
# segment_iiif_link = https://impresso-project.ch/api/proxy/iiif/GDL-1889-07-18-a-p0002/298,4667,438,60/full/0/default.jpg
par	O	O	O	O	O	O	_	_	_	_	_	_
Léon	O	O	O	O	O	O	_	_	_	_	_	_
DE	O	O	O	O	O	O	_	_	_	_	_	_
TINSEAU	O	O	O	O	O	O	_	_	EndOfLine	_	_	_
# segment_iiif_link = https://impresso-project.ch/api/proxy/iiif/GDL-1889-07-18-a-p0002/182,4780,704,58/full/0/default.jpg
—	O	O	O	O	O	O	_	_	_	_	_	_
Tu	O	O	O	O	O	O	_	_	_	_	_	_
pourrais	O	O	O	O	O	O	_	_	_	_	_	_
môme	O	O	O	O	O	O	_	_	_	_	_	_
dire	O	O	O	O	O	O	_	_	_	_	_	_
qu	O	O	O	O	O	O	_	_	NoSpaceAfter	_	_	_
'	O	O	O	O	O	O	_	_	NoSpaceAfter	_	_	_
il	O	O	O	O	O	O	_	_	_	_	_	_
a	O	O	O	O	O	O	_	_	_	_	_	_
fait	O	O	O	O	O	O	_	_	_	_	_	_
son	O	O	O	O	O	O	_	_	EndOfLine	_	_	_
# segment_iiif_link = https://impresso-project.ch/api/proxy/iiif/GDL-1889-07-18-a-p0002/140,4820,747,58/full/0/default.jpg
article	O	O	O	O	O	O	_	_	_	_	_	_
sur	O	O	O	O	O	O	_	_	_	_	_	_
Berlioz	O	O	O	O	O	O	_	_	NoSpaceAfter	_	_	_
.	O	O	O	O	O	O	_	_	_	EndOfSentence	_	_
Il	O	O	O	O	O	O	_	_	_	_	_	_
parle	O	O	O	O	O	O	_	_	_	_	_	_
do	O	O	O	O	O	O	_	_	_	_	_	_
moi	O	O	O	O	O	O	_	_	_	_	_	_
seulement	O	O	O	O	O	O	_	_	EndOfLine	_	_	_
# segment_iiif_link = https://impresso-project.ch/api/proxy/iiif/GDL-1889-07-18-a-p0002/140,4860,746,58/full/0/default.jpg
pour	O	O	O	O	O	O	_	_	_	_	_	_
déplorer	O	O	O	O	O	O	_	_	_	_	_	_
l	O	O	O	O	O	O	_	_	NoSpaceAfter	_	_	_
'	O	O	O	O	O	O	_	_	NoSpaceAfter	_	_	_
injuste	O	O	O	O	O	O	_	_	_	_	_	_
partialité	O	O	O	O	O	O	_	_	_	_	_	_
du	O	O	O	O	O	O	_	_	_	_	_	_
sort	O	O	O	O	O	O	_	_	_	_	_	_
à	O	O	O	O	O	O	_	_	EndOfLine	_	_	_
# segment_iiif_link = https://impresso-project.ch/api/proxy/iiif/GDL-1889-07-18-a-p0002/142,4900,391,58/full/0/default.jpg
l	O	O	O	O	O	O	_	_	NoSpaceAfter	_	_	_
'	O	O	O	O	O	O	_	_	NoSpaceAfter	_	_	_
égard	O	O	O	O	O	O	_	_	_	_	_	_
de	O	O	O	O	O	O	_	_	_	_	_	_
certains	O	O	O	O	O	O	_	_	_	_	_	_
artistes	O	O	O	O	O	O	_	_	NoSpaceAfter	_	_	_
.	O	O	O	O	O	O	_	_	EndOfLine	EndOfSentence	_	_
# segment_iiif_link = https://impresso-project.ch/api/proxy/iiif/GDL-1889-07-18-a-p0002/182,4940,703,58/full/0/default.jpg
—	O	O	O	O	O	O	_	_	_	_	_	_
Il	O	O	O	O	O	O	_	_	_	_	_	_
constate	O	O	O	O	O	O	_	_	_	_	_	_
par	O	O	O	O	O	O	_	_	_	_	_	_
là	O	O	O	O	O	O	_	_	_	_	_	_
même	O	O	O	O	O	O	_	_	_	_	_	_
le	O	O	O	O	O	O	_	_	_	_	_	_
succès	O	O	O	O	O	O	_	_	_	_	_	_
de	O	O	O	O	O	O	_	_	_	_	_	_
ton	O	O	O	O	O	O	_	_	EndOfLine	_	_	_
# segment_iiif_link = https://impresso-project.ch/api/proxy/iiif/GDL-1889-07-18-a-p0002/140,4980,113,58/full/0/default.jpg
œuvre	O	O	O	O	O	O	_	_	NoSpaceAfter	_	_	_
.	O	O	O	O	O	O	_	_	EndOfLine	EndOfSentence	_	_
# segment_iiif_link = https://impresso-project.ch/api/proxy/iiif/GDL-1889-07-18-a-p0002/182,5020,705,58/full/0/default.jpg
—	O	O	O	O	O	O	_	_	_	_	_	_
Il	O	O	O	O	O	O	_	_	_	_	_	_
la	O	O	O	O	O	O	_	_	_	_	_	_
constate	O	O	O	O	O	O	_	_	NoSpaceAfter	_	_	_
,	O	O	O	O	O	O	_	_	_	_	_	_
mais	O	O	O	O	O	O	_	_	NoSpaceAfter	_	_	_
,	O	O	O	O	O	O	_	_	_	_	_	_
au	O	O	O	O	O	O	_	_	_	_	_	_
fond	O	O	O	O	O	O	_	_	NoSpaceAfter	_	_	_
,	O	O	O	O	O	O	_	_	_	_	_	_
il	O	O	O	O	O	O	_	_	_	_	_	_
en	O	O	O	O	O	O	_	_	_	_	_	_
gémit	O	O	O	O	O	O	_	_	NoSpaceAfter	_	_	_
.	O	O	O	O	O	O	_	_	EndOfLine	EndOfSentence	_	_
# segment_iiif_link = https://impresso-project.ch/api/proxy/iiif/GDL-1889-07-18-a-p0002/138,5060,745,58/full/0/default.jpg
Il	O	O	O	O	O	O	_	_	_	_	_	_
s	O	O	O	O	O	O	_	_	NoSpaceAfter	_	_	_
'	O	O	O	O	O	O	_	_	NoSpaceAfter	_	_	_
en	O	O	O	O	O	O	_	_	_	_	_	_
étonne	O	O	O	O	O	O	_	_	_	_	_	_
poliment	O	O	O	O	O	O	_	_	NoSpaceAfter	_	_	_
.	O	O	O	O	O	O	_	_	_	EndOfSentence	_	_
Vois	O	O	O	O	O	O	_	_	NoSpaceAfter	_	_	_
-	O	O	O	O	O	O	_	_	NoSpaceAfter	_	_	_
tu	O	O	O	O	O	O	_	_	NoSpaceAfter	_	_	_
,	O	O	O	O	O	O	_	_	_	_	_	_
mon	O	O	O	O	O	O	_	_	_	_	_	_
ami	O	O	O	O	O	O	_	_	NoSpaceAfter	_	_	_
,	O	O	O	O	O	O	_	_	_	_	_	_
en	O	O	O	O	O	O	_	_	EndOfLine	_	_	_
# segment_iiif_link = https://impresso-project.ch/api/proxy/iiif/GDL-1889-07-18-a-p0002/137,5100,746,58/full/0/default.jpg
résumant	O	O	O	O	O	O	_	_	_	_	_	_
—	O	O	O	O	O	O	_	_	_	_	_	_
car	O	O	O	O	O	O	_	_	_	_	_	_
je	O	O	O	O	O	O	_	_	_	_	_	_
t	O	O	O	O	O	O	_	_	NoSpaceAfter	_	_	_
'	O	O	O	O	O	O	_	_	NoSpaceAfter	_	_	_
aime	O	O	O	O	O	O	_	_	_	_	_	_
trop	O	O	O	O	O	O	_	_	_	_	_	_
pour	O	O	O	O	O	O	_	_	_	_	_	_
te	O	O	O	O	O	O	_	_	_	_	_	_
laisser	O	O	O	O	O	O	_	_	EndOfLine	_	_	_
# segment_iiif_link = https://impresso-project.ch/api/proxy/iiif/GDL-1889-07-18-a-p0002/138,5140,747,58/full/0/default.jpg
lire	O	O	O	O	O	O	_	_	_	_	_	_
toutes	O	O	O	O	O	O	_	_	_	_	_	_
ces	O	O	O	O	O	O	_	_	_	_	_	_
paperasses	O	O	O	O	O	O	_	_	_	_	_	_
—	O	O	O	O	O	O	_	_	_	_	_	_
le	O	O	O	O	O	O	_	_	_	_	_	_
public	O	O	O	O	O	O	_	_	_	_	_	_
a	O	O	O	O	O	O	_	_	_	_	_	_
été	O	O	O	O	O	O	_	_	EndOfLine	_	_	_
# segment_iiif_link = https://impresso-project.ch/api/proxy/iiif/GDL-1889-07-18-a-p0002/138,5180,747,58/full/0/default.jpg
pour	O	O	O	O	O	O	_	_	_	_	_	_
moi	O	O	O	O	O	O	_	_	NoSpaceAfter	_	_	_
,	O	O	O	O	O	O	_	_	_	_	_	_
mais	O	O	O	O	O	O	_	_	_	_	_	_
la	O	O	O	O	O	O	_	_	_	_	_	_
haute	O	O	O	O	O	O	_	_	_	_	_	_
critique	O	O	O	O	O	O	_	_	_	_	_	_
va	O	O	O	O	O	O	_	_	_	_	_	_
me	O	O	O	O	O	O	_	_	EndOfLine	_	_	_
# segment_iiif_link = https://impresso-project.ch/api/proxy/iiif/GDL-1889-07-18-a-p0002/138,5220,227,58/full/0/default.jpg
combattre	O	O	O	O	O	O	_	_	_	_	_	_
à	O	O	O	O	O	O	_	_	_	_	_	_
mort	O	O	O	O	O	O	_	_	NoSpaceAfter	_	_	_
.	O	O	O	O	O	O	_	_	EndOfLine	EndOfSentence	_	_
# segment_iiif_link = https://impresso-project.ch/api/proxy/iiif/GDL-1889-07-18-a-p0002/178,5260,704,58/full/0/default.jpg
—	O	O	O	O	O	O	_	_	_	_	_	_
Aimerais	O	O	O	O	O	O	_	_	NoSpaceAfter	_	_	_
-	O	O	O	O	O	O	_	_	NoSpaceAfter	_	_	_
tu	O	O	O	O	O	O	_	_	_	_	_	_
mieux	O	O	O	O	O	O	_	_	_	_	_	_
que	O	O	O	O	O	O	_	_	_	_	_	_
deux	O	O	O	O	O	O	_	_	_	_	_	_
mille	O	O	O	O	O	O	_	_	EndOfLine	_	_	_
# segment_iiif_link = https://impresso-project.ch/api/proxy/iiif/GDL-1889-07-18-a-p0002/138,5300,747,58/full/0/default.jpg
personnes	O	O	O	O	O	O	_	_	_	_	_	_
l	O	O	O	O	O	O	_	_	NoSpaceAfter	_	_	_
'	O	O	O	O	O	O	_	_	NoSpaceAfter	_	_	_
eussent	O	O	O	O	O	O	_	_	_	_	_	_
sifflé	O	O	O	O	O	O	_	_	_	_	_	_
cette	O	O	O	O	O	O	_	_	_	_	_	_
nuit	O	O	O	O	O	O	_	_	NoSpaceAfter	_	_	_
,	O	O	O	O	O	O	_	_	_	_	_	_
et	O	O	O	O	O	O	_	_	_	_	_	_
que	O	O	O	O	O	O	_	_	EndOfLine	_	_	_
# segment_iiif_link = https://impresso-project.ch/api/proxy/iiif/GDL-1889-07-18-a-p0002/138,5340,747,58/full/0/default.jpg
douze	O	O	O	O	O	O	_	_	_	_	_	_
messieurs	O	O	O	O	O	O	_	_	_	_	_	_
chauves	O	O	O	O	O	O	_	_	_	_	_	_
fissent	O	O	O	O	O	O	_	_	_	_	_	_
ton	O	O	O	O	O	O	_	_	_	_	_	_
éloge	O	O	O	O	O	O	_	_	_	_	_	_
ce	O	O	O	O	O	O	_	_	EndOfLine	_	_	_
# segment_iiif_link = https://impresso-project.ch/api/proxy/iiif/GDL-1889-07-18-a-p0002/137,5380,114,58/full/0/default.jpg
matin	O	O	O	O	O	O	_	_	_	_	_	_
?	O	O	O	O	O	O	_	_	EndOfLine	EndOfSentence	_	_
# segment_iiif_link = https://impresso-project.ch/api/proxy/iiif/GDL-1889-07-18-a-p0002/177,5420,704,58/full/0/default.jpg
—	O	O	O	O	O	O	_	_	_	_	_	_
Peut	O	O	O	O	O	O	_	_	NoSpaceAfter	_	_	_
-	O	O	O	O	O	O	_	_	NoSpaceAfter	_	_	_
être	O	O	O	O	O	O	_	_	NoSpaceAfter	_	_	_
,	O	O	O	O	O	O	_	_	_	_	_	_
car	O	O	O	O	O	O	_	_	_	_	_	_
demain	O	O	O	O	O	O	_	_	_	_	_	_
ces	O	O	O	O	O	O	_	_	_	_	_	_
deux	O	O	O	O	O	O	_	_	_	_	_	_
mille	O	O	O	O	O	O	_	_	EndOfLine	_	_	_
# segment_iiif_link = https://impresso-project.ch/api/proxy/iiif/GDL-1889-07-18-a-p0002/137,5460,745,58/full/0/default.jpg
personnes	O	O	O	O	O	O	_	_	_	_	_	_
feront	O	O	O	O	O	O	_	_	_	_	_	_
amende	O	O	O	O	O	O	_	_	_	_	_	_
honorable	O	O	O	O	O	O	_	_	_	_	_	_
aux	O	O	O	O	O	O	_	_	_	_	_	_
douze	O	O	O	O	O	O	_	_	EndOfLine	_	_	_
# segment_iiif_link = https://impresso-project.ch/api/proxy/iiif/GDL-1889-07-18-a-p0002/135,5500,742,58/full/0/default.jpg
messieurs	O	O	O	O	O	O	_	_	_	_	_	_
dont	O	O	O	O	O	O	_	_	_	_	_	_
tu	O	O	O	O	O	O	_	_	_	_	_	_
parles	O	O	O	O	O	O	_	_	_	_	_	_
et	O	O	O	O	O	O	_	_	_	_	_	_
s	O	O	O	O	O	O	_	_	NoSpaceAfter	_	_	_
'	O	O	O	O	O	O	_	_	NoSpaceAfter	_	_	_
excuseront	O	O	O	O	O	O	_	_	_	_	_	_
de	O	O	O	O	O	O	_	_	EndOfLine	_	_	_
# segment_iiif_link = https://impresso-project.ch/api/proxy/iiif/GDL-1889-07-18-a-p0002/137,5540,433,58/full/0/default.jpg
m	O	O	O	O	O	O	_	_	NoSpaceAfter	_	_	_
'	O	O	O	O	O	O	_	_	NoSpaceAfter	_	_	_
avoir	O	O	O	O	O	O	_	_	_	_	_	_
applaudi	O	O	O	O	O	O	_	_	_	_	_	_
trop	O	O	O	O	O	O	_	_	_	_	_	_
vite	O	O	O	O	O	O	_	_	NoSpaceAfter	_	_	_
.	O	O	O	O	O	O	_	_	EndOfLine	EndOfSentence	_	_
# segment_iiif_link = https://impresso-project.ch/api/proxy/iiif/GDL-1889-07-18-a-p0002/175,5582,703,60/full/0/default.jpg
—	O	O	O	O	O	O	_	_	_	_	_	_
Ce	O	O	O	O	O	O	_	_	_	_	_	_
serait	O	O	O	O	O	O	_	_	_	_	_	_
le	O	O	O	O	O	O	_	_	_	_	_	_
monde	O	O	O	O	O	O	_	_	_	_	_	_
renversé	O	O	O	O	O	O	_	_	NoSpaceAfter	_	_	_
.	O	O	O	O	O	O	_	_	_	EndOfSentence	_	_
Mais	O	O	O	O	O	O	_	_	_	_	_	_
que	O	O	O	O	O	O	_	_	EndOfLine	_	_	_
# segment_iiif_link = https://impresso-project.ch/api/proxy/iiif/GDL-1889-07-18-a-p0002/942,4415,746,60/full/0/default.jpg
n	O	O	O	O	O	O	_	_	NoSpaceAfter	_	_	_
'	O	O	O	O	O	O	_	_	NoSpaceAfter	_	_	_
avez	O	O	O	O	O	O	_	_	NoSpaceAfter	_	_	_
-	O	O	O	O	O	O	_	_	NoSpaceAfter	_	_	_
vous	O	O	O	O	O	O	_	_	_	_	_	_
pas	O	O	O	O	O	O	_	_	_	_	_	_
renversé	O	O	O	O	O	O	_	_	_	_	_	_
depuis	O	O	O	O	O	O	_	_	_	_	_	_
cent	O	O	O	O	O	O	_	_	_	_	_	_
ans	O	O	O	O	O	O	_	_	NoSpaceAfter	_	_	_
,	O	O	O	O	O	O	_	_	EndOfLine	_	_	_
# segment_iiif_link = https://impresso-project.ch/api/proxy/iiif/GDL-1889-07-18-a-p0002/943,4455,518,60/full/0/default.jpg
vous	O	O	O	O	O	O	_	_	_	_	_	_
autre	O	O	O	O	O	O	_	_	_	_	_	_
fils	O	O	O	O	O	O	_	_	_	_	_	_
de	O	O	O	O	O	O	_	_	_	_	_	_
la	O	O	O	O	O	O	_	_	_	_	_	_
révolution	O	O	O	O	O	O	_	_	_	_	_	_
?	O	O	O	O	O	O	_	_	EndOfLine	EndOfSentence	_	_
# segment_iiif_link = https://impresso-project.ch/api/proxy/iiif/GDL-1889-07-18-a-p0002/983,4497,707,60/full/0/default.jpg
—	O	O	O	O	O	O	_	_	_	_	_	_
Nous	O	O	O	O	O	O	_	_	_	_	_	_
pensions	O	O	O	O	O	O	_	_	_	_	_	_
avoir	O	O	O	O	O	O	_	_	_	_	_	_
renversé	O	O	O	O	O	O	_	_	_	_	_	_
toutes	O	O	O	O	O	O	_	_	_	_	_	_
les	O	O	O	O	O	O	_	_	EndOfLine	_	_	_
# segment_iiif_link = https://impresso-project.ch/api/proxy/iiif/GDL-1889-07-18-a-p0002/943,4537,747,60/full/0/default.jpg
tyrannies	O	O	O	O	O	O	_	_	_	_	_	_
:	O	O	O	O	O	O	_	_	_	_	_	_
celle	O	O	O	O	O	O	_	_	_	_	_	_
des	O	O	O	O	O	O	_	_	_	_	_	_
prêtres	O	O	O	O	O	O	_	_	_	_	_	_
comme	O	O	O	O	O	O	_	_	_	_	_	_
colle	O	O	O	O	O	O	_	_	_	_	_	_
des	O	O	O	O	O	O	_	_	EndOfLine	_	_	_
# segment_iiif_link = https://impresso-project.ch/api/proxy/iiif/GDL-1889-07-18-a-p0002/942,4577,746,60/full/0/default.jpg
rois	O	O	O	O	O	O	_	_	NoSpaceAfter	_	_	_
.	O	O	O	O	O	O	_	_	_	EndOfSentence	_	_
Mais	O	O	O	O	O	O	_	_	_	_	_	_
une	O	O	O	O	O	O	_	_	_	_	_	_
autre	O	O	O	O	O	O	_	_	_	_	_	_
a	O	O	O	O	O	O	_	_	_	_	_	_
surgi	O	O	O	O	O	O	_	_	NoSpaceAfter	_	_	_
.	O	O	O	O	O	O	_	_	_	EndOfSentence	_	_
Une	O	O	O	O	O	O	_	_	_	_	_	_
bande	O	O	O	O	O	O	_	_	EndOfLine	_	_	_
# segment_iiif_link = https://impresso-project.ch/api/proxy/iiif/GDL-1889-07-18-a-p0002/943,4617,746,60/full/0/default.jpg
composée	O	O	O	O	O	O	_	_	_	_	_	_
de	O	O	O	O	O	O	_	_	_	_	_	_
critiques	O	O	O	O	O	O	_	_	_	_	_	_
et	O	O	O	O	O	O	_	_	_	_	_	_
de	O	O	O	O	O	O	_	_	_	_	_	_
jeunes	O	O	O	O	O	O	_	_	_	_	_	_
pose	O	O	O	O	O	O	_	_	_	_	_	_
le	O	O	O	O	O	O	_	_	_	_	_	_
pied	O	O	O	O	O	O	_	_	EndOfLine	_	_	_
# segment_iiif_link = https://impresso-project.ch/api/proxy/iiif/GDL-1889-07-18-a-p0002/942,4657,745,60/full/0/default.jpg
sur	O	O	O	O	O	O	_	_	_	_	_	_
le	O	O	O	O	O	O	_	_	_	_	_	_
public	O	O	O	O	O	O	_	_	_	_	_	_
et	O	O	O	O	O	O	_	_	_	_	_	_
lui	O	O	O	O	O	O	_	_	_	_	_	_
fait	O	O	O	O	O	O	_	_	_	_	_	_
courber	O	O	O	O	O	O	_	_	_	_	_	_
la	O	O	O	O	O	O	_	_	EndOfLine	_	_	_
# segment_iiif_link = https://impresso-project.ch/api/proxy/iiif/GDL-1889-07-18-a-p0002/943,4697,746,60/full/0/default.jpg
tête	O	O	O	O	O	O	_	_	NoSpaceAfter	_	_	_
.	O	O	O	O	O	O	_	_	_	EndOfSentence	_	_
«	O	O	O	O	O	O	_	_	_	_	_	_
Obéis	O	O	O	O	O	O	_	_	_	_	_	_
!	O	O	O	O	O	O	_	_	_	_	_	_
»	O	O	O	O	O	O	_	_	_	_	_	_
lui	O	O	O	O	O	O	_	_	_	_	_	_
crient	O	O	O	O	O	O	_	_	_	_	_	_
ces	O	O	O	O	O	O	_	_	_	_	_	_
Robespierre	O	O	O	O	O	O	_	_	_	_	_	_
de	O	O	O	O	O	O	_	_	EndOfLine	_	_	_
# segment_iiif_link = https://impresso-project.ch/api/proxy/iiif/GDL-1889-07-18-a-p0002/943,4737,744,60/full/0/default.jpg
la	O	O	O	O	O	O	_	_	_	_	_	_
musique	O	O	O	O	O	O	_	_	NoSpaceAfter	_	_	_
,	O	O	O	O	O	O	_	_	_	_	_	_
de	O	O	O	O	O	O	_	_	_	_	_	_
la	O	O	O	O	O	O	_	_	_	_	_	_
littérature	O	O	O	O	O	O	_	_	_	_	_	_
et	O	O	O	O	O	O	_	_	_	_	_	_
du	O	O	O	O	O	O	_	_	_	_	_	_
pinceau	O	O	O	O	O	O	_	_	NoSpaceAfter	_	_	_
.	O	O	O	O	O	O	_	_	EndOfLine	EndOfSentence	_	_
# segment_iiif_link = https://impresso-project.ch/api/proxy/iiif/GDL-1889-07-18-a-p0002/947,4777,741,60/full/0/default.jpg
«	O	O	O	O	O	O	_	_	_	_	_	_
Trop	O	O	O	O	O	O	_	_	_	_	_	_
longtemps	O	O	O	O	O	O	_	_	NoSpaceAfter	_	_	_
,	O	O	O	O	O	O	_	_	_	_	_	_
l	O	O	O	O	O	O	_	_	NoSpaceAfter	_	_	_
'	O	O	O	O	O	O	_	_	NoSpaceAfter	_	_	_
art	O	O	O	O	O	O	_	_	_	_	_	_
s	O	O	O	O	O	O	_	_	NoSpaceAfter	_	_	_
'	O	O	O	O	O	O	_	_	NoSpaceAfter	_	_	_
est	O	O	O	O	O	O	_	_	_	_	_	_
glorifié	O	O	O	O	O	O	_	_	_	_	_	_
d	O	O	O	O	O	O	_	_	NoSpaceAfter	_	_	_
'	O	O	O	O	O	O	_	_	NoSpaceAfter	_	_	_
être	O	O	O	O	O	O	_	_	EndOfLine	_	_	_
# segment_iiif_link = https://impresso-project.ch/api/proxy/iiif/GDL-1889-07-18-a-p0002/947,4817,740,60/full/0/default.jpg
»	O	O	O	O	O	O	_	_	_	_	_	_
ton	O	O	O	O	O	O	_	_	_	_	_	_
serviteur	O	O	O	O	O	O	_	_	NoSpaceAfter	_	_	_
.	O	O	O	O	O	O	_	_	_	EndOfSentence	_	_
Trop	O	O	O	O	O	O	_	_	_	_	_	_
longtemps	O	O	O	O	O	O	_	_	_	_	_	_
nous	O	O	O	O	O	O	_	_	_	_	_	_
avons	O	O	O	O	O	O	_	_	EndOfLine	_	_	_
# segment_iiif_link = https://impresso-project.ch/api/proxy/iiif/GDL-1889-07-18-a-p0002/947,4857,740,60/full/0/default.jpg
»	O	O	O	O	O	O	_	_	_	_	_	_
mendié	O	O	O	O	O	O	_	_	_	_	_	_
tes	O	O	O	O	O	O	_	_	_	_	_	_
suffrages	O	O	O	O	O	O	_	_	NoSpaceAfter	_	_	_
.	O	O	O	O	O	O	_	_	_	EndOfSentence	_	_
A	O	O	O	O	O	O	_	_	_	_	_	_
ton	O	O	O	O	O	O	_	_	_	_	_	_
tour	O	O	O	O	O	O	_	_	_	_	_	_
de	O	O	O	O	O	O	_	_	_	_	_	_
plier	O	O	O	O	O	O	_	_	EndOfLine	_	_	_
# segment_iiif_link = https://impresso-project.ch/api/proxy/iiif/GDL-1889-07-18-a-p0002/947,4897,742,60/full/0/default.jpg
»	O	O	O	O	O	O	_	_	_	_	_	_
devant	O	O	O	O	O	O	_	_	_	_	_	_
nous	O	O	O	O	O	O	_	_	NoSpaceAfter	_	_	_
.	O	O	O	O	O	O	_	_	_	EndOfSentence	_	_
Ce	O	O	O	O	O	O	_	_	_	_	_	_
que	O	O	O	O	O	O	_	_	_	_	_	_
nous	O	O	O	O	O	O	_	_	_	_	_	_
aimons	O	O	O	O	O	O	_	_	_	_	_	_
tu	O	O	O	O	O	O	_	_	EndOfLine	_	_	_
# segment_iiif_link = https://impresso-project.ch/api/proxy/iiif/GDL-1889-07-18-a-p0002/947,4937,738,60/full/0/default.jpg
l	O	O	O	O	O	O	_	_	NoSpaceAfter	_	_	_
'	O	O	O	O	O	O	_	_	NoSpaceAfter	_	_	_
ai	O	O	O	O	O	O	_	_	NoSpaceAfter	_	_	_
-	O	O	O	O	O	O	_	_	NoSpaceAfter	_	_	_
»	O	O	O	O	O	O	_	_	_	_	_	_
meras	O	O	O	O	O	O	_	_	NoSpaceAfter	_	_	_
.	O	O	O	O	O	O	_	_	_	EndOfSentence	_	_
Ce	O	O	O	O	O	O	_	_	_	_	_	_
que	O	O	O	O	O	O	_	_	_	_	_	_
nous	O	O	O	O	O	O	_	_	_	_	_	_
te	O	O	O	O	O	O	_	_	_	_	_	_
donnons	O	O	O	O	O	O	_	_	NoSpaceAfter	_	_	_
,	O	O	O	O	O	O	_	_	_	_	_	_
nous	O	O	O	O	O	O	_	_	_	_	_	_
les	O	O	O	O	O	O	_	_	EndOfLine	_	_	_
# segment_iiif_link = https://impresso-project.ch/api/proxy/iiif/GDL-1889-07-18-a-p0002/947,4977,739,60/full/0/default.jpg
»	O	O	O	O	O	O	_	_	_	_	_	_
jeunes	O	O	O	O	O	O	_	_	NoSpaceAfter	_	_	_
,	O	O	O	O	O	O	_	_	_	_	_	_
tu	O	O	O	O	O	O	_	_	_	_	_	_
feras	O	O	O	O	O	O	_	_	_	_	_	_
semblant	O	O	O	O	O	O	_	_	_	_	_	_
de	O	O	O	O	O	O	_	_	_	_	_	_
le	O	O	O	O	O	O	_	_	_	_	_	_
préférer	O	O	O	O	O	O	_	_	_	_	_	_
et	O	O	O	O	O	O	_	_	EndOfLine	_	_	_
# segment_iiif_link = https://impresso-project.ch/api/proxy/iiif/GDL-1889-07-18-a-p0002/945,5017,743,60/full/0/default.jpg
»	O	O	O	O	O	O	_	_	_	_	_	_
de	O	O	O	O	O	O	_	_	_	_	_	_
Je	O	O	O	O	O	O	_	_	_	_	_	_
comprendre	O	O	O	O	O	O	_	_	NoSpaceAfter	_	_	_
.	O	O	O	O	O	O	_	_	_	EndOfSentence	_	_
Ce	O	O	O	O	O	O	_	_	_	_	_	_
que	O	O	O	O	O	O	_	_	_	_	_	_
tu	O	O	O	O	O	O	_	_	_	_	_	_
penses	O	O	O	O	O	O	_	_	_	_	_	_
nous	O	O	O	O	O	O	_	_	EndOfLine	_	_	_
# segment_iiif_link = https://impresso-project.ch/api/proxy/iiif/GDL-1889-07-18-a-p0002/947,5057,741,60/full/0/default.jpg
»	O	O	O	O	O	O	_	_	_	_	_	_
importe	O	O	O	O	O	O	_	_	_	_	_	_
peu	O	O	O	O	O	O	_	_	NoSpaceAfter	_	_	_
.	O	O	O	O	O	O	_	_	_	EndOfSentence	_	_
Surtout	O	O	O	O	O	O	_	_	_	_	_	_
ne	O	O	O	O	O	O	_	_	_	_	_	_
t	O	O	O	O	O	O	_	_	NoSpaceAfter	_	_	_
'	O	O	O	O	O	O	_	_	NoSpaceAfter	_	_	_
avise	O	O	O	O	O	O	_	_	_	_	_	_
pas	O	O	O	O	O	O	_	_	_	_	_	_
de	O	O	O	O	O	O	_	_	EndOfLine	_	_	_
# segment_iiif_link = https://impresso-project.ch/api/proxy/iiif/GDL-1889-07-18-a-p0002/947,5097,738,60/full/0/default.jpg
bou	O	O	O	O	O	O	_	_	NoSpaceAfter	_	_	_
-	O	O	O	O	O	O	_	_	NoSpaceAfter	_	_	_
»	O	O	O	O	O	O	_	_	_	_	_	_
der	O	O	O	O	O	O	_	_	NoSpaceAfter	_	_	_
.	O	O	O	O	O	O	_	_	_	EndOfSentence	_	_
Aux	O	O	O	O	O	O	_	_	_	_	_	_
onfants	O	O	O	O	O	O	_	_	_	_	_	_
boudeurs	O	O	O	O	O	O	_	_	_	_	_	_
on	O	O	O	O	O	O	_	_	_	_	_	_
ressert	O	O	O	O	O	O	_	_	_	_	_	_
le	O	O	O	O	O	O	_	_	_	_	_	_
plat	O	O	O	O	O	O	_	_	EndOfLine	_	_	_
# segment_iiif_link = https://impresso-project.ch/api/proxy/iiif/GDL-1889-07-18-a-p0002/945,5137,740,60/full/0/default.jpg
»	O	O	O	O	O	O	_	_	_	_	_	_
dédaigné	O	O	O	O	O	O	_	_	_	_	_	_
jusqu	O	O	O	O	O	O	_	_	NoSpaceAfter	_	_	_
'	O	O	O	O	O	O	_	_	NoSpaceAfter	_	_	_
à	O	O	O	O	O	O	_	_	_	_	_	_
ce	O	O	O	O	O	O	_	_	_	_	_	_
qu	O	O	O	O	O	O	_	_	NoSpaceAfter	_	_	_
'	O	O	O	O	O	O	_	_	NoSpaceAfter	_	_	_
ils	O	O	O	O	O	O	_	_	_	_	_	_
se	O	O	O	O	O	O	_	_	_	_	_	_
résignent	O	O	O	O	O	O	_	_	_	_	_	_
à	O	O	O	O	O	O	_	_	EndOfLine	_	_	_
# segment_iiif_link = https://impresso-project.ch/api/proxy/iiif/GDL-1889-07-18-a-p0002/943,5177,742,60/full/0/default.jpg
»	O	O	O	O	O	O	_	_	_	_	_	_
l	O	O	O	O	O	O	_	_	NoSpaceAfter	_	_	_
'	O	O	O	O	O	O	_	_	NoSpaceAfter	_	_	_
avaler	O	O	O	O	O	O	_	_	NoSpaceAfter	_	_	_
,	O	O	O	O	O	O	_	_	_	_	_	_
quitte	O	O	O	O	O	O	_	_	_	_	_	_
à	O	O	O	O	O	O	_	_	_	_	_	_
faire	O	O	O	O	O	O	_	_	_	_	_	_
la	O	O	O	O	O	O	_	_	_	_	_	_
grimace	O	O	O	O	O	O	_	_	NoSpaceAfter	_	_	_
.	O	O	O	O	O	O	_	_	_	EndOfSentence	_	_
Ainsi	O	O	O	O	O	O	_	_	NoSpaceAfter	_	_	_
,	O	O	O	O	O	O	_	_	EndOfLine	_	_	_
# segment_iiif_link = https://impresso-project.ch/api/proxy/iiif/GDL-1889-07-18-a-p0002/943,5217,739,60/full/0/default.jpg
»	O	O	O	O	O	O	_	_	_	_	_	_
nous	O	O	O	O	O	O	_	_	_	_	_	_
en	O	O	O	O	O	O	_	_	_	_	_	_
agirons	O	O	O	O	O	O	_	_	_	_	_	_
avec	O	O	O	O	O	O	_	_	_	_	_	_
toi	O	O	O	O	O	O	_	_	NoSpaceAfter	_	_	_
,	O	O	O	O	O	O	_	_	_	_	_	_
ô	O	O	O	O	O	O	_	_	_	_	_	_
publie	O	O	O	O	O	O	_	_	NoSpaceAfter	_	_	_
,	O	O	O	O	O	O	_	_	_	_	_	_
français	O	O	O	O	O	O	_	_	NoSpaceAfter	_	_	_
.	O	O	O	O	O	O	_	_	EndOfLine	EndOfSentence	_	_
# segment_iiif_link = https://impresso-project.ch/api/proxy/iiif/GDL-1889-07-18-a-p0002/943,5257,742,60/full/0/default.jpg
»	O	O	O	O	O	O	_	_	_	_	_	_
Nous	O	O	O	O	O	O	_	_	_	_	_	_
éloignerons	O	O	O	O	O	O	_	_	_	_	_	_
les	O	O	O	O	O	O	_	_	_	_	_	_
anciens	O	O	O	O	O	O	_	_	_	_	_	_
maîtres	O	O	O	O	O	O	_	_	NoSpaceAfter	_	_	_
,	O	O	O	O	O	O	_	_	EndOfLine	_	_	_
# segment_iiif_link = https://impresso-project.ch/api/proxy/iiif/GDL-1889-07-18-a-p0002/943,5297,739,60/full/0/default.jpg
cour	O	O	O	O	O	O	_	_	NoSpaceAfter	_	_	_
-	O	O	O	O	O	O	_	_	NoSpaceAfter	_	_	_
»	O	O	O	O	O	O	_	_	_	_	_	_
tisaus	O	O	O	O	O	O	_	_	_	_	_	_
serviles	O	O	O	O	O	O	_	_	_	_	_	_
de	O	O	O	O	O	O	_	_	_	_	_	_
tes	O	O	O	O	O	O	_	_	_	_	_	_
plaisirs	O	O	O	O	O	O	_	_	NoSpaceAfter	_	_	_
.	O	O	O	O	O	O	_	_	_	EndOfSentence	_	_
Qu	O	O	O	O	O	O	_	_	NoSpaceAfter	_	_	_
'	O	O	O	O	O	O	_	_	NoSpaceAfter	_	_	_
importe	O	O	O	O	O	O	_	_	_	_	_	_
si	O	O	O	O	O	O	_	_	EndOfLine	_	_	_
# segment_iiif_link = https://impresso-project.ch/api/proxy/iiif/GDL-1889-07-18-a-p0002/943,5337,742,60/full/0/default.jpg
»	O	O	O	O	O	O	_	_	_	_	_	_
la	O	O	O	O	O	O	_	_	_	_	_	_
moitié	O	O	O	O	O	O	_	_	_	_	_	_
d	O	O	O	O	O	O	_	_	NoSpaceAfter	_	_	_
'	O	O	O	O	O	O	_	_	NoSpaceAfter	_	_	_
un	O	O	O	O	O	O	_	_	_	_	_	_
siècle	O	O	O	O	O	O	_	_	_	_	_	_
est	O	O	O	O	O	O	_	_	_	_	_	_
nécessaire	O	O	O	O	O	O	_	_	_	_	_	_
pour	O	O	O	O	O	O	_	_	_	_	_	_
te	O	O	O	O	O	O	_	_	EndOfLine	_	_	_
# segment_iiif_link = https://impresso-project.ch/api/proxy/iiif/GDL-1889-07-18-a-p0002/943,5377,741,60/full/0/default.jpg
»	O	O	O	O	O	O	_	_	_	_	_	_
faire	O	O	O	O	O	O	_	_	_	_	_	_
oublier	O	O	O	O	O	O	_	_	_	_	_	_
tes	O	O	O	O	O	O	_	_	_	_	_	_
goûts	O	O	O	O	O	O	_	_	NoSpaceAfter	_	_	_
,	O	O	O	O	O	O	_	_	_	_	_	_
tes	O	O	O	O	O	O	_	_	_	_	_	_
instinct	O	O	O	O	O	O	_	_	NoSpaceAfter	_	_	_
-	O	O	O	O	O	O	_	_	NoSpaceAfter	_	_	_
:	O	O	O	O	O	O	_	_	NoSpaceAfter	_	_	_
,	O	O	O	O	O	O	_	_	_	_	_	_
ta	O	O	O	O	O	O	_	_	EndOfLine	_	_	_
# segment_iiif_link = https://impresso-project.ch/api/proxy/iiif/GDL-1889-07-18-a-p0002/942,5417,741,60/full/0/default.jpg
na	O	O	O	O	O	O	_	_	NoSpaceAfter	_	_	_
-	O	O	O	O	O	O	_	_	NoSpaceAfter	_	_	_
»	O	O	O	O	O	O	_	_	_	_	_	_
ture	O	O	O	O	O	O	_	_	NoSpaceAfter	_	_	_
,	O	O	O	O	O	O	_	_	_	_	_	_
tes	O	O	O	O	O	O	_	_	_	_	_	_
mœurs	O	O	O	O	O	O	_	_	_	_	_	_
nationales	O	O	O	O	O	O	_	_	_	_	_	_
?	O	O	O	O	O	O	_	_	_	EndOfSentence	_	_
Nous	O	O	O	O	O	O	_	_	_	_	_	_
serons	O	O	O	O	O	O	_	_	EndOfLine	_	_	_
# segment_iiif_link = https://impresso-project.ch/api/proxy/iiif/GDL-1889-07-18-a-p0002/942,5457,741,60/full/0/default.jpg
»	O	O	O	O	O	O	_	_	_	_	_	_
patients	O	O	O	O	O	O	_	_	NoSpaceAfter	_	_	_
,	O	O	O	O	O	O	_	_	_	_	_	_
parce	O	O	O	O	O	O	_	_	_	_	_	_
que	O	O	O	O	O	O	_	_	_	_	_	_
nous	O	O	O	O	O	O	_	_	_	_	_	_
avons	O	O	O	O	O	O	_	_	_	_	_	_
l	O	O	O	O	O	O	_	_	NoSpaceAfter	_	_	_
'	O	O	O	O	O	O	_	_	NoSpaceAfter	_	_	_
avenir	O	O	O	O	O	O	_	_	EndOfLine	_	_	_
# segment_iiif_link = https://impresso-project.ch/api/proxy/iiif/GDL-1889-07-18-a-p0002/942,5497,738,60/full/0/default.jpg
»	O	O	O	O	O	O	_	_	_	_	_	_
pour	O	O	O	O	O	O	_	_	_	_	_	_
nous	O	O	O	O	O	O	_	_	NoSpaceAfter	_	_	_
,	O	O	O	O	O	O	_	_	_	_	_	_
d	O	O	O	O	O	O	_	_	NoSpaceAfter	_	_	_
'	O	O	O	O	O	O	_	_	NoSpaceAfter	_	_	_
abord	O	O	O	O	O	O	_	_	NoSpaceAfter	_	_	_
,	O	O	O	O	O	O	_	_	_	_	_	_
et	O	O	O	O	O	O	_	_	_	_	_	_
ensuite	O	O	O	O	O	O	_	_	_	_	_	_
parce	O	O	O	O	O	O	_	_	_	_	_	_
que	O	O	O	O	O	O	_	_	NoSpaceAfter	_	_	_
,	O	O	O	O	O	O	_	_	EndOfLine	_	_	_
# segment_iiif_link = https://impresso-project.ch/api/proxy/iiif/GDL-1889-07-18-a-p0002/942,5537,742,60/full/0/default.jpg
»	O	O	O	O	O	O	_	_	_	_	_	_
malgré	O	O	O	O	O	O	_	_	_	_	_	_
la	O	O	O	O	O	O	_	_	_	_	_	_
mauvaise	O	O	O	O	O	O	_	_	_	_	_	_
humeur	O	O	O	O	O	O	_	_	NoSpaceAfter	_	_	_
,	O	O	O	O	O	O	_	_	_	_	_	_
tu	O	O	O	O	O	O	_	_	_	_	_	_
nous	O	O	O	O	O	O	_	_	EndOfLine	_	_	_
# segment_iiif_link = https://impresso-project.ch/api/proxy/iiif/GDL-1889-07-18-a-p0002/940,5577,741,60/full/0/default.jpg
ap	O	O	O	O	O	O	_	_	NoSpaceAfter	_	_	_
-	O	O	O	O	O	O	_	_	NoSpaceAfter	_	_	_
»	O	O	O	O	O	O	_	_	_	_	_	_
portes	O	O	O	O	O	O	_	_	_	_	_	_
ton	O	O	O	O	O	O	_	_	_	_	_	_
argent	O	O	O	O	O	O	_	_	NoSpaceAfter	_	_	_
,	O	O	O	O	O	O	_	_	_	_	_	_
ô	O	O	O	O	O	O	_	_	_	_	_	_
public	O	O	O	O	O	O	_	_	NoSpaceAfter	_	_	_
,	O	O	O	O	O	O	_	_	_	_	_	_
le	O	O	O	O	O	O	_	_	_	_	_	_
plus	O	O	O	O	O	O	_	_	_	_	_	_
facile	O	O	O	O	O	O	_	_	_	_	_	_
à	O	O	O	O	O	O	_	_	EndOfLine	_	_	_
# segment_iiif_link = https://impresso-project.ch/api/proxy/iiif/GDL-1889-07-18-a-p0002/1748,4418,743,60/full/0/default.jpg
>	O	O	O	O	O	O	_	_	_	_	_	_
gouverner	O	O	O	O	O	O	_	_	_	_	_	_
qu	O	O	O	O	O	O	_	_	NoSpaceAfter	_	_	_
'	O	O	O	O	O	O	_	_	NoSpaceAfter	_	_	_
il	O	O	O	O	O	O	_	_	_	_	_	_
y	O	O	O	O	O	O	_	_	_	_	_	_
ail	O	O	O	O	O	O	_	_	_	_	_	_
au	O	O	O	O	O	O	_	_	_	_	_	_
monde	O	O	O	O	O	O	_	_	NoSpaceAfter	_	_	_
,	O	O	O	O	O	O	_	_	_	_	_	_
quand	O	O	O	O	O	O	_	_	_	_	_	_
on	O	O	O	O	O	O	_	_	EndOfLine	_	_	_
# segment_iiif_link = https://impresso-project.ch/api/proxy/iiif/GDL-1889-07-18-a-p0002/1748,4458,741,60/full/0/default.jpg
>	O	O	O	O	O	O	_	_	_	_	_	_
tient	O	O	O	O	O	O	_	_	_	_	_	_
ferme	O	O	O	O	O	O	_	_	_	_	_	_
contre	O	O	O	O	O	O	_	_	_	_	_	_
le	O	O	O	O	O	O	_	_	_	_	_	_
premier	O	O	O	O	O	O	_	_	_	_	_	_
quart	O	O	O	O	O	O	_	_	_	_	_	_
d	O	O	O	O	O	O	_	_	NoSpaceAfter	_	_	_
'	O	O	O	O	O	O	_	_	NoSpaceAfter	_	_	_
heure	O	O	O	O	O	O	_	_	EndOfLine	_	_	_
# segment_iiif_link = https://impresso-project.ch/api/proxy/iiif/GDL-1889-07-18-a-p0002/1750,4498,353,60/full/0/default.jpg
»	O	O	O	O	O	O	_	_	_	_	_	_
de	O	O	O	O	O	O	_	_	_	_	_	_
ta	O	O	O	O	O	O	_	_	_	_	_	_
résistance	O	O	O	O	O	O	_	_	_	_	_	_
I	O	O	O	O	O	O	_	_	_	_	_	_
>	O	O	O	O	O	O	_	_	EndOfLine	_	_	_
# segment_iiif_link = https://impresso-project.ch/api/proxy/iiif/GDL-1889-07-18-a-p0002/1787,4538,702,60/full/0/default.jpg
—	O	O	O	O	O	O	_	_	_	_	_	_
Mais	O	O	O	O	O	O	_	_	NoSpaceAfter	_	_	_
,	O	O	O	O	O	O	_	_	_	_	_	_
parmi	O	O	O	O	O	O	_	_	_	_	_	_
tous	O	O	O	O	O	O	_	_	_	_	_	_
ces	O	O	O	O	O	O	_	_	_	_	_	_
braves	O	O	O	O	O	O	_	_	_	_	_	_
gens	O	O	O	O	O	O	_	_	NoSpaceAfter	_	_	_
,	O	O	O	O	O	O	_	_	_	_	_	_
n	O	O	O	O	O	O	_	_	NoSpaceAfter	_	_	_
'	O	O	O	O	O	O	_	_	NoSpaceAfter	_	_	_
en	O	O	O	O	O	O	_	_	EndOfLine	_	_	_
# segment_iiif_link = https://impresso-project.ch/api/proxy/iiif/GDL-1889-07-18-a-p0002/1745,4578,745,60/full/0/default.jpg
est	O	O	O	O	O	O	_	_	_	_	_	_
il	O	O	O	O	O	O	_	_	_	_	_	_
pas	O	O	O	O	O	O	_	_	_	_	_	_
qui	O	O	O	O	O	O	_	_	_	_	_	_
prennent	O	O	O	O	O	O	_	_	_	_	_	_
ton	O	O	O	O	O	O	_	_	_	_	_	_
parti	O	O	O	O	O	O	_	_	_	_	_	_
et	O	O	O	O	O	O	_	_	_	_	_	_
celui	O	O	O	O	O	O	_	_	_	_	_	_
de	O	O	O	O	O	O	_	_	_	_	_	_
ton	O	O	O	O	O	O	_	_	EndOfLine	_	_	_
# segment_iiif_link = https://impresso-project.ch/api/proxy/iiif/GDL-1889-07-18-a-p0002/1743,4618,108,60/full/0/default.jpg
école	O	O	O	O	O	O	_	_	_	_	_	_
?	O	O	O	O	O	O	_	_	EndOfLine	EndOfSentence	_	_
# segment_iiif_link = https://impresso-project.ch/api/proxy/iiif/GDL-1889-07-18-a-p0002/1783,4658,707,60/full/0/default.jpg
—	O	O	O	O	O	O	_	_	_	_	_	_
Non	O	O	O	O	O	O	_	_	NoSpaceAfter	_	_	_
,	O	O	O	O	O	O	_	_	_	_	_	_
car	O	O	O	O	O	O	_	_	_	_	_	_
les	O	O	O	O	O	O	_	_	_	_	_	_
journaux	O	O	O	O	O	O	_	_	_	_	_	_
s	O	O	O	O	O	O	_	_	NoSpaceAfter	_	_	_
'	O	O	O	O	O	O	_	_	NoSpaceAfter	_	_	_
entendent	O	O	O	O	O	O	_	_	NoSpaceAfter	_	_	_
,	O	O	O	O	O	O	_	_	EndOfLine	_	_	_
# segment_iiif_link = https://impresso-project.ch/api/proxy/iiif/GDL-1889-07-18-a-p0002/1743,4698,749,60/full/0/default.jpg
presque	O	O	O	O	O	O	_	_	_	_	_	_
sur	O	O	O	O	O	O	_	_	_	_	_	_
tout	O	O	O	O	O	O	_	_	NoSpaceAfter	_	_	_
,	O	O	O	O	O	O	_	_	_	_	_	_
beaucoup	O	O	O	O	O	O	_	_	_	_	_	_
mieux	O	O	O	O	O	O	_	_	_	_	_	_
qu	O	O	O	O	O	O	_	_	NoSpaceAfter	_	_	_
'	O	O	O	O	O	O	_	_	NoSpaceAfter	_	_	_
on	O	O	O	O	O	O	_	_	_	_	_	_
ne	O	O	O	O	O	O	_	_	_	_	_	_
pense	O	O	O	O	O	O	_	_	NoSpaceAfter	_	_	_
.	O	O	O	O	O	O	_	_	EndOfLine	EndOfSentence	_	_
# segment_iiif_link = https://impresso-project.ch/api/proxy/iiif/GDL-1889-07-18-a-p0002/1742,4738,749,60/full/0/default.jpg
Ils	O	O	O	O	O	O	_	_	_	_	_	_
se	O	O	O	O	O	O	_	_	_	_	_	_
séparent	O	O	O	O	O	O	_	_	_	_	_	_
sur	O	O	O	O	O	O	_	_	_	_	_	_
la	O	O	O	O	O	O	_	_	_	_	_	_
politique	O	O	O	O	O	O	_	_	NoSpaceAfter	_	_	_
,	O	O	O	O	O	O	_	_	_	_	_	_
mais	O	O	O	O	O	O	_	_	_	_	_	_
à	O	O	O	O	O	O	_	_	_	_	_	_
la	O	O	O	O	O	O	_	_	_	_	_	_
façon	O	O	O	O	O	O	_	_	EndOfLine	_	_	_
# segment_iiif_link = https://impresso-project.ch/api/proxy/iiif/GDL-1889-07-18-a-p0002/1742,4778,750,60/full/0/default.jpg
des	O	O	O	O	O	O	_	_	_	_	_	_
abeilles	O	O	O	O	O	O	_	_	_	_	_	_
qui	O	O	O	O	O	O	_	_	_	_	_	_
s	O	O	O	O	O	O	_	_	NoSpaceAfter	_	_	_
'	O	O	O	O	O	O	_	_	NoSpaceAfter	_	_	_
éparpillent	O	O	O	O	O	O	_	_	_	_	_	_
sur	O	O	O	O	O	O	_	_	_	_	_	_
des	O	O	O	O	O	O	_	_	_	_	_	_
arbustes	O	O	O	O	O	O	_	_	EndOfLine	_	_	_
# segment_iiif_link = https://impresso-project.ch/api/proxy/iiif/GDL-1889-07-18-a-p0002/1742,4818,748,60/full/0/default.jpg
différents	O	O	O	O	O	O	_	_	NoSpaceAfter	_	_	_
,	O	O	O	O	O	O	_	_	_	_	_	_
comprenant	O	O	O	O	O	O	_	_	_	_	_	_
qu	O	O	O	O	O	O	_	_	NoSpaceAfter	_	_	_
'	O	O	O	O	O	O	_	_	NoSpaceAfter	_	_	_
à	O	O	O	O	O	O	_	_	_	_	_	_
vouloir	O	O	O	O	O	O	_	_	_	_	_	_
butiner	O	O	O	O	O	O	_	_	_	_	_	_
la	O	O	O	O	O	O	_	_	EndOfLine	_	_	_
# segment_iiif_link = https://impresso-project.ch/api/proxy/iiif/GDL-1889-07-18-a-p0002/1742,4858,748,60/full/0/default.jpg
môme	O	O	O	O	O	O	_	_	_	_	_	_
plante	O	O	O	O	O	O	_	_	NoSpaceAfter	_	_	_
,	O	O	O	O	O	O	_	_	_	_	_	_
elles	O	O	O	O	O	O	_	_	_	_	_	_
périraient	O	O	O	O	O	O	_	_	_	_	_	_
de	O	O	O	O	O	O	_	_	_	_	_	_
faim	O	O	O	O	O	O	_	_	NoSpaceAfter	_	_	_
.	O	O	O	O	O	O	_	_	EndOfLine	EndOfSentence	_	_
# segment_iiif_link = https://impresso-project.ch/api/proxy/iiif/GDL-1889-07-18-a-p0002/1742,4898,748,60/full/0/default.jpg
Rentrées	O	O	O	O	O	O	_	_	_	_	_	_
à	O	O	O	O	O	O	_	_	_	_	_	_
la	O	O	O	O	O	O	_	_	_	_	_	_
ruche	O	O	O	O	O	O	_	_	NoSpaceAfter	_	_	_
,	O	O	O	O	O	O	_	_	_	_	_	_
elles	O	O	O	O	O	O	_	_	_	_	_	_
suivent	O	O	O	O	O	O	_	_	_	_	_	_
toutes	O	O	O	O	O	O	_	_	_	_	_	_
le	O	O	O	O	O	O	_	_	_	_	_	_
môme	O	O	O	O	O	O	_	_	EndOfLine	_	_	_
# segment_iiif_link = https://impresso-project.ch/api/proxy/iiif/GDL-1889-07-18-a-p0002/1742,4938,748,60/full/0/default.jpg
dessin	O	O	O	O	O	O	_	_	_	_	_	_
dans	O	O	O	O	O	O	_	_	_	_	_	_
leurs	O	O	O	O	O	O	_	_	_	_	_	_
alvéoles	O	O	O	O	O	O	_	_	NoSpaceAfter	_	_	_
.	O	O	O	O	O	O	_	_	_	EndOfSentence	_	_
D	O	O	O	O	O	O	_	_	NoSpaceAfter	_	_	_
'	O	O	O	O	O	O	_	_	NoSpaceAfter	_	_	_
ailleurs	O	O	O	O	O	O	_	_	NoSpaceAfter	_	_	_
,	O	O	O	O	O	O	_	_	_	_	_	_
pour	O	O	O	O	O	O	_	_	_	_	_	_
les	O	O	O	O	O	O	_	_	EndOfLine	_	_	_
# segment_iiif_link = https://impresso-project.ch/api/proxy/iiif/GDL-1889-07-18-a-p0002/1740,4978,745,60/full/0/default.jpg
indépendants	O	O	O	O	O	O	_	_	_	_	_	_
comme	O	O	O	O	O	O	_	_	_	_	_	_
moi	O	O	O	O	O	O	_	_	NoSpaceAfter	_	_	_
,	O	O	O	O	O	O	_	_	_	_	_	_
les	O	O	O	O	O	O	_	_	_	_	_	_
journaux	O	O	O	O	O	O	_	_	EndOfLine	_	_	_
# segment_iiif_link = https://impresso-project.ch/api/proxy/iiif/GDL-1889-07-18-a-p0002/1742,5018,746,60/full/0/default.jpg
gardent	O	O	O	O	O	O	_	_	_	_	_	_
toujours	O	O	O	O	O	O	_	_	_	_	_	_
une	O	O	O	O	O	O	_	_	_	_	_	_
petite	O	O	O	O	O	O	_	_	_	_	_	_
rancune	O	O	O	O	O	O	_	_	NoSpaceAfter	_	_	_
.	O	O	O	O	O	O	_	_	_	EndOfSentence	_	_
Ils	O	O	O	O	O	O	_	_	_	_	_	_
aiment	O	O	O	O	O	O	_	_	_	_	_	_
à	O	O	O	O	O	O	_	_	EndOfLine	_	_	_
# segment_iiif_link = https://impresso-project.ch/api/proxy/iiif/GDL-1889-07-18-a-p0002/1740,5058,748,60/full/0/default.jpg
se	O	O	O	O	O	O	_	_	_	_	_	_
venger	O	O	O	O	O	O	_	_	_	_	_	_
en	O	O	O	O	O	O	_	_	_	_	_	_
nous	O	O	O	O	O	O	_	_	_	_	_	_
montrant	O	O	O	O	O	O	_	_	NoSpaceAfter	_	_	_
,	O	O	O	O	O	O	_	_	_	_	_	_
comme	O	O	O	O	O	O	_	_	_	_	_	_
dit	O	O	O	O	O	O	_	_	EndOfLine	_	_	_
# segment_iiif_link = https://impresso-project.ch/api/proxy/iiif/GDL-1889-07-18-a-p0002/1738,5098,752,60/full/0/default.jpg
Bossuet	O	O	O	O	O	O	_	_	NoSpaceAfter	_	_	_
,	O	O	O	O	O	O	_	_	_	_	_	_
que	O	O	O	O	O	O	_	_	NoSpaceAfter	_	_	_
,	O	O	O	O	O	O	_	_	_	_	_	_
pour	O	O	O	O	O	O	_	_	_	_	_	_
être	O	O	O	O	O	O	_	_	_	_	_	_
assis	O	O	O	O	O	O	_	_	_	_	_	_
sur	O	O	O	O	O	O	_	_	_	_	_	_
un	O	O	O	O	O	O	_	_	_	_	_	_
trône	O	O	O	O	O	O	_	_	NoSpaceAfter	_	_	_
,	O	O	O	O	O	O	_	_	_	_	_	_
nous	O	O	O	O	O	O	_	_	EndOfLine	_	_	_
# segment_iiif_link = https://impresso-project.ch/api/proxy/iiif/GDL-1889-07-18-a-p0002/1738,5138,752,60/full/0/default.jpg
n	O	O	O	O	O	O	_	_	NoSpaceAfter	_	_	_
'	O	O	O	O	O	O	_	_	NoSpaceAfter	_	_	_
en	O	O	O	O	O	O	_	_	_	_	_	_
sommes	O	O	O	O	O	O	_	_	_	_	_	_
pas	O	O	O	O	O	O	_	_	_	_	_	_
moins	O	O	O	O	O	O	_	_	_	_	_	_
sous	O	O	O	O	O	O	_	_	_	_	_	_
leur	O	O	O	O	O	O	_	_	_	_	_	_
main	O	O	O	O	O	O	_	_	_	_	_	_
et	O	O	O	O	O	O	_	_	_	_	_	_
sous	O	O	O	O	O	O	_	_	EndOfLine	_	_	_
# segment_iiif_link = https://impresso-project.ch/api/proxy/iiif/GDL-1889-07-18-a-p0002/1738,5178,749,60/full/0/default.jpg
leur	O	O	O	O	O	O	_	_	_	_	_	_
autorité	O	O	O	O	O	O	_	_	_	_	_	_
suprême	O	O	O	O	O	O	_	_	_	_	_	_
:	O	O	O	O	O	O	_	_	_	_	_	_
Et	O	O	O	O	O	O	_	_	_	_	_	_
nunc	O	O	O	O	O	O	_	_	NoSpaceAfter	_	_	_
,	O	O	O	O	O	O	_	_	_	_	_	_
reges	O	O	O	O	O	O	_	_	NoSpaceAfter	_	_	_
,	O	O	O	O	O	O	_	_	EndOfLine	_	_	_
# segment_iiif_link = https://impresso-project.ch/api/proxy/iiif/GDL-1889-07-18-a-p0002/1738,5218,748,60/full/0/default.jpg
intelligite	O	O	O	O	O	O	_	_	NoSpaceAfter	_	_	_
.	O	O	O	O	O	O	_	_	_	EndOfSentence	_	_
Traduction	O	O	O	O	O	O	_	_	_	_	_	_
:	O	O	O	O	O	O	_	_	_	_	_	_
Le	O	O	O	O	O	O	_	_	_	_	_	_
pauvre	O	O	O	O	O	O	_	_	_	_	_	_
Godefroid	O	O	O	O	O	O	_	_	_	_	_	_
ne	O	O	O	O	O	O	_	_	EndOfLine	_	_	_
# segment_iiif_link = https://impresso-project.ch/api/proxy/iiif/GDL-1889-07-18-a-p0002/1737,5258,750,60/full/0/default.jpg
verra	O	O	O	O	O	O	_	_	_	_	_	_
pas	O	O	O	O	O	O	_	_	_	_	_	_
souvent	O	O	O	O	O	O	_	_	_	_	_	_
des	O	O	O	O	O	O	_	_	_	_	_	_
soirées	O	O	O	O	O	O	_	_	_	_	_	_
comme	O	O	O	O	O	O	_	_	_	_	_	_
celle	O	O	O	O	O	O	_	_	EndOfLine	_	_	_
# segment_iiif_link = https://impresso-project.ch/api/proxy/iiif/GDL-1889-07-18-a-p0002/1738,5298,106,60/full/0/default.jpg
d	O	O	O	O	O	O	_	_	NoSpaceAfter	_	_	_
'	O	O	O	O	O	O	_	_	NoSpaceAfter	_	_	_
hier	O	O	O	O	O	O	_	_	NoSpaceAfter	_	_	_
.	O	O	O	O	O	O	_	_	EndOfLine	EndOfSentence	_	_
# segment_iiif_link = https://impresso-project.ch/api/proxy/iiif/GDL-1889-07-18-a-p0002/1777,5340,710,60/full/0/default.jpg
—	O	O	O	O	O	O	_	_	_	_	_	_
Le	O	O	O	O	O	O	_	_	_	_	_	_
diable	O	O	O	O	O	O	_	_	_	_	_	_
m	O	O	O	O	O	O	_	_	NoSpaceAfter	_	_	_
'	O	O	O	O	O	O	_	_	NoSpaceAfter	_	_	_
emporte	O	O	O	O	O	O	_	_	_	_	_	_
si	O	O	O	O	O	O	_	_	_	_	_	_
j	O	O	O	O	O	O	_	_	NoSpaceAfter	_	_	_
'	O	O	O	O	O	O	_	_	NoSpaceAfter	_	_	_
attendais	O	O	O	O	O	O	_	_	_	_	_	_
à	O	O	O	O	O	O	_	_	_	_	_	_
cette	O	O	O	O	O	O	_	_	EndOfLine	_	_	_
# segment_iiif_link = https://impresso-project.ch/api/proxy/iiif/GDL-1889-07-18-a-p0002/1737,5380,754,60/full/0/default.jpg
heure	O	O	O	O	O	O	_	_	_	_	_	_
ton	O	O	O	O	O	O	_	_	_	_	_	_
oraison	O	O	O	O	O	O	_	_	_	_	_	_
funèbre	O	O	O	O	O	O	_	_	_	_	_	_
I	O	O	O	O	O	O	_	_	_	_	_	_
Pessimiste	O	O	O	O	O	O	_	_	NoSpaceAfter	_	_	_
,	O	O	O	O	O	O	_	_	_	_	_	_
va	O	O	O	O	O	O	_	_	_	_	_	_
I	O	O	O	O	O	O	_	_	EndOfLine	_	_	_
# segment_iiif_link = https://impresso-project.ch/api/proxy/iiif/GDL-1889-07-18-a-p0002/1738,5420,515,60/full/0/default.jpg
Que	O	O	O	O	O	O	_	_	_	_	_	_
dirais	O	O	O	O	O	O	_	_	NoSpaceAfter	_	_	_
-	O	O	O	O	O	O	_	_	NoSpaceAfter	_	_	_
tu	O	O	O	O	O	O	_	_	_	_	_	_
donc	O	O	O	O	O	O	_	_	_	_	_	_
à	O	O	O	O	O	O	_	_	_	_	_	_
ma	O	O	O	O	O	O	_	_	_	_	_	_
place	O	O	O	O	O	O	_	_	_	_	_	_
?	O	O	O	O	O	O	_	_	EndOfLine	EndOfSentence	_	_
# segment_iiif_link = https://impresso-project.ch/api/proxy/iiif/GDL-1889-07-18-a-p0002/1778,5460,707,60/full/0/default.jpg
—	O	O	O	O	O	O	_	_	_	_	_	_
Mon	O	O	O	O	O	O	_	_	_	_	_	_
ami	O	O	O	O	O	O	_	_	NoSpaceAfter	_	_	_
,	O	O	O	O	O	O	_	_	_	_	_	_
pardonne	O	O	O	O	O	O	_	_	NoSpaceAfter	_	_	_
-	O	O	O	O	O	O	_	_	NoSpaceAfter	_	_	_
moi	O	O	O	O	O	O	_	_	NoSpaceAfter	_	_	_
.	O	O	O	O	O	O	_	_	_	EndOfSentence	_	_
Je	O	O	O	O	O	O	_	_	_	_	_	_
suis	O	O	O	O	O	O	_	_	_	_	_	_
un	O	O	O	O	O	O	_	_	EndOfLine	_	_	_
# segment_iiif_link = https://impresso-project.ch/api/proxy/iiif/GDL-1889-07-18-a-p0002/1735,5500,750,60/full/0/default.jpg
misérable	O	O	O	O	O	O	_	_	_	_	_	_
égoïste	O	O	O	O	O	O	_	_	NoSpaceAfter	_	_	_
.	O	O	O	O	O	O	_	_	_	EndOfSentence	_	_
Depuis	O	O	O	O	O	O	_	_	_	_	_	_
douze	O	O	O	O	O	O	_	_	_	_	_	_
heures	O	O	O	O	O	O	_	_	_	_	_	_
tu	O	O	O	O	O	O	_	_	_	_	_	_
ne	O	O	O	O	O	O	_	_	EndOfLine	_	_	_
# segment_iiif_link = https://impresso-project.ch/api/proxy/iiif/GDL-1889-07-18-a-p0002/1737,5540,746,60/full/0/default.jpg
m	O	O	O	O	O	O	_	_	NoSpaceAfter	_	_	_
'	O	O	O	O	O	O	_	_	NoSpaceAfter	_	_	_
entends	O	O	O	O	O	O	_	_	_	_	_	_
parler	O	O	O	O	O	O	_	_	_	_	_	_
que	O	O	O	O	O	O	_	_	_	_	_	_
de	O	O	O	O	O	O	_	_	_	_	_	_
ce	O	O	O	O	O	O	_	_	_	_	_	_
qui	O	O	O	O	O	O	_	_	_	_	_	_
m	O	O	O	O	O	O	_	_	NoSpaceAfter	_	_	_
'	O	O	O	O	O	O	_	_	NoSpaceAfter	_	_	_
intéresse	O	O	O	O	O	O	_	_	NoSpaceAfter	_	_	_
,	O	O	O	O	O	O	_	_	EndOfLine	_	_	_
# segment_iiif_link = https://impresso-project.ch/api/proxy/iiif/GDL-1889-07-18-a-p0002/1735,5580,748,60/full/0/default.jpg
me	O	O	O	O	O	O	_	_	_	_	_	_
satisfait	O	O	O	O	O	O	_	_	_	_	_	_
ou	O	O	O	O	O	O	_	_	_	_	_	_
me	O	O	O	O	O	O	_	_	_	_	_	_
désillusionne	O	O	O	O	O	O	_	_	NoSpaceAfter	_	_	_
.	O	O	O	O	O	O	_	_	_	EndOfSentence	_	_
C	O	O	O	O	O	O	_	_	NoSpaceAfter	_	_	_
'	O	O	O	O	O	O	_	_	NoSpaceAfter	_	_	_
est	O	O	O	O	O	O	_	_	_	_	_	_
que	O	O	O	O	O	O	_	_	NoSpaceAfter	_	_	_
,	O	O	O	O	O	O	_	_	EndOfLine	_	_	_
# segment_iiif_link = https://impresso-project.ch/api/proxy/iiif/GDL-1889-07-18-a-p0002/2548,4418,742,60/full/0/default.jpg
vois	O	O	O	O	O	O	_	_	NoSpaceAfter	_	_	_
-	O	O	O	O	O	O	_	_	NoSpaceAfter	_	_	_
tu	O	O	O	O	O	O	_	_	NoSpaceAfter	_	_	_
,	O	O	O	O	O	O	_	_	_	_	_	_
je	O	O	O	O	O	O	_	_	_	_	_	_
ne	O	O	O	O	O	O	_	_	_	_	_	_
suis	O	O	O	O	O	O	_	_	_	_	_	_
pas	O	O	O	O	O	O	_	_	_	_	_	_
encore	O	O	O	O	O	O	_	_	_	_	_	_
fait	O	O	O	O	O	O	_	_	_	_	_	_
à	O	O	O	O	O	O	_	_	_	_	_	_
l	O	O	O	O	O	O	_	_	NoSpaceAfter	_	_	_
'	O	O	O	O	O	O	_	_	NoSpaceAfter	_	_	_
idée	O	O	O	O	O	O	_	_	_	_	_	_
que	O	O	O	O	O	O	_	_	EndOfLine	_	_	_
# segment_iiif_link = https://impresso-project.ch/api/proxy/iiif/GDL-1889-07-18-a-p0002/2547,4458,745,60/full/0/default.jpg
mon	O	O	O	O	O	O	_	_	_	_	_	_
succès	O	O	O	O	O	O	_	_	_	_	_	_
n	O	O	O	O	O	O	_	_	NoSpaceAfter	_	_	_
'	O	O	O	O	O	O	_	_	NoSpaceAfter	_	_	_
est	O	O	O	O	O	O	_	_	_	_	_	_
pas	O	O	O	O	O	O	_	_	_	_	_	_
ton	O	O	O	O	O	O	_	_	_	_	_	_
succès	O	O	O	O	O	O	_	_	NoSpaceAfter	_	_	_
,	O	O	O	O	O	O	_	_	_	_	_	_
que	O	O	O	O	O	O	_	_	_	_	_	_
mon	O	O	O	O	O	O	_	_	_	_	_	_
gain	O	O	O	O	O	O	_	_	EndOfLine	_	_	_
# segment_iiif_link = https://impresso-project.ch/api/proxy/iiif/GDL-1889-07-18-a-p0002/2547,4498,745,60/full/0/default.jpg
n	O	O	O	O	O	O	_	_	NoSpaceAfter	_	_	_
'	O	O	O	O	O	O	_	_	NoSpaceAfter	_	_	_
est	O	O	O	O	O	O	_	_	_	_	_	_
pas	O	O	O	O	O	O	_	_	_	_	_	_
ton	O	O	O	O	O	O	_	_	_	_	_	_
gain	O	O	O	O	O	O	_	_	NoSpaceAfter	_	_	_
,	O	O	O	O	O	O	_	_	_	_	_	_
que	O	O	O	O	O	O	_	_	_	_	_	_
tu	O	O	O	O	O	O	_	_	_	_	_	_
travailles	O	O	O	O	O	O	_	_	NoSpaceAfter	_	_	_
,	O	O	O	O	O	O	_	_	_	_	_	_
que	O	O	O	O	O	O	_	_	_	_	_	_
tu	O	O	O	O	O	O	_	_	EndOfLine	_	_	_
# segment_iiif_link = https://impresso-project.ch/api/proxy/iiif/GDL-1889-07-18-a-p0002/2547,4538,743,60/full/0/default.jpg
réussis	O	O	O	O	O	O	_	_	NoSpaceAfter	_	_	_
,	O	O	O	O	O	O	_	_	_	_	_	_
que	O	O	O	O	O	O	_	_	_	_	_	_
tu	O	O	O	O	O	O	_	_	_	_	_	_
échoues	O	O	O	O	O	O	_	_	_	_	_	_
pour	O	O	O	O	O	O	_	_	_	_	_	_
ton	O	O	O	O	O	O	_	_	_	_	_	_
compte	O	O	O	O	O	O	_	_	NoSpaceAfter	_	_	_
.	O	O	O	O	O	O	_	_	_	EndOfSentence	_	_
Ton	O	O	O	O	O	O	_	_	EndOfLine	_	_	_
# segment_iiif_link = https://impresso-project.ch/api/proxy/iiif/GDL-1889-07-18-a-p0002/2545,4578,745,60/full/0/default.jpg
retour	O	O	O	O	O	O	_	_	_	_	_	_
ma	O	O	O	O	O	O	_	_	_	_	_	_
fait	O	O	O	O	O	O	_	_	_	_	_	_
oublier	O	O	O	O	O	O	_	_	_	_	_	_
six	O	O	O	O	O	O	_	_	_	_	_	_
ans	O	O	O	O	O	O	_	_	_	_	_	_
passés	O	O	O	O	O	O	_	_	_	_	_	_
sur	O	O	O	O	O	O	_	_	EndOfLine	_	_	_
# segment_iiif_link = https://impresso-project.ch/api/proxy/iiif/GDL-1889-07-18-a-p0002/2547,4618,743,60/full/0/default.jpg
notre	O	O	O	O	O	O	_	_	_	_	_	_
vie	O	O	O	O	O	O	_	_	_	_	_	_
et	O	O	O	O	O	O	_	_	NoSpaceAfter	_	_	_
,	O	O	O	O	O	O	_	_	_	_	_	_
te	O	O	O	O	O	O	_	_	_	_	_	_
retrouvant	O	O	O	O	O	O	_	_	_	_	_	_
en	O	O	O	O	O	O	_	_	_	_	_	_
face	O	O	O	O	O	O	_	_	_	_	_	_
de	O	O	O	O	O	O	_	_	_	_	_	_
moi	O	O	O	O	O	O	_	_	NoSpaceAfter	_	_	_
,	O	O	O	O	O	O	_	_	_	_	_	_
je	O	O	O	O	O	O	_	_	EndOfLine	_	_	_
# segment_iiif_link = https://impresso-project.ch/api/proxy/iiif/GDL-1889-07-18-a-p0002/2547,4658,743,60/full/0/default.jpg
crois	O	O	O	O	O	O	_	_	_	_	_	_
être	O	O	O	O	O	O	_	_	_	_	_	_
encore	O	O	O	O	O	O	_	_	_	_	_	_
au	O	O	O	O	O	O	_	_	_	_	_	_
temps	O	O	O	O	O	O	_	_	_	_	_	_
où	O	O	O	O	O	O	_	_	_	_	_	_
ma	O	O	O	O	O	O	_	_	_	_	_	_
pensée	O	O	O	O	O	O	_	_	EndOfLine	_	_	_
# segment_iiif_link = https://impresso-project.ch/api/proxy/iiif/GDL-1889-07-18-a-p0002/2545,4698,625,60/full/0/default.jpg
disait	O	O	O	O	O	O	_	_	_	_	_	_
nous	O	O	O	O	O	O	_	_	NoSpaceAfter	_	_	_
,	O	O	O	O	O	O	_	_	_	_	_	_
quand	O	O	O	O	O	O	_	_	_	_	_	_
mes	O	O	O	O	O	O	_	_	_	_	_	_
lèvres	O	O	O	O	O	O	_	_	_	_	_	_
disaient	O	O	O	O	O	O	_	_	_	_	_	_
je	O	O	O	O	O	O	_	_	NoSpaceAfter	_	_	_
.	O	O	O	O	O	O	_	_	EndOfLine	EndOfSentence	_	_
# segment_iiif_link = https://impresso-project.ch/api/proxy/iiif/GDL-1889-07-18-a-p0002/2585,4738,703,60/full/0/default.jpg
—	O	O	O	O	O	O	_	_	_	_	_	_
Et	O	O	O	O	O	O	_	_	_	_	_	_
moi	O	O	O	O	O	O	_	_	_	_	_	_
donc	O	O	O	O	O	O	_	_	_	_	_	_
?	O	O	O	O	O	O	_	_	_	EndOfSentence	_	_
M	O	O	O	O	O	O	_	_	NoSpaceAfter	_	_	_
'	O	O	O	O	O	O	_	_	NoSpaceAfter	_	_	_
a	O	O	O	O	O	O	_	_	NoSpaceAfter	_	_	_
-	O	O	O	O	O	O	_	_	NoSpaceAfter	_	_	_
t	O	O	O	O	O	O	_	_	NoSpaceAfter	_	_	_
-	O	O	O	O	O	O	_	_	NoSpaceAfter	_	_	_
il	O	O	O	O	O	O	_	_	_	_	_	_
fallu	O	O	O	O	O	O	_	_	_	_	_	_
si	O	O	O	O	O	O	_	_	_	_	_	_
longtemps	O	O	O	O	O	O	_	_	EndOfLine	_	_	_
# segment_iiif_link = https://impresso-project.ch/api/proxy/iiif/GDL-1889-07-18-a-p0002/2545,4778,743,60/full/0/default.jpg
pour	O	O	O	O	O	O	_	_	_	_	_	_
revenir	O	O	O	O	O	O	_	_	_	_	_	_
à	O	O	O	O	O	O	_	_	_	_	_	_
mes	O	O	O	O	O	O	_	_	_	_	_	_
bonnes	O	O	O	O	O	O	_	_	_	_	_	_
habitudes	O	O	O	O	O	O	_	_	_	_	_	_
de	O	O	O	O	O	O	_	_	EndOfLine	_	_	_
# segment_iiif_link = https://impresso-project.ch/api/proxy/iiif/GDL-1889-07-18-a-p0002/2543,4818,747,60/full/0/default.jpg
manger	O	O	O	O	O	O	_	_	_	_	_	_
ton	O	O	O	O	O	O	_	_	_	_	_	_
pain	O	O	O	O	O	O	_	_	_	_	_	_
et	O	O	O	O	O	O	_	_	_	_	_	_
de	O	O	O	O	O	O	_	_	_	_	_	_
dormir	O	O	O	O	O	O	_	_	_	_	_	_
sous	O	O	O	O	O	O	_	_	_	_	_	_
toa	O	O	O	O	O	O	_	_	_	_	_	_
toit	O	O	O	O	O	O	_	_	_	_	_	_
?	O	O	O	O	O	O	_	_	_	EndOfSentence	_	_
Mo	O	O	O	O	O	O	_	_	_	_	_	_
ne	O	O	O	O	O	O	_	_	EndOfLine	_	_	_
# segment_iiif_link = https://impresso-project.ch/api/proxy/iiif/GDL-1889-07-18-a-p0002/2545,4858,743,60/full/0/default.jpg
quand	O	O	O	O	O	O	_	_	_	_	_	_
je	O	O	O	O	O	O	_	_	_	_	_	_
suis	O	O	O	O	O	O	_	_	_	_	_	_
parti	O	O	O	O	O	O	_	_	_	_	_	_
pour	O	O	O	O	O	O	_	_	_	_	_	_
aller	O	O	O	O	O	O	_	_	_	_	_	_
tenter	O	O	O	O	O	O	_	_	_	_	_	_
fortune	O	O	O	O	O	O	_	_	NoSpaceAfter	_	_	_
,	O	O	O	O	O	O	_	_	EndOfLine	_	_	_
# segment_iiif_link = https://impresso-project.ch/api/proxy/iiif/GDL-1889-07-18-a-p0002/2545,4898,743,60/full/0/default.jpg
c	O	O	O	O	O	O	_	_	NoSpaceAfter	_	_	_
'	O	O	O	O	O	O	_	_	NoSpaceAfter	_	_	_
était	O	O	O	O	O	O	_	_	_	_	_	_
avec	O	O	O	O	O	O	_	_	_	_	_	_
ton	O	O	O	O	O	O	_	_	_	_	_	_
argent	O	O	O	O	O	O	_	_	NoSpaceAfter	_	_	_
.	O	O	O	O	O	O	_	_	_	EndOfSentence	_	_
Au	O	O	O	O	O	O	_	_	_	_	_	_
reste	O	O	O	O	O	O	_	_	NoSpaceAfter	_	_	_
,	O	O	O	O	O	O	_	_	_	_	_	_
rassure	O	O	O	O	O	O	_	_	NoSpaceAfter	_	_	_
-	O	O	O	O	O	O	_	_	NoSpaceAfter	_	_	_
toi	O	O	O	O	O	O	_	_	NoSpaceAfter	_	_	_
,	O	O	O	O	O	O	_	_	EndOfLine	_	_	_
# segment_iiif_link = https://impresso-project.ch/api/proxy/iiif/GDL-1889-07-18-a-p0002/2542,4938,748,60/full/0/default.jpg
je	O	O	O	O	O	O	_	_	_	_	_	_
le	O	O	O	O	O	O	_	_	_	_	_	_
rapporte	O	O	O	O	O	O	_	_	NoSpaceAfter	_	_	_
,	O	O	O	O	O	O	_	_	_	_	_	_
mais	O	O	O	O	O	O	_	_	NoSpaceAfter	_	_	_
,	O	O	O	O	O	O	_	_	_	_	_	_
par	O	O	O	O	O	O	_	_	_	_	_	_
exemple	O	O	O	O	O	O	_	_	NoSpaceAfter	_	_	_
,	O	O	O	O	O	O	_	_	_	_	_	_
je	O	O	O	O	O	O	_	_	_	_	_	_
le	O	O	O	O	O	O	_	_	EndOfLine	_	_	_
# segment_iiif_link = https://impresso-project.ch/api/proxy/iiif/GDL-1889-07-18-a-p0002/2543,4978,747,60/full/0/default.jpg
rapporte	O	O	O	O	O	O	_	_	_	_	_	_
tel	O	O	O	O	O	O	_	_	_	_	_	_
que	O	O	O	O	O	O	_	_	_	_	_	_
tu	O	O	O	O	O	O	_	_	_	_	_	_
me	O	O	O	O	O	O	_	_	_	_	_	_
l	O	O	O	O	O	O	_	_	NoSpaceAfter	_	_	_
'	O	O	O	O	O	O	_	_	NoSpaceAfter	_	_	_
as	O	O	O	O	O	O	_	_	_	_	_	_
donné	O	O	O	O	O	O	_	_	NoSpaceAfter	_	_	_
,	O	O	O	O	O	O	_	_	_	_	_	_
sans	O	O	O	O	O	O	_	_	_	_	_	_
la	O	O	O	O	O	O	_	_	EndOfLine	_	_	_
# segment_iiif_link = https://impresso-project.ch/api/proxy/iiif/GDL-1889-07-18-a-p0002/2543,5018,470,60/full/0/default.jpg
moindre	O	O	O	O	O	O	_	_	_	_	_	_
augmentation	O	O	O	O	O	O	_	_	_	_	_	_
de	O	O	O	O	O	O	_	_	_	_	_	_
volume	O	O	O	O	O	O	_	_	NoSpaceAfter	_	_	_
.	O	O	O	O	O	O	_	_	EndOfLine	EndOfSentence	_	_
# segment_iiif_link = https://impresso-project.ch/api/proxy/iiif/GDL-1889-07-18-a-p0002/2583,5058,640,60/full/0/default.jpg
—	O	O	O	O	O	O	_	_	_	_	_	_
J	O	O	O	O	O	O	_	_	NoSpaceAfter	_	_	_
'	O	O	O	O	O	O	_	_	NoSpaceAfter	_	_	_
espérais	O	O	O	O	O	O	_	_	_	_	_	_
tant	O	O	O	O	O	O	_	_	_	_	_	_
te	O	O	O	O	O	O	_	_	_	_	_	_
voir	O	O	O	O	O	O	_	_	_	_	_	_
riche	O	O	O	O	O	O	_	_	_	_	_	_
un	O	O	O	O	O	O	_	_	_	_	_	_
jour	O	O	O	O	O	O	_	_	_	_	_	_
I	O	O	O	O	O	O	_	_	EndOfLine	_	_	_
# segment_iiif_link = https://impresso-project.ch/api/proxy/iiif/GDL-1889-07-18-a-p0002/2583,5098,708,60/full/0/default.jpg
—	O	O	O	O	O	O	_	_	_	_	_	_
Un	O	O	O	O	O	O	_	_	_	_	_	_
O	O	O	O	O	O	O	_	_	NoSpaceAfter	_	_	_
'	O	O	O	O	O	O	_	_	NoSpaceAfter	_	_	_
Farrell	O	O	O	O	O	O	_	_	_	_	_	_
riche	O	O	O	O	O	O	_	_	_	_	_	_
I	O	O	O	O	O	O	_	_	_	_	_	_
Tu	O	O	O	O	O	O	_	_	_	_	_	_
es	O	O	O	O	O	O	_	_	_	_	_	_
fou	O	O	O	O	O	O	_	_	_	_	_	_
1	O	O	O	O	O	O	_	_	_	_	_	_
La	O	O	O	O	O	O	_	_	_	_	_	_
for	O	O	O	O	O	O	_	_	EndOfLine	_	_	_
# segment_iiif_link = https://impresso-project.ch/api/proxy/iiif/GDL-1889-07-18-a-p0002/2543,5138,747,60/full/0/default.jpg
tune	O	O	O	O	O	O	_	_	_	_	_	_
chez	O	O	O	O	O	O	_	_	_	_	_	_
nous	O	O	O	O	O	O	_	_	_	_	_	_
est	O	O	O	O	O	O	_	_	_	_	_	_
comme	O	O	O	O	O	O	_	_	_	_	_	_
la	O	O	O	O	O	O	_	_	_	_	_	_
probité	O	O	O	O	O	O	_	_	_	_	_	_
chez	O	O	O	O	O	O	_	_	_	_	_	_
les	O	O	O	O	O	O	_	_	EndOfLine	_	_	_
# segment_iiif_link = https://impresso-project.ch/api/proxy/iiif/GDL-1889-07-18-a-p0002/2543,5178,745,60/full/0/default.jpg
coquins	O	O	O	O	O	O	_	_	_	_	_	_
:	O	O	O	O	O	O	_	_	_	_	_	_
une	O	O	O	O	O	O	_	_	_	_	_	_
exception	O	O	O	O	O	O	_	_	_	_	_	_
jamais	O	O	O	O	O	O	_	_	_	_	_	_
durable	O	O	O	O	O	O	_	_	NoSpaceAfter	_	_	_
.	O	O	O	O	O	O	_	_	EndOfLine	EndOfSentence	_	_
# segment_iiif_link = https://impresso-project.ch/api/proxy/iiif/GDL-1889-07-18-a-p0002/2543,5218,745,60/full/0/default.jpg
Maintes	O	O	O	O	O	O	_	_	_	_	_	_
fois	O	O	O	O	O	O	_	_	NoSpaceAfter	_	_	_
,	O	O	O	O	O	O	_	_	_	_	_	_
depuis	O	O	O	O	O	O	_	_	_	_	_	_
le	O	O	O	O	O	O	_	_	_	_	_	_
jour	O	O	O	O	O	O	_	_	_	_	_	_
où	O	O	O	O	O	O	_	_	_	_	_	_
mon	O	O	O	O	O	O	_	_	_	_	_	_
ancêtre	O	O	O	O	O	O	_	_	_	_	_	_
a	O	O	O	O	O	O	_	_	_	_	_	_
suivi	O	O	O	O	O	O	_	_	EndOfLine	_	_	_
# segment_iiif_link = https://impresso-project.ch/api/proxy/iiif/GDL-1889-07-18-a-p0002/2542,5258,745,60/full/0/default.jpg
Jaques	O	O	O	O	O	O	_	_	_	_	_	_
II	O	O	O	O	O	O	_	_	_	_	_	_
dans	O	O	O	O	O	O	_	_	_	_	_	_
la	O	O	O	O	O	O	_	_	_	_	_	_
belle	O	O	O	O	O	O	_	_	_	_	_	_
France	O	O	O	O	O	O	_	_	NoSpaceAfter	_	_	_
,	O	O	O	O	O	O	_	_	_	_	_	_
la	O	O	O	O	O	O	_	_	_	_	_	_
queue	O	O	O	O	O	O	_	_	_	_	_	_
du	O	O	O	O	O	O	_	_	EndOfLine	_	_	_
# segment_iiif_link = https://impresso-project.ch/api/proxy/iiif/GDL-1889-07-18-a-p0002/2542,5298,745,60/full/0/default.jpg
diable	O	O	O	O	O	O	_	_	_	_	_	_
a	O	O	O	O	O	O	_	_	_	_	_	_
pris	O	O	O	O	O	O	_	_	_	_	_	_
des	O	O	O	O	O	O	_	_	_	_	_	_
allongements	O	O	O	O	O	O	_	_	_	_	_	_
insolites	O	O	O	O	O	O	_	_	NoSpaceAfter	_	_	_
.	O	O	O	O	O	O	_	_	_	EndOfSentence	_	_
Et	O	O	O	O	O	O	_	_	NoSpaceAfter	_	_	_
,	O	O	O	O	O	O	_	_	EndOfLine	_	_	_
# segment_iiif_link = https://impresso-project.ch/api/proxy/iiif/GDL-1889-07-18-a-p0002/2542,5338,745,60/full/0/default.jpg
pour	O	O	O	O	O	O	_	_	_	_	_	_
mon	O	O	O	O	O	O	_	_	_	_	_	_
compte	O	O	O	O	O	O	_	_	_	_	_	_
personnel	O	O	O	O	O	O	_	_	NoSpaceAfter	_	_	_
,	O	O	O	O	O	O	_	_	_	_	_	_
je	O	O	O	O	O	O	_	_	_	_	_	_
peux	O	O	O	O	O	O	_	_	_	_	_	_
me	O	O	O	O	O	O	_	_	EndOfLine	_	_	_
# segment_iiif_link = https://impresso-project.ch/api/proxy/iiif/GDL-1889-07-18-a-p0002/2543,5378,739,60/full/0/default.jpg
vanter	O	O	O	O	O	O	_	_	_	_	_	_
de	O	O	O	O	O	O	_	_	_	_	_	_
l	O	O	O	O	O	O	_	_	NoSpaceAfter	_	_	_
'	O	O	O	O	O	O	_	_	NoSpaceAfter	_	_	_
avoir	O	O	O	O	O	O	_	_	_	_	_	_
augmentée	O	O	O	O	O	O	_	_	_	_	_	_
de	O	O	O	O	O	O	_	_	_	_	_	_
quelques	O	O	O	O	O	O	_	_	_	_	_	_
pouces	O	O	O	O	O	O	_	_	NoSpaceAfter	_	_	_
,	O	O	O	O	O	O	_	_	EndOfLine	_	_	_
# segment_iiif_link = https://impresso-project.ch/api/proxy/iiif/GDL-1889-07-18-a-p0002/2542,5418,613,60/full/0/default.jpg
car	O	O	O	O	O	O	_	_	NoSpaceAfter	_	_	_
,	O	O	O	O	O	O	_	_	_	_	_	_
Dieu	O	O	O	O	O	O	_	_	_	_	_	_
merci	O	O	O	O	O	O	_	_	_	_	_	_
I	O	O	O	O	O	O	_	_	_	_	_	_
j	O	O	O	O	O	O	_	_	NoSpaceAfter	_	_	_
'	O	O	O	O	O	O	_	_	NoSpaceAfter	_	_	_
ai	O	O	O	O	O	O	_	_	_	_	_	_
la	O	O	O	O	O	O	_	_	_	_	_	_
poigee	O	O	O	O	O	O	_	_	_	_	_	_
solide	O	O	O	O	O	O	_	_	NoSpaceAfter	_	_	_
.	O	O	O	O	O	O	_	_	EndOfLine	EndOfSentence	_	_
# segment_iiif_link = https://impresso-project.ch/api/proxy/iiif/GDL-1889-07-18-a-p0002/2580,5460,705,58/full/0/default.jpg
—	O	O	O	O	O	O	_	_	_	_	_	_
Alors	O	O	O	O	O	O	_	_	NoSpaceAfter	_	_	_
,	O	O	O	O	O	O	_	_	_	_	_	_
ta	O	O	O	O	O	O	_	_	_	_	_	_
plantation	O	O	O	O	O	O	_	_	_	_	_	_
du	O	O	O	O	O	O	_	_	_	_	_	_
Cambodge	O	O	O	O	O	O	_	_	_	_	_	_
:	O	O	O	O	O	O	_	_	EndOfLine	_	_	_
# segment_iiif_link = https://impresso-project.ch/api/proxy/iiif/GDL-1889-07-18-a-p0002/2540,5500,253,58/full/0/default.jpg
désastre	O	O	O	O	O	O	_	_	_	_	_	_
complet	O	O	O	O	O	O	_	_	_	_	_	_
?	O	O	O	O	O	O	_	_	EndOfLine	EndOfSentence	_	_
# segment_iiif_link = https://impresso-project.ch/api/proxy/iiif/GDL-1889-07-18-a-p0002/2582,5540,704,58/full/0/default.jpg
—	O	O	O	O	O	O	_	_	_	_	_	_
Oui	O	O	O	O	O	O	_	_	_	_	_	_
et	O	O	O	O	O	O	_	_	_	_	_	_
non	O	O	O	O	O	O	_	_	NoSpaceAfter	_	_	_
.	O	O	O	O	O	O	_	_	_	EndOfSentence	_	_
J	O	O	O	O	O	O	_	_	NoSpaceAfter	_	_	_
'	O	O	O	O	O	O	_	_	NoSpaceAfter	_	_	_
ai	O	O	O	O	O	O	_	_	_	_	_	_
obtenu	O	O	O	O	O	O	_	_	_	_	_	_
des	O	O	O	O	O	O	_	_	_	_	_	_
récoltes	O	O	O	O	O	O	_	_	EndOfLine	_	_	_
# segment_iiif_link = https://impresso-project.ch/api/proxy/iiif/GDL-1889-07-18-a-p0002/2540,5580,747,58/full/0/default.jpg
superbes	O	O	O	O	O	O	_	_	NoSpaceAfter	_	_	_
.	O	O	O	O	O	O	_	_	_	EndOfSentence	_	_
J	O	O	O	O	O	O	_	_	NoSpaceAfter	_	_	_
'	O	O	O	O	O	O	_	_	NoSpaceAfter	_	_	_
avais	O	O	O	O	O	O	_	_	_	_	_	_
des	O	O	O	O	O	O	_	_	_	_	_	_
monceaux	O	O	O	O	O	O	_	_	_	_	_	_
de	O	O	O	O	O	O	_	_	_	_	_	_
café	O	O	O	O	O	O	_	_	NoSpaceAfter	_	_	_
,	O	O	O	O	O	O	_	_	_	_	_	_
des	O	O	O	O	O	O	_	_	EndOfLine	_	_	_
# segment_iiif_link = https://impresso-project.ch/api/proxy/iiif/GDL-1889-07-18-a-p0002/3347,4418,745,60/full/0/default.jpg
montagnes	O	O	O	O	O	O	_	_	_	_	_	_
de	O	O	O	O	O	O	_	_	_	_	_	_
canne	O	O	O	O	O	O	_	_	_	_	_	_
à	O	O	O	O	O	O	_	_	_	_	_	_
sucre	O	O	O	O	O	O	_	_	NoSpaceAfter	_	_	_
.	O	O	O	O	O	O	_	_	_	EndOfSentence	_	_
Quant	O	O	O	O	O	O	_	_	_	_	_	_
au	O	O	O	O	O	O	_	_	_	_	_	_
tabac	O	O	O	O	O	O	_	_	NoSpaceAfter	_	_	_
,	O	O	O	O	O	O	_	_	EndOfLine	_	_	_
# segment_iiif_link = https://impresso-project.ch/api/proxy/iiif/GDL-1889-07-18-a-p0002/3347,4458,743,60/full/0/default.jpg
je	O	O	O	O	O	O	_	_	_	_	_	_
le	O	O	O	O	O	O	_	_	_	_	_	_
mettais	O	O	O	O	O	O	_	_	_	_	_	_
en	O	O	O	O	O	O	_	_	_	_	_	_
meule	O	O	O	O	O	O	_	_	_	_	_	_
comme	O	O	O	O	O	O	_	_	_	_	_	_
du	O	O	O	O	O	O	_	_	_	_	_	_
foin	O	O	O	O	O	O	_	_	NoSpaceAfter	_	_	_
.	O	O	O	O	O	O	_	_	_	EndOfSentence	_	_
On	O	O	O	O	O	O	_	_	EndOfLine	_	_	_
# segment_iiif_link = https://impresso-project.ch/api/proxy/iiif/GDL-1889-07-18-a-p0002/3347,4498,745,60/full/0/default.jpg
peut	O	O	O	O	O	O	_	_	_	_	_	_
vérifier	O	O	O	O	O	O	_	_	_	_	_	_
;	O	O	O	O	O	O	_	_	_	_	_	_
il	O	O	O	O	O	O	_	_	_	_	_	_
n	O	O	O	O	O	O	_	_	NoSpaceAfter	_	_	_
'	O	O	O	O	O	O	_	_	NoSpaceAfter	_	_	_
en	O	O	O	O	O	O	_	_	_	_	_	_
manque	O	O	O	O	O	O	_	_	_	_	_	_
pas	O	O	O	O	O	O	_	_	_	_	_	_
une	O	O	O	O	O	O	_	_	_	_	_	_
feuille	O	O	O	O	O	O	_	_	NoSpaceAfter	_	_	_
.	O	O	O	O	O	O	_	_	EndOfLine	EndOfSentence	_	_
# segment_iiif_link = https://impresso-project.ch/api/proxy/iiif/GDL-1889-07-18-a-p0002/3347,4538,306,60/full/0/default.jpg
Tout	O	O	O	O	O	O	_	_	_	_	_	_
est	O	O	O	O	O	O	_	_	_	_	_	_
encore	O	O	O	O	O	O	_	_	_	_	_	_
là	O	O	O	O	O	O	_	_	NoSpaceAfter	_	_	_
.	O	O	O	O	O	O	_	_	EndOfLine	EndOfSentence	_	_
# segment_iiif_link = https://impresso-project.ch/api/proxy/iiif/GDL-1889-07-18-a-p0002/3385,4578,306,60/full/0/default.jpg
—	O	O	O	O	O	O	_	_	_	_	_	_
Eh	O	O	O	O	O	O	_	_	_	_	_	_
bien	O	O	O	O	O	O	_	_	NoSpaceAfter	_	_	_
,	O	O	O	O	O	O	_	_	_	_	_	_
alors	O	O	O	O	O	O	_	_	_	_	_	_
?	O	O	O	O	O	O	_	_	EndOfLine	EndOfSentence	_	_
# segment_iiif_link = https://impresso-project.ch/api/proxy/iiif/GDL-1889-07-18-a-p0002/3387,4620,704,58/full/0/default.jpg
—	O	O	O	O	O	O	_	_	_	_	_	_
Eh	O	O	O	O	O	O	_	_	_	_	_	_
bien	O	O	O	O	O	O	_	_	_	_	_	_
—	O	O	O	O	O	O	_	_	_	_	_	_
récolter	O	O	O	O	O	O	_	_	_	_	_	_
n	O	O	O	O	O	O	_	_	NoSpaceAfter	_	_	_
'	O	O	O	O	O	O	_	_	NoSpaceAfter	_	_	_
est	O	O	O	O	O	O	_	_	_	_	_	_
rien	O	O	O	O	O	O	_	_	_	_	_	_
si	O	O	O	O	O	O	_	_	_	_	_	_
l	O	O	O	O	O	O	_	_	NoSpaceAfter	_	_	_
'	O	O	O	O	O	O	_	_	NoSpaceAfter	_	_	_
on	O	O	O	O	O	O	_	_	_	_	_	_
ne	O	O	O	O	O	O	_	_	EndOfLine	_	_	_
# segment_iiif_link = https://impresso-project.ch/api/proxy/iiif/GDL-1889-07-18-a-p0002/3345,4660,747,58/full/0/default.jpg
vend	O	O	O	O	O	O	_	_	_	_	_	_
sa	O	O	O	O	O	O	_	_	_	_	_	_
révolte	O	O	O	O	O	O	_	_	NoSpaceAfter	_	_	_
.	O	O	O	O	O	O	_	_	_	EndOfSentence	_	_
Or	O	O	O	O	O	O	_	_	_	_	_	_
c	O	O	O	O	O	O	_	_	NoSpaceAfter	_	_	_
'	O	O	O	O	O	O	_	_	NoSpaceAfter	_	_	_
est	O	O	O	O	O	O	_	_	_	_	_	_
ce	O	O	O	O	O	O	_	_	_	_	_	_
que	O	O	O	O	O	O	_	_	_	_	_	_
je	O	O	O	O	O	O	_	_	_	_	_	_
n	O	O	O	O	O	O	_	_	NoSpaceAfter	_	_	_
'	O	O	O	O	O	O	_	_	NoSpaceAfter	_	_	_
ai	O	O	O	O	O	O	_	_	_	_	_	_
jamais	O	O	O	O	O	O	_	_	EndOfLine	_	_	_
# segment_iiif_link = https://impresso-project.ch/api/proxy/iiif/GDL-1889-07-18-a-p0002/3343,4700,745,58/full/0/default.jpg
pu	O	O	O	O	O	O	_	_	_	_	_	_
faire	O	O	O	O	O	O	_	_	NoSpaceAfter	_	_	_
.	O	O	O	O	O	O	_	_	_	EndOfSentence	_	_
Mes	O	O	O	O	O	O	_	_	_	_	_	_
produits	O	O	O	O	O	O	_	_	_	_	_	_
étaient	O	O	O	O	O	O	_	_	_	_	_	_
aussi	O	O	O	O	O	O	_	_	_	_	_	_
détestables	O	O	O	O	O	O	_	_	EndOfLine	_	_	_
# segment_iiif_link = https://impresso-project.ch/api/proxy/iiif/GDL-1889-07-18-a-p0002/3345,4740,745,58/full/0/default.jpg
qu	O	O	O	O	O	O	_	_	NoSpaceAfter	_	_	_
'	O	O	O	O	O	O	_	_	NoSpaceAfter	_	_	_
abondants	O	O	O	O	O	O	_	_	NoSpaceAfter	_	_	_
.	O	O	O	O	O	O	_	_	_	EndOfSentence	_	_
Mon	O	O	O	O	O	O	_	_	_	_	_	_
café	O	O	O	O	O	O	_	_	_	_	_	_
sentait	O	O	O	O	O	O	_	_	_	_	_	_
le	O	O	O	O	O	O	_	_	_	_	_	_
tabac	O	O	O	O	O	O	_	_	_	_	_	_
;	O	O	O	O	O	O	_	_	_	_	_	_
mon	O	O	O	O	O	O	_	_	EndOfLine	_	_	_
# segment_iiif_link = https://impresso-project.ch/api/proxy/iiif/GDL-1889-07-18-a-p0002/3343,4780,747,58/full/0/default.jpg
tabac	O	O	O	O	O	O	_	_	_	_	_	_
ne	O	O	O	O	O	O	_	_	_	_	_	_
sentait	O	O	O	O	O	O	_	_	_	_	_	_
rien	O	O	O	O	O	O	_	_	_	_	_	_
et	O	O	O	O	O	O	_	_	_	_	_	_
j	O	O	O	O	O	O	_	_	NoSpaceAfter	_	_	_
'	O	O	O	O	O	O	_	_	NoSpaceAfter	_	_	_
étais	O	O	O	O	O	O	_	_	_	_	_	_
obligé	O	O	O	O	O	O	_	_	_	_	_	_
d	O	O	O	O	O	O	_	_	NoSpaceAfter	_	_	_
'	O	O	O	O	O	O	_	_	NoSpaceAfter	_	_	_
en	O	O	O	O	O	O	_	_	_	_	_	_
faire	O	O	O	O	O	O	_	_	EndOfLine	_	_	_
# segment_iiif_link = https://impresso-project.ch/api/proxy/iiif/GDL-1889-07-18-a-p0002/3343,4820,749,58/full/0/default.jpg
venir	O	O	O	O	O	O	_	_	_	_	_	_
de	O	O	O	O	O	O	_	_	_	_	_	_
Paris	O	O	O	O	O	O	_	_	_	_	_	_
pour	O	O	O	O	O	O	_	_	_	_	_	_
mon	O	O	O	O	O	O	_	_	_	_	_	_
usage	O	O	O	O	O	O	_	_	_	_	_	_
personnel	O	O	O	O	O	O	_	_	NoSpaceAfter	_	_	_
.	O	O	O	O	O	O	_	_	EndOfLine	EndOfSentence	_	_
# segment_iiif_link = https://impresso-project.ch/api/proxy/iiif/GDL-1889-07-18-a-p0002/3347,4860,743,58/full/0/default.jpg
Quant	O	O	O	O	O	O	_	_	_	_	_	_
à	O	O	O	O	O	O	_	_	_	_	_	_
ma	O	O	O	O	O	O	_	_	_	_	_	_
canne	O	O	O	O	O	O	_	_	_	_	_	_
à	O	O	O	O	O	O	_	_	_	_	_	_
sucre	O	O	O	O	O	O	_	_	_	_	_	_
:	O	O	O	O	O	O	_	_	_	_	_	_
grosse	O	O	O	O	O	O	_	_	_	_	_	_
comme	O	O	O	O	O	O	_	_	_	_	_	_
le	O	O	O	O	O	O	_	_	EndOfLine	_	_	_
# segment_iiif_link = https://impresso-project.ch/api/proxy/iiif/GDL-1889-07-18-a-p0002/3345,4900,745,58/full/0/default.jpg
bras	O	O	O	O	O	O	_	_	_	_	_	_
et	O	O	O	O	O	O	_	_	_	_	_	_
rendant	O	O	O	O	O	O	_	_	_	_	_	_
du	O	O	O	O	O	O	_	_	_	_	_	_
jus	O	O	O	O	O	O	_	_	_	_	_	_
comme	O	O	O	O	O	O	_	_	_	_	_	_
une	O	O	O	O	O	O	_	_	_	_	_	_
éponge	O	O	O	O	O	O	_	_	NoSpaceAfter	_	_	_
.	O	O	O	O	O	O	_	_	EndOfLine	EndOfSentence	_	_
# segment_iiif_link = https://impresso-project.ch/api/proxy/iiif/GDL-1889-07-18-a-p0002/3343,4940,747,58/full/0/default.jpg
Mais	O	O	O	O	O	O	_	_	_	_	_	_
le	O	O	O	O	O	O	_	_	_	_	_	_
jus	O	O	O	O	O	O	_	_	_	_	_	_
n	O	O	O	O	O	O	_	_	NoSpaceAfter	_	_	_
'	O	O	O	O	O	O	_	_	NoSpaceAfter	_	_	_
était	O	O	O	O	O	O	_	_	_	_	_	_
pas	O	O	O	O	O	O	_	_	_	_	_	_
sucré	O	O	O	O	O	O	_	_	NoSpaceAfter	_	_	_
,	O	O	O	O	O	O	_	_	_	_	_	_
ce	O	O	O	O	O	O	_	_	_	_	_	_
qui	O	O	O	O	O	O	_	_	_	_	_	_
est	O	O	O	O	O	O	_	_	_	_	_	_
un	O	O	O	O	O	O	_	_	EndOfLine	_	_	_
# segment_iiif_link = https://impresso-project.ch/api/proxy/iiif/GDL-1889-07-18-a-p0002/3345,4980,743,58/full/0/default.jpg
grand	O	O	O	O	O	O	_	_	_	_	_	_
défaut	O	O	O	O	O	O	_	_	NoSpaceAfter	_	_	_
,	O	O	O	O	O	O	_	_	_	_	_	_
dans	O	O	O	O	O	O	_	_	_	_	_	_
l	O	O	O	O	O	O	_	_	NoSpaceAfter	_	_	_
'	O	O	O	O	O	O	_	_	NoSpaceAfter	_	_	_
espèce	O	O	O	O	O	O	_	_	NoSpaceAfter	_	_	_
.	O	O	O	O	O	O	_	_	_	EndOfSentence	_	_
Autant	O	O	O	O	O	O	_	_	_	_	_	_
aurait	O	O	O	O	O	O	_	_	_	_	_	_
valu	O	O	O	O	O	O	_	_	EndOfLine	_	_	_
# segment_iiif_link = https://impresso-project.ch/api/proxy/iiif/GDL-1889-07-18-a-p0002/3343,5020,745,58/full/0/default.jpg
distiller	O	O	O	O	O	O	_	_	_	_	_	_
des	O	O	O	O	O	O	_	_	_	_	_	_
épinards	O	O	O	O	O	O	_	_	NoSpaceAfter	_	_	_
.	O	O	O	O	O	O	_	_	_	EndOfSentence	_	_
Il	O	O	O	O	O	O	_	_	_	_	_	_
me	O	O	O	O	O	O	_	_	_	_	_	_
restait	O	O	O	O	O	O	_	_	_	_	_	_
l	O	O	O	O	O	O	_	_	NoSpaceAfter	_	_	_
'	O	O	O	O	O	O	_	_	NoSpaceAfter	_	_	_
indigo	O	O	O	O	O	O	_	_	NoSpaceAfter	_	_	_
,	O	O	O	O	O	O	_	_	EndOfLine	_	_	_
# segment_iiif_link = https://impresso-project.ch/api/proxy/iiif/GDL-1889-07-18-a-p0002/3343,5060,744,58/full/0/default.jpg
dont	O	O	O	O	O	O	_	_	_	_	_	_
j	O	O	O	O	O	O	_	_	NoSpaceAfter	_	_	_
'	O	O	O	O	O	O	_	_	NoSpaceAfter	_	_	_
avais	O	O	O	O	O	O	_	_	_	_	_	_
eu	O	O	O	O	O	O	_	_	_	_	_	_
lieu	O	O	O	O	O	O	_	_	_	_	_	_
d	O	O	O	O	O	O	_	_	NoSpaceAfter	_	_	_
'	O	O	O	O	O	O	_	_	NoSpaceAfter	_	_	_
abord	O	O	O	O	O	O	_	_	_	_	_	_
d	O	O	O	O	O	O	_	_	NoSpaceAfter	_	_	_
'	O	O	O	O	O	O	_	_	NoSpaceAfter	_	_	_
être	O	O	O	O	O	O	_	_	_	_	_	_
satisfait	O	O	O	O	O	O	_	_	NoSpaceAfter	_	_	_
.	O	O	O	O	O	O	_	_	_	EndOfSentence	_	_
Ah	O	O	O	O	O	O	_	_	EndOfLine	_	_	_
# segment_iiif_link = https://impresso-project.ch/api/proxy/iiif/GDL-1889-07-18-a-p0002/3343,5100,744,58/full/0/default.jpg
bien	O	O	O	O	O	O	_	_	NoSpaceAfter	_	_	_
,	O	O	O	O	O	O	_	_	_	_	_	_
oui	O	O	O	O	O	O	_	_	_	_	_	_
I	O	O	O	O	O	O	_	_	_	_	_	_
Tu	O	O	O	O	O	O	_	_	_	_	_	_
ne	O	O	O	O	O	O	_	_	_	_	_	_
le	O	O	O	O	O	O	_	_	_	_	_	_
connais	O	O	O	O	O	O	_	_	_	_	_	_
pas	O	O	O	O	O	O	_	_	NoSpaceAfter	_	_	_
,	O	O	O	O	O	O	_	_	_	_	_	_
toi	O	O	O	O	O	O	_	_	NoSpaceAfter	_	_	_
,	O	O	O	O	O	O	_	_	_	_	_	_
l	O	O	O	O	O	O	_	_	NoSpaceAfter	_	_	_
'	O	O	O	O	O	O	_	_	NoSpaceAfter	_	_	_
indigo	O	O	O	O	O	O	_	_	_	_	_	_
t	O	O	O	O	O	O	_	_	EndOfLine	_	_	_
# segment_iiif_link = https://impresso-project.ch/api/proxy/iiif/GDL-1889-07-18-a-p0002/3342,5140,746,58/full/0/default.jpg
Magnifique	O	O	O	O	O	O	_	_	_	_	_	_
à	O	O	O	O	O	O	_	_	_	_	_	_
l	O	O	O	O	O	O	_	_	NoSpaceAfter	_	_	_
'	O	O	O	O	O	O	_	_	NoSpaceAfter	_	_	_
état	O	O	O	O	O	O	_	_	_	_	_	_
sauvage	O	O	O	O	O	O	_	_	NoSpaceAfter	_	_	_
,	O	O	O	O	O	O	_	_	_	_	_	_
il	O	O	O	O	O	O	_	_	_	_	_	_
est	O	O	O	O	O	O	_	_	_	_	_	_
sujet	O	O	O	O	O	O	_	_	NoSpaceAfter	_	_	_
,	O	O	O	O	O	O	_	_	_	_	_	_
si	O	O	O	O	O	O	_	_	_	_	_	_
l	O	O	O	O	O	O	_	_	NoSpaceAfter	_	_	_
'	O	O	O	O	O	O	_	_	NoSpaceAfter	_	_	_
on	O	O	O	O	O	O	_	_	EndOfLine	_	_	_
# segment_iiif_link = https://impresso-project.ch/api/proxy/iiif/GDL-1889-07-18-a-p0002/3342,5180,748,58/full/0/default.jpg
s	O	O	O	O	O	O	_	_	NoSpaceAfter	_	_	_
'	O	O	O	O	O	O	_	_	NoSpaceAfter	_	_	_
avise	O	O	O	O	O	O	_	_	_	_	_	_
do	O	O	O	O	O	O	_	_	_	_	_	_
le	O	O	O	O	O	O	_	_	_	_	_	_
cultiver	O	O	O	O	O	O	_	_	NoSpaceAfter	_	_	_
,	O	O	O	O	O	O	_	_	_	_	_	_
a	O	O	O	O	O	O	_	_	_	_	_	_
dix	O	O	O	O	O	O	_	_	NoSpaceAfter	_	_	_
-	O	O	O	O	O	O	_	_	NoSpaceAfter	_	_	_
sept	O	O	O	O	O	O	_	_	_	_	_	_
maladies	O	O	O	O	O	O	_	_	NoSpaceAfter	_	_	_
,	O	O	O	O	O	O	_	_	EndOfLine	_	_	_
# segment_iiif_link = https://impresso-project.ch/api/proxy/iiif/GDL-1889-07-18-a-p0002/3343,5220,745,58/full/0/default.jpg
toutes	O	O	O	O	O	O	_	_	_	_	_	_
mortelles	O	O	O	O	O	O	_	_	NoSpaceAfter	_	_	_
.	O	O	O	O	O	O	_	_	_	EndOfSentence	_	_
J	O	O	O	O	O	O	_	_	NoSpaceAfter	_	_	_
'	O	O	O	O	O	O	_	_	NoSpaceAfter	_	_	_
en	O	O	O	O	O	O	_	_	_	_	_	_
étais	O	O	O	O	O	O	_	_	_	_	_	_
la	O	O	O	O	O	O	_	_	NoSpaceAfter	_	_	_
,	O	O	O	O	O	O	_	_	_	_	_	_
un	O	O	O	O	O	O	_	_	_	_	_	_
peu	O	O	O	O	O	O	_	_	_	_	_	_
vexé	O	O	O	O	O	O	_	_	NoSpaceAfter	_	_	_
,	O	O	O	O	O	O	_	_	EndOfLine	_	_	_
# segment_iiif_link = https://impresso-project.ch/api/proxy/iiif/GDL-1889-07-18-a-p0002/3342,5260,748,58/full/0/default.jpg
comme	O	O	O	O	O	O	_	_	_	_	_	_
tu	O	O	O	O	O	O	_	_	_	_	_	_
comprends	O	O	O	O	O	O	_	_	NoSpaceAfter	_	_	_
,	O	O	O	O	O	O	_	_	_	_	_	_
lorsque	O	O	O	O	O	O	_	_	_	_	_	_
j	O	O	O	O	O	O	_	_	NoSpaceAfter	_	_	_
'	O	O	O	O	O	O	_	_	NoSpaceAfter	_	_	_
eus	O	O	O	O	O	O	_	_	_	_	_	_
la	O	O	O	O	O	O	_	_	_	_	_	_
chance	O	O	O	O	O	O	_	_	EndOfLine	_	_	_
# segment_iiif_link = https://impresso-project.ch/api/proxy/iiif/GDL-1889-07-18-a-p0002/3342,5300,743,58/full/0/default.jpg
d	O	O	O	O	O	O	_	_	NoSpaceAfter	_	_	_
'	O	O	O	O	O	O	_	_	NoSpaceAfter	_	_	_
obtenir	O	O	O	O	O	O	_	_	_	_	_	_
de	O	O	O	O	O	O	_	_	_	_	_	_
l	O	O	O	O	O	O	_	_	NoSpaceAfter	_	_	_
'	O	O	O	O	O	O	_	_	NoSpaceAfter	_	_	_
administration	O	O	O	O	O	O	_	_	_	_	_	_
coloniale	O	O	O	O	O	O	_	_	_	_	_	_
une	O	O	O	O	O	O	_	_	EndOfLine	_	_	_
# segment_iiif_link = https://impresso-project.ch/api/proxy/iiif/GDL-1889-07-18-a-p0002/3342,5340,748,58/full/0/default.jpg
prime	O	O	O	O	O	O	_	_	_	_	_	_
d	O	O	O	O	O	O	_	_	NoSpaceAfter	_	_	_
'	O	O	O	O	O	O	_	_	NoSpaceAfter	_	_	_
encouragement	O	O	O	O	O	O	_	_	_	_	_	_
qui	O	O	O	O	O	O	_	_	_	_	_	_
reconstituait	O	O	O	O	O	O	_	_	_	_	_	_
ma	O	O	O	O	O	O	_	_	EndOfLine	_	_	_
# segment_iiif_link = https://impresso-project.ch/api/proxy/iiif/GDL-1889-07-18-a-p0002/3342,5380,747,58/full/0/default.jpg
première	O	O	O	O	O	O	_	_	_	_	_	_
mise	O	O	O	O	O	O	_	_	NoSpaceAfter	_	_	_
.	O	O	O	O	O	O	_	_	_	EndOfSentence	_	_
Inutile	O	O	O	O	O	O	_	_	_	_	_	_
de	O	O	O	O	O	O	_	_	_	_	_	_
te	O	O	O	O	O	O	_	_	_	_	_	_
dire	O	O	O	O	O	O	_	_	_	_	_	_
que	O	O	O	O	O	O	_	_	_	_	_	_
je	O	O	O	O	O	O	_	_	_	_	_	_
n	O	O	O	O	O	O	_	_	NoSpaceAfter	_	_	_
'	O	O	O	O	O	O	_	_	NoSpaceAfter	_	_	_
ai	O	O	O	O	O	O	_	_	EndOfLine	_	_	_
# segment_iiif_link = https://impresso-project.ch/api/proxy/iiif/GDL-1889-07-18-a-p0002/3342,5420,748,58/full/0/default.jpg
fait	O	O	O	O	O	O	_	_	_	_	_	_
qu	O	O	O	O	O	O	_	_	NoSpaceAfter	_	_	_
'	O	O	O	O	O	O	_	_	NoSpaceAfter	_	_	_
un	O	O	O	O	O	O	_	_	_	_	_	_
bond	O	O	O	O	O	O	_	_	_	_	_	_
à	O	O	O	O	O	O	_	_	_	_	_	_
la	O	O	O	O	O	O	_	_	_	_	_	_
caisse	O	O	O	O	O	O	_	_	_	_	_	_
du	O	O	O	O	O	O	_	_	_	_	_	_
trésorier	O	O	O	O	O	O	_	_	_	_	_	_
et	O	O	O	O	O	O	_	_	_	_	_	_
un	O	O	O	O	O	O	_	_	EndOfLine	_	_	_
# segment_iiif_link = https://impresso-project.ch/api/proxy/iiif/GDL-1889-07-18-a-p0002/3342,5460,748,58/full/0/default.jpg
autre	O	O	O	O	O	O	_	_	_	_	_	_
au	O	O	O	O	O	O	_	_	_	_	_	_
ponton	O	O	O	O	O	O	_	_	_	_	_	_
d	O	O	O	O	O	O	_	_	NoSpaceAfter	_	_	_
'	O	O	O	O	O	O	_	_	NoSpaceAfter	_	_	_
embarquement	O	O	O	O	O	O	_	_	_	_	_	_
des	O	O	O	O	O	O	_	_	EndOfLine	_	_	_
# segment_iiif_link = https://impresso-project.ch/api/proxy/iiif/GDL-1889-07-18-a-p0002/3342,5500,278,58/full/0/default.jpg
Messageries	O	O	O	O	O	O	_	_	_	_	_	_
maritimes	O	O	O	O	O	O	_	_	NoSpaceAfter	_	_	_
.	O	O	O	O	O	O	_	_	EndOfLine	EndOfSentence	_	_
# segment_iiif_link = https://impresso-project.ch/api/proxy/iiif/GDL-1889-07-18-a-p0002/3382,5540,710,60/full/0/default.jpg
—	O	O	O	O	O	O	_	_	_	_	_	_
L	O	O	O	O	O	O	_	_	NoSpaceAfter	_	_	_
'	O	O	O	O	O	O	_	_	NoSpaceAfter	_	_	_
administration	O	O	O	O	O	O	_	_	_	_	_	_
coloniale	O	O	O	O	O	O	_	_	_	_	_	_
doit	O	O	O	O	O	O	_	_	_	_	_	_
t	O	O	O	O	O	O	_	_	NoSpaceAfter	_	_	_
'	O	O	O	O	O	O	_	_	NoSpaceAfter	_	_	_
en	O	O	O	O	O	O	_	_	EndOfLine	_	_	_
# segment_iiif_link = https://impresso-project.ch/api/proxy/iiif/GDL-1889-07-18-a-p0002/3343,5580,631,60/full/0/default.jpg
vouloir	O	O	O	O	O	O	_	_	_	_	_	_
un	O	O	O	O	O	O	_	_	_	_	_	_
peu	O	O	O	O	O	O	_	_	_	_	_	_
de	O	O	O	O	O	O	_	_	_	_	_	_
ta	O	O	O	O	O	O	_	_	_	_	_	_
façon	O	O	O	O	O	O	_	_	_	_	_	_
d	O	O	O	O	O	O	_	_	NoSpaceAfter	_	_	_
'	O	O	O	O	O	O	_	_	NoSpaceAfter	_	_	_
employer	O	O	O	O	O	O	_	_	_	_	_	_
ses	O	O	O	O	O	O	_	_	EndOfLine	EndOfSentence	_	_

# language = fr
# newspaper = GDL
# date = 1894-03-01
# document_id = GDL-1894-03-01-a-i0010
# news-agency-as-source = Q2826560
# segment_iiif_link = https://impresso-project.ch/api/proxy/iiif/GDL-1894-03-01-a-p0002/1997,5620,660,87/full/0/default.jpg
IOYELLES	O	O	O	O	O	O	_	_	_	_	_	_
DE	O	O	O	O	O	O	_	_	_	_	_	_
L	O	O	O	O	O	O	_	_	NoSpaceAfter	_	_	_
'	O	O	O	O	O	O	_	_	NoSpaceAfter	_	_	_
ETRÂNGSB	O	O	O	O	O	O	_	_	EndOfLine	_	_	_
# segment_iiif_link = https://impresso-project.ch/api/proxy/iiif/GDL-1894-03-01-a-p0002/2153,5747,294,78/full/0/default.jpg
Au	O	O	O	O	O	O	_	_	_	_	_	_
Reiclistag	O	O	O	O	O	O	_	_	NoSpaceAfter	_	_	_
"	O	O	O	O	O	O	_	_	NoSpaceAfter	_	_	_
,	O	O	O	O	O	O	_	_	EndOfLine	_	_	_
# segment_iiif_link = https://impresso-project.ch/api/proxy/iiif/GDL-1894-03-01-a-p0002/2408,5825,285,58/full/0/default.jpg
Berlin	O	O	O	O	O	O	_	_	NoSpaceAfter	_	_	_
,	O	O	O	O	O	O	_	_	_	_	_	_
27	O	O	O	O	O	O	_	_	_	_	_	_
février	O	O	O	O	O	O	_	_	NoSpaceAfter	_	_	_
.	O	O	O	O	O	O	_	_	EndOfLine	_	_	_
# segment_iiif_link = https://impresso-project.ch/api/proxy/iiif/GDL-1894-03-01-a-p0002/1917,5883,808,60/full/0/default.jpg
Vous	O	O	O	O	O	O	_	_	_	_	_	_
avez	O	O	O	O	O	O	_	_	_	_	_	_
déjà	O	O	O	O	O	O	_	_	_	_	_	_
reçu	O	O	O	O	O	O	_	_	_	_	_	_
une	O	O	O	O	O	O	_	_	_	_	_	_
brève	O	O	O	O	O	O	_	_	_	_	_	_
analyse	O	O	O	O	O	O	_	_	EndOfLine	_	_	_
# segment_iiif_link = https://impresso-project.ch/api/proxy/iiif/GDL-1894-03-01-a-p0002/1875,5927,855,60/full/0/default.jpg
télégraphique	O	O	O	O	O	O	_	_	_	_	_	_
du	O	O	O	O	O	O	_	_	_	_	_	_
discours	O	O	O	O	O	O	_	_	_	_	_	_
prononcé	O	O	O	O	O	O	_	_	_	_	_	_
aujourd	O	O	O	O	O	O	_	_	NoSpaceAfter	_	_	_
'	O	O	O	O	O	O	_	_	NoSpaceAfter	_	_	_
hui	O	O	O	O	O	O	_	_	_	_	_	_
par	O	O	O	O	O	O	_	_	_	_	_	_
le	O	O	O	O	O	O	_	_	EndOfLine	_	_	_
# segment_iiif_link = https://impresso-project.ch/api/proxy/iiif/GDL-1894-03-01-a-p0002/1875,5972,855,60/full/0/default.jpg
chancelier	O	O	O	O	O	O	_	_	NoSpaceAfter	_	_	_
.	O	O	O	O	O	O	_	_	_	_	_	_
Le	O	O	O	O	O	O	_	_	_	_	_	_
comte	O	O	O	O	O	O	_	_	_	_	_	_
Caprivi	O	O	O	O	O	O	_	_	_	_	_	_
était	O	O	O	O	O	O	_	_	_	_	_	_
dans	O	O	O	O	O	O	_	_	_	_	_	_
un	O	O	O	O	O	O	_	_	_	_	_	_
de	O	O	O	O	O	O	_	_	_	_	_	_
ses	O	O	O	O	O	O	_	_	_	_	_	_
bons	O	O	O	O	O	O	_	_	EndOfLine	_	_	_
# segment_iiif_link = https://impresso-project.ch/api/proxy/iiif/GDL-1894-03-01-a-p0002/1873,6015,864,60/full/0/default.jpg
jours	O	O	O	O	O	O	_	_	_	_	_	_
;	O	O	O	O	O	O	_	_	_	_	_	_
son	O	O	O	O	O	O	_	_	_	_	_	_
discours	O	O	O	O	O	O	_	_	_	_	_	_
a	O	O	O	O	O	O	_	_	_	_	_	_
paru	O	O	O	O	O	O	_	_	_	_	_	_
heureusement	O	O	O	O	O	O	_	_	_	_	_	_
inspiré	O	O	O	O	O	O	_	_	NoSpaceAfter	_	_	_
.	O	O	O	O	O	O	_	_	_	_	_	_
Il	O	O	O	O	O	O	_	_	_	_	_	_
a	O	O	O	O	O	O	_	_	EndOfLine	_	_	_
# segment_iiif_link = https://impresso-project.ch/api/proxy/iiif/GDL-1894-03-01-a-p0002/1877,6060,851,58/full/0/default.jpg
épargné	O	O	O	O	O	O	_	_	_	_	_	_
à	O	O	O	O	O	O	_	_	_	_	_	_
son	O	O	O	O	O	O	_	_	_	_	_	_
auditoire	O	O	O	O	O	O	_	_	_	_	_	_
les	O	O	O	O	O	O	_	_	_	_	_	_
détails	O	O	O	O	O	O	_	_	_	_	_	_
faligants	O	O	O	O	O	O	_	_	_	_	_	_
et	O	O	O	O	O	O	_	_	_	_	_	_
s	O	O	O	O	O	O	_	_	NoSpaceAfter	_	_	_
'	O	O	O	O	O	O	_	_	NoSpaceAfter	_	_	_
est	O	O	O	O	O	O	_	_	EndOfLine	_	_	_
# segment_iiif_link = https://impresso-project.ch/api/proxy/iiif/GDL-1894-03-01-a-p0002/1877,6103,851,60/full/0/default.jpg
surtout	O	O	O	O	O	O	_	_	_	_	_	_
occupé	O	O	O	O	O	O	_	_	_	_	_	_
des	O	O	O	O	O	O	_	_	_	_	_	_
conséquences	O	O	O	O	O	O	_	_	_	_	_	_
politiques	O	O	O	O	O	O	_	_	_	_	_	_
du	O	O	O	O	O	O	_	_	_	_	_	_
traité	O	O	O	O	O	O	_	_	EndOfLine	_	_	_
# segment_iiif_link = https://impresso-project.ch/api/proxy/iiif/GDL-1894-03-01-a-p0002/1877,6147,231,60/full/0/default.jpg
avec	O	O	O	O	O	O	_	_	_	_	_	_
la	O	O	O	O	O	O	_	_	_	_	_	_
Russie	O	O	O	O	O	O	_	_	NoSpaceAfter	_	_	_
.	O	O	O	O	O	O	_	_	EndOfLine	_	_	_
# segment_iiif_link = https://impresso-project.ch/api/proxy/iiif/GDL-1894-03-01-a-p0002/1920,6197,812,60/full/0/default.jpg
*	O	O	O	O	O	O	_	_	_	_	_	_
Si	O	O	O	O	O	O	_	_	_	_	_	_
le	O	O	O	O	O	O	_	_	_	_	_	_
Reichstag	O	O	O	O	O	O	_	_	_	_	_	_
rejette	O	O	O	O	O	O	_	_	_	_	_	_
le	O	O	O	O	O	O	_	_	_	_	_	_
traité	O	O	O	O	O	O	_	_	NoSpaceAfter	_	_	_
,	O	O	O	O	O	O	_	_	_	_	_	_
a	O	O	O	O	O	O	_	_	NoSpaceAfter	_	_	_
-	O	O	O	O	O	O	_	_	NoSpaceAfter	_	_	_
t	O	O	O	O	O	O	_	_	NoSpaceAfter	_	_	_
-	O	O	O	O	O	O	_	_	NoSpaceAfter	_	_	_
il	O	O	O	O	O	O	_	_	_	_	_	_
dit	O	O	O	O	O	O	_	_	_	_	_	_
entre	O	O	O	O	O	O	_	_	EndOfLine	_	_	_
# segment_iiif_link = https://impresso-project.ch/api/proxy/iiif/GDL-1894-03-01-a-p0002/1877,6240,851,60/full/0/default.jpg
autres	O	O	O	O	O	O	_	_	NoSpaceAfter	_	_	_
,	O	O	O	O	O	O	_	_	_	_	_	_
nous	O	O	O	O	O	O	_	_	_	_	_	_
retomberons	O	O	O	O	O	O	_	_	_	_	_	_
dans	O	O	O	O	O	O	_	_	_	_	_	_
la	O	O	O	O	O	O	_	_	_	_	_	_
gueire	O	O	O	O	O	O	_	_	_	_	_	_
douanière	O	O	O	O	O	O	_	_	EndOfLine	_	_	_
# segment_iiif_link = https://impresso-project.ch/api/proxy/iiif/GDL-1894-03-01-a-p0002/1875,6285,854,58/full/0/default.jpg
en	O	O	O	O	O	O	_	_	_	_	_	_
permanence	O	O	O	O	O	O	_	_	_	_	_	_
et	O	O	O	O	O	O	_	_	_	_	_	_
il	O	O	O	O	O	O	_	_	_	_	_	_
en	O	O	O	O	O	O	_	_	_	_	_	_
résultera	O	O	O	O	O	O	_	_	_	_	_	_
bientôt	O	O	O	O	O	O	_	_	NoSpaceAfter	_	_	_
,	O	O	O	O	O	O	_	_	_	_	_	_
presque	O	O	O	O	O	O	_	_	EndOfLine	_	_	_
# segment_iiif_link = https://impresso-project.ch/api/proxy/iiif/GDL-1894-03-01-a-p0002/1875,6328,853,60/full/0/default.jpg
imanquablement	O	O	O	O	O	O	_	_	NoSpaceAfter	_	_	_
,	O	O	O	O	O	O	_	_	_	_	_	_
des	O	O	O	O	O	O	_	_	_	_	_	_
incidents	O	O	O	O	O	O	_	_	_	_	_	_
de	O	O	O	O	O	O	_	_	_	_	_	_
frontières	O	O	O	O	O	O	_	_	_	_	_	_
dont	O	O	O	O	O	O	_	_	_	_	_	_
les	O	O	O	O	O	O	_	_	EndOfLine	_	_	_
# segment_iiif_link = https://impresso-project.ch/api/proxy/iiif/GDL-1894-03-01-a-p0002/1875,6372,600,60/full/0/default.jpg
conséquences	O	O	O	O	O	O	_	_	_	_	_	_
seraient	O	O	O	O	O	O	_	_	_	_	_	_
incalculables	O	O	O	O	O	O	_	_	NoSpaceAfter	_	_	_
.	O	O	O	O	O	O	_	_	_	_	_	_
>	O	O	O	O	O	O	_	_	EndOfLine	_	_	_
# segment_iiif_link = https://impresso-project.ch/api/proxy/iiif/GDL-1894-03-01-a-p0002/2827,280,828,58/full/0/default.jpg
En	O	O	O	O	O	O	_	_	_	_	_	_
terminant	O	O	O	O	O	O	_	_	NoSpaceAfter	_	_	_
,	O	O	O	O	O	O	_	_	_	_	_	_
M	O	O	O	O	O	O	_	_	NoSpaceAfter	_	_	_
.	O	O	O	O	O	O	_	_	_	_	_	_
de	O	O	O	O	O	O	_	_	_	_	_	_
Caprivi	O	O	O	O	O	O	_	_	_	_	_	_
a	O	O	O	O	O	O	_	_	_	_	_	_
lu	O	O	O	O	O	O	_	_	_	_	_	_
une	O	O	O	O	O	O	_	_	_	_	_	_
phrase	O	O	O	O	O	O	_	_	_	_	_	_
d	O	O	O	O	O	O	_	_	NoSpaceAfter	_	_	_
'	O	O	O	O	O	O	_	_	NoSpaceAfter	_	_	_
un	O	O	O	O	O	O	_	_	EndOfLine	_	_	_
# segment_iiif_link = https://impresso-project.ch/api/proxy/iiif/GDL-1894-03-01-a-p0002/2788,322,866,60/full/0/default.jpg
discours	O	O	O	O	O	O	_	_	_	_	_	_
prononcé	O	O	O	O	O	O	_	_	NoSpaceAfter	_	_	_
,	O	O	O	O	O	O	_	_	_	_	_	_
en	O	O	O	O	O	O	_	_	_	_	_	_
1879	O	O	O	O	O	O	_	_	NoSpaceAfter	_	_	_
,	O	O	O	O	O	O	_	_	_	_	_	_
au	O	O	O	O	O	O	_	_	_	_	_	_
Reichstag	O	O	O	O	O	O	_	_	_	_	_	_
par	O	O	O	O	O	O	_	_	_	_	_	_
M	O	O	O	O	O	O	_	_	NoSpaceAfter	_	_	_
.	O	O	O	O	O	O	_	_	_	_	_	_
de	O	O	O	O	O	O	_	_	EndOfLine	_	_	_
# segment_iiif_link = https://impresso-project.ch/api/proxy/iiif/GDL-1894-03-01-a-p0002/2787,365,857,60/full/0/default.jpg
Bismarck	O	O	O	O	O	O	_	_	_	_	_	_
:	O	O	O	O	O	O	_	_	_	_	_	_
Depuis	O	O	O	O	O	O	_	_	_	_	_	_
un	O	O	O	O	O	O	_	_	_	_	_	_
siècle	O	O	O	O	O	O	_	_	NoSpaceAfter	_	_	_
,	O	O	O	O	O	O	_	_	_	_	_	_
disait	O	O	O	O	O	O	_	_	_	_	_	_
le	O	O	O	O	O	O	_	_	_	_	_	_
grand	O	O	O	O	O	O	_	_	EndOfLine	_	_	_
# segment_iiif_link = https://impresso-project.ch/api/proxy/iiif/GDL-1894-03-01-a-p0002/2792,408,851,60/full/0/default.jpg
chance	O	O	O	O	O	O	_	_	NoSpaceAfter	_	_	_
-	O	O	O	O	O	O	_	_	NoSpaceAfter	_	_	_
»	O	O	O	O	O	O	_	_	_	_	_	_
lie	O	O	O	O	O	O	_	_	NoSpaceAfter	_	_	_
,	O	O	O	O	O	O	_	_	_	_	_	_
nous	O	O	O	O	O	O	_	_	_	_	_	_
travaillons	O	O	O	O	O	O	_	_	_	_	_	_
à	O	O	O	O	O	O	_	_	_	_	_	_
vivre	O	O	O	O	O	O	_	_	_	_	_	_
avec	O	O	O	O	O	O	_	_	_	_	_	_
la	O	O	O	O	O	O	_	_	_	_	_	_
Russie	O	O	O	O	O	O	_	_	_	_	_	_
en	O	O	O	O	O	O	_	_	_	_	_	_
bons	O	O	O	O	O	O	_	_	EndOfLine	_	_	_
# segment_iiif_link = https://impresso-project.ch/api/proxy/iiif/GDL-1894-03-01-a-p0002/2792,452,851,60/full/0/default.jpg
»	O	O	O	O	O	O	_	_	_	_	_	_
rapports	O	O	O	O	O	O	_	_	_	_	_	_
politiques	O	O	O	O	O	O	_	_	_	_	_	_
et	O	O	O	O	O	O	_	_	_	_	_	_
économiques	O	O	O	O	O	O	_	_	NoSpaceAfter	_	_	_
.	O	O	O	O	O	O	_	_	_	_	_	_
Nous	O	O	O	O	O	O	_	_	_	_	_	_
ne	O	O	O	O	O	O	_	_	_	_	_	_
nous	O	O	O	O	O	O	_	_	EndOfLine	_	_	_
# segment_iiif_link = https://impresso-project.ch/api/proxy/iiif/GDL-1894-03-01-a-p0002/2792,495,849,58/full/0/default.jpg
»	O	O	O	O	O	O	_	_	_	_	_	_
lasserons	O	O	O	O	O	O	_	_	_	_	_	_
pas	O	O	O	O	O	O	_	_	NoSpaceAfter	_	_	_
,	O	O	O	O	O	O	_	_	_	_	_	_
dans	O	O	O	O	O	O	_	_	_	_	_	_
les	O	O	O	O	O	O	_	_	_	_	_	_
cinquante	O	O	O	O	O	O	_	_	_	_	_	_
ans	O	O	O	O	O	O	_	_	_	_	_	_
qui	O	O	O	O	O	O	_	_	_	_	_	_
suivront	O	O	O	O	O	O	_	_	EndOfLine	_	_	_
# segment_iiif_link = https://impresso-project.ch/api/proxy/iiif/GDL-1894-03-01-a-p0002/2792,537,860,60/full/0/default.jpg
»	O	O	O	O	O	O	_	_	_	_	_	_
de	O	O	O	O	O	O	_	_	_	_	_	_
poursuivre	O	O	O	O	O	O	_	_	_	_	_	_
ce	O	O	O	O	O	O	_	_	_	_	_	_
but	O	O	O	O	O	O	_	_	NoSpaceAfter	_	_	_
.	O	O	O	O	O	O	_	_	_	_	_	_
Quand	O	O	O	O	O	O	_	_	_	_	_	_
je	O	O	O	O	O	O	_	_	_	_	_	_
dis	O	O	O	O	O	O	_	_	_	_	_	_
nous	O	O	O	O	O	O	_	_	NoSpaceAfter	_	_	_
,	O	O	O	O	O	O	_	_	_	_	_	_
j	O	O	O	O	O	O	_	_	NoSpaceAfter	_	_	_
'	O	O	O	O	O	O	_	_	NoSpaceAfter	_	_	_
entends	O	O	O	O	O	O	_	_	EndOfLine	_	_	_
# segment_iiif_link = https://impresso-project.ch/api/proxy/iiif/GDL-1894-03-01-a-p0002/2792,580,833,60/full/0/default.jpg
»	O	O	O	O	O	O	_	_	_	_	_	_
naturellement	O	O	O	O	O	O	_	_	_	_	_	_
mon	O	O	O	O	O	O	_	_	_	_	_	_
successeur	O	O	O	O	O	O	_	_	_	_	_	_
1	O	O	O	O	O	O	_	_	_	_	_	_
»	O	O	O	O	O	O	_	_	_	_	_	_
Ce	O	O	O	O	O	O	_	_	_	_	_	_
successeur	O	O	O	O	O	O	_	_	EndOfLine	_	_	_
# segment_iiif_link = https://impresso-project.ch/api/proxy/iiif/GDL-1894-03-01-a-p0002/2787,623,856,60/full/0/default.jpg
ajouté	O	O	O	O	O	O	_	_	_	_	_	_
M	O	O	O	O	O	O	_	_	NoSpaceAfter	_	_	_
.	O	O	O	O	O	O	_	_	_	_	_	_
de	O	O	O	O	O	O	_	_	_	_	_	_
Caprivi	O	O	O	O	O	O	_	_	NoSpaceAfter	_	_	_
,	O	O	O	O	O	O	_	_	_	_	_	_
en	O	O	O	O	O	O	_	_	_	_	_	_
faisant	O	O	O	O	O	O	_	_	_	_	_	_
à	O	O	O	O	O	O	_	_	_	_	_	_
la	O	O	O	O	O	O	_	_	_	_	_	_
droite	O	O	O	O	O	O	_	_	_	_	_	_
une	O	O	O	O	O	O	_	_	EndOfLine	_	_	_
# segment_iiif_link = https://impresso-project.ch/api/proxy/iiif/GDL-1894-03-01-a-p0002/2787,667,855,60/full/0/default.jpg
courbette	O	O	O	O	O	O	_	_	_	_	_	_
d	O	O	O	O	O	O	_	_	NoSpaceAfter	_	_	_
'	O	O	O	O	O	O	_	_	NoSpaceAfter	_	_	_
une	O	O	O	O	O	O	_	_	_	_	_	_
ironique	O	O	O	O	O	O	_	_	_	_	_	_
déférence	O	O	O	O	O	O	_	_	NoSpaceAfter	_	_	_
,	O	O	O	O	O	O	_	_	_	_	_	_
ce	O	O	O	O	O	O	_	_	_	_	_	_
successeur	O	O	O	O	O	O	_	_	_	_	_	_
c	O	O	O	O	O	O	_	_	NoSpaceAfter	_	_	_
'	O	O	O	O	O	O	_	_	NoSpaceAfter	_	_	_
est	O	O	O	O	O	O	_	_	EndOfLine	_	_	_
# segment_iiif_link = https://impresso-project.ch/api/proxy/iiif/GDL-1894-03-01-a-p0002/2787,710,850,58/full/0/default.jpg
moi	O	O	O	O	O	O	_	_	NoSpaceAfter	_	_	_
,	O	O	O	O	O	O	_	_	_	_	_	_
et	O	O	O	O	O	O	_	_	NoSpaceAfter	_	_	_
,	O	O	O	O	O	O	_	_	_	_	_	_
comme	O	O	O	O	O	O	_	_	_	_	_	_
tel	O	O	O	O	O	O	_	_	NoSpaceAfter	_	_	_
,	O	O	O	O	O	O	_	_	_	_	_	_
je	O	O	O	O	O	O	_	_	_	_	_	_
tiens	O	O	O	O	O	O	_	_	_	_	_	_
les	O	O	O	O	O	O	_	_	_	_	_	_
promesses	O	O	O	O	O	O	_	_	_	_	_	_
de	O	O	O	O	O	O	_	_	EndOfLine	_	_	_
# segment_iiif_link = https://impresso-project.ch/api/proxy/iiif/GDL-1894-03-01-a-p0002/2787,752,110,60/full/0/default.jpg
Bismarck	O	O	O	O	O	O	_	_	NoSpaceAfter	_	_	_
.	O	O	O	O	O	O	_	_	EndOfLine	_	_	_
# segment_iiif_link = https://impresso-project.ch/api/proxy/iiif/GDL-1894-03-01-a-p0002/2828,813,814,60/full/0/default.jpg
Ce	O	O	O	O	O	O	_	_	_	_	_	_
discours	O	O	O	O	O	O	_	_	_	_	_	_
a	O	O	O	O	O	O	_	_	_	_	_	_
soulevé	O	O	O	O	O	O	_	_	_	_	_	_
de	O	O	O	O	O	O	_	_	_	_	_	_
très	O	O	O	O	O	O	_	_	_	_	_	_
vifs	O	O	O	O	O	O	_	_	_	_	_	_
applaudissements	O	O	O	O	O	O	_	_	EndOfLine	_	_	_
# segment_iiif_link = https://impresso-project.ch/api/proxy/iiif/GDL-1894-03-01-a-p0002/2787,857,856,60/full/0/default.jpg
à	O	O	O	O	O	O	_	_	_	_	_	_
gauche	O	O	O	O	O	O	_	_	_	_	_	_
et	O	O	O	O	O	O	_	_	_	_	_	_
des	O	O	O	O	O	O	_	_	_	_	_	_
signes	O	O	O	O	O	O	_	_	_	_	_	_
de	O	O	O	O	O	O	_	_	_	_	_	_
mécontentement	O	O	O	O	O	O	_	_	_	_	_	_
à	O	O	O	O	O	O	_	_	_	_	_	_
droite	O	O	O	O	O	O	_	_	NoSpaceAfter	_	_	_
.	O	O	O	O	O	O	_	_	EndOfLine	_	_	_
# segment_iiif_link = https://impresso-project.ch/api/proxy/iiif/GDL-1894-03-01-a-p0002/2787,902,855,60/full/0/default.jpg
La	O	O	O	O	O	O	_	_	_	_	_	_
Béance	O	O	O	O	O	O	_	_	_	_	_	_
a	O	O	O	O	O	O	_	_	_	_	_	_
été	O	O	O	O	O	O	_	_	_	_	_	_
suspendue	O	O	O	O	O	O	_	_	_	_	_	_
de	O	O	O	O	O	O	_	_	_	_	_	_
fait	O	O	O	O	O	O	_	_	_	_	_	_
pendant	O	O	O	O	O	O	_	_	_	_	_	_
plusieurs	O	O	O	O	O	O	_	_	EndOfLine	_	_	_
# segment_iiif_link = https://impresso-project.ch/api/proxy/iiif/GDL-1894-03-01-a-p0002/2787,945,855,60/full/0/default.jpg
minutes	O	O	O	O	O	O	_	_	_	_	_	_
et	O	O	O	O	O	O	_	_	_	_	_	_
le	O	O	O	O	O	O	_	_	_	_	_	_
calme	O	O	O	O	O	O	_	_	_	_	_	_
ne	O	O	O	O	O	O	_	_	_	_	_	_
s	O	O	O	O	O	O	_	_	NoSpaceAfter	_	_	_
'	O	O	O	O	O	O	_	_	NoSpaceAfter	_	_	_
est	O	O	O	O	O	O	_	_	_	_	_	_
rétabli	O	O	O	O	O	O	_	_	_	_	_	_
qu	O	O	O	O	O	O	_	_	NoSpaceAfter	_	_	_
'	O	O	O	O	O	O	_	_	NoSpaceAfter	_	_	_
avec	O	O	O	O	O	O	_	_	EndOfLine	_	_	_
# segment_iiif_link = https://impresso-project.ch/api/proxy/iiif/GDL-1894-03-01-a-p0002/2788,990,852,58/full/0/default.jpg
l	O	O	O	O	O	O	_	_	NoSpaceAfter	_	_	_
'	O	O	O	O	O	O	_	_	NoSpaceAfter	_	_	_
apparition	O	O	O	O	O	O	_	_	_	_	_	_
à	O	O	O	O	O	O	_	_	_	_	_	_
la	O	O	O	O	O	O	_	_	_	_	_	_
tribune	O	O	O	O	O	O	_	_	_	_	_	_
de	O	O	O	O	O	O	_	_	_	_	_	_
M	O	O	O	O	O	O	_	_	NoSpaceAfter	_	_	_
.	O	O	O	O	O	O	_	_	_	_	_	_
le	O	O	O	O	O	O	_	_	_	_	_	_
D	O	O	O	O	O	O	_	_	_	_	_	_
Kônig	O	O	O	O	O	O	_	_	NoSpaceAfter	_	_	_
,	O	O	O	O	O	O	_	_	_	_	_	_
antisémite	O	O	O	O	O	O	_	_	NoSpaceAfter	_	_	_
.	O	O	O	O	O	O	_	_	_	_	_	_
Par	O	O	O	O	O	O	_	_	EndOfLine	_	_	_
# segment_iiif_link = https://impresso-project.ch/api/proxy/iiif/GDL-1894-03-01-a-p0002/2787,1033,855,60/full/0/default.jpg
quelques	O	O	O	O	O	O	_	_	_	_	_	_
traits	O	O	O	O	O	O	_	_	_	_	_	_
lancés	O	O	O	O	O	O	_	_	_	_	_	_
aux	O	O	O	O	O	O	_	_	_	_	_	_
juifs	O	O	O	O	O	O	_	_	_	_	_	_
cet	O	O	O	O	O	O	_	_	_	_	_	_
orateur	O	O	O	O	O	O	_	_	_	_	_	_
à	O	O	O	O	O	O	_	_	_	_	_	_
cherché	O	O	O	O	O	O	_	_	EndOfLine	_	_	_
# segment_iiif_link = https://impresso-project.ch/api/proxy/iiif/GDL-1894-03-01-a-p0002/2787,1077,855,60/full/0/default.jpg
à	O	O	O	O	O	O	_	_	_	_	_	_
justifier	O	O	O	O	O	O	_	_	_	_	_	_
l	O	O	O	O	O	O	_	_	NoSpaceAfter	_	_	_
'	O	O	O	O	O	O	_	_	NoSpaceAfter	_	_	_
altitude	O	O	O	O	O	O	_	_	_	_	_	_
de	O	O	O	O	O	O	_	_	_	_	_	_
la	O	O	O	O	O	O	_	_	_	_	_	_
Ligue	O	O	O	O	O	O	_	_	_	_	_	_
agraire	O	O	O	O	O	O	_	_	NoSpaceAfter	_	_	_
.	O	O	O	O	O	O	_	_	_	_	_	_
iJadis	O	O	O	O	O	O	_	_	NoSpaceAfter	_	_	_
,	O	O	O	O	O	O	_	_	_	_	_	_
a	O	O	O	O	O	O	_	_	NoSpaceAfter	_	_	_
-	O	O	O	O	O	O	_	_	NoSpaceAfter	_	_	_
t	O	O	O	O	O	O	_	_	NoSpaceAfter	_	_	_
-	O	O	O	O	O	O	_	_	NoSpaceAfter	_	_	_
il	O	O	O	O	O	O	_	_	_	_	_	_
dit	O	O	O	O	O	O	_	_	EndOfLine	_	_	_
# segment_iiif_link = https://impresso-project.ch/api/proxy/iiif/GDL-1894-03-01-a-p0002/2787,1122,854,60/full/0/default.jpg
entre	O	O	O	O	O	O	_	_	_	_	_	_
autres	O	O	O	O	O	O	_	_	NoSpaceAfter	_	_	_
,	O	O	O	O	O	O	_	_	_	_	_	_
le	O	O	O	O	O	O	_	_	_	_	_	_
paysan	O	O	O	O	O	O	_	_	_	_	_	_
opprimé	O	O	O	O	O	O	_	_	_	_	_	_
par	O	O	O	O	O	O	_	_	_	_	_	_
les	O	O	O	O	O	O	_	_	_	_	_	_
Junker	O	O	O	O	O	O	_	_	_	_	_	_
priait	O	O	O	O	O	O	_	_	EndOfLine	_	_	_
# segment_iiif_link = https://impresso-project.ch/api/proxy/iiif/GDL-1894-03-01-a-p0002/2788,1165,850,60/full/0/default.jpg
ainsi	O	O	O	O	O	O	_	_	_	_	_	_
:	O	O	O	O	O	O	_	_	_	_	_	_
c	O	O	O	O	O	O	_	_	_	_	_	_
Mon	O	O	O	O	O	O	_	_	_	_	_	_
Dieu	O	O	O	O	O	O	_	_	_	_	_	_
garde	O	O	O	O	O	O	_	_	_	_	_	_
et	O	O	O	O	O	O	_	_	_	_	_	_
protège	O	O	O	O	O	O	_	_	NoSpaceAfter	_	_	_
-	O	O	O	O	O	O	_	_	NoSpaceAfter	_	_	_
nous	O	O	O	O	O	O	_	_	_	_	_	_
de	O	O	O	O	O	O	_	_	_	_	_	_
Kôkerilz	O	O	O	O	O	O	_	_	EndOfLine	_	_	_
# segment_iiif_link = https://impresso-project.ch/api/proxy/iiif/GDL-1894-03-01-a-p0002/2787,1210,854,58/full/0/default.jpg
et	O	O	O	O	O	O	_	_	_	_	_	_
de	O	O	O	O	O	O	_	_	_	_	_	_
Lfiderilz	O	O	O	O	O	O	_	_	_	_	_	_
(	O	O	O	O	O	O	_	_	NoSpaceAfter	_	_	_
vieux	O	O	O	O	O	O	_	_	_	_	_	_
noms	O	O	O	O	O	O	_	_	_	_	_	_
de	O	O	O	O	O	O	_	_	_	_	_	_
l	O	O	O	O	O	O	_	_	NoSpaceAfter	_	_	_
'	O	O	O	O	O	O	_	_	NoSpaceAfter	_	_	_
aristocratie	O	O	O	O	O	O	_	_	EndOfLine	_	_	_
# segment_iiif_link = https://impresso-project.ch/api/proxy/iiif/GDL-1894-03-01-a-p0002/2787,1253,855,60/full/0/default.jpg
prussienne	O	O	O	O	O	O	_	_	NoSpaceAfter	_	_	_
)	O	O	O	O	O	O	_	_	NoSpaceAfter	_	_	_
.	O	O	O	O	O	O	_	_	_	_	_	_
»	O	O	O	O	O	O	_	_	_	_	_	_
Aujourd	O	O	O	O	O	O	_	_	NoSpaceAfter	_	_	_
'	O	O	O	O	O	O	_	_	NoSpaceAfter	_	_	_
hui	O	O	O	O	O	O	_	_	NoSpaceAfter	_	_	_
,	O	O	O	O	O	O	_	_	_	_	_	_
il	O	O	O	O	O	O	_	_	_	_	_	_
dit	O	O	O	O	O	O	_	_	_	_	_	_
:	O	O	O	O	O	O	_	_	_	_	_	_
«	O	O	O	O	O	O	_	_	_	_	_	_
Mon	O	O	O	O	O	O	_	_	_	_	_	_
Dieu	O	O	O	O	O	O	_	_	NoSpaceAfter	_	_	_
,	O	O	O	O	O	O	_	_	_	_	_	_
garde	O	O	O	O	O	O	_	_	_	_	_	_
la	O	O	O	O	O	O	_	_	_	_	_	_
race	O	O	O	O	O	O	_	_	EndOfLine	_	_	_
# segment_iiif_link = https://impresso-project.ch/api/proxy/iiif/GDL-1894-03-01-a-p0002/2787,1297,855,60/full/0/default.jpg
allemande	O	O	O	O	O	O	_	_	_	_	_	_
de	O	O	O	O	O	O	_	_	_	_	_	_
Lévi	O	O	O	O	O	O	_	_	NoSpaceAfter	_	_	_
,	O	O	O	O	O	O	_	_	_	_	_	_
Cohn	O	O	O	O	O	O	_	_	_	_	_	_
et	O	O	O	O	O	O	_	_	_	_	_	_
Manassé	O	O	O	O	O	O	_	_	NoSpaceAfter	_	_	_
,	O	O	O	O	O	O	_	_	_	_	_	_
»	O	O	O	O	O	O	_	_	_	_	_	_
(	O	O	O	O	O	O	_	_	NoSpaceAfter	_	_	_
grande	O	O	O	O	O	O	_	_	_	_	_	_
hilanté	O	O	O	O	O	O	_	_	EndOfLine	_	_	_
# segment_iiif_link = https://impresso-project.ch/api/proxy/iiif/GDL-1894-03-01-a-p0002/2787,1342,856,60/full/0/default.jpg
à	O	O	O	O	O	O	_	_	_	_	_	_
droite	O	O	O	O	O	O	_	_	NoSpaceAfter	_	_	_
,	O	O	O	O	O	O	_	_	_	_	_	_
tumulte	O	O	O	O	O	O	_	_	_	_	_	_
à	O	O	O	O	O	O	_	_	_	_	_	_
gauche	O	O	O	O	O	O	_	_	NoSpaceAfter	_	_	_
)	O	O	O	O	O	O	_	_	NoSpaceAfter	_	_	_
.	O	O	O	O	O	O	_	_	_	_	_	_
Poursuivant	O	O	O	O	O	O	_	_	_	_	_	_
son	O	O	O	O	O	O	_	_	EndOfLine	_	_	_
# segment_iiif_link = https://impresso-project.ch/api/proxy/iiif/GDL-1894-03-01-a-p0002/2787,1385,855,60/full/0/default.jpg
argumentation	O	O	O	O	O	O	_	_	NoSpaceAfter	_	_	_
,	O	O	O	O	O	O	_	_	_	_	_	_
l	O	O	O	O	O	O	_	_	NoSpaceAfter	_	_	_
'	O	O	O	O	O	O	_	_	NoSpaceAfter	_	_	_
orateur	O	O	O	O	O	O	_	_	_	_	_	_
rappelle	O	O	O	O	O	O	_	_	_	_	_	_
que	O	O	O	O	O	O	_	_	_	_	_	_
si	O	O	O	O	O	O	_	_	_	_	_	_
les	O	O	O	O	O	O	_	_	_	_	_	_
antisémites	O	O	O	O	O	O	_	_	_	_	_	_
se	O	O	O	O	O	O	_	_	EndOfLine	_	_	_
# segment_iiif_link = https://impresso-project.ch/api/proxy/iiif/GDL-1894-03-01-a-p0002/2787,1430,860,58/full/0/default.jpg
prononcent	O	O	O	O	O	O	_	_	_	_	_	_
aujourd	O	O	O	O	O	O	_	_	NoSpaceAfter	_	_	_
'	O	O	O	O	O	O	_	_	NoSpaceAfter	_	_	_
hui	O	O	O	O	O	O	_	_	_	_	_	_
contre	O	O	O	O	O	O	_	_	_	_	_	_
le	O	O	O	O	O	O	_	_	_	_	_	_
traité	O	O	O	O	O	O	_	_	_	_	_	_
avec	O	O	O	O	O	O	_	_	_	_	_	_
la	O	O	O	O	O	O	_	_	_	_	_	_
Russie	O	O	O	O	O	O	_	_	NoSpaceAfter	_	_	_
,	O	O	O	O	O	O	_	_	EndOfLine	_	_	_
# segment_iiif_link = https://impresso-project.ch/api/proxy/iiif/GDL-1894-03-01-a-p0002/2785,1473,858,60/full/0/default.jpg
ils	O	O	O	O	O	O	_	_	_	_	_	_
n	O	O	O	O	O	O	_	_	NoSpaceAfter	_	_	_
'	O	O	O	O	O	O	_	_	NoSpaceAfter	_	_	_
en	O	O	O	O	O	O	_	_	_	_	_	_
ont	O	O	O	O	O	O	_	_	_	_	_	_
pas	O	O	O	O	O	O	_	_	_	_	_	_
moins	O	O	O	O	O	O	_	_	_	_	_	_
déterminé	O	O	O	O	O	O	_	_	_	_	_	_
la	O	O	O	O	O	O	_	_	_	_	_	_
majorité	O	O	O	O	O	O	_	_	_	_	_	_
en	O	O	O	O	O	O	_	_	_	_	_	_
fa	O	O	O	O	O	O	_	_	EndOfLine	_	_	_
# segment_iiif_link = https://impresso-project.ch/api/proxy/iiif/GDL-1894-03-01-a-p0002/2785,1517,862,60/full/0/default.jpg
veur	O	O	O	O	O	O	_	_	_	_	_	_
de	O	O	O	O	O	O	_	_	_	_	_	_
la	O	O	O	O	O	O	_	_	_	_	_	_
réforme	O	O	O	O	O	O	_	_	_	_	_	_
militaire	O	O	O	O	O	O	_	_	NoSpaceAfter	_	_	_
.	O	O	O	O	O	O	_	_	_	_	_	_
Ils	O	O	O	O	O	O	_	_	_	_	_	_
ont	O	O	O	O	O	O	_	_	_	_	_	_
agi	O	O	O	O	O	O	_	_	_	_	_	_
par	O	O	O	O	O	O	_	_	EndOfLine	_	_	_
# segment_iiif_link = https://impresso-project.ch/api/proxy/iiif/GDL-1894-03-01-a-p0002/2787,1562,115,60/full/0/default.jpg
patriotisme	O	O	O	O	O	O	_	_	NoSpaceAfter	_	_	_
.	O	O	O	O	O	O	_	_	NoSpaceAfter	_	_	_
.	O	O	O	O	O	O	_	_	NoSpaceAfter	_	_	_
.	O	O	O	O	O	O	_	_	EndOfLine	_	_	_
# segment_iiif_link = https://impresso-project.ch/api/proxy/iiif/GDL-1894-03-01-a-p0002/2825,1612,815,60/full/0/default.jpg
—	O	O	O	O	O	O	_	_	_	_	_	_
Par	O	O	O	O	O	O	_	_	_	_	_	_
bêtise	O	O	O	O	O	O	_	_	NoSpaceAfter	_	_	_
,	O	O	O	O	O	O	_	_	_	_	_	_
!	O	O	O	O	O	O	_	_	_	_	_	_
interrompt	O	O	O	O	O	O	_	_	_	_	_	_
M	O	O	O	O	O	O	_	_	NoSpaceAfter	_	_	_
.	O	O	O	O	O	O	_	_	_	_	_	_
Singer	O	O	O	O	O	O	_	_	NoSpaceAfter	_	_	_
,	O	O	O	O	O	O	_	_	_	_	_	_
le	O	O	O	O	O	O	_	_	_	_	_	_
député	O	O	O	O	O	O	_	_	EndOfLine	_	_	_
# segment_iiif_link = https://impresso-project.ch/api/proxy/iiif/GDL-1894-03-01-a-p0002/2785,1657,118,60/full/0/default.jpg
socialiste	O	O	O	O	O	O	_	_	NoSpaceAfter	_	_	_
.	O	O	O	O	O	O	_	_	EndOfLine	_	_	_
# segment_iiif_link = https://impresso-project.ch/api/proxy/iiif/GDL-1894-03-01-a-p0002/2825,1700,813,60/full/0/default.jpg
Cette	O	O	O	O	O	O	_	_	_	_	_	_
exclamation	O	O	O	O	O	O	_	_	_	_	_	_
cause	O	O	O	O	O	O	_	_	_	_	_	_
un	O	O	O	O	O	O	_	_	_	_	_	_
effroyable	O	O	O	O	O	O	_	_	_	_	_	_
tumulte	O	O	O	O	O	O	_	_	_	_	_	_
à	O	O	O	O	O	O	_	_	EndOfLine	_	_	_
# segment_iiif_link = https://impresso-project.ch/api/proxy/iiif/GDL-1894-03-01-a-p0002/2783,1745,860,58/full/0/default.jpg
droite	O	O	O	O	O	O	_	_	NoSpaceAfter	_	_	_
.	O	O	O	O	O	O	_	_	_	_	_	_
On	O	O	O	O	O	O	_	_	_	_	_	_
somme	O	O	O	O	O	O	_	_	_	_	_	_
M	O	O	O	O	O	O	_	_	NoSpaceAfter	_	_	_
.	O	O	O	O	O	O	_	_	_	_	_	_
le	O	O	O	O	O	O	_	_	_	_	_	_
baron	O	O	O	O	O	O	_	_	_	_	_	_
de	O	O	O	O	O	O	_	_	_	_	_	_
Buol	O	O	O	O	O	O	_	_	NoSpaceAfter	_	_	_
,	O	O	O	O	O	O	_	_	_	_	_	_
vice	O	O	O	O	O	O	_	_	NoSpaceAfter	_	_	_
-	O	O	O	O	O	O	_	_	NoSpaceAfter	_	_	_
président	O	O	O	O	O	O	_	_	NoSpaceAfter	_	_	_
,	O	O	O	O	O	O	_	_	EndOfLine	_	_	_
# segment_iiif_link = https://impresso-project.ch/api/proxy/iiif/GDL-1894-03-01-a-p0002/2783,1788,864,60/full/0/default.jpg
qui	O	O	O	O	O	O	_	_	_	_	_	_
dirige	O	O	O	O	O	O	_	_	_	_	_	_
les	O	O	O	O	O	O	_	_	_	_	_	_
débats	O	O	O	O	O	O	_	_	_	_	_	_
en	O	O	O	O	O	O	_	_	_	_	_	_
l	O	O	O	O	O	O	_	_	NoSpaceAfter	_	_	_
'	O	O	O	O	O	O	_	_	NoSpaceAfter	_	_	_
absence	O	O	O	O	O	O	_	_	_	_	_	_
de	O	O	O	O	O	O	_	_	_	_	_	_
M	O	O	O	O	O	O	_	_	NoSpaceAfter	_	_	_
.	O	O	O	O	O	O	_	_	_	_	_	_
de	O	O	O	O	O	O	_	_	_	_	_	_
Levelzow	O	O	O	O	O	O	_	_	NoSpaceAfter	_	_	_
,	O	O	O	O	O	O	_	_	EndOfLine	_	_	_
# segment_iiif_link = https://impresso-project.ch/api/proxy/iiif/GDL-1894-03-01-a-p0002/2783,1832,857,60/full/0/default.jpg
de	O	O	O	O	O	O	_	_	_	_	_	_
rappeler	O	O	O	O	O	O	_	_	_	_	_	_
M	O	O	O	O	O	O	_	_	NoSpaceAfter	_	_	_
.	O	O	O	O	O	O	_	_	_	_	_	_
Singer	O	O	O	O	O	O	_	_	_	_	_	_
à	O	O	O	O	O	O	_	_	_	_	_	_
l	O	O	O	O	O	O	_	_	NoSpaceAfter	_	_	_
'	O	O	O	O	O	O	_	_	NoSpaceAfter	_	_	_
ordre	O	O	O	O	O	O	_	_	NoSpaceAfter	_	_	_
.	O	O	O	O	O	O	_	_	_	_	_	_
Quand	O	O	O	O	O	O	_	_	_	_	_	_
le	O	O	O	O	O	O	_	_	_	_	_	_
bruit	O	O	O	O	O	O	_	_	_	_	_	_
s	O	O	O	O	O	O	_	_	NoSpaceAfter	_	_	_
'	O	O	O	O	O	O	_	_	NoSpaceAfter	_	_	_
est	O	O	O	O	O	O	_	_	EndOfLine	_	_	_
# segment_iiif_link = https://impresso-project.ch/api/proxy/iiif/GDL-1894-03-01-a-p0002/2783,1877,859,60/full/0/default.jpg
un	O	O	O	O	O	O	_	_	_	_	_	_
peu	O	O	O	O	O	O	_	_	_	_	_	_
calmé	O	O	O	O	O	O	_	_	NoSpaceAfter	_	_	_
,	O	O	O	O	O	O	_	_	_	_	_	_
M	O	O	O	O	O	O	_	_	NoSpaceAfter	_	_	_
.	O	O	O	O	O	O	_	_	_	_	_	_
de	O	O	O	O	O	O	_	_	_	_	_	_
Buol	O	O	O	O	O	O	_	_	_	_	_	_
affirme	O	O	O	O	O	O	_	_	_	_	_	_
qu	O	O	O	O	O	O	_	_	NoSpaceAfter	_	_	_
'	O	O	O	O	O	O	_	_	NoSpaceAfter	_	_	_
il	O	O	O	O	O	O	_	_	_	_	_	_
a	O	O	O	O	O	O	_	_	_	_	_	_
infligé	O	O	O	O	O	O	_	_	_	_	_	_
celte	O	O	O	O	O	O	_	_	EndOfLine	_	_	_
# segment_iiif_link = https://impresso-project.ch/api/proxy/iiif/GDL-1894-03-01-a-p0002/2783,1920,859,60/full/0/default.jpg
pénalité	O	O	O	O	O	O	_	_	_	_	_	_
réglementaire	O	O	O	O	O	O	_	_	_	_	_	_
à	O	O	O	O	O	O	_	_	_	_	_	_
M	O	O	O	O	O	O	_	_	NoSpaceAfter	_	_	_
.	O	O	O	O	O	O	_	_	_	_	_	_
Singer	O	O	O	O	O	O	_	_	NoSpaceAfter	_	_	_
.	O	O	O	O	O	O	_	_	_	_	_	_
La	O	O	O	O	O	O	_	_	_	_	_	_
droite	O	O	O	O	O	O	_	_	_	_	_	_
donne	O	O	O	O	O	O	_	_	EndOfLine	_	_	_
# segment_iiif_link = https://impresso-project.ch/api/proxy/iiif/GDL-1894-03-01-a-p0002/2783,1965,857,58/full/0/default.jpg
au	O	O	O	O	O	O	_	_	_	_	_	_
vice	O	O	O	O	O	O	_	_	NoSpaceAfter	_	_	_
-	O	O	O	O	O	O	_	_	NoSpaceAfter	_	_	_
président	O	O	O	O	O	O	_	_	_	_	_	_
les	O	O	O	O	O	O	_	_	_	_	_	_
plus	O	O	O	O	O	O	_	_	_	_	_	_
violents	O	O	O	O	O	O	_	_	_	_	_	_
démentis	O	O	O	O	O	O	_	_	NoSpaceAfter	_	_	_
.	O	O	O	O	O	O	_	_	_	_	_	_
Celui	O	O	O	O	O	O	_	_	NoSpaceAfter	_	_	_
-	O	O	O	O	O	O	_	_	NoSpaceAfter	_	_	_
ci	O	O	O	O	O	O	_	_	EndOfLine	_	_	_
# segment_iiif_link = https://impresso-project.ch/api/proxy/iiif/GDL-1894-03-01-a-p0002/2783,2008,869,60/full/0/default.jpg
déclare	O	O	O	O	O	O	_	_	NoSpaceAfter	_	_	_
,	O	O	O	O	O	O	_	_	_	_	_	_
—	O	O	O	O	O	O	_	_	_	_	_	_
ce	O	O	O	O	O	O	_	_	_	_	_	_
qui	O	O	O	O	O	O	_	_	_	_	_	_
est	O	O	O	O	O	O	_	_	_	_	_	_
fort	O	O	O	O	O	O	_	_	_	_	_	_
vraisemblable	O	O	O	O	O	O	_	_	NoSpaceAfter	_	_	_
,	O	O	O	O	O	O	_	_	_	_	_	_
—	O	O	O	O	O	O	_	_	_	_	_	_
que	O	O	O	O	O	O	_	_	EndOfLine	_	_	_
# segment_iiif_link = https://impresso-project.ch/api/proxy/iiif/GDL-1894-03-01-a-p0002/2783,2052,817,60/full/0/default.jpg
sa	O	O	O	O	O	O	_	_	_	_	_	_
voix	O	O	O	O	O	O	_	_	_	_	_	_
a	O	O	O	O	O	O	_	_	_	_	_	_
été	O	O	O	O	O	O	_	_	_	_	_	_
couverte	O	O	O	O	O	O	_	_	_	_	_	_
par	O	O	O	O	O	O	_	_	_	_	_	_
les	O	O	O	O	O	O	_	_	_	_	_	_
clameurs	O	O	O	O	O	O	_	_	_	_	_	_
des	O	O	O	O	O	O	_	_	_	_	_	_
députés	O	O	O	O	O	O	_	_	NoSpaceAfter	_	_	_
.	O	O	O	O	O	O	_	_	EndOfLine	_	_	_
# segment_iiif_link = https://impresso-project.ch/api/proxy/iiif/GDL-1894-03-01-a-p0002/2823,2098,815,60/full/0/default.jpg
M	O	O	O	O	O	O	_	_	NoSpaceAfter	_	_	_
.	O	O	O	O	O	O	_	_	_	_	_	_
Singer	O	O	O	O	O	O	_	_	NoSpaceAfter	_	_	_
,	O	O	O	O	O	O	_	_	_	_	_	_
reprenant	O	O	O	O	O	O	_	_	_	_	_	_
la	O	O	O	O	O	O	_	_	_	_	_	_
parole	O	O	O	O	O	O	_	_	NoSpaceAfter	_	_	_
,	O	O	O	O	O	O	_	_	_	_	_	_
déclare	O	O	O	O	O	O	_	_	_	_	_	_
ironiquement	O	O	O	O	O	O	_	_	EndOfLine	_	_	_
# segment_iiif_link = https://impresso-project.ch/api/proxy/iiif/GDL-1894-03-01-a-p0002/2783,2142,859,60/full/0/default.jpg
aux	O	O	O	O	O	O	_	_	_	_	_	_
conservateurs	O	O	O	O	O	O	_	_	_	_	_	_
qu	O	O	O	O	O	O	_	_	NoSpaceAfter	_	_	_
'	O	O	O	O	O	O	_	_	NoSpaceAfter	_	_	_
en	O	O	O	O	O	O	_	_	_	_	_	_
parlant	O	O	O	O	O	O	_	_	_	_	_	_
de	O	O	O	O	O	O	_	_	_	_	_	_
bêtise	O	O	O	O	O	O	_	_	NoSpaceAfter	_	_	_
,	O	O	O	O	O	O	_	_	_	_	_	_
il	O	O	O	O	O	O	_	_	_	_	_	_
n	O	O	O	O	O	O	_	_	NoSpaceAfter	_	_	_
'	O	O	O	O	O	O	_	_	NoSpaceAfter	_	_	_
a	O	O	O	O	O	O	_	_	_	_	_	_
pensé	O	O	O	O	O	O	_	_	EndOfLine	_	_	_
# segment_iiif_link = https://impresso-project.ch/api/proxy/iiif/GDL-1894-03-01-a-p0002/2783,2187,862,60/full/0/default.jpg
qu	O	O	O	O	O	O	_	_	NoSpaceAfter	_	_	_
'	O	O	O	O	O	O	_	_	NoSpaceAfter	_	_	_
aux	O	O	O	O	O	O	_	_	_	_	_	_
anti	O	O	O	O	O	O	_	_	NoSpaceAfter	_	_	_
-	O	O	O	O	O	O	_	_	NoSpaceAfter	_	_	_
sémites	O	O	O	O	O	O	_	_	NoSpaceAfter	_	_	_
.	O	O	O	O	O	O	_	_	_	_	_	_
Nouvel	O	O	O	O	O	O	_	_	_	_	_	_
orage	O	O	O	O	O	O	_	_	_	_	_	_
à	O	O	O	O	O	O	_	_	_	_	_	_
droite	O	O	O	O	O	O	_	_	NoSpaceAfter	_	_	_
.	O	O	O	O	O	O	_	_	_	_	_	_
Le	O	O	O	O	O	O	_	_	_	_	_	_
député	O	O	O	O	O	O	_	_	EndOfLine	_	_	_
# segment_iiif_link = https://impresso-project.ch/api/proxy/iiif/GDL-1894-03-01-a-p0002/2783,2230,856,60/full/0/default.jpg
anti	O	O	O	O	O	O	_	_	NoSpaceAfter	_	_	_
-	O	O	O	O	O	O	_	_	NoSpaceAfter	_	_	_
iémite	O	O	O	O	O	O	_	_	_	_	_	_
Liebermann	O	O	O	O	O	O	_	_	_	_	_	_
crie	O	O	O	O	O	O	_	_	_	_	_	_
:	O	O	O	O	O	O	_	_	_	_	_	_
«	O	O	O	O	O	O	_	_	_	_	_	_
C	O	O	O	O	O	O	_	_	NoSpaceAfter	_	_	_
'	O	O	O	O	O	O	_	_	NoSpaceAfter	_	_	_
est	O	O	O	O	O	O	_	_	_	_	_	_
une	O	O	O	O	O	O	_	_	_	_	_	_
nouvelle	O	O	O	O	O	O	_	_	EndOfLine	_	_	_
# segment_iiif_link = https://impresso-project.ch/api/proxy/iiif/GDL-1894-03-01-a-p0002/2783,2275,868,58/full/0/default.jpg
impertinence	O	O	O	O	O	O	_	_	_	_	_	_
1	O	O	O	O	O	O	_	_	_	_	_	_
>	O	O	O	O	O	O	_	_	_	_	_	_
et	O	O	O	O	O	O	_	_	_	_	_	_
demande	O	O	O	O	O	O	_	_	_	_	_	_
un	O	O	O	O	O	O	_	_	_	_	_	_
second	O	O	O	O	O	O	_	_	_	_	_	_
rappel	O	O	O	O	O	O	_	_	_	_	_	_
à	O	O	O	O	O	O	_	_	_	_	_	_
l	O	O	O	O	O	O	_	_	NoSpaceAfter	_	_	_
'	O	O	O	O	O	O	_	_	NoSpaceAfter	_	_	_
ordre	O	O	O	O	O	O	_	_	EndOfLine	_	_	_
# segment_iiif_link = https://impresso-project.ch/api/proxy/iiif/GDL-1894-03-01-a-p0002/2783,2318,275,60/full/0/default.jpg
contre	O	O	O	O	O	O	_	_	_	_	_	_
M	O	O	O	O	O	O	_	_	NoSpaceAfter	_	_	_
.	O	O	O	O	O	O	_	_	_	_	_	_
Singer	O	O	O	O	O	O	_	_	NoSpaceAfter	_	_	_
.	O	O	O	O	O	O	_	_	EndOfLine	_	_	_
# segment_iiif_link = https://impresso-project.ch/api/proxy/iiif/GDL-1894-03-01-a-p0002/2822,2362,817,60/full/0/default.jpg
Mais	O	O	O	O	O	O	_	_	_	_	_	_
voici	O	O	O	O	O	O	_	_	_	_	_	_
à	O	O	O	O	O	O	_	_	_	_	_	_
la	O	O	O	O	O	O	_	_	_	_	_	_
tribune	O	O	O	O	O	O	_	_	_	_	_	_
l	O	O	O	O	O	O	_	_	NoSpaceAfter	_	_	_
'	O	O	O	O	O	O	_	_	NoSpaceAfter	_	_	_
orateur	O	O	O	O	O	O	_	_	_	_	_	_
attitré	O	O	O	O	O	O	_	_	_	_	_	_
des	O	O	O	O	O	O	_	_	EndOfLine	_	_	_
# segment_iiif_link = https://impresso-project.ch/api/proxy/iiif/GDL-1894-03-01-a-p0002/2783,2407,854,60/full/0/default.jpg
naux	O	O	O	O	O	O	_	_	NoSpaceAfter	_	_	_
-	O	O	O	O	O	O	_	_	NoSpaceAfter	_	_	_
libéraux	O	O	O	O	O	O	_	_	NoSpaceAfter	_	_	_
,	O	O	O	O	O	O	_	_	_	_	_	_
M	O	O	O	O	O	O	_	_	NoSpaceAfter	_	_	_
.	O	O	O	O	O	O	_	_	_	_	_	_
de	O	O	O	O	O	O	_	_	_	_	_	_
Bennigsen	O	O	O	O	O	O	_	_	NoSpaceAfter	_	_	_
,	O	O	O	O	O	O	_	_	_	_	_	_
qui	O	O	O	O	O	O	_	_	_	_	_	_
est	O	O	O	O	O	O	_	_	_	_	_	_
notablement	O	O	O	O	O	O	_	_	EndOfLine	_	_	_
# segment_iiif_link = https://impresso-project.ch/api/proxy/iiif/GDL-1894-03-01-a-p0002/2782,2450,856,60/full/0/default.jpg
vieilli	O	O	O	O	O	O	_	_	NoSpaceAfter	_	_	_
.	O	O	O	O	O	O	_	_	_	_	_	_
Il	O	O	O	O	O	O	_	_	_	_	_	_
adresse	O	O	O	O	O	O	_	_	_	_	_	_
des	O	O	O	O	O	O	_	_	_	_	_	_
propos	O	O	O	O	O	O	_	_	_	_	_	_
conciliants	O	O	O	O	O	O	_	_	_	_	_	_
soit	O	O	O	O	O	O	_	_	_	_	_	_
à	O	O	O	O	O	O	_	_	_	_	_	_
droite	O	O	O	O	O	O	_	_	NoSpaceAfter	_	_	_
,	O	O	O	O	O	O	_	_	EndOfLine	_	_	_
# segment_iiif_link = https://impresso-project.ch/api/proxy/iiif/GDL-1894-03-01-a-p0002/2782,2495,855,58/full/0/default.jpg
soit	O	O	O	O	O	O	_	_	_	_	_	_
à	O	O	O	O	O	O	_	_	_	_	_	_
gauche	O	O	O	O	O	O	_	_	_	_	_	_
et	O	O	O	O	O	O	_	_	_	_	_	_
s	O	O	O	O	O	O	_	_	NoSpaceAfter	_	_	_
'	O	O	O	O	O	O	_	_	NoSpaceAfter	_	_	_
applaudit	O	O	O	O	O	O	_	_	_	_	_	_
de	O	O	O	O	O	O	_	_	_	_	_	_
ce	O	O	O	O	O	O	_	_	_	_	_	_
que	O	O	O	O	O	O	_	_	_	_	_	_
la	O	O	O	O	O	O	_	_	_	_	_	_
Russie	O	O	O	O	O	O	_	_	NoSpaceAfter	_	_	_
,	O	O	O	O	O	O	_	_	_	_	_	_
qui	O	O	O	O	O	O	_	_	NoSpaceAfter	_	_	_
,	O	O	O	O	O	O	_	_	EndOfLine	_	_	_
# segment_iiif_link = https://impresso-project.ch/api/proxy/iiif/GDL-1894-03-01-a-p0002/2783,2538,853,60/full/0/default.jpg
depuis	O	O	O	O	O	O	_	_	_	_	_	_
cinquante	O	O	O	O	O	O	_	_	_	_	_	_
ans	O	O	O	O	O	O	_	_	NoSpaceAfter	_	_	_
,	O	O	O	O	O	O	_	_	_	_	_	_
avait	O	O	O	O	O	O	_	_	_	_	_	_
fermé	O	O	O	O	O	O	_	_	_	_	_	_
sa	O	O	O	O	O	O	_	_	_	_	_	_
frontière	O	O	O	O	O	O	_	_	NoSpaceAfter	_	_	_
,	O	O	O	O	O	O	_	_	_	_	_	_
a	O	O	O	O	O	O	_	_	_	_	_	_
fait	O	O	O	O	O	O	_	_	EndOfLine	_	_	_
# segment_iiif_link = https://impresso-project.ch/api/proxy/iiif/GDL-1894-03-01-a-p0002/2782,2582,856,60/full/0/default.jpg
un	O	O	O	O	O	O	_	_	_	_	_	_
premier	O	O	O	O	O	O	_	_	_	_	_	_
pas	O	O	O	O	O	O	_	_	_	_	_	_
dans	O	O	O	O	O	O	_	_	_	_	_	_
une	O	O	O	O	O	O	_	_	_	_	_	_
voie	O	O	O	O	O	O	_	_	_	_	_	_
meilleure	O	O	O	O	O	O	_	_	NoSpaceAfter	_	_	_
.	O	O	O	O	O	O	_	_	_	_	_	_
Une	O	O	O	O	O	O	_	_	_	_	_	_
hos	O	O	O	O	O	O	_	_	NoSpaceAfter	_	_	_
'	O	O	O	O	O	O	_	_	NoSpaceAfter	_	_	_
ilité	O	O	O	O	O	O	_	_	EndOfLine	_	_	_
# segment_iiif_link = https://impresso-project.ch/api/proxy/iiif/GDL-1894-03-01-a-p0002/2782,2627,856,60/full/0/default.jpg
sérieuse	O	O	O	O	O	O	_	_	_	_	_	_
entre	O	O	O	O	O	O	_	_	_	_	_	_
l	O	O	O	O	O	O	_	_	NoSpaceAfter	_	_	_
'	O	O	O	O	O	O	_	_	NoSpaceAfter	_	_	_
Allemagne	O	O	O	O	O	O	_	_	_	_	_	_
et	O	O	O	O	O	O	_	_	_	_	_	_
la	O	O	O	O	O	O	_	_	_	_	_	_
Russie	O	O	O	O	O	O	_	_	_	_	_	_
serait	O	O	O	O	O	O	_	_	_	_	_	_
à	O	O	O	O	O	O	_	_	_	_	_	_
ses	O	O	O	O	O	O	_	_	EndOfLine	_	_	_
# segment_iiif_link = https://impresso-project.ch/api/proxy/iiif/GDL-1894-03-01-a-p0002/2780,2670,859,60/full/0/default.jpg
yeux	O	O	O	O	O	O	_	_	_	_	_	_
le	O	O	O	O	O	O	_	_	_	_	_	_
plus	O	O	O	O	O	O	_	_	_	_	_	_
grand	O	O	O	O	O	O	_	_	_	_	_	_
malheur	O	O	O	O	O	O	_	_	_	_	_	_
du	O	O	O	O	O	O	_	_	_	_	_	_
monde	O	O	O	O	O	O	_	_	NoSpaceAfter	_	_	_
.	O	O	O	O	O	O	_	_	_	_	_	_
M	O	O	O	O	O	O	_	_	NoSpaceAfter	_	_	_
.	O	O	O	O	O	O	_	_	_	_	_	_
de	O	O	O	O	O	O	_	_	EndOfLine	_	_	_
# segment_iiif_link = https://impresso-project.ch/api/proxy/iiif/GDL-1894-03-01-a-p0002/2782,2715,853,58/full/0/default.jpg
Bennigsen	O	O	O	O	O	O	_	_	_	_	_	_
représente	O	O	O	O	O	O	_	_	_	_	_	_
aux	O	O	O	O	O	O	_	_	_	_	_	_
conservateurs	O	O	O	O	O	O	_	_	_	_	_	_
qu	O	O	O	O	O	O	_	_	NoSpaceAfter	_	_	_
'	O	O	O	O	O	O	_	_	NoSpaceAfter	_	_	_
ils	O	O	O	O	O	O	_	_	_	_	_	_
ont	O	O	O	O	O	O	_	_	_	_	_	_
tout	O	O	O	O	O	O	_	_	_	_	_	_
à	O	O	O	O	O	O	_	_	EndOfLine	_	_	_
# segment_iiif_link = https://impresso-project.ch/api/proxy/iiif/GDL-1894-03-01-a-p0002/2778,2758,399,60/full/0/default.jpg
perdre	O	O	O	O	O	O	_	_	_	_	_	_
à	O	O	O	O	O	O	_	_	_	_	_	_
une	O	O	O	O	O	O	_	_	_	_	_	_
dissolution	O	O	O	O	O	O	_	_	NoSpaceAfter	_	_	_
.	O	O	O	O	O	O	_	_	EndOfLine	_	_	_
# segment_iiif_link = https://impresso-project.ch/api/proxy/iiif/GDL-1894-03-01-a-p0002/2822,2807,813,60/full/0/default.jpg
Cette	O	O	O	O	O	O	_	_	_	_	_	_
affirmation	O	O	O	O	O	O	_	_	_	_	_	_
déchaîne	O	O	O	O	O	O	_	_	_	_	_	_
un	O	O	O	O	O	O	_	_	_	_	_	_
nouvel	O	O	O	O	O	O	_	_	_	_	_	_
orage	O	O	O	O	O	O	_	_	_	_	_	_
:	O	O	O	O	O	O	_	_	EndOfLine	_	_	_
# segment_iiif_link = https://impresso-project.ch/api/proxy/iiif/GDL-1894-03-01-a-p0002/2780,2850,864,60/full/0/default.jpg
Attendez	O	O	O	O	O	O	_	_	_	_	_	_
!	O	O	O	O	O	O	_	_	_	_	_	_
Bitte	O	O	O	O	O	O	_	_	_	_	_	_
aufIbsen	O	O	O	O	O	O	_	_	_	_	_	_
!	O	O	O	O	O	O	_	_	_	_	_	_
(	O	O	O	O	O	O	_	_	NoSpaceAfter	_	_	_
dissolvez	O	O	O	O	O	O	_	_	_	_	_	_
s	O	O	O	O	O	O	_	_	NoSpaceAfter	_	_	_
'	O	O	O	O	O	O	_	_	NoSpaceAfter	_	_	_
il	O	O	O	O	O	O	_	_	_	_	_	_
vous	O	O	O	O	O	O	_	_	_	_	_	_
plait	O	O	O	O	O	O	_	_	NoSpaceAfter	_	_	_
)	O	O	O	O	O	O	_	_	EndOfLine	_	_	_
# segment_iiif_link = https://impresso-project.ch/api/proxy/iiif/GDL-1894-03-01-a-p0002/2780,2895,207,58/full/0/default.jpg
t	O	O	O	O	O	O	_	_	NoSpaceAfter	_	_	_
-	O	O	O	O	O	O	_	_	NoSpaceAfter	_	_	_
on	O	O	O	O	O	O	_	_	_	_	_	_
à	O	O	O	O	O	O	_	_	_	_	_	_
droite	O	O	O	O	O	O	_	_	NoSpaceAfter	_	_	_
.	O	O	O	O	O	O	_	_	EndOfLine	_	_	_
# segment_iiif_link = https://impresso-project.ch/api/proxy/iiif/GDL-1894-03-01-a-p0002/2818,2940,823,60/full/0/default.jpg
M	O	O	O	O	O	O	_	_	NoSpaceAfter	_	_	_
.	O	O	O	O	O	O	_	_	_	_	_	_
de	O	O	O	O	O	O	_	_	_	_	_	_
Bennigsen	O	O	O	O	O	O	_	_	_	_	_	_
poursuit	O	O	O	O	O	O	_	_	_	_	_	_
:	O	O	O	O	O	O	_	_	_	_	_	_
Une	O	O	O	O	O	O	_	_	_	_	_	_
dissolution	O	O	O	O	O	O	_	_	_	_	_	_
ne	O	O	O	O	O	O	_	_	EndOfLine	_	_	_
# segment_iiif_link = https://impresso-project.ch/api/proxy/iiif/GDL-1894-03-01-a-p0002/2778,2985,857,58/full/0/default.jpg
serait	O	O	O	O	O	O	_	_	_	_	_	_
pas	O	O	O	O	O	O	_	_	_	_	_	_
une	O	O	O	O	O	O	_	_	_	_	_	_
solution	O	O	O	O	O	O	_	_	NoSpaceAfter	_	_	_
.	O	O	O	O	O	O	_	_	_	_	_	_
D	O	O	O	O	O	O	_	_	NoSpaceAfter	_	_	_
'	O	O	O	O	O	O	_	_	NoSpaceAfter	_	_	_
abord	O	O	O	O	O	O	_	_	_	_	_	_
le	O	O	O	O	O	O	_	_	_	_	_	_
gouvernement	O	O	O	O	O	O	_	_	EndOfLine	_	_	_
# segment_iiif_link = https://impresso-project.ch/api/proxy/iiif/GDL-1894-03-01-a-p0002/2778,3028,857,60/full/0/default.jpg
dissoudrait	O	O	O	O	O	O	_	_	_	_	_	_
pour	O	O	O	O	O	O	_	_	_	_	_	_
obtenir	O	O	O	O	O	O	_	_	_	_	_	_
une	O	O	O	O	O	O	_	_	_	_	_	_
majorité	O	O	O	O	O	O	_	_	_	_	_	_
favorable	O	O	O	O	O	O	_	_	_	_	_	_
au	O	O	O	O	O	O	_	_	_	_	_	_
traité	O	O	O	O	O	O	_	_	NoSpaceAfter	_	_	_
.	O	O	O	O	O	O	_	_	EndOfLine	_	_	_
# segment_iiif_link = https://impresso-project.ch/api/proxy/iiif/GDL-1894-03-01-a-p0002/2778,3072,855,60/full/0/default.jpg
Ensuite	O	O	O	O	O	O	_	_	_	_	_	_
il	O	O	O	O	O	O	_	_	_	_	_	_
devrait	O	O	O	O	O	O	_	_	_	_	_	_
redissoudre	O	O	O	O	O	O	_	_	NoSpaceAfter	_	_	_
,	O	O	O	O	O	O	_	_	_	_	_	_
parce	O	O	O	O	O	O	_	_	_	_	_	_
qu	O	O	O	O	O	O	_	_	NoSpaceAfter	_	_	_
'	O	O	O	O	O	O	_	_	NoSpaceAfter	_	_	_
il	O	O	O	O	O	O	_	_	_	_	_	_
ne	O	O	O	O	O	O	_	_	_	_	_	_
pourrait	O	O	O	O	O	O	_	_	EndOfLine	_	_	_
# segment_iiif_link = https://impresso-project.ch/api/proxy/iiif/GDL-1894-03-01-a-p0002/2778,3117,856,60/full/0/default.jpg
pas	O	O	O	O	O	O	_	_	_	_	_	_
cheminer	O	O	O	O	O	O	_	_	_	_	_	_
avec	O	O	O	O	O	O	_	_	_	_	_	_
le	O	O	O	O	O	O	_	_	_	_	_	_
nouveau	O	O	O	O	O	O	_	_	_	_	_	_
Reichstag	O	O	O	O	O	O	_	_	NoSpaceAfter	_	_	_
.	O	O	O	O	O	O	_	_	_	_	_	_
On	O	O	O	O	O	O	_	_	_	_	_	_
devrait	O	O	O	O	O	O	_	_	EndOfLine	_	_	_
# segment_iiif_link = https://impresso-project.ch/api/proxy/iiif/GDL-1894-03-01-a-p0002/2777,3160,858,60/full/0/default.jpg
épargner	O	O	O	O	O	O	_	_	_	_	_	_
de	O	O	O	O	O	O	_	_	_	_	_	_
telles	O	O	O	O	O	O	_	_	_	_	_	_
crises	O	O	O	O	O	O	_	_	_	_	_	_
à	O	O	O	O	O	O	_	_	_	_	_	_
l	O	O	O	O	O	O	_	_	NoSpaceAfter	_	_	_
'	O	O	O	O	O	O	_	_	NoSpaceAfter	_	_	_
empire	O	O	O	O	O	O	_	_	_	_	_	_
(	O	O	O	O	O	O	_	_	NoSpaceAfter	_	_	_
Applaudissements	O	O	O	O	O	O	_	_	EndOfLine	_	_	_
# segment_iiif_link = https://impresso-project.ch/api/proxy/iiif/GDL-1894-03-01-a-p0002/2778,3205,167,58/full/0/default.jpg
à	O	O	O	O	O	O	_	_	_	_	_	_
gauche	O	O	O	O	O	O	_	_	NoSpaceAfter	_	_	_
)	O	O	O	O	O	O	_	_	NoSpaceAfter	_	_	_
.	O	O	O	O	O	O	_	_	EndOfLine	_	_	_
# segment_iiif_link = https://impresso-project.ch/api/proxy/iiif/GDL-1894-03-01-a-p0002/2817,3252,816,60/full/0/default.jpg
Enfin	O	O	O	O	O	O	_	_	NoSpaceAfter	_	_	_
,	O	O	O	O	O	O	_	_	_	_	_	_
le	O	O	O	O	O	O	_	_	_	_	_	_
conservateur	O	O	O	O	O	O	_	_	_	_	_	_
agrarien	O	O	O	O	O	O	_	_	_	_	_	_
bavarois	O	O	O	O	O	O	_	_	_	_	_	_
Lutz	O	O	O	O	O	O	_	_	_	_	_	_
clôt	O	O	O	O	O	O	_	_	EndOfLine	_	_	_
# segment_iiif_link = https://impresso-project.ch/api/proxy/iiif/GDL-1894-03-01-a-p0002/2777,3295,857,60/full/0/default.jpg
la	O	O	O	O	O	O	_	_	_	_	_	_
séance	O	O	O	O	O	O	_	_	_	_	_	_
par	O	O	O	O	O	O	_	_	_	_	_	_
un	O	O	O	O	O	O	_	_	_	_	_	_
discours	O	O	O	O	O	O	_	_	_	_	_	_
très	O	O	O	O	O	O	_	_	_	_	_	_
amer	O	O	O	O	O	O	_	_	_	_	_	_
contre	O	O	O	O	O	O	_	_	_	_	_	_
M	O	O	O	O	O	O	_	_	NoSpaceAfter	_	_	_
.	O	O	O	O	O	O	_	_	_	_	_	_
de	O	O	O	O	O	O	_	_	EndOfLine	_	_	_
# segment_iiif_link = https://impresso-project.ch/api/proxy/iiif/GDL-1894-03-01-a-p0002/2777,3340,856,58/full/0/default.jpg
Caprivi	O	O	O	O	O	O	_	_	_	_	_	_
et	O	O	O	O	O	O	_	_	_	_	_	_
le	O	O	O	O	O	O	_	_	_	_	_	_
traité	O	O	O	O	O	O	_	_	NoSpaceAfter	_	_	_
.	O	O	O	O	O	O	_	_	_	_	_	_
Mais	O	O	O	O	O	O	_	_	_	_	_	_
il	O	O	O	O	O	O	_	_	_	_	_	_
ne	O	O	O	O	O	O	_	_	_	_	_	_
parait	O	O	O	O	O	O	_	_	_	_	_	_
pas	O	O	O	O	O	O	_	_	_	_	_	_
faire	O	O	O	O	O	O	_	_	_	_	_	_
grand	O	O	O	O	O	O	_	_	_	_	_	_
effet	O	O	O	O	O	O	_	_	EndOfLine	_	_	_
# segment_iiif_link = https://impresso-project.ch/api/proxy/iiif/GDL-1894-03-01-a-p0002/2777,3383,256,60/full/0/default.jpg
sur	O	O	O	O	O	O	_	_	_	_	_	_
la	O	O	O	O	O	O	_	_	_	_	_	_
Chambre	O	O	O	O	O	O	_	_	NoSpaceAfter	_	_	_
.	O	O	O	O	O	O	_	_	EndOfLine	_	_	_
# segment_iiif_link = https://impresso-project.ch/api/proxy/iiif/GDL-1894-03-01-a-p0002/2818,3428,823,60/full/0/default.jpg
Un	O	O	O	O	O	O	_	_	_	_	_	_
trait	O	O	O	O	O	O	_	_	_	_	_	_
caractéristique	O	O	O	O	O	O	_	_	_	_	_	_
du	O	O	O	O	O	O	_	_	_	_	_	_
débat	O	O	O	O	O	O	_	_	NoSpaceAfter	_	_	_
,	O	O	O	O	O	O	_	_	_	_	_	_
c	O	O	O	O	O	O	_	_	NoSpaceAfter	_	_	_
'	O	O	O	O	O	O	_	_	NoSpaceAfter	_	_	_
est	O	O	O	O	O	O	_	_	_	_	_	_
que	O	O	O	O	O	O	_	_	_	_	_	_
tous	O	O	O	O	O	O	_	_	_	_	_	_
les	O	O	O	O	O	O	_	_	EndOfLine	_	_	_
# segment_iiif_link = https://impresso-project.ch/api/proxy/iiif/GDL-1894-03-01-a-p0002/2777,3472,858,60/full/0/default.jpg
oraleure	O	O	O	O	O	O	_	_	_	_	_	_
cherchent	O	O	O	O	O	O	_	_	_	_	_	_
l	O	O	O	O	O	O	_	_	NoSpaceAfter	_	_	_
'	O	O	O	O	O	O	_	_	NoSpaceAfter	_	_	_
un	O	O	O	O	O	O	_	_	_	_	_	_
après	O	O	O	O	O	O	_	_	_	_	_	_
l	O	O	O	O	O	O	_	_	NoSpaceAfter	_	_	_
'	O	O	O	O	O	O	_	_	NoSpaceAfter	_	_	_
autre	O	O	O	O	O	O	_	_	_	_	_	_
à	O	O	O	O	O	O	_	_	_	_	_	_
établir	O	O	O	O	O	O	_	_	_	_	_	_
qu	O	O	O	O	O	O	_	_	NoSpaceAfter	_	_	_
'	O	O	O	O	O	O	_	_	NoSpaceAfter	_	_	_
ils	O	O	O	O	O	O	_	_	EndOfLine	_	_	_
# segment_iiif_link = https://impresso-project.ch/api/proxy/iiif/GDL-1894-03-01-a-p0002/2777,3517,855,60/full/0/default.jpg
sont	O	O	O	O	O	O	_	_	_	_	_	_
dans	O	O	O	O	O	O	_	_	_	_	_	_
la	O	O	O	O	O	O	_	_	_	_	_	_
véritable	O	O	O	O	O	O	_	_	_	_	_	_
tradition	O	O	O	O	O	O	_	_	_	_	_	_
de	O	O	O	O	O	O	_	_	_	_	_	_
la	O	O	O	O	O	O	_	_	_	_	_	_
politique	O	O	O	O	O	O	_	_	EndOfLine	_	_	_
# segment_iiif_link = https://impresso-project.ch/api/proxy/iiif/GDL-1894-03-01-a-p0002/2777,3560,131,60/full/0/default.jpg
bismarckienne	O	O	O	O	O	O	_	_	NoSpaceAfter	_	_	_
.	O	O	O	O	O	O	_	_	EndOfLine	_	_	_
# segment_iiif_link = https://impresso-project.ch/api/proxy/iiif/GDL-1894-03-01-a-p0002/3288,3607,285,60/full/0/default.jpg
Berlin	O	O	O	O	O	O	_	_	NoSpaceAfter	_	_	_
,	O	O	O	O	O	O	_	_	_	_	_	_
28	O	O	O	O	O	O	_	_	_	_	_	_
février	O	O	O	O	O	O	_	_	NoSpaceAfter	_	_	_
.	O	O	O	O	O	O	_	_	EndOfLine	_	_	_
# segment_iiif_link = https://impresso-project.ch/api/proxy/iiif/GDL-1894-03-01-a-p0002/2815,3660,822,58/full/0/default.jpg
Aujourd	O	O	O	O	O	O	_	_	NoSpaceAfter	_	_	_
'	O	O	O	O	O	O	_	_	NoSpaceAfter	_	_	_
hui	O	O	O	O	O	O	_	_	NoSpaceAfter	_	_	_
,	O	O	O	O	O	O	_	_	_	_	_	_
le	O	O	O	O	O	O	_	_	_	_	_	_
premier	O	O	O	O	O	O	_	_	_	_	_	_
discours	O	O	O	O	O	O	_	_	_	_	_	_
a	O	O	O	O	O	O	_	_	_	_	_	_
été	O	O	O	O	O	O	_	_	_	_	_	_
celui	O	O	O	O	O	O	_	_	_	_	_	_
de	O	O	O	O	O	O	_	_	_	_	_	_
M	O	O	O	O	O	O	_	_	EndOfLine	_	_	_
# segment_iiif_link = https://impresso-project.ch/api/proxy/iiif/GDL-1894-03-01-a-p0002/2775,3703,123,60/full/0/default.jpg
Richter	O	O	O	O	O	O	_	_	NoSpaceAfter	_	_	_
.	O	O	O	O	O	O	_	_	EndOfLine	_	_	_
# segment_iiif_link = https://impresso-project.ch/api/proxy/iiif/GDL-1894-03-01-a-p0002/2817,3747,816,60/full/0/default.jpg
L	O	O	O	O	O	O	_	_	NoSpaceAfter	_	_	_
'	O	O	O	O	O	O	_	_	NoSpaceAfter	_	_	_
illustre	O	O	O	O	O	O	_	_	_	_	_	_
orateur	O	O	O	O	O	O	_	_	_	_	_	_
libéral	O	O	O	O	O	O	_	_	_	_	_	_
s	O	O	O	O	O	O	_	_	NoSpaceAfter	_	_	_
'	O	O	O	O	O	O	_	_	NoSpaceAfter	_	_	_
en	O	O	O	O	O	O	_	_	_	_	_	_
prenant	O	O	O	O	O	O	_	_	NoSpaceAfter	_	_	_
,	O	O	O	O	O	O	_	_	_	_	_	_
par	O	O	O	O	O	O	_	_	_	_	_	_
habitude	O	O	O	O	O	O	_	_	NoSpaceAfter	_	_	_
,	O	O	O	O	O	O	_	_	EndOfLine	_	_	_
# segment_iiif_link = https://impresso-project.ch/api/proxy/iiif/GDL-1894-03-01-a-p0002/2777,3792,855,60/full/0/default.jpg
sans	O	O	O	O	O	O	_	_	_	_	_	_
doule	O	O	O	O	O	O	_	_	NoSpaceAfter	_	_	_
,	O	O	O	O	O	O	_	_	_	_	_	_
à	O	O	O	O	O	O	_	_	_	_	_	_
M	O	O	O	O	O	O	_	_	NoSpaceAfter	_	_	_
.	O	O	O	O	O	O	_	_	_	_	_	_
de	O	O	O	O	O	O	_	_	_	_	_	_
Bennigsen	O	O	O	O	O	O	_	_	NoSpaceAfter	_	_	_
,	O	O	O	O	O	O	_	_	_	_	_	_
bien	O	O	O	O	O	O	_	_	_	_	_	_
que	O	O	O	O	O	O	_	_	NoSpaceAfter	_	_	_
,	O	O	O	O	O	O	_	_	_	_	_	_
dans	O	O	O	O	O	O	_	_	_	_	_	_
la	O	O	O	O	O	O	_	_	EndOfLine	_	_	_
# segment_iiif_link = https://impresso-project.ch/api/proxy/iiif/GDL-1894-03-01-a-p0002/2777,3835,858,60/full/0/default.jpg
question	O	O	O	O	O	O	_	_	_	_	_	_
actuelle	O	O	O	O	O	O	_	_	NoSpaceAfter	_	_	_
,	O	O	O	O	O	O	_	_	_	_	_	_
ils	O	O	O	O	O	O	_	_	_	_	_	_
soient	O	O	O	O	O	O	_	_	_	_	_	_
d	O	O	O	O	O	O	_	_	NoSpaceAfter	_	_	_
'	O	O	O	O	O	O	_	_	NoSpaceAfter	_	_	_
accord	O	O	O	O	O	O	_	_	NoSpaceAfter	_	_	_
,	O	O	O	O	O	O	_	_	_	_	_	_
l	O	O	O	O	O	O	_	_	NoSpaceAfter	_	_	_
'	O	O	O	O	O	O	_	_	NoSpaceAfter	_	_	_
a	O	O	O	O	O	O	_	_	_	_	_	_
invité	O	O	O	O	O	O	_	_	_	_	_	_
à	O	O	O	O	O	O	_	_	_	_	_	_
faire	O	O	O	O	O	O	_	_	EndOfLine	_	_	_
# segment_iiif_link = https://impresso-project.ch/api/proxy/iiif/GDL-1894-03-01-a-p0002/2777,3880,856,58/full/0/default.jpg
l	O	O	O	O	O	O	_	_	NoSpaceAfter	_	_	_
'	O	O	O	O	O	O	_	_	NoSpaceAfter	_	_	_
ordre	O	O	O	O	O	O	_	_	_	_	_	_
dans	O	O	O	O	O	O	_	_	_	_	_	_
son	O	O	O	O	O	O	_	_	_	_	_	_
propre	O	O	O	O	O	O	_	_	_	_	_	_
parti	O	O	O	O	O	O	_	_	NoSpaceAfter	_	_	_
,	O	O	O	O	O	O	_	_	_	_	_	_
car	O	O	O	O	O	O	_	_	_	_	_	_
c	O	O	O	O	O	O	_	_	NoSpaceAfter	_	_	_
'	O	O	O	O	O	O	_	_	NoSpaceAfter	_	_	_
est	O	O	O	O	O	O	_	_	_	_	_	_
la	O	O	O	O	O	O	_	_	_	_	_	_
scission	O	O	O	O	O	O	_	_	_	_	_	_
qui	O	O	O	O	O	O	_	_	EndOfLine	_	_	_
# segment_iiif_link = https://impresso-project.ch/api/proxy/iiif/GDL-1894-03-01-a-p0002/2778,3923,855,60/full/0/default.jpg
s	O	O	O	O	O	O	_	_	NoSpaceAfter	_	_	_
'	O	O	O	O	O	O	_	_	NoSpaceAfter	_	_	_
est	O	O	O	O	O	O	_	_	_	_	_	_
produite	O	O	O	O	O	O	_	_	_	_	_	_
parmi	O	O	O	O	O	O	_	_	_	_	_	_
les	O	O	O	O	O	O	_	_	_	_	_	_
nationaux	O	O	O	O	O	O	_	_	NoSpaceAfter	_	_	_
-	O	O	O	O	O	O	_	_	NoSpaceAfter	_	_	_
libéraux	O	O	O	O	O	O	_	_	_	_	_	_
qui	O	O	O	O	O	O	_	_	_	_	_	_
permet	O	O	O	O	O	O	_	_	EndOfLine	_	_	_
# segment_iiif_link = https://impresso-project.ch/api/proxy/iiif/GDL-1894-03-01-a-p0002/2778,3967,862,60/full/0/default.jpg
encore	O	O	O	O	O	O	_	_	_	_	_	_
de	O	O	O	O	O	O	_	_	_	_	_	_
douter	O	O	O	O	O	O	_	_	_	_	_	_
du	O	O	O	O	O	O	_	_	_	_	_	_
sort	O	O	O	O	O	O	_	_	_	_	_	_
du	O	O	O	O	O	O	_	_	_	_	_	_
traité	O	O	O	O	O	O	_	_	NoSpaceAfter	_	_	_
,	O	O	O	O	O	O	_	_	_	_	_	_
Pour	O	O	O	O	O	O	_	_	_	_	_	_
M	O	O	O	O	O	O	_	_	NoSpaceAfter	_	_	_
.	O	O	O	O	O	O	_	_	_	_	_	_
Richter	O	O	O	O	O	O	_	_	NoSpaceAfter	_	_	_
,	O	O	O	O	O	O	_	_	_	_	_	_
la	O	O	O	O	O	O	_	_	EndOfLine	_	_	_
# segment_iiif_link = https://impresso-project.ch/api/proxy/iiif/GDL-1894-03-01-a-p0002/2777,4012,858,60/full/0/default.jpg
ratification	O	O	O	O	O	O	_	_	_	_	_	_
de	O	O	O	O	O	O	_	_	_	_	_	_
celui	O	O	O	O	O	O	_	_	NoSpaceAfter	_	_	_
-	O	O	O	O	O	O	_	_	NoSpaceAfter	_	_	_
ci	O	O	O	O	O	O	_	_	_	_	_	_
est	O	O	O	O	O	O	_	_	_	_	_	_
un	O	O	O	O	O	O	_	_	_	_	_	_
acte	O	O	O	O	O	O	_	_	_	_	_	_
d	O	O	O	O	O	O	_	_	NoSpaceAfter	_	_	_
'	O	O	O	O	O	O	_	_	NoSpaceAfter	_	_	_
honnête	O	O	O	O	O	O	_	_	EndOfLine	_	_	_
# segment_iiif_link = https://impresso-project.ch/api/proxy/iiif/GDL-1894-03-01-a-p0002/2778,4055,857,60/full/0/default.jpg
internationale	O	O	O	O	O	O	_	_	NoSpaceAfter	_	_	_
.	O	O	O	O	O	O	_	_	_	_	_	_
Il	O	O	O	O	O	O	_	_	_	_	_	_
faut	O	O	O	O	O	O	_	_	_	_	_	_
le	O	O	O	O	O	O	_	_	_	_	_	_
prononcer	O	O	O	O	O	O	_	_	_	_	_	_
immédiatement	O	O	O	O	O	O	_	_	NoSpaceAfter	_	_	_
,	O	O	O	O	O	O	_	_	_	_	_	_
sans	O	O	O	O	O	O	_	_	EndOfLine	_	_	_
# segment_iiif_link = https://impresso-project.ch/api/proxy/iiif/GDL-1894-03-01-a-p0002/2778,4100,855,58/full/0/default.jpg
même	O	O	O	O	O	O	_	_	_	_	_	_
recourir	O	O	O	O	O	O	_	_	_	_	_	_
à	O	O	O	O	O	O	_	_	_	_	_	_
la	O	O	O	O	O	O	_	_	_	_	_	_
formalité	O	O	O	O	O	O	_	_	_	_	_	_
de	O	O	O	O	O	O	_	_	_	_	_	_
renvoi	O	O	O	O	O	O	_	_	_	_	_	_
à	O	O	O	O	O	O	_	_	_	_	_	_
une	O	O	O	O	O	O	_	_	EndOfLine	_	_	_
# segment_iiif_link = https://impresso-project.ch/api/proxy/iiif/GDL-1894-03-01-a-p0002/2778,4143,129,60/full/0/default.jpg
commission	O	O	O	O	O	O	_	_	NoSpaceAfter	_	_	_
.	O	O	O	O	O	O	_	_	EndOfLine	_	_	_
# segment_iiif_link = https://impresso-project.ch/api/proxy/iiif/GDL-1894-03-01-a-p0002/2818,4192,815,60/full/0/default.jpg
M	O	O	O	O	O	O	_	_	NoSpaceAfter	_	_	_
.	O	O	O	O	O	O	_	_	_	_	_	_
Lieber	O	O	O	O	O	O	_	_	_	_	_	_
es	O	O	O	O	O	O	_	_	_	_	_	_
(	O	O	O	O	O	O	_	_	NoSpaceAfter	_	_	_
ensuite	O	O	O	O	O	O	_	_	_	_	_	_
mente	O	O	O	O	O	O	_	_	_	_	_	_
à	O	O	O	O	O	O	_	_	_	_	_	_
la	O	O	O	O	O	O	_	_	_	_	_	_
tribune	O	O	O	O	O	O	_	_	_	_	_	_
comme	O	O	O	O	O	O	_	_	EndOfLine	_	_	_
# segment_iiif_link = https://impresso-project.ch/api/proxy/iiif/GDL-1894-03-01-a-p0002/2778,4235,855,60/full/0/default.jpg
porte	O	O	O	O	O	O	_	_	NoSpaceAfter	_	_	_
-	O	O	O	O	O	O	_	_	NoSpaceAfter	_	_	_
parole	O	O	O	O	O	O	_	_	_	_	_	_
du	O	O	O	O	O	O	_	_	_	_	_	_
centre	O	O	O	O	O	O	_	_	_	_	_	_
catholique	O	O	O	O	O	O	_	_	NoSpaceAfter	_	_	_
.	O	O	O	O	O	O	_	_	_	_	_	_
Ce	O	O	O	O	O	O	_	_	_	_	_	_
parti	O	O	O	O	O	O	_	_	_	_	_	_
est	O	O	O	O	O	O	_	_	_	_	_	_
divisé	O	O	O	O	O	O	_	_	NoSpaceAfter	_	_	_
,	O	O	O	O	O	O	_	_	EndOfLine	_	_	_
# segment_iiif_link = https://impresso-project.ch/api/proxy/iiif/GDL-1894-03-01-a-p0002/2778,4280,856,58/full/0/default.jpg
mais	O	O	O	O	O	O	_	_	_	_	_	_
il	O	O	O	O	O	O	_	_	_	_	_	_
a	O	O	O	O	O	O	_	_	_	_	_	_
chargé	O	O	O	O	O	O	_	_	NoSpaceAfter	_	_	_
,	O	O	O	O	O	O	_	_	_	_	_	_
pour	O	O	O	O	O	O	_	_	_	_	_	_
gagner	O	O	O	O	O	O	_	_	_	_	_	_
du	O	O	O	O	O	O	_	_	_	_	_	_
temps	O	O	O	O	O	O	_	_	NoSpaceAfter	_	_	_
,	O	O	O	O	O	O	_	_	_	_	_	_
un	O	O	O	O	O	O	_	_	_	_	_	_
seul	O	O	O	O	O	O	_	_	EndOfLine	_	_	_
# segment_iiif_link = https://impresso-project.ch/api/proxy/iiif/GDL-1894-03-01-a-p0002/2780,4323,853,60/full/0/default.jpg
orateur	O	O	O	O	O	O	_	_	_	_	_	_
de	O	O	O	O	O	O	_	_	_	_	_	_
parler	O	O	O	O	O	O	_	_	_	_	_	_
en	O	O	O	O	O	O	_	_	_	_	_	_
son	O	O	O	O	O	O	_	_	_	_	_	_
nom	O	O	O	O	O	O	_	_	NoSpaceAfter	_	_	_
.	O	O	O	O	O	O	_	_	_	_	_	_
Pour	O	O	O	O	O	O	_	_	_	_	_	_
les	O	O	O	O	O	O	_	_	_	_	_	_
partisans	O	O	O	O	O	O	_	_	_	_	_	_
du	O	O	O	O	O	O	_	_	_	_	_	_
traité	O	O	O	O	O	O	_	_	EndOfLine	_	_	_
# segment_iiif_link = https://impresso-project.ch/api/proxy/iiif/GDL-1894-03-01-a-p0002/2778,4367,854,60/full/0/default.jpg
la	O	O	O	O	O	O	_	_	_	_	_	_
suppression	O	O	O	O	O	O	_	_	_	_	_	_
du	O	O	O	O	O	O	_	_	_	_	_	_
tarif	O	O	O	O	O	O	_	_	_	_	_	_
à	O	O	O	O	O	O	_	_	_	_	_	_
échelle	O	O	O	O	O	O	_	_	_	_	_	_
est	O	O	O	O	O	O	_	_	_	_	_	_
une	O	O	O	O	O	O	_	_	_	_	_	_
condition	O	O	O	O	O	O	_	_	EndOfLine	_	_	_
# segment_iiif_link = https://impresso-project.ch/api/proxy/iiif/GDL-1894-03-01-a-p0002/2778,4412,856,60/full/0/default.jpg
préliminaire	O	O	O	O	O	O	_	_	_	_	_	_
de	O	O	O	O	O	O	_	_	_	_	_	_
son	O	O	O	O	O	O	_	_	_	_	_	_
adoption	O	O	O	O	O	O	_	_	_	_	_	_
;	O	O	O	O	O	O	_	_	_	_	_	_
la	O	O	O	O	O	O	_	_	_	_	_	_
proposition	O	O	O	O	O	O	_	_	_	_	_	_
de	O	O	O	O	O	O	_	_	_	_	_	_
M	O	O	O	O	O	O	_	_	NoSpaceAfter	_	_	_
.	O	O	O	O	O	O	_	_	_	_	_	_
de	O	O	O	O	O	O	_	_	EndOfLine	_	_	_
# segment_iiif_link = https://impresso-project.ch/api/proxy/iiif/GDL-1894-03-01-a-p0002/2778,4455,855,60/full/0/default.jpg
Kardorff	O	O	O	O	O	O	_	_	_	_	_	_
est	O	O	O	O	O	O	_	_	_	_	_	_
inacceptable	O	O	O	O	O	O	_	_	NoSpaceAfter	_	_	_
.	O	O	O	O	O	O	_	_	_	_	_	_
L	O	O	O	O	O	O	_	_	NoSpaceAfter	_	_	_
'	O	O	O	O	O	O	_	_	NoSpaceAfter	_	_	_
autre	O	O	O	O	O	O	_	_	_	_	_	_
fraction	O	O	O	O	O	O	_	_	_	_	_	_
du	O	O	O	O	O	O	_	_	_	_	_	_
parti	O	O	O	O	O	O	_	_	EndOfLine	_	_	_
# segment_iiif_link = https://impresso-project.ch/api/proxy/iiif/GDL-1894-03-01-a-p0002/2778,4500,857,58/full/0/default.jpg
croit	O	O	O	O	O	O	_	_	_	_	_	_
devoir	O	O	O	O	O	O	_	_	_	_	_	_
repousser	O	O	O	O	O	O	_	_	_	_	_	_
le	O	O	O	O	O	O	_	_	_	_	_	_
traité	O	O	O	O	O	O	_	_	_	_	_	_
à	O	O	O	O	O	O	_	_	_	_	_	_
cause	O	O	O	O	O	O	_	_	_	_	_	_
des	O	O	O	O	O	O	_	_	_	_	_	_
scrupules	O	O	O	O	O	O	_	_	EndOfLine	_	_	_
# segment_iiif_link = https://impresso-project.ch/api/proxy/iiif/GDL-1894-03-01-a-p0002/2778,4543,856,60/full/0/default.jpg
qu	O	O	O	O	O	O	_	_	NoSpaceAfter	_	_	_
'	O	O	O	O	O	O	_	_	NoSpaceAfter	_	_	_
elle	O	O	O	O	O	O	_	_	_	_	_	_
a	O	O	O	O	O	O	_	_	_	_	_	_
au	O	O	O	O	O	O	_	_	_	_	_	_
point	O	O	O	O	O	O	_	_	_	_	_	_
de	O	O	O	O	O	O	_	_	_	_	_	_
vue	O	O	O	O	O	O	_	_	_	_	_	_
de	O	O	O	O	O	O	_	_	_	_	_	_
ses	O	O	O	O	O	O	_	_	_	_	_	_
conséquences	O	O	O	O	O	O	_	_	_	_	_	_
pour	O	O	O	O	O	O	_	_	EndOfLine	_	_	_
# segment_iiif_link = https://impresso-project.ch/api/proxy/iiif/GDL-1894-03-01-a-p0002/2778,4587,855,60/full/0/default.jpg
l	O	O	O	O	O	O	_	_	NoSpaceAfter	_	_	_
'	O	O	O	O	O	O	_	_	NoSpaceAfter	_	_	_
agriculture	O	O	O	O	O	O	_	_	NoSpaceAfter	_	_	_
.	O	O	O	O	O	O	_	_	_	_	_	_
La	O	O	O	O	O	O	_	_	_	_	_	_
discussion	O	O	O	O	O	O	_	_	_	_	_	_
par	O	O	O	O	O	O	_	_	_	_	_	_
une	O	O	O	O	O	O	_	_	_	_	_	_
commission	O	O	O	O	O	O	_	_	_	_	_	_
fera	O	O	O	O	O	O	_	_	EndOfLine	_	_	_
# segment_iiif_link = https://impresso-project.ch/api/proxy/iiif/GDL-1894-03-01-a-p0002/2778,4632,430,60/full/0/default.jpg
une	O	O	O	O	O	O	_	_	_	_	_	_
lumière	O	O	O	O	O	O	_	_	_	_	_	_
plus	O	O	O	O	O	O	_	_	_	_	_	_
complète	O	O	O	O	O	O	_	_	NoSpaceAfter	_	_	_
,	O	O	O	O	O	O	_	_	EndOfLine	_	_	_
# segment_iiif_link = https://impresso-project.ch/api/proxy/iiif/GDL-1894-03-01-a-p0002/2820,4680,815,60/full/0/default.jpg
M	O	O	O	O	O	O	_	_	NoSpaceAfter	_	_	_
.	O	O	O	O	O	O	_	_	_	_	_	_
Schullze	O	O	O	O	O	O	_	_	_	_	_	_
donne	O	O	O	O	O	O	_	_	_	_	_	_
ensuite	O	O	O	O	O	O	_	_	_	_	_	_
les	O	O	O	O	O	O	_	_	_	_	_	_
raisons	O	O	O	O	O	O	_	_	_	_	_	_
qui	O	O	O	O	O	O	_	_	EndOfLine	_	_	_
# segment_iiif_link = https://impresso-project.ch/api/proxy/iiif/GDL-1894-03-01-a-p0002/2780,4725,853,58/full/0/default.jpg
engagent	O	O	O	O	O	O	_	_	_	_	_	_
les	O	O	O	O	O	O	_	_	_	_	_	_
socialistes	O	O	O	O	O	O	_	_	_	_	_	_
à	O	O	O	O	O	O	_	_	_	_	_	_
se	O	O	O	O	O	O	_	_	_	_	_	_
prononcer	O	O	O	O	O	O	_	_	_	_	_	_
pour	O	O	O	O	O	O	_	_	_	_	_	_
l	O	O	O	O	O	O	_	_	NoSpaceAfter	_	_	_
'	O	O	O	O	O	O	_	_	NoSpaceAfter	_	_	_
adoption	O	O	O	O	O	O	_	_	_	_	_	_
du	O	O	O	O	O	O	_	_	EndOfLine	_	_	_
# segment_iiif_link = https://impresso-project.ch/api/proxy/iiif/GDL-1894-03-01-a-p0002/2782,4768,90,60/full/0/default.jpg
traité	O	O	O	O	O	O	_	_	NoSpaceAfter	_	_	_
.	O	O	O	O	O	O	_	_	EndOfLine	_	_	_
# segment_iiif_link = https://impresso-project.ch/api/proxy/iiif/GDL-1894-03-01-a-p0002/2820,4815,810,58/full/0/default.jpg
M	O	O	O	O	O	O	_	_	NoSpaceAfter	_	_	_
.	O	O	O	O	O	O	_	_	_	_	_	_
Stumm	O	O	O	O	O	O	_	_	NoSpaceAfter	_	_	_
,	O	O	O	O	O	O	_	_	_	_	_	_
du	O	O	O	O	O	O	_	_	_	_	_	_
parti	O	O	O	O	O	O	_	_	_	_	_	_
de	O	O	O	O	O	O	_	_	_	_	_	_
l	O	O	O	O	O	O	_	_	NoSpaceAfter	_	_	_
'	O	O	O	O	O	O	_	_	NoSpaceAfter	_	_	_
empire	O	O	O	O	O	O	_	_	NoSpaceAfter	_	_	_
,	O	O	O	O	O	O	_	_	_	_	_	_
parle	O	O	O	O	O	O	_	_	_	_	_	_
aussi	O	O	O	O	O	O	_	_	_	_	_	_
en	O	O	O	O	O	O	_	_	_	_	_	_
fa	O	O	O	O	O	O	_	_	EndOfLine	_	_	_
# segment_iiif_link = https://impresso-project.ch/api/proxy/iiif/GDL-1894-03-01-a-p0002/2778,4858,857,60/full/0/default.jpg
veur	O	O	O	O	O	O	_	_	_	_	_	_
du	O	O	O	O	O	O	_	_	_	_	_	_
traité	O	O	O	O	O	O	_	_	_	_	_	_
et	O	O	O	O	O	O	_	_	_	_	_	_
dit	O	O	O	O	O	O	_	_	_	_	_	_
que	O	O	O	O	O	O	_	_	_	_	_	_
la	O	O	O	O	O	O	_	_	_	_	_	_
suppression	O	O	O	O	O	O	_	_	_	_	_	_
des	O	O	O	O	O	O	_	_	_	_	_	_
certificats	O	O	O	O	O	O	_	_	EndOfLine	_	_	_
# segment_iiif_link = https://impresso-project.ch/api/proxy/iiif/GDL-1894-03-01-a-p0002/2782,4902,851,60/full/0/default.jpg
d	O	O	O	O	O	O	_	_	NoSpaceAfter	_	_	_
'	O	O	O	O	O	O	_	_	NoSpaceAfter	_	_	_
origine	O	O	O	O	O	O	_	_	_	_	_	_
constitue	O	O	O	O	O	O	_	_	_	_	_	_
une	O	O	O	O	O	O	_	_	_	_	_	_
compensation	O	O	O	O	O	O	_	_	_	_	_	_
suffisante	O	O	O	O	O	O	_	_	_	_	_	_
pour	O	O	O	O	O	O	_	_	EndOfLine	_	_	_
# segment_iiif_link = https://impresso-project.ch/api/proxy/iiif/GDL-1894-03-01-a-p0002/2782,4947,863,60/full/0/default.jpg
les	O	O	O	O	O	O	_	_	_	_	_	_
provinces	O	O	O	O	O	O	_	_	_	_	_	_
orientales	O	O	O	O	O	O	_	_	NoSpaceAfter	_	_	_
.	O	O	O	O	O	O	_	_	_	_	_	_
Une	O	O	O	O	O	O	_	_	_	_	_	_
durée	O	O	O	O	O	O	_	_	_	_	_	_
de	O	O	O	O	O	O	_	_	_	_	_	_
moins	O	O	O	O	O	O	_	_	_	_	_	_
de	O	O	O	O	O	O	_	_	_	_	_	_
dix	O	O	O	O	O	O	_	_	EndOfLine	_	_	_
# segment_iiif_link = https://impresso-project.ch/api/proxy/iiif/GDL-1894-03-01-a-p0002/2782,4990,433,60/full/0/default.jpg
ans	O	O	O	O	O	O	_	_	_	_	_	_
du	O	O	O	O	O	O	_	_	_	_	_	_
traité	O	O	O	O	O	O	_	_	_	_	_	_
ne	O	O	O	O	O	O	_	_	_	_	_	_
sert	O	O	O	O	O	O	_	_	_	_	_	_
à	O	O	O	O	O	O	_	_	_	_	_	_
rien	O	O	O	O	O	O	_	_	NoSpaceAfter	_	_	_
.	O	O	O	O	O	O	_	_	EndOfLine	_	_	_
# segment_iiif_link = https://impresso-project.ch/api/proxy/iiif/GDL-1894-03-01-a-p0002/2822,5037,809,60/full/0/default.jpg
M	O	O	O	O	O	O	_	_	NoSpaceAfter	_	_	_
.	O	O	O	O	O	O	_	_	_	_	_	_
Bernsdoiff	O	O	O	O	O	O	_	_	NoSpaceAfter	_	_	_
,	O	O	O	O	O	O	_	_	_	_	_	_
guelfe	O	O	O	O	O	O	_	_	NoSpaceAfter	_	_	_
,	O	O	O	O	O	O	_	_	_	_	_	_
parle	O	O	O	O	O	O	_	_	_	_	_	_
également	O	O	O	O	O	O	_	_	_	_	_	_
eu	O	O	O	O	O	O	_	_	_	_	_	_
faveur	O	O	O	O	O	O	_	_	_	_	_	_
du	O	O	O	O	O	O	_	_	EndOfLine	_	_	_
# segment_iiif_link = https://impresso-project.ch/api/proxy/iiif/GDL-1894-03-01-a-p0002/2782,5080,90,60/full/0/default.jpg
traité	O	O	O	O	O	O	_	_	NoSpaceAfter	_	_	_
.	O	O	O	O	O	O	_	_	EndOfLine	_	_	_
# segment_iiif_link = https://impresso-project.ch/api/proxy/iiif/GDL-1894-03-01-a-p0002/2822,5127,725,60/full/0/default.jpg
La	O	O	O	O	O	O	_	_	_	_	_	_
suite	O	O	O	O	O	O	_	_	_	_	_	_
de	O	O	O	O	O	O	_	_	_	_	_	_
la	O	O	O	O	O	O	_	_	_	_	_	_
discussion	O	O	O	O	O	O	_	_	_	_	_	_
est	O	O	O	O	O	O	_	_	_	_	_	_
renvoyée	O	O	O	O	O	O	_	_	_	_	_	_
à	O	O	O	O	O	O	_	_	_	_	_	_
jeudi	O	O	O	O	O	O	_	_	NoSpaceAfter	_	_	_
.	O	O	O	O	O	O	_	_	EndOfLine	_	_	_
# segment_iiif_link = https://impresso-project.ch/api/proxy/iiif/GDL-1894-03-01-a-p0002/3135,5267,143,60/full/0/default.jpg
France	O	O	O	O	O	O	_	_	NoSpaceAfter	_	_	_
.	O	O	O	O	O	O	_	_	EndOfLine	_	_	_
# segment_iiif_link = https://impresso-project.ch/api/proxy/iiif/GDL-1894-03-01-a-p0002/2822,5325,812,60/full/0/default.jpg
Les	O	O	O	O	O	O	_	_	_	_	_	_
députés	O	O	O	O	O	O	_	_	_	_	_	_
de	O	O	O	O	O	O	_	_	_	_	_	_
la	O	O	O	O	O	O	_	_	_	_	_	_
Haute	O	O	O	O	O	O	_	_	NoSpaceAfter	_	_	_
-	O	O	O	O	O	O	_	_	NoSpaceAfter	_	_	_
Savoie	O	O	O	O	O	O	_	_	_	_	_	_
ont	O	O	O	O	O	O	_	_	_	_	_	_
défendu	O	O	O	O	O	O	_	_	_	_	_	_
hier	O	O	O	O	O	O	_	_	EndOfLine	_	_	_
# segment_iiif_link = https://impresso-project.ch/api/proxy/iiif/GDL-1894-03-01-a-p0002/2782,5365,852,60/full/0/default.jpg
devant	O	O	O	O	O	O	_	_	_	_	_	_
la	O	O	O	O	O	O	_	_	_	_	_	_
commission	O	O	O	O	O	O	_	_	_	_	_	_
de	O	O	O	O	O	O	_	_	_	_	_	_
l	O	O	O	O	O	O	_	_	NoSpaceAfter	_	_	_
'	O	O	O	O	O	O	_	_	NoSpaceAfter	_	_	_
armée	O	O	O	O	O	O	_	_	_	_	_	_
leur	O	O	O	O	O	O	_	_	_	_	_	_
proposition	O	O	O	O	O	O	_	_	EndOfLine	_	_	_
# segment_iiif_link = https://impresso-project.ch/api/proxy/iiif/GDL-1894-03-01-a-p0002/2782,5405,851,60/full/0/default.jpg
tendant	O	O	O	O	O	O	_	_	_	_	_	_
à	O	O	O	O	O	O	_	_	_	_	_	_
porter	O	O	O	O	O	O	_	_	_	_	_	_
de	O	O	O	O	O	O	_	_	_	_	_	_
30	O	O	O	O	O	O	_	_	_	_	_	_
à	O	O	O	O	O	O	_	_	_	_	_	_
32	O	O	O	O	O	O	_	_	_	_	_	_
le	O	O	O	O	O	O	_	_	_	_	_	_
nombre	O	O	O	O	O	O	_	_	_	_	_	_
des	O	O	O	O	O	O	_	_	_	_	_	_
bataillons	O	O	O	O	O	O	_	_	_	_	_	_
al	O	O	O	O	O	O	_	_	_	_	_	_
?	O	O	O	O	O	O	_	_	EndOfLine	_	_	_
# segment_iiif_link = https://impresso-project.ch/api/proxy/iiif/GDL-1894-03-01-a-p0002/2782,5445,850,60/full/0/default.jpg
pins	O	O	O	O	O	O	_	_	NoSpaceAfter	_	_	_
,	O	O	O	O	O	O	_	_	_	_	_	_
de	O	O	O	O	O	O	_	_	_	_	_	_
manière	O	O	O	O	O	O	_	_	_	_	_	_
à	O	O	O	O	O	O	_	_	_	_	_	_
en	O	O	O	O	O	O	_	_	_	_	_	_
rendre	O	O	O	O	O	O	_	_	_	_	_	_
deux	O	O	O	O	O	O	_	_	_	_	_	_
disponibles	O	O	O	O	O	O	_	_	_	_	_	_
pour	O	O	O	O	O	O	_	_	EndOfLine	_	_	_
# segment_iiif_link = https://impresso-project.ch/api/proxy/iiif/GDL-1894-03-01-a-p0002/2782,5485,850,60/full/0/default.jpg
l	O	O	O	O	O	O	_	_	NoSpaceAfter	_	_	_
'	O	O	O	O	O	O	_	_	NoSpaceAfter	_	_	_
occupation	O	O	O	O	O	O	_	_	_	_	_	_
du	O	O	O	O	O	O	_	_	_	_	_	_
Chablais	O	O	O	O	O	O	_	_	_	_	_	_
et	O	O	O	O	O	O	_	_	_	_	_	_
du	O	O	O	O	O	O	_	_	_	_	_	_
Faucigny	O	O	O	O	O	O	_	_	NoSpaceAfter	_	_	_
.	O	O	O	O	O	O	_	_	_	_	_	_
Le	O	O	O	O	O	O	_	_	_	_	_	_
ministre	O	O	O	O	O	O	_	_	EndOfLine	_	_	_
# segment_iiif_link = https://impresso-project.ch/api/proxy/iiif/GDL-1894-03-01-a-p0002/2782,5525,854,60/full/0/default.jpg
de	O	O	O	O	O	O	_	_	_	_	_	_
la	O	O	O	O	O	O	_	_	_	_	_	_
guerre	O	O	O	O	O	O	_	_	_	_	_	_
a	O	O	O	O	O	O	_	_	_	_	_	_
répondu	O	O	O	O	O	O	_	_	_	_	_	_
que	O	O	O	O	O	O	_	_	_	_	_	_
la	O	O	O	O	O	O	_	_	_	_	_	_
situation	O	O	O	O	O	O	_	_	_	_	_	_
est	O	O	O	O	O	O	_	_	_	_	_	_
très	O	O	O	O	O	O	_	_	_	_	_	_
nette	O	O	O	O	O	O	_	_	_	_	_	_
:	O	O	O	O	O	O	_	_	EndOfLine	_	_	_
# segment_iiif_link = https://impresso-project.ch/api/proxy/iiif/GDL-1894-03-01-a-p0002/2785,5565,849,60/full/0/default.jpg
«	O	O	O	O	O	O	_	_	_	_	_	_
Pas	O	O	O	O	O	O	_	_	_	_	_	_
plus	O	O	O	O	O	O	_	_	_	_	_	_
que	O	O	O	O	O	O	_	_	_	_	_	_
la	O	O	O	O	O	O	_	_	_	_	_	_
Suisse	O	O	O	O	O	O	_	_	NoSpaceAfter	_	_	_
,	O	O	O	O	O	O	_	_	_	_	_	_
nous	O	O	O	O	O	O	_	_	_	_	_	_
n	O	O	O	O	O	O	_	_	NoSpaceAfter	_	_	_
'	O	O	O	O	O	O	_	_	NoSpaceAfter	_	_	_
avons	O	O	O	O	O	O	_	_	_	_	_	_
intérêt	O	O	O	O	O	O	_	_	_	_	_	_
à	O	O	O	O	O	O	_	_	EndOfLine	_	_	_
# segment_iiif_link = https://impresso-project.ch/api/proxy/iiif/GDL-1894-03-01-a-p0002/2782,5605,850,60/full/0/default.jpg
violer	O	O	O	O	O	O	_	_	_	_	_	_
ou	O	O	O	O	O	O	_	_	_	_	_	_
à	O	O	O	O	O	O	_	_	_	_	_	_
laisser	O	O	O	O	O	O	_	_	_	_	_	_
violer	O	O	O	O	O	O	_	_	_	_	_	_
les	O	O	O	O	O	O	_	_	_	_	_	_
pays	O	O	O	O	O	O	_	_	_	_	_	_
neutralisés	O	O	O	O	O	O	_	_	NoSpaceAfter	_	_	_
.	O	O	O	O	O	O	_	_	_	_	_	_
La	O	O	O	O	O	O	_	_	_	_	_	_
France	O	O	O	O	O	O	_	_	EndOfLine	_	_	_
# segment_iiif_link = https://impresso-project.ch/api/proxy/iiif/GDL-1894-03-01-a-p0002/2782,5645,851,60/full/0/default.jpg
a	O	O	O	O	O	O	_	_	_	_	_	_
sur	O	O	O	O	O	O	_	_	_	_	_	_
la	O	O	O	O	O	O	_	_	_	_	_	_
frontière	O	O	O	O	O	O	_	_	_	_	_	_
des	O	O	O	O	O	O	_	_	_	_	_	_
Alpes	O	O	O	O	O	O	_	_	_	_	_	_
de	O	O	O	O	O	O	_	_	_	_	_	_
la	O	O	O	O	O	O	_	_	_	_	_	_
Haute	O	O	O	O	O	O	_	_	NoSpaceAfter	_	_	_
-	O	O	O	O	O	O	_	_	NoSpaceAfter	_	_	_
Savoie	O	O	O	O	O	O	_	_	_	_	_	_
de	O	O	O	O	O	O	_	_	EndOfLine	_	_	_
# segment_iiif_link = https://impresso-project.ch/api/proxy/iiif/GDL-1894-03-01-a-p0002/2782,5685,851,60/full/0/default.jpg
quoi	O	O	O	O	O	O	_	_	_	_	_	_
faire	O	O	O	O	O	O	_	_	_	_	_	_
face	O	O	O	O	O	O	_	_	_	_	_	_
à	O	O	O	O	O	O	_	_	_	_	_	_
toute	O	O	O	O	O	O	_	_	_	_	_	_
éventualité	O	O	O	O	O	O	_	_	NoSpaceAfter	_	_	_
.	O	O	O	O	O	O	_	_	_	_	_	_
«	O	O	O	O	O	O	_	_	_	_	_	_
Questionné	O	O	O	O	O	O	_	_	_	_	_	_
au	O	O	O	O	O	O	_	_	EndOfLine	_	_	_
# segment_iiif_link = https://impresso-project.ch/api/proxy/iiif/GDL-1894-03-01-a-p0002/2780,5725,850,60/full/0/default.jpg
sujet	O	O	O	O	O	O	_	_	_	_	_	_
des	O	O	O	O	O	O	_	_	_	_	_	_
conditions	O	O	O	O	O	O	_	_	_	_	_	_
dans	O	O	O	O	O	O	_	_	_	_	_	_
lesquelles	O	O	O	O	O	O	_	_	_	_	_	_
s	O	O	O	O	O	O	_	_	NoSpaceAfter	_	_	_
'	O	O	O	O	O	O	_	_	NoSpaceAfter	_	_	_
opérerait	O	O	O	O	O	O	_	_	_	_	_	_
la	O	O	O	O	O	O	_	_	NoSpaceAfter	_	_	_
.	O	O	O	O	O	O	_	_	EndOfLine	_	_	_
# segment_iiif_link = https://impresso-project.ch/api/proxy/iiif/GDL-1894-03-01-a-p0002/2783,5765,848,60/full/0/default.jpg
mobilisation	O	O	O	O	O	O	_	_	_	_	_	_
dans	O	O	O	O	O	O	_	_	_	_	_	_
cette	O	O	O	O	O	O	_	_	_	_	_	_
région	O	O	O	O	O	O	_	_	NoSpaceAfter	_	_	_
,	O	O	O	O	O	O	_	_	_	_	_	_
le	O	O	O	O	O	O	_	_	_	_	_	_
ministre	O	O	O	O	O	O	_	_	_	_	_	_
a	O	O	O	O	O	O	_	_	_	_	_	_
répondu	O	O	O	O	O	O	_	_	_	_	_	_
que	O	O	O	O	O	O	_	_	EndOfLine	_	_	_
# segment_iiif_link = https://impresso-project.ch/api/proxy/iiif/GDL-1894-03-01-a-p0002/2783,5805,852,60/full/0/default.jpg
personne	O	O	O	O	O	O	_	_	_	_	_	_
ne	O	O	O	O	O	O	_	_	_	_	_	_
pourra	O	O	O	O	O	O	_	_	_	_	_	_
entraver	O	O	O	O	O	O	_	_	_	_	_	_
celte	O	O	O	O	O	O	_	_	_	_	_	_
mohi	O	O	O	O	O	O	_	_	_	_	_	_
^	O	O	O	O	O	O	_	_	NoSpaceAfter	_	_	_
;	O	O	O	O	O	O	_	_	NoSpaceAfter	_	_	_
;	O	O	O	O	O	O	_	_	_	_	_	_
i	O	O	O	O	O	O	_	_	_	_	_	_
n	O	O	O	O	O	O	_	_	NoSpaceAfter	_	_	_
,	O	O	O	O	O	O	_	_	_	_	_	_
qui	O	O	O	O	O	O	_	_	EndOfLine	_	_	_
# segment_iiif_link = https://impresso-project.ch/api/proxy/iiif/GDL-1894-03-01-a-p0002/2783,5845,852,60/full/0/default.jpg
s	O	O	O	O	O	O	_	_	NoSpaceAfter	_	_	_
'	O	O	O	O	O	O	_	_	NoSpaceAfter	_	_	_
opérera	O	O	O	O	O	O	_	_	_	_	_	_
comme	O	O	O	O	O	O	_	_	_	_	_	_
sur	O	O	O	O	O	O	_	_	_	_	_	_
tous	O	O	O	O	O	O	_	_	_	_	_	_
les	O	O	O	O	O	O	_	_	_	_	_	_
autres	O	O	O	O	O	O	_	_	_	_	_	_
points	O	O	O	O	O	O	_	_	_	_	_	_
du	O	O	O	O	O	O	_	_	EndOfLine	_	_	_
# segment_iiif_link = https://impresso-project.ch/api/proxy/iiif/GDL-1894-03-01-a-p0002/2783,5885,80,60/full/0/default.jpg
territoire	O	O	O	O	O	O	_	_	NoSpaceAfter	_	_	_
.	O	O	O	O	O	O	_	_	EndOfLine	_	_	_
# segment_iiif_link = https://impresso-project.ch/api/proxy/iiif/GDL-1894-03-01-a-p0002/2822,5935,813,58/full/0/default.jpg
—	O	O	O	O	O	O	_	_	_	_	_	_
Les	O	O	O	O	O	O	_	_	_	_	_	_
pouvoirs	O	O	O	O	O	O	_	_	_	_	_	_
de	O	O	O	O	O	O	_	_	_	_	_	_
M	O	O	O	O	O	O	_	_	NoSpaceAfter	_	_	_
.	O	O	O	O	O	O	_	_	_	_	_	_
Alphonse	O	O	O	O	O	O	_	_	_	_	_	_
Humbert	O	O	O	O	O	O	_	_	_	_	_	_
étant	O	O	O	O	O	O	_	_	EndOfLine	_	_	_
# segment_iiif_link = https://impresso-project.ch/api/proxy/iiif/GDL-1894-03-01-a-p0002/2782,5975,851,58/full/0/default.jpg
arrivés	O	O	O	O	O	O	_	_	_	_	_	_
à	O	O	O	O	O	O	_	_	_	_	_	_
leur	O	O	O	O	O	O	_	_	_	_	_	_
terme	O	O	O	O	O	O	_	_	NoSpaceAfter	_	_	_
,	O	O	O	O	O	O	_	_	_	_	_	_
le	O	O	O	O	O	O	_	_	_	_	_	_
conseil	O	O	O	O	O	O	_	_	_	_	_	_
municipal	O	O	O	O	O	O	_	_	_	_	_	_
de	O	O	O	O	O	O	_	_	_	_	_	_
Paris	O	O	O	O	O	O	_	_	_	_	_	_
s	O	O	O	O	O	O	_	_	NoSpaceAfter	_	_	_
'	O	O	O	O	O	O	_	_	NoSpaceAfter	_	_	_
est	O	O	O	O	O	O	_	_	EndOfLine	_	_	_
# segment_iiif_link = https://impresso-project.ch/api/proxy/iiif/GDL-1894-03-01-a-p0002/2782,6015,853,58/full/0/default.jpg
donné	O	O	O	O	O	O	_	_	_	_	_	_
comme	O	O	O	O	O	O	_	_	_	_	_	_
président	O	O	O	O	O	O	_	_	_	_	_	_
M	O	O	O	O	O	O	_	_	NoSpaceAfter	_	_	_
.	O	O	O	O	O	O	_	_	_	_	_	_
Champondry	O	O	O	O	O	O	_	_	NoSpaceAfter	_	_	_
,	O	O	O	O	O	O	_	_	EndOfLine	_	_	_
# segment_iiif_link = https://impresso-project.ch/api/proxy/iiif/GDL-1894-03-01-a-p0002/2782,6055,115,58/full/0/default.jpg
radical	O	O	O	O	O	O	_	_	NoSpaceAfter	_	_	_
-	O	O	O	O	O	O	_	_	NoSpaceAfter	_	_	_
socialiste	O	O	O	O	O	O	_	_	NoSpaceAfter	_	_	_
.	O	O	O	O	O	O	_	_	EndOfLine	_	_	_
# segment_iiif_link = https://impresso-project.ch/api/proxy/iiif/GDL-1894-03-01-a-p0002/3112,6107,220,60/full/0/default.jpg
Allemagne	O	O	O	O	O	O	_	_	NoSpaceAfter	_	_	_
.	O	O	O	O	O	O	_	_	EndOfLine	_	_	_
# segment_iiif_link = https://impresso-project.ch/api/proxy/iiif/GDL-1894-03-01-a-p0002/2822,6168,826,60/full/0/default.jpg
La	O	O	O	O	O	O	_	_	_	_	_	_
Gazette	O	O	O	O	O	O	_	_	_	_	_	_
de	O	O	O	O	O	O	_	_	_	_	_	_
Cologne	O	O	O	O	O	O	_	_	_	_	_	_
dit	O	O	O	O	O	O	_	_	_	_	_	_
que	O	O	O	O	O	O	_	_	NoSpaceAfter	_	_	_
,	O	O	O	O	O	O	_	_	_	_	_	_
pendaul	O	O	O	O	O	O	_	_	_	_	_	_
sou	O	O	O	O	O	O	_	_	_	_	_	_
séjour	O	O	O	O	O	O	_	_	EndOfLine	_	_	_
# segment_iiif_link = https://impresso-project.ch/api/proxy/iiif/GDL-1894-03-01-a-p0002/2782,6207,852,60/full/0/default.jpg
à	O	O	O	O	O	O	_	_	_	_	_	_
Abazzia	O	O	O	O	O	O	_	_	NoSpaceAfter	_	_	_
,	O	O	O	O	O	O	_	_	_	_	_	_
l	O	O	O	O	O	O	_	_	NoSpaceAfter	_	_	_
'	O	O	O	O	O	O	_	_	NoSpaceAfter	_	_	_
empereur	O	O	O	O	O	O	_	_	_	_	_	_
d	O	O	O	O	O	O	_	_	NoSpaceAfter	_	_	_
'	O	O	O	O	O	O	_	_	NoSpaceAfter	_	_	_
Allemague	O	O	O	O	O	O	_	_	_	_	_	_
se	O	O	O	O	O	O	_	_	_	_	_	_
rencontrera	O	O	O	O	O	O	_	_	EndOfLine	_	_	_
# segment_iiif_link = https://impresso-project.ch/api/proxy/iiif/GDL-1894-03-01-a-p0002/2782,6247,850,60/full/0/default.jpg
avec	O	O	O	O	O	O	_	_	_	_	_	_
l	O	O	O	O	O	O	_	_	NoSpaceAfter	_	_	_
'	O	O	O	O	O	O	_	_	NoSpaceAfter	_	_	_
empereur	O	O	O	O	O	O	_	_	_	_	_	_
d	O	O	O	O	O	O	_	_	NoSpaceAfter	_	_	_
'	O	O	O	O	O	O	_	_	NoSpaceAfter	_	_	_
Autriche	O	O	O	O	O	O	_	_	NoSpaceAfter	_	_	_
,	O	O	O	O	O	O	_	_	_	_	_	_
qui	O	O	O	O	O	O	_	_	_	_	_	_
s	O	O	O	O	O	O	_	_	NoSpaceAfter	_	_	_
'	O	O	O	O	O	O	_	_	NoSpaceAfter	_	_	_
arrêtera	O	O	O	O	O	O	_	_	_	_	_	_
dans	O	O	O	O	O	O	_	_	_	_	_	_
celte	O	O	O	O	O	O	_	_	EndOfLine	_	_	_
# segment_iiif_link = https://impresso-project.ch/api/proxy/iiif/GDL-1894-03-01-a-p0002/2782,6285,848,60/full/0/default.jpg
ville	O	O	O	O	O	O	_	_	_	_	_	_
au	O	O	O	O	O	O	_	_	_	_	_	_
milieu	O	O	O	O	O	O	_	_	_	_	_	_
du	O	O	O	O	O	O	_	_	_	_	_	_
mois	O	O	O	O	O	O	_	_	_	_	_	_
do	O	O	O	O	O	O	_	_	_	_	_	_
mars	O	O	O	O	O	O	_	_	NoSpaceAfter	_	_	_
,	O	O	O	O	O	O	_	_	_	_	_	_
en	O	O	O	O	O	O	_	_	_	_	_	_
revenant	O	O	O	O	O	O	_	_	_	_	_	_
de	O	O	O	O	O	O	_	_	_	_	_	_
Men	O	O	O	O	O	O	_	_	EndOfLine	_	_	_
# segment_iiif_link = https://impresso-project.ch/api/proxy/iiif/GDL-1894-03-01-a-p0002/2782,6325,852,58/full/0/default.jpg
ton	O	O	O	O	O	O	_	_	NoSpaceAfter	_	_	_
.	O	O	O	O	O	O	_	_	_	_	_	_
Quant	O	O	O	O	O	O	_	_	_	_	_	_
aux	O	O	O	O	O	O	_	_	_	_	_	_
entrevues	O	O	O	O	O	O	_	_	_	_	_	_
que	O	O	O	O	O	O	_	_	_	_	_	_
l	O	O	O	O	O	O	_	_	NoSpaceAfter	_	_	_
'	O	O	O	O	O	O	_	_	NoSpaceAfter	_	_	_
empereur	O	O	O	O	O	O	_	_	EndOfLine	_	_	_
# segment_iiif_link = https://impresso-project.ch/api/proxy/iiif/GDL-1894-03-01-a-p0002/2782,6363,853,60/full/0/default.jpg
d	O	O	O	O	O	O	_	_	NoSpaceAfter	_	_	_
'	O	O	O	O	O	O	_	_	NoSpaceAfter	_	_	_
Allemagne	O	O	O	O	O	O	_	_	_	_	_	_
aurait	O	O	O	O	O	O	_	_	NoSpaceAfter	_	_	_
,	O	O	O	O	O	O	_	_	_	_	_	_
d	O	O	O	O	O	O	_	_	NoSpaceAfter	_	_	_
'	O	O	O	O	O	O	_	_	NoSpaceAfter	_	_	_
aprèi	O	O	O	O	O	O	_	_	_	_	_	_
quelques	O	O	O	O	O	O	_	_	_	_	_	_
journaux	O	O	O	O	O	O	_	_	_	_	_	_
anglais	O	O	O	O	O	O	_	_	NoSpaceAfter	_	_	_
,	O	O	O	O	O	O	_	_	_	_	_	_
avec	O	O	O	O	O	O	_	_	EndOfLine	_	_	_
# segment_iiif_link = https://impresso-project.ch/api/proxy/iiif/GDL-1894-03-01-a-p0002/3697,285,853,58/full/0/default.jpg
l	O	O	O	O	O	O	_	_	NoSpaceAfter	_	_	_
'	O	O	O	O	O	O	_	_	NoSpaceAfter	_	_	_
empereur	O	O	O	O	O	O	_	_	_	_	_	_
de	O	O	O	O	O	O	_	_	_	_	_	_
Russie	O	O	O	O	O	O	_	_	_	_	_	_
et	O	O	O	O	O	O	_	_	_	_	_	_
le	O	O	O	O	O	O	_	_	_	_	_	_
roi	O	O	O	O	O	O	_	_	_	_	_	_
d	O	O	O	O	O	O	_	_	NoSpaceAfter	_	_	_
'	O	O	O	O	O	O	_	_	NoSpaceAfter	_	_	_
Italie	O	O	O	O	O	O	_	_	NoSpaceAfter	_	_	_
,	O	O	O	O	O	O	_	_	_	_	_	_
la	O	O	O	O	O	O	_	_	_	_	_	_
Gazette	O	O	O	O	O	O	_	_	_	_	_	_
de	O	O	O	O	O	O	_	_	EndOfLine	_	_	_
# segment_iiif_link = https://impresso-project.ch/api/proxy/iiif/GDL-1894-03-01-a-p0002/3700,323,863,60/full/0/default.jpg
Cologne	O	O	O	O	O	O	_	_	_	_	_	_
les	O	O	O	O	O	O	_	_	_	_	_	_
considère	O	O	O	O	O	O	_	_	_	_	_	_
comme	O	O	O	O	O	O	_	_	_	_	_	_
absolument	O	O	O	O	O	O	_	_	_	_	_	_
impossibles	O	O	O	O	O	O	_	_	EndOfLine	_	_	_
# segment_iiif_link = https://impresso-project.ch/api/proxy/iiif/GDL-1894-03-01-a-p0002/3697,362,455,60/full/0/default.jpg
dans	O	O	O	O	O	O	_	_	_	_	_	_
l	O	O	O	O	O	O	_	_	NoSpaceAfter	_	_	_
'	O	O	O	O	O	O	_	_	NoSpaceAfter	_	_	_
état	O	O	O	O	O	O	_	_	_	_	_	_
actuel	O	O	O	O	O	O	_	_	_	_	_	_
des	O	O	O	O	O	O	_	_	_	_	_	_
choses	O	O	O	O	O	O	_	_	NoSpaceAfter	_	_	_
.	O	O	O	O	O	O	_	_	EndOfLine	_	_	_
# segment_iiif_link = https://impresso-project.ch/api/proxy/iiif/GDL-1894-03-01-a-p0002/4062,430,120,58/full/0/default.jpg
Italie	O	O	O	O	O	O	_	_	NoSpaceAfter	_	_	_
.	O	O	O	O	O	O	_	_	EndOfLine	_	_	_
# segment_iiif_link = https://impresso-project.ch/api/proxy/iiif/GDL-1894-03-01-a-p0002/3735,482,813,60/full/0/default.jpg
La	O	O	O	O	O	O	_	_	_	_	_	_
Chambre	O	O	O	O	O	O	_	_	_	_	_	_
italienne	O	O	O	O	O	O	_	_	_	_	_	_
a	O	O	O	O	O	O	_	_	_	_	_	_
poursuivi	O	O	O	O	O	O	_	_	_	_	_	_
hier	O	O	O	O	O	O	_	_	_	_	_	_
son	O	O	O	O	O	O	_	_	_	_	_	_
débat	O	O	O	O	O	O	_	_	EndOfLine	_	_	_
# segment_iiif_link = https://impresso-project.ch/api/proxy/iiif/GDL-1894-03-01-a-p0002/3695,522,422,60/full/0/default.jpg
sur	O	O	O	O	O	O	_	_	_	_	_	_
la	O	O	O	O	O	O	_	_	_	_	_	_
politique	O	O	O	O	O	O	_	_	_	_	_	_
intérieure	O	O	O	O	O	O	_	_	NoSpaceAfter	_	_	_
.	O	O	O	O	O	O	_	_	EndOfLine	_	_	_
# segment_iiif_link = https://impresso-project.ch/api/proxy/iiif/GDL-1894-03-01-a-p0002/3738,562,812,60/full/0/default.jpg
«	O	O	O	O	O	O	_	_	_	_	_	_
M	O	O	O	O	O	O	_	_	NoSpaceAfter	_	_	_
.	O	O	O	O	O	O	_	_	_	_	_	_
Crispi	O	O	O	O	O	O	_	_	NoSpaceAfter	_	_	_
,	O	O	O	O	O	O	_	_	_	_	_	_
dit	O	O	O	O	O	O	_	_	_	_	_	_
une	O	O	O	O	O	O	_	_	_	_	_	_
dépêche	O	O	O	O	O	O	_	_	_	_	_	_
de	O	O	O	O	O	O	_	_	_	_	_	_
l	O	O	O	O	O	O	_	_	NoSpaceAfter	_	_	_
'	O	O	O	O	O	O	_	_	NoSpaceAfter	_	_	_
agence	O	O	O	O	O	O	_	_	_	_	_	_
Havas	O	O	O	O	O	O	Q2826560	_	NoSpaceAfter	_	LED0.00	_
,	O	O	O	O	O	O	_	_	_	_	_	_
a	O	O	O	O	O	O	_	_	EndOfLine	_	_	_
# segment_iiif_link = https://impresso-project.ch/api/proxy/iiif/GDL-1894-03-01-a-p0002/3693,600,857,60/full/0/default.jpg
prononcé	O	O	O	O	O	O	_	_	_	_	_	_
un	O	O	O	O	O	O	_	_	_	_	_	_
grand	O	O	O	O	O	O	_	_	_	_	_	_
discours	O	O	O	O	O	O	_	_	NoSpaceAfter	_	_	_
,	O	O	O	O	O	O	_	_	_	_	_	_
vivement	O	O	O	O	O	O	_	_	_	_	_	_
applaudi	O	O	O	O	O	O	_	_	NoSpaceAfter	_	_	_
,	O	O	O	O	O	O	_	_	EndOfLine	_	_	_
# segment_iiif_link = https://impresso-project.ch/api/proxy/iiif/GDL-1894-03-01-a-p0002/3693,640,857,58/full/0/default.jpg
examinant	O	O	O	O	O	O	_	_	_	_	_	_
la	O	O	O	O	O	O	_	_	_	_	_	_
question	O	O	O	O	O	O	_	_	_	_	_	_
de	O	O	O	O	O	O	_	_	_	_	_	_
Sicile	O	O	O	O	O	O	_	_	_	_	_	_
sous	O	O	O	O	O	O	_	_	_	_	_	_
tous	O	O	O	O	O	O	_	_	_	_	_	_
les	O	O	O	O	O	O	_	_	_	_	_	_
points	O	O	O	O	O	O	_	_	_	_	_	_
de	O	O	O	O	O	O	_	_	EndOfLine	_	_	_
# segment_iiif_link = https://impresso-project.ch/api/proxy/iiif/GDL-1894-03-01-a-p0002/3693,678,857,60/full/0/default.jpg
vue	O	O	O	O	O	O	_	_	NoSpaceAfter	_	_	_
,	O	O	O	O	O	O	_	_	_	_	_	_
exposant	O	O	O	O	O	O	_	_	_	_	_	_
les	O	O	O	O	O	O	_	_	_	_	_	_
faits	O	O	O	O	O	O	_	_	_	_	_	_
prouvant	O	O	O	O	O	O	_	_	_	_	_	_
l	O	O	O	O	O	O	_	_	NoSpaceAfter	_	_	_
'	O	O	O	O	O	O	_	_	NoSpaceAfter	_	_	_
existence	O	O	O	O	O	O	_	_	_	_	_	_
d	O	O	O	O	O	O	_	_	NoSpaceAfter	_	_	_
'	O	O	O	O	O	O	_	_	NoSpaceAfter	_	_	_
une	O	O	O	O	O	O	_	_	EndOfLine	_	_	_
# segment_iiif_link = https://impresso-project.ch/api/proxy/iiif/GDL-1894-03-01-a-p0002/3693,717,857,60/full/0/default.jpg
organisation	O	O	O	O	O	O	_	_	_	_	_	_
révolutionnaire	O	O	O	O	O	O	_	_	_	_	_	_
avec	O	O	O	O	O	O	_	_	_	_	_	_
entente	O	O	O	O	O	O	_	_	_	_	_	_
des	O	O	O	O	O	O	_	_	EndOfLine	_	_	_
# segment_iiif_link = https://impresso-project.ch/api/proxy/iiif/GDL-1894-03-01-a-p0002/3695,757,854,60/full/0/default.jpg
révolutionnaires	O	O	O	O	O	O	_	_	_	_	_	_
qui	O	O	O	O	O	O	_	_	_	_	_	_
sont	O	O	O	O	O	O	_	_	_	_	_	_
à	O	O	O	O	O	O	_	_	_	_	_	_
l	O	O	O	O	O	O	_	_	NoSpaceAfter	_	_	_
'	O	O	O	O	O	O	_	_	NoSpaceAfter	_	_	_
étranger	O	O	O	O	O	O	_	_	_	_	_	_
et	O	O	O	O	O	O	_	_	_	_	_	_
une	O	O	O	O	O	O	_	_	_	_	_	_
tentative	O	O	O	O	O	O	_	_	EndOfLine	_	_	_
# segment_iiif_link = https://impresso-project.ch/api/proxy/iiif/GDL-1894-03-01-a-p0002/3695,795,857,60/full/0/default.jpg
d	O	O	O	O	O	O	_	_	NoSpaceAfter	_	_	_
'	O	O	O	O	O	O	_	_	NoSpaceAfter	_	_	_
accord	O	O	O	O	O	O	_	_	_	_	_	_
avec	O	O	O	O	O	O	_	_	_	_	_	_
quelques	O	O	O	O	O	O	_	_	_	_	_	_
sociétés	O	O	O	O	O	O	_	_	_	_	_	_
cléricales	O	O	O	O	O	O	_	_	_	_	_	_
du	O	O	O	O	O	O	_	_	_	_	_	_
continent	O	O	O	O	O	O	_	_	NoSpaceAfter	_	_	_
.	O	O	O	O	O	O	_	_	EndOfLine	_	_	_
# segment_iiif_link = https://impresso-project.ch/api/proxy/iiif/GDL-1894-03-01-a-p0002/3695,835,870,58/full/0/default.jpg
On	O	O	O	O	O	O	_	_	_	_	_	_
avait	O	O	O	O	O	O	_	_	_	_	_	_
promis	O	O	O	O	O	O	_	_	_	_	_	_
une	O	O	O	O	O	O	_	_	_	_	_	_
division	O	O	O	O	O	O	_	_	_	_	_	_
des	O	O	O	O	O	O	_	_	_	_	_	_
terres	O	O	O	O	O	O	_	_	_	_	_	_
aux	O	O	O	O	O	O	_	_	_	_	_	_
paysans	O	O	O	O	O	O	_	_	EndOfLine	_	_	_
# segment_iiif_link = https://impresso-project.ch/api/proxy/iiif/GDL-1894-03-01-a-p0002/3693,873,857,60/full/0/default.jpg
pour	O	O	O	O	O	O	_	_	_	_	_	_
1894	O	O	O	O	O	O	_	_	_	_	_	_
et	O	O	O	O	O	O	_	_	_	_	_	_
on	O	O	O	O	O	O	_	_	_	_	_	_
comptait	O	O	O	O	O	O	_	_	_	_	_	_
aussi	O	O	O	O	O	O	_	_	_	_	_	_
sur	O	O	O	O	O	O	_	_	_	_	_	_
une	O	O	O	O	O	O	_	_	_	_	_	_
guerre	O	O	O	O	O	O	_	_	_	_	_	_
qui	O	O	O	O	O	O	_	_	EndOfLine	_	_	_
# segment_iiif_link = https://impresso-project.ch/api/proxy/iiif/GDL-1894-03-01-a-p0002/3695,912,853,60/full/0/default.jpg
devait	O	O	O	O	O	O	_	_	_	_	_	_
éclater	O	O	O	O	O	O	_	_	_	_	_	_
cette	O	O	O	O	O	O	_	_	_	_	_	_
année	O	O	O	O	O	O	_	_	_	_	_	_
avec	O	O	O	O	O	O	_	_	_	_	_	_
l	O	O	O	O	O	O	_	_	NoSpaceAfter	_	_	_
'	O	O	O	O	O	O	_	_	NoSpaceAfter	_	_	_
aide	O	O	O	O	O	O	_	_	_	_	_	_
de	O	O	O	O	O	O	_	_	_	_	_	_
la	O	O	O	O	O	O	_	_	_	_	_	_
Russie	O	O	O	O	O	O	_	_	NoSpaceAfter	_	_	_
,	O	O	O	O	O	O	_	_	_	_	_	_
à	O	O	O	O	O	O	_	_	EndOfLine	_	_	_
# segment_iiif_link = https://impresso-project.ch/api/proxy/iiif/GDL-1894-03-01-a-p0002/3693,952,854,60/full/0/default.jpg
laquelle	O	O	O	O	O	O	_	_	_	_	_	_
on	O	O	O	O	O	O	_	_	_	_	_	_
songeait	O	O	O	O	O	O	_	_	_	_	_	_
à	O	O	O	O	O	O	_	_	_	_	_	_
céder	O	O	O	O	O	O	_	_	_	_	_	_
un	O	O	O	O	O	O	_	_	_	_	_	_
port	O	O	O	O	O	O	_	_	_	_	_	_
italien	O	O	O	O	O	O	_	_	NoSpaceAfter	_	_	_
.	O	O	O	O	O	O	_	_	_	_	_	_
(	O	O	O	O	O	O	_	_	NoSpaceAfter	_	_	_
Sensation	O	O	O	O	O	O	_	_	EndOfLine	_	_	_
# segment_iiif_link = https://impresso-project.ch/api/proxy/iiif/GDL-1894-03-01-a-p0002/3693,990,177,60/full/0/default.jpg
prolongée	O	O	O	O	O	O	_	_	NoSpaceAfter	_	_	_
.	O	O	O	O	O	O	_	_	NoSpaceAfter	_	_	_
)	O	O	O	O	O	O	_	_	EndOfLine	_	_	_
# segment_iiif_link = https://impresso-project.ch/api/proxy/iiif/GDL-1894-03-01-a-p0002/3733,1042,815,60/full/0/default.jpg
Dans	O	O	O	O	O	O	_	_	_	_	_	_
les	O	O	O	O	O	O	_	_	_	_	_	_
termes	O	O	O	O	O	O	_	_	_	_	_	_
obscurs	O	O	O	O	O	O	_	_	_	_	_	_
de	O	O	O	O	O	O	_	_	_	_	_	_
ce	O	O	O	O	O	O	_	_	_	_	_	_
compte	O	O	O	O	O	O	_	_	NoSpaceAfter	_	_	_
-	O	O	O	O	O	O	_	_	NoSpaceAfter	_	_	_
rendu	O	O	O	O	O	O	_	_	EndOfLine	_	_	_
# segment_iiif_link = https://impresso-project.ch/api/proxy/iiif/GDL-1894-03-01-a-p0002/3693,1080,855,60/full/0/default.jpg
télégraphique	O	O	O	O	O	O	_	_	NoSpaceAfter	_	_	_
,	O	O	O	O	O	O	_	_	_	_	_	_
il	O	O	O	O	O	O	_	_	_	_	_	_
nous	O	O	O	O	O	O	_	_	_	_	_	_
est	O	O	O	O	O	O	_	_	_	_	_	_
impossible	O	O	O	O	O	O	_	_	_	_	_	_
de	O	O	O	O	O	O	_	_	_	_	_	_
démêler	O	O	O	O	O	O	_	_	_	_	_	_
ce	O	O	O	O	O	O	_	_	_	_	_	_
que	O	O	O	O	O	O	_	_	EndOfLine	_	_	_
# segment_iiif_link = https://impresso-project.ch/api/proxy/iiif/GDL-1894-03-01-a-p0002/3693,1120,855,58/full/0/default.jpg
M	O	O	O	O	O	O	_	_	NoSpaceAfter	_	_	_
.	O	O	O	O	O	O	_	_	_	_	_	_
Crispi	O	O	O	O	O	O	_	_	_	_	_	_
a	O	O	O	O	O	O	_	_	_	_	_	_
voulu	O	O	O	O	O	O	_	_	_	_	_	_
dure	O	O	O	O	O	O	_	_	_	_	_	_
et	O	O	O	O	O	O	_	_	_	_	_	_
ce	O	O	O	O	O	O	_	_	_	_	_	_
que	O	O	O	O	O	O	_	_	_	_	_	_
peut	O	O	O	O	O	O	_	_	_	_	_	_
bien	O	O	O	O	O	O	_	_	_	_	_	_
signifier	O	O	O	O	O	O	_	_	EndOfLine	_	_	_
# segment_iiif_link = https://impresso-project.ch/api/proxy/iiif/GDL-1894-03-01-a-p0002/3693,1158,395,60/full/0/default.jpg
celte	O	O	O	O	O	O	_	_	_	_	_	_
étrange	O	O	O	O	O	O	_	_	_	_	_	_
affirmation	O	O	O	O	O	O	_	_	NoSpaceAfter	_	_	_
.	O	O	O	O	O	O	_	_	EndOfLine	_	_	_
# segment_iiif_link = https://impresso-project.ch/api/proxy/iiif/GDL-1894-03-01-a-p0002/3737,1200,814,58/full/0/default.jpg
«	O	O	O	O	O	O	_	_	_	_	_	_
M	O	O	O	O	O	O	_	_	NoSpaceAfter	_	_	_
.	O	O	O	O	O	O	_	_	_	_	_	_
Crispi	O	O	O	O	O	O	_	_	NoSpaceAfter	_	_	_
,	O	O	O	O	O	O	_	_	_	_	_	_
poursuit	O	O	O	O	O	O	_	_	_	_	_	_
la	O	O	O	O	O	O	_	_	_	_	_	_
dépêche	O	O	O	O	O	O	_	_	_	_	_	_
Havas	O	O	O	O	O	O	Q2826560	_	NoSpaceAfter	_	LED0.00	_
,	O	O	O	O	O	O	_	_	_	_	_	_
défend	O	O	O	O	O	O	_	_	EndOfLine	_	_	_
# segment_iiif_link = https://impresso-project.ch/api/proxy/iiif/GDL-1894-03-01-a-p0002/3693,1238,857,60/full/0/default.jpg
ensuite	O	O	O	O	O	O	_	_	_	_	_	_
la	O	O	O	O	O	O	_	_	_	_	_	_
légalité	O	O	O	O	O	O	_	_	_	_	_	_
et	O	O	O	O	O	O	_	_	_	_	_	_
la	O	O	O	O	O	O	_	_	_	_	_	_
constitutionnalité	O	O	O	O	O	O	_	_	_	_	_	_
de	O	O	O	O	O	O	_	_	_	_	_	_
l	O	O	O	O	O	O	_	_	NoSpaceAfter	_	_	_
'	O	O	O	O	O	O	_	_	NoSpaceAfter	_	_	_
eiat	O	O	O	O	O	O	_	_	_	_	_	_
de	O	O	O	O	O	O	_	_	EndOfLine	_	_	_
# segment_iiif_link = https://impresso-project.ch/api/proxy/iiif/GDL-1894-03-01-a-p0002/3693,1277,857,60/full/0/default.jpg
siège	O	O	O	O	O	O	_	_	_	_	_	_
et	O	O	O	O	O	O	_	_	_	_	_	_
l	O	O	O	O	O	O	_	_	NoSpaceAfter	_	_	_
'	O	O	O	O	O	O	_	_	NoSpaceAfter	_	_	_
arrestation	O	O	O	O	O	O	_	_	_	_	_	_
du	O	O	O	O	O	O	_	_	_	_	_	_
député	O	O	O	O	O	O	_	_	_	_	_	_
de	O	O	O	O	O	O	_	_	_	_	_	_
Félice	O	O	O	O	O	O	_	_	_	_	_	_
;	O	O	O	O	O	O	_	_	_	_	_	_
il	O	O	O	O	O	O	_	_	_	_	_	_
a	O	O	O	O	O	O	_	_	_	_	_	_
annoncé	O	O	O	O	O	O	_	_	EndOfLine	_	_	_
# segment_iiif_link = https://impresso-project.ch/api/proxy/iiif/GDL-1894-03-01-a-p0002/3693,1317,857,60/full/0/default.jpg
des	O	O	O	O	O	O	_	_	_	_	_	_
mesures	O	O	O	O	O	O	_	_	_	_	_	_
économiques	O	O	O	O	O	O	_	_	_	_	_	_
et	O	O	O	O	O	O	_	_	_	_	_	_
une	O	O	O	O	O	O	_	_	_	_	_	_
revision	O	O	O	O	O	O	_	_	_	_	_	_
de	O	O	O	O	O	O	_	_	_	_	_	_
tarifs	O	O	O	O	O	O	_	_	EndOfLine	_	_	_
# segment_iiif_link = https://impresso-project.ch/api/proxy/iiif/GDL-1894-03-01-a-p0002/3693,1355,854,60/full/0/default.jpg
en	O	O	O	O	O	O	_	_	_	_	_	_
faveur	O	O	O	O	O	O	_	_	_	_	_	_
de	O	O	O	O	O	O	_	_	_	_	_	_
la	O	O	O	O	O	O	_	_	_	_	_	_
Sicile	O	O	O	O	O	O	_	_	NoSpaceAfter	_	_	_
.	O	O	O	O	O	O	_	_	_	_	_	_
Ensuite	O	O	O	O	O	O	_	_	NoSpaceAfter	_	_	_
,	O	O	O	O	O	O	_	_	_	_	_	_
le	O	O	O	O	O	O	_	_	_	_	_	_
garde	O	O	O	O	O	O	_	_	NoSpaceAfter	_	_	_
-	O	O	O	O	O	O	_	_	NoSpaceAfter	_	_	_
des	O	O	O	O	O	O	_	_	NoSpaceAfter	_	_	_
-	O	O	O	O	O	O	_	_	NoSpaceAfter	_	_	_
sceaux	O	O	O	O	O	O	_	_	_	_	_	_
a	O	O	O	O	O	O	_	_	EndOfLine	_	_	_
# segment_iiif_link = https://impresso-project.ch/api/proxy/iiif/GDL-1894-03-01-a-p0002/3693,1395,856,58/full/0/default.jpg
défendu	O	O	O	O	O	O	_	_	_	_	_	_
à	O	O	O	O	O	O	_	_	_	_	_	_
son	O	O	O	O	O	O	_	_	_	_	_	_
tour	O	O	O	O	O	O	_	_	_	_	_	_
la	O	O	O	O	O	O	_	_	_	_	_	_
légalité	O	O	O	O	O	O	_	_	_	_	_	_
et	O	O	O	O	O	O	_	_	_	_	_	_
la	O	O	O	O	O	O	_	_	EndOfLine	_	_	_
# segment_iiif_link = https://impresso-project.ch/api/proxy/iiif/GDL-1894-03-01-a-p0002/3693,1433,853,60/full/0/default.jpg
tionnalité	O	O	O	O	O	O	_	_	_	_	_	_
de	O	O	O	O	O	O	_	_	_	_	_	_
l	O	O	O	O	O	O	_	_	NoSpaceAfter	_	_	_
'	O	O	O	O	O	O	_	_	NoSpaceAfter	_	_	_
état	O	O	O	O	O	O	_	_	_	_	_	_
de	O	O	O	O	O	O	_	_	_	_	_	_
siège	O	O	O	O	O	O	_	_	_	_	_	_
en	O	O	O	O	O	O	_	_	_	_	_	_
Sicde	O	O	O	O	O	O	_	_	NoSpaceAfter	_	_	_
.	O	O	O	O	O	O	_	_	_	_	_	_
La	O	O	O	O	O	O	_	_	_	_	_	_
séance	O	O	O	O	O	O	_	_	EndOfLine	_	_	_
# segment_iiif_link = https://impresso-project.ch/api/proxy/iiif/GDL-1894-03-01-a-p0002/3693,1472,187,60/full/0/default.jpg
est	O	O	O	O	O	O	_	_	_	_	_	_
levée	O	O	O	O	O	O	_	_	NoSpaceAfter	_	_	_
.	O	O	O	O	O	O	_	_	_	_	_	_
»	O	O	O	O	O	O	_	_	EndOfLine	_	_	_
# segment_iiif_link = https://impresso-project.ch/api/proxy/iiif/GDL-1894-03-01-a-p0002/3733,1532,812,60/full/0/default.jpg
—	O	O	O	O	O	O	_	_	_	_	_	_
Le	O	O	O	O	O	O	_	_	_	_	_	_
Sénat	O	O	O	O	O	O	_	_	_	_	_	_
a	O	O	O	O	O	O	_	_	_	_	_	_
refusé	O	O	O	O	O	O	_	_	NoSpaceAfter	_	_	_
,	O	O	O	O	O	O	_	_	_	_	_	_
'	O	O	O	O	O	O	_	_	NoSpaceAfter	_	_	_
en	O	O	O	O	O	O	_	_	_	_	_	_
^	O	O	O	O	O	O	_	_	_	_	_	_
séance	O	O	O	O	O	O	_	_	NoSpaceAfter	_	_	_
'	O	O	O	O	O	O	_	_	NoSpaceAfter	_	_	_
secrète	O	O	O	O	O	O	_	_	NoSpaceAfter	_	_	_
,	O	O	O	O	O	O	_	_	_	_	_	_
de	O	O	O	O	O	O	_	_	_	_	_	_
"	O	O	O	O	O	O	_	_	NoSpaceAfter	_	_	_
valider	O	O	O	O	O	O	_	_	EndOfLine	_	_	_
# segment_iiif_link = https://impresso-project.ch/api/proxy/iiif/GDL-1894-03-01-a-p0002/3693,1572,854,60/full/0/default.jpg
des	O	O	O	O	O	O	_	_	_	_	_	_
sénateurs	O	O	O	O	O	O	_	_	_	_	_	_
:	O	O	O	O	O	O	_	_	_	_	_	_
MM	O	O	O	O	O	O	_	_	NoSpaceAfter	_	_	_
.	O	O	O	O	O	O	_	_	_	EndOfSentence	_	_
Colucci	O	O	O	O	O	O	_	_	NoSpaceAfter	_	_	_
,	O	O	O	O	O	O	_	_	_	_	_	_
Peliegrino	O	O	O	O	O	O	_	_	_	_	_	_
et	O	O	O	O	O	O	_	_	_	_	_	_
Olivieri	O	O	O	O	O	O	_	_	EndOfLine	_	_	_
# segment_iiif_link = https://impresso-project.ch/api/proxy/iiif/GDL-1894-03-01-a-p0002/3693,1610,692,60/full/0/default.jpg
entre	O	O	O	O	O	O	_	_	_	_	_	_
autres	O	O	O	O	O	O	_	_	NoSpaceAfter	_	_	_
,	O	O	O	O	O	O	_	_	_	_	_	_
nommés	O	O	O	O	O	O	_	_	_	_	_	_
par	O	O	O	O	O	O	_	_	_	_	_	_
le	O	O	O	O	O	O	_	_	_	_	_	_
cabinet	O	O	O	O	O	O	_	_	_	_	_	_
Giolilti	O	O	O	O	O	O	_	_	NoSpaceAfter	_	_	_
.	O	O	O	O	O	O	_	_	EndOfLine	EndOfSentence	_	_
# segment_iiif_link = https://impresso-project.ch/api/proxy/iiif/GDL-1894-03-01-a-p0002/3942,1678,346,60/full/0/default.jpg
Grande	O	O	O	O	O	O	_	_	NoSpaceAfter	_	_	_
-	O	O	O	O	O	O	_	_	NoSpaceAfter	_	_	_
Bretagne	O	O	O	O	O	O	_	_	NoSpaceAfter	_	_	_
.	O	O	O	O	O	O	_	_	EndOfLine	EndOfSentence	_	_
# segment_iiif_link = https://impresso-project.ch/api/proxy/iiif/GDL-1894-03-01-a-p0002/3733,1727,812,60/full/0/default.jpg
M	O	O	O	O	O	O	_	_	NoSpaceAfter	_	_	_
.	O	O	O	O	O	O	_	_	_	_	_	_
Gladstone	O	O	O	O	O	O	_	_	_	_	_	_
est	O	O	O	O	O	O	_	_	_	_	_	_
allé	O	O	O	O	O	O	_	_	_	_	_	_
hier	O	O	O	O	O	O	_	_	_	_	_	_
après	O	O	O	O	O	O	_	_	_	_	_	_
midi	O	O	O	O	O	O	_	_	_	_	_	_
à	O	O	O	O	O	O	_	_	_	_	_	_
Buckingham	O	O	O	O	O	O	_	_	EndOfLine	_	_	_
# segment_iiif_link = https://impresso-project.ch/api/proxy/iiif/GDL-1894-03-01-a-p0002/3695,1765,852,60/full/0/default.jpg
rendre	O	O	O	O	O	O	_	_	_	_	_	_
visite	O	O	O	O	O	O	_	_	_	_	_	_
à	O	O	O	O	O	O	_	_	_	_	_	_
la	O	O	O	O	O	O	_	_	_	_	_	_
reine	O	O	O	O	O	O	_	_	NoSpaceAfter	_	_	_
.	O	O	O	O	O	O	_	_	_	EndOfSentence	_	_
Cette	O	O	O	O	O	O	_	_	_	_	_	_
démarche	O	O	O	O	O	O	_	_	_	_	_	_
est	O	O	O	O	O	O	_	_	_	_	_	_
très	O	O	O	O	O	O	_	_	EndOfLine	_	_	_
# segment_iiif_link = https://impresso-project.ch/api/proxy/iiif/GDL-1894-03-01-a-p0002/3693,1805,862,58/full/0/default.jpg
commentée	O	O	O	O	O	O	_	_	_	_	_	_
;	O	O	O	O	O	O	_	_	_	_	_	_
elle	O	O	O	O	O	O	_	_	_	_	_	_
est	O	O	O	O	O	O	_	_	_	_	_	_
considérée	O	O	O	O	O	O	_	_	_	_	_	_
comme	O	O	O	O	O	O	_	_	_	_	_	_
une	O	O	O	O	O	O	_	_	_	_	_	_
preuve	O	O	O	O	O	O	_	_	_	_	_	_
de	O	O	O	O	O	O	_	_	_	_	_	_
la	O	O	O	O	O	O	_	_	EndOfLine	_	_	_
# segment_iiif_link = https://impresso-project.ch/api/proxy/iiif/GDL-1894-03-01-a-p0002/3693,1843,555,60/full/0/default.jpg
prochaine	O	O	O	O	O	O	_	_	_	_	_	_
retraite	O	O	O	O	O	O	_	_	_	_	_	_
de	O	O	O	O	O	O	_	_	_	_	_	_
M	O	O	O	O	O	O	_	_	NoSpaceAfter	_	_	_
.	O	O	O	O	O	O	_	_	_	_	_	_
Gladstone	O	O	O	O	O	O	_	_	NoSpaceAfter	_	_	_
.	O	O	O	O	O	O	_	_	EndOfLine	EndOfSentence	_	_
# segment_iiif_link = https://impresso-project.ch/api/proxy/iiif/GDL-1894-03-01-a-p0002/3733,1885,813,58/full/0/default.jpg
En	O	O	O	O	O	O	_	_	_	_	_	_
effet	O	O	O	O	O	O	_	_	NoSpaceAfter	_	_	_
,	O	O	O	O	O	O	_	_	_	_	_	_
aucune	O	O	O	O	O	O	_	_	_	_	_	_
nouvelle	O	O	O	O	O	O	_	_	_	_	_	_
note	O	O	O	O	O	O	_	_	_	_	_	_
officielle	O	O	O	O	O	O	_	_	_	_	_	_
émanant	O	O	O	O	O	O	_	_	_	_	_	_
du	O	O	O	O	O	O	_	_	EndOfLine	_	_	_
# segment_iiif_link = https://impresso-project.ch/api/proxy/iiif/GDL-1894-03-01-a-p0002/3693,1923,856,60/full/0/default.jpg
premier	O	O	O	O	O	O	_	_	_	_	_	_
ministre	O	O	O	O	O	O	_	_	_	_	_	_
n	O	O	O	O	O	O	_	_	NoSpaceAfter	_	_	_
'	O	O	O	O	O	O	_	_	NoSpaceAfter	_	_	_
a	O	O	O	O	O	O	_	_	_	_	_	_
été	O	O	O	O	O	O	_	_	_	_	_	_
publiée	O	O	O	O	O	O	_	_	_	_	_	_
pour	O	O	O	O	O	O	_	_	_	_	_	_
démentir	O	O	O	O	O	O	_	_	_	_	_	_
le	O	O	O	O	O	O	_	_	EndOfLine	_	_	_
# segment_iiif_link = https://impresso-project.ch/api/proxy/iiif/GDL-1894-03-01-a-p0002/3693,1962,855,60/full/0/default.jpg
bruit	O	O	O	O	O	O	_	_	_	_	_	_
de	O	O	O	O	O	O	_	_	_	_	_	_
nouveau	O	O	O	O	O	O	_	_	_	_	_	_
répandu	O	O	O	O	O	O	_	_	_	_	_	_
de	O	O	O	O	O	O	_	_	_	_	_	_
sa	O	O	O	O	O	O	_	_	_	_	_	_
prochaine	O	O	O	O	O	O	_	_	_	_	_	_
démission	O	O	O	O	O	O	_	_	NoSpaceAfter	_	_	_
.	O	O	O	O	O	O	_	_	EndOfLine	EndOfSentence	_	_
# segment_iiif_link = https://impresso-project.ch/api/proxy/iiif/GDL-1894-03-01-a-p0002/3693,2002,855,60/full/0/default.jpg
On	O	O	O	O	O	O	_	_	_	_	_	_
sait	O	O	O	O	O	O	_	_	_	_	_	_
seulement	O	O	O	O	O	O	_	_	_	_	_	_
qu	O	O	O	O	O	O	_	_	NoSpaceAfter	_	_	_
'	O	O	O	O	O	O	_	_	NoSpaceAfter	_	_	_
il	O	O	O	O	O	O	_	_	_	_	_	_
n	O	O	O	O	O	O	_	_	NoSpaceAfter	_	_	_
'	O	O	O	O	O	O	_	_	NoSpaceAfter	_	_	_
a	O	O	O	O	O	O	_	_	_	_	_	_
pris	O	O	O	O	O	O	_	_	NoSpaceAfter	_	_	_
,	O	O	O	O	O	O	_	_	_	_	_	_
jusqu	O	O	O	O	O	O	_	_	NoSpaceAfter	_	_	_
'	O	O	O	O	O	O	_	_	NoSpaceAfter	_	_	_
à	O	O	O	O	O	O	_	_	_	_	_	_
celte	O	O	O	O	O	O	_	_	_	_	_	_
heure	O	O	O	O	O	O	_	_	NoSpaceAfter	_	_	_
,	O	O	O	O	O	O	_	_	EndOfLine	_	_	_
# segment_iiif_link = https://impresso-project.ch/api/proxy/iiif/GDL-1894-03-01-a-p0002/3692,2040,855,60/full/0/default.jpg
aucune	O	O	O	O	O	O	_	_	_	_	_	_
mesure	O	O	O	O	O	O	_	_	_	_	_	_
en	O	O	O	O	O	O	_	_	_	_	_	_
vue	O	O	O	O	O	O	_	_	_	_	_	_
de	O	O	O	O	O	O	_	_	_	_	_	_
préparer	O	O	O	O	O	O	_	_	_	_	_	_
son	O	O	O	O	O	O	_	_	_	_	_	_
remplacement	O	O	O	O	O	O	_	_	NoSpaceAfter	_	_	_
,	O	O	O	O	O	O	_	_	EndOfLine	_	_	_
# segment_iiif_link = https://impresso-project.ch/api/proxy/iiif/GDL-1894-03-01-a-p0002/3692,2080,857,58/full/0/default.jpg
même	O	O	O	O	O	O	_	_	_	_	_	_
dans	O	O	O	O	O	O	_	_	_	_	_	_
une	O	O	O	O	O	O	_	_	_	_	_	_
des	O	O	O	O	O	O	_	_	_	_	_	_
fonctions	O	O	O	O	O	O	_	_	_	_	_	_
qu	O	O	O	O	O	O	_	_	NoSpaceAfter	_	_	_
'	O	O	O	O	O	O	_	_	NoSpaceAfter	_	_	_
il	O	O	O	O	O	O	_	_	_	_	_	_
cumule	O	O	O	O	O	O	_	_	NoSpaceAfter	_	_	_
,	O	O	O	O	O	O	_	_	_	_	_	_
en	O	O	O	O	O	O	_	_	_	_	_	_
sa	O	O	O	O	O	O	_	_	EndOfLine	_	_	_
# segment_iiif_link = https://impresso-project.ch/api/proxy/iiif/GDL-1894-03-01-a-p0002/3692,2118,857,60/full/0/default.jpg
triple	O	O	O	O	O	O	_	_	_	_	_	_
qualité	O	O	O	O	O	O	_	_	_	_	_	_
de	O	O	O	O	O	O	_	_	_	_	_	_
premier	O	O	O	O	O	O	_	_	_	_	_	_
ministre	O	O	O	O	O	O	_	_	NoSpaceAfter	_	_	_
,	O	O	O	O	O	O	_	_	_	_	_	_
premier	O	O	O	O	O	O	_	_	_	_	_	_
lord	O	O	O	O	O	O	_	_	_	_	_	_
de	O	O	O	O	O	O	_	_	_	_	_	_
la	O	O	O	O	O	O	_	_	EndOfLine	_	_	_
# segment_iiif_link = https://impresso-project.ch/api/proxy/iiif/GDL-1894-03-01-a-p0002/3692,2157,810,60/full/0/default.jpg
trésorerie	O	O	O	O	O	O	_	_	_	_	_	_
et	O	O	O	O	O	O	_	_	_	_	_	_
leader	O	O	O	O	O	O	_	_	_	_	_	_
de	O	O	O	O	O	O	_	_	_	_	_	_
la	O	O	O	O	O	O	_	_	_	_	_	_
Chambre	O	O	O	O	O	O	_	_	_	_	_	_
des	O	O	O	O	O	O	_	_	_	_	_	_
communes	O	O	O	O	O	O	_	_	NoSpaceAfter	_	_	_
.	O	O	O	O	O	O	_	_	EndOfLine	EndOfSentence	_	_
# segment_iiif_link = https://impresso-project.ch/api/proxy/iiif/GDL-1894-03-01-a-p0002/3730,2205,817,58/full/0/default.jpg
A	O	O	O	O	O	O	_	_	_	_	_	_
mentionner	O	O	O	O	O	O	_	_	_	_	_	_
à	O	O	O	O	O	O	_	_	_	_	_	_
ce	O	O	O	O	O	O	_	_	_	_	_	_
propos	O	O	O	O	O	O	_	_	_	_	_	_
les	O	O	O	O	O	O	_	_	_	_	_	_
pronostics	O	O	O	O	O	O	_	_	_	_	_	_
du	O	O	O	O	O	O	_	_	_	_	_	_
Daily	O	O	O	O	O	O	_	_	EndOfLine	_	_	_
# segment_iiif_link = https://impresso-project.ch/api/proxy/iiif/GDL-1894-03-01-a-p0002/3693,2243,871,60/full/0/default.jpg
Chronicle	O	O	O	O	O	O	_	_	NoSpaceAfter	_	_	_
,	O	O	O	O	O	O	_	_	_	_	_	_
qui	O	O	O	O	O	O	_	_	_	_	_	_
passe	O	O	O	O	O	O	_	_	_	_	_	_
pour	O	O	O	O	O	O	_	_	_	_	_	_
l	O	O	O	O	O	O	_	_	NoSpaceAfter	_	_	_
'	O	O	O	O	O	O	_	_	NoSpaceAfter	_	_	_
interprète	O	O	O	O	O	O	_	_	_	_	_	_
du	O	O	O	O	O	O	_	_	_	_	_	_
comte	O	O	O	O	O	O	_	_	_	_	_	_
de	O	O	O	O	O	O	_	_	EndOfLine	_	_	_
# segment_iiif_link = https://impresso-project.ch/api/proxy/iiif/GDL-1894-03-01-a-p0002/3690,2282,865,60/full/0/default.jpg
Rosebery	O	O	O	O	O	O	_	_	_	_	_	_
en	O	O	O	O	O	O	_	_	_	_	_	_
matière	O	O	O	O	O	O	_	_	_	_	_	_
de	O	O	O	O	O	O	_	_	_	_	_	_
questions	O	O	O	O	O	O	_	_	_	_	_	_
sociales	O	O	O	O	O	O	_	_	_	_	_	_
et	O	O	O	O	O	O	_	_	_	_	_	_
de	O	O	O	O	O	O	_	_	EndOfLine	_	_	_
# segment_iiif_link = https://impresso-project.ch/api/proxy/iiif/GDL-1894-03-01-a-p0002/3692,2322,853,60/full/0/default.jpg
politique	O	O	O	O	O	O	_	_	_	_	_	_
étrangère	O	O	O	O	O	O	_	_	NoSpaceAfter	_	_	_
,	O	O	O	O	O	O	_	_	_	_	_	_
et	O	O	O	O	O	O	_	_	_	_	_	_
qui	O	O	O	O	O	O	_	_	_	_	_	_
pose	O	O	O	O	O	O	_	_	_	_	_	_
la	O	O	O	O	O	O	_	_	_	_	_	_
candidature	O	O	O	O	O	O	_	_	_	_	_	_
au	O	O	O	O	O	O	_	_	_	_	_	_
pouvoir	O	O	O	O	O	O	_	_	EndOfLine	_	_	_
# segment_iiif_link = https://impresso-project.ch/api/proxy/iiif/GDL-1894-03-01-a-p0002/3692,2360,851,60/full/0/default.jpg
de	O	O	O	O	O	O	_	_	_	_	_	_
cet	O	O	O	O	O	O	_	_	_	_	_	_
homme	O	O	O	O	O	O	_	_	_	_	_	_
d	O	O	O	O	O	O	_	_	NoSpaceAfter	_	_	_
'	O	O	O	O	O	O	_	_	NoSpaceAfter	_	_	_
Etat	O	O	O	O	O	O	_	_	NoSpaceAfter	_	_	_
,	O	O	O	O	O	O	_	_	_	_	_	_
en	O	O	O	O	O	O	_	_	_	_	_	_
même	O	O	O	O	O	O	_	_	_	_	_	_
temps	O	O	O	O	O	O	_	_	_	_	_	_
que	O	O	O	O	O	O	_	_	_	_	_	_
celle	O	O	O	O	O	O	_	_	_	_	_	_
du	O	O	O	O	O	O	_	_	EndOfLine	_	_	_
# segment_iiif_link = https://impresso-project.ch/api/proxy/iiif/GDL-1894-03-01-a-p0002/3692,2400,851,58/full/0/default.jpg
chancelier	O	O	O	O	O	O	_	_	_	_	_	_
de	O	O	O	O	O	O	_	_	_	_	_	_
l	O	O	O	O	O	O	_	_	NoSpaceAfter	_	_	_
'	O	O	O	O	O	O	_	_	NoSpaceAfter	_	_	_
Echiquier	O	O	O	O	O	O	_	_	_	_	_	_
actuel	O	O	O	O	O	O	_	_	NoSpaceAfter	_	_	_
,	O	O	O	O	O	O	_	_	_	_	_	_
sir	O	O	O	O	O	O	_	_	_	_	_	_
William	O	O	O	O	O	O	_	_	_	_	_	_
Harcourt	O	O	O	O	O	O	_	_	NoSpaceAfter	_	_	_
,	O	O	O	O	O	O	_	_	EndOfLine	_	_	_
# segment_iiif_link = https://impresso-project.ch/api/proxy/iiif/GDL-1894-03-01-a-p0002/3692,2438,725,60/full/0/default.jpg
au	O	O	O	O	O	O	_	_	_	_	_	_
leadership	O	O	O	O	O	O	_	_	_	_	_	_
de	O	O	O	O	O	O	_	_	_	_	_	_
la	O	O	O	O	O	O	_	_	_	_	_	_
Chambre	O	O	O	O	O	O	_	_	_	_	_	_
des	O	O	O	O	O	O	_	_	_	_	_	_
communes	O	O	O	O	O	O	_	_	NoSpaceAfter	_	_	_
.	O	O	O	O	O	O	_	_	EndOfLine	EndOfSentence	_	_

# language = fr
# newspaper = GDL
# date = 1924-02-16
# document_id = GDL-1924-02-16-a-i0027
# news-agency-as-source = _
# segment_iiif_link = https://impresso-project.ch/api/proxy/iiif/GDL-1924-02-16-a-p0002/458,4213,163,53/full/0/default.jpg
TMseidtr	O	O	O	O	O	O	_	_	_	_	_	_
*	O	O	O	O	O	O	_	_	EndOfLine	_	_	_
# segment_iiif_link = https://impresso-project.ch/api/proxy/iiif/GDL-1924-02-16-a-p0002/569,4268,310,53/full/0/default.jpg
iprig	O	O	O	O	O	O	_	_	NoSpaceAfter	_	_	_
,	O	O	O	O	O	O	_	_	_	_	_	_
15	O	O	O	O	O	O	_	_	_	_	_	_
février	O	O	O	O	O	O	_	_	NoSpaceAfter	_	_	_
.	O	O	O	O	O	O	_	_	EndOfLine	EndOfSentence	_	_
# segment_iiif_link = https://impresso-project.ch/api/proxy/iiif/GDL-1924-02-16-a-p0002/206,4309,713,51/full/0/default.jpg
Des	O	O	O	O	O	O	_	_	_	_	_	_
abeentate	O	O	O	O	O	O	_	_	_	_	_	_
a	O	O	O	O	O	O	_	_	_	_	_	_
la	O	O	O	O	O	O	_	_	_	_	_	_
dynamite	O	O	O	O	O	O	_	_	_	_	_	_
ont	O	O	O	O	O	O	_	_	_	_	_	_
été	O	O	O	O	O	O	_	_	EndOfLine	_	_	_
# segment_iiif_link = https://impresso-project.ch/api/proxy/iiif/GDL-1924-02-16-a-p0002/169,4349,750,51/full/0/default.jpg
commis	O	O	O	O	O	O	_	_	_	_	_	_
hier	O	O	O	O	O	O	_	_	_	_	_	_
dans	O	O	O	O	O	O	_	_	_	_	_	_
plusieurs	O	O	O	O	O	O	_	_	_	_	_	_
villes	O	O	O	O	O	O	_	_	EndOfLine	_	_	_
# segment_iiif_link = https://impresso-project.ch/api/proxy/iiif/GDL-1924-02-16-a-p0002/167,4388,752,51/full/0/default.jpg
saxonnes	O	O	O	O	O	O	_	_	NoSpaceAfter	_	_	_
.	O	O	O	O	O	O	_	_	_	EndOfSentence	_	_
Une	O	O	O	O	O	O	_	_	_	_	_	_
grenade	O	O	O	O	O	O	_	_	_	_	_	_
nain	O	O	O	O	O	O	_	_	_	_	_	_
a	O	O	O	O	O	O	_	_	_	_	_	_
été	O	O	O	O	O	O	_	_	_	_	_	_
jetée	O	O	O	O	O	O	_	_	EndOfLine	_	_	_
# segment_iiif_link = https://impresso-project.ch/api/proxy/iiif/GDL-1924-02-16-a-p0002/165,4428,753,53/full/0/default.jpg
dans	O	O	O	O	O	O	_	_	_	_	_	_
l	O	O	O	O	O	O	_	_	NoSpaceAfter	_	_	_
'	O	O	O	O	O	O	_	_	NoSpaceAfter	_	_	_
appartement	O	O	O	O	O	O	_	_	_	_	_	_
du	O	O	O	O	O	O	_	_	_	_	_	_
directeur	O	O	O	O	O	O	_	_	EndOfLine	_	_	_
# segment_iiif_link = https://impresso-project.ch/api/proxy/iiif/GDL-1924-02-16-a-p0002/165,4468,754,53/full/0/default.jpg
Sehmiedel	O	O	O	O	O	O	_	_	NoSpaceAfter	_	_	_
.	O	O	O	O	O	O	_	_	_	EndOfSentence	_	_
Celui	O	O	O	O	O	O	_	_	NoSpaceAfter	_	_	_
-	O	O	O	O	O	O	_	_	NoSpaceAfter	_	_	_
ci	O	O	O	O	O	O	_	_	_	_	_	_
a	O	O	O	O	O	O	_	_	_	_	_	_
été	O	O	O	O	O	O	_	_	_	_	_	_
blessé	O	O	O	O	O	O	_	_	_	_	_	_
au	O	O	O	O	O	O	_	_	_	_	_	_
bras	O	O	O	O	O	O	_	_	NoSpaceAfter	_	_	_
.	O	O	O	O	O	O	_	_	_	EndOfSentence	_	_
Des	O	O	O	O	O	O	_	_	EndOfLine	_	_	_
# segment_iiif_link = https://impresso-project.ch/api/proxy/iiif/GDL-1924-02-16-a-p0002/165,4509,752,51/full/0/default.jpg
attentats	O	O	O	O	O	O	_	_	_	_	_	_
analogues	O	O	O	O	O	O	_	_	_	_	_	_
ont	O	O	O	O	O	O	_	_	_	_	_	_
eu	O	O	O	O	O	O	_	_	_	_	_	_
lieu	O	O	O	O	O	O	_	_	_	_	_	_
à	O	O	O	O	O	O	_	_	EndOfLine	_	_	_
# segment_iiif_link = https://impresso-project.ch/api/proxy/iiif/GDL-1924-02-16-a-p0002/167,4549,512,51/full/0/default.jpg
Lauter	O	O	O	O	O	O	_	_	_	_	_	_
et	O	O	O	O	O	O	_	_	_	_	_	_
Hohonstein	O	O	O	O	O	O	_	_	NoSpaceAfter	_	_	_
-	O	O	O	O	O	O	_	_	NoSpaceAfter	_	_	_
Ernettail	O	O	O	O	O	O	_	_	NoSpaceAfter	_	_	_
.	O	O	O	O	O	O	_	_	EndOfLine	EndOfSentence	_	_
# segment_iiif_link = https://impresso-project.ch/api/proxy/iiif/GDL-1924-02-16-a-p0002/540,4603,339,53/full/0/default.jpg
Stettin	O	O	O	O	O	O	_	_	NoSpaceAfter	_	_	_
,	O	O	O	O	O	O	_	_	_	_	_	_
15	O	O	O	O	O	O	_	_	_	_	_	_
février	O	O	O	O	O	O	_	_	NoSpaceAfter	_	_	_
.	O	O	O	O	O	O	_	_	EndOfLine	EndOfSentence	_	_
# segment_iiif_link = https://impresso-project.ch/api/proxy/iiif/GDL-1924-02-16-a-p0002/202,4642,717,53/full/0/default.jpg
Mercredi	O	O	O	O	O	O	_	_	_	_	_	_
soir	O	O	O	O	O	O	_	_	_	_	_	_
400	O	O	O	O	O	O	_	_	_	_	_	_
à	O	O	O	O	O	O	_	_	_	_	_	_
500	O	O	O	O	O	O	_	_	_	_	_	_
jeunes	O	O	O	O	O	O	_	_	_	_	_	_
gens	O	O	O	O	O	O	_	_	EndOfLine	_	_	_
# segment_iiif_link = https://impresso-project.ch/api/proxy/iiif/GDL-1924-02-16-a-p0002/167,4684,753,51/full/0/default.jpg
se	O	O	O	O	O	O	_	_	_	_	_	_
sont	O	O	O	O	O	O	_	_	_	_	_	_
assemblés	O	O	O	O	O	O	_	_	_	_	_	_
devant	O	O	O	O	O	O	_	_	_	_	_	_
lès	O	O	O	O	O	O	_	_	_	_	_	_
chantiers	O	O	O	O	O	O	_	_	EndOfLine	_	_	_
# segment_iiif_link = https://impresso-project.ch/api/proxy/iiif/GDL-1924-02-16-a-p0002/167,4724,752,51/full/0/default.jpg
Vuksain	O	O	O	O	O	O	_	_	_	_	_	_
et	O	O	O	O	O	O	_	_	_	_	_	_
se	O	O	O	O	O	O	_	_	_	_	_	_
sont	O	O	O	O	O	O	_	_	_	_	_	_
dirigés	O	O	O	O	O	O	_	_	_	_	_	_
vers	O	O	O	O	O	O	_	_	EndOfLine	_	_	_
# segment_iiif_link = https://impresso-project.ch/api/proxy/iiif/GDL-1924-02-16-a-p0002/167,4763,751,51/full/0/default.jpg
l	O	O	O	O	O	O	_	_	NoSpaceAfter	_	_	_
'	O	O	O	O	O	O	_	_	NoSpaceAfter	_	_	_
intérieur	O	O	O	O	O	O	_	_	_	_	_	_
de	O	O	O	O	O	O	_	_	_	_	_	_
la	O	O	O	O	O	O	_	_	_	_	_	_
ville	O	O	O	O	O	O	_	_	_	_	_	_
en	O	O	O	O	O	O	_	_	_	_	_	_
chantant	O	O	O	O	O	O	_	_	EndOfLine	_	_	_
# segment_iiif_link = https://impresso-project.ch/api/proxy/iiif/GDL-1924-02-16-a-p0002/167,4803,752,53/full/0/default.jpg
l	O	O	O	O	O	O	_	_	NoSpaceAfter	_	_	_
'	O	O	O	O	O	O	_	_	NoSpaceAfter	_	_	_
internationale	O	O	O	O	O	O	_	_	NoSpaceAfter	_	_	_
.	O	O	O	O	O	O	_	_	_	EndOfSentence	_	_
Au	O	O	O	O	O	O	_	_	_	_	_	_
croisement	O	O	O	O	O	O	_	_	_	_	_	_
des	O	O	O	O	O	O	_	_	_	_	_	_
rues	O	O	O	O	O	O	_	_	EndOfLine	_	_	_
# segment_iiif_link = https://impresso-project.ch/api/proxy/iiif/GDL-1924-02-16-a-p0002/167,4842,752,53/full/0/default.jpg
Vulcain	O	O	O	O	O	O	_	_	_	_	_	_
et	O	O	O	O	O	O	_	_	_	_	_	_
Wolff	O	O	O	O	O	O	_	_	_	_	_	_
des	O	O	O	O	O	O	_	_	_	_	_	_
coups	O	O	O	O	O	O	_	_	_	_	_	_
de	O	O	O	O	O	O	_	_	_	_	_	_
feu	O	O	O	O	O	O	_	_	_	_	_	_
ont	O	O	O	O	O	O	_	_	_	_	_	_
été	O	O	O	O	O	O	_	_	EndOfLine	_	_	_
# segment_iiif_link = https://impresso-project.ch/api/proxy/iiif/GDL-1924-02-16-a-p0002/167,4884,752,51/full/0/default.jpg
tirés	O	O	O	O	O	O	_	_	_	_	_	_
de	O	O	O	O	O	O	_	_	_	_	_	_
la	O	O	O	O	O	O	_	_	_	_	_	_
foule	O	O	O	O	O	O	_	_	_	_	_	_
et	O	O	O	O	O	O	_	_	_	_	_	_
des	O	O	O	O	O	O	_	_	_	_	_	_
maisons	O	O	O	O	O	O	_	_	EndOfLine	_	_	_
# segment_iiif_link = https://impresso-project.ch/api/proxy/iiif/GDL-1924-02-16-a-p0002/167,4924,750,51/full/0/default.jpg
avolsinantes	O	O	O	O	O	O	_	_	_	_	_	_
sur	O	O	O	O	O	O	_	_	_	_	_	_
la	O	O	O	O	O	O	_	_	_	_	_	_
polke	O	O	O	O	O	O	_	_	_	_	_	_
qui	O	O	O	O	O	O	_	_	_	_	_	_
avait	O	O	O	O	O	O	_	_	_	_	_	_
établi	O	O	O	O	O	O	_	_	_	_	_	_
un	O	O	O	O	O	O	_	_	EndOfLine	_	_	_
# segment_iiif_link = https://impresso-project.ch/api/proxy/iiif/GDL-1924-02-16-a-p0002/167,4963,749,51/full/0/default.jpg
barrage	O	O	O	O	O	O	_	_	NoSpaceAfter	_	_	_
.	O	O	O	O	O	O	_	_	_	EndOfSentence	_	_
Un	O	O	O	O	O	O	_	_	_	_	_	_
songent	O	O	O	O	O	O	_	_	_	_	_	_
de	O	O	O	O	O	O	_	_	_	_	_	_
police	O	O	O	O	O	O	_	_	_	_	_	_
a	O	O	O	O	O	O	_	_	_	_	_	_
été	O	O	O	O	O	O	_	_	EndOfLine	_	_	_
# segment_iiif_link = https://impresso-project.ch/api/proxy/iiif/GDL-1924-02-16-a-p0002/169,5003,747,53/full/0/default.jpg
grièvement	O	O	O	O	O	O	_	_	_	_	_	_
atteint	O	O	O	O	O	O	_	_	_	_	_	_
à	O	O	O	O	O	O	_	_	_	_	_	_
la	O	O	O	O	O	O	_	_	_	_	_	_
tète	O	O	O	O	O	O	_	_	_	_	_	_
par	O	O	O	O	O	O	_	_	_	_	_	_
une	O	O	O	O	O	O	_	_	_	_	_	_
balle	O	O	O	O	O	O	_	_	NoSpaceAfter	_	_	_
.	O	O	O	O	O	O	_	_	EndOfLine	EndOfSentence	_	_
# segment_iiif_link = https://impresso-project.ch/api/proxy/iiif/GDL-1924-02-16-a-p0002/167,5042,752,53/full/0/default.jpg
La	O	O	O	O	O	O	_	_	_	_	_	_
police	O	O	O	O	O	O	_	_	_	_	_	_
a	O	O	O	O	O	O	_	_	_	_	_	_
tiré	O	O	O	O	O	O	_	_	_	_	_	_
à	O	O	O	O	O	O	_	_	_	_	_	_
son	O	O	O	O	O	O	_	_	_	_	_	_
tour	O	O	O	O	O	O	_	_	NoSpaceAfter	_	_	_
,	O	O	O	O	O	O	_	_	_	_	_	_
puis	O	O	O	O	O	O	_	_	_	_	_	_
la	O	O	O	O	O	O	_	_	EndOfLine	_	_	_
# segment_iiif_link = https://impresso-project.ch/api/proxy/iiif/GDL-1924-02-16-a-p0002/167,5084,714,51/full/0/default.jpg
foule	O	O	O	O	O	O	_	_	_	_	_	_
se	O	O	O	O	O	O	_	_	_	_	_	_
dispersa	O	O	O	O	O	O	_	_	NoSpaceAfter	_	_	_
.	O	O	O	O	O	O	_	_	_	EndOfSentence	_	_
Le	O	O	O	O	O	O	_	_	_	_	_	_
calme	O	O	O	O	O	O	_	_	_	_	_	_
est	O	O	O	O	O	O	_	_	_	_	_	_
rétabli	O	O	O	O	O	O	_	_	NoSpaceAfter	_	_	_
.	O	O	O	O	O	O	_	_	EndOfLine	EndOfSentence	_	_
# segment_iiif_link = https://impresso-project.ch/api/proxy/iiif/GDL-1924-02-16-a-p0002/356,5145,369,51/full/0/default.jpg
Les	O	O	O	O	O	O	_	_	_	_	_	_
hypothèques	O	O	O	O	O	O	_	_	NoSpaceAfter	_	_	_
-	O	O	O	O	O	O	_	_	NoSpaceAfter	_	_	_
or	O	O	O	O	O	O	_	_	EndOfLine	_	_	_
# segment_iiif_link = https://impresso-project.ch/api/proxy/iiif/GDL-1924-02-16-a-p0002/535,5197,344,53/full/0/default.jpg
Berlin	O	O	O	O	O	O	_	_	NoSpaceAfter	_	_	_
,	O	O	O	O	O	O	_	_	_	_	_	_
15	O	O	O	O	O	O	_	_	_	_	_	_
février	O	O	O	O	O	O	_	_	NoSpaceAfter	_	_	_
.	O	O	O	O	O	O	_	_	EndOfLine	EndOfSentence	_	_
# segment_iiif_link = https://impresso-project.ch/api/proxy/iiif/GDL-1924-02-16-a-p0002/206,5236,713,53/full/0/default.jpg
On	O	O	O	O	O	O	_	_	_	_	_	_
apprend	O	O	O	O	O	O	_	_	_	_	_	_
que	O	O	O	O	O	O	_	_	_	_	_	_
les	O	O	O	O	O	O	_	_	_	_	_	_
hypothèques	O	O	O	O	O	O	_	_	EndOfLine	_	_	_
# segment_iiif_link = https://impresso-project.ch/api/proxy/iiif/GDL-1924-02-16-a-p0002/167,5278,751,51/full/0/default.jpg
doivent	O	O	O	O	O	O	_	_	_	_	_	_
être	O	O	O	O	O	O	_	_	_	_	_	_
estimées	O	O	O	O	O	O	_	_	_	_	_	_
&	O	O	O	O	O	O	_	_	_	_	_	_
15	O	O	O	O	O	O	_	_	_	_	_	_
pour	O	O	O	O	O	O	_	_	_	_	_	_
cent	O	O	O	O	O	O	_	_	_	_	_	_
de	O	O	O	O	O	O	_	_	EndOfLine	_	_	_
# segment_iiif_link = https://impresso-project.ch/api/proxy/iiif/GDL-1924-02-16-a-p0002/169,5318,485,51/full/0/default.jpg
leur	O	O	O	O	O	O	_	_	_	_	_	_
montent	O	O	O	O	O	O	_	_	_	_	_	_
en	O	O	O	O	O	O	_	_	_	_	_	_
mark	O	O	O	O	O	O	_	_	NoSpaceAfter	_	_	_
-	O	O	O	O	O	O	_	_	NoSpaceAfter	_	_	_
or	O	O	O	O	O	O	_	_	NoSpaceAfter	_	_	_
.	O	O	O	O	O	O	_	_	EndOfLine	EndOfSentence	_	_
# segment_iiif_link = https://impresso-project.ch/api/proxy/iiif/GDL-1924-02-16-a-p0002/577,4388,17,51/full/0/default.jpg
a	O	O	O	O	O	O	_	_	EndOfLine	EndOfSentence	_	_

# language = fr
# newspaper = GDL
# date = 1928-03-16
# document_id = GDL-1928-03-16-a-i0097
# news-agency-as-source = _
# segment_iiif_link = https://impresso-project.ch/api/proxy/iiif/GDL-1928-03-16-a-p0006/1888,228,602,74/full/0/default.jpg
CHRONIQUE	O	O	O	O	O	O	_	_	_	_	_	_
JUDICIAIRE	O	O	O	O	O	O	_	_	EndOfLine	_	_	_
# segment_iiif_link = https://impresso-project.ch/api/proxy/iiif/GDL-1928-03-16-a-p0006/1888,372,606,74/full/0/default.jpg
Un	O	O	O	O	O	O	_	_	_	_	_	_
automobiliste	O	O	O	O	O	O	_	_	_	_	_	_
condamné	O	O	O	O	O	O	_	_	EndOfLine	_	_	_
# segment_iiif_link = https://impresso-project.ch/api/proxy/iiif/GDL-1928-03-16-a-p0006/1854,501,725,55/full/0/default.jpg
On	O	O	O	O	O	O	_	_	_	_	_	_
se	O	O	O	O	O	O	_	_	_	_	_	_
souvient	O	O	O	O	O	O	_	_	_	_	_	_
de	O	O	O	O	O	O	_	_	_	_	_	_
l	O	O	O	O	O	O	_	_	NoSpaceAfter	_	_	_
'	O	O	O	O	O	O	_	_	NoSpaceAfter	_	_	_
accident	O	O	O	O	O	O	_	_	_	_	_	_
survenu	O	O	O	O	O	O	_	_	_	_	_	_
le	O	O	O	O	O	O	_	_	EndOfLine	_	_	_
# segment_iiif_link = https://impresso-project.ch/api/proxy/iiif/GDL-1928-03-16-a-p0006/1817,540,764,55/full/0/default.jpg
9	O	O	O	O	O	O	_	_	_	_	_	_
novembre	O	O	O	O	O	O	_	_	_	_	_	_
1927	O	O	O	O	O	O	_	_	_	_	_	_
sur	O	O	O	O	O	O	_	_	_	_	_	_
li	O	O	O	O	O	O	_	_	_	_	_	_
route	O	O	O	O	O	O	_	_	_	_	_	_
de	O	O	O	O	O	O	_	_	_	_	_	_
Genève	O	O	O	O	O	O	_	_	EndOfLine	_	_	_
# segment_iiif_link = https://impresso-project.ch/api/proxy/iiif/GDL-1928-03-16-a-p0006/1813,580,771,55/full/0/default.jpg
au	O	O	O	O	O	O	_	_	_	_	_	_
sortir	O	O	O	O	O	O	_	_	_	_	_	_
de	O	O	O	O	O	O	_	_	_	_	_	_
Morges	O	O	O	O	O	O	_	_	NoSpaceAfter	_	_	_
,	O	O	O	O	O	O	_	_	_	_	_	_
à	O	O	O	O	O	O	_	_	_	_	_	_
un	O	O	O	O	O	O	_	_	_	_	_	_
virage	O	O	O	O	O	O	_	_	_	_	_	_
dit	O	O	O	O	O	O	_	_	_	_	_	_
«	O	O	O	O	O	O	_	_	_	_	_	_
du	O	O	O	O	O	O	_	_	EndOfLine	_	_	_
# segment_iiif_link = https://impresso-project.ch/api/proxy/iiif/GDL-1928-03-16-a-p0006/1817,620,160,58/full/0/default.jpg
Boiron	O	O	O	O	O	O	_	_	_	_	_	_
»	O	O	O	O	O	O	_	_	NoSpaceAfter	_	_	_
.	O	O	O	O	O	O	_	_	EndOfLine	EndOfSentence	_	_
# segment_iiif_link = https://impresso-project.ch/api/proxy/iiif/GDL-1928-03-16-a-p0006/1854,661,725,55/full/0/default.jpg
M	O	O	O	O	O	O	_	_	NoSpaceAfter	_	_	_
.	O	O	O	O	O	O	_	_	_	_	_	_
O	O	O	O	O	O	O	_	_	NoSpaceAfter	_	_	_
.	O	O	O	O	O	O	_	_	_	_	_	_
C	O	O	O	O	O	O	_	_	_	_	_	_
.	O	O	O	O	O	O	_	_	NoSpaceAfter	EndOfSentence	_	_
,	O	O	O	O	O	O	_	_	_	_	_	_
employé	O	O	O	O	O	O	_	_	_	_	_	_
aux	O	O	O	O	O	O	_	_	_	_	_	_
Services	O	O	O	O	O	O	_	_	EndOfLine	_	_	_
# segment_iiif_link = https://impresso-project.ch/api/proxy/iiif/GDL-1928-03-16-a-p0006/1810,701,765,55/full/0/default.jpg
industriels	O	O	O	O	O	O	_	_	_	_	_	_
de	O	O	O	O	O	O	_	_	_	_	_	_
Lausanne	O	O	O	O	O	O	_	_	NoSpaceAfter	_	_	_
,	O	O	O	O	O	O	_	_	_	_	_	_
conduisait	O	O	O	O	O	O	_	_	_	_	_	_
à	O	O	O	O	O	O	_	_	_	_	_	_
vive	O	O	O	O	O	O	_	_	EndOfLine	_	_	_
# segment_iiif_link = https://impresso-project.ch/api/proxy/iiif/GDL-1928-03-16-a-p0006/1817,740,762,58/full/0/default.jpg
allure	O	O	O	O	O	O	_	_	_	_	_	_
la	O	O	O	O	O	O	_	_	_	_	_	_
voiture	O	O	O	O	O	O	_	_	_	_	_	_
où	O	O	O	O	O	O	_	_	_	_	_	_
avaient	O	O	O	O	O	O	_	_	_	_	_	_
pris	O	O	O	O	O	O	_	_	_	_	_	_
place	O	O	O	O	O	O	_	_	_	_	_	_
les	O	O	O	O	O	O	_	_	EndOfLine	_	_	_
# segment_iiif_link = https://impresso-project.ch/api/proxy/iiif/GDL-1928-03-16-a-p0006/1813,782,762,55/full/0/default.jpg
sieurs	O	O	O	O	O	O	_	_	_	_	_	_
B	O	O	O	O	O	O	_	_	NoSpaceAfter	_	_	_
.	O	O	O	O	O	O	_	_	_	_	_	_
et	O	O	O	O	O	O	_	_	_	_	_	_
R	O	O	O	O	O	O	_	_	NoSpaceAfter	_	_	_
.	O	O	O	O	O	O	_	_	_	_	_	_
Ayant	O	O	O	O	O	O	_	_	_	_	_	_
perdu	O	O	O	O	O	O	_	_	_	_	_	_
la	O	O	O	O	O	O	_	_	_	_	_	_
direction	O	O	O	O	O	O	_	_	NoSpaceAfter	_	_	_
,	O	O	O	O	O	O	_	_	_	_	_	_
il	O	O	O	O	O	O	_	_	EndOfLine	_	_	_
# segment_iiif_link = https://impresso-project.ch/api/proxy/iiif/GDL-1928-03-16-a-p0006/1813,822,767,55/full/0/default.jpg
écrasa	O	O	O	O	O	O	_	_	_	_	_	_
sur	O	O	O	O	O	O	_	_	_	_	_	_
un	O	O	O	O	O	O	_	_	_	_	_	_
talus	O	O	O	O	O	O	_	_	_	_	_	_
en	O	O	O	O	O	O	_	_	_	_	_	_
bordure	O	O	O	O	O	O	_	_	_	_	_	_
de	O	O	O	O	O	O	_	_	_	_	_	_
la	O	O	O	O	O	O	_	_	_	_	_	_
route	O	O	O	O	O	O	_	_	EndOfLine	_	_	_
# segment_iiif_link = https://impresso-project.ch/api/proxy/iiif/GDL-1928-03-16-a-p0006/1817,861,763,55/full/0/default.jpg
le	O	O	O	O	O	O	_	_	_	_	_	_
motocycliste	O	O	O	O	O	O	_	_	_	_	_	_
Ernest	O	O	O	O	O	O	_	_	_	_	_	_
Lavanchy	O	O	O	O	O	O	_	_	_	_	_	_
venant	O	O	O	O	O	O	_	_	EndOfLine	_	_	_
# segment_iiif_link = https://impresso-project.ch/api/proxy/iiif/GDL-1928-03-16-a-p0006/1817,901,760,55/full/0/default.jpg
en	O	O	O	O	O	O	_	_	_	_	_	_
sens	O	O	O	O	O	O	_	_	_	_	_	_
inverse	O	O	O	O	O	O	_	_	_	_	_	_
à	O	O	O	O	O	O	_	_	_	_	_	_
allure	O	O	O	O	O	O	_	_	_	_	_	_
modérée	O	O	O	O	O	O	_	_	NoSpaceAfter	_	_	_
.	O	O	O	O	O	O	_	_	_	EndOfSentence	_	_
Ayant	O	O	O	O	O	O	_	_	EndOfLine	_	_	_
# segment_iiif_link = https://impresso-project.ch/api/proxy/iiif/GDL-1928-03-16-a-p0006/1817,940,763,58/full/0/default.jpg
passé	O	O	O	O	O	O	_	_	_	_	_	_
sous	O	O	O	O	O	O	_	_	_	_	_	_
l	O	O	O	O	O	O	_	_	NoSpaceAfter	_	_	_
'	O	O	O	O	O	O	_	_	NoSpaceAfter	_	_	_
auto	O	O	O	O	O	O	_	_	NoSpaceAfter	_	_	_
,	O	O	O	O	O	O	_	_	_	_	_	_
le	O	O	O	O	O	O	_	_	_	_	_	_
motocycliste	O	O	O	O	O	O	_	_	EndOfLine	_	_	_
# segment_iiif_link = https://impresso-project.ch/api/proxy/iiif/GDL-1928-03-16-a-p0006/1817,982,760,55/full/0/default.jpg
succomba	O	O	O	O	O	O	_	_	_	_	_	_
quelques	O	O	O	O	O	O	_	_	_	_	_	_
mimutes	O	O	O	O	O	O	_	_	_	_	_	_
après	O	O	O	O	O	O	_	_	_	_	_	_
l	O	O	O	O	O	O	_	_	NoSpaceAfter	_	_	_
'	O	O	O	O	O	O	_	_	NoSpaceAfter	_	_	_
accident	O	O	O	O	O	O	_	_	NoSpaceAfter	_	_	_
,	O	O	O	O	O	O	_	_	_	_	_	_
d	O	O	O	O	O	O	_	_	NoSpaceAfter	_	_	_
'	O	O	O	O	O	O	_	_	NoSpaceAfter	_	_	_
un	O	O	O	O	O	O	_	_	EndOfLine	_	_	_
# segment_iiif_link = https://impresso-project.ch/api/proxy/iiif/GDL-1928-03-16-a-p0006/1817,1022,545,55/full/0/default.jpg
écrasement	O	O	O	O	O	O	_	_	_	_	_	_
massif	O	O	O	O	O	O	_	_	_	_	_	_
du	O	O	O	O	O	O	_	_	_	_	_	_
thorax	O	O	O	O	O	O	_	_	NoSpaceAfter	_	_	_
.	O	O	O	O	O	O	_	_	EndOfLine	EndOfSentence	_	_
# segment_iiif_link = https://impresso-project.ch/api/proxy/iiif/GDL-1928-03-16-a-p0006/1854,1065,723,55/full/0/default.jpg
M	O	O	O	O	O	O	_	_	NoSpaceAfter	_	_	_
.	O	O	O	O	O	O	_	_	_	_	_	_
O	O	O	O	O	O	O	_	_	NoSpaceAfter	_	_	_
.	O	O	O	O	O	O	_	_	_	_	_	_
C	O	O	O	O	O	O	_	_	NoSpaceAfter	_	_	_
.	O	O	O	O	O	O	_	_	_	_	_	_
prévenu	O	O	O	O	O	O	_	_	_	_	_	_
d	O	O	O	O	O	O	_	_	NoSpaceAfter	_	_	_
'	O	O	O	O	O	O	_	_	NoSpaceAfter	_	_	_
homicide	O	O	O	O	O	O	_	_	_	_	_	_
par	O	O	O	O	O	O	_	_	EndOfLine	_	_	_
# segment_iiif_link = https://impresso-project.ch/api/proxy/iiif/GDL-1928-03-16-a-p0006/1815,1105,762,55/full/0/default.jpg
imprudence	O	O	O	O	O	O	_	_	_	_	_	_
comparaissait	O	O	O	O	O	O	_	_	_	_	_	_
jeudi	O	O	O	O	O	O	_	_	NoSpaceAfter	_	_	_
,	O	O	O	O	O	O	_	_	_	_	_	_
devant	O	O	O	O	O	O	_	_	_	_	_	_
le	O	O	O	O	O	O	_	_	EndOfLine	_	_	_
# segment_iiif_link = https://impresso-project.ch/api/proxy/iiif/GDL-1928-03-16-a-p0006/1817,1145,383,58/full/0/default.jpg
Tribunal	O	O	O	O	O	O	_	_	_	_	_	_
de	O	O	O	O	O	O	_	_	_	_	_	_
la	O	O	O	O	O	O	_	_	_	_	_	_
Côte	O	O	O	O	O	O	_	_	NoSpaceAfter	_	_	_
.	O	O	O	O	O	O	_	_	EndOfLine	EndOfSentence	_	_
# segment_iiif_link = https://impresso-project.ch/api/proxy/iiif/GDL-1928-03-16-a-p0006/1840,1199,743,45/full/0/default.jpg
;	O	O	O	O	O	O	_	_	_	_	_	_
M	O	O	O	O	O	O	_	_	NoSpaceAfter	_	_	_
.	O	O	O	O	O	O	_	_	_	_	_	_
AUâmàrid	O	O	O	O	O	O	_	_	NoSpaceAfter	_	_	_
-	O	O	O	O	O	O	_	_	_	_	_	_
'	O	O	O	O	O	O	_	_	NoSpaceAfter	_	_	_
Colilomb	O	O	O	O	O	O	_	_	NoSpaceAfter	_	_	_
,	O	O	O	O	O	O	_	_	_	_	_	_
vice	O	O	O	O	O	O	_	_	NoSpaceAfter	_	_	_
-	O	O	O	O	O	O	_	_	NoSpaceAfter	_	_	_
président	O	O	O	O	O	O	_	_	_	_	_	_
du	O	O	O	O	O	O	_	_	NoSpaceAfter	_	_	_
'	O	O	O	O	O	O	_	_	EndOfLine	_	_	_
# segment_iiif_link = https://impresso-project.ch/api/proxy/iiif/GDL-1928-03-16-a-p0006/1813,1226,764,55/full/0/default.jpg
Tribunal	O	O	O	O	O	O	_	_	_	_	_	_
—	O	O	O	O	O	O	_	_	_	_	_	_
M	O	O	O	O	O	O	_	_	NoSpaceAfter	_	_	_
.	O	O	O	O	O	O	_	_	_	_	_	_
Filet	O	O	O	O	O	O	_	_	_	_	_	_
s	O	O	O	O	O	O	_	_	NoSpaceAfter	_	_	_
'	O	O	O	O	O	O	_	_	NoSpaceAfter	_	_	_
étant	O	O	O	O	O	O	_	_	_	_	_	_
désisté	O	O	O	O	O	O	_	_	_	_	_	_
—	O	O	O	O	O	O	_	_	EndOfLine	_	_	_
# segment_iiif_link = https://impresso-project.ch/api/proxy/iiif/GDL-1928-03-16-a-p0006/1815,1265,764,55/full/0/default.jpg
était	O	O	O	O	O	O	_	_	_	_	_	_
assisté	O	O	O	O	O	O	_	_	_	_	_	_
des	O	O	O	O	O	O	_	_	_	_	_	_
juges	O	O	O	O	O	O	_	_	_	_	_	_
Louis	O	O	O	O	O	O	_	_	_	_	_	_
Bonzon	O	O	O	O	O	O	_	_	NoSpaceAfter	_	_	_
,	O	O	O	O	O	O	_	_	EndOfLine	_	_	_
# segment_iiif_link = https://impresso-project.ch/api/proxy/iiif/GDL-1928-03-16-a-p0006/1815,1305,660,55/full/0/default.jpg
d	O	O	O	O	O	O	_	_	NoSpaceAfter	_	_	_
'	O	O	O	O	O	O	_	_	NoSpaceAfter	_	_	_
Ecublens	O	O	O	O	O	O	_	_	NoSpaceAfter	_	_	_
,	O	O	O	O	O	O	_	_	_	_	_	_
et	O	O	O	O	O	O	_	_	_	_	_	_
Benjamin	O	O	O	O	O	O	_	_	_	_	_	_
Puenzieux	O	O	O	O	O	O	_	_	NoSpaceAfter	_	_	_
,	O	O	O	O	O	O	_	_	_	_	_	_
de	O	O	O	O	O	O	_	_	EndOfLine	_	_	_
# segment_iiif_link = https://impresso-project.ch/api/proxy/iiif/GDL-1928-03-16-a-p0006/1815,1345,762,58/full/0/default.jpg
Morges	O	O	O	O	O	O	_	_	NoSpaceAfter	_	_	_
-	O	O	O	O	O	O	_	_	NoSpaceAfter	_	_	_
M	O	O	O	O	O	O	_	_	NoSpaceAfter	_	_	_
.	O	O	O	O	O	O	_	_	_	EndOfSentence	_	_
Boven	O	O	O	O	O	O	_	_	NoSpaceAfter	_	_	_
,	O	O	O	O	O	O	_	_	_	_	_	_
substitut	O	O	O	O	O	O	_	_	NoSpaceAfter	_	_	_
,	O	O	O	O	O	O	_	_	_	_	_	_
occuipa	O	O	O	O	O	O	_	_	NoSpaceAfter	_	_	_
.	O	O	O	O	O	O	_	_	_	EndOfSentence	_	_
it	O	O	O	O	O	O	_	_	_	_	_	_
lé	O	O	O	O	O	O	_	_	_	_	_	_
siège	O	O	O	O	O	O	_	_	EndOfLine	_	_	_
# segment_iiif_link = https://impresso-project.ch/api/proxy/iiif/GDL-1928-03-16-a-p0006/1813,1426,764,55/full/0/default.jpg
du	O	O	O	O	O	O	_	_	_	_	_	_
ministère	O	O	O	O	O	O	_	_	_	_	_	_
public	O	O	O	O	O	O	_	_	NoSpaceAfter	_	_	_
,	O	O	O	O	O	O	_	_	_	_	_	_
et	O	O	O	O	O	O	_	_	_	_	_	_
Me	O	O	O	O	O	O	_	_	_	_	_	_
Gauthier	O	O	O	O	O	O	_	_	NoSpaceAfter	_	_	_
,	O	O	O	O	O	O	_	_	EndOfLine	_	_	_
# segment_iiif_link = https://impresso-project.ch/api/proxy/iiif/GDL-1928-03-16-a-p0006/1815,1465,703,55/full/0/default.jpg
avocat	O	O	O	O	O	O	_	_	_	_	_	_
à	O	O	O	O	O	O	_	_	_	_	_	_
Lausanne	O	O	O	O	O	O	_	_	NoSpaceAfter	_	_	_
,	O	O	O	O	O	O	_	_	_	_	_	_
défendait	O	O	O	O	O	O	_	_	_	_	_	_
le	O	O	O	O	O	O	_	_	_	_	_	_
prévenu	O	O	O	O	O	O	_	_	NoSpaceAfter	_	_	_
.	O	O	O	O	O	O	_	_	EndOfLine	EndOfSentence	_	_
# segment_iiif_link = https://impresso-project.ch/api/proxy/iiif/GDL-1928-03-16-a-p0006/1852,1507,725,55/full/0/default.jpg
Les	O	O	O	O	O	O	_	_	_	_	_	_
débats	O	O	O	O	O	O	_	_	_	_	_	_
commencèrent	O	O	O	O	O	O	_	_	_	_	_	_
à	O	O	O	O	O	O	_	_	_	_	_	_
9	O	O	O	O	O	O	_	_	_	_	_	_
h	O	O	O	O	O	O	_	_	NoSpaceAfter	_	_	_
.	O	O	O	O	O	O	_	_	_	EndOfSentence	_	_
le	O	O	O	O	O	O	_	_	EndOfLine	_	_	_
# segment_iiif_link = https://impresso-project.ch/api/proxy/iiif/GDL-1928-03-16-a-p0006/1815,1547,760,55/full/0/default.jpg
matin	O	O	O	O	O	O	_	_	_	_	_	_
par	O	O	O	O	O	O	_	_	_	_	_	_
l	O	O	O	O	O	O	_	_	NoSpaceAfter	_	_	_
'	O	O	O	O	O	O	_	_	NoSpaceAfter	_	_	_
interrogatoire	O	O	O	O	O	O	_	_	_	_	_	_
du	O	O	O	O	O	O	_	_	_	_	_	_
prévenu	O	O	O	O	O	O	_	_	NoSpaceAfter	_	_	_
.	O	O	O	O	O	O	_	_	_	EndOfSentence	_	_
Puis	O	O	O	O	O	O	_	_	EndOfLine	_	_	_
# segment_iiif_link = https://impresso-project.ch/api/proxy/iiif/GDL-1928-03-16-a-p0006/1813,1586,764,55/full/0/default.jpg
ce	O	O	O	O	O	O	_	_	_	_	_	_
fut	O	O	O	O	O	O	_	_	_	_	_	_
l	O	O	O	O	O	O	_	_	NoSpaceAfter	_	_	_
'	O	O	O	O	O	O	_	_	NoSpaceAfter	_	_	_
audition	O	O	O	O	O	O	_	_	_	_	_	_
des	O	O	O	O	O	O	_	_	_	_	_	_
témoins	O	O	O	O	O	O	_	_	_	_	_	_
dont	O	O	O	O	O	O	_	_	_	_	_	_
quatre	O	O	O	O	O	O	_	_	EndOfLine	_	_	_
# segment_iiif_link = https://impresso-project.ch/api/proxy/iiif/GDL-1928-03-16-a-p0006/1815,1626,760,55/full/0/default.jpg
plus	O	O	O	O	O	O	_	_	_	_	_	_
particulièrement	O	O	O	O	O	O	_	_	_	_	_	_
retinrent	O	O	O	O	O	O	_	_	_	_	_	_
l	O	O	O	O	O	O	_	_	NoSpaceAfter	_	_	_
'	O	O	O	O	O	O	_	_	NoSpaceAfter	_	_	_
attention	O	O	O	O	O	O	_	_	EndOfLine	_	_	_
# segment_iiif_link = https://impresso-project.ch/api/proxy/iiif/GDL-1928-03-16-a-p0006/1810,1665,766,58/full/0/default.jpg
des	O	O	O	O	O	O	_	_	_	_	_	_
juges	O	O	O	O	O	O	_	_	NoSpaceAfter	_	_	_
.	O	O	O	O	O	O	_	_	_	EndOfSentence	_	_
Tout	O	O	O	O	O	O	_	_	_	_	_	_
d	O	O	O	O	O	O	_	_	NoSpaceAfter	_	_	_
'	O	O	O	O	O	O	_	_	NoSpaceAfter	_	_	_
abord	O	O	O	O	O	O	_	_	_	_	_	_
les	O	O	O	O	O	O	_	_	_	_	_	_
deux	O	O	O	O	O	O	_	_	EndOfLine	_	_	_
# segment_iiif_link = https://impresso-project.ch/api/proxy/iiif/GDL-1928-03-16-a-p0006/1813,1707,764,55/full/0/default.jpg
occupants	O	O	O	O	O	O	_	_	_	_	_	_
de	O	O	O	O	O	O	_	_	_	_	_	_
la	O	O	O	O	O	O	_	_	_	_	_	_
voiture	O	O	O	O	O	O	_	_	_	_	_	_
homicide	O	O	O	O	O	O	_	_	NoSpaceAfter	_	_	_
,	O	O	O	O	O	O	_	_	_	_	_	_
les	O	O	O	O	O	O	_	_	_	_	_	_
sieurs	O	O	O	O	O	O	_	_	EndOfLine	_	_	_
# segment_iiif_link = https://impresso-project.ch/api/proxy/iiif/GDL-1928-03-16-a-p0006/1810,1747,763,55/full/0/default.jpg
Boucher	O	O	O	O	O	O	_	_	_	_	_	_
et	O	O	O	O	O	O	_	_	_	_	_	_
Riibli	O	O	O	O	O	O	_	_	NoSpaceAfter	_	_	_
,	O	O	O	O	O	O	_	_	_	_	_	_
individus	O	O	O	O	O	O	_	_	_	_	_	_
peu	O	O	O	O	O	O	_	_	EndOfLine	_	_	_
# segment_iiif_link = https://impresso-project.ch/api/proxy/iiif/GDL-1928-03-16-a-p0006/1813,1786,764,55/full/0/default.jpg
recommandâmes	O	O	O	O	O	O	_	_	_	_	_	_
dont	O	O	O	O	O	O	_	_	_	_	_	_
le	O	O	O	O	O	O	_	_	_	_	_	_
casier	O	O	O	O	O	O	_	_	_	_	_	_
judiciaire	O	O	O	O	O	O	_	_	EndOfLine	_	_	_
# segment_iiif_link = https://impresso-project.ch/api/proxy/iiif/GDL-1928-03-16-a-p0006/1813,1826,764,55/full/0/default.jpg
comporte	O	O	O	O	O	O	_	_	_	_	_	_
pour	O	O	O	O	O	O	_	_	_	_	_	_
T	O	O	O	O	O	O	_	_	_	_	_	_
un	O	O	O	O	O	O	_	_	_	_	_	_
urne	O	O	O	O	O	O	_	_	_	_	_	_
vingtaine	O	O	O	O	O	O	_	_	_	_	_	_
de	O	O	O	O	O	O	_	_	EndOfLine	_	_	_
# segment_iiif_link = https://impresso-project.ch/api/proxy/iiif/GDL-1928-03-16-a-p0006/1813,1865,764,58/full/0/default.jpg
condamnations	O	O	O	O	O	O	_	_	_	_	_	_
sévères	O	O	O	O	O	O	_	_	NoSpaceAfter	_	_	_
,	O	O	O	O	O	O	_	_	_	_	_	_
pour	O	O	O	O	O	O	_	_	_	_	_	_
l	O	O	O	O	O	O	_	_	NoSpaceAfter	_	_	_
'	O	O	O	O	O	O	_	_	NoSpaceAfter	_	_	_
autre	O	O	O	O	O	O	_	_	_	_	_	_
deux	O	O	O	O	O	O	_	_	NoSpaceAfter	_	_	_
.	O	O	O	O	O	O	_	_	_	EndOfSentence	_	_
Ces	O	O	O	O	O	O	_	_	EndOfLine	_	_	_
# segment_iiif_link = https://impresso-project.ch/api/proxy/iiif/GDL-1928-03-16-a-p0006/1810,1907,765,55/full/0/default.jpg
deux	O	O	O	O	O	O	_	_	_	_	_	_
témoins	O	O	O	O	O	O	_	_	_	_	_	_
mirent	O	O	O	O	O	O	_	_	_	_	_	_
naturellement	O	O	O	O	O	O	_	_	_	_	_	_
leur	O	O	O	O	O	O	_	_	EndOfLine	_	_	_
# segment_iiif_link = https://impresso-project.ch/api/proxy/iiif/GDL-1928-03-16-a-p0006/1815,1947,762,55/full/0/default.jpg
astuce	O	O	O	O	O	O	_	_	_	_	_	_
à	O	O	O	O	O	O	_	_	_	_	_	_
défendre	O	O	O	O	O	O	_	_	_	_	_	_
leur	O	O	O	O	O	O	_	_	_	_	_	_
infortuné	O	O	O	O	O	O	_	_	EndOfLine	_	_	_
# segment_iiif_link = https://impresso-project.ch/api/proxy/iiif/GDL-1928-03-16-a-p0006/1813,1986,763,55/full/0/default.jpg
compagnon	O	O	O	O	O	O	_	_	NoSpaceAfter	_	_	_
,	O	O	O	O	O	O	_	_	_	_	_	_
mais	O	O	O	O	O	O	_	_	_	_	_	_
sans	O	O	O	O	O	O	_	_	_	_	_	_
parvenir	O	O	O	O	O	O	_	_	_	_	_	_
toutefois	O	O	O	O	O	O	_	_	_	_	_	_
à	O	O	O	O	O	O	_	_	_	_	_	_
se	O	O	O	O	O	O	_	_	EndOfLine	_	_	_
# segment_iiif_link = https://impresso-project.ch/api/proxy/iiif/GDL-1928-03-16-a-p0006/1815,2026,760,55/full/0/default.jpg
faire	O	O	O	O	O	O	_	_	_	_	_	_
prendre	O	O	O	O	O	O	_	_	_	_	_	_
au	O	O	O	O	O	O	_	_	_	_	_	_
sérieux	O	O	O	O	O	O	_	_	NoSpaceAfter	_	_	_
.	O	O	O	O	O	O	_	_	_	EndOfSentence	_	_
Puis	O	O	O	O	O	O	_	_	_	_	_	_
M	O	O	O	O	O	O	_	_	NoSpaceAfter	_	_	_
.	O	O	O	O	O	O	_	_	_	_	_	_
Gros	O	O	O	O	O	O	_	_	_	_	_	_
et	O	O	O	O	O	O	_	_	EndOfLine	_	_	_
# segment_iiif_link = https://impresso-project.ch/api/proxy/iiif/GDL-1928-03-16-a-p0006/1810,2065,765,58/full/0/default.jpg
sa	O	O	O	O	O	O	_	_	_	_	_	_
fille	O	O	O	O	O	O	_	_	NoSpaceAfter	_	_	_
,	O	O	O	O	O	O	_	_	_	_	_	_
qui	O	O	O	O	O	O	_	_	_	_	_	_
furent	O	O	O	O	O	O	_	_	_	_	_	_
les	O	O	O	O	O	O	_	_	_	_	_	_
seules	O	O	O	O	O	O	_	_	_	_	_	_
personnes	O	O	O	O	O	O	_	_	EndOfLine	_	_	_
# segment_iiif_link = https://impresso-project.ch/api/proxy/iiif/GDL-1928-03-16-a-p0006/1815,2107,765,55/full/0/default.jpg
ayant	O	O	O	O	O	O	_	_	_	_	_	_
assisté	O	O	O	O	O	O	_	_	_	_	_	_
à	O	O	O	O	O	O	_	_	_	_	_	_
l	O	O	O	O	O	O	_	_	NoSpaceAfter	_	_	_
'	O	O	O	O	O	O	_	_	NoSpaceAfter	_	_	_
accident	O	O	O	O	O	O	_	_	NoSpaceAfter	_	_	_
.	O	O	O	O	O	O	_	_	_	EndOfSentence	_	_
M	O	O	O	O	O	O	_	_	NoSpaceAfter	_	_	_
.	O	O	O	O	O	O	_	_	_	_	_	_
Gros	O	O	O	O	O	O	_	_	NoSpaceAfter	_	_	_
,	O	O	O	O	O	O	_	_	_	_	_	_
trar	O	O	O	O	O	O	_	_	EndOfLine	_	_	_
# segment_iiif_link = https://impresso-project.ch/api/proxy/iiif/GDL-1928-03-16-a-p0006/1813,2147,762,55/full/0/default.jpg
vaillant	O	O	O	O	O	O	_	_	_	_	_	_
dans	O	O	O	O	O	O	_	_	_	_	_	_
son	O	O	O	O	O	O	_	_	_	_	_	_
jardin	O	O	O	O	O	O	_	_	NoSpaceAfter	_	_	_
,	O	O	O	O	O	O	_	_	_	_	_	_
au	O	O	O	O	O	O	_	_	_	_	_	_
bord	O	O	O	O	O	O	_	_	_	_	_	_
du	O	O	O	O	O	O	_	_	_	_	_	_
lac	O	O	O	O	O	O	_	_	NoSpaceAfter	_	_	_
,	O	O	O	O	O	O	_	_	EndOfLine	_	_	_
# segment_iiif_link = https://impresso-project.ch/api/proxy/iiif/GDL-1928-03-16-a-p0006/1810,2186,763,55/full/0/default.jpg
entendit	O	O	O	O	O	O	_	_	_	_	_	_
l	O	O	O	O	O	O	_	_	NoSpaceAfter	_	_	_
'	O	O	O	O	O	O	_	_	NoSpaceAfter	_	_	_
éclatement	O	O	O	O	O	O	_	_	_	_	_	_
du	O	O	O	O	O	O	_	_	_	_	_	_
pneu	O	O	O	O	O	O	_	_	_	_	_	_
et	O	O	O	O	O	O	_	_	_	_	_	_
vit	O	O	O	O	O	O	_	_	_	_	_	_
la	O	O	O	O	O	O	_	_	EndOfLine	_	_	_
# segment_iiif_link = https://impresso-project.ch/api/proxy/iiif/GDL-1928-03-16-a-p0006/1810,2226,780,55/full/0/default.jpg
collision	O	O	O	O	O	O	_	_	NoSpaceAfter	_	_	_
.	O	O	O	O	O	O	_	_	_	EndOfSentence	_	_
Il	O	O	O	O	O	O	_	_	_	_	_	_
se	O	O	O	O	O	O	_	_	_	_	_	_
rendit	O	O	O	O	O	O	_	_	_	_	_	_
de	O	O	O	O	O	O	_	_	_	_	_	_
suite	O	O	O	O	O	O	_	_	_	_	_	_
sur	O	O	O	O	O	O	_	_	_	_	_	_
le	O	O	O	O	O	O	_	_	_	_	_	_
Meu	O	O	O	O	O	O	_	_	EndOfLine	_	_	_
# segment_iiif_link = https://impresso-project.ch/api/proxy/iiif/GDL-1928-03-16-a-p0006/1806,2265,772,58/full/0/default.jpg
du	O	O	O	O	O	O	_	_	_	_	_	_
drame	O	O	O	O	O	O	_	_	NoSpaceAfter	_	_	_
,	O	O	O	O	O	O	_	_	_	_	_	_
non	O	O	O	O	O	O	_	_	_	_	_	_
sans	O	O	O	O	O	O	_	_	_	_	_	_
avoir	O	O	O	O	O	O	_	_	_	_	_	_
appelé	O	O	O	O	O	O	_	_	_	_	_	_
sa	O	O	O	O	O	O	_	_	_	_	_	_
fille	O	O	O	O	O	O	_	_	_	_	_	_
et	O	O	O	O	O	O	_	_	EndOfLine	_	_	_
# segment_iiif_link = https://impresso-project.ch/api/proxy/iiif/GDL-1928-03-16-a-p0006/1810,2307,765,55/full/0/default.jpg
lui	O	O	O	O	O	O	_	_	_	_	_	_
avoir	O	O	O	O	O	O	_	_	_	_	_	_
enjoint	O	O	O	O	O	O	_	_	_	_	_	_
de	O	O	O	O	O	O	_	_	_	_	_	_
mander	O	O	O	O	O	O	_	_	_	_	_	_
un	O	O	O	O	O	O	_	_	_	_	_	_
médecin	O	O	O	O	O	O	_	_	NoSpaceAfter	_	_	_
.	O	O	O	O	O	O	_	_	EndOfLine	EndOfSentence	_	_
# segment_iiif_link = https://impresso-project.ch/api/proxy/iiif/GDL-1928-03-16-a-p0006/1813,2347,762,55/full/0/default.jpg
Les	O	O	O	O	O	O	_	_	_	_	_	_
précisions	O	O	O	O	O	O	_	_	_	_	_	_
apportées	O	O	O	O	O	O	_	_	_	_	_	_
par	O	O	O	O	O	O	_	_	_	_	_	_
ce	O	O	O	O	O	O	_	_	_	_	_	_
témoin	O	O	O	O	O	O	_	_	EndOfLine	_	_	_
# segment_iiif_link = https://impresso-project.ch/api/proxy/iiif/GDL-1928-03-16-a-p0006/1810,2386,763,55/full/0/default.jpg
sont	O	O	O	O	O	O	_	_	_	_	_	_
assez	O	O	O	O	O	O	_	_	_	_	_	_
accablantes	O	O	O	O	O	O	_	_	_	_	_	_
pour	O	O	O	O	O	O	_	_	_	_	_	_
le	O	O	O	O	O	O	_	_	_	_	_	_
prévenu	O	O	O	O	O	O	_	_	NoSpaceAfter	_	_	_
,	O	O	O	O	O	O	_	_	EndOfLine	_	_	_
# segment_iiif_link = https://impresso-project.ch/api/proxy/iiif/GDL-1928-03-16-a-p0006/1808,2426,767,55/full/0/default.jpg
spécialement	O	O	O	O	O	O	_	_	_	_	_	_
en	O	O	O	O	O	O	_	_	_	_	_	_
ce	O	O	O	O	O	O	_	_	_	_	_	_
qui	O	O	O	O	O	O	_	_	_	_	_	_
concerne	O	O	O	O	O	O	_	_	_	_	_	_
son	O	O	O	O	O	O	_	_	EndOfLine	_	_	_
# segment_iiif_link = https://impresso-project.ch/api/proxy/iiif/GDL-1928-03-16-a-p0006/1810,2465,765,58/full/0/default.jpg
attitude	O	O	O	O	O	O	_	_	_	_	_	_
et	O	O	O	O	O	O	_	_	_	_	_	_
celle	O	O	O	O	O	O	_	_	_	_	_	_
de	O	O	O	O	O	O	_	_	_	_	_	_
ses	O	O	O	O	O	O	_	_	_	_	_	_
deux	O	O	O	O	O	O	_	_	_	_	_	_
amis	O	O	O	O	O	O	_	_	NoSpaceAfter	_	_	_
,	O	O	O	O	O	O	_	_	_	_	_	_
après	O	O	O	O	O	O	_	_	_	_	_	_
le	O	O	O	O	O	O	_	_	EndOfLine	_	_	_
# segment_iiif_link = https://impresso-project.ch/api/proxy/iiif/GDL-1928-03-16-a-p0006/1808,2507,121,55/full/0/default.jpg
drame	O	O	O	O	O	O	_	_	NoSpaceAfter	_	_	_
.	O	O	O	O	O	O	_	_	EndOfLine	EndOfSentence	_	_
# segment_iiif_link = https://impresso-project.ch/api/proxy/iiif/GDL-1928-03-16-a-p0006/1852,2549,723,55/full/0/default.jpg
Il	O	O	O	O	O	O	_	_	_	_	_	_
est	O	O	O	O	O	O	_	_	NoSpaceAfter	_	_	_
,	O	O	O	O	O	O	_	_	_	_	_	_
en	O	O	O	O	O	O	_	_	_	_	_	_
effet	O	O	O	O	O	O	_	_	NoSpaceAfter	_	_	_
,	O	O	O	O	O	O	_	_	_	_	_	_
avéré	O	O	O	O	O	O	_	_	NoSpaceAfter	_	_	_
,	O	O	O	O	O	O	_	_	_	_	_	_
que	O	O	O	O	O	O	_	_	_	_	_	_
ceux	O	O	O	O	O	O	_	_	NoSpaceAfter	_	_	_
-	O	O	O	O	O	O	_	_	NoSpaceAfter	_	_	_
ci	O	O	O	O	O	O	_	_	EndOfLine	_	_	_
# segment_iiif_link = https://impresso-project.ch/api/proxy/iiif/GDL-1928-03-16-a-p0006/1808,2588,765,58/full/0/default.jpg
tentèrent	O	O	O	O	O	O	_	_	_	_	_	_
de	O	O	O	O	O	O	_	_	_	_	_	_
tromper	O	O	O	O	O	O	_	_	_	_	_	_
leurs	O	O	O	O	O	O	_	_	_	_	_	_
juges	O	O	O	O	O	O	_	_	_	_	_	_
et	O	O	O	O	O	O	_	_	_	_	_	_
d	O	O	O	O	O	O	_	_	NoSpaceAfter	_	_	_
'	O	O	O	O	O	O	_	_	NoSpaceAfter	_	_	_
esquiver	O	O	O	O	O	O	_	_	EndOfLine	_	_	_
# segment_iiif_link = https://impresso-project.ch/api/proxy/iiif/GDL-1928-03-16-a-p0006/1808,2630,763,55/full/0/default.jpg
les	O	O	O	O	O	O	_	_	_	_	_	_
responsabilités	O	O	O	O	O	O	_	_	NoSpaceAfter	_	_	_
,	O	O	O	O	O	O	_	_	_	_	_	_
en	O	O	O	O	O	O	_	_	_	_	_	_
transportant	O	O	O	O	O	O	_	_	_	_	_	_
les	O	O	O	O	O	O	_	_	_	_	_	_
dé	O	O	O	O	O	O	_	_	EndOfLine	_	_	_
# segment_iiif_link = https://impresso-project.ch/api/proxy/iiif/GDL-1928-03-16-a-p0006/1808,2670,767,55/full/0/default.jpg
bris	O	O	O	O	O	O	_	_	_	_	_	_
de	O	O	O	O	O	O	_	_	_	_	_	_
la	O	O	O	O	O	O	_	_	_	_	_	_
motocyclette	O	O	O	O	O	O	_	_	_	_	_	_
sur	O	O	O	O	O	O	_	_	_	_	_	_
le	O	O	O	O	O	O	_	_	_	_	_	_
côté	O	O	O	O	O	O	_	_	_	_	_	_
droit	O	O	O	O	O	O	_	_	EndOfLine	_	_	_
# segment_iiif_link = https://impresso-project.ch/api/proxy/iiif/GDL-1928-03-16-a-p0006/1808,2709,769,55/full/0/default.jpg
de	O	O	O	O	O	O	_	_	_	_	_	_
la	O	O	O	O	O	O	_	_	_	_	_	_
chaussée	O	O	O	O	O	O	_	_	_	_	_	_
et	O	O	O	O	O	O	_	_	_	_	_	_
en	O	O	O	O	O	O	_	_	_	_	_	_
sortant	O	O	O	O	O	O	_	_	_	_	_	_
dé	O	O	O	O	O	O	_	_	_	_	_	_
sa	O	O	O	O	O	O	_	_	EndOfLine	_	_	_
# segment_iiif_link = https://impresso-project.ch/api/proxy/iiif/GDL-1928-03-16-a-p0006/1810,2749,767,55/full/0/default.jpg
position	O	O	O	O	O	O	_	_	_	_	_	_
l	O	O	O	O	O	O	_	_	NoSpaceAfter	_	_	_
'	O	O	O	O	O	O	_	_	NoSpaceAfter	_	_	_
automobile	O	O	O	O	O	O	_	_	_	_	_	_
pour	O	O	O	O	O	O	_	_	_	_	_	_
la	O	O	O	O	O	O	_	_	_	_	_	_
ranger	O	O	O	O	O	O	_	_	EndOfLine	_	_	_
# segment_iiif_link = https://impresso-project.ch/api/proxy/iiif/GDL-1928-03-16-a-p0006/1810,2788,473,58/full/0/default.jpg
également	O	O	O	O	O	O	_	_	_	_	_	_
à	O	O	O	O	O	O	_	_	_	_	_	_
droite	O	O	O	O	O	O	_	_	_	_	_	_
de	O	O	O	O	O	O	_	_	_	_	_	_
la	O	O	O	O	O	O	_	_	_	_	_	_
route	O	O	O	O	O	O	_	_	NoSpaceAfter	_	_	_
.	O	O	O	O	O	O	_	_	EndOfLine	EndOfSentence	_	_
# segment_iiif_link = https://impresso-project.ch/api/proxy/iiif/GDL-1928-03-16-a-p0006/1850,2832,720,55/full/0/default.jpg
On	O	O	O	O	O	O	_	_	_	_	_	_
peut	O	O	O	O	O	O	_	_	_	_	_	_
penser	O	O	O	O	O	O	_	_	_	_	_	_
que	O	O	O	O	O	O	_	_	_	_	_	_
si	O	O	O	O	O	O	_	_	_	_	_	_
M	O	O	O	O	O	O	_	_	NoSpaceAfter	_	_	_
.	O	O	O	O	O	O	_	_	_	_	_	_
Gros	O	O	O	O	O	O	_	_	_	_	_	_
n	O	O	O	O	O	O	_	_	NoSpaceAfter	_	_	_
'	O	O	O	O	O	O	_	_	NoSpaceAfter	_	_	_
était	O	O	O	O	O	O	_	_	EndOfLine	_	_	_
# segment_iiif_link = https://impresso-project.ch/api/proxy/iiif/GDL-1928-03-16-a-p0006/1808,2872,763,55/full/0/default.jpg
pas	O	O	O	O	O	O	_	_	_	_	_	_
intervenu	O	O	O	O	O	O	_	_	_	_	_	_
au	O	O	O	O	O	O	_	_	_	_	_	_
bon	O	O	O	O	O	O	_	_	_	_	_	_
moment	O	O	O	O	O	O	_	_	NoSpaceAfter	_	_	_
,	O	O	O	O	O	O	_	_	_	_	_	_
le	O	O	O	O	O	O	_	_	_	_	_	_
corps	O	O	O	O	O	O	_	_	EndOfLine	_	_	_
# segment_iiif_link = https://impresso-project.ch/api/proxy/iiif/GDL-1928-03-16-a-p0006/1806,2911,765,55/full/0/default.jpg
de	O	O	O	O	O	O	_	_	_	_	_	_
la	O	O	O	O	O	O	_	_	_	_	_	_
victime	O	O	O	O	O	O	_	_	_	_	_	_
eût	O	O	O	O	O	O	_	_	_	_	_	_
aussi	O	O	O	O	O	O	_	_	_	_	_	_
été	O	O	O	O	O	O	_	_	_	_	_	_
transporté	O	O	O	O	O	O	_	_	_	_	_	_
de	O	O	O	O	O	O	_	_	EndOfLine	_	_	_
# segment_iiif_link = https://impresso-project.ch/api/proxy/iiif/GDL-1928-03-16-a-p0006/1806,2951,765,55/full/0/default.jpg
ce	O	O	O	O	O	O	_	_	_	_	_	_
côté	O	O	O	O	O	O	_	_	NoSpaceAfter	_	_	_
,	O	O	O	O	O	O	_	_	_	_	_	_
de	O	O	O	O	O	O	_	_	_	_	_	_
façon	O	O	O	O	O	O	_	_	_	_	_	_
à	O	O	O	O	O	O	_	_	_	_	_	_
lui	O	O	O	O	O	O	_	_	_	_	_	_
faire	O	O	O	O	O	O	_	_	_	_	_	_
endosser	O	O	O	O	O	O	_	_	_	_	_	_
la	O	O	O	O	O	O	_	_	EndOfLine	_	_	_
# segment_iiif_link = https://impresso-project.ch/api/proxy/iiif/GDL-1928-03-16-a-p0006/1806,2990,765,58/full/0/default.jpg
responsabilité	O	O	O	O	O	O	_	_	_	_	_	_
totale	O	O	O	O	O	O	_	_	_	_	_	_
ou	O	O	O	O	O	O	_	_	_	_	_	_
partielle	O	O	O	O	O	O	_	_	_	_	_	_
de	O	O	O	O	O	O	_	_	EndOfLine	_	_	_
# segment_iiif_link = https://impresso-project.ch/api/proxy/iiif/GDL-1928-03-16-a-p0006/1806,3032,765,55/full/0/default.jpg
l	O	O	O	O	O	O	_	_	NoSpaceAfter	_	_	_
'	O	O	O	O	O	O	_	_	NoSpaceAfter	_	_	_
accident	O	O	O	O	O	O	_	_	NoSpaceAfter	_	_	_
.	O	O	O	O	O	O	_	_	_	EndOfSentence	_	_
Cette	O	O	O	O	O	O	_	_	_	_	_	_
manœuvre	O	O	O	O	O	O	_	_	_	_	_	_
déjouée	O	O	O	O	O	O	_	_	NoSpaceAfter	_	_	_
,	O	O	O	O	O	O	_	_	_	_	_	_
fut	O	O	O	O	O	O	_	_	_	_	_	_
une	O	O	O	O	O	O	_	_	EndOfLine	_	_	_
# segment_iiif_link = https://impresso-project.ch/api/proxy/iiif/GDL-1928-03-16-a-p0006/1806,3072,781,55/full/0/default.jpg
charge	O	O	O	O	O	O	_	_	_	_	_	_
peu	O	O	O	O	O	O	_	_	_	_	_	_
à	O	O	O	O	O	O	_	_	NoSpaceAfter	_	_	_
'	O	O	O	O	O	O	_	_	_	_	_	_
*	O	O	O	O	O	O	_	_	_	_	_	_
l	O	O	O	O	O	O	_	_	NoSpaceAfter	_	_	_
'	O	O	O	O	O	O	_	_	NoSpaceAfter	_	_	_
honneuir	O	O	O	O	O	O	_	_	_	_	_	_
du	O	O	O	O	O	O	_	_	_	_	_	_
prévenu	O	O	O	O	O	O	_	_	_	_	_	_
et	O	O	O	O	O	O	_	_	EndOfLine	_	_	_
# segment_iiif_link = https://impresso-project.ch/api/proxy/iiif/GDL-1928-03-16-a-p0006/1806,3111,581,55/full/0/default.jpg
indigna	O	O	O	O	O	O	_	_	_	_	_	_
justement	O	O	O	O	O	O	_	_	_	_	_	_
le	O	O	O	O	O	O	_	_	_	_	_	_
public	O	O	O	O	O	O	_	_	NoSpaceAfter	_	_	_
.	O	O	O	O	O	O	_	_	NoSpaceAfter	EndOfSentence	_	_
'	O	O	O	O	O	O	_	_	EndOfLine|NoSpaceAfter	_	_	_
# segment_iiif_link = https://impresso-project.ch/api/proxy/iiif/GDL-1928-03-16-a-p0006/2042,3188,520,58/full/0/default.jpg
I	O	O	O	O	O	O	_	_	_	_	_	_
/	O	O	O	O	O	O	_	_	_	_	_	_
ès	O	O	O	O	O	O	_	_	_	_	_	_
plaidoiries	O	O	O	O	O	O	_	_	NoSpaceAfter	_	_	_
'	O	O	O	O	O	O	_	_	NoSpaceAfter	_	_	_
'	O	O	O	O	O	O	_	_	NoSpaceAfter	_	_	_
.	O	O	O	O	O	O	_	_	EndOfLine	EndOfSentence	_	_
# segment_iiif_link = https://impresso-project.ch/api/proxy/iiif/GDL-1928-03-16-a-p0006/1844,3257,725,55/full/0/default.jpg
M	O	O	O	O	O	O	_	_	NoSpaceAfter	_	_	_
.	O	O	O	O	O	O	_	_	_	_	_	_
Boven	O	O	O	O	O	O	_	_	_	_	_	_
fut	O	O	O	O	O	O	_	_	_	_	_	_
sévère	O	O	O	O	O	O	_	_	NoSpaceAfter	_	_	_
,	O	O	O	O	O	O	_	_	_	_	_	_
mais	O	O	O	O	O	O	_	_	_	_	_	_
juste	O	O	O	O	O	O	_	_	_	_	_	_
dans	O	O	O	O	O	O	_	_	EndOfLine	_	_	_
# segment_iiif_link = https://impresso-project.ch/api/proxy/iiif/GDL-1928-03-16-a-p0006/1806,3297,763,55/full/0/default.jpg
son	O	O	O	O	O	O	_	_	_	_	_	_
réquisitoire	O	O	O	O	O	O	_	_	NoSpaceAfter	_	_	_
.	O	O	O	O	O	O	_	_	_	EndOfSentence	_	_
Il	O	O	O	O	O	O	_	_	_	_	_	_
retraça	O	O	O	O	O	O	_	_	_	_	_	_
avec	O	O	O	O	O	O	_	_	_	_	_	_
sa	O	O	O	O	O	O	_	_	EndOfLine	_	_	_
# segment_iiif_link = https://impresso-project.ch/api/proxy/iiif/GDL-1928-03-16-a-p0006/1806,3336,761,55/full/0/default.jpg
concision	O	O	O	O	O	O	_	_	_	_	_	_
habituelle	O	O	O	O	O	O	_	_	_	_	_	_
les	O	O	O	O	O	O	_	_	_	_	_	_
faits	O	O	O	O	O	O	_	_	NoSpaceAfter	_	_	_
,	O	O	O	O	O	O	_	_	_	_	_	_
soulignant	O	O	O	O	O	O	_	_	_	_	_	_
en	O	O	O	O	O	O	_	_	EndOfLine	_	_	_
# segment_iiif_link = https://impresso-project.ch/api/proxy/iiif/GDL-1928-03-16-a-p0006/1808,3374,761,55/full/0/default.jpg
passant	O	O	O	O	O	O	_	_	NoSpaceAfter	_	_	_
,	O	O	O	O	O	O	_	_	_	_	_	_
l	O	O	O	O	O	O	_	_	NoSpaceAfter	_	_	_
'	O	O	O	O	O	O	_	_	NoSpaceAfter	_	_	_
état	O	O	O	O	O	O	_	_	_	_	_	_
de	O	O	O	O	O	O	_	_	_	_	_	_
fatigue	O	O	O	O	O	O	_	_	_	_	_	_
ot	O	O	O	O	O	O	_	_	_	_	_	_
d	O	O	O	O	O	O	_	_	NoSpaceAfter	_	_	_
'	O	O	O	O	O	O	_	_	NoSpaceAfter	_	_	_
ébriété	O	O	O	O	O	O	_	_	EndOfLine	_	_	_
# segment_iiif_link = https://impresso-project.ch/api/proxy/iiif/GDL-1928-03-16-a-p0006/1808,3413,765,55/full/0/default.jpg
dans	O	O	O	O	O	O	_	_	_	_	_	_
lequel	O	O	O	O	O	O	_	_	_	_	_	_
C	O	O	O	O	O	O	_	_	NoSpaceAfter	_	_	_
.	O	O	O	O	O	O	_	_	_	_	_	_
se	O	O	O	O	O	O	_	_	_	_	_	_
trouvait	O	O	O	O	O	O	_	_	_	_	_	_
au	O	O	O	O	O	O	_	_	_	_	_	_
moment	O	O	O	O	O	O	_	_	_	_	_	_
de	O	O	O	O	O	O	_	_	EndOfLine	_	_	_
# segment_iiif_link = https://impresso-project.ch/api/proxy/iiif/GDL-1928-03-16-a-p0006/1806,3453,763,55/full/0/default.jpg
l	O	O	O	O	O	O	_	_	NoSpaceAfter	_	_	_
'	O	O	O	O	O	O	_	_	NoSpaceAfter	_	_	_
acoident	O	O	O	O	O	O	_	_	NoSpaceAfter	_	_	_
,	O	O	O	O	O	O	_	_	_	_	_	_
un	O	O	O	O	O	O	_	_	_	_	_	_
matin	O	O	O	O	O	O	_	_	_	_	_	_
à	O	O	O	O	O	O	_	_	_	_	_	_
9	O	O	O	O	O	O	_	_	_	_	_	_
h	O	O	O	O	O	O	_	_	NoSpaceAfter	_	_	_
-	O	O	O	O	O	O	_	_	_	_	_	_
45	O	O	O	O	O	O	_	_	NoSpaceAfter	_	_	_
,	O	O	O	O	O	O	_	_	_	_	_	_
après	O	O	O	O	O	O	_	_	_	_	_	_
une	O	O	O	O	O	O	_	_	EndOfLine	_	_	_
# segment_iiif_link = https://impresso-project.ch/api/proxy/iiif/GDL-1928-03-16-a-p0006/1804,3490,763,58/full/0/default.jpg
nuit	O	O	O	O	O	O	_	_	_	_	_	_
de	O	O	O	O	O	O	_	_	_	_	_	_
libation	O	O	O	O	O	O	_	_	_	_	_	_
et	O	O	O	O	O	O	_	_	_	_	_	_
de	O	O	O	O	O	O	_	_	_	_	_	_
veille	O	O	O	O	O	O	_	_	NoSpaceAfter	_	_	_
.	O	O	O	O	O	O	_	_	EndOfLine	EndOfSentence	_	_
# segment_iiif_link = https://impresso-project.ch/api/proxy/iiif/GDL-1928-03-16-a-p0006/1804,3530,762,55/full/0/default.jpg
L	O	O	O	O	O	O	_	_	NoSpaceAfter	_	_	_
'	O	O	O	O	O	O	_	_	NoSpaceAfter	_	_	_
imprudence	O	O	O	O	O	O	_	_	_	_	_	_
de	O	O	O	O	O	O	_	_	_	_	_	_
C	O	O	O	O	O	O	_	_	NoSpaceAfter	_	_	_
.	O	O	O	O	O	O	_	_	_	_	_	_
fut	O	O	O	O	O	O	_	_	_	_	_	_
d	O	O	O	O	O	O	_	_	NoSpaceAfter	_	_	_
'	O	O	O	O	O	O	_	_	NoSpaceAfter	_	_	_
autre	O	O	O	O	O	O	_	_	_	_	_	_
part	O	O	O	O	O	O	_	_	_	_	_	_
manifeste	O	O	O	O	O	O	_	_	NoSpaceAfter	_	_	_
,	O	O	O	O	O	O	_	_	_	_	_	_
car	O	O	O	O	O	O	_	_	EndOfLine	_	_	_
# segment_iiif_link = https://impresso-project.ch/api/proxy/iiif/GDL-1928-03-16-a-p0006/1804,3570,765,55/full/0/default.jpg
il	O	O	O	O	O	O	_	_	_	_	_	_
roulait	O	O	O	O	O	O	_	_	_	_	_	_
à	O	O	O	O	O	O	_	_	_	_	_	_
une	O	O	O	O	O	O	_	_	_	_	_	_
allure	O	O	O	O	O	O	_	_	_	_	_	_
excessive	O	O	O	O	O	O	_	_	NoSpaceAfter	_	_	_
,	O	O	O	O	O	O	_	_	_	_	_	_
sur	O	O	O	O	O	O	_	_	_	_	_	_
une	O	O	O	O	O	O	_	_	EndOfLine	_	_	_
# segment_iiif_link = https://impresso-project.ch/api/proxy/iiif/GDL-1928-03-16-a-p0006/1804,3609,763,55/full/0/default.jpg
route	O	O	O	O	O	O	_	_	_	_	_	_
détrempée	O	O	O	O	O	O	_	_	NoSpaceAfter	_	_	_
,	O	O	O	O	O	O	_	_	_	_	_	_
à	O	O	O	O	O	O	_	_	_	_	_	_
un	O	O	O	O	O	O	_	_	_	_	_	_
virage	O	O	O	O	O	O	_	_	_	_	_	_
réputé	O	O	O	O	O	O	_	_	EndOfLine	_	_	_
# segment_iiif_link = https://impresso-project.ch/api/proxy/iiif/GDL-1928-03-16-a-p0006/1804,3647,762,58/full/0/default.jpg
dangereux	O	O	O	O	O	O	_	_	_	_	_	_
et	O	O	O	O	O	O	_	_	_	_	_	_
où	O	O	O	O	O	O	_	_	_	_	_	_
la	O	O	O	O	O	O	_	_	_	_	_	_
visibilité	O	O	O	O	O	O	_	_	_	_	_	_
est	O	O	O	O	O	O	_	_	_	_	_	_
faible	O	O	O	O	O	O	_	_	NoSpaceAfter	_	_	_
.	O	O	O	O	O	O	_	_	EndOfLine	EndOfSentence	_	_
# segment_iiif_link = https://impresso-project.ch/api/proxy/iiif/GDL-1928-03-16-a-p0006/1848,3688,725,55/full/0/default.jpg
Expliquant	O	O	O	O	O	O	_	_	_	_	_	_
l	O	O	O	O	O	O	_	_	NoSpaceAfter	_	_	_
'	O	O	O	O	O	O	_	_	NoSpaceAfter	_	_	_
attitude	O	O	O	O	O	O	_	_	_	_	_	_
du	O	O	O	O	O	O	_	_	_	_	_	_
motocycliste	O	O	O	O	O	O	_	_	NoSpaceAfter	_	_	_
,	O	O	O	O	O	O	_	_	_	_	_	_
le	O	O	O	O	O	O	_	_	EndOfLine	_	_	_
# segment_iiif_link = https://impresso-project.ch/api/proxy/iiif/GDL-1928-03-16-a-p0006/1806,3726,765,55/full/0/default.jpg
substitut	O	O	O	O	O	O	_	_	_	_	_	_
conclut	O	O	O	O	O	O	_	_	_	_	_	_
que	O	O	O	O	O	O	_	_	_	_	_	_
celui	O	O	O	O	O	O	_	_	NoSpaceAfter	_	_	_
-	O	O	O	O	O	O	_	_	NoSpaceAfter	_	_	_
ci	O	O	O	O	O	O	_	_	_	_	_	_
ne	O	O	O	O	O	O	_	_	_	_	_	_
put	O	O	O	O	O	O	_	_	_	_	_	_
pas	O	O	O	O	O	O	_	_	EndOfLine	_	_	_
# segment_iiif_link = https://impresso-project.ch/api/proxy/iiif/GDL-1928-03-16-a-p0006/1806,3765,767,55/full/0/default.jpg
pressentir	O	O	O	O	O	O	_	_	_	_	_	_
la	O	O	O	O	O	O	_	_	_	_	_	_
fausse	O	O	O	O	O	O	_	_	_	_	_	_
manœuvre	O	O	O	O	O	O	_	_	_	_	_	_
de	O	O	O	O	O	O	_	_	_	_	_	_
l	O	O	O	O	O	O	_	_	NoSpaceAfter	_	_	_
'	O	O	O	O	O	O	_	_	NoSpaceAfter	_	_	_
auto	O	O	O	O	O	O	_	_	EndOfLine	_	_	_
# segment_iiif_link = https://impresso-project.ch/api/proxy/iiif/GDL-1928-03-16-a-p0006/1806,3805,767,55/full/0/default.jpg
survenue	O	O	O	O	O	O	_	_	_	_	_	_
en	O	O	O	O	O	O	_	_	_	_	_	_
bolide	O	O	O	O	O	O	_	_	_	_	_	_
et	O	O	O	O	O	O	_	_	_	_	_	_
qu	O	O	O	O	O	O	_	_	NoSpaceAfter	_	_	_
'	O	O	O	O	O	O	_	_	NoSpaceAfter	_	_	_
il	O	O	O	O	O	O	_	_	_	_	_	_
obliqua	O	O	O	O	O	O	_	_	EndOfLine	_	_	_
# segment_iiif_link = https://impresso-project.ch/api/proxy/iiif/GDL-1928-03-16-a-p0006/1808,3843,765,58/full/0/default.jpg
désespérément	O	O	O	O	O	O	_	_	_	_	_	_
à	O	O	O	O	O	O	_	_	_	_	_	_
sa	O	O	O	O	O	O	_	_	_	_	_	_
droite	O	O	O	O	O	O	_	_	NoSpaceAfter	_	_	_
,	O	O	O	O	O	O	_	_	_	_	_	_
dans	O	O	O	O	O	O	_	_	_	_	_	_
l	O	O	O	O	O	O	_	_	NoSpaceAfter	_	_	_
'	O	O	O	O	O	O	_	_	NoSpaceAfter	_	_	_
espoir	O	O	O	O	O	O	_	_	_	_	_	_
que	O	O	O	O	O	O	_	_	_	_	_	_
le	O	O	O	O	O	O	_	_	EndOfLine	_	_	_
# segment_iiif_link = https://impresso-project.ch/api/proxy/iiif/GDL-1928-03-16-a-p0006/1806,3882,763,55/full/0/default.jpg
conducteur	O	O	O	O	O	O	_	_	_	_	_	_
de	O	O	O	O	O	O	_	_	_	_	_	_
la	O	O	O	O	O	O	_	_	_	_	_	_
voiture	O	O	O	O	O	O	_	_	_	_	_	_
parviendrait	O	O	O	O	O	O	_	_	_	_	_	_
à	O	O	O	O	O	O	_	_	EndOfLine	_	_	_
# segment_iiif_link = https://impresso-project.ch/api/proxy/iiif/GDL-1928-03-16-a-p0006/1806,3922,764,55/full/0/default.jpg
redresser	O	O	O	O	O	O	_	_	_	_	_	_
son	O	O	O	O	O	O	_	_	_	_	_	_
volant	O	O	O	O	O	O	_	_	_	_	_	_
ou	O	O	O	O	O	O	_	_	_	_	_	_
à	O	O	O	O	O	O	_	_	_	_	_	_
arrêter	O	O	O	O	O	O	_	_	NoSpaceAfter	_	_	_
.	O	O	O	O	O	O	_	_	_	EndOfSentence	_	_
Mais	O	O	O	O	O	O	_	_	NoSpaceAfter	_	_	_
,	O	O	O	O	O	O	_	_	EndOfLine	_	_	_
# segment_iiif_link = https://impresso-project.ch/api/proxy/iiif/GDL-1928-03-16-a-p0006/1808,3961,765,55/full/0/default.jpg
faute	O	O	O	O	O	O	_	_	_	_	_	_
de	O	O	O	O	O	O	_	_	_	_	_	_
sang	O	O	O	O	O	O	_	_	NoSpaceAfter	_	_	_
-	O	O	O	O	O	O	_	_	NoSpaceAfter	_	_	_
froid	O	O	O	O	O	O	_	_	_	_	_	_
et	O	O	O	O	O	O	_	_	_	_	_	_
de	O	O	O	O	O	O	_	_	_	_	_	_
freins	O	O	O	O	O	O	_	_	EndOfLine	_	_	_
# segment_iiif_link = https://impresso-project.ch/api/proxy/iiif/GDL-1928-03-16-a-p0006/1808,3999,762,55/full/0/default.jpg
convenables	O	O	O	O	O	O	_	_	NoSpaceAfter	_	_	_
,	O	O	O	O	O	O	_	_	_	_	_	_
C	O	O	O	O	O	O	_	_	NoSpaceAfter	_	_	_
.	O	O	O	O	O	O	_	_	_	_	_	_
ne	O	O	O	O	O	O	_	_	_	_	_	_
put	O	O	O	O	O	O	_	_	_	_	_	_
opérer	O	O	O	O	O	O	_	_	_	_	_	_
cette	O	O	O	O	O	O	_	_	_	_	_	_
manœuvre	O	O	O	O	O	O	_	_	NoSpaceAfter	_	_	_
.	O	O	O	O	O	O	_	_	EndOfLine	EndOfSentence	_	_
# segment_iiif_link = https://impresso-project.ch/api/proxy/iiif/GDL-1928-03-16-a-p0006/1808,4038,667,55/full/0/default.jpg
Dès	O	O	O	O	O	O	_	_	_	_	_	_
lors	O	O	O	O	O	O	_	_	_	_	_	_
la	O	O	O	O	O	O	_	_	_	_	_	_
collision	O	O	O	O	O	O	_	_	_	_	_	_
était	O	O	O	O	O	O	_	_	_	_	_	_
inévitable	O	O	O	O	O	O	_	_	NoSpaceAfter	_	_	_
.	O	O	O	O	O	O	_	_	EndOfLine	EndOfSentence	_	_
# segment_iiif_link = https://impresso-project.ch/api/proxy/iiif/GDL-1928-03-16-a-p0006/1846,4090,725,55/full/0/default.jpg
Le	O	O	O	O	O	O	_	_	_	_	_	_
substitut	O	O	O	O	O	O	_	_	_	_	_	_
conclut	O	O	O	O	O	O	_	_	_	_	_	_
en	O	O	O	O	O	O	_	_	_	_	_	_
demandant	O	O	O	O	O	O	_	_	EndOfLine	_	_	_
# segment_iiif_link = https://impresso-project.ch/api/proxy/iiif/GDL-1928-03-16-a-p0006/1806,4130,767,55/full/0/default.jpg
6	O	O	O	O	O	O	_	_	_	_	_	_
mois	O	O	O	O	O	O	_	_	_	_	_	_
d	O	O	O	O	O	O	_	_	NoSpaceAfter	_	_	_
'	O	O	O	O	O	O	_	_	NoSpaceAfter	_	_	_
emprisonnement	O	O	O	O	O	O	_	_	NoSpaceAfter	_	_	_
,	O	O	O	O	O	O	_	_	_	_	_	_
fr	O	O	O	O	O	O	_	_	NoSpaceAfter	_	_	_
.	O	O	O	O	O	O	_	_	_	_	_	_
1000	O	O	O	O	O	O	_	_	EndOfLine	_	_	_
# segment_iiif_link = https://impresso-project.ch/api/proxy/iiif/GDL-1928-03-16-a-p0006/1808,4168,535,58/full/0/default.jpg
d	O	O	O	O	O	O	_	_	NoSpaceAfter	_	_	_
'	O	O	O	O	O	O	_	_	NoSpaceAfter	_	_	_
amende	O	O	O	O	O	O	_	_	_	_	_	_
et	O	O	O	O	O	O	_	_	_	_	_	_
les	O	O	O	O	O	O	_	_	_	_	_	_
frais	O	O	O	O	O	O	_	_	_	_	_	_
de	O	O	O	O	O	O	_	_	_	_	_	_
la	O	O	O	O	O	O	_	_	_	_	_	_
cause	O	O	O	O	O	O	_	_	NoSpaceAfter	_	_	_
.	O	O	O	O	O	O	_	_	EndOfLine	EndOfSentence	_	_
# segment_iiif_link = https://impresso-project.ch/api/proxy/iiif/GDL-1928-03-16-a-p0006/2065,4251,238,55/full/0/default.jpg
Le	O	O	O	O	O	O	_	_	_	_	_	_
jugement	O	O	O	O	O	O	_	_	EndOfLine	_	_	_
# segment_iiif_link = https://impresso-project.ch/api/proxy/iiif/GDL-1928-03-16-a-p0006/1842,4318,722,58/full/0/default.jpg
Après	O	O	O	O	O	O	_	_	_	_	_	_
une	O	O	O	O	O	O	_	_	_	_	_	_
éloquente	O	O	O	O	O	O	_	_	_	_	_	_
et	O	O	O	O	O	O	_	_	_	_	_	_
habile	O	O	O	O	O	O	_	_	_	_	_	_
défenr	O	O	O	O	O	O	_	_	EndOfLine	_	_	_
# segment_iiif_link = https://impresso-project.ch/api/proxy/iiif/GDL-1928-03-16-a-p0006/1802,4357,763,55/full/0/default.jpg
se	O	O	O	O	O	O	_	_	_	_	_	_
présentée	O	O	O	O	O	O	_	_	_	_	_	_
par	O	O	O	O	O	O	_	_	_	_	_	_
Me	O	O	O	O	O	O	_	_	_	_	_	_
Gauthier	O	O	O	O	O	O	_	_	NoSpaceAfter	_	_	_
,	O	O	O	O	O	O	_	_	_	_	_	_
a	O	O	O	O	O	O	_	_	_	_	_	_
19	O	O	O	O	O	O	_	_	EndOfLine	_	_	_
# segment_iiif_link = https://impresso-project.ch/api/proxy/iiif/GDL-1928-03-16-a-p0006/1802,4397,683,55/full/0/default.jpg
heures	O	O	O	O	O	O	_	_	NoSpaceAfter	_	_	_
,	O	O	O	O	O	O	_	_	_	_	_	_
la	O	O	O	O	O	O	_	_	_	_	_	_
Cour	O	O	O	O	O	O	_	_	_	_	_	_
rendait	O	O	O	O	O	O	_	_	_	_	_	_
son	O	O	O	O	O	O	_	_	_	_	_	_
jugement	O	O	O	O	O	O	_	_	NoSpaceAfter	_	_	_
.	O	O	O	O	O	O	_	_	EndOfLine	EndOfSentence	_	_
# segment_iiif_link = https://impresso-project.ch/api/proxy/iiif/GDL-1928-03-16-a-p0006/1844,4438,722,55/full/0/default.jpg
Considérant	O	O	O	O	O	O	_	_	_	_	_	_
que	O	O	O	O	O	O	_	_	_	_	_	_
l	O	O	O	O	O	O	_	_	NoSpaceAfter	_	_	_
'	O	O	O	O	O	O	_	_	NoSpaceAfter	_	_	_
imprudence	O	O	O	O	O	O	_	_	_	_	_	_
et	O	O	O	O	O	O	_	_	NoSpaceAfter	_	_	_
.	O	O	O	O	O	O	_	_	_	EndOfSentence	_	_
la	O	O	O	O	O	O	_	_	EndOfLine	_	_	_
# segment_iiif_link = https://impresso-project.ch/api/proxy/iiif/GDL-1928-03-16-a-p0006/1800,4476,765,55/full/0/default.jpg
négligence	O	O	O	O	O	O	_	_	_	_	_	_
de	O	O	O	O	O	O	_	_	_	_	_	_
O	O	O	O	O	O	O	_	_	NoSpaceAfter	_	_	_
.	O	O	O	O	O	O	_	_	_	_	_	_
C	O	O	O	O	O	O	_	_	NoSpaceAfter	_	_	_
.	O	O	O	O	O	O	_	_	_	_	_	_
sont	O	O	O	O	O	O	_	_	_	_	_	_
nettement	O	O	O	O	O	O	_	_	EndOfLine	_	_	_
# segment_iiif_link = https://impresso-project.ch/api/proxy/iiif/GDL-1928-03-16-a-p0006/1802,4515,764,55/full/0/default.jpg
établies	O	O	O	O	O	O	_	_	_	_	_	_
par	O	O	O	O	O	O	_	_	_	_	_	_
le	O	O	O	O	O	O	_	_	_	_	_	_
fait	O	O	O	O	O	O	_	_	_	_	_	_
qu	O	O	O	O	O	O	_	_	NoSpaceAfter	_	_	_
'	O	O	O	O	O	O	_	_	NoSpaceAfter	_	_	_
il	O	O	O	O	O	O	_	_	_	_	_	_
était	O	O	O	O	O	O	_	_	_	_	_	_
fatigué	O	O	O	O	O	O	_	_	_	_	_	_
et	O	O	O	O	O	O	_	_	EndOfLine	_	_	_
# segment_iiif_link = https://impresso-project.ch/api/proxy/iiif/GDL-1928-03-16-a-p0006/1806,4555,761,55/full/0/default.jpg
pris	O	O	O	O	O	O	_	_	_	_	_	_
de	O	O	O	O	O	O	_	_	_	_	_	_
vin	O	O	O	O	O	O	_	_	_	_	_	_
au	O	O	O	O	O	O	_	_	_	_	_	_
moment	O	O	O	O	O	O	_	_	_	_	_	_
où	O	O	O	O	O	O	_	_	_	_	_	_
il	O	O	O	O	O	O	_	_	_	_	_	_
se	O	O	O	O	O	O	_	_	_	_	_	_
mit	O	O	O	O	O	O	_	_	_	_	_	_
à	O	O	O	O	O	O	_	_	EndOfLine	_	_	_
# segment_iiif_link = https://impresso-project.ch/api/proxy/iiif/GDL-1928-03-16-a-p0006/1804,4592,762,58/full/0/default.jpg
son	O	O	O	O	O	O	_	_	_	_	_	_
volant	O	O	O	O	O	O	_	_	NoSpaceAfter	_	_	_
,	O	O	O	O	O	O	_	_	_	_	_	_
que	O	O	O	O	O	O	_	_	_	_	_	_
sa	O	O	O	O	O	O	_	_	_	_	_	_
machine	O	O	O	O	O	O	_	_	_	_	_	_
était	O	O	O	O	O	O	_	_	EndOfLine	_	_	_
# segment_iiif_link = https://impresso-project.ch/api/proxy/iiif/GDL-1928-03-16-a-p0006/1804,4632,763,55/full/0/default.jpg
dépourvue	O	O	O	O	O	O	_	_	_	_	_	_
de	O	O	O	O	O	O	_	_	_	_	_	_
freins	O	O	O	O	O	O	_	_	_	_	_	_
fonctionnant	O	O	O	O	O	O	_	_	EndOfLine	_	_	_
# segment_iiif_link = https://impresso-project.ch/api/proxy/iiif/GDL-1928-03-16-a-p0006/1804,4672,762,55/full/0/default.jpg
normalement	O	O	O	O	O	O	_	_	NoSpaceAfter	_	_	_
,	O	O	O	O	O	O	_	_	_	_	_	_
que	O	O	O	O	O	O	_	_	_	_	_	_
la	O	O	O	O	O	O	_	_	_	_	_	_
route	O	O	O	O	O	O	_	_	_	_	_	_
était	O	O	O	O	O	O	_	_	_	_	_	_
mauvaise	O	O	O	O	O	O	_	_	NoSpaceAfter	_	_	_
,	O	O	O	O	O	O	_	_	_	_	_	_
le	O	O	O	O	O	O	_	_	EndOfLine	_	_	_
# segment_iiif_link = https://impresso-project.ch/api/proxy/iiif/GDL-1928-03-16-a-p0006/1804,4711,763,55/full/0/default.jpg
virage	O	O	O	O	O	O	_	_	_	_	_	_
dangereux	O	O	O	O	O	O	_	_	_	_	_	_
et	O	O	O	O	O	O	_	_	_	_	_	_
la	O	O	O	O	O	O	_	_	_	_	_	_
vitesse	O	O	O	O	O	O	_	_	EndOfLine	_	_	_
# segment_iiif_link = https://impresso-project.ch/api/proxy/iiif/GDL-1928-03-16-a-p0006/1804,4749,763,55/full/0/default.jpg
excessive	O	O	O	O	O	O	_	_	NoSpaceAfter	_	_	_
,	O	O	O	O	O	O	_	_	_	_	_	_
le	O	O	O	O	O	O	_	_	_	_	_	_
tribunal	O	O	O	O	O	O	_	_	_	_	_	_
le	O	O	O	O	O	O	_	_	_	_	_	_
condamne	O	O	O	O	O	O	_	_	_	_	_	_
pour	O	O	O	O	O	O	_	_	EndOfLine	_	_	_
# segment_iiif_link = https://impresso-project.ch/api/proxy/iiif/GDL-1928-03-16-a-p0006/1802,4788,766,55/full/0/default.jpg
homicide	O	O	O	O	O	O	_	_	_	_	_	_
par	O	O	O	O	O	O	_	_	_	_	_	_
imprudence	O	O	O	O	O	O	_	_	_	_	_	_
à	O	O	O	O	O	O	_	_	_	_	_	_
5	O	O	O	O	O	O	_	_	_	_	_	_
mois	O	O	O	O	O	O	_	_	_	_	_	_
de	O	O	O	O	O	O	_	_	_	_	_	_
prison	O	O	O	O	O	O	_	_	NoSpaceAfter	_	_	_
,	O	O	O	O	O	O	_	_	EndOfLine	_	_	_
# segment_iiif_link = https://impresso-project.ch/api/proxy/iiif/GDL-1928-03-16-a-p0006/1800,4828,766,55/full/0/default.jpg
500	O	O	O	O	O	O	_	_	_	_	_	_
fr	O	O	O	O	O	O	_	_	_	_	_	_
d	O	O	O	O	O	O	_	_	NoSpaceAfter	_	_	_
'	O	O	O	O	O	O	_	_	NoSpaceAfter	_	_	_
ap	O	O	O	O	O	O	_	_	NoSpaceAfter	_	_	_
-	O	O	O	O	O	O	_	_	NoSpaceAfter	_	_	_
onde	O	O	O	O	O	O	_	_	_	_	_	_
et	O	O	O	O	O	O	_	_	_	_	_	_
aux	O	O	O	O	O	O	_	_	_	_	_	_
fra	O	O	O	O	O	O	_	_	_	_	_	_
<	O	O	O	O	O	O	_	_	NoSpaceAfter	_	_	_
«	O	O	O	O	O	O	_	_	_	_	_	_
de	O	O	O	O	O	O	_	_	_	_	_	_
la	O	O	O	O	O	O	_	_	EndOfLine	_	_	_
# segment_iiif_link = https://impresso-project.ch/api/proxy/iiif/GDL-1928-03-16-a-p0006/1844,4913,719,58/full/0/default.jpg
cau	O	O	O	O	O	O	_	_	NoSpaceAfter	_	_	_
-	O	O	O	O	O	O	_	_	NoSpaceAfter	_	_	_
C	O	O	O	O	O	O	_	_	NoSpaceAfter	_	_	_
.	O	O	O	O	O	O	_	_	_	EndOfSentence	_	_
avait	O	O	O	O	O	O	_	_	_	_	_	_
au	O	O	O	O	O	O	_	_	_	_	_	_
préalable	O	O	O	O	O	O	_	_	_	_	_	_
désintéressé	O	O	O	O	O	O	_	_	_	_	_	_
les	O	O	O	O	O	O	_	_	_	_	_	_
pa	O	O	O	O	O	O	_	_	EndOfLine	_	_	_
# segment_iiif_link = https://impresso-project.ch/api/proxy/iiif/GDL-1928-03-16-a-p0006/1800,4955,764,55/full/0/default.jpg
rents	O	O	O	O	O	O	_	_	_	_	_	_
de	O	O	O	O	O	O	_	_	_	_	_	_
la	O	O	O	O	O	O	_	_	_	_	_	_
victime	O	O	O	O	O	O	_	_	_	_	_	_
qui	O	O	O	O	O	O	_	_	_	_	_	_
ne	O	O	O	O	O	O	_	_	_	_	_	_
se	O	O	O	O	O	O	_	_	_	_	_	_
portèrent	O	O	O	O	O	O	_	_	EndOfLine	_	_	_
# segment_iiif_link = https://impresso-project.ch/api/proxy/iiif/GDL-1928-03-16-a-p0006/1800,4995,404,55/full/0/default.jpg
donc	O	O	O	O	O	O	_	_	_	_	_	_
pas	O	O	O	O	O	O	_	_	_	_	_	_
partie	O	O	O	O	O	O	_	_	_	_	_	_
civile	O	O	O	O	O	O	_	_	NoSpaceAfter	_	_	_
.	O	O	O	O	O	O	_	_	EndOfLine	EndOfSentence	_	_

# language = fr
# newspaper = GDL
# date = 1938-01-05
# document_id = GDL-1938-01-05-a-i0083
# news-agency-as-source = Q493845
# segment_iiif_link = https://impresso-project.ch/api/proxy/iiif/GDL-1938-01-05-a-p0006/2627,5690,621,101/full/0/default.jpg
L	O	O	O	O	O	O	_	_	NoSpaceAfter	_	_	_
'	O	O	O	O	O	O	_	_	NoSpaceAfter	_	_	_
agitation	O	O	O	O	O	O	_	_	_	_	_	_
en	O	O	O	O	O	O	_	_	_	_	_	_
Palestine	O	O	O	O	O	O	_	_	EndOfLine	_	_	_
# segment_iiif_link = https://impresso-project.ch/api/proxy/iiif/GDL-1938-01-05-a-p0006/2615,5822,619,55/full/0/default.jpg
.	O	O	O	O	O	O	_	_	NoSpaceAfter	EndOfSentence	_	_
,	O	O	O	O	O	O	_	_	_	_	_	_
Coups	O	O	O	O	O	O	_	_	_	_	_	_
de	O	O	O	O	O	O	_	_	_	_	_	_
feu	O	O	O	O	O	O	_	_	_	_	_	_
à	O	O	O	O	O	O	_	_	NoSpaceAfter	_	_	_
,	O	O	O	O	O	O	_	_	_	_	_	_
Jérusalem	O	O	O	O	O	O	_	_	EndOfLine	_	_	_
# segment_iiif_link = https://impresso-project.ch/api/proxy/iiif/GDL-1938-01-05-a-p0006/2598,5878,675,55/full/0/default.jpg
•	O	O	O	O	O	O	_	_	NoSpaceAfter	_	_	_
•	O	O	O	O	O	O	_	_	NoSpaceAfter	_	_	_
'	O	O	O	O	O	O	_	_	NoSpaceAfter	_	_	_
'	O	O	O	O	O	O	_	_	NoSpaceAfter	_	_	_
•	O	O	O	O	O	O	_	_	NoSpaceAfter	_	_	_
•	O	O	O	O	O	O	_	_	_	_	_	_
Jérusalem	O	O	O	O	O	O	_	_	NoSpaceAfter	_	_	_
,	O	O	O	O	O	O	_	_	_	_	_	_
i	O	O	O	O	O	O	_	_	_	_	_	_
janvier	O	O	O	O	O	O	_	_	NoSpaceAfter	_	_	_
.	O	O	O	O	O	O	_	_	EndOfLine	EndOfSentence	_	_
# segment_iiif_link = https://impresso-project.ch/api/proxy/iiif/GDL-1938-01-05-a-p0006/2588,5920,722,55/full/0/default.jpg
'	O	O	O	O	O	O	_	_	NoSpaceAfter	_	_	_
(	O	O	O	O	O	O	_	_	NoSpaceAfter	_	_	_
United	B-org	O	B-org.ent.pressagency.UP-UPI	O	O	O	Q493845	_	_	_	LED0.00	_
Press	I-org	O	I-org.ent.pressagency.UP-UPI	O	O	O	Q493845	_	NoSpaceAfter	_	LED0.00	_
.	O	O	O	O	O	O	_	_	NoSpaceAfter	_	_	_
)	O	O	O	O	O	O	_	_	_	_	_	_
—	O	O	O	O	O	O	_	_	_	_	_	_
On	O	O	O	O	O	O	_	_	_	_	_	_
a	O	O	O	O	O	O	_	_	_	_	_	_
tiré	O	O	O	O	O	O	_	_	_	_	_	_
mardi	O	O	O	O	O	O	_	_	EndOfLine	_	_	_
# segment_iiif_link = https://impresso-project.ch/api/proxy/iiif/GDL-1938-01-05-a-p0006/2556,5959,759,55/full/0/default.jpg
matin	O	O	O	O	O	O	_	_	_	_	_	_
sur	O	O	O	O	O	O	_	_	_	_	_	_
deux	O	O	O	O	O	O	_	_	_	_	_	_
marchands	O	O	O	O	O	O	_	_	_	_	_	_
israélites	O	O	O	O	O	O	_	_	EndOfLine	_	_	_
# segment_iiif_link = https://impresso-project.ch/api/proxy/iiif/GDL-1938-01-05-a-p0006/2554,5999,761,55/full/0/default.jpg
de	O	O	O	O	O	O	_	_	_	_	_	_
primeurs	O	O	O	O	O	O	_	_	NoSpaceAfter	_	_	_
,	O	O	O	O	O	O	_	_	_	_	_	_
au	O	O	O	O	O	O	_	_	_	_	_	_
marché	O	O	O	O	O	O	_	_	_	_	_	_
qui	O	O	O	O	O	O	_	_	_	_	_	_
se	O	O	O	O	O	O	_	_	_	_	_	_
trouve	O	O	O	O	O	O	_	_	EndOfLine	_	_	_
# segment_iiif_link = https://impresso-project.ch/api/proxy/iiif/GDL-1938-01-05-a-p0006/2554,6038,756,58/full/0/default.jpg
devant	O	O	O	O	O	O	_	_	_	_	_	_
les	O	O	O	O	O	O	_	_	_	_	_	_
portes	O	O	O	O	O	O	_	_	_	_	_	_
de	O	O	O	O	O	O	_	_	_	_	_	_
Jérusalem	O	O	O	O	O	O	_	_	NoSpaceAfter	_	_	_
.	O	O	O	O	O	O	_	_	_	EndOfSentence	_	_
L	O	O	O	O	O	O	_	_	NoSpaceAfter	_	_	_
'	O	O	O	O	O	O	_	_	NoSpaceAfter	_	_	_
un	O	O	O	O	O	O	_	_	EndOfLine	_	_	_
# segment_iiif_link = https://impresso-project.ch/api/proxy/iiif/GDL-1938-01-05-a-p0006/2554,6080,721,55/full/0/default.jpg
d	O	O	O	O	O	O	_	_	_	_	_	_
entre	O	O	O	O	O	O	_	_	_	_	_	_
eux	O	O	O	O	O	O	_	_	_	_	_	_
a	O	O	O	O	O	O	_	_	_	_	_	_
été	O	O	O	O	O	O	_	_	_	_	_	_
grièvement	O	O	O	O	O	O	_	_	_	_	_	_
blessé	O	O	O	O	O	O	_	_	NoSpaceAfter	_	_	_
.	O	O	O	O	O	O	_	_	EndOfLine	EndOfSentence	_	_
# segment_iiif_link = https://impresso-project.ch/api/proxy/iiif/GDL-1938-01-05-a-p0006/2590,6170,719,58/full/0/default.jpg
BEX	O	O	O	O	O	O	_	_	NoSpaceAfter	_	_	_
.	O	O	O	O	O	O	_	_	_	EndOfSentence	_	_
—	O	O	O	O	O	O	_	_	_	_	_	_
Le	O	O	O	O	O	O	_	_	_	_	_	_
budget	O	O	O	O	O	O	_	_	NoSpaceAfter	_	_	_
.	O	O	O	O	O	O	_	_	_	EndOfSentence	_	_
—	O	O	O	O	O	O	_	_	_	_	_	_
(	O	O	O	O	O	O	_	_	NoSpaceAfter	_	_	_
Corr	O	O	O	O	O	O	_	_	NoSpaceAfter	_	_	_
.	O	O	O	O	O	O	_	_	_	_	_	_
part	O	O	O	O	O	O	_	_	NoSpaceAfter	_	_	_
.	O	O	O	O	O	O	_	_	NoSpaceAfter	_	_	_
)	O	O	O	O	O	O	_	_	_	_	_	_
Au	O	O	O	O	O	O	_	_	EndOfLine	_	_	_
# segment_iiif_link = https://impresso-project.ch/api/proxy/iiif/GDL-1938-01-05-a-p0006/2554,6205,756,55/full/0/default.jpg
cours	O	O	O	O	O	O	_	_	_	_	_	_
de	O	O	O	O	O	O	_	_	_	_	_	_
sa	O	O	O	O	O	O	_	_	_	_	_	_
dernière	O	O	O	O	O	O	_	_	_	_	_	_
séance	O	O	O	O	O	O	_	_	_	_	_	_
de	O	O	O	O	O	O	_	_	_	_	_	_
l	O	O	O	O	O	O	_	_	NoSpaceAfter	_	_	_
'	O	O	O	O	O	O	_	_	NoSpaceAfter	_	_	_
année	O	O	O	O	O	O	_	_	_	_	_	_
et	O	O	O	O	O	O	_	_	EndOfLine	_	_	_
# segment_iiif_link = https://impresso-project.ch/api/proxy/iiif/GDL-1938-01-05-a-p0006/2554,6240,755,55/full/0/default.jpg
de	O	O	O	O	O	O	_	_	_	_	_	_
la	O	O	O	O	O	O	_	_	_	_	_	_
législature	O	O	O	O	O	O	_	_	NoSpaceAfter	_	_	_
,	O	O	O	O	O	O	_	_	_	_	_	_
le	O	O	O	O	O	O	_	_	_	_	_	_
Conseil	O	O	O	O	O	O	_	_	_	_	_	_
communal	O	O	O	O	O	O	_	_	_	_	_	_
a	O	O	O	O	O	O	_	_	EndOfLine	_	_	_
# segment_iiif_link = https://impresso-project.ch/api/proxy/iiif/GDL-1938-01-05-a-p0006/2554,6276,755,55/full/0/default.jpg
voté	O	O	O	O	O	O	_	_	NoSpaceAfter	_	_	_
,	O	O	O	O	O	O	_	_	_	_	_	_
sinon	O	O	O	O	O	O	_	_	_	_	_	_
dans	O	O	O	O	O	O	_	_	_	_	_	_
l	O	O	O	O	O	O	_	_	NoSpaceAfter	_	_	_
'	O	O	O	O	O	O	_	_	NoSpaceAfter	_	_	_
enthousiasme	O	O	O	O	O	O	_	_	NoSpaceAfter	_	_	_
,	O	O	O	O	O	O	_	_	_	_	_	_
du	O	O	O	O	O	O	_	_	EndOfLine	_	_	_
# segment_iiif_link = https://impresso-project.ch/api/proxy/iiif/GDL-1938-01-05-a-p0006/2554,6311,754,55/full/0/default.jpg
moins	O	O	O	O	O	O	_	_	_	_	_	_
à	O	O	O	O	O	O	_	_	_	_	_	_
l	O	O	O	O	O	O	_	_	NoSpaceAfter	_	_	_
'	O	O	O	O	O	O	_	_	NoSpaceAfter	_	_	_
unanimité	O	O	O	O	O	O	_	_	NoSpaceAfter	_	_	_
,	O	O	O	O	O	O	_	_	_	_	_	_
le	O	O	O	O	O	O	_	_	_	_	_	_
budget	O	O	O	O	O	O	_	_	_	_	_	_
présenté	O	O	O	O	O	O	_	_	_	_	_	_
ei	O	O	O	O	O	O	_	_	EndOfLine	_	_	_
# segment_iiif_link = https://impresso-project.ch/api/proxy/iiif/GDL-1938-01-05-a-p0006/2554,6345,757,58/full/0/default.jpg
légèrement	O	O	O	O	O	O	_	_	_	_	_	_
modifié	O	O	O	O	O	O	_	_	NoSpaceAfter	_	_	_
,	O	O	O	O	O	O	_	_	_	_	_	_
par	O	O	O	O	O	O	_	_	_	_	_	_
la	O	O	O	O	O	O	_	_	_	_	_	_
commission	O	O	O	O	O	O	_	_	NoSpaceAfter	_	_	_
.	O	O	O	O	O	O	_	_	_	EndOfSentence	_	_
Le	O	O	O	O	O	O	_	_	EndOfLine	_	_	_
# segment_iiif_link = https://impresso-project.ch/api/proxy/iiif/GDL-1938-01-05-a-p0006/2554,6380,757,55/full/0/default.jpg
résumé	O	O	O	O	O	O	_	_	_	_	_	_
dudit	O	O	O	O	O	O	_	_	_	_	_	_
budget	O	O	O	O	O	O	_	_	_	_	_	_
se	O	O	O	O	O	O	_	_	_	_	_	_
présente	O	O	O	O	O	O	_	_	_	_	_	_
comme	O	O	O	O	O	O	_	_	EndOfLine	_	_	_
# segment_iiif_link = https://impresso-project.ch/api/proxy/iiif/GDL-1938-01-05-a-p0006/2554,6415,758,55/full/0/default.jpg
suit	O	O	O	O	O	O	_	_	_	_	_	_
:	O	O	O	O	O	O	_	_	_	_	_	_
Dépenses	O	O	O	O	O	O	_	_	_	_	_	_
fr	O	O	O	O	O	O	_	_	NoSpaceAfter	_	_	_
.	O	O	O	O	O	O	_	_	_	_	_	_
408,347.50	O	O	O	O	O	O	_	_	_	_	_	_
;	O	O	O	O	O	O	_	_	_	_	_	_
receltes	O	O	O	O	O	O	_	_	_	_	_	_
fr	O	O	O	O	O	O	_	_	NoSpaceAfter	_	_	_
.	O	O	O	O	O	O	_	_	EndOfLine	_	_	_
# segment_iiif_link = https://impresso-project.ch/api/proxy/iiif/GDL-1938-01-05-a-p0006/2554,6451,756,55/full/0/default.jpg
394,187.50	O	O	O	O	O	O	_	_	_	_	_	_
;	O	O	O	O	O	O	_	_	_	_	_	_
déficit	O	O	O	O	O	O	_	_	_	_	_	_
prévu	O	O	O	O	O	O	_	_	_	_	_	_
:	O	O	O	O	O	O	_	_	_	_	_	_
fr	O	O	O	O	O	O	_	_	NoSpaceAfter	_	_	_
.	O	O	O	O	O	O	_	_	_	_	_	_
14.160	O	O	O	O	O	O	_	_	NoSpaceAfter	_	_	_
.	O	O	O	O	O	O	_	_	_	EndOfSentence	_	_
Dans	O	O	O	O	O	O	_	_	EndOfLine	_	_	_
# segment_iiif_link = https://impresso-project.ch/api/proxy/iiif/GDL-1938-01-05-a-p0006/2554,6486,753,55/full/0/default.jpg
son	O	O	O	O	O	O	_	_	_	_	_	_
discours	O	O	O	O	O	O	_	_	_	_	_	_
de	O	O	O	O	O	O	_	_	_	_	_	_
clôture	O	O	O	O	O	O	_	_	NoSpaceAfter	_	_	_
,	O	O	O	O	O	O	_	_	_	_	_	_
le	O	O	O	O	O	O	_	_	_	_	_	_
président	O	O	O	O	O	O	_	_	_	_	_	_
du	O	O	O	O	O	O	_	_	EndOfLine	_	_	_
# segment_iiif_link = https://impresso-project.ch/api/proxy/iiif/GDL-1938-01-05-a-p0006/2554,6520,757,58/full/0/default.jpg
Conseil	O	O	O	O	O	O	_	_	_	_	_	_
a	O	O	O	O	O	O	_	_	_	_	_	_
passé	O	O	O	O	O	O	_	_	_	_	_	_
en	O	O	O	O	O	O	_	_	_	_	_	_
revue	O	O	O	O	O	O	_	_	_	_	_	_
l	O	O	O	O	O	O	_	_	NoSpaceAfter	_	_	_
'	O	O	O	O	O	O	_	_	NoSpaceAfter	_	_	_
artivité	O	O	O	O	O	O	_	_	_	_	_	_
du	O	O	O	O	O	O	_	_	EndOfLine	_	_	_
# segment_iiif_link = https://impresso-project.ch/api/proxy/iiif/GDL-1938-01-05-a-p0006/2554,6555,755,55/full/0/default.jpg
législatif	O	O	O	O	O	O	_	_	_	_	_	_
qui	O	O	O	O	O	O	_	_	_	_	_	_
va	O	O	O	O	O	O	_	_	_	_	_	_
céder	O	O	O	O	O	O	_	_	_	_	_	_
la	O	O	O	O	O	O	_	_	_	_	_	_
place	O	O	O	O	O	O	_	_	NoSpaceAfter	_	_	_
.	O	O	O	O	O	O	_	_	_	EndOfSentence	_	_
Il	O	O	O	O	O	O	_	_	_	_	_	_
a	O	O	O	O	O	O	_	_	_	_	_	_
adressé	O	O	O	O	O	O	_	_	EndOfLine	_	_	_
# segment_iiif_link = https://impresso-project.ch/api/proxy/iiif/GDL-1938-01-05-a-p0006/2552,6590,755,55/full/0/default.jpg
ses	O	O	O	O	O	O	_	_	_	_	_	_
compliments	O	O	O	O	O	O	_	_	_	_	_	_
à	O	O	O	O	O	O	_	_	_	_	_	_
M	O	O	O	O	O	O	_	_	NoSpaceAfter	_	_	_
.	O	O	O	O	O	O	_	_	_	_	_	_
le	O	O	O	O	O	O	_	_	_	_	_	_
professeur	O	O	O	O	O	O	_	_	_	_	_	_
Nicod	O	O	O	O	O	O	_	_	EndOfLine	_	_	_
# segment_iiif_link = https://impresso-project.ch/api/proxy/iiif/GDL-1938-01-05-a-p0006/2567,6626,742,55/full/0/default.jpg
lib	O	O	O	O	O	O	_	_	NoSpaceAfter	_	_	_
.	O	O	O	O	O	O	_	_	NoSpaceAfter	EndOfSentence	_	_
)	O	O	O	O	O	O	_	_	NoSpaceAfter	_	_	_
.	O	O	O	O	O	O	_	_	_	EndOfSentence	_	_
secrétaire	O	O	O	O	O	O	_	_	NoSpaceAfter	_	_	_
,	O	O	O	O	O	O	_	_	_	_	_	_
qui	O	O	O	O	O	O	_	_	_	_	_	_
termine	O	O	O	O	O	O	_	_	_	_	_	_
sa	O	O	O	O	O	O	_	_	_	_	_	_
seizième	O	O	O	O	O	O	_	_	EndOfLine	_	_	_
# segment_iiif_link = https://impresso-project.ch/api/proxy/iiif/GDL-1938-01-05-a-p0006/2554,6661,754,55/full/0/default.jpg
année	O	O	O	O	O	O	_	_	_	_	_	_
de	O	O	O	O	O	O	_	_	_	_	_	_
secrétariat	O	O	O	O	O	O	_	_	_	_	_	_
et	O	O	O	O	O	O	_	_	_	_	_	_
s	O	O	O	O	O	O	_	_	NoSpaceAfter	_	_	_
'	O	O	O	O	O	O	_	_	NoSpaceAfter	_	_	_
est	O	O	O	O	O	O	_	_	_	_	_	_
vu	O	O	O	O	O	O	_	_	_	_	_	_
renouveler	O	O	O	O	O	O	_	_	EndOfLine	_	_	_
# segment_iiif_link = https://impresso-project.ch/api/proxy/iiif/GDL-1938-01-05-a-p0006/2554,6695,633,58/full/0/default.jpg
la	O	O	O	O	O	O	_	_	_	_	_	_
confiance	O	O	O	O	O	O	_	_	_	_	_	_
de	O	O	O	O	O	O	_	_	_	_	_	_
tous	O	O	O	O	O	O	_	_	_	_	_	_
les	O	O	O	O	O	O	_	_	_	_	_	_
conseillers	O	O	O	O	O	O	_	_	NoSpaceAfter	_	_	_
.	O	O	O	O	O	O	_	_	EndOfLine	EndOfSentence	_	_

# language = fr
# newspaper = GDL
# date = 1939-03-28
# document_id = GDL-1939-03-28-a-i0095
# news-agency-as-source = Q130879, Q1205856, unk
# segment_iiif_link = https://impresso-project.ch/api/proxy/iiif/GDL-1939-03-28-a-p0006/1835,3555,431,28/full/0/default.jpg
•	O	O	O	O	O	O	_	_	_	_	_	_
En	O	O	O	O	O	O	_	_	_	_	_	_
Lituanie	O	O	O	O	O	O	_	_	EndOfLine	_	_	_
# segment_iiif_link = https://impresso-project.ch/api/proxy/iiif/GDL-1939-03-28-a-p0006/1796,3613,635,70/full/0/default.jpg
DÉMISSION	O	O	O	O	O	O	_	_	_	_	_	_
DU	O	O	O	O	O	O	_	_	_	_	_	_
CABÏNET	O	O	O	O	O	O	_	_	EndOfLine	_	_	_
# segment_iiif_link = https://impresso-project.ch/api/proxy/iiif/GDL-1939-03-28-a-p0006/2144,3693,312,58/full/0/default.jpg
Kaunas	O	O	O	O	O	O	_	_	NoSpaceAfter	_	_	_
,	O	O	O	O	O	O	_	_	NoSpaceAfter	_	_	_
'	O	O	O	O	O	O	_	_	NoSpaceAfter	_	_	_
$	O	O	O	O	O	O	_	_	NoSpaceAfter	_	_	_
%	O	O	O	O	O	O	_	_	_	_	_	_
mars	O	O	O	O	O	O	_	_	NoSpaceAfter	_	_	_
.	O	O	O	O	O	O	_	_	EndOfLine	EndOfSentence	_	_
# segment_iiif_link = https://impresso-project.ch/api/proxy/iiif/GDL-1939-03-28-a-p0006/1771,3728,717,55/full/0/default.jpg
(	O	O	O	O	O	O	_	_	NoSpaceAfter	_	_	_
Reuter	B-org	O	B-org.ent.pressagency.Reuters	O	O	O	Q130879	_	NoSpaceAfter	_	LED0.00	_
.	O	O	O	O	O	O	_	_	NoSpaceAfter	_	_	_
)	O	O	O	O	O	O	_	_	_	_	_	_
—	O	O	O	O	O	O	_	_	_	_	_	_
Le	O	O	O	O	O	O	_	_	_	_	_	_
cabinet	O	O	O	O	O	O	_	_	_	_	_	_
lituanien	O	O	O	O	O	O	_	_	_	_	_	_
a	O	O	O	O	O	O	_	_	EndOfLine	_	_	_
# segment_iiif_link = https://impresso-project.ch/api/proxy/iiif/GDL-1939-03-28-a-p0006/1733,3761,753,55/full/0/default.jpg
démissionné	O	O	O	O	O	O	_	_	NoSpaceAfter	_	_	_
.	O	O	O	O	O	O	_	_	_	EndOfSentence	_	_
Le	O	O	O	O	O	O	_	_	_	_	_	_
président	O	O	O	O	O	O	_	_	_	_	_	_
de	O	O	O	O	O	O	_	_	_	_	_	_
la	O	O	O	O	O	O	_	_	_	_	_	_
république	O	O	O	O	O	O	_	_	_	_	_	_
a	O	O	O	O	O	O	_	_	EndOfLine	_	_	_
# segment_iiif_link = https://impresso-project.ch/api/proxy/iiif/GDL-1939-03-28-a-p0006/1735,3795,751,58/full/0/default.jpg
chargé	O	O	O	O	O	O	_	_	_	_	_	_
le	O	O	O	O	O	O	_	_	_	_	_	_
général	O	O	O	O	O	O	_	_	_	_	_	_
Cernius	O	O	O	O	O	O	_	_	NoSpaceAfter	_	_	_
,	O	O	O	O	O	O	_	_	_	_	_	_
chef	O	O	O	O	O	O	_	_	_	_	_	_
de	O	O	O	O	O	O	_	_	EndOfLine	_	_	_
# segment_iiif_link = https://impresso-project.ch/api/proxy/iiif/GDL-1939-03-28-a-p0006/1733,3830,755,55/full/0/default.jpg
Vèlàtmajor	O	O	O	O	O	O	_	_	_	_	_	_
général	O	O	O	O	O	O	_	_	NoSpaceAfter	_	_	_
,	O	O	O	O	O	O	_	_	_	_	_	_
de	O	O	O	O	O	O	_	_	NoSpaceAfter	_	_	_
'	O	O	O	O	O	O	_	_	NoSpaceAfter	_	_	_
former	O	O	O	O	O	O	_	_	_	_	_	_
le	O	O	O	O	O	O	_	_	_	_	_	_
nouveau	O	O	O	O	O	O	_	_	EndOfLine	_	_	_
# segment_iiif_link = https://impresso-project.ch/api/proxy/iiif/GDL-1939-03-28-a-p0006/1738,3863,732,55/full/0/default.jpg
cabinet	O	O	O	O	O	O	_	_	NoSpaceAfter	_	_	_
.	O	O	O	O	O	O	_	_	_	EndOfSentence	_	_
.	O	O	O	O	O	O	_	_	NoSpaceAfter	_	_	_
.	O	O	O	O	O	O	_	_	_	EndOfSentence	_	_
:	O	O	O	O	O	O	_	_	NoSpaceAfter	_	_	_
.	O	O	O	O	O	O	_	_	_	EndOfSentence	_	_
.	O	O	O	O	O	O	_	_	NoSpaceAfter	_	_	_
.	O	O	O	O	O	O	_	_	NoSpaceAfter	_	_	_
.	O	O	O	O	O	O	_	_	NoSpaceAfter	_	_	_
,	O	O	O	O	O	O	_	_	EndOfLine	_	_	_
# segment_iiif_link = https://impresso-project.ch/api/proxy/iiif/GDL-1939-03-28-a-p0006/1777,3928,669,72/full/0/default.jpg
DES	O	O	O	O	O	O	_	_	_	_	_	_
FORCES	O	O	O	O	O	O	_	_	_	_	_	_
POLITIQUES	O	O	O	O	O	O	_	_	EndOfLine	_	_	_
# segment_iiif_link = https://impresso-project.ch/api/proxy/iiif/GDL-1939-03-28-a-p0006/1954,3982,315,70/full/0/default.jpg
NOUVELLES	O	O	O	O	O	O	_	_	EndOfLine	_	_	_
# segment_iiif_link = https://impresso-project.ch/api/proxy/iiif/GDL-1939-03-28-a-p0006/1888,4034,450,70/full/0/default.jpg
RÉCLAMERAIENT	O	O	O	O	O	O	_	_	EndOfLine	_	_	_
# segment_iiif_link = https://impresso-project.ch/api/proxy/iiif/GDL-1939-03-28-a-p0006/1735,4086,754,72/full/0/default.jpg
LA	O	O	O	O	O	O	_	_	_	_	_	_
FORMATION	O	O	O	O	O	O	_	_	_	_	_	_
D	O	O	O	O	O	O	_	_	NoSpaceAfter	_	_	_
'	O	O	O	O	O	O	_	_	NoSpaceAfter	_	_	_
UN	O	O	O	O	O	O	_	_	_	_	_	_
FRONT	O	O	O	O	O	O	_	_	EndOfLine	_	_	_
# segment_iiif_link = https://impresso-project.ch/api/proxy/iiif/GDL-1939-03-28-a-p0006/1813,4140,601,70/full/0/default.jpg
PATRIOTIQUE	O	O	O	O	O	O	_	_	_	_	_	_
UNIQUE	O	O	O	O	O	O	_	_	EndOfLine	_	_	_
# segment_iiif_link = https://impresso-project.ch/api/proxy/iiif/GDL-1939-03-28-a-p0006/2117,4209,333,55/full/0/default.jpg
Kaunas	O	O	O	O	O	O	_	_	NoSpaceAfter	_	_	_
,	O	O	O	O	O	O	_	_	_	_	_	_
27	O	O	O	O	O	O	_	_	_	_	_	_
mars	O	O	O	O	O	O	_	_	NoSpaceAfter	_	_	_
.	O	O	O	O	O	O	_	_	EndOfLine	EndOfSentence	_	_
# segment_iiif_link = https://impresso-project.ch/api/proxy/iiif/GDL-1939-03-28-a-p0006/1775,4249,712,55/full/0/default.jpg
(	O	O	O	O	O	O	_	_	NoSpaceAfter	_	_	_
ag	O	O	O	O	O	O	_	_	NoSpaceAfter	_	LED0.00	_
.	O	O	O	O	O	O	_	_	NoSpaceAfter	_	LED0.00	_
)	O	O	O	O	O	O	_	_	_	_	_	_
—	O	O	O	O	O	O	_	_	_	_	_	_
Le	O	O	O	O	O	O	_	_	_	_	_	_
D	O	O	O	O	O	O	Q1205856	_	NoSpaceAfter	_	LED0.00	_
.	O	O	O	O	O	O	Q1205856	_	_	_	LED0.00	_
N	O	O	O	O	O	O	Q1205856	_	NoSpaceAfter	_	LED0.00	_
.	O	O	O	O	O	O	Q1205856	_	_	_	LED0.00	_
B	O	O	O	O	O	O	Q1205856	_	NoSpaceAfter	_	LED0.00	_
.	O	O	O	O	O	O	Q1205856	_	_	_	LED0.00	_
annonce	O	O	O	O	O	O	_	_	_	_	_	_
que	O	O	O	O	O	O	_	_	_	_	_	_
la	O	O	O	O	O	O	_	_	EndOfLine	_	_	_
# segment_iiif_link = https://impresso-project.ch/api/proxy/iiif/GDL-1939-03-28-a-p0006/1733,4288,753,55/full/0/default.jpg
retraite	O	O	O	O	O	O	_	_	_	_	_	_
du	O	O	O	O	O	O	_	_	_	_	_	_
cabinet	O	O	O	O	O	O	_	_	_	_	_	_
Mironas	O	O	O	O	O	O	_	_	_	_	_	_
et	O	O	O	O	O	O	_	_	_	_	_	_
la	O	O	O	O	O	O	_	_	NoSpaceAfter	_	_	_
'	O	O	O	O	O	O	_	_	NoSpaceAfter	_	_	_
-	O	O	O	O	O	O	_	_	NoSpaceAfter	_	_	_
"	O	O	O	O	O	O	_	_	NoSpaceAfter	_	_	_
no	O	O	O	O	O	O	_	_	_	_	_	_
*	O	O	O	O	O	O	_	_	EndOfLine	_	_	_
# segment_iiif_link = https://impresso-project.ch/api/proxy/iiif/GDL-1939-03-28-a-p0006/1735,4328,753,55/full/0/default.jpg
mination	O	O	O	O	O	O	_	_	_	_	_	_
du	O	O	O	O	O	O	_	_	_	_	_	_
général	O	O	O	O	O	O	_	_	_	_	_	_
de	O	O	O	O	O	O	_	_	_	_	_	_
brigade	O	O	O	O	O	O	_	_	EndOfLine	_	_	_
# segment_iiif_link = https://impresso-project.ch/api/proxy/iiif/GDL-1939-03-28-a-p0006/1733,4365,753,58/full/0/default.jpg
Cernius	O	O	O	O	O	O	_	_	NoSpaceAfter	_	_	_
,	O	O	O	O	O	O	_	_	_	_	_	_
chef	O	O	O	O	O	O	_	_	_	_	_	_
de	O	O	O	O	O	O	_	_	_	_	_	_
l	O	O	O	O	O	O	_	_	NoSpaceAfter	_	_	_
'	O	O	O	O	O	O	_	_	NoSpaceAfter	_	_	_
état	O	O	O	O	O	O	_	_	NoSpaceAfter	_	_	_
-	O	O	O	O	O	O	_	_	NoSpaceAfter	_	_	_
major	O	O	O	O	O	O	_	_	_	_	_	_
général	O	O	O	O	O	O	_	_	_	_	_	_
au	O	O	O	O	O	O	_	_	EndOfLine	_	_	_
# segment_iiif_link = https://impresso-project.ch/api/proxy/iiif/GDL-1939-03-28-a-p0006/1733,4405,753,55/full/0/default.jpg
poste	O	O	O	O	O	O	_	_	_	_	_	_
de	O	O	O	O	O	O	_	_	_	_	_	_
président	O	O	O	O	O	O	_	_	_	_	_	_
du	O	O	O	O	O	O	_	_	_	_	_	_
Conseil	O	O	O	O	O	O	_	_	NoSpaceAfter	_	_	_
,	O	O	O	O	O	O	_	_	_	_	_	_
a	O	O	O	O	O	O	_	_	_	_	_	_
causé	O	O	O	O	O	O	_	_	EndOfLine	_	_	_
# segment_iiif_link = https://impresso-project.ch/api/proxy/iiif/GDL-1939-03-28-a-p0006/1733,4445,754,55/full/0/default.jpg
une	O	O	O	O	O	O	_	_	_	_	_	_
vive	O	O	O	O	O	O	_	_	_	_	_	_
surprise	O	O	O	O	O	O	_	_	_	_	_	_
dans	O	O	O	O	O	O	_	_	_	_	_	_
les	O	O	O	O	O	O	_	_	_	_	_	_
milieux	O	O	O	O	O	O	_	_	EndOfLine	_	_	_
# segment_iiif_link = https://impresso-project.ch/api/proxy/iiif/GDL-1939-03-28-a-p0006/1735,4484,752,55/full/0/default.jpg
politiques	O	O	O	O	O	O	_	_	_	_	_	_
de	O	O	O	O	O	O	_	_	_	_	_	_
Kaunas	O	O	O	O	O	O	_	_	NoSpaceAfter	_	_	_
.	O	O	O	O	O	O	_	_	_	_	_	_
Dans	O	O	O	O	O	O	_	_	_	_	_	_
tous	O	O	O	O	O	O	_	_	_	_	_	_
les	O	O	O	O	O	O	_	_	EndOfLine	_	_	_
# segment_iiif_link = https://impresso-project.ch/api/proxy/iiif/GDL-1939-03-28-a-p0006/1731,4522,750,58/full/0/default.jpg
milieux	O	O	O	O	O	O	_	_	NoSpaceAfter	_	_	_
,	O	O	O	O	O	O	_	_	_	_	_	_
on	O	O	O	O	O	O	_	_	_	_	_	_
préconisait	O	O	O	O	O	O	_	_	_	_	_	_
la	O	O	O	O	O	O	_	_	_	_	_	_
formation	O	O	O	O	O	O	_	_	_	_	_	_
d	O	O	O	O	O	O	_	_	NoSpaceAfter	_	_	_
'	O	O	O	O	O	O	_	_	NoSpaceAfter	_	_	_
un	O	O	O	O	O	O	_	_	EndOfLine	_	_	_
# segment_iiif_link = https://impresso-project.ch/api/proxy/iiif/GDL-1939-03-28-a-p0006/1733,4561,753,55/full/0/default.jpg
front	O	O	O	O	O	O	_	_	_	_	_	_
national	O	O	O	O	O	O	_	_	_	_	_	_
englobant	O	O	O	O	O	O	_	_	_	_	_	_
toutes	O	O	O	O	O	O	_	_	_	_	_	_
les	O	O	O	O	O	O	_	_	EndOfLine	_	_	_
# segment_iiif_link = https://impresso-project.ch/api/proxy/iiif/GDL-1939-03-28-a-p0006/1733,4601,735,55/full/0/default.jpg
forees	O	O	O	O	O	O	_	_	_	_	_	_
^	O	O	O	O	O	O	_	_	_	_	_	_
durpaî	O	O	O	O	O	O	_	_	_	_	_	_
!	O	O	O	O	O	O	_	_	_	_	_	_
S	O	O	O	O	O	O	_	_	_	_	_	_
;	O	O	O	O	O	O	_	_	NoSpaceAfter	_	_	_
;	O	O	O	O	O	O	_	_	NoSpaceAfter	_	_	_
-	O	O	O	O	O	O	_	_	NoSpaceAfter	_	_	_
;	O	O	O	O	O	O	_	_	NoSpaceAfter	_	_	_
.	O	O	O	O	O	O	_	_	_	_	_	_
f	O	O	O	O	O	O	_	_	_	_	_	_
5	O	O	O	O	O	O	_	_	_	_	_	_
{	O	O	O	O	O	O	_	_	NoSpaceAfter	_	_	_
,	O	O	O	O	O	O	_	_	NoSpaceAfter	_	_	_
:	O	O	O	O	O	O	_	_	_	_	_	_
~	O	O	O	O	O	O	_	_	_	_	_	_
r	O	O	O	O	O	O	_	_	_	_	_	_
^	O	O	O	O	O	O	_	_	_	_	_	_
?	O	O	O	O	O	O	_	_	_	_	_	_
£	O	O	O	O	O	O	_	_	_	_	_	_
^	O	O	O	O	O	O	_	_	NoSpaceAfter	_	_	_
!	O	O	O	O	O	O	_	_	_	_	_	_
jt	O	O	O	O	O	O	_	_	_	_	_	_
£	O	O	O	O	O	O	_	_	_	_	_	_
s	O	O	O	O	O	O	_	_	_	_	_	_
§	O	O	O	O	O	O	_	_	NoSpaceAfter	_	_	_
|	O	O	O	O	O	O	_	_	NoSpaceAfter	_	_	_
&	O	O	O	O	O	O	_	_	_	_	_	_
j	O	O	O	O	O	O	_	_	EndOfLine	_	_	_
# segment_iiif_link = https://impresso-project.ch/api/proxy/iiif/GDL-1939-03-28-a-p0006/1773,4649,713,55/full/0/default.jpg
Dans	O	O	O	O	O	O	_	_	_	_	_	_
les	O	O	O	O	O	O	_	_	_	_	_	_
milieux	O	O	O	O	O	O	_	_	_	_	_	_
politiques	O	O	O	O	O	O	_	_	NoSpaceAfter	_	_	_
"	O	O	O	O	O	O	_	_	EndOfLine	_	_	_
# segment_iiif_link = https://impresso-project.ch/api/proxy/iiif/GDL-1939-03-28-a-p0006/1733,4688,751,55/full/0/default.jpg
lituaniens	O	O	O	O	O	O	_	_	NoSpaceAfter	_	_	_
,	O	O	O	O	O	O	_	_	_	_	_	_
on	O	O	O	O	O	O	_	_	_	_	_	_
considère	O	O	O	O	O	O	_	_	_	_	_	_
la	O	O	O	O	O	O	_	_	_	_	_	_
démission	O	O	O	O	O	O	_	_	_	_	_	_
du	O	O	O	O	O	O	_	_	EndOfLine	_	_	_
# segment_iiif_link = https://impresso-project.ch/api/proxy/iiif/GDL-1939-03-28-a-p0006/1735,4728,751,55/full/0/default.jpg
cabinet	O	O	O	O	O	O	_	_	_	_	_	_
comme	O	O	O	O	O	O	_	_	_	_	_	_
une	O	O	O	O	O	O	_	_	_	_	_	_
«	O	O	O	O	O	O	_	_	_	_	_	_
concession	O	O	O	O	O	O	_	_	_	_	_	_
»	O	O	O	O	O	O	_	_	_	_	_	_
aux	O	O	O	O	O	O	_	_	EndOfLine	_	_	_
# segment_iiif_link = https://impresso-project.ch/api/proxy/iiif/GDL-1939-03-28-a-p0006/1731,4765,753,58/full/0/default.jpg
forces	O	O	O	O	O	O	_	_	_	_	_	_
activistes	O	O	O	O	O	O	_	_	_	_	_	_
qui	O	O	O	O	O	O	_	_	_	_	_	_
se	O	O	O	O	O	O	_	_	NoSpaceAfter	_	_	_
,	O	O	O	O	O	O	_	_	_	_	_	_
sont	O	O	O	O	O	O	_	_	_	_	_	_
formées	O	O	O	O	O	O	_	_	EndOfLine	_	_	_
# segment_iiif_link = https://impresso-project.ch/api/proxy/iiif/GDL-1939-03-28-a-p0006/1731,4805,752,55/full/0/default.jpg
au	O	O	O	O	O	O	_	_	_	_	_	_
sein	O	O	O	O	O	O	_	_	_	_	_	_
du	O	O	O	O	O	O	_	_	_	_	_	_
camp	O	O	O	O	O	O	_	_	_	_	_	_
gouvernemental	O	O	O	O	O	O	_	_	_	_	_	_
et	O	O	O	O	O	O	_	_	EndOfLine	_	_	_
# segment_iiif_link = https://impresso-project.ch/api/proxy/iiif/GDL-1939-03-28-a-p0006/1733,4845,753,55/full/0/default.jpg
comprenant	O	O	O	O	O	O	_	_	_	_	_	_
de	O	O	O	O	O	O	_	_	_	_	_	_
jeunes	O	O	O	O	O	O	_	_	_	_	_	_
officiers	O	O	O	O	O	O	_	_	EndOfLine	_	_	_
# segment_iiif_link = https://impresso-project.ch/api/proxy/iiif/GDL-1939-03-28-a-p0006/1733,4884,753,55/full/0/default.jpg
groupés	O	O	O	O	O	O	_	_	_	_	_	_
autour	O	O	O	O	O	O	_	_	_	_	_	_
du	O	O	O	O	O	O	_	_	_	_	_	_
général	O	O	O	O	O	O	_	_	_	_	_	_
Cernius	O	O	O	O	O	O	_	_	_	_	_	_
et	O	O	O	O	O	O	_	_	NoSpaceAfter	_	_	_
-	O	O	O	O	O	O	_	_	_	_	_	_
de	O	O	O	O	O	O	_	_	EndOfLine	_	_	_
# segment_iiif_link = https://impresso-project.ch/api/proxy/iiif/GDL-1939-03-28-a-p0006/1733,4922,689,58/full/0/default.jpg
partisane	O	O	O	O	O	O	_	_	_	_	_	_
du	O	O	O	O	O	O	_	_	_	_	_	_
général	O	O	O	O	O	O	_	_	_	_	_	_
Woldemaras	O	O	O	O	O	O	_	_	NoSpaceAfter	_	_	_
.	O	O	O	O	O	O	_	_	EndOfLine	EndOfSentence	_	_
# segment_iiif_link = https://impresso-project.ch/api/proxy/iiif/GDL-1939-03-28-a-p0006/1773,4970,712,55/full/0/default.jpg
Les	O	O	O	O	O	O	_	_	_	_	_	_
nouvelles	O	O	O	O	O	O	_	_	_	_	_	_
forces	O	O	O	O	O	O	_	_	_	_	_	_
politiques	O	O	O	O	O	O	_	_	EndOfLine	_	_	_
# segment_iiif_link = https://impresso-project.ch/api/proxy/iiif/GDL-1939-03-28-a-p0006/1733,5009,751,55/full/0/default.jpg
réclameraient	O	O	O	O	O	O	_	_	_	_	_	_
la	O	O	O	O	O	O	_	_	_	_	_	_
dissolution	O	O	O	O	O	O	_	_	_	_	_	_
de	O	O	O	O	O	O	_	_	_	_	_	_
tous	O	O	O	O	O	O	_	_	NoSpaceAfter	_	_	_
-	O	O	O	O	O	O	_	_	NoSpaceAfter	_	_	_
les	O	O	O	O	O	O	_	_	EndOfLine	_	_	_
# segment_iiif_link = https://impresso-project.ch/api/proxy/iiif/GDL-1939-03-28-a-p0006/1731,5047,752,58/full/0/default.jpg
partis	O	O	O	O	O	O	_	_	_	_	_	_
politiques	O	O	O	O	O	O	_	_	_	_	_	_
et	O	O	O	O	O	O	_	_	_	_	_	_
de	O	O	O	O	O	O	_	_	_	_	_	_
la	O	O	O	O	O	O	_	_	_	_	_	_
Diète	O	O	O	O	O	O	_	_	_	_	_	_
pour	O	O	O	O	O	O	_	_	EndOfLine	_	_	_
# segment_iiif_link = https://impresso-project.ch/api/proxy/iiif/GDL-1939-03-28-a-p0006/1731,5086,754,55/full/0/default.jpg
permettre	O	O	O	O	O	O	_	_	_	_	_	_
la	O	O	O	O	O	O	_	_	_	_	_	_
création	O	O	O	O	O	O	_	_	_	_	_	_
d	O	O	O	O	O	O	_	_	NoSpaceAfter	_	_	_
'	O	O	O	O	O	O	_	_	NoSpaceAfter	_	_	_
un	O	O	O	O	O	O	_	_	_	_	_	_
front	O	O	O	O	O	O	_	_	EndOfLine	_	_	_
# segment_iiif_link = https://impresso-project.ch/api/proxy/iiif/GDL-1939-03-28-a-p0006/1731,5126,753,55/full/0/default.jpg
patriotique	O	O	O	O	O	O	_	_	_	_	_	_
unique	O	O	O	O	O	O	_	_	NoSpaceAfter	_	_	_
.	O	O	O	O	O	O	_	_	_	EndOfSentence	_	_
Cette	O	O	O	O	O	O	_	_	_	_	_	_
réorganisation	O	O	O	O	O	O	_	_	EndOfLine	_	_	_
# segment_iiif_link = https://impresso-project.ch/api/proxy/iiif/GDL-1939-03-28-a-p0006/1733,5163,752,58/full/0/default.jpg
conditionnée	O	O	O	O	O	O	_	_	_	_	_	_
par	O	O	O	O	O	O	_	_	_	_	_	_
la	O	O	O	O	O	O	_	_	_	_	_	_
politique	O	O	O	O	O	O	_	_	EndOfLine	_	_	_
# segment_iiif_link = https://impresso-project.ch/api/proxy/iiif/GDL-1939-03-28-a-p0006/1731,5203,753,55/full/0/default.jpg
intérieure	O	O	O	O	O	O	_	_	NoSpaceAfter	_	_	_
,	O	O	O	O	O	O	_	_	_	_	_	_
devrait	O	O	O	O	O	O	_	_	_	_	_	_
être	O	O	O	O	O	O	_	_	NoSpaceAfter	_	_	_
,	O	O	O	O	O	O	_	_	_	_	_	_
considérée	O	O	O	O	O	O	_	_	_	_	_	_
comme	O	O	O	O	O	O	_	_	_	_	_	_
une	O	O	O	O	O	O	_	_	EndOfLine	_	_	_
# segment_iiif_link = https://impresso-project.ch/api/proxy/iiif/GDL-1939-03-28-a-p0006/1729,5242,387,55/full/0/default.jpg
solution	O	O	O	O	O	O	_	_	_	_	_	_
transitoire	O	O	O	O	O	O	_	_	NoSpaceAfter	_	_	_
.	O	O	O	O	O	O	_	_	EndOfLine	EndOfSentence	_	_
# segment_iiif_link = https://impresso-project.ch/api/proxy/iiif/GDL-1939-03-28-a-p0006/1806,5309,598,55/full/0/default.jpg
La	O	O	O	O	O	O	_	_	_	_	_	_
frontière	O	O	O	O	O	O	_	_	_	_	_	_
allemande	O	O	O	O	O	O	_	_	_	_	_	_
est	O	O	O	O	O	O	_	_	EndOfLine	_	_	_
# segment_iiif_link = https://impresso-project.ch/api/proxy/iiif/GDL-1939-03-28-a-p0006/1854,5361,504,55/full/0/default.jpg
occupée	O	O	O	O	O	O	_	_	_	_	_	_
des	O	O	O	O	O	O	_	_	_	_	_	_
deux	O	O	O	O	O	O	_	_	_	_	_	_
côtés	O	O	O	O	O	O	_	_	EndOfLine	_	_	_
# segment_iiif_link = https://impresso-project.ch/api/proxy/iiif/GDL-1939-03-28-a-p0006/2100,5407,339,55/full/0/default.jpg
Kaunas	O	O	O	O	O	O	_	_	NoSpaceAfter	_	_	_
,	O	O	O	O	O	O	_	_	_	_	_	_
27	O	O	O	O	O	O	_	_	_	_	_	_
mars	O	O	O	O	O	O	_	_	NoSpaceAfter	_	_	_
'	O	O	O	O	O	O	_	_	NoSpaceAfter	_	_	_
,	O	O	O	O	O	O	_	_	EndOfLine	_	_	_
# segment_iiif_link = https://impresso-project.ch/api/proxy/iiif/GDL-1939-03-28-a-p0006/1771,5447,710,58/full/0/default.jpg
(	O	O	O	O	O	O	_	_	NoSpaceAfter	_	_	_
ag	O	O	O	O	O	O	_	_	NoSpaceAfter	_	LED0.00	_
.	O	O	O	O	O	O	_	_	NoSpaceAfter	_	LED0.00	_
)	O	O	O	O	O	O	_	_	_	_	_	_
—	O	O	O	O	O	O	_	_	_	_	_	_
La	O	O	O	O	O	O	_	_	_	_	_	_
ligne	O	O	O	O	O	O	_	_	_	_	_	_
frontière	O	O	O	O	O	O	_	_	EndOfLine	_	_	_
# segment_iiif_link = https://impresso-project.ch/api/proxy/iiif/GDL-1939-03-28-a-p0006/1729,5488,754,55/full/0/default.jpg
Iituanogermanique	O	O	O	O	O	O	_	_	_	_	_	_
a	O	O	O	O	O	O	_	_	_	_	_	_
été	O	O	O	O	O	O	_	_	_	_	_	_
occupée	O	O	O	O	O	O	_	_	_	_	_	_
des	O	O	O	O	O	O	_	_	_	_	_	_
deux	O	O	O	O	O	O	_	_	EndOfLine	_	_	_
# segment_iiif_link = https://impresso-project.ch/api/proxy/iiif/GDL-1939-03-28-a-p0006/1729,5528,752,55/full/0/default.jpg
côtés	O	O	O	O	O	O	_	_	_	_	_	_
le	O	O	O	O	O	O	_	_	_	_	_	_
23	O	O	O	O	O	O	_	_	_	_	_	_
mars	O	O	O	O	O	O	_	_	NoSpaceAfter	_	_	_
.	O	O	O	O	O	O	_	_	_	EndOfSentence	_	_
Le	O	O	O	O	O	O	_	_	_	_	_	_
gouvernement	O	O	O	O	O	O	_	_	EndOfLine	_	_	_
# segment_iiif_link = https://impresso-project.ch/api/proxy/iiif/GDL-1939-03-28-a-p0006/1729,5568,752,55/full/0/default.jpg
lituanien	O	O	O	O	O	O	_	_	_	_	_	_
a	O	O	O	O	O	O	_	_	_	_	_	_
placé	O	O	O	O	O	O	_	_	_	_	_	_
des	O	O	O	O	O	O	_	_	_	_	_	_
gardes	O	O	O	O	O	O	_	_	NoSpaceAfter	_	_	_
-	O	O	O	O	O	O	_	_	NoSpaceAfter	_	_	_
frontière	O	O	O	O	O	O	_	_	_	_	_	_
et	O	O	O	O	O	O	_	_	_	_	_	_
le	O	O	O	O	O	O	_	_	EndOfLine	_	_	_
# segment_iiif_link = https://impresso-project.ch/api/proxy/iiif/GDL-1939-03-28-a-p0006/1729,5607,752,55/full/0/default.jpg
gouvernement	O	O	O	O	O	O	_	_	_	_	_	_
allemand	O	O	O	O	O	O	_	_	_	_	_	_
des	O	O	O	O	O	O	_	_	NoSpaceAfter	_	_	_
'	O	O	O	O	O	O	_	_	NoSpaceAfter	_	_	_
soldats	O	O	O	O	O	O	_	_	NoSpaceAfter	_	_	_
,	O	O	O	O	O	O	_	_	EndOfLine	_	_	_
# segment_iiif_link = https://impresso-project.ch/api/proxy/iiif/GDL-1939-03-28-a-p0006/1729,5647,419,58/full/0/default.jpg
des	O	O	O	O	O	O	_	_	_	_	_	_
S	O	O	O	O	O	O	_	_	NoSpaceAfter	_	_	_
.	O	O	O	O	O	O	_	_	_	_	_	_
S	O	O	O	O	O	O	_	_	NoSpaceAfter	_	_	_
.	O	O	O	O	O	O	_	_	_	_	_	_
et	O	O	O	O	O	O	_	_	_	_	_	_
des	O	O	O	O	O	O	_	_	_	_	_	_
S	O	O	O	O	O	O	_	_	NoSpaceAfter	_	_	_
.	O	O	O	O	O	O	_	_	_	_	_	_
A	O	O	O	O	O	O	_	_	NoSpaceAfter	_	_	_
.	O	O	O	O	O	O	_	_	EndOfLine	_	_	_
# segment_iiif_link = https://impresso-project.ch/api/proxy/iiif/GDL-1939-03-28-a-p0006/1740,5774,735,55/full/0/default.jpg
M	O	O	O	O	O	O	_	_	NoSpaceAfter	_	_	_
.	O	O	O	O	O	O	_	_	_	_	_	_
Gœbbels	O	O	O	O	O	O	_	_	_	_	_	_
se	O	O	O	O	O	O	_	_	_	_	_	_
rend	O	O	O	O	O	O	_	_	_	_	_	_
à	O	O	O	O	O	O	_	_	_	_	_	_
Budapest	O	O	O	O	O	O	_	_	NoSpaceAfter	_	_	_
.	O	O	O	O	O	O	_	_	NoSpaceAfter	_	_	_
.	O	O	O	O	O	O	_	_	NoSpaceAfter	_	_	_
.	O	O	O	O	O	O	_	_	EndOfLine	EndOfSentence	_	_
# segment_iiif_link = https://impresso-project.ch/api/proxy/iiif/GDL-1939-03-28-a-p0006/2123,5832,375,55/full/0/default.jpg
Berlin	O	O	O	O	O	O	_	_	NoSpaceAfter	_	_	_
,	O	O	O	O	O	O	_	_	_	_	_	_
27	O	O	O	O	O	O	_	_	_	_	_	_
mars	O	O	O	O	O	O	_	_	NoSpaceAfter	_	_	_
.	O	O	O	O	O	O	_	_	_	EndOfSentence	_	_
.	O	O	O	O	O	O	_	_	NoSpaceAfter	_	_	_
.	O	O	O	O	O	O	_	_	_	EndOfSentence	_	_
>	O	O	O	O	O	O	_	_	EndOfLine	_	_	_
# segment_iiif_link = https://impresso-project.ch/api/proxy/iiif/GDL-1939-03-28-a-p0006/1767,5870,710,58/full/0/default.jpg
(	O	O	O	O	O	O	_	_	NoSpaceAfter	_	_	_
D	B-org	O	B-org.ent.pressagency.DNB	O	O	O	Q1205856	_	NoSpaceAfter	_	LED0.00	_
.	O	O	O	O	O	O	Q1205856	_	_	_	LED0.00	_
N	O	O	O	O	O	O	Q1205856	_	NoSpaceAfter	_	LED0.00	_
.	O	O	O	O	O	O	Q1205856	_	_	_	LED0.00	_
B	O	O	O	O	O	O	Q1205856	_	NoSpaceAfter	_	LED0.00	_
.	O	O	O	O	O	O	Q1205856	_	NoSpaceAfter	_	LED0.00	_
)	O	O	O	O	O	O	_	_	_	_	_	_
—	O	O	O	O	O	O	_	_	_	_	_	_
M	O	O	O	O	O	O	_	_	NoSpaceAfter	_	_	_
.	O	O	O	O	O	O	_	_	_	_	_	_
Gœbbels	O	O	O	O	O	O	_	_	NoSpaceAfter	_	_	_
,	O	O	O	O	O	O	_	_	_	_	_	_
ministre	O	O	O	O	O	O	_	_	EndOfLine	_	_	_
# segment_iiif_link = https://impresso-project.ch/api/proxy/iiif/GDL-1939-03-28-a-p0006/1727,5909,751,55/full/0/default.jpg
de	O	O	O	O	O	O	_	_	_	_	_	_
la	O	O	O	O	O	O	_	_	_	_	_	_
propagande	O	O	O	O	O	O	_	_	_	_	_	_
du	O	O	O	O	O	O	_	_	_	_	_	_
Reich	O	O	O	O	O	O	_	_	NoSpaceAfter	_	_	_
,	O	O	O	O	O	O	_	_	_	_	_	_
est	O	O	O	O	O	O	_	_	_	_	_	_
parti	O	O	O	O	O	O	_	_	EndOfLine	_	_	_
# segment_iiif_link = https://impresso-project.ch/api/proxy/iiif/GDL-1939-03-28-a-p0006/1727,5949,640,55/full/0/default.jpg
lundi	O	O	O	O	O	O	_	_	_	_	_	_
pour	O	O	O	O	O	O	_	_	_	_	_	_
Budapest	O	O	O	O	O	O	_	_	_	_	_	_
et	O	O	O	O	O	O	_	_	_	_	_	_
Athènes	O	O	O	O	O	O	_	_	_	_	_	_
.	O	O	O	O	O	O	_	_	NoSpaceAfter	EndOfSentence	_	_
.	O	O	O	O	O	O	_	_	EndOfLine	EndOfSentence	_	_

# language = fr
# newspaper = GDL
# date = 1944-05-19
# document_id = GDL-1944-05-19-a-i0015
# news-agency-as-source = Q130879, Q1205856
# segment_iiif_link = https://impresso-project.ch/api/proxy/iiif/GDL-1944-05-19-a-p0002/2696,265,535,97/full/0/default.jpg
L	O	O	O	O	O	O	_	_	NoSpaceAfter	_	_	_
'	O	O	O	O	O	O	_	_	NoSpaceAfter	_	_	_
avenir	O	O	O	O	O	O	_	_	_	_	_	_
de	O	O	O	O	O	O	_	_	_	_	_	_
la	O	O	O	O	O	O	_	_	_	_	_	_
Grèce	O	O	O	O	O	O	_	_	EndOfLine	_	_	_
# segment_iiif_link = https://impresso-project.ch/api/proxy/iiif/GDL-1944-05-19-a-p0002/2779,395,364,68/full/0/default.jpg
UN	O	O	O	O	O	O	_	_	_	_	_	_
DISCOURS	O	O	O	O	O	O	_	_	EndOfLine	_	_	_
# segment_iiif_link = https://impresso-project.ch/api/proxy/iiif/GDL-1944-05-19-a-p0002/2700,449,523,66/full/0/default.jpg
DE	O	O	O	O	O	O	_	_	_	_	_	_
M	O	O	O	O	O	O	_	_	NoSpaceAfter	_	_	_
.	O	O	O	O	O	O	_	_	_	_	_	_
PAPANDREOU	O	O	O	O	O	O	_	_	EndOfLine	_	_	_
# segment_iiif_link = https://impresso-project.ch/api/proxy/iiif/GDL-1944-05-19-a-p0002/2985,547,319,58/full/0/default.jpg
Beyrouth	O	O	O	O	O	O	_	_	NoSpaceAfter	_	_	_
.	O	O	O	O	O	O	_	_	_	EndOfSentence	_	_
18	O	O	O	O	O	O	_	_	_	_	_	_
mai	O	O	O	O	O	O	_	_	NoSpaceAfter	_	_	_
.	O	O	O	O	O	O	_	_	EndOfLine	EndOfSentence	_	_
# segment_iiif_link = https://impresso-project.ch/api/proxy/iiif/GDL-1944-05-19-a-p0002/2625,582,712,55/full/0/default.jpg
(	O	O	O	O	O	O	_	_	NoSpaceAfter	_	_	_
Reuter	B-org	O	B-org.ent.pressagency.Reuters	O	O	O	Q130879	_	NoSpaceAfter	_	LED0.00	_
.	O	O	O	O	O	O	_	_	NoSpaceAfter	_	_	_
)	O	O	O	O	O	O	_	_	_	_	_	_
—	O	O	O	O	O	O	_	_	_	_	_	_
M	O	O	O	O	O	O	_	_	NoSpaceAfter	_	_	_
.	O	O	O	O	O	O	_	_	_	_	_	_
Papandreou	O	O	O	O	O	O	_	_	NoSpaceAfter	_	_	_
,	O	O	O	O	O	O	_	_	_	_	_	_
premier	O	O	O	O	O	O	_	_	EndOfLine	_	_	_
# segment_iiif_link = https://impresso-project.ch/api/proxy/iiif/GDL-1944-05-19-a-p0002/2592,618,746,55/full/0/default.jpg
ministre	O	O	O	O	O	O	_	_	_	_	_	_
de	O	O	O	O	O	O	_	_	_	_	_	_
Grèce	O	O	O	O	O	O	_	_	NoSpaceAfter	_	_	_
,	O	O	O	O	O	O	_	_	_	_	_	_
dans	O	O	O	O	O	O	_	_	_	_	_	_
un	O	O	O	O	O	O	_	_	_	_	_	_
discours	O	O	O	O	O	O	_	_	_	_	_	_
qu	O	O	O	O	O	O	_	_	NoSpaceAfter	_	_	_
'	O	O	O	O	O	O	_	_	NoSpaceAfter	_	_	_
il	O	O	O	O	O	O	_	_	_	_	_	_
a	O	O	O	O	O	O	_	_	EndOfLine	_	_	_
# segment_iiif_link = https://impresso-project.ch/api/proxy/iiif/GDL-1944-05-19-a-p0002/2590,653,748,55/full/0/default.jpg
prononcé	O	O	O	O	O	O	_	_	_	_	_	_
à	O	O	O	O	O	O	_	_	_	_	_	_
'	O	O	O	O	O	O	_	_	NoSpaceAfter	_	_	_
ouverture	O	O	O	O	O	O	_	_	_	_	_	_
de	O	O	O	O	O	O	_	_	_	_	_	_
la	O	O	O	O	O	O	_	_	_	_	_	_
conférence	O	O	O	O	O	O	_	_	EndOfLine	_	_	_
# segment_iiif_link = https://impresso-project.ch/api/proxy/iiif/GDL-1944-05-19-a-p0002/2590,688,750,55/full/0/default.jpg
politique	O	O	O	O	O	O	_	_	_	_	_	_
grecque	O	O	O	O	O	O	_	_	_	_	_	_
qui	O	O	O	O	O	O	_	_	_	_	_	_
se	O	O	O	O	O	O	_	_	_	_	_	_
tient	O	O	O	O	O	O	_	_	_	_	_	_
près	O	O	O	O	O	O	_	_	_	_	_	_
de	O	O	O	O	O	O	_	_	EndOfLine	_	_	_
# segment_iiif_link = https://impresso-project.ch/api/proxy/iiif/GDL-1944-05-19-a-p0002/2592,722,746,58/full/0/default.jpg
Beyrouth	O	O	O	O	O	O	_	_	_	_	_	_
a	O	O	O	O	O	O	_	_	_	_	_	_
déclaré	O	O	O	O	O	O	_	_	NoSpaceAfter	_	_	_
,	O	O	O	O	O	O	_	_	_	_	_	_
mercredi	O	O	O	O	O	O	_	_	NoSpaceAfter	_	_	_
,	O	O	O	O	O	O	_	_	_	_	_	_
que	O	O	O	O	O	O	_	_	_	_	_	_
ce	O	O	O	O	O	O	_	_	_	_	_	_
n	O	O	O	O	O	O	_	_	NoSpaceAfter	_	_	_
'	O	O	O	O	O	O	_	_	NoSpaceAfter	_	_	_
est	O	O	O	O	O	O	_	_	EndOfLine	_	_	_
# segment_iiif_link = https://impresso-project.ch/api/proxy/iiif/GDL-1944-05-19-a-p0002/2590,757,749,55/full/0/default.jpg
pas	O	O	O	O	O	O	_	_	_	_	_	_
l	O	O	O	O	O	O	_	_	NoSpaceAfter	_	_	_
'	O	O	O	O	O	O	_	_	NoSpaceAfter	_	_	_
envahisseur	O	O	O	O	O	O	_	_	_	_	_	_
étranger	O	O	O	O	O	O	_	_	NoSpaceAfter	_	_	_
,	O	O	O	O	O	O	_	_	_	_	_	_
mais	O	O	O	O	O	O	_	_	_	_	_	_
la	O	O	O	O	O	O	_	_	_	_	_	_
guerre	O	O	O	O	O	O	_	_	EndOfLine	_	_	_
# segment_iiif_link = https://impresso-project.ch/api/proxy/iiif/GDL-1944-05-19-a-p0002/2592,793,745,55/full/0/default.jpg
civile	O	O	O	O	O	O	_	_	_	_	_	_
qui	O	O	O	O	O	O	_	_	_	_	_	_
mine	O	O	O	O	O	O	_	_	_	_	_	_
mortellement	O	O	O	O	O	O	_	_	_	_	_	_
l	O	O	O	O	O	O	_	_	NoSpaceAfter	_	_	_
'	O	O	O	O	O	O	_	_	NoSpaceAfter	_	_	_
avenir	O	O	O	O	O	O	_	_	_	_	_	_
de	O	O	O	O	O	O	_	_	EndOfLine	_	_	_
# segment_iiif_link = https://impresso-project.ch/api/proxy/iiif/GDL-1944-05-19-a-p0002/2592,828,745,55/full/0/default.jpg
la	O	O	O	O	O	O	_	_	_	_	_	_
Grèce	O	O	O	O	O	O	_	_	NoSpaceAfter	_	_	_
.	O	O	O	O	O	O	_	_	_	EndOfSentence	_	_
L	O	O	O	O	O	O	_	_	NoSpaceAfter	_	_	_
'	O	O	O	O	O	O	_	_	NoSpaceAfter	_	_	_
orateur	O	O	O	O	O	O	_	_	_	_	_	_
a	O	O	O	O	O	O	_	_	_	_	_	_
accusé	O	O	O	O	O	O	_	_	_	_	_	_
le	O	O	O	O	O	O	_	_	_	_	_	_
«	O	O	O	O	O	O	_	_	_	_	_	_
Front	O	O	O	O	O	O	_	_	_	_	_	_
de	O	O	O	O	O	O	_	_	EndOfLine	_	_	_
# segment_iiif_link = https://impresso-project.ch/api/proxy/iiif/GDL-1944-05-19-a-p0002/2592,863,746,55/full/0/default.jpg
libération	O	O	O	O	O	O	_	_	_	_	_	_
nationale	O	O	O	O	O	O	_	_	_	_	_	_
»	O	O	O	O	O	O	_	_	_	_	_	_
de	O	O	O	O	O	O	_	_	_	_	_	_
vouloir	O	O	O	O	O	O	_	_	_	_	_	_
préparer	O	O	O	O	O	O	_	_	EndOfLine	_	_	_
# segment_iiif_link = https://impresso-project.ch/api/proxy/iiif/GDL-1944-05-19-a-p0002/2594,897,746,58/full/0/default.jpg
à	O	O	O	O	O	O	_	_	_	_	_	_
l	O	O	O	O	O	O	_	_	NoSpaceAfter	_	_	_
'	O	O	O	O	O	O	_	_	NoSpaceAfter	_	_	_
avance	O	O	O	O	O	O	_	_	NoSpaceAfter	_	_	_
,	O	O	O	O	O	O	_	_	_	_	_	_
sa	O	O	O	O	O	O	_	_	_	_	_	_
propre	O	O	O	O	O	O	_	_	_	_	_	_
domination	O	O	O	O	O	O	_	_	_	_	_	_
après	O	O	O	O	O	O	_	_	_	_	_	_
la	O	O	O	O	O	O	_	_	EndOfLine	_	_	_
# segment_iiif_link = https://impresso-project.ch/api/proxy/iiif/GDL-1944-05-19-a-p0002/2592,932,747,55/full/0/default.jpg
guerre	O	O	O	O	O	O	_	_	_	_	_	_
par	O	O	O	O	O	O	_	_	_	_	_	_
le	O	O	O	O	O	O	_	_	_	_	_	_
terrorisme	O	O	O	O	O	O	_	_	_	_	_	_
et	O	O	O	O	O	O	_	_	EndOfLine	_	_	_
# segment_iiif_link = https://impresso-project.ch/api/proxy/iiif/GDL-1944-05-19-a-p0002/2592,968,745,55/full/0/default.jpg
l	O	O	O	O	O	O	_	_	NoSpaceAfter	_	_	_
'	O	O	O	O	O	O	_	_	NoSpaceAfter	_	_	_
anéantissement	O	O	O	O	O	O	_	_	_	_	_	_
de	O	O	O	O	O	O	_	_	_	_	_	_
ses	O	O	O	O	O	O	_	_	_	_	_	_
adversaires	O	O	O	O	O	O	_	_	NoSpaceAfter	_	_	_
.	O	O	O	O	O	O	_	_	_	EndOfSentence	_	_
Le	O	O	O	O	O	O	_	_	_	_	_	_
premier	O	O	O	O	O	O	_	_	_	_	_	_
roU	O	O	O	O	O	O	_	_	EndOfLine	_	_	_
# segment_iiif_link = https://impresso-project.ch/api/proxy/iiif/GDL-1944-05-19-a-p0002/2594,1003,308,55/full/0/default.jpg
nietre	O	O	O	O	O	O	_	_	_	_	_	_
poursuivit	O	O	O	O	O	O	_	_	_	_	_	_
:	O	O	O	O	O	O	_	_	EndOfLine	_	_	_
# segment_iiif_link = https://impresso-project.ch/api/proxy/iiif/GDL-1944-05-19-a-p0002/2627,1040,713,55/full/0/default.jpg
M	O	O	O	O	O	O	_	_	_	_	_	_
L	O	O	O	O	O	O	_	_	NoSpaceAfter	_	_	_
'	O	O	O	O	O	O	_	_	NoSpaceAfter	_	_	_
unité	O	O	O	O	O	O	_	_	_	_	_	_
nationale	O	O	O	O	O	O	_	_	_	_	_	_
complète	O	O	O	O	O	O	_	_	_	_	_	_
et	O	O	O	O	O	O	_	_	_	_	_	_
nécessai	O	O	O	O	O	O	_	_	EndOfLine	_	_	_
# segment_iiif_link = https://impresso-project.ch/api/proxy/iiif/GDL-1944-05-19-a-p0002/2594,1076,746,55/full/0/default.jpg
re	O	O	O	O	O	O	_	_	_	_	_	_
entre	O	O	O	O	O	O	_	_	_	_	_	_
tous	O	O	O	O	O	O	_	_	_	_	_	_
les	O	O	O	O	O	O	_	_	_	_	_	_
partis	O	O	O	O	O	O	_	_	_	_	_	_
politiques	O	O	O	O	O	O	_	_	_	_	_	_
du	O	O	O	O	O	O	_	_	_	_	_	_
pays	O	O	O	O	O	O	_	_	EndOfLine	_	_	_
# segment_iiif_link = https://impresso-project.ch/api/proxy/iiif/GDL-1944-05-19-a-p0002/2594,1111,746,55/full/0/default.jpg
et	O	O	O	O	O	O	_	_	_	_	_	_
les	O	O	O	O	O	O	_	_	_	_	_	_
organisations	O	O	O	O	O	O	_	_	_	_	_	_
de	O	O	O	O	O	O	_	_	_	_	_	_
libération	O	O	O	O	O	O	_	_	_	_	_	_
nationale	O	O	O	O	O	O	_	_	EndOfLine	_	_	_
# segment_iiif_link = https://impresso-project.ch/api/proxy/iiif/GDL-1944-05-19-a-p0002/2594,1145,746,58/full/0/default.jpg
existe	O	O	O	O	O	O	_	_	_	_	_	_
déjà	O	O	O	O	O	O	_	_	NoSpaceAfter	_	_	_
.	O	O	O	O	O	O	_	_	_	EndOfSentence	_	_
La	O	O	O	O	O	O	_	_	_	_	_	_
question	O	O	O	O	O	O	_	_	_	_	_	_
qui	O	O	O	O	O	O	_	_	_	_	_	_
reste	O	O	O	O	O	O	_	_	_	_	_	_
à	O	O	O	O	O	O	_	_	_	_	_	_
régler	O	O	O	O	O	O	_	_	EndOfLine	_	_	_
# segment_iiif_link = https://impresso-project.ch/api/proxy/iiif/GDL-1944-05-19-a-p0002/2594,1180,746,55/full/0/default.jpg
est	O	O	O	O	O	O	_	_	_	_	_	_
celle	O	O	O	O	O	O	_	_	_	_	_	_
de	O	O	O	O	O	O	_	_	_	_	_	_
savoir	O	O	O	O	O	O	_	_	_	_	_	_
si	O	O	O	O	O	O	_	_	_	_	_	_
l	O	O	O	O	O	O	_	_	NoSpaceAfter	_	_	_
'	O	O	O	O	O	O	_	_	NoSpaceAfter	_	_	_
on	O	O	O	O	O	O	_	_	_	_	_	_
va	O	O	O	O	O	O	_	_	_	_	_	_
participer	O	O	O	O	O	O	_	_	_	_	_	_
à	O	O	O	O	O	O	_	_	EndOfLine	_	_	_
# segment_iiif_link = https://impresso-project.ch/api/proxy/iiif/GDL-1944-05-19-a-p0002/2596,1215,417,55/full/0/default.jpg
cette	O	O	O	O	O	O	_	_	_	_	_	_
unité	O	O	O	O	O	O	_	_	_	_	_	_
nationale	O	O	O	O	O	O	_	_	_	_	_	_
?	O	O	O	O	O	O	_	_	_	EndOfSentence	_	_
»	O	O	O	O	O	O	_	_	EndOfLine	_	_	_
# segment_iiif_link = https://impresso-project.ch/api/proxy/iiif/GDL-1944-05-19-a-p0002/2627,1251,452,55/full/0/default.jpg
M	O	O	O	O	O	O	_	_	NoSpaceAfter	_	_	_
.	O	O	O	O	O	O	_	_	_	_	_	_
Papandreou	O	O	O	O	O	O	_	_	_	_	_	_
a	O	O	O	O	O	O	_	_	_	_	_	_
ajouté	O	O	O	O	O	O	_	_	_	_	_	_
:	O	O	O	O	O	O	_	_	EndOfLine	_	_	_
# segment_iiif_link = https://impresso-project.ch/api/proxy/iiif/GDL-1944-05-19-a-p0002/2629,1286,713,55/full/0/default.jpg
«	O	O	O	O	O	O	_	_	_	_	_	_
Des	O	O	O	O	O	O	_	_	_	_	_	_
conversations	O	O	O	O	O	O	_	_	_	_	_	_
que	O	O	O	O	O	O	_	_	_	_	_	_
j	O	O	O	O	O	O	_	_	NoSpaceAfter	_	_	_
'	O	O	O	O	O	O	_	_	NoSpaceAfter	_	_	_
ai	O	O	O	O	O	O	_	_	_	_	_	_
eues	O	O	O	O	O	O	_	_	_	_	_	_
ces	O	O	O	O	O	O	_	_	EndOfLine	_	_	_
# segment_iiif_link = https://impresso-project.ch/api/proxy/iiif/GDL-1944-05-19-a-p0002/2594,1320,748,58/full/0/default.jpg
jours	O	O	O	O	O	O	_	_	NoSpaceAfter	_	_	_
-	O	O	O	O	O	O	_	_	NoSpaceAfter	_	_	_
ci	O	O	O	O	O	O	_	_	_	_	_	_
a	O	O	O	O	O	O	_	_	NoSpaceAfter	_	_	_
'	O	O	O	O	O	O	_	_	NoSpaceAfter	_	_	_
sec	O	O	O	O	O	O	_	_	_	_	_	_
les	O	O	O	O	O	O	_	_	_	_	_	_
représentants	O	O	O	O	O	O	_	_	_	_	_	_
du	O	O	O	O	O	O	_	_	_	_	_	_
parti	O	O	O	O	O	O	_	_	EndOfLine	_	_	_
# segment_iiif_link = https://impresso-project.ch/api/proxy/iiif/GDL-1944-05-19-a-p0002/2596,1355,746,55/full/0/default.jpg
communiste	O	O	O	O	O	O	_	_	NoSpaceAfter	_	_	_
,	O	O	O	O	O	O	_	_	_	_	_	_
du	O	O	O	O	O	O	_	_	_	_	_	_
«	O	O	O	O	O	O	_	_	_	_	_	_
Front	O	O	O	O	O	O	_	_	_	_	_	_
de	O	O	O	O	O	O	_	_	_	_	_	_
libération	O	O	O	O	O	O	_	_	EndOfLine	_	_	_
# segment_iiif_link = https://impresso-project.ch/api/proxy/iiif/GDL-1944-05-19-a-p0002/2594,1390,745,55/full/0/default.jpg
nationale	O	O	O	O	O	O	_	_	_	_	_	_
»	O	O	O	O	O	O	_	_	_	_	_	_
et	O	O	O	O	O	O	_	_	_	_	_	_
du	O	O	O	O	O	O	_	_	_	_	_	_
Comité	O	O	O	O	O	O	_	_	_	_	_	_
politique	O	O	O	O	O	O	_	_	NoSpaceAfter	_	_	_
,	O	O	O	O	O	O	_	_	_	_	_	_
j	O	O	O	O	O	O	_	_	NoSpaceAfter	_	_	_
'	O	O	O	O	O	O	_	_	NoSpaceAfter	_	_	_
ai	O	O	O	O	O	O	_	_	_	_	_	_
eu	O	O	O	O	O	O	_	_	EndOfLine	_	_	_
# segment_iiif_link = https://impresso-project.ch/api/proxy/iiif/GDL-1944-05-19-a-p0002/2594,1426,750,55/full/0/default.jpg
l	O	O	O	O	O	O	_	_	NoSpaceAfter	_	_	_
'	O	O	O	O	O	O	_	_	NoSpaceAfter	_	_	_
impression	O	O	O	O	O	O	_	_	_	_	_	_
qu	O	O	O	O	O	O	_	_	NoSpaceAfter	_	_	_
'	O	O	O	O	O	O	_	_	NoSpaceAfter	_	_	_
ils	O	O	O	O	O	O	_	_	_	_	_	_
sont	O	O	O	O	O	O	_	_	_	_	_	_
venus	O	O	O	O	O	O	_	_	_	_	_	_
avec	O	O	O	O	O	O	_	_	EndOfLine	_	_	_
# segment_iiif_link = https://impresso-project.ch/api/proxy/iiif/GDL-1944-05-19-a-p0002/2594,1461,749,55/full/0/default.jpg
l	O	O	O	O	O	O	_	_	NoSpaceAfter	_	_	_
'	O	O	O	O	O	O	_	_	NoSpaceAfter	_	_	_
intention	O	O	O	O	O	O	_	_	NoSpaceAfter	_	_	_
,	O	O	O	O	O	O	_	_	_	_	_	_
non	O	O	O	O	O	O	_	_	_	_	_	_
pas	O	O	O	O	O	O	_	_	_	_	_	_
de	O	O	O	O	O	O	_	_	_	_	_	_
s	O	O	O	O	O	O	_	_	NoSpaceAfter	_	_	_
'	O	O	O	O	O	O	_	_	NoSpaceAfter	_	_	_
opposer	O	O	O	O	O	O	_	_	NoSpaceAfter	_	_	_
,	O	O	O	O	O	O	_	_	_	_	_	_
mais	O	O	O	O	O	O	_	_	_	_	_	_
de	O	O	O	O	O	O	_	_	_	_	_	_
se	O	O	O	O	O	O	_	_	EndOfLine	_	_	_
# segment_iiif_link = https://impresso-project.ch/api/proxy/iiif/GDL-1944-05-19-a-p0002/2594,1495,748,58/full/0/default.jpg
joindre	O	O	O	O	O	O	_	_	_	_	_	_
à	O	O	O	O	O	O	_	_	_	_	_	_
la	O	O	O	O	O	O	_	_	_	_	_	_
nation	O	O	O	O	O	O	_	_	NoSpaceAfter	_	_	_
.	O	O	O	O	O	O	_	_	_	EndOfSentence	_	_
J	O	O	O	O	O	O	_	_	NoSpaceAfter	_	_	_
'	O	O	O	O	O	O	_	_	NoSpaceAfter	_	_	_
espère	O	O	O	O	O	O	_	_	_	_	_	_
que	O	O	O	O	O	O	_	_	_	_	_	_
nous	O	O	O	O	O	O	_	_	EndOfLine	_	_	_
# segment_iiif_link = https://impresso-project.ch/api/proxy/iiif/GDL-1944-05-19-a-p0002/2594,1530,750,55/full/0/default.jpg
serons	O	O	O	O	O	O	_	_	_	_	_	_
à	O	O	O	O	O	O	_	_	_	_	_	_
même	O	O	O	O	O	O	_	_	_	_	_	_
d	O	O	O	O	O	O	_	_	NoSpaceAfter	_	_	_
'	O	O	O	O	O	O	_	_	NoSpaceAfter	_	_	_
envoyer	O	O	O	O	O	O	_	_	_	_	_	_
de	O	O	O	O	O	O	_	_	_	_	_	_
ce	O	O	O	O	O	O	_	_	_	_	_	_
pays	O	O	O	O	O	O	_	_	EndOfLine	_	_	_
# segment_iiif_link = https://impresso-project.ch/api/proxy/iiif/GDL-1944-05-19-a-p0002/2594,1565,747,55/full/0/default.jpg
lointain	O	O	O	O	O	O	_	_	_	_	_	_
un	O	O	O	O	O	O	_	_	_	_	_	_
message	O	O	O	O	O	O	_	_	_	_	_	_
puissant	O	O	O	O	O	O	_	_	_	_	_	_
à	O	O	O	O	O	O	_	_	_	_	_	_
notre	O	O	O	O	O	O	_	_	_	_	_	_
peuple	O	O	O	O	O	O	_	_	EndOfLine	_	_	_
# segment_iiif_link = https://impresso-project.ch/api/proxy/iiif/GDL-1944-05-19-a-p0002/2596,1601,746,55/full/0/default.jpg
asservi	O	O	O	O	O	O	_	_	_	_	_	_
en	O	O	O	O	O	O	_	_	_	_	_	_
l	O	O	O	O	O	O	_	_	NoSpaceAfter	_	_	_
'	O	O	O	O	O	O	_	_	NoSpaceAfter	_	_	_
informant	O	O	O	O	O	O	_	_	_	_	_	_
que	O	O	O	O	O	O	_	_	_	_	_	_
l	O	O	O	O	O	O	_	_	NoSpaceAfter	_	_	_
'	O	O	O	O	O	O	_	_	NoSpaceAfter	_	_	_
unité	O	O	O	O	O	O	_	_	EndOfLine	_	_	_
# segment_iiif_link = https://impresso-project.ch/api/proxy/iiif/GDL-1944-05-19-a-p0002/2596,1636,469,55/full/0/default.jpg
nationale	O	O	O	O	O	O	_	_	_	_	_	_
complète	O	O	O	O	O	O	_	_	_	_	_	_
a	O	O	O	O	O	O	_	_	_	_	_	_
été	O	O	O	O	O	O	_	_	_	_	_	_
faite	O	O	O	O	O	O	_	_	NoSpaceAfter	_	_	_
.	O	O	O	O	O	O	_	_	_	EndOfSentence	_	_
>	O	O	O	O	O	O	_	_	EndOfLine	_	_	_
# segment_iiif_link = https://impresso-project.ch/api/proxy/iiif/GDL-1944-05-19-a-p0002/2629,1670,712,58/full/0/default.jpg
Faisant	O	O	O	O	O	O	_	_	_	_	_	_
allusion	O	O	O	O	O	O	_	_	_	_	_	_
à	O	O	O	O	O	O	_	_	_	_	_	_
la	O	O	O	O	O	O	_	_	_	_	_	_
récente	O	O	O	O	O	O	_	_	_	_	_	_
mutinerie	O	O	O	O	O	O	_	_	EndOfLine	_	_	_
# segment_iiif_link = https://impresso-project.ch/api/proxy/iiif/GDL-1944-05-19-a-p0002/2596,1705,746,55/full/0/default.jpg
des	O	O	O	O	O	O	_	_	_	_	_	_
forces	O	O	O	O	O	O	_	_	_	_	_	_
armées	O	O	O	O	O	O	_	_	_	_	_	_
grecques	O	O	O	O	O	O	_	_	_	_	_	_
au	O	O	O	O	O	O	_	_	EndOfLine	_	_	_
# segment_iiif_link = https://impresso-project.ch/api/proxy/iiif/GDL-1944-05-19-a-p0002/2596,1740,745,55/full/0/default.jpg
Moyen	O	O	O	O	O	O	_	_	NoSpaceAfter	_	_	_
-	O	O	O	O	O	O	_	_	NoSpaceAfter	_	_	_
Orient	O	O	O	O	O	O	_	_	NoSpaceAfter	_	_	_
,	O	O	O	O	O	O	_	_	_	_	_	_
M	O	O	O	O	O	O	_	_	NoSpaceAfter	_	_	_
.	O	O	O	O	O	O	_	_	_	_	_	_
Papandreou	O	O	O	O	O	O	_	_	_	_	_	_
a	O	O	O	O	O	O	_	_	_	_	_	_
annoncé	O	O	O	O	O	O	_	_	_	_	_	_
qu	O	O	O	O	O	O	_	_	NoSpaceAfter	_	_	_
'	O	O	O	O	O	O	_	_	NoSpaceAfter	_	_	_
une	O	O	O	O	O	O	_	_	EndOfLine	_	_	_
# segment_iiif_link = https://impresso-project.ch/api/proxy/iiif/GDL-1944-05-19-a-p0002/2594,1776,748,55/full/0/default.jpg
enquête	O	O	O	O	O	O	_	_	_	_	_	_
énergique	O	O	O	O	O	O	_	_	_	_	_	_
avait	O	O	O	O	O	O	_	_	_	_	_	_
été	O	O	O	O	O	O	_	_	_	_	_	_
ouverte	O	O	O	O	O	O	_	_	_	_	_	_
pour	O	O	O	O	O	O	_	_	EndOfLine	_	_	_
# segment_iiif_link = https://impresso-project.ch/api/proxy/iiif/GDL-1944-05-19-a-p0002/2596,1811,745,55/full/0/default.jpg
découvrir	O	O	O	O	O	O	_	_	_	_	_	_
les	O	O	O	O	O	O	_	_	_	_	_	_
meneurs	O	O	O	O	O	O	_	_	_	_	_	_
de	O	O	O	O	O	O	_	_	_	_	_	_
cette	O	O	O	O	O	O	_	_	_	_	_	_
mutinerie	O	O	O	O	O	O	_	_	EndOfLine	_	_	_
# segment_iiif_link = https://impresso-project.ch/api/proxy/iiif/GDL-1944-05-19-a-p0002/2596,1845,746,58/full/0/default.jpg
qui	O	O	O	O	O	O	_	_	_	_	_	_
seront	O	O	O	O	O	O	_	_	_	_	_	_
sévèrement	O	O	O	O	O	O	_	_	_	_	_	_
châtiés	O	O	O	O	O	O	_	_	NoSpaceAfter	_	_	_
.	O	O	O	O	O	O	_	_	_	EndOfSentence	_	_
«	O	O	O	O	O	O	_	_	_	_	_	_
Les	O	O	O	O	O	O	_	_	EndOfLine	_	_	_
# segment_iiif_link = https://impresso-project.ch/api/proxy/iiif/GDL-1944-05-19-a-p0002/2596,1880,746,55/full/0/default.jpg
unités	O	O	O	O	O	O	_	_	_	_	_	_
de	O	O	O	O	O	O	_	_	_	_	_	_
notre	O	O	O	O	O	O	_	_	_	_	_	_
flotte	O	O	O	O	O	O	_	_	_	_	_	_
—	O	O	O	O	O	O	_	_	_	_	_	_
dit	O	O	O	O	O	O	_	_	NoSpaceAfter	_	_	_
-	O	O	O	O	O	O	_	_	NoSpaceAfter	_	_	_
il	O	O	O	O	O	O	_	_	_	_	_	_
—	O	O	O	O	O	O	_	_	_	_	_	_
ont	O	O	O	O	O	O	_	_	_	_	_	_
déjà	O	O	O	O	O	O	_	_	EndOfLine	_	_	_
# segment_iiif_link = https://impresso-project.ch/api/proxy/iiif/GDL-1944-05-19-a-p0002/2596,1915,747,55/full/0/default.jpg
commencé	O	O	O	O	O	O	_	_	_	_	_	_
à	O	O	O	O	O	O	_	_	_	_	_	_
être	O	O	O	O	O	O	_	_	_	_	_	_
remises	O	O	O	O	O	O	_	_	_	_	_	_
en	O	O	O	O	O	O	_	_	_	_	_	_
service	O	O	O	O	O	O	_	_	_	_	_	_
actif	O	O	O	O	O	O	_	_	NoSpaceAfter	_	_	_
.	O	O	O	O	O	O	_	_	EndOfLine	_	_	_
# segment_iiif_link = https://impresso-project.ch/api/proxy/iiif/GDL-1944-05-19-a-p0002/2596,1951,746,55/full/0/default.jpg
On	O	O	O	O	O	O	_	_	_	_	_	_
réorganise	O	O	O	O	O	O	_	_	_	_	_	_
l	O	O	O	O	O	O	_	_	NoSpaceAfter	_	_	_
'	O	O	O	O	O	O	_	_	NoSpaceAfter	_	_	_
armée	O	O	O	O	O	O	_	_	_	_	_	_
et	O	O	O	O	O	O	_	_	_	_	_	_
sous	O	O	O	O	O	O	_	_	_	_	_	_
peu	O	O	O	O	O	O	_	_	_	_	_	_
on	O	O	O	O	O	O	_	_	_	_	_	_
la	O	O	O	O	O	O	_	_	EndOfLine	_	_	_
# segment_iiif_link = https://impresso-project.ch/api/proxy/iiif/GDL-1944-05-19-a-p0002/2598,1986,746,55/full/0/default.jpg
trouvera	O	O	O	O	O	O	_	_	_	_	_	_
face	O	O	O	O	O	O	_	_	_	_	_	_
à	O	O	O	O	O	O	_	_	_	_	_	_
l	O	O	O	O	O	O	_	_	NoSpaceAfter	_	_	_
'	O	O	O	O	O	O	_	_	NoSpaceAfter	_	_	_
ennemi	O	O	O	O	O	O	_	_	_	_	_	_
afin	O	O	O	O	O	O	_	_	_	_	_	_
que	O	O	O	O	O	O	_	_	_	_	_	_
l	O	O	O	O	O	O	_	_	NoSpaceAfter	_	_	_
'	O	O	O	O	O	O	_	_	NoSpaceAfter	_	_	_
épopée	O	O	O	O	O	O	_	_	EndOfLine	_	_	_
# segment_iiif_link = https://impresso-project.ch/api/proxy/iiif/GDL-1944-05-19-a-p0002/2598,2020,446,58/full/0/default.jpg
d	O	O	O	O	O	O	_	_	NoSpaceAfter	_	_	_
'	O	O	O	O	O	O	_	_	NoSpaceAfter	_	_	_
Albanie	O	O	O	O	O	O	_	_	_	_	_	_
se	O	O	O	O	O	O	_	_	_	_	_	_
renouvelle	O	O	O	O	O	O	_	_	NoSpaceAfter	_	_	_
.	O	O	O	O	O	O	_	_	_	_	_	_
»	O	O	O	O	O	O	_	_	EndOfLine	_	_	_
# segment_iiif_link = https://impresso-project.ch/api/proxy/iiif/GDL-1944-05-19-a-p0002/2629,2059,713,55/full/0/default.jpg
M	O	O	O	O	O	O	_	_	NoSpaceAfter	_	_	_
.	O	O	O	O	O	O	_	_	_	_	_	_
Sophocle	O	O	O	O	O	O	_	_	_	_	_	_
Vénizelos	O	O	O	O	O	O	_	_	_	_	_	_
prit	O	O	O	O	O	O	_	_	_	_	_	_
également	O	O	O	O	O	O	_	_	_	_	_	_
la	O	O	O	O	O	O	_	_	EndOfLine	_	_	_
# segment_iiif_link = https://impresso-project.ch/api/proxy/iiif/GDL-1944-05-19-a-p0002/2598,2095,112,55/full/0/default.jpg
parole	O	O	O	O	O	O	_	_	NoSpaceAfter	_	_	_
.	O	O	O	O	O	O	_	_	EndOfLine	EndOfSentence	_	_
# segment_iiif_link = https://impresso-project.ch/api/proxy/iiif/GDL-1944-05-19-a-p0002/2615,2140,708,68/full/0/default.jpg
Un	O	O	O	O	O	O	_	_	_	_	_	_
transport	O	O	O	O	O	O	_	_	_	_	_	_
de	O	O	O	O	O	O	_	_	_	_	_	_
la	O	O	O	O	O	O	_	_	_	_	_	_
Croix	O	O	O	O	O	O	_	_	NoSpaceAfter	_	_	_
-	O	O	O	O	O	O	_	_	NoSpaceAfter	_	_	_
Rouge	O	O	O	O	O	O	_	_	EndOfLine	_	_	_
# segment_iiif_link = https://impresso-project.ch/api/proxy/iiif/GDL-1944-05-19-a-p0002/2883,2197,165,68/full/0/default.jpg
attaqué	O	O	O	O	O	O	_	_	EndOfLine	_	_	_
# segment_iiif_link = https://impresso-project.ch/api/proxy/iiif/GDL-1944-05-19-a-p0002/3052,2259,258,55/full/0/default.jpg
Berlin	O	O	O	O	O	O	_	_	NoSpaceAfter	_	_	_
,	O	O	O	O	O	O	_	_	_	_	_	_
18	O	O	O	O	O	O	_	_	_	_	_	_
mai	O	O	O	O	O	O	_	_	NoSpaceAfter	_	_	_
.	O	O	O	O	O	O	_	_	EndOfLine	EndOfSentence	_	_
# segment_iiif_link = https://impresso-project.ch/api/proxy/iiif/GDL-1944-05-19-a-p0002/2625,2292,717,55/full/0/default.jpg
(	O	O	O	O	O	O	_	_	NoSpaceAfter	_	_	_
DNB	B-org	O	B-org.ent.pressagency.DNB	O	O	O	Q1205856	_	NoSpaceAfter	_	LED0.00	_
.	O	O	O	O	O	O	_	_	NoSpaceAfter	_	_	_
)	O	O	O	O	O	O	_	_	_	_	_	_
—	O	O	O	O	O	O	_	_	_	_	_	_
Une	O	O	O	O	O	O	_	_	_	_	_	_
colonne	O	O	O	O	O	O	_	_	_	_	_	_
de	O	O	O	O	O	O	_	_	_	_	_	_
camions	O	O	O	O	O	O	_	_	_	_	_	_
de	O	O	O	O	O	O	_	_	_	_	_	_
la	O	O	O	O	O	O	_	_	EndOfLine	_	_	_
# segment_iiif_link = https://impresso-project.ch/api/proxy/iiif/GDL-1944-05-19-a-p0002/2594,2326,747,55/full/0/default.jpg
Croix	O	O	O	O	O	O	_	_	NoSpaceAfter	_	_	_
-	O	O	O	O	O	O	_	_	NoSpaceAfter	_	_	_
Rouge	O	O	O	O	O	O	_	_	_	_	_	_
internationale	O	O	O	O	O	O	_	_	_	_	_	_
transportant	O	O	O	O	O	O	_	_	EndOfLine	_	_	_
# segment_iiif_link = https://impresso-project.ch/api/proxy/iiif/GDL-1944-05-19-a-p0002/2592,2361,750,55/full/0/default.jpg
des	O	O	O	O	O	O	_	_	_	_	_	_
céréales	O	O	O	O	O	O	_	_	_	_	_	_
pour	O	O	O	O	O	O	_	_	_	_	_	_
la	O	O	O	O	O	O	_	_	_	_	_	_
population	O	O	O	O	O	O	_	_	_	_	_	_
grecque	O	O	O	O	O	O	_	_	_	_	_	_
a	O	O	O	O	O	O	_	_	EndOfLine	_	_	_
# segment_iiif_link = https://impresso-project.ch/api/proxy/iiif/GDL-1944-05-19-a-p0002/2592,2395,752,55/full/0/default.jpg
été	O	O	O	O	O	O	_	_	_	_	_	_
attaquée	O	O	O	O	O	O	_	_	_	_	_	_
sur	O	O	O	O	O	O	_	_	_	_	_	_
la	O	O	O	O	O	O	_	_	_	_	_	_
route	O	O	O	O	O	O	_	_	_	_	_	_
de	O	O	O	O	O	O	_	_	_	_	_	_
Sparte	O	O	O	O	O	O	_	_	_	_	_	_
le	O	O	O	O	O	O	_	_	_	_	_	_
15	O	O	O	O	O	O	_	_	EndOfLine	_	_	_
# segment_iiif_link = https://impresso-project.ch/api/proxy/iiif/GDL-1944-05-19-a-p0002/2590,2428,751,55/full/0/default.jpg
mai	O	O	O	O	O	O	_	_	_	_	_	_
et	O	O	O	O	O	O	_	_	_	_	_	_
pillée	O	O	O	O	O	O	_	_	_	_	_	_
par	O	O	O	O	O	O	_	_	_	_	_	_
une	O	O	O	O	O	O	_	_	_	_	_	_
bande	O	O	O	O	O	O	_	_	_	_	_	_
de	O	O	O	O	O	O	_	_	EndOfLine	_	_	_
# segment_iiif_link = https://impresso-project.ch/api/proxy/iiif/GDL-1944-05-19-a-p0002/2592,2463,750,55/full/0/default.jpg
communistes	O	O	O	O	O	O	_	_	NoSpaceAfter	_	_	_
.	O	O	O	O	O	O	_	_	_	EndOfSentence	_	_
Cette	O	O	O	O	O	O	_	_	_	_	_	_
attaque	O	O	O	O	O	O	_	_	_	_	_	_
a	O	O	O	O	O	O	_	_	_	_	_	_
provoqué	O	O	O	O	O	O	_	_	_	_	_	_
la	O	O	O	O	O	O	_	_	_	_	_	_
plus	O	O	O	O	O	O	_	_	_	_	_	_
vive	O	O	O	O	O	O	_	_	EndOfLine	_	_	_
# segment_iiif_link = https://impresso-project.ch/api/proxy/iiif/GDL-1944-05-19-a-p0002/2590,2497,751,55/full/0/default.jpg
indignation	O	O	O	O	O	O	_	_	_	_	_	_
dans	O	O	O	O	O	O	_	_	_	_	_	_
la	O	O	O	O	O	O	_	_	_	_	_	_
population	O	O	O	O	O	O	_	_	_	_	_	_
hellénique	O	O	O	O	O	O	_	_	NoSpaceAfter	_	_	_
.	O	O	O	O	O	O	_	_	EndOfLine	EndOfSentence	_	_

# language = fr
# newspaper = GDL
# date = 1946-06-17
# document_id = GDL-1946-06-17-a-i0093
# news-agency-as-source = Q493845, Q130879
# segment_iiif_link = https://impresso-project.ch/api/proxy/iiif/GDL-1946-06-17-a-p0006/3294,3505,744,130/full/0/default.jpg
LeroideSiam	O	O	O	O	O	O	_	_	EndOfLine	_	_	_
# segment_iiif_link = https://impresso-project.ch/api/proxy/iiif/GDL-1946-06-17-a-p0006/3477,3613,399,97/full/0/default.jpg
aurait	O	O	O	O	O	O	_	_	_	_	_	_
été	O	O	O	O	O	O	_	_	EndOfLine	_	_	_
# segment_iiif_link = https://impresso-project.ch/api/proxy/iiif/GDL-1946-06-17-a-p0006/3398,3695,535,130/full/0/default.jpg
assassiné	O	O	O	O	O	O	_	_	EndOfLine	_	_	_
# segment_iiif_link = https://impresso-project.ch/api/proxy/iiif/GDL-1946-06-17-a-p0006/3673,3849,337,55/full/0/default.jpg
Bangkok	O	O	O	O	O	O	_	_	NoSpaceAfter	_	_	_
,	O	O	O	O	O	O	_	_	_	_	_	_
16	O	O	O	O	O	O	_	_	_	_	_	_
juin	O	O	O	O	O	O	_	_	NoSpaceAfter	_	_	_
.	O	O	O	O	O	O	_	_	EndOfLine	EndOfSentence	_	_
# segment_iiif_link = https://impresso-project.ch/api/proxy/iiif/GDL-1946-06-17-a-p0006/3340,3888,708,55/full/0/default.jpg
(	O	O	O	O	O	O	_	_	NoSpaceAfter	_	_	_
U	B-org	O	B-org.ent.pressagency.UP-UPI	O	O	O	Q493845	_	NoSpaceAfter	_	LED0.00	_
.	I-org	O	I-org.ent.pressagency.UP-UPI	O	O	O	Q493845	_	_	_	LED0.00	_
P	I-org	O	I-org.ent.pressagency.UP-UPI	O	O	O	Q493845	_	NoSpaceAfter	_	LED0.00	_
.	I-org	O	I-org.ent.pressagency.UP-UPI	O	O	O	Q493845	_	NoSpaceAfter	_	LED0.00	_
)	O	O	O	O	O	O	_	_	_	_	_	_
—	O	O	O	O	O	O	_	_	_	_	_	_
On	O	O	O	O	O	O	_	_	_	_	_	_
annonce	O	O	O	O	O	O	_	_	_	_	_	_
officiellement	O	O	O	O	O	O	_	_	EndOfLine	_	_	_
# segment_iiif_link = https://impresso-project.ch/api/proxy/iiif/GDL-1946-06-17-a-p0006/3300,3928,751,55/full/0/default.jpg
que	O	O	O	O	O	O	_	_	_	_	_	_
plusieurs	O	O	O	O	O	O	_	_	_	_	_	_
personnes	O	O	O	O	O	O	_	_	_	_	_	_
en	O	O	O	O	O	O	_	_	_	_	_	_
mesure	O	O	O	O	O	O	_	_	_	_	_	_
de	O	O	O	O	O	O	_	_	EndOfLine	_	_	_
# segment_iiif_link = https://impresso-project.ch/api/proxy/iiif/GDL-1946-06-17-a-p0006/3298,3968,750,58/full/0/default.jpg
prouver	O	O	O	O	O	O	_	_	_	_	_	_
que	O	O	O	O	O	O	_	_	_	_	_	_
le	O	O	O	O	O	O	_	_	_	_	_	_
roi	O	O	O	O	O	O	_	_	_	_	_	_
de	O	O	O	O	O	O	_	_	_	_	_	_
Siam	O	O	O	O	O	O	_	_	_	_	_	_
n	O	O	O	O	O	O	_	_	NoSpaceAfter	_	_	_
'	O	O	O	O	O	O	_	_	NoSpaceAfter	_	_	_
a	O	O	O	O	O	O	_	_	_	_	_	_
pas	O	O	O	O	O	O	_	_	_	_	_	_
été	O	O	O	O	O	O	_	_	EndOfLine	_	_	_
# segment_iiif_link = https://impresso-project.ch/api/proxy/iiif/GDL-1946-06-17-a-p0006/3300,4009,748,55/full/0/default.jpg
tué	O	O	O	O	O	O	_	_	_	_	_	_
accidentellement	O	O	O	O	O	O	_	_	NoSpaceAfter	_	_	_
,	O	O	O	O	O	O	_	_	_	_	_	_
mais	O	O	O	O	O	O	_	_	_	_	_	_
a	O	O	O	O	O	O	_	_	_	_	_	_
été	O	O	O	O	O	O	_	_	EndOfLine	_	_	_
# segment_iiif_link = https://impresso-project.ch/api/proxy/iiif/GDL-1946-06-17-a-p0006/3300,4049,750,55/full/0/default.jpg
assassiné	O	O	O	O	O	O	_	_	NoSpaceAfter	_	_	_
,	O	O	O	O	O	O	_	_	_	_	_	_
se	O	O	O	O	O	O	_	_	_	_	_	_
sont	O	O	O	O	O	O	_	_	_	_	_	_
présentées	O	O	O	O	O	O	_	_	_	_	_	_
au	O	O	O	O	O	O	_	_	_	_	_	_
chef	O	O	O	O	O	O	_	_	_	_	_	_
de	O	O	O	O	O	O	_	_	EndOfLine	_	_	_
# segment_iiif_link = https://impresso-project.ch/api/proxy/iiif/GDL-1946-06-17-a-p0006/3300,4088,171,55/full/0/default.jpg
la	O	O	O	O	O	O	_	_	NoSpaceAfter	_	_	_
'	O	O	O	O	O	O	_	_	NoSpaceAfter	_	_	_
police	O	O	O	O	O	O	_	_	NoSpaceAfter	_	_	_
.	O	O	O	O	O	O	_	_	EndOfLine	EndOfSentence	_	_
# segment_iiif_link = https://impresso-project.ch/api/proxy/iiif/GDL-1946-06-17-a-p0006/3340,4132,710,55/full/0/default.jpg
Cette	O	O	O	O	O	O	_	_	_	_	_	_
déclaration	O	O	O	O	O	O	_	_	_	_	_	_
a	O	O	O	O	O	O	_	_	_	_	_	_
été	O	O	O	O	O	O	_	_	_	_	_	_
faite	O	O	O	O	O	O	_	_	EndOfLine	_	_	_
# segment_iiif_link = https://impresso-project.ch/api/proxy/iiif/GDL-1946-06-17-a-p0006/3300,4172,751,55/full/0/default.jpg
immédiatement	O	O	O	O	O	O	_	_	_	_	_	_
après	O	O	O	O	O	O	_	_	_	_	_	_
que	O	O	O	O	O	O	_	_	_	_	_	_
le	O	O	O	O	O	O	_	_	_	_	_	_
cabinet	O	O	O	O	O	O	_	_	EndOfLine	_	_	_
# segment_iiif_link = https://impresso-project.ch/api/proxy/iiif/GDL-1946-06-17-a-p0006/3300,4211,750,55/full/0/default.jpg
siamois	O	O	O	O	O	O	_	_	_	_	_	_
eut	O	O	O	O	O	O	_	_	_	_	_	_
été	O	O	O	O	O	O	_	_	_	_	_	_
convoqué	O	O	O	O	O	O	_	_	_	_	_	_
d	O	O	O	O	O	O	_	_	NoSpaceAfter	_	_	_
'	O	O	O	O	O	O	_	_	NoSpaceAfter	_	_	_
urgence	O	O	O	O	O	O	_	_	NoSpaceAfter	_	_	_
.	O	O	O	O	O	O	_	_	_	EndOfSentence	_	_
Les	O	O	O	O	O	O	_	_	EndOfLine	_	_	_
# segment_iiif_link = https://impresso-project.ch/api/proxy/iiif/GDL-1946-06-17-a-p0006/3298,4251,750,55/full/0/default.jpg
journaux	O	O	O	O	O	O	_	_	_	_	_	_
de	O	O	O	O	O	O	_	_	_	_	_	_
Bangkok	O	O	O	O	O	O	_	_	_	_	_	_
font	O	O	O	O	O	O	_	_	_	_	_	_
également	O	O	O	O	O	O	_	_	EndOfLine	_	_	_
# segment_iiif_link = https://impresso-project.ch/api/proxy/iiif/GDL-1946-06-17-a-p0006/3300,4290,750,58/full/0/default.jpg
allusion	O	O	O	O	O	O	_	_	_	_	_	_
à	O	O	O	O	O	O	_	_	_	_	_	_
l	O	O	O	O	O	O	_	_	NoSpaceAfter	_	_	_
'	O	O	O	O	O	O	_	_	NoSpaceAfter	_	_	_
assassinat	O	O	O	O	O	O	_	_	_	_	_	_
du	O	O	O	O	O	O	_	_	_	_	_	_
roi	O	O	O	O	O	O	_	_	NoSpaceAfter	_	_	_
,	O	O	O	O	O	O	_	_	_	_	_	_
tandis	O	O	O	O	O	O	_	_	EndOfLine	_	_	_
# segment_iiif_link = https://impresso-project.ch/api/proxy/iiif/GDL-1946-06-17-a-p0006/3298,4332,750,55/full/0/default.jpg
que	O	O	O	O	O	O	_	_	_	_	_	_
des	O	O	O	O	O	O	_	_	_	_	_	_
tracts	O	O	O	O	O	O	_	_	_	_	_	_
sont	O	O	O	O	O	O	_	_	_	_	_	_
répandus	O	O	O	O	O	O	_	_	_	_	_	_
dans	O	O	O	O	O	O	_	_	_	_	_	_
les	O	O	O	O	O	O	_	_	EndOfLine	_	_	_
# segment_iiif_link = https://impresso-project.ch/api/proxy/iiif/GDL-1946-06-17-a-p0006/3298,4372,750,55/full/0/default.jpg
rues	O	O	O	O	O	O	_	_	_	_	_	_
qui	O	O	O	O	O	O	_	_	_	_	_	_
accusent	O	O	O	O	O	O	_	_	_	_	_	_
l	O	O	O	O	O	O	_	_	NoSpaceAfter	_	_	_
'	O	O	O	O	O	O	_	_	NoSpaceAfter	_	_	_
ancien	O	O	O	O	O	O	_	_	_	_	_	_
président	O	O	O	O	O	O	_	_	EndOfLine	_	_	_
# segment_iiif_link = https://impresso-project.ch/api/proxy/iiif/GDL-1946-06-17-a-p0006/3300,4411,751,55/full/0/default.jpg
des	O	O	O	O	O	O	_	_	_	_	_	_
ministres	O	O	O	O	O	O	_	_	_	_	_	_
d	O	O	O	O	O	O	_	_	NoSpaceAfter	_	_	_
'	O	O	O	O	O	O	_	_	NoSpaceAfter	_	_	_
être	O	O	O	O	O	O	_	_	_	_	_	_
responsable	O	O	O	O	O	O	_	_	_	_	_	_
de	O	O	O	O	O	O	_	_	EndOfLine	_	_	_
# segment_iiif_link = https://impresso-project.ch/api/proxy/iiif/GDL-1946-06-17-a-p0006/3298,4451,212,55/full/0/default.jpg
cette	O	O	O	O	O	O	_	_	_	_	_	_
mort	O	O	O	O	O	O	_	_	NoSpaceAfter	_	_	_
.	O	O	O	O	O	O	_	_	EndOfLine	EndOfSentence	_	_
# segment_iiif_link = https://impresso-project.ch/api/proxy/iiif/GDL-1946-06-17-a-p0006/3500,4513,359,55/full/0/default.jpg
Des	O	O	O	O	O	O	_	_	_	_	_	_
arrestations	O	O	O	O	O	O	_	_	EndOfLine	_	_	_
# segment_iiif_link = https://impresso-project.ch/api/proxy/iiif/GDL-1946-06-17-a-p0006/3731,4565,285,55/full/0/default.jpg
Bangkok	O	O	O	O	O	O	_	_	NoSpaceAfter	_	_	_
,	O	O	O	O	O	O	_	_	_	_	_	_
16	O	O	O	O	O	O	_	_	_	_	_	_
juin	O	O	O	O	O	O	_	_	NoSpaceAfter	_	_	_
.	O	O	O	O	O	O	_	_	EndOfLine	EndOfSentence	_	_
# segment_iiif_link = https://impresso-project.ch/api/proxy/iiif/GDL-1946-06-17-a-p0006/3335,4599,717,55/full/0/default.jpg
(	O	O	O	O	O	O	_	_	NoSpaceAfter	_	_	_
Reuter	B-org	O	B-org.ent.pressagency.Reuters	O	O	O	Q130879	_	NoSpaceAfter	_	LED0.00	_
.	O	O	O	O	O	O	_	_	NoSpaceAfter	_	_	_
)	O	O	O	O	O	O	_	_	_	_	_	_
—	O	O	O	O	O	O	_	_	_	_	_	_
Plusieurs	O	O	O	O	O	O	_	_	_	_	_	_
personnes	O	O	O	O	O	O	_	_	_	_	_	_
ont	O	O	O	O	O	O	_	_	_	_	_	_
été	O	O	O	O	O	O	_	_	EndOfLine	_	_	_
# segment_iiif_link = https://impresso-project.ch/api/proxy/iiif/GDL-1946-06-17-a-p0006/3300,4634,752,55/full/0/default.jpg
arrêtées	O	O	O	O	O	O	_	_	_	_	_	_
afin	O	O	O	O	O	O	_	_	_	_	_	_
d	O	O	O	O	O	O	_	_	NoSpaceAfter	_	_	_
'	O	O	O	O	O	O	_	_	NoSpaceAfter	_	_	_
être	O	O	O	O	O	O	_	_	_	_	_	_
interrogées	O	O	O	O	O	O	_	_	_	_	_	_
à	O	O	O	O	O	O	_	_	_	_	_	_
propos	O	O	O	O	O	O	_	_	_	_	_	_
de	O	O	O	O	O	O	_	_	EndOfLine	_	_	_
# segment_iiif_link = https://impresso-project.ch/api/proxy/iiif/GDL-1946-06-17-a-p0006/3300,4668,754,55/full/0/default.jpg
l	O	O	O	O	O	O	_	_	NoSpaceAfter	_	_	_
'	O	O	O	O	O	O	_	_	NoSpaceAfter	_	_	_
enquête	O	O	O	O	O	O	_	_	_	_	_	_
ouverte	O	O	O	O	O	O	_	_	_	_	_	_
par	O	O	O	O	O	O	_	_	_	_	_	_
la	O	O	O	O	O	O	_	_	_	_	_	_
police	O	O	O	O	O	O	_	_	_	_	_	_
sur	O	O	O	O	O	O	_	_	_	_	_	_
les	O	O	O	O	O	O	_	_	_	_	_	_
causes	O	O	O	O	O	O	_	_	EndOfLine	_	_	_
# segment_iiif_link = https://impresso-project.ch/api/proxy/iiif/GDL-1946-06-17-a-p0006/3300,4701,752,55/full/0/default.jpg
de	O	O	O	O	O	O	_	_	_	_	_	_
la	O	O	O	O	O	O	_	_	_	_	_	_
mort	O	O	O	O	O	O	_	_	_	_	_	_
du	O	O	O	O	O	O	_	_	_	_	_	_
roi	O	O	O	O	O	O	_	_	_	_	_	_
Mahidol	O	O	O	O	O	O	_	_	NoSpaceAfter	_	_	_
,	O	O	O	O	O	O	_	_	_	_	_	_
trouvé	O	O	O	O	O	O	_	_	_	_	_	_
mort	O	O	O	O	O	O	_	_	_	_	_	_
la	O	O	O	O	O	O	_	_	EndOfLine	_	_	_
# segment_iiif_link = https://impresso-project.ch/api/proxy/iiif/GDL-1946-06-17-a-p0006/3300,4736,752,55/full/0/default.jpg
semaine	O	O	O	O	O	O	_	_	_	_	_	_
dernière	O	O	O	O	O	O	_	_	NoSpaceAfter	_	_	_
,	O	O	O	O	O	O	_	_	_	_	_	_
la	O	O	O	O	O	O	_	_	_	_	_	_
tête	O	O	O	O	O	O	_	_	_	_	_	_
trouée	O	O	O	O	O	O	_	_	_	_	_	_
d	O	O	O	O	O	O	_	_	NoSpaceAfter	_	_	_
'	O	O	O	O	O	O	_	_	NoSpaceAfter	_	_	_
une	O	O	O	O	O	O	_	_	_	_	_	_
balle	O	O	O	O	O	O	_	_	NoSpaceAfter	_	_	_
.	O	O	O	O	O	O	_	_	EndOfLine	EndOfSentence	_	_
# segment_iiif_link = https://impresso-project.ch/api/proxy/iiif/GDL-1946-06-17-a-p0006/3300,4770,752,55/full/0/default.jpg
La	O	O	O	O	O	O	_	_	_	_	_	_
police	O	O	O	O	O	O	_	_	_	_	_	_
et	O	O	O	O	O	O	_	_	_	_	_	_
les	O	O	O	O	O	O	_	_	_	_	_	_
experts	O	O	O	O	O	O	_	_	_	_	_	_
légistes	O	O	O	O	O	O	_	_	_	_	_	_
avaient	O	O	O	O	O	O	_	_	_	_	_	_
déclaré	O	O	O	O	O	O	_	_	EndOfLine	_	_	_
# segment_iiif_link = https://impresso-project.ch/api/proxy/iiif/GDL-1946-06-17-a-p0006/3300,4803,752,55/full/0/default.jpg
jusqu	O	O	O	O	O	O	_	_	NoSpaceAfter	_	_	_
'	O	O	O	O	O	O	_	_	NoSpaceAfter	_	_	_
ici	O	O	O	O	O	O	_	_	_	_	_	_
que	O	O	O	O	O	O	_	_	_	_	_	_
la	O	O	O	O	O	O	_	_	_	_	_	_
mort	O	O	O	O	O	O	_	_	_	_	_	_
était	O	O	O	O	O	O	_	_	_	_	_	_
due	O	O	O	O	O	O	_	_	_	_	_	_
à	O	O	O	O	O	O	_	_	_	_	_	_
un	O	O	O	O	O	O	_	_	EndOfLine	_	_	_
# segment_iiif_link = https://impresso-project.ch/api/proxy/iiif/GDL-1946-06-17-a-p0006/3300,4838,73,55/full/0/default.jpg
accident	O	O	O	O	O	O	_	_	NoSpaceAfter	_	_	_
.	O	O	O	O	O	O	_	_	EndOfLine	EndOfSentence	_	_

# language = fr
# newspaper = GDL
# date = 1976-11-27
# document_id = GDL-1976-11-27-a-i0049
# news-agency-as-source = Q430109
# segment_iiif_link = https://impresso-project.ch/api/proxy/iiif/GDL-1976-11-27-a-p0006/2813,3926,574,68/full/0/default.jpg
Exposition	O	O	O	O	O	O	_	_	_	_	_	_
internationale	O	O	O	O	O	O	_	_	EndOfLine	_	_	_
# segment_iiif_link = https://impresso-project.ch/api/proxy/iiif/GDL-1976-11-27-a-p0006/2811,3979,669,68/full/0/default.jpg
de	O	O	O	O	O	O	_	_	_	_	_	_
peinture	O	O	O	O	O	O	_	_	_	_	_	_
naïve	O	O	O	O	O	O	_	_	_	_	_	_
à	O	O	O	O	O	O	_	_	_	_	_	_
Morges	O	O	O	O	O	O	_	_	EndOfLine	_	_	_
# segment_iiif_link = https://impresso-project.ch/api/proxy/iiif/GDL-1976-11-27-a-p0006/2845,4042,787,55/full/0/default.jpg
Morges	O	O	O	O	O	O	_	_	NoSpaceAfter	_	_	_
.	O	O	O	O	O	O	_	_	_	EndOfSentence	_	_
—	O	O	O	O	O	O	_	_	_	_	_	_
Une	O	O	O	O	O	O	_	_	_	_	_	_
exposition	O	O	O	O	O	O	_	_	_	_	_	_
intitulée	O	O	O	O	O	O	_	_	_	_	_	_
«	O	O	O	O	O	O	_	_	_	_	_	_
Spécial	O	O	O	O	O	O	_	_	EndOfLine	_	_	_
# segment_iiif_link = https://impresso-project.ch/api/proxy/iiif/GDL-1976-11-27-a-p0006/2808,4076,824,57/full/0/default.jpg
Noël	O	O	O	O	O	O	_	_	_	_	_	_
de	O	O	O	O	O	O	_	_	_	_	_	_
la	O	O	O	O	O	O	_	_	_	_	_	_
peinture	O	O	O	O	O	O	_	_	_	_	_	_
naïve	O	O	O	O	O	O	_	_	_	_	_	_
»	O	O	O	O	O	O	_	_	_	_	_	_
s	O	O	O	O	O	O	_	_	NoSpaceAfter	_	_	_
'	O	O	O	O	O	O	_	_	NoSpaceAfter	_	_	_
ouvre	O	O	O	O	O	O	_	_	_	_	_	_
samedi	O	O	O	O	O	O	_	_	_	_	_	_
à	O	O	O	O	O	O	_	_	_	_	_	_
la	O	O	O	O	O	O	_	_	EndOfLine	_	_	_
# segment_iiif_link = https://impresso-project.ch/api/proxy/iiif/GDL-1976-11-27-a-p0006/2808,4111,824,57/full/0/default.jpg
Galerie	O	O	O	O	O	O	_	_	_	_	_	_
Pro	O	O	O	O	O	O	_	_	_	_	_	_
Arte	O	O	O	O	O	O	_	_	NoSpaceAfter	_	_	_
,	O	O	O	O	O	O	_	_	_	_	_	_
à	O	O	O	O	O	O	_	_	_	_	_	_
Morges	O	O	O	O	O	O	_	_	NoSpaceAfter	_	_	_
,	O	O	O	O	O	O	_	_	_	_	_	_
où	O	O	O	O	O	O	_	_	_	_	_	_
elle	O	O	O	O	O	O	_	_	_	_	_	_
sera	O	O	O	O	O	O	_	_	_	_	_	_
visible	O	O	O	O	O	O	_	_	EndOfLine	_	_	_
# segment_iiif_link = https://impresso-project.ch/api/proxy/iiif/GDL-1976-11-27-a-p0006/2808,4145,824,57/full/0/default.jpg
jusqu	O	O	O	O	O	O	_	_	NoSpaceAfter	_	_	_
'	O	O	O	O	O	O	_	_	NoSpaceAfter	_	_	_
au	O	O	O	O	O	O	_	_	_	_	_	_
23	O	O	O	O	O	O	_	_	_	_	_	_
décembre	O	O	O	O	O	O	_	_	NoSpaceAfter	_	_	_
.	O	O	O	O	O	O	_	_	_	EndOfSentence	_	_
Vingt	O	O	O	O	O	O	_	_	NoSpaceAfter	_	_	_
-	O	O	O	O	O	O	_	_	NoSpaceAfter	_	_	_
cinq	O	O	O	O	O	O	_	_	_	_	_	_
des	O	O	O	O	O	O	_	_	_	_	_	_
meilleurs	O	O	O	O	O	O	_	_	EndOfLine	_	_	_
# segment_iiif_link = https://impresso-project.ch/api/proxy/iiif/GDL-1976-11-27-a-p0006/2808,4182,824,55/full/0/default.jpg
peintres	O	O	O	O	O	O	_	_	_	_	_	_
naïfs	O	O	O	O	O	O	_	_	_	_	_	_
d	O	O	O	O	O	O	_	_	NoSpaceAfter	_	_	_
'	O	O	O	O	O	O	_	_	NoSpaceAfter	_	_	_
aujourd	O	O	O	O	O	O	_	_	NoSpaceAfter	_	_	_
'	O	O	O	O	O	O	_	_	NoSpaceAfter	_	_	_
hui	O	O	O	O	O	O	_	_	_	_	_	_
y	O	O	O	O	O	O	_	_	_	_	_	_
participent	O	O	O	O	O	O	_	_	NoSpaceAfter	_	_	_
.	O	O	O	O	O	O	_	_	_	EndOfSentence	_	_
On	O	O	O	O	O	O	_	_	_	_	_	_
a	O	O	O	O	O	O	_	_	EndOfLine	_	_	_
# segment_iiif_link = https://impresso-project.ch/api/proxy/iiif/GDL-1976-11-27-a-p0006/2808,4217,824,55/full/0/default.jpg
demandé	O	O	O	O	O	O	_	_	_	_	_	_
à	O	O	O	O	O	O	_	_	_	_	_	_
ces	O	O	O	O	O	O	_	_	_	_	_	_
artistes	O	O	O	O	O	O	_	_	_	_	_	_
de	O	O	O	O	O	O	_	_	_	_	_	_
renom	O	O	O	O	O	O	_	_	_	_	_	_
international	O	O	O	O	O	O	_	_	NoSpaceAfter	_	_	_
,	O	O	O	O	O	O	_	_	EndOfLine	_	_	_
# segment_iiif_link = https://impresso-project.ch/api/proxy/iiif/GDL-1976-11-27-a-p0006/2808,4252,826,55/full/0/default.jpg
membres	O	O	O	O	O	O	_	_	_	_	_	_
du	O	O	O	O	O	O	_	_	_	_	_	_
<	O	O	O	O	O	O	_	_	_	_	_	_
Groupe	O	O	O	O	O	O	_	_	_	_	_	_
Henri	O	O	O	O	O	O	_	_	_	_	_	_
Rousseau	O	O	O	O	O	O	_	_	_	_	_	_
»	O	O	O	O	O	O	_	_	_	_	_	_
(	O	O	O	O	O	O	_	_	NoSpaceAfter	_	_	_
le	O	O	O	O	O	O	_	_	EndOfLine	_	_	_
# segment_iiif_link = https://impresso-project.ch/api/proxy/iiif/GDL-1976-11-27-a-p0006/2808,4286,826,57/full/0/default.jpg
douanier	O	O	O	O	O	O	_	_	_	_	_	_
Rousseau	O	O	O	O	O	O	_	_	NoSpaceAfter	_	_	_
)	O	O	O	O	O	O	_	_	NoSpaceAfter	_	_	_
,	O	O	O	O	O	O	_	_	_	_	_	_
de	O	O	O	O	O	O	_	_	_	_	_	_
réaliser	O	O	O	O	O	O	_	_	_	_	_	_
une	O	O	O	O	O	O	_	_	_	_	_	_
œuvre	O	O	O	O	O	O	_	_	EndOfLine	_	_	_
# segment_iiif_link = https://impresso-project.ch/api/proxy/iiif/GDL-1976-11-27-a-p0006/2811,4321,821,57/full/0/default.jpg
particulière	O	O	O	O	O	O	_	_	_	_	_	_
sur	O	O	O	O	O	O	_	_	_	_	_	_
un	O	O	O	O	O	O	_	_	_	_	_	_
sujet	O	O	O	O	O	O	_	_	_	_	_	_
donné	O	O	O	O	O	O	_	_	_	_	_	_
:	O	O	O	O	O	O	_	_	_	_	_	_
le	O	O	O	O	O	O	_	_	_	_	_	_
passage	O	O	O	O	O	O	_	_	_	_	_	_
des	O	O	O	O	O	O	_	_	_	_	_	_
Alpes	O	O	O	O	O	O	_	_	EndOfLine	_	_	_
# segment_iiif_link = https://impresso-project.ch/api/proxy/iiif/GDL-1976-11-27-a-p0006/2811,4355,821,57/full/0/default.jpg
par	O	O	O	O	O	O	_	_	_	_	_	_
Hannibal	O	O	O	O	O	O	_	_	NoSpaceAfter	_	_	_
,	O	O	O	O	O	O	_	_	_	_	_	_
châteaux	O	O	O	O	O	O	_	_	_	_	_	_
et	O	O	O	O	O	O	_	_	_	_	_	_
cathédrales	O	O	O	O	O	O	_	_	NoSpaceAfter	_	_	_
,	O	O	O	O	O	O	_	_	_	_	_	_
le	O	O	O	O	O	O	_	_	EndOfLine	_	_	_
# segment_iiif_link = https://impresso-project.ch/api/proxy/iiif/GDL-1976-11-27-a-p0006/2811,4392,821,55/full/0/default.jpg
paradis	O	O	O	O	O	O	_	_	_	_	_	_
et	O	O	O	O	O	O	_	_	_	_	_	_
la	O	O	O	O	O	O	_	_	_	_	_	_
façon	O	O	O	O	O	O	_	_	_	_	_	_
de	O	O	O	O	O	O	_	_	_	_	_	_
le	O	O	O	O	O	O	_	_	_	_	_	_
concevoir	O	O	O	O	O	O	_	_	NoSpaceAfter	_	_	_
.	O	O	O	O	O	O	_	_	_	EndOfSentence	_	_
De	O	O	O	O	O	O	_	_	_	_	_	_
remarquables	O	O	O	O	O	O	_	_	EndOfLine	_	_	_
# segment_iiif_link = https://impresso-project.ch/api/proxy/iiif/GDL-1976-11-27-a-p0006/2811,4427,821,55/full/0/default.jpg
peintures	O	O	O	O	O	O	_	_	_	_	_	_
sont	O	O	O	O	O	O	_	_	_	_	_	_
parvenues	O	O	O	O	O	O	_	_	_	_	_	_
à	O	O	O	O	O	O	_	_	_	_	_	_
Morges	O	O	O	O	O	O	_	_	_	_	_	_
des	O	O	O	O	O	O	_	_	_	_	_	_
quatre	O	O	O	O	O	O	_	_	EndOfLine	_	_	_
# segment_iiif_link = https://impresso-project.ch/api/proxy/iiif/GDL-1976-11-27-a-p0006/2811,4462,822,55/full/0/default.jpg
coins	O	O	O	O	O	O	_	_	_	_	_	_
de	O	O	O	O	O	O	_	_	_	_	_	_
l	O	O	O	O	O	O	_	_	NoSpaceAfter	_	_	_
'	O	O	O	O	O	O	_	_	NoSpaceAfter	_	_	_
Europe	O	O	O	O	O	O	_	_	NoSpaceAfter	_	_	_
,	O	O	O	O	O	O	_	_	_	_	_	_
notamment	O	O	O	O	O	O	_	_	_	_	_	_
de	O	O	O	O	O	O	_	_	_	_	_	_
France	O	O	O	O	O	O	_	_	NoSpaceAfter	_	_	_
,	O	O	O	O	O	O	_	_	EndOfLine	_	_	_
# segment_iiif_link = https://impresso-project.ch/api/proxy/iiif/GDL-1976-11-27-a-p0006/2811,4496,821,57/full/0/default.jpg
d	O	O	O	O	O	O	_	_	NoSpaceAfter	_	_	_
'	O	O	O	O	O	O	_	_	NoSpaceAfter	_	_	_
Italie	O	O	O	O	O	O	_	_	NoSpaceAfter	_	_	_
,	O	O	O	O	O	O	_	_	_	_	_	_
d	O	O	O	O	O	O	_	_	NoSpaceAfter	_	_	_
'	O	O	O	O	O	O	_	_	NoSpaceAfter	_	_	_
Allemagne	O	O	O	O	O	O	_	_	NoSpaceAfter	_	_	_
,	O	O	O	O	O	O	_	_	_	_	_	_
de	O	O	O	O	O	O	_	_	_	_	_	_
Belgique	O	O	O	O	O	O	_	_	NoSpaceAfter	_	_	_
,	O	O	O	O	O	O	_	_	_	_	_	_
de	O	O	O	O	O	O	_	_	_	_	_	_
Pologne	O	O	O	O	O	O	_	_	NoSpaceAfter	_	_	_
,	O	O	O	O	O	O	_	_	_	_	_	_
de	O	O	O	O	O	O	_	_	EndOfLine	_	_	_
# segment_iiif_link = https://impresso-project.ch/api/proxy/iiif/GDL-1976-11-27-a-p0006/2811,4531,771,57/full/0/default.jpg
Hongrie	O	O	O	O	O	O	_	_	NoSpaceAfter	_	_	_
,	O	O	O	O	O	O	_	_	_	_	_	_
de	O	O	O	O	O	O	_	_	_	_	_	_
Yougoslavie	O	O	O	O	O	O	_	_	_	_	_	_
et	O	O	O	O	O	O	_	_	_	_	_	_
de	O	O	O	O	O	O	_	_	_	_	_	_
Suisse	O	O	O	O	O	O	_	_	NoSpaceAfter	_	_	_
.	O	O	O	O	O	O	_	_	_	EndOfSentence	_	_
(	O	O	O	O	O	O	_	_	NoSpaceAfter	_	_	_
ATS	B-org	O	B-org.ent.pressagency.ATS-SDA	O	O	O	Q430109	_	NoSpaceAfter	_	LED0.00	_
)	O	O	O	O	O	O	_	_	EndOfLine	EndOfSentence	_	_

# language = fr
# newspaper = GDL
# date = 1977-12-27
# document_id = GDL-1977-12-27-a-i0023
# news-agency-as-source = Q430109
# segment_iiif_link = https://impresso-project.ch/api/proxy/iiif/GDL-1977-12-27-a-p0003/925,1820,807,72/full/0/default.jpg
Rencontre	O	O	O	O	O	O	_	_	_	_	_	_
internationale	O	O	O	O	O	O	_	_	_	_	_	_
d	O	O	O	O	O	O	_	_	NoSpaceAfter	_	_	_
'	O	O	O	O	O	O	_	_	NoSpaceAfter	_	_	_
avions	O	O	O	O	O	O	_	_	EndOfLine	_	_	_
# segment_iiif_link = https://impresso-project.ch/api/proxy/iiif/GDL-1977-12-27-a-p0003/925,1872,671,72/full/0/default.jpg
anciens	O	O	O	O	O	O	_	_	_	_	_	_
l	O	O	O	O	O	O	_	_	NoSpaceAfter	_	_	_
'	O	O	O	O	O	O	_	_	NoSpaceAfter	_	_	_
an	O	O	O	O	O	O	_	_	_	_	_	_
prochain	O	O	O	O	O	O	_	_	_	_	_	_
à	O	O	O	O	O	O	_	_	_	_	_	_
Bex	O	O	O	O	O	O	_	_	EndOfLine	_	_	_
# segment_iiif_link = https://impresso-project.ch/api/proxy/iiif/GDL-1977-12-27-a-p0003/960,1932,805,60/full/0/default.jpg
Organisé	O	O	O	O	O	O	_	_	_	_	_	_
par	O	O	O	O	O	O	_	_	_	_	_	_
le	O	O	O	O	O	O	_	_	_	_	_	_
groupe	O	O	O	O	O	O	_	_	_	_	_	_
de	O	O	O	O	O	O	_	_	_	_	_	_
vol	O	O	O	O	O	O	_	_	_	_	_	_
à	O	O	O	O	O	O	_	_	_	_	_	_
moteur	O	O	O	O	O	O	_	_	_	_	_	_
du	O	O	O	O	O	O	_	_	EndOfLine	_	_	_
# segment_iiif_link = https://impresso-project.ch/api/proxy/iiif/GDL-1977-12-27-a-p0003/925,1972,839,60/full/0/default.jpg
Chablais	O	O	O	O	O	O	_	_	NoSpaceAfter	_	_	_
,	O	O	O	O	O	O	_	_	_	_	_	_
le	O	O	O	O	O	O	_	_	_	_	_	_
5	O	O	O	O	O	O	_	_	_	_	_	_
e	O	O	O	O	O	O	_	_	_	_	_	_
meeting	O	O	O	O	O	O	_	_	_	_	_	_
aérien	O	O	O	O	O	O	_	_	_	_	_	_
de	O	O	O	O	O	O	_	_	_	_	_	_
Bex	O	O	O	O	O	O	_	_	_	_	_	_
se	O	O	O	O	O	O	_	_	_	_	_	_
déroulera	O	O	O	O	O	O	_	_	EndOfLine	_	_	_
# segment_iiif_link = https://impresso-project.ch/api/proxy/iiif/GDL-1977-12-27-a-p0003/923,2011,841,60/full/0/default.jpg
du	O	O	O	O	O	O	_	_	_	_	_	_
15	O	O	O	O	O	O	_	_	_	_	_	_
au	O	O	O	O	O	O	_	_	_	_	_	_
20	O	O	O	O	O	O	_	_	_	_	_	_
août	O	O	O	O	O	O	_	_	_	_	_	_
1978	O	O	O	O	O	O	_	_	NoSpaceAfter	_	_	_
,	O	O	O	O	O	O	_	_	_	_	_	_
sur	O	O	O	O	O	O	_	_	_	_	_	_
l	O	O	O	O	O	O	_	_	NoSpaceAfter	_	_	_
'	O	O	O	O	O	O	_	_	NoSpaceAfter	_	_	_
aérodrome	O	O	O	O	O	O	_	_	_	_	_	_
des	O	O	O	O	O	O	_	_	EndOfLine	_	_	_
# segment_iiif_link = https://impresso-project.ch/api/proxy/iiif/GDL-1977-12-27-a-p0003/923,2049,841,60/full/0/default.jpg
Placettes	O	O	O	O	O	O	_	_	NoSpaceAfter	_	_	_
,	O	O	O	O	O	O	_	_	_	_	_	_
à	O	O	O	O	O	O	_	_	_	_	_	_
Bex	O	O	O	O	O	O	_	_	NoSpaceAfter	_	_	_
,	O	O	O	O	O	O	_	_	_	_	_	_
et	O	O	O	O	O	O	_	_	_	_	_	_
prendra	O	O	O	O	O	O	_	_	_	_	_	_
la	O	O	O	O	O	O	_	_	_	_	_	_
forme	O	O	O	O	O	O	_	_	_	_	_	_
d	O	O	O	O	O	O	_	_	NoSpaceAfter	_	_	_
'	O	O	O	O	O	O	_	_	NoSpaceAfter	_	_	_
une	O	O	O	O	O	O	_	_	_	_	_	_
rencontre	O	O	O	O	O	O	_	_	EndOfLine	_	_	_
# segment_iiif_link = https://impresso-project.ch/api/proxy/iiif/GDL-1977-12-27-a-p0003/923,2088,843,60/full/0/default.jpg
internationale	O	O	O	O	O	O	_	_	_	_	_	_
d	O	O	O	O	O	O	_	_	NoSpaceAfter	_	_	_
'	O	O	O	O	O	O	_	_	NoSpaceAfter	_	_	_
avions	O	O	O	O	O	O	_	_	_	_	_	_
anciens	O	O	O	O	O	O	_	_	NoSpaceAfter	_	_	_
,	O	O	O	O	O	O	_	_	_	_	_	_
avec	O	O	O	O	O	O	_	_	_	_	_	_
la	O	O	O	O	O	O	_	_	EndOfLine	_	_	_
# segment_iiif_link = https://impresso-project.ch/api/proxy/iiif/GDL-1977-12-27-a-p0003/923,2128,843,60/full/0/default.jpg
participation	O	O	O	O	O	O	_	_	_	_	_	_
de	O	O	O	O	O	O	_	_	_	_	_	_
la	O	O	O	O	O	O	_	_	_	_	_	_
«	O	O	O	O	O	O	_	_	_	_	_	_
Royal	O	O	O	O	O	O	_	_	_	_	_	_
Air	O	O	O	O	O	O	_	_	_	_	_	_
Forces	O	O	O	O	O	O	_	_	_	_	_	_
Association	O	O	O	O	O	O	_	_	_	_	_	_
»	O	O	O	O	O	O	_	_	NoSpaceAfter	_	_	_
.	O	O	O	O	O	O	_	_	_	EndOfSentence	_	_
Les	O	O	O	O	O	O	_	_	EndOfLine	_	_	_
# segment_iiif_link = https://impresso-project.ch/api/proxy/iiif/GDL-1977-12-27-a-p0003/923,2168,842,60/full/0/default.jpg
propriétaires	O	O	O	O	O	O	_	_	_	_	_	_
de	O	O	O	O	O	O	_	_	_	_	_	_
«	O	O	O	O	O	O	_	_	_	_	_	_
vieux	O	O	O	O	O	O	_	_	_	_	_	_
coucous	O	O	O	O	O	O	_	_	_	_	_	_
»	O	O	O	O	O	O	_	_	NoSpaceAfter	_	_	_
-	O	O	O	O	O	O	_	_	NoSpaceAfter	_	_	_
fanatiques	O	O	O	O	O	O	_	_	EndOfLine	_	_	_
# segment_iiif_link = https://impresso-project.ch/api/proxy/iiif/GDL-1977-12-27-a-p0003/923,2205,841,60/full/0/default.jpg
comme	O	O	O	O	O	O	_	_	_	_	_	_
peuvent	O	O	O	O	O	O	_	_	_	_	_	_
l	O	O	O	O	O	O	_	_	NoSpaceAfter	_	_	_
'	O	O	O	O	O	O	_	_	NoSpaceAfter	_	_	_
être	O	O	O	O	O	O	_	_	_	_	_	_
les	O	O	O	O	O	O	_	_	_	_	_	_
automobilistes	O	O	O	O	O	O	_	_	EndOfLine	_	_	_
# segment_iiif_link = https://impresso-project.ch/api/proxy/iiif/GDL-1977-12-27-a-p0003/921,2245,846,60/full/0/default.jpg
conducteurs	O	O	O	O	O	O	_	_	_	_	_	_
de	O	O	O	O	O	O	_	_	_	_	_	_
«	O	O	O	O	O	O	_	_	_	_	_	_
vieux	O	O	O	O	O	O	_	_	_	_	_	_
tacots	O	O	O	O	O	O	_	_	_	_	_	_
»	O	O	O	O	O	O	_	_	_	_	_	_
de	O	O	O	O	O	O	_	_	_	_	_	_
la	O	O	O	O	O	O	_	_	_	_	_	_
«	O	O	O	O	O	O	_	_	_	_	_	_
Belle	O	O	O	O	O	O	_	_	_	_	_	_
époque	O	O	O	O	O	O	_	_	_	_	_	_
»	O	O	O	O	O	O	_	_	EndOfLine|NoSpaceAfter	_	_	_
# segment_iiif_link = https://impresso-project.ch/api/proxy/iiif/GDL-1977-12-27-a-p0003/923,2284,666,60/full/0/default.jpg
participeront	O	O	O	O	O	O	_	_	_	_	_	_
à	O	O	O	O	O	O	_	_	_	_	_	_
un	O	O	O	O	O	O	_	_	_	_	_	_
concours	O	O	O	O	O	O	_	_	_	_	_	_
d	O	O	O	O	O	O	_	_	NoSpaceAfter	_	_	_
'	O	O	O	O	O	O	_	_	NoSpaceAfter	_	_	_
élégance	O	O	O	O	O	O	_	_	NoSpaceAfter	_	_	_
.	O	O	O	O	O	O	_	_	EndOfLine	EndOfSentence	_	_
# segment_iiif_link = https://impresso-project.ch/api/proxy/iiif/GDL-1977-12-27-a-p0003/958,2326,804,60/full/0/default.jpg
Grande	O	O	O	O	O	O	_	_	_	_	_	_
première	O	O	O	O	O	O	_	_	_	_	_	_
européenne	O	O	O	O	O	O	_	_	NoSpaceAfter	_	_	_
,	O	O	O	O	O	O	_	_	_	_	_	_
cette	O	O	O	O	O	O	_	_	_	_	_	_
rencontre	O	O	O	O	O	O	_	_	EndOfLine	_	_	_
# segment_iiif_link = https://impresso-project.ch/api/proxy/iiif/GDL-1977-12-27-a-p0003/923,2365,842,60/full/0/default.jpg
internationale	O	O	O	O	O	O	_	_	_	_	_	_
prendra	O	O	O	O	O	O	_	_	_	_	_	_
le	O	O	O	O	O	O	_	_	_	_	_	_
nom	O	O	O	O	O	O	_	_	_	_	_	_
de	O	O	O	O	O	O	_	_	_	_	_	_
«	O	O	O	O	O	O	_	_	_	_	_	_
Mémorial	O	O	O	O	O	O	_	_	_	_	_	_
Neil	O	O	O	O	O	O	_	_	EndOfLine	_	_	_
# segment_iiif_link = https://impresso-project.ch/api/proxy/iiif/GDL-1977-12-27-a-p0003/921,2405,843,60/full/0/default.jpg
Williams	O	O	O	O	O	O	_	_	_	_	_	_
»	O	O	O	O	O	O	_	_	NoSpaceAfter	_	_	_
,	O	O	O	O	O	O	_	_	_	_	_	_
en	O	O	O	O	O	O	_	_	_	_	_	_
hommage	O	O	O	O	O	O	_	_	_	_	_	_
au	O	O	O	O	O	O	_	_	_	_	_	_
célèbre	O	O	O	O	O	O	_	_	_	_	_	_
pilote	O	O	O	O	O	O	_	_	EndOfLine	_	_	_
# segment_iiif_link = https://impresso-project.ch/api/proxy/iiif/GDL-1977-12-27-a-p0003/921,2442,842,60/full/0/default.jpg
britannique	O	O	O	O	O	O	_	_	NoSpaceAfter	_	_	_
-	O	O	O	O	O	O	_	_	NoSpaceAfter	_	_	_
un	O	O	O	O	O	O	_	_	_	_	_	_
fidèle	O	O	O	O	O	O	_	_	_	_	_	_
des	O	O	O	O	O	O	_	_	_	_	_	_
meetings	O	O	O	O	O	O	_	_	_	_	_	_
de	O	O	O	O	O	O	_	_	_	_	_	_
Bex	O	O	O	O	O	O	_	_	NoSpaceAfter	_	_	_
-	O	O	O	O	O	O	_	_	NoSpaceAfter	_	_	_
qui	O	O	O	O	O	O	_	_	_	_	_	_
s	O	O	O	O	O	O	_	_	NoSpaceAfter	_	_	_
'	O	O	O	O	O	O	_	_	NoSpaceAfter	_	_	_
est	O	O	O	O	O	O	_	_	EndOfLine	_	_	_
# segment_iiif_link = https://impresso-project.ch/api/proxy/iiif/GDL-1977-12-27-a-p0003/921,2482,842,60/full/0/default.jpg
tué	O	O	O	O	O	O	_	_	_	_	_	_
récemment	O	O	O	O	O	O	_	_	_	_	_	_
aux	O	O	O	O	O	O	_	_	_	_	_	_
commandes	O	O	O	O	O	O	_	_	_	_	_	_
d	O	O	O	O	O	O	_	_	NoSpaceAfter	_	_	_
'	O	O	O	O	O	O	_	_	NoSpaceAfter	_	_	_
un	O	O	O	O	O	O	_	_	_	_	_	_
«	O	O	O	O	O	O	_	_	_	_	_	_
Heinkel	O	O	O	O	O	O	_	_	EndOfLine	_	_	_
# segment_iiif_link = https://impresso-project.ch/api/proxy/iiif/GDL-1977-12-27-a-p0003/923,2522,742,60/full/0/default.jpg
A	O	O	O	O	O	O	_	_	NoSpaceAfter	_	_	_
-	O	O	O	O	O	O	_	_	NoSpaceAfter	_	_	_
111	O	O	O	O	O	O	_	_	_	_	_	_
»	O	O	O	O	O	O	_	_	NoSpaceAfter	_	_	_
,	O	O	O	O	O	O	_	_	_	_	_	_
tandis	O	O	O	O	O	O	_	_	_	_	_	_
qu	O	O	O	O	O	O	_	_	NoSpaceAfter	_	_	_
'	O	O	O	O	O	O	_	_	NoSpaceAfter	_	_	_
il	O	O	O	O	O	O	_	_	_	_	_	_
survolait	O	O	O	O	O	O	_	_	_	_	_	_
l	O	O	O	O	O	O	_	_	NoSpaceAfter	_	_	_
'	O	O	O	O	O	O	_	_	NoSpaceAfter	_	_	_
Espagne	O	O	O	O	O	O	_	_	NoSpaceAfter	_	_	_
.	O	O	O	O	O	O	_	_	_	EndOfSentence	_	_
(	O	O	O	O	O	O	_	_	NoSpaceAfter	_	_	_
ATS	B-org	O	B-org.ent.pressagency.ATS-SDA	O	O	O	Q430109	_	NoSpaceAfter	_	LED0.00	_
)	O	O	O	O	O	O	_	_	EndOfLine	EndOfSentence	_	_

# language = fr
# newspaper = GDL
# date = 1983-06-25
# document_id = GDL-1983-06-25-a-i0104
# news-agency-as-source = Q493845, Q130879, Q430109
# segment_iiif_link = https://impresso-project.ch/api/proxy/iiif/GDL-1983-06-25-a-p0012/792,257,304,80/full/0/default.jpg
POLOGNE	O	O	O	O	O	O	_	_	EndOfLine	_	_	_
# segment_iiif_link = https://impresso-project.ch/api/proxy/iiif/GDL-1983-06-25-a-p0012/790,340,1743,126/full/0/default.jpg
Vers	O	O	O	O	O	O	_	_	_	_	_	_
la	O	O	O	O	O	O	_	_	_	_	_	_
levée	O	O	O	O	O	O	_	_	_	_	_	_
de	O	O	O	O	O	O	_	_	_	_	_	_
la	O	O	O	O	O	O	_	_	_	_	_	_
loi	O	O	O	O	O	O	_	_	_	_	_	_
martiale	O	O	O	O	O	O	_	_	EndOfLine	_	_	_
# segment_iiif_link = https://impresso-project.ch/api/proxy/iiif/GDL-1983-06-25-a-p0012/792,476,1910,53/full/0/default.jpg
Au	O	O	O	O	O	O	_	_	_	_	_	_
Vatican	O	O	O	O	O	O	_	_	_	_	_	_
comme	O	O	O	O	O	O	_	_	_	_	_	_
à	O	O	O	O	O	O	_	_	_	_	_	_
Varsovie	O	O	O	O	O	O	_	_	NoSpaceAfter	_	_	_
,	O	O	O	O	O	O	_	_	_	_	_	_
on	O	O	O	O	O	O	_	_	_	_	_	_
se	O	O	O	O	O	O	_	_	_	_	_	_
félicite	O	O	O	O	O	O	_	_	_	_	_	_
de	O	O	O	O	O	O	_	_	_	_	_	_
la	O	O	O	O	O	O	_	_	_	_	_	_
visite	O	O	O	O	O	O	_	_	_	_	_	_
de	O	O	O	O	O	O	_	_	_	_	_	_
Jean	O	O	O	O	O	O	_	_	_	_	_	_
Paul	O	O	O	O	O	O	_	_	_	_	_	_
II	O	O	O	O	O	O	_	_	_	_	_	_
dans	O	O	O	O	O	O	_	_	_	_	_	_
son	O	O	O	O	O	O	_	_	_	_	_	_
pays	O	O	O	O	O	O	_	_	NoSpaceAfter	_	_	_
.	O	O	O	O	O	O	_	_	EndOfLine	EndOfSentence	_	_
# segment_iiif_link = https://impresso-project.ch/api/proxy/iiif/GDL-1983-06-25-a-p0012/794,522,791,53/full/0/default.jpg
Le	O	O	O	O	O	O	_	_	_	_	_	_
rôle	O	O	O	O	O	O	_	_	_	_	_	_
de	O	O	O	O	O	O	_	_	_	_	_	_
l	O	O	O	O	O	O	_	_	NoSpaceAfter	_	_	_
'	O	O	O	O	O	O	_	_	NoSpaceAfter	_	_	_
Eglise	O	O	O	O	O	O	_	_	_	_	_	_
s	O	O	O	O	O	O	_	_	NoSpaceAfter	_	_	_
'	O	O	O	O	O	O	_	_	NoSpaceAfter	_	_	_
en	O	O	O	O	O	O	_	_	_	_	_	_
trouve	O	O	O	O	O	O	_	_	_	_	_	_
accru	O	O	O	O	O	O	_	_	EndOfLine	_	_	_
# segment_iiif_link = https://impresso-project.ch/api/proxy/iiif/GDL-1983-06-25-a-p0012/825,582,590,51/full/0/default.jpg
Cité	O	O	O	O	O	O	_	_	_	_	_	_
du	O	O	O	O	O	O	_	_	_	_	_	_
Vatican	O	O	O	O	O	O	_	_	NoSpaceAfter	_	_	_
,	O	O	O	O	O	O	_	_	_	_	_	_
24	O	O	O	O	O	O	_	_	NoSpaceAfter	_	_	_
.	O	O	O	O	O	O	_	_	_	EndOfSentence	_	_
(	O	O	O	O	O	O	_	_	NoSpaceAfter	_	_	_
ATS	B-org	O	B-org.ent.pressagency.ATS-SDA	O	O	O	Q430109	_	_	_	LED0.00	_
/	O	O	O	O	O	O	_	_	_	_	_	_
Rcuter	O	O	O	O	O	O	Q130879	_	NoSpaceAfter	_	Transcript:Reuter|LED0.17	_
)	O	O	O	O	O	O	_	_	NoSpaceAfter	_	_	_
.	O	O	O	O	O	O	_	_	NoSpaceAfter	EndOfSentence	_	_
-	O	O	O	O	O	O	_	_	NoSpaceAfter	_	_	_
La	O	O	O	O	O	O	_	_	EndOfLine	_	_	_
# segment_iiif_link = https://impresso-project.ch/api/proxy/iiif/GDL-1983-06-25-a-p0012/792,615,629,53/full/0/default.jpg
visite	O	O	O	O	O	O	_	_	_	_	_	_
couronnée	O	O	O	O	O	O	_	_	_	_	_	_
de	O	O	O	O	O	O	_	_	_	_	_	_
succès	O	O	O	O	O	O	_	_	_	_	_	_
qu	O	O	O	O	O	O	_	_	NoSpaceAfter	_	_	_
'	O	O	O	O	O	O	_	_	NoSpaceAfter	_	_	_
a	O	O	O	O	O	O	_	_	_	_	_	_
effectué	O	O	O	O	O	O	_	_	_	_	_	_
Jean	O	O	O	O	O	O	_	_	EndOfLine	_	_	_
# segment_iiif_link = https://impresso-project.ch/api/proxy/iiif/GDL-1983-06-25-a-p0012/792,651,631,51/full/0/default.jpg
Paul	O	O	O	O	O	O	_	_	_	_	_	_
II	O	O	O	O	O	O	_	_	_	_	_	_
en	O	O	O	O	O	O	_	_	_	_	_	_
Pologne	O	O	O	O	O	O	_	_	_	_	_	_
pourrait	O	O	O	O	O	O	_	_	_	_	_	_
inciter	O	O	O	O	O	O	_	_	_	_	_	_
d	O	O	O	O	O	O	_	_	NoSpaceAfter	_	_	_
'	O	O	O	O	O	O	_	_	NoSpaceAfter	_	_	_
ici	O	O	O	O	O	O	_	_	_	_	_	_
peu	O	O	O	O	O	O	_	_	EndOfLine	_	_	_
# segment_iiif_link = https://impresso-project.ch/api/proxy/iiif/GDL-1983-06-25-a-p0012/790,684,624,51/full/0/default.jpg
les	O	O	O	O	O	O	_	_	_	_	_	_
autorités	O	O	O	O	O	O	_	_	_	_	_	_
de	O	O	O	O	O	O	_	_	_	_	_	_
Varsovie	O	O	O	O	O	O	_	_	_	_	_	_
à	O	O	O	O	O	O	_	_	_	_	_	_
des	O	O	O	O	O	O	_	_	_	_	_	_
concessions	O	O	O	O	O	O	_	_	NoSpaceAfter	_	_	_
,	O	O	O	O	O	O	_	_	EndOfLine	_	_	_
# segment_iiif_link = https://impresso-project.ch/api/proxy/iiif/GDL-1983-06-25-a-p0012/790,718,625,53/full/0/default.jpg
la	O	O	O	O	O	O	_	_	_	_	_	_
levée	O	O	O	O	O	O	_	_	_	_	_	_
de	O	O	O	O	O	O	_	_	_	_	_	_
la	O	O	O	O	O	O	_	_	_	_	_	_
loi	O	O	O	O	O	O	_	_	_	_	_	_
martiale	O	O	O	O	O	O	_	_	_	_	_	_
entre	O	O	O	O	O	O	_	_	_	_	_	_
autres	O	O	O	O	O	O	_	_	NoSpaceAfter	_	_	_
,	O	O	O	O	O	O	_	_	_	_	_	_
a	O	O	O	O	O	O	_	_	EndOfLine	_	_	_
# segment_iiif_link = https://impresso-project.ch/api/proxy/iiif/GDL-1983-06-25-a-p0012/790,753,625,51/full/0/default.jpg
déclaré	O	O	O	O	O	O	_	_	_	_	_	_
vendredi	O	O	O	O	O	O	_	_	_	_	_	_
un	O	O	O	O	O	O	_	_	_	_	_	_
haut	O	O	O	O	O	O	_	_	_	_	_	_
responsable	O	O	O	O	O	O	_	_	_	_	_	_
du	O	O	O	O	O	O	_	_	EndOfLine	_	_	_
# segment_iiif_link = https://impresso-project.ch/api/proxy/iiif/GDL-1983-06-25-a-p0012/790,786,627,51/full/0/default.jpg
Vatican	O	O	O	O	O	O	_	_	_	_	_	_
qui	O	O	O	O	O	O	_	_	_	_	_	_
accompagnait	O	O	O	O	O	O	_	_	_	_	_	_
le	O	O	O	O	O	O	_	_	_	_	_	_
Pape	O	O	O	O	O	O	_	_	_	_	_	_
en	O	O	O	O	O	O	_	_	EndOfLine	_	_	_
# segment_iiif_link = https://impresso-project.ch/api/proxy/iiif/GDL-1983-06-25-a-p0012/790,820,29,53/full/0/default.jpg
voyage	O	O	O	O	O	O	_	_	NoSpaceAfter	_	_	_
.	O	O	O	O	O	O	_	_	EndOfLine	EndOfSentence	_	_
# segment_iiif_link = https://impresso-project.ch/api/proxy/iiif/GDL-1983-06-25-a-p0012/819,868,595,49/full/0/default.jpg
Dans	O	O	O	O	O	O	_	_	_	_	_	_
une	O	O	O	O	O	O	_	_	_	_	_	_
interview	O	O	O	O	O	O	_	_	_	_	_	_
télévisée	O	O	O	O	O	O	_	_	_	_	_	_
à	O	O	O	O	O	O	_	_	_	_	_	_
la	O	O	O	O	O	O	_	_	_	_	_	_
BBC	O	O	O	O	O	O	_	_	_	_	_	_
(	O	O	O	O	O	O	_	_	NoSpaceAfter	_	_	_
British	O	O	O	O	O	O	_	_	EndOfLine	_	_	_
# segment_iiif_link = https://impresso-project.ch/api/proxy/iiif/GDL-1983-06-25-a-p0012/792,897,623,47/full/0/default.jpg
Bradcasting	O	O	O	O	O	O	_	_	_	_	_	_
Corporation	O	O	O	O	O	O	_	_	NoSpaceAfter	_	_	_
)	O	O	O	O	O	O	_	_	_	_	_	_
donnée	O	O	O	O	O	O	_	_	_	_	_	_
une	O	O	O	O	O	O	_	_	_	_	_	_
heure	O	O	O	O	O	O	_	_	_	_	_	_
après	O	O	O	O	O	O	_	_	EndOfLine	_	_	_
# segment_iiif_link = https://impresso-project.ch/api/proxy/iiif/GDL-1983-06-25-a-p0012/790,924,624,49/full/0/default.jpg
le	O	O	O	O	O	O	_	_	_	_	_	_
départ	O	O	O	O	O	O	_	_	_	_	_	_
du	O	O	O	O	O	O	_	_	_	_	_	_
souverain	O	O	O	O	O	O	_	_	_	_	_	_
pontife	O	O	O	O	O	O	_	_	NoSpaceAfter	_	_	_
,	O	O	O	O	O	O	_	_	_	_	_	_
le	O	O	O	O	O	O	_	_	_	_	_	_
commandant	O	O	O	O	O	O	_	_	EndOfLine	_	_	_
# segment_iiif_link = https://impresso-project.ch/api/proxy/iiif/GDL-1983-06-25-a-p0012/790,953,625,47/full/0/default.jpg
Wieslaw	O	O	O	O	O	O	_	_	_	_	_	_
Gornicki	O	O	O	O	O	O	_	_	_	_	_	_
proche	O	O	O	O	O	O	_	_	_	_	_	_
collaborateur	O	O	O	O	O	O	_	_	_	_	_	_
du	O	O	O	O	O	O	_	_	_	_	_	_
général	O	O	O	O	O	O	_	_	EndOfLine	_	_	_
# segment_iiif_link = https://impresso-project.ch/api/proxy/iiif/GDL-1983-06-25-a-p0012/790,980,624,49/full/0/default.jpg
Jaruzelski	O	O	O	O	O	O	_	_	_	_	_	_
a	O	O	O	O	O	O	_	_	_	_	_	_
déclaré	O	O	O	O	O	O	_	_	_	_	_	_
jeudi	O	O	O	O	O	O	_	_	_	_	_	_
que	O	O	O	O	O	O	_	_	_	_	_	_
la	O	O	O	O	O	O	_	_	_	_	_	_
loi	O	O	O	O	O	O	_	_	_	_	_	_
martiale	O	O	O	O	O	O	_	_	_	_	_	_
en	O	O	O	O	O	O	_	_	EndOfLine	_	_	_
# segment_iiif_link = https://impresso-project.ch/api/proxy/iiif/GDL-1983-06-25-a-p0012/790,1007,624,49/full/0/default.jpg
Pologne	O	O	O	O	O	O	_	_	_	_	_	_
pourrait	O	O	O	O	O	O	_	_	_	_	_	_
être	O	O	O	O	O	O	_	_	_	_	_	_
abolie	O	O	O	O	O	O	_	_	_	_	_	_
le	O	O	O	O	O	O	_	_	_	_	_	_
22	O	O	O	O	O	O	_	_	_	_	_	_
juillet	O	O	O	O	O	O	_	_	NoSpaceAfter	_	_	_
,	O	O	O	O	O	O	_	_	_	_	_	_
et	O	O	O	O	O	O	_	_	_	_	_	_
a	O	O	O	O	O	O	_	_	EndOfLine	_	_	_
# segment_iiif_link = https://impresso-project.ch/api/proxy/iiif/GDL-1983-06-25-a-p0012/790,1036,622,47/full/0/default.jpg
clairement	O	O	O	O	O	O	_	_	_	_	_	_
lié	O	O	O	O	O	O	_	_	_	_	_	_
cette	O	O	O	O	O	O	_	_	_	_	_	_
perspective	O	O	O	O	O	O	_	_	_	_	_	_
à	O	O	O	O	O	O	_	_	_	_	_	_
la	O	O	O	O	O	O	_	_	_	_	_	_
visite	O	O	O	O	O	O	_	_	_	_	_	_
du	O	O	O	O	O	O	_	_	_	_	_	_
Pape	O	O	O	O	O	O	_	_	_	_	_	_
Jean	O	O	O	O	O	O	_	_	EndOfLine	_	_	_
# segment_iiif_link = https://impresso-project.ch/api/proxy/iiif/GDL-1983-06-25-a-p0012/790,1063,624,49/full/0/default.jpg
Paul	O	O	O	O	O	O	_	_	_	_	_	_
II	O	O	O	O	O	O	_	_	_	_	_	_
dans	O	O	O	O	O	O	_	_	_	_	_	_
le	O	O	O	O	O	O	_	_	_	_	_	_
pays	O	O	O	O	O	O	_	_	NoSpaceAfter	_	_	_
.	O	O	O	O	O	O	_	_	_	EndOfSentence	_	_
En	O	O	O	O	O	O	_	_	_	_	_	_
Pologne	O	O	O	O	O	O	_	_	_	_	_	_
même	O	O	O	O	O	O	_	_	NoSpaceAfter	_	_	_
,	O	O	O	O	O	O	_	_	_	_	_	_
le	O	O	O	O	O	O	_	_	_	_	_	_
voyage	O	O	O	O	O	O	_	_	EndOfLine	_	_	_
# segment_iiif_link = https://impresso-project.ch/api/proxy/iiif/GDL-1983-06-25-a-p0012/790,1092,624,47/full/0/default.jpg
pontifical	O	O	O	O	O	O	_	_	_	_	_	_
a	O	O	O	O	O	O	_	_	_	_	_	_
fait	O	O	O	O	O	O	_	_	_	_	_	_
l	O	O	O	O	O	O	_	_	NoSpaceAfter	_	_	_
'	O	O	O	O	O	O	_	_	NoSpaceAfter	_	_	_
objet	O	O	O	O	O	O	_	_	_	_	_	_
vendredi	O	O	O	O	O	O	_	_	_	_	_	_
d	O	O	O	O	O	O	_	_	NoSpaceAfter	_	_	_
'	O	O	O	O	O	O	_	_	NoSpaceAfter	_	_	_
appréciations	O	O	O	O	O	O	_	_	EndOfLine	_	_	_
# segment_iiif_link = https://impresso-project.ch/api/proxy/iiif/GDL-1983-06-25-a-p0012/790,1120,625,49/full/0/default.jpg
favorables	O	O	O	O	O	O	_	_	_	_	_	_
à	O	O	O	O	O	O	_	_	_	_	_	_
la	O	O	O	O	O	O	_	_	_	_	_	_
fois	O	O	O	O	O	O	_	_	_	_	_	_
du	O	O	O	O	O	O	_	_	_	_	_	_
gouvernement	O	O	O	O	O	O	_	_	_	_	_	_
et	O	O	O	O	O	O	_	_	_	_	_	_
du	O	O	O	O	O	O	_	_	EndOfLine	_	_	_
# segment_iiif_link = https://impresso-project.ch/api/proxy/iiif/GDL-1983-06-25-a-p0012/788,1149,627,47/full/0/default.jpg
syndicaliste	O	O	O	O	O	O	_	_	_	_	_	_
Lech	O	O	O	O	O	O	_	_	_	_	_	_
Walcsa	O	O	O	O	O	O	_	_	NoSpaceAfter	_	_	_
,	O	O	O	O	O	O	_	_	_	_	_	_
qui	O	O	O	O	O	O	_	_	_	_	_	_
ont	O	O	O	O	O	O	_	_	_	_	_	_
parlé	O	O	O	O	O	O	_	_	_	_	_	_
d	O	O	O	O	O	O	_	_	NoSpaceAfter	_	_	_
'	O	O	O	O	O	O	_	_	NoSpaceAfter	_	_	_
une	O	O	O	O	O	O	_	_	_	_	_	_
source	O	O	O	O	O	O	_	_	EndOfLine	_	_	_
# segment_iiif_link = https://impresso-project.ch/api/proxy/iiif/GDL-1983-06-25-a-p0012/788,1176,626,49/full/0/default.jpg
d	O	O	O	O	O	O	_	_	NoSpaceAfter	_	_	_
'	O	O	O	O	O	O	_	_	NoSpaceAfter	_	_	_
espoir	O	O	O	O	O	O	_	_	_	_	_	_
pour	O	O	O	O	O	O	_	_	_	_	_	_
l	O	O	O	O	O	O	_	_	NoSpaceAfter	_	_	_
'	O	O	O	O	O	O	_	_	NoSpaceAfter	_	_	_
avenir	O	O	O	O	O	O	_	_	_	_	_	_
national	O	O	O	O	O	O	_	_	_	_	_	_
en	O	O	O	O	O	O	_	_	_	_	_	_
notant	O	O	O	O	O	O	_	_	_	_	_	_
toutefois	O	O	O	O	O	O	_	_	EndOfLine	_	_	_
# segment_iiif_link = https://impresso-project.ch/api/proxy/iiif/GDL-1983-06-25-a-p0012/788,1205,627,47/full/0/default.jpg
qu	O	O	O	O	O	O	_	_	NoSpaceAfter	_	_	_
'	O	O	O	O	O	O	_	_	NoSpaceAfter	_	_	_
il	O	O	O	O	O	O	_	_	_	_	_	_
faudrait	O	O	O	O	O	O	_	_	_	_	_	_
un	O	O	O	O	O	O	_	_	_	_	_	_
certain	O	O	O	O	O	O	_	_	_	_	_	_
temps	O	O	O	O	O	O	_	_	_	_	_	_
pour	O	O	O	O	O	O	_	_	_	_	_	_
apprécier	O	O	O	O	O	O	_	_	_	_	_	_
tous	O	O	O	O	O	O	_	_	EndOfLine	_	_	_
# segment_iiif_link = https://impresso-project.ch/api/proxy/iiif/GDL-1983-06-25-a-p0012/790,1232,297,49/full/0/default.jpg
les	O	O	O	O	O	O	_	_	_	_	_	_
résultats	O	O	O	O	O	O	_	_	_	_	_	_
de	O	O	O	O	O	O	_	_	_	_	_	_
la	O	O	O	O	O	O	_	_	_	_	_	_
visite	O	O	O	O	O	O	_	_	NoSpaceAfter	_	_	_
.	O	O	O	O	O	O	_	_	EndOfLine	EndOfSentence	_	_
# segment_iiif_link = https://impresso-project.ch/api/proxy/iiif/GDL-1983-06-25-a-p0012/817,1265,598,49/full/0/default.jpg
«	O	O	O	O	O	O	_	_	_	_	_	_
Je	O	O	O	O	O	O	_	_	_	_	_	_
crois	O	O	O	O	O	O	_	_	_	_	_	_
qu	O	O	O	O	O	O	_	_	NoSpaceAfter	_	_	_
'	O	O	O	O	O	O	_	_	NoSpaceAfter	_	_	_
à	O	O	O	O	O	O	_	_	_	_	_	_
présent	O	O	O	O	O	O	_	_	NoSpaceAfter	_	_	_
,	O	O	O	O	O	O	_	_	_	_	_	_
les	O	O	O	O	O	O	_	_	_	_	_	_
choses	O	O	O	O	O	O	_	_	_	_	_	_
devraient	O	O	O	O	O	O	_	_	EndOfLine	_	_	_
# segment_iiif_link = https://impresso-project.ch/api/proxy/iiif/GDL-1983-06-25-a-p0012/788,1295,626,47/full/0/default.jpg
changer	O	O	O	O	O	O	_	_	_	_	_	_
»	O	O	O	O	O	O	_	_	NoSpaceAfter	_	_	_
,	O	O	O	O	O	O	_	_	_	_	_	_
a	O	O	O	O	O	O	_	_	_	_	_	_
déclaré	O	O	O	O	O	O	_	_	_	_	_	_
M	O	O	O	O	O	O	_	_	NoSpaceAfter	_	_	_
.	O	O	O	O	O	O	_	_	_	_	_	_
Walesa	O	O	O	O	O	O	_	_	_	_	_	_
à	O	O	O	O	O	O	_	_	_	_	_	_
son	O	O	O	O	O	O	_	_	_	_	_	_
domicile	O	O	O	O	O	O	_	_	_	_	_	_
de	O	O	O	O	O	O	_	_	EndOfLine	_	_	_
# segment_iiif_link = https://impresso-project.ch/api/proxy/iiif/GDL-1983-06-25-a-p0012/788,1322,627,49/full/0/default.jpg
Gdansk	O	O	O	O	O	O	_	_	_	_	_	_
avant	O	O	O	O	O	O	_	_	_	_	_	_
de	O	O	O	O	O	O	_	_	_	_	_	_
s	O	O	O	O	O	O	_	_	NoSpaceAfter	_	_	_
'	O	O	O	O	O	O	_	_	NoSpaceAfter	_	_	_
accorder	O	O	O	O	O	O	_	_	_	_	_	_
une	O	O	O	O	O	O	_	_	_	_	_	_
journée	O	O	O	O	O	O	_	_	_	_	_	_
de	O	O	O	O	O	O	_	_	_	_	_	_
pêche	O	O	O	O	O	O	_	_	EndOfLine	_	_	_
# segment_iiif_link = https://impresso-project.ch/api/proxy/iiif/GDL-1983-06-25-a-p0012/788,1351,627,47/full/0/default.jpg
et	O	O	O	O	O	O	_	_	_	_	_	_
de	O	O	O	O	O	O	_	_	_	_	_	_
méditation	O	O	O	O	O	O	_	_	NoSpaceAfter	_	_	_
.	O	O	O	O	O	O	_	_	_	EndOfSentence	_	_
«	O	O	O	O	O	O	_	_	_	_	_	_
Nous	O	O	O	O	O	O	_	_	_	_	_	_
avons	O	O	O	O	O	O	_	_	_	_	_	_
passé	O	O	O	O	O	O	_	_	_	_	_	_
en	O	O	O	O	O	O	_	_	_	_	_	_
revue	O	O	O	O	O	O	_	_	EndOfLine	_	_	_
# segment_iiif_link = https://impresso-project.ch/api/proxy/iiif/GDL-1983-06-25-a-p0012/790,1378,622,49/full/0/default.jpg
toutes	O	O	O	O	O	O	_	_	_	_	_	_
les	O	O	O	O	O	O	_	_	_	_	_	_
questions	O	O	O	O	O	O	_	_	_	_	_	_
d	O	O	O	O	O	O	_	_	NoSpaceAfter	_	_	_
'	O	O	O	O	O	O	_	_	NoSpaceAfter	_	_	_
intérêt	O	O	O	O	O	O	_	_	_	_	_	_
commun	O	O	O	O	O	O	_	_	NoSpaceAfter	_	_	_
,	O	O	O	O	O	O	_	_	_	_	_	_
mais	O	O	O	O	O	O	_	_	_	_	_	_
je	O	O	O	O	O	O	_	_	_	_	_	_
ne	O	O	O	O	O	O	_	_	_	_	_	_
peux	O	O	O	O	O	O	_	_	EndOfLine	_	_	_
# segment_iiif_link = https://impresso-project.ch/api/proxy/iiif/GDL-1983-06-25-a-p0012/790,1405,624,49/full/0/default.jpg
rien	O	O	O	O	O	O	_	_	_	_	_	_
dire	O	O	O	O	O	O	_	_	_	_	_	_
à	O	O	O	O	O	O	_	_	_	_	_	_
ce	O	O	O	O	O	O	_	_	_	_	_	_
sujet	O	O	O	O	O	O	_	_	NoSpaceAfter	_	_	_
,	O	O	O	O	O	O	_	_	_	_	_	_
il	O	O	O	O	O	O	_	_	_	_	_	_
me	O	O	O	O	O	O	_	_	_	_	_	_
faut	O	O	O	O	O	O	_	_	_	_	_	_
d	O	O	O	O	O	O	_	_	NoSpaceAfter	_	_	_
'	O	O	O	O	O	O	_	_	NoSpaceAfter	_	_	_
abord	O	O	O	O	O	O	_	_	_	_	_	_
tout	O	O	O	O	O	O	_	_	EndOfLine	_	_	_
# segment_iiif_link = https://impresso-project.ch/api/proxy/iiif/GDL-1983-06-25-a-p0012/790,1434,625,49/full/0/default.jpg
assimiler	O	O	O	O	O	O	_	_	_	_	_	_
»	O	O	O	O	O	O	_	_	NoSpaceAfter	_	_	_
.	O	O	O	O	O	O	_	_	_	EndOfSentence	_	_
«	O	O	O	O	O	O	_	_	_	_	_	_
Le	O	O	O	O	O	O	_	_	_	_	_	_
Pape	O	O	O	O	O	O	_	_	_	_	_	_
m	O	O	O	O	O	O	_	_	NoSpaceAfter	_	_	_
'	O	O	O	O	O	O	_	_	NoSpaceAfter	_	_	_
a	O	O	O	O	O	O	_	_	_	_	_	_
beaucoup	O	O	O	O	O	O	_	_	_	_	_	_
inspiré	O	O	O	O	O	O	_	_	_	_	_	_
et	O	O	O	O	O	O	_	_	_	_	_	_
je	O	O	O	O	O	O	_	_	_	_	_	_
suis	O	O	O	O	O	O	_	_	_	_	_	_
plus	O	O	O	O	O	O	_	_	EndOfLine	_	_	_
# segment_iiif_link = https://impresso-project.ch/api/proxy/iiif/GDL-1983-06-25-a-p0012/788,1461,624,49/full/0/default.jpg
optimiste	O	O	O	O	O	O	_	_	_	_	_	_
après	O	O	O	O	O	O	_	_	_	_	_	_
ces	O	O	O	O	O	O	_	_	_	_	_	_
entretiens	O	O	O	O	O	O	_	_	NoSpaceAfter	_	_	_
,	O	O	O	O	O	O	_	_	_	_	_	_
a	O	O	O	O	O	O	_	_	NoSpaceAfter	_	_	_
-	O	O	O	O	O	O	_	_	NoSpaceAfter	_	_	_
t	O	O	O	O	O	O	_	_	NoSpaceAfter	_	_	_
-	O	O	O	O	O	O	_	_	NoSpaceAfter	_	_	_
il	O	O	O	O	O	O	_	_	_	_	_	_
poursuivi	O	O	O	O	O	O	_	_	NoSpaceAfter	_	_	_
.	O	O	O	O	O	O	_	_	_	_	_	_
Mais	O	O	O	O	O	O	_	_	EndOfLine	_	_	_
# segment_iiif_link = https://impresso-project.ch/api/proxy/iiif/GDL-1983-06-25-a-p0012/785,1490,636,47/full/0/default.jpg
je	O	O	O	O	O	O	_	_	_	_	_	_
suis	O	O	O	O	O	O	_	_	_	_	_	_
également	O	O	O	O	O	O	_	_	_	_	_	_
réaliste	O	O	O	O	O	O	_	_	NoSpaceAfter	_	_	_
,	O	O	O	O	O	O	_	_	_	_	_	_
aussi	O	O	O	O	O	O	_	_	_	_	_	_
dois	O	O	O	O	O	O	_	_	NoSpaceAfter	_	_	_
-	O	O	O	O	O	O	_	_	NoSpaceAfter	_	_	_
jc	O	O	O	O	O	O	_	_	_	_	_	_
réfléchir	O	O	O	O	O	O	_	_	_	_	_	_
à	O	O	O	O	O	O	_	_	_	_	_	_
ce	O	O	O	O	O	O	_	_	EndOfLine	_	_	_
# segment_iiif_link = https://impresso-project.ch/api/proxy/iiif/GDL-1983-06-25-a-p0012/788,1518,226,49/full/0/default.jpg
que	O	O	O	O	O	O	_	_	_	_	_	_
j	O	O	O	O	O	O	_	_	NoSpaceAfter	_	_	_
'	O	O	O	O	O	O	_	_	NoSpaceAfter	_	_	_
ai	O	O	O	O	O	O	_	_	_	_	_	_
entendu	O	O	O	O	O	O	_	_	_	_	_	_
»	O	O	O	O	O	O	_	_	NoSpaceAfter	_	_	_
.	O	O	O	O	O	O	_	_	EndOfLine	EndOfSentence	_	_
# segment_iiif_link = https://impresso-project.ch/api/proxy/iiif/GDL-1983-06-25-a-p0012/819,1551,594,49/full/0/default.jpg
Les	O	O	O	O	O	O	_	_	_	_	_	_
autorités	O	O	O	O	O	O	_	_	_	_	_	_
n	O	O	O	O	O	O	_	_	NoSpaceAfter	_	_	_
'	O	O	O	O	O	O	_	_	NoSpaceAfter	_	_	_
en	O	O	O	O	O	O	_	_	_	_	_	_
ont	O	O	O	O	O	O	_	_	_	_	_	_
pas	O	O	O	O	O	O	_	_	_	_	_	_
moins	O	O	O	O	O	O	_	_	_	_	_	_
refusé	O	O	O	O	O	O	_	_	_	_	_	_
de	O	O	O	O	O	O	_	_	_	_	_	_
traiter	O	O	O	O	O	O	_	_	EndOfLine	_	_	_
# segment_iiif_link = https://impresso-project.ch/api/proxy/iiif/GDL-1983-06-25-a-p0012/788,1580,624,47/full/0/default.jpg
avec	O	O	O	O	O	O	_	_	_	_	_	_
le	O	O	O	O	O	O	_	_	_	_	_	_
chef	O	O	O	O	O	O	_	_	_	_	_	_
du	O	O	O	O	O	O	_	_	_	_	_	_
syndicat	O	O	O	O	O	O	_	_	_	_	_	_
interdit	O	O	O	O	O	O	_	_	NoSpaceAfter	_	_	_
,	O	O	O	O	O	O	_	_	_	_	_	_
qu	O	O	O	O	O	O	_	_	NoSpaceAfter	_	_	_
'	O	O	O	O	O	O	_	_	NoSpaceAfter	_	_	_
elles	O	O	O	O	O	O	_	_	EndOfLine	_	_	_
# segment_iiif_link = https://impresso-project.ch/api/proxy/iiif/GDL-1983-06-25-a-p0012/788,1607,633,49/full/0/default.jpg
considèrent	O	O	O	O	O	O	_	_	_	_	_	_
désormais	O	O	O	O	O	O	_	_	_	_	_	_
comme	O	O	O	O	O	O	_	_	_	_	_	_
un	O	O	O	O	O	O	_	_	_	_	_	_
simple	O	O	O	O	O	O	_	_	_	_	_	_
citoyen	O	O	O	O	O	O	_	_	_	_	_	_
sans	O	O	O	O	O	O	_	_	_	_	_	_
rôle	O	O	O	O	O	O	_	_	EndOfLine	_	_	_
# segment_iiif_link = https://impresso-project.ch/api/proxy/iiif/GDL-1983-06-25-a-p0012/788,1634,183,49/full/0/default.jpg
public	O	O	O	O	O	O	_	_	_	_	_	_
à	O	O	O	O	O	O	_	_	_	_	_	_
jouer	O	O	O	O	O	O	_	_	NoSpaceAfter	_	_	_
.	O	O	O	O	O	O	_	_	EndOfLine	EndOfSentence	_	_
# segment_iiif_link = https://impresso-project.ch/api/proxy/iiif/GDL-1983-06-25-a-p0012/817,1663,606,47/full/0/default.jpg
S	O	O	O	O	O	O	_	_	NoSpaceAfter	_	_	_
'	O	O	O	O	O	O	_	_	NoSpaceAfter	_	_	_
adressant	O	O	O	O	O	O	_	_	_	_	_	_
au	O	O	O	O	O	O	_	_	_	_	_	_
SEJM	O	O	O	O	O	O	_	_	_	_	_	_
(	O	O	O	O	O	O	_	_	NoSpaceAfter	_	_	_
Parlement	O	O	O	O	O	O	_	_	_	_	_	_
polonais	O	O	O	O	O	O	_	_	NoSpaceAfter	_	_	_
)	O	O	O	O	O	O	_	_	_	_	_	_
au	O	O	O	O	O	O	_	_	EndOfLine	_	_	_
# segment_iiif_link = https://impresso-project.ch/api/proxy/iiif/GDL-1983-06-25-a-p0012/788,1690,625,49/full/0/default.jpg
lendemain	O	O	O	O	O	O	_	_	_	_	_	_
du	O	O	O	O	O	O	_	_	_	_	_	_
retour	O	O	O	O	O	O	_	_	_	_	_	_
de	O	O	O	O	O	O	_	_	_	_	_	_
Jean	O	O	O	O	O	O	_	_	_	_	_	_
Paul	O	O	O	O	O	O	_	_	_	_	_	_
II	O	O	O	O	O	O	_	_	_	_	_	_
à	O	O	O	O	O	O	_	_	_	_	_	_
Rome	O	O	O	O	O	O	_	_	NoSpaceAfter	_	_	_
,	O	O	O	O	O	O	_	_	_	_	_	_
le	O	O	O	O	O	O	_	_	EndOfLine	_	_	_
# segment_iiif_link = https://impresso-project.ch/api/proxy/iiif/GDL-1983-06-25-a-p0012/788,1720,622,47/full/0/default.jpg
ministre	O	O	O	O	O	O	_	_	_	_	_	_
des	O	O	O	O	O	O	_	_	_	_	_	_
Affaires	O	O	O	O	O	O	_	_	_	_	_	_
religieuses	O	O	O	O	O	O	_	_	_	_	_	_
M	O	O	O	O	O	O	_	_	NoSpaceAfter	_	_	_
.	O	O	O	O	O	O	_	_	_	_	_	_
Adam	O	O	O	O	O	O	_	_	_	_	_	_
Lopatka	O	O	O	O	O	O	_	_	EndOfLine	_	_	_
# segment_iiif_link = https://impresso-project.ch/api/proxy/iiif/GDL-1983-06-25-a-p0012/788,1747,637,49/full/0/default.jpg
a	O	O	O	O	O	O	_	_	_	_	_	_
déclaré	O	O	O	O	O	O	_	_	_	_	_	_
extrêmement	O	O	O	O	O	O	_	_	_	_	_	_
positif	O	O	O	O	O	O	_	_	_	_	_	_
le	O	O	O	O	O	O	_	_	_	_	_	_
seul	O	O	O	O	O	O	_	_	_	_	_	_
fait	O	O	O	O	O	O	_	_	_	_	_	_
que	O	O	O	O	O	O	_	_	_	_	_	_
ce	O	O	O	O	O	O	_	_	EndOfLine	_	_	_
# segment_iiif_link = https://impresso-project.ch/api/proxy/iiif/GDL-1983-06-25-a-p0012/788,1776,441,47/full/0/default.jpg
pèlerinage	O	O	O	O	O	O	_	_	_	_	_	_
de	O	O	O	O	O	O	_	_	_	_	_	_
huit	O	O	O	O	O	O	_	_	_	_	_	_
jours	O	O	O	O	O	O	_	_	_	_	_	_
ait	O	O	O	O	O	O	_	_	_	_	_	_
eu	O	O	O	O	O	O	_	_	_	_	_	_
lieu	O	O	O	O	O	O	_	_	NoSpaceAfter	_	_	_
.	O	O	O	O	O	O	_	_	EndOfLine	EndOfSentence	_	_
# segment_iiif_link = https://impresso-project.ch/api/proxy/iiif/GDL-1983-06-25-a-p0012/825,1803,600,49/full/0/default.jpg
La	O	O	O	O	O	O	_	_	_	_	_	_
mise	O	O	O	O	O	O	_	_	_	_	_	_
à	O	O	O	O	O	O	_	_	_	_	_	_
profit	O	O	O	O	O	O	_	_	_	_	_	_
des	O	O	O	O	O	O	_	_	_	_	_	_
résultats	O	O	O	O	O	O	_	_	_	_	_	_
avantageux	O	O	O	O	O	O	_	_	_	_	_	_
de	O	O	O	O	O	O	_	_	_	_	_	_
la	O	O	O	O	O	O	_	_	EndOfLine	_	_	_
# segment_iiif_link = https://impresso-project.ch/api/proxy/iiif/GDL-1983-06-25-a-p0012/788,1830,624,49/full/0/default.jpg
visite	O	O	O	O	O	O	_	_	_	_	_	_
pontificale	O	O	O	O	O	O	_	_	_	_	_	_
donne	O	O	O	O	O	O	_	_	_	_	_	_
à	O	O	O	O	O	O	_	_	_	_	_	_
la	O	O	O	O	O	O	_	_	_	_	_	_
hiérarchie	O	O	O	O	O	O	_	_	EndOfLine	_	_	_
# segment_iiif_link = https://impresso-project.ch/api/proxy/iiif/GDL-1983-06-25-a-p0012/785,1859,625,49/full/0/default.jpg
ecclésiastique	O	O	O	O	O	O	_	_	_	_	_	_
et	O	O	O	O	O	O	_	_	_	_	_	_
à	O	O	O	O	O	O	_	_	_	_	_	_
la	O	O	O	O	O	O	_	_	_	_	_	_
Communauté	O	O	O	O	O	O	_	_	_	_	_	_
catholique	O	O	O	O	O	O	_	_	_	_	_	_
du	O	O	O	O	O	O	_	_	_	_	_	_
pays	O	O	O	O	O	O	_	_	_	_	_	_
un	O	O	O	O	O	O	_	_	EndOfLine	_	_	_
# segment_iiif_link = https://impresso-project.ch/api/proxy/iiif/GDL-1983-06-25-a-p0012/788,1886,625,49/full/0/default.jpg
rôle	O	O	O	O	O	O	_	_	_	_	_	_
majeur	O	O	O	O	O	O	_	_	_	_	_	_
à	O	O	O	O	O	O	_	_	_	_	_	_
jouer	O	O	O	O	O	O	_	_	_	_	_	_
avec	O	O	O	O	O	O	_	_	_	_	_	_
le	O	O	O	O	O	O	_	_	_	_	_	_
gouvernement	O	O	O	O	O	O	_	_	_	_	_	_
et	O	O	O	O	O	O	_	_	_	_	_	_
le	O	O	O	O	O	O	_	_	EndOfLine	_	_	_
# segment_iiif_link = https://impresso-project.ch/api/proxy/iiif/GDL-1983-06-25-a-p0012/788,1915,635,47/full/0/default.jpg
Parlement	O	O	O	O	O	O	_	_	NoSpaceAfter	_	_	_
,	O	O	O	O	O	O	_	_	_	_	_	_
a	O	O	O	O	O	O	_	_	_	_	_	_
ajouté	O	O	O	O	O	O	_	_	_	_	_	_
M	O	O	O	O	O	O	_	_	NoSpaceAfter	_	_	_
.	O	O	O	O	O	O	_	_	_	_	_	_
Lopatka	O	O	O	O	O	O	_	_	_	_	_	_
en	O	O	O	O	O	O	_	_	_	_	_	_
notant	O	O	O	O	O	O	_	_	_	_	_	_
que	O	O	O	O	O	O	_	_	_	_	_	_
la	O	O	O	O	O	O	_	_	EndOfLine	_	_	_
# segment_iiif_link = https://impresso-project.ch/api/proxy/iiif/GDL-1983-06-25-a-p0012/785,1943,627,49/full/0/default.jpg
semaine	O	O	O	O	O	O	_	_	_	_	_	_
de	O	O	O	O	O	O	_	_	_	_	_	_
pèlerinage	O	O	O	O	O	O	_	_	_	_	_	_
s	O	O	O	O	O	O	_	_	NoSpaceAfter	_	_	_
'	O	O	O	O	O	O	_	_	NoSpaceAfter	_	_	_
était	O	O	O	O	O	O	_	_	_	_	_	_
déroulée	O	O	O	O	O	O	_	_	_	_	_	_
«	O	O	O	O	O	O	_	_	_	_	_	_
dans	O	O	O	O	O	O	_	_	_	_	_	_
une	O	O	O	O	O	O	_	_	EndOfLine	_	_	_
# segment_iiif_link = https://impresso-project.ch/api/proxy/iiif/GDL-1983-06-25-a-p0012/785,1972,627,47/full/0/default.jpg
atmosphère	O	O	O	O	O	O	_	_	_	_	_	_
d	O	O	O	O	O	O	_	_	NoSpaceAfter	_	_	_
'	O	O	O	O	O	O	_	_	NoSpaceAfter	_	_	_
intérêt	O	O	O	O	O	O	_	_	_	_	_	_
populaire	O	O	O	O	O	O	_	_	NoSpaceAfter	_	_	_
,	O	O	O	O	O	O	_	_	_	_	_	_
de	O	O	O	O	O	O	_	_	_	_	_	_
calme	O	O	O	O	O	O	_	_	_	_	_	_
et	O	O	O	O	O	O	_	_	_	_	_	_
de	O	O	O	O	O	O	_	_	EndOfLine	_	_	_
# segment_iiif_link = https://impresso-project.ch/api/proxy/iiif/GDL-1983-06-25-a-p0012/785,1999,108,49/full/0/default.jpg
dignité	O	O	O	O	O	O	_	_	_	_	_	_
»	O	O	O	O	O	O	_	_	NoSpaceAfter	_	_	_
.	O	O	O	O	O	O	_	_	EndOfLine	EndOfSentence	_	_
# segment_iiif_link = https://impresso-project.ch/api/proxy/iiif/GDL-1983-06-25-a-p0012/819,2034,556,49/full/0/default.jpg
Un	O	O	O	O	O	O	_	_	_	_	_	_
responsable	O	O	O	O	O	O	_	_	_	_	_	_
du	O	O	O	O	O	O	_	_	_	_	_	_
Vatican	O	O	O	O	O	O	_	_	_	_	_	_
a	O	O	O	O	O	O	_	_	_	_	_	_
déclaré	O	O	O	O	O	O	_	_	_	_	_	_
que	O	O	O	O	O	O	_	_	EndOfLine	_	_	_
# segment_iiif_link = https://impresso-project.ch/api/proxy/iiif/GDL-1983-06-25-a-p0012/788,2061,624,47/full/0/default.jpg
sujets	O	O	O	O	O	O	_	_	_	_	_	_
abordés	O	O	O	O	O	O	_	_	_	_	_	_
au	O	O	O	O	O	O	_	_	_	_	_	_
cours	O	O	O	O	O	O	_	_	_	_	_	_
de	O	O	O	O	O	O	_	_	_	_	_	_
la	O	O	O	O	O	O	_	_	_	_	_	_
seconde	O	O	O	O	O	O	_	_	_	_	_	_
rencontre	O	O	O	O	O	O	_	_	NoSpaceAfter	_	_	_
-	O	O	O	O	O	O	_	_	EndOfLine|NoSpaceAfter	_	_	_
# segment_iiif_link = https://impresso-project.ch/api/proxy/iiif/GDL-1983-06-25-a-p0012/788,2086,625,49/full/0/default.jpg
non	O	O	O	O	O	O	_	_	_	_	_	_
prévue	O	O	O	O	O	O	_	_	_	_	_	_
au	O	O	O	O	O	O	_	_	_	_	_	_
programme	O	O	O	O	O	O	_	_	NoSpaceAfter	_	_	_
-	O	O	O	O	O	O	_	_	NoSpaceAfter	_	_	_
de	O	O	O	O	O	O	_	_	_	_	_	_
Jean	O	O	O	O	O	O	_	_	_	_	_	_
Paul	O	O	O	O	O	O	_	_	_	_	_	_
II	O	O	O	O	O	O	_	_	_	_	_	_
avec	O	O	O	O	O	O	_	_	_	_	_	_
le	O	O	O	O	O	O	_	_	EndOfLine	_	_	_
# segment_iiif_link = https://impresso-project.ch/api/proxy/iiif/GDL-1983-06-25-a-p0012/1450,584,625,49/full/0/default.jpg
général	O	O	O	O	O	O	_	_	_	_	_	_
Jaruzelski	O	O	O	O	O	O	_	_	_	_	_	_
n	O	O	O	O	O	O	_	_	NoSpaceAfter	_	_	_
'	O	O	O	O	O	O	_	_	NoSpaceAfter	_	_	_
étaient	O	O	O	O	O	O	_	_	_	_	_	_
connus	O	O	O	O	O	O	_	_	_	_	_	_
que	O	O	O	O	O	O	_	_	_	_	_	_
des	O	O	O	O	O	O	_	_	_	_	_	_
deux	O	O	O	O	O	O	_	_	EndOfLine	_	_	_
# segment_iiif_link = https://impresso-project.ch/api/proxy/iiif/GDL-1983-06-25-a-p0012/1450,611,627,49/full/0/default.jpg
hommes	O	O	O	O	O	O	_	_	NoSpaceAfter	_	_	_
,	O	O	O	O	O	O	_	_	_	_	_	_
mais	O	O	O	O	O	O	_	_	_	_	_	_
que	O	O	O	O	O	O	_	_	_	_	_	_
le	O	O	O	O	O	O	_	_	_	_	_	_
sentiment	O	O	O	O	O	O	_	_	_	_	_	_
prévalait	O	O	O	O	O	O	_	_	_	_	_	_
au	O	O	O	O	O	O	_	_	EndOfLine	_	_	_
# segment_iiif_link = https://impresso-project.ch/api/proxy/iiif/GDL-1983-06-25-a-p0012/1450,640,627,47/full/0/default.jpg
Saint	O	O	O	O	O	O	_	_	NoSpaceAfter	_	_	_
-	O	O	O	O	O	O	_	_	NoSpaceAfter	_	_	_
Siège	O	O	O	O	O	O	_	_	_	_	_	_
qu	O	O	O	O	O	O	_	_	NoSpaceAfter	_	_	_
'	O	O	O	O	O	O	_	_	NoSpaceAfter	_	_	_
ils	O	O	O	O	O	O	_	_	_	_	_	_
étaient	O	O	O	O	O	O	_	_	_	_	_	_
parvenus	O	O	O	O	O	O	_	_	_	_	_	_
à	O	O	O	O	O	O	_	_	_	_	_	_
une	O	O	O	O	O	O	_	_	_	_	_	_
sorte	O	O	O	O	O	O	_	_	EndOfLine	_	_	_
# segment_iiif_link = https://impresso-project.ch/api/proxy/iiif/GDL-1983-06-25-a-p0012/1450,668,62,49/full/0/default.jpg
d	O	O	O	O	O	O	_	_	NoSpaceAfter	_	_	_
'	O	O	O	O	O	O	_	_	NoSpaceAfter	_	_	_
accord	O	O	O	O	O	O	_	_	NoSpaceAfter	_	_	_
.	O	O	O	O	O	O	_	_	EndOfLine	EndOfSentence	_	_
# segment_iiif_link = https://impresso-project.ch/api/proxy/iiif/GDL-1983-06-25-a-p0012/1479,699,596,47/full/0/default.jpg
Il	O	O	O	O	O	O	_	_	_	_	_	_
pourrait	O	O	O	O	O	O	_	_	_	_	_	_
s	O	O	O	O	O	O	_	_	NoSpaceAfter	_	_	_
'	O	O	O	O	O	O	_	_	NoSpaceAfter	_	_	_
agir	O	O	O	O	O	O	_	_	_	_	_	_
d	O	O	O	O	O	O	_	_	NoSpaceAfter	_	_	_
'	O	O	O	O	O	O	_	_	NoSpaceAfter	_	_	_
une	O	O	O	O	O	O	_	_	_	_	_	_
éventuelle	O	O	O	O	O	O	_	_	_	_	_	_
amnistie	O	O	O	O	O	O	_	_	_	_	_	_
en	O	O	O	O	O	O	_	_	EndOfLine	_	_	_
# segment_iiif_link = https://impresso-project.ch/api/proxy/iiif/GDL-1983-06-25-a-p0012/1450,726,631,49/full/0/default.jpg
faveur	O	O	O	O	O	O	_	_	_	_	_	_
des	O	O	O	O	O	O	_	_	_	_	_	_
personnes	O	O	O	O	O	O	_	_	_	_	_	_
condamnées	O	O	O	O	O	O	_	_	_	_	_	_
en	O	O	O	O	O	O	_	_	_	_	_	_
vertu	O	O	O	O	O	O	_	_	_	_	_	_
de	O	O	O	O	O	O	_	_	_	_	_	_
la	O	O	O	O	O	O	_	_	_	_	_	_
loi	O	O	O	O	O	O	_	_	EndOfLine	_	_	_
# segment_iiif_link = https://impresso-project.ch/api/proxy/iiif/GDL-1983-06-25-a-p0012/1450,755,625,47/full/0/default.jpg
martiale	O	O	O	O	O	O	_	_	NoSpaceAfter	_	_	_
,	O	O	O	O	O	O	_	_	_	_	_	_
a	O	O	O	O	O	O	_	_	NoSpaceAfter	_	_	_
-	O	O	O	O	O	O	_	_	NoSpaceAfter	_	_	_
t	O	O	O	O	O	O	_	_	NoSpaceAfter	_	_	_
-	O	O	O	O	O	O	_	_	NoSpaceAfter	_	_	_
il	O	O	O	O	O	O	_	_	_	_	_	_
dit	O	O	O	O	O	O	_	_	NoSpaceAfter	_	_	_
.	O	O	O	O	O	O	_	_	_	EndOfSentence	_	_
Jean	O	O	O	O	O	O	_	_	_	_	_	_
Paul	O	O	O	O	O	O	_	_	_	_	_	_
II	O	O	O	O	O	O	_	_	_	_	_	_
avait	O	O	O	O	O	O	_	_	_	_	_	_
fait	O	O	O	O	O	O	_	_	_	_	_	_
sans	O	O	O	O	O	O	_	_	EndOfLine	_	_	_
# segment_iiif_link = https://impresso-project.ch/api/proxy/iiif/GDL-1983-06-25-a-p0012/1450,782,625,49/full/0/default.jpg
succès	O	O	O	O	O	O	_	_	_	_	_	_
une	O	O	O	O	O	O	_	_	_	_	_	_
requête	O	O	O	O	O	O	_	_	_	_	_	_
en	O	O	O	O	O	O	_	_	_	_	_	_
ce	O	O	O	O	O	O	_	_	_	_	_	_
sens	O	O	O	O	O	O	_	_	_	_	_	_
avant	O	O	O	O	O	O	_	_	_	_	_	_
d	O	O	O	O	O	O	_	_	NoSpaceAfter	_	_	_
'	O	O	O	O	O	O	_	_	NoSpaceAfter	_	_	_
entreprendre	O	O	O	O	O	O	_	_	EndOfLine	_	_	_
# segment_iiif_link = https://impresso-project.ch/api/proxy/iiif/GDL-1983-06-25-a-p0012/1450,809,148,49/full/0/default.jpg
son	O	O	O	O	O	O	_	_	_	_	_	_
voyage	O	O	O	O	O	O	_	_	NoSpaceAfter	_	_	_
.	O	O	O	O	O	O	_	_	EndOfLine	EndOfSentence	_	_
# segment_iiif_link = https://impresso-project.ch/api/proxy/iiif/GDL-1983-06-25-a-p0012/1450,1676,625,45/full/0/default.jpg
JEAN	O	O	O	O	O	O	_	_	_	_	_	_
PAUL	O	O	O	O	O	O	_	_	_	_	_	_
II	O	O	O	O	O	O	_	_	_	_	_	_
:	O	O	O	O	O	O	_	_	_	_	_	_
amnistie	O	O	O	O	O	O	_	_	_	_	_	_
pour	O	O	O	O	O	O	_	_	_	_	_	_
les	O	O	O	O	O	O	_	_	_	_	_	_
personnes	O	O	O	O	O	O	_	_	_	_	_	_
arrêtés	O	O	O	O	O	O	_	_	EndOfLine	_	_	_
# segment_iiif_link = https://impresso-project.ch/api/proxy/iiif/GDL-1983-06-25-a-p0012/1452,1701,346,45/full/0/default.jpg
durant	O	O	O	O	O	O	_	_	_	_	_	_
l	O	O	O	O	O	O	_	_	NoSpaceAfter	_	_	_
'	O	O	O	O	O	O	_	_	NoSpaceAfter	_	_	_
état	O	O	O	O	O	O	_	_	_	_	_	_
de	O	O	O	O	O	O	_	_	_	_	_	_
guerre	O	O	O	O	O	O	_	_	_	_	_	_
(	O	O	O	O	O	O	_	_	NoSpaceAfter	_	_	_
UPI	O	O	O	O	O	O	Q493845	_	NoSpaceAfter	_	LED0.00	_
)	O	O	O	O	O	O	_	_	EndOfLine	_	_	_
# segment_iiif_link = https://impresso-project.ch/api/proxy/iiif/GDL-1983-06-25-a-p0012/2142,584,602,49/full/0/default.jpg
Beaucoup	O	O	O	O	O	O	_	_	_	_	_	_
d	O	O	O	O	O	O	_	_	NoSpaceAfter	_	_	_
'	O	O	O	O	O	O	_	_	NoSpaceAfter	_	_	_
observateurs	O	O	O	O	O	O	_	_	_	_	_	_
du	O	O	O	O	O	O	_	_	_	_	_	_
Saint	O	O	O	O	O	O	_	_	NoSpaceAfter	_	_	_
-	O	O	O	O	O	O	_	_	NoSpaceAfter	_	_	_
Siège	O	O	O	O	O	O	_	_	_	_	_	_
ont	O	O	O	O	O	O	_	_	_	_	_	_
été	O	O	O	O	O	O	_	_	EndOfLine	_	_	_
# segment_iiif_link = https://impresso-project.ch/api/proxy/iiif/GDL-1983-06-25-a-p0012/2112,611,624,49/full/0/default.jpg
surpris	O	O	O	O	O	O	_	_	_	_	_	_
par	O	O	O	O	O	O	_	_	_	_	_	_
la	O	O	O	O	O	O	_	_	_	_	_	_
franchise	O	O	O	O	O	O	_	_	_	_	_	_
et	O	O	O	O	O	O	_	_	_	_	_	_
le	O	O	O	O	O	O	_	_	_	_	_	_
franc	O	O	O	O	O	O	_	_	NoSpaceAfter	_	_	_
-	O	O	O	O	O	O	_	_	NoSpaceAfter	_	_	_
parlcr	O	O	O	O	O	O	_	_	_	_	_	_
dont	O	O	O	O	O	O	_	_	EndOfLine	_	_	_
# segment_iiif_link = https://impresso-project.ch/api/proxy/iiif/GDL-1983-06-25-a-p0012/2112,640,628,47/full/0/default.jpg
portaient	O	O	O	O	O	O	_	_	_	_	_	_
la	O	O	O	O	O	O	_	_	_	_	_	_
marque	O	O	O	O	O	O	_	_	_	_	_	_
certaines	O	O	O	O	O	O	_	_	_	_	_	_
des	O	O	O	O	O	O	_	_	_	_	_	_
déclarations	O	O	O	O	O	O	_	_	_	_	_	_
de	O	O	O	O	O	O	_	_	_	_	_	_
Jean	O	O	O	O	O	O	_	_	EndOfLine	_	_	_
# segment_iiif_link = https://impresso-project.ch/api/proxy/iiif/GDL-1983-06-25-a-p0012/2112,668,623,49/full/0/default.jpg
Paul	O	O	O	O	O	O	_	_	_	_	_	_
IL	O	O	O	O	O	O	_	_	_	_	_	_
L	O	O	O	O	O	O	_	_	_	_	_	_
*	O	O	O	O	O	O	_	_	NoSpaceAfter	_	_	_
«	O	O	O	O	O	O	_	_	_	_	_	_
Osservatore	O	O	O	O	O	O	_	_	_	_	_	_
Romano	O	O	O	O	O	O	_	_	_	_	_	_
»	O	O	O	O	O	O	_	_	_	_	_	_
s	O	O	O	O	O	O	_	_	NoSpaceAfter	_	_	_
'	O	O	O	O	O	O	_	_	NoSpaceAfter	_	_	_
en	O	O	O	O	O	O	_	_	_	_	_	_
fait	O	O	O	O	O	O	_	_	_	_	_	_
l	O	O	O	O	O	O	_	_	NoSpaceAfter	_	_	_
'	O	O	O	O	O	O	_	_	NoSpaceAfter	_	_	_
écho	O	O	O	O	O	O	_	_	NoSpaceAfter	_	_	_
,	O	O	O	O	O	O	_	_	EndOfLine	_	_	_
# segment_iiif_link = https://impresso-project.ch/api/proxy/iiif/GDL-1983-06-25-a-p0012/2110,697,625,47/full/0/default.jpg
mais	O	O	O	O	O	O	_	_	_	_	_	_
souligne	O	O	O	O	O	O	_	_	_	_	_	_
lui	O	O	O	O	O	O	_	_	_	_	_	_
aussi	O	O	O	O	O	O	_	_	_	_	_	_
qu	O	O	O	O	O	O	_	_	NoSpaceAfter	_	_	_
'	O	O	O	O	O	O	_	_	NoSpaceAfter	_	_	_
on	O	O	O	O	O	O	_	_	_	_	_	_
ne	O	O	O	O	O	O	_	_	_	_	_	_
saurait	O	O	O	O	O	O	_	_	_	_	_	_
annoncer	O	O	O	O	O	O	_	_	EndOfLine	_	_	_
# segment_iiif_link = https://impresso-project.ch/api/proxy/iiif/GDL-1983-06-25-a-p0012/2110,724,628,49/full/0/default.jpg
quel	O	O	O	O	O	O	_	_	_	_	_	_
avenir	O	O	O	O	O	O	_	_	_	_	_	_
attend	O	O	O	O	O	O	_	_	_	_	_	_
la	O	O	O	O	O	O	_	_	_	_	_	_
Pologne	O	O	O	O	O	O	_	_	_	_	_	_
:	O	O	O	O	O	O	_	_	_	_	_	_
«	O	O	O	O	O	O	_	_	_	_	_	_
nous	O	O	O	O	O	O	_	_	_	_	_	_
estimons	O	O	O	O	O	O	_	_	_	_	_	_
que	O	O	O	O	O	O	_	_	EndOfLine	_	_	_
# segment_iiif_link = https://impresso-project.ch/api/proxy/iiif/GDL-1983-06-25-a-p0012/2110,753,626,47/full/0/default.jpg
cette	O	O	O	O	O	O	_	_	_	_	_	_
visite	O	O	O	O	O	O	_	_	_	_	_	_
est	O	O	O	O	O	O	_	_	_	_	_	_
un	O	O	O	O	O	O	_	_	_	_	_	_
succès	O	O	O	O	O	O	_	_	_	_	_	_
sur	O	O	O	O	O	O	_	_	_	_	_	_
tous	O	O	O	O	O	O	_	_	_	_	_	_
les	O	O	O	O	O	O	_	_	_	_	_	_
fronts	O	O	O	O	O	O	_	_	NoSpaceAfter	_	_	_
.	O	O	O	O	O	O	_	_	_	_	_	_
Mais	O	O	O	O	O	O	_	_	_	_	_	_
il	O	O	O	O	O	O	_	_	EndOfLine	_	_	_
# segment_iiif_link = https://impresso-project.ch/api/proxy/iiif/GDL-1983-06-25-a-p0012/2110,780,628,49/full/0/default.jpg
est	O	O	O	O	O	O	_	_	_	_	_	_
impossible	O	O	O	O	O	O	_	_	_	_	_	_
de	O	O	O	O	O	O	_	_	_	_	_	_
formuler	O	O	O	O	O	O	_	_	_	_	_	_
des	O	O	O	O	O	O	_	_	_	_	_	_
prédictions	O	O	O	O	O	O	_	_	EndOfLine	_	_	_
# segment_iiif_link = https://impresso-project.ch/api/proxy/iiif/GDL-1983-06-25-a-p0012/2112,807,56,49/full/0/default.jpg
concrètes	O	O	O	O	O	O	_	_	_	_	_	_
»	O	O	O	O	O	O	_	_	NoSpaceAfter	_	_	_
.	O	O	O	O	O	O	_	_	EndOfLine	EndOfSentence	_	_
# segment_iiif_link = https://impresso-project.ch/api/proxy/iiif/GDL-1983-06-25-a-p0012/2112,863,626,53/full/0/default.jpg
La	O	O	O	O	O	O	_	_	_	_	_	_
Tchécoslovaquie	O	O	O	O	O	O	_	_	_	_	_	_
critique	O	O	O	O	O	O	_	_	_	_	_	_
Jean	O	O	O	O	O	O	_	_	_	_	_	_
Paul	O	O	O	O	O	O	_	_	_	_	_	_
II	O	O	O	O	O	O	_	_	EndOfLine	_	_	_
# segment_iiif_link = https://impresso-project.ch/api/proxy/iiif/GDL-1983-06-25-a-p0012/2142,905,596,49/full/0/default.jpg
Vienne	O	O	O	O	O	O	_	_	NoSpaceAfter	_	_	_
,	O	O	O	O	O	O	_	_	_	_	_	_
23	O	O	O	O	O	O	_	_	NoSpaceAfter	_	_	_
,	O	O	O	O	O	O	_	_	_	_	_	_
(	O	O	O	O	O	O	_	_	NoSpaceAfter	_	_	_
Reuter	B-org	O	B-org.ent.pressagency.Reuters	O	O	O	Q130879	_	NoSpaceAfter	_	LED0.00	_
)	O	O	O	O	O	O	_	_	NoSpaceAfter	_	_	_
.	O	O	O	O	O	O	_	_	NoSpaceAfter	EndOfSentence	_	_
-	O	O	O	O	O	O	_	_	NoSpaceAfter	_	_	_
L	O	O	O	O	O	O	_	_	NoSpaceAfter	_	_	_
'	O	O	O	O	O	O	_	_	NoSpaceAfter	_	_	_
hebdomadaire	O	O	O	O	O	O	_	_	EndOfLine	_	_	_
# segment_iiif_link = https://impresso-project.ch/api/proxy/iiif/GDL-1983-06-25-a-p0012/2115,934,622,49/full/0/default.jpg
communiste	O	O	O	O	O	O	_	_	_	_	_	_
tchécoslovaque	O	O	O	O	O	O	_	_	_	_	_	_
«	O	O	O	O	O	O	_	_	_	_	_	_
Tribuna	O	O	O	O	O	O	_	_	_	_	_	_
»	O	O	O	O	O	O	_	_	_	_	_	_
reproche	O	O	O	O	O	O	_	_	_	_	_	_
jeudi	O	O	O	O	O	O	_	_	_	_	_	_
au	O	O	O	O	O	O	_	_	EndOfLine	_	_	_
# segment_iiif_link = https://impresso-project.ch/api/proxy/iiif/GDL-1983-06-25-a-p0012/2115,961,623,49/full/0/default.jpg
Pape	O	O	O	O	O	O	_	_	_	_	_	_
Jean	O	O	O	O	O	O	_	_	_	_	_	_
Paul	O	O	O	O	O	O	_	_	_	_	_	_
II	O	O	O	O	O	O	_	_	_	_	_	_
de	O	O	O	O	O	O	_	_	_	_	_	_
souhaiter	O	O	O	O	O	O	_	_	_	_	_	_
la	O	O	O	O	O	O	_	_	_	_	_	_
béatification	O	O	O	O	O	O	_	_	_	_	_	_
du	O	O	O	O	O	O	_	_	EndOfLine	_	_	_
# segment_iiif_link = https://impresso-project.ch/api/proxy/iiif/GDL-1983-06-25-a-p0012/2115,990,624,47/full/0/default.jpg
Père	O	O	O	O	O	O	_	_	_	_	_	_
Jozef	O	O	O	O	O	O	_	_	_	_	_	_
Tiso	O	O	O	O	O	O	_	_	NoSpaceAfter	_	_	_
,	O	O	O	O	O	O	_	_	_	_	_	_
exécuté	O	O	O	O	O	O	_	_	_	_	_	_
après	O	O	O	O	O	O	_	_	_	_	_	_
la	O	O	O	O	O	O	_	_	_	_	_	_
Seconde	O	O	O	O	O	O	_	_	_	_	_	_
Guerre	O	O	O	O	O	O	_	_	EndOfLine	_	_	_
# segment_iiif_link = https://impresso-project.ch/api/proxy/iiif/GDL-1983-06-25-a-p0012/2112,1018,626,49/full/0/default.jpg
mondiale	O	O	O	O	O	O	_	_	_	_	_	_
pour	O	O	O	O	O	O	_	_	_	_	_	_
crimes	O	O	O	O	O	O	_	_	_	_	_	_
de	O	O	O	O	O	O	_	_	_	_	_	_
guerre	O	O	O	O	O	O	_	_	NoSpaceAfter	_	_	_
,	O	O	O	O	O	O	_	_	_	_	_	_
le	O	O	O	O	O	O	_	_	_	_	_	_
Père	O	O	O	O	O	O	_	_	_	_	_	_
Tiso	O	O	O	O	O	O	_	_	NoSpaceAfter	_	_	_
,	O	O	O	O	O	O	_	_	EndOfLine	_	_	_
# segment_iiif_link = https://impresso-project.ch/api/proxy/iiif/GDL-1983-06-25-a-p0012/2112,1047,625,47/full/0/default.jpg
membre	O	O	O	O	O	O	_	_	_	_	_	_
du	O	O	O	O	O	O	_	_	_	_	_	_
Clergé	O	O	O	O	O	O	_	_	_	_	_	_
catholique	O	O	O	O	O	O	_	_	NoSpaceAfter	_	_	_
,	O	O	O	O	O	O	_	_	_	_	_	_
était	O	O	O	O	O	O	_	_	_	_	_	_
devenu	O	O	O	O	O	O	_	_	_	_	_	_
président	O	O	O	O	O	O	_	_	_	_	_	_
de	O	O	O	O	O	O	_	_	EndOfLine	_	_	_
# segment_iiif_link = https://impresso-project.ch/api/proxy/iiif/GDL-1983-06-25-a-p0012/2112,1074,627,49/full/0/default.jpg
l	O	O	O	O	O	O	_	_	NoSpaceAfter	_	_	_
'	O	O	O	O	O	O	_	_	NoSpaceAfter	_	_	_
Etat	O	O	O	O	O	O	_	_	_	_	_	_
nazi	O	O	O	O	O	O	_	_	_	_	_	_
fantoche	O	O	O	O	O	O	_	_	_	_	_	_
de	O	O	O	O	O	O	_	_	_	_	_	_
Slovaquie	O	O	O	O	O	O	_	_	_	_	_	_
qui	O	O	O	O	O	O	_	_	_	_	_	_
s	O	O	O	O	O	O	_	_	NoSpaceAfter	_	_	_
'	O	O	O	O	O	O	_	_	NoSpaceAfter	_	_	_
était	O	O	O	O	O	O	_	_	_	_	_	_
séparé	O	O	O	O	O	O	_	_	EndOfLine	_	_	_
# segment_iiif_link = https://impresso-project.ch/api/proxy/iiif/GDL-1983-06-25-a-p0012/2112,1103,625,47/full/0/default.jpg
de	O	O	O	O	O	O	_	_	_	_	_	_
la	O	O	O	O	O	O	_	_	_	_	_	_
Tchécoslovaquie	O	O	O	O	O	O	_	_	_	_	_	_
après	O	O	O	O	O	O	_	_	_	_	_	_
l	O	O	O	O	O	O	_	_	NoSpaceAfter	_	_	_
'	O	O	O	O	O	O	_	_	NoSpaceAfter	_	_	_
occupation	O	O	O	O	O	O	_	_	EndOfLine	_	_	_
# segment_iiif_link = https://impresso-project.ch/api/proxy/iiif/GDL-1983-06-25-a-p0012/2112,1130,161,49/full/0/default.jpg
germanique	O	O	O	O	O	O	_	_	_	_	_	_
de	O	O	O	O	O	O	_	_	_	_	_	_
1939	O	O	O	O	O	O	_	_	NoSpaceAfter	_	_	_
.	O	O	O	O	O	O	_	_	EndOfLine	EndOfSentence	_	_
# segment_iiif_link = https://impresso-project.ch/api/proxy/iiif/GDL-1983-06-25-a-p0012/2142,1161,596,49/full/0/default.jpg
Par	O	O	O	O	O	O	_	_	_	_	_	_
ailleurs	O	O	O	O	O	O	_	_	NoSpaceAfter	_	_	_
,	O	O	O	O	O	O	_	_	_	_	_	_
la	O	O	O	O	O	O	_	_	_	_	_	_
police	O	O	O	O	O	O	_	_	_	_	_	_
tchécoslovaque	O	O	O	O	O	O	_	_	_	_	_	_
a	O	O	O	O	O	O	_	_	_	_	_	_
dispersé	O	O	O	O	O	O	_	_	EndOfLine	_	_	_
# segment_iiif_link = https://impresso-project.ch/api/proxy/iiif/GDL-1983-06-25-a-p0012/2110,1190,628,47/full/0/default.jpg
jeudi	O	O	O	O	O	O	_	_	_	_	_	_
une	O	O	O	O	O	O	_	_	_	_	_	_
conférence	O	O	O	O	O	O	_	_	_	_	_	_
de	O	O	O	O	O	O	_	_	_	_	_	_
presse	O	O	O	O	O	O	_	_	_	_	_	_
de	O	O	O	O	O	O	_	_	_	_	_	_
la	O	O	O	O	O	O	_	_	_	_	_	_
Charte	O	O	O	O	O	O	_	_	_	_	_	_
77	O	O	O	O	O	O	_	_	_	_	_	_
à	O	O	O	O	O	O	_	_	EndOfLine	_	_	_
# segment_iiif_link = https://impresso-project.ch/api/proxy/iiif/GDL-1983-06-25-a-p0012/2112,1218,625,49/full/0/default.jpg
Prague	O	O	O	O	O	O	_	_	NoSpaceAfter	_	_	_
.	O	O	O	O	O	O	_	_	_	EndOfSentence	_	_
Une	O	O	O	O	O	O	_	_	_	_	_	_
échauffourrée	O	O	O	O	O	O	_	_	_	_	_	_
s	O	O	O	O	O	O	_	_	NoSpaceAfter	_	_	_
'	O	O	O	O	O	O	_	_	NoSpaceAfter	_	_	_
est	O	O	O	O	O	O	_	_	_	_	_	_
produite	O	O	O	O	O	O	_	_	_	_	_	_
entre	O	O	O	O	O	O	_	_	EndOfLine	_	_	_
# segment_iiif_link = https://impresso-project.ch/api/proxy/iiif/GDL-1983-06-25-a-p0012/2112,1247,625,47/full/0/default.jpg
policiers	O	O	O	O	O	O	_	_	_	_	_	_
et	O	O	O	O	O	O	_	_	_	_	_	_
correspondants	O	O	O	O	O	O	_	_	_	_	_	_
occidentaux	O	O	O	O	O	O	_	_	NoSpaceAfter	_	_	_
,	O	O	O	O	O	O	_	_	EndOfLine	_	_	_
# segment_iiif_link = https://impresso-project.ch/api/proxy/iiif/GDL-1983-06-25-a-p0012/2112,1274,626,49/full/0/default.jpg
apprendon	O	O	O	O	O	O	_	_	_	_	_	_
de	O	O	O	O	O	O	_	_	_	_	_	_
source	O	O	O	O	O	O	_	_	_	_	_	_
émigrée	O	O	O	O	O	O	_	_	NoSpaceAfter	_	_	_
.	O	O	O	O	O	O	_	_	_	EndOfSentence	_	_
Auparavant	O	O	O	O	O	O	_	_	NoSpaceAfter	_	_	_
,	O	O	O	O	O	O	_	_	_	_	_	_
les	O	O	O	O	O	O	_	_	_	_	_	_
dissidents	O	O	O	O	O	O	_	_	EndOfLine	_	_	_
# segment_iiif_link = https://impresso-project.ch/api/proxy/iiif/GDL-1983-06-25-a-p0012/2112,1303,625,47/full/0/default.jpg
tchèques	O	O	O	O	O	O	_	_	_	_	_	_
avaient	O	O	O	O	O	O	_	_	_	_	_	_
rencontré	O	O	O	O	O	O	_	_	_	_	_	_
dans	O	O	O	O	O	O	_	_	_	_	_	_
un	O	O	O	O	O	O	_	_	_	_	_	_
parc	O	O	O	O	O	O	_	_	_	_	_	_
de	O	O	O	O	O	O	_	_	_	_	_	_
la	O	O	O	O	O	O	_	_	EndOfLine	_	_	_
# segment_iiif_link = https://impresso-project.ch/api/proxy/iiif/GDL-1983-06-25-a-p0012/2112,1330,626,49/full/0/default.jpg
capitale	O	O	O	O	O	O	_	_	_	_	_	_
des	O	O	O	O	O	O	_	_	_	_	_	_
délégués	O	O	O	O	O	O	_	_	_	_	_	_
occidentaux	O	O	O	O	O	O	_	_	_	_	_	_
à	O	O	O	O	O	O	_	_	_	_	_	_
l	O	O	O	O	O	O	_	_	NoSpaceAfter	_	_	_
'	O	O	O	O	O	O	_	_	NoSpaceAfter	_	_	_
Assemblée	O	O	O	O	O	O	_	_	EndOfLine	_	_	_
# segment_iiif_link = https://impresso-project.ch/api/proxy/iiif/GDL-1983-06-25-a-p0012/2112,1357,624,49/full/0/default.jpg
mondiale	O	O	O	O	O	O	_	_	_	_	_	_
pour	O	O	O	O	O	O	_	_	_	_	_	_
la	O	O	O	O	O	O	_	_	_	_	_	_
paix	O	O	O	O	O	O	_	_	NoSpaceAfter	_	_	_
,	O	O	O	O	O	O	_	_	_	_	_	_
manifestation	O	O	O	O	O	O	_	_	_	_	_	_
communiste	O	O	O	O	O	O	_	_	_	_	_	_
qui	O	O	O	O	O	O	_	_	EndOfLine	_	_	_
# segment_iiif_link = https://impresso-project.ch/api/proxy/iiif/GDL-1983-06-25-a-p0012/2112,1386,625,47/full/0/default.jpg
se	O	O	O	O	O	O	_	_	_	_	_	_
tient	O	O	O	O	O	O	_	_	_	_	_	_
à	O	O	O	O	O	O	_	_	_	_	_	_
Prague	O	O	O	O	O	O	_	_	_	_	_	_
:	O	O	O	O	O	O	_	_	_	_	_	_
notamment	O	O	O	O	O	O	_	_	NoSpaceAfter	_	_	_
,	O	O	O	O	O	O	_	_	_	_	_	_
des	O	O	O	O	O	O	_	_	_	_	_	_
députés	O	O	O	O	O	O	_	_	_	_	_	_
du	O	O	O	O	O	O	_	_	_	_	_	_
Parti	O	O	O	O	O	O	_	_	EndOfLine	_	_	_
# segment_iiif_link = https://impresso-project.ch/api/proxy/iiif/GDL-1983-06-25-a-p0012/2112,1413,626,49/full/0/default.jpg
des	O	O	O	O	O	O	_	_	_	_	_	_
verts	O	O	O	O	O	O	_	_	_	_	_	_
en	O	O	O	O	O	O	_	_	_	_	_	_
R	O	O	O	O	O	O	_	_	NoSpaceAfter	_	_	_
.	O	O	O	O	O	O	_	_	_	_	_	_
F	O	O	O	O	O	O	_	_	NoSpaceAfter	_	_	_
.	O	O	O	O	O	O	_	_	_	_	_	_
A	O	O	O	O	O	O	_	_	_	_	_	_
.	O	O	O	O	O	O	_	_	NoSpaceAfter	EndOfSentence	_	_
,	O	O	O	O	O	O	_	_	_	_	_	_
des	O	O	O	O	O	O	_	_	_	_	_	_
représentants	O	O	O	O	O	O	_	_	_	_	_	_
du	O	O	O	O	O	O	_	_	_	_	_	_
Comité	O	O	O	O	O	O	_	_	EndOfLine	_	_	_
# segment_iiif_link = https://impresso-project.ch/api/proxy/iiif/GDL-1983-06-25-a-p0012/2112,1442,625,47/full/0/default.jpg
pour	O	O	O	O	O	O	_	_	_	_	_	_
le	O	O	O	O	O	O	_	_	_	_	_	_
désarmement	O	O	O	O	O	O	_	_	_	_	_	_
nucléaire	O	O	O	O	O	O	_	_	_	_	_	_
de	O	O	O	O	O	O	_	_	EndOfLine	_	_	_
# segment_iiif_link = https://impresso-project.ch/api/proxy/iiif/GDL-1983-06-25-a-p0012/2110,1470,627,49/full/0/default.jpg
Grande	O	O	O	O	O	O	_	_	NoSpaceAfter	_	_	_
-	O	O	O	O	O	O	_	_	NoSpaceAfter	_	_	_
Bretagne	O	O	O	O	O	O	_	_	NoSpaceAfter	_	_	_
,	O	O	O	O	O	O	_	_	_	_	_	_
et	O	O	O	O	O	O	_	_	_	_	_	_
des	O	O	O	O	O	O	_	_	_	_	_	_
délégués	O	O	O	O	O	O	_	_	_	_	_	_
du	O	O	O	O	O	O	_	_	_	_	_	_
Mouvement	O	O	O	O	O	O	_	_	_	_	_	_
néerlandais	O	O	O	O	O	O	_	_	EndOfLine	_	_	_
# segment_iiif_link = https://impresso-project.ch/api/proxy/iiif/GDL-1983-06-25-a-p0012/2112,1499,626,47/full/0/default.jpg
Pax	O	O	O	O	O	O	_	_	_	_	_	_
Christi	O	O	O	O	O	O	_	_	NoSpaceAfter	_	_	_
.	O	O	O	O	O	O	_	_	_	EndOfSentence	_	_
Les	O	O	O	O	O	O	_	_	_	_	_	_
participants	O	O	O	O	O	O	_	_	_	_	_	_
ont	O	O	O	O	O	O	_	_	_	_	_	_
publié	O	O	O	O	O	O	_	_	_	_	_	_
une	O	O	O	O	O	O	_	_	EndOfLine	_	_	_
# segment_iiif_link = https://impresso-project.ch/api/proxy/iiif/GDL-1983-06-25-a-p0012/2112,1526,625,49/full/0/default.jpg
déclaration	O	O	O	O	O	O	_	_	_	_	_	_
affirmant	O	O	O	O	O	O	_	_	_	_	_	_
que	O	O	O	O	O	O	_	_	_	_	_	_
la	O	O	O	O	O	O	_	_	_	_	_	_
paix	O	O	O	O	O	O	_	_	_	_	_	_
et	O	O	O	O	O	O	_	_	_	_	_	_
les	O	O	O	O	O	O	_	_	_	_	_	_
droits	O	O	O	O	O	O	_	_	_	_	_	_
de	O	O	O	O	O	O	_	_	EndOfLine	_	_	_
# segment_iiif_link = https://impresso-project.ch/api/proxy/iiif/GDL-1983-06-25-a-p0012/2110,1555,365,47/full/0/default.jpg
l	O	O	O	O	O	O	_	_	NoSpaceAfter	_	_	_
'	O	O	O	O	O	O	_	_	NoSpaceAfter	_	_	_
homme	O	O	O	O	O	O	_	_	_	_	_	_
ne	O	O	O	O	O	O	_	_	_	_	_	_
peuvent	O	O	O	O	O	O	_	_	_	_	_	_
être	O	O	O	O	O	O	_	_	_	_	_	_
dissociés	O	O	O	O	O	O	_	_	NoSpaceAfter	_	_	_
.	O	O	O	O	O	O	_	_	EndOfLine	EndOfSentence	_	_
# segment_iiif_link = https://impresso-project.ch/api/proxy/iiif/GDL-1983-06-25-a-p0012/2150,1584,586,49/full/0/default.jpg
Une	O	O	O	O	O	O	_	_	_	_	_	_
équipe	O	O	O	O	O	O	_	_	_	_	_	_
delà	O	O	O	O	O	O	_	_	_	_	_	_
télévision	O	O	O	O	O	O	_	_	_	_	_	_
autrichienne	O	O	O	O	O	O	_	_	NoSpaceAfter	_	_	_
,	O	O	O	O	O	O	_	_	_	_	_	_
qui	O	O	O	O	O	O	_	_	EndOfLine	_	_	_
# segment_iiif_link = https://impresso-project.ch/api/proxy/iiif/GDL-1983-06-25-a-p0012/2110,1611,626,49/full/0/default.jpg
avait	O	O	O	O	O	O	_	_	_	_	_	_
filmé	O	O	O	O	O	O	_	_	_	_	_	_
la	O	O	O	O	O	O	_	_	_	_	_	_
rencontre	O	O	O	O	O	O	_	_	_	_	_	_
puis	O	O	O	O	O	O	_	_	_	_	_	_
s	O	O	O	O	O	O	_	_	NoSpaceAfter	_	_	_
'	O	O	O	O	O	O	_	_	NoSpaceAfter	_	_	_
était	O	O	O	O	O	O	_	_	_	_	_	_
rendue	O	O	O	O	O	O	_	_	_	_	_	_
à	O	O	O	O	O	O	_	_	EndOfLine	_	_	_
# segment_iiif_link = https://impresso-project.ch/api/proxy/iiif/GDL-1983-06-25-a-p0012/2110,1640,288,47/full/0/default.jpg
Hvezda	O	O	O	O	O	O	_	_	NoSpaceAfter	_	_	_
.	O	O	O	O	O	O	_	_	_	EndOfSentence	_	_
a	O	O	O	O	O	O	_	_	_	_	_	_
eu	O	O	O	O	O	O	_	_	_	_	_	_
son	O	O	O	O	O	O	_	_	_	_	_	_
film	O	O	O	O	O	O	_	_	_	_	_	_
saisi	O	O	O	O	O	O	_	_	NoSpaceAfter	_	_	_
.	O	O	O	O	O	O	_	_	EndOfLine	EndOfSentence	_	_
# segment_iiif_link = https://impresso-project.ch/api/proxy/iiif/GDL-1983-06-25-a-p0012/2142,1670,594,49/full/0/default.jpg
La	O	O	O	O	O	O	_	_	_	_	_	_
Charte	O	O	O	O	O	O	_	_	_	_	_	_
77	O	O	O	O	O	O	_	_	_	_	_	_
n	O	O	O	O	O	O	_	_	NoSpaceAfter	_	_	_
'	O	O	O	O	O	O	_	_	NoSpaceAfter	_	_	_
a	O	O	O	O	O	O	_	_	_	_	_	_
pas	O	O	O	O	O	O	_	_	_	_	_	_
été	O	O	O	O	O	O	_	_	_	_	_	_
autorisée	O	O	O	O	O	O	_	_	_	_	_	_
à	O	O	O	O	O	O	_	_	_	_	_	_
assister	O	O	O	O	O	O	_	_	_	_	_	_
à	O	O	O	O	O	O	_	_	EndOfLine	_	_	_
# segment_iiif_link = https://impresso-project.ch/api/proxy/iiif/GDL-1983-06-25-a-p0012/2112,1699,275,47/full/0/default.jpg
l	O	O	O	O	O	O	_	_	NoSpaceAfter	_	_	_
'	O	O	O	O	O	O	_	_	NoSpaceAfter	_	_	_
Assemblée	O	O	O	O	O	O	_	_	_	_	_	_
mondiale	O	O	O	O	O	O	_	_	NoSpaceAfter	_	_	_
.	O	O	O	O	O	O	_	_	EndOfLine	EndOfSentence	_	_

# language = fr
# newspaper = IMP
# date = 1885-09-13
# document_id = IMP-1885-09-13-a-i0013
# news-agency-as-source = Q2826560
# segment_iiif_link = https://impresso-project.ch/api/proxy/iiif/IMP-1885-09-13-a-p0003/1375,2989,14,75/full/0/default.jpg
.	O	O	O	O	O	O	_	_	EndOfLine	EndOfSentence	_	_
# segment_iiif_link = https://impresso-project.ch/api/proxy/iiif/IMP-1885-09-13-a-p0003/1382,2982,51,75/full/0/default.jpg
_	O	O	O	O	O	O	_	_	_	_	_	_
_	O	O	O	O	O	O	_	_	NoSpaceAfter	_	_	_
»	O	O	O	O	O	O	_	_	NoSpaceAfter	_	_	_
.	O	O	O	O	O	O	_	_	EndOfLine	EndOfSentence	_	_
# segment_iiif_link = https://impresso-project.ch/api/proxy/iiif/IMP-1885-09-13-a-p0003/1182,3052,445,85/full/0/default.jpg
Dernier	O	O	O	O	O	O	_	_	_	_	_	_
Courrier	O	O	O	O	O	O	_	_	NoSpaceAfter	_	_	_
.	O	O	O	O	O	O	_	_	EndOfLine	EndOfSentence	_	_
# segment_iiif_link = https://impresso-project.ch/api/proxy/iiif/IMP-1885-09-13-a-p0003/1018,3112,816,82/full/0/default.jpg
Berne	O	O	O	O	O	O	_	_	NoSpaceAfter	_	_	_
,	O	O	O	O	O	O	_	_	_	_	_	_
12	O	O	O	O	O	O	_	_	_	_	_	_
septembre	O	O	O	O	O	O	_	_	NoSpaceAfter	_	_	_
.	O	O	O	O	O	O	_	_	_	EndOfSentence	_	_
—	O	O	O	O	O	O	_	_	_	_	_	_
Le	O	O	O	O	O	O	_	_	_	_	_	_
Conseil	O	O	O	O	O	O	_	_	_	_	_	_
fédéral	O	O	O	O	O	O	_	_	_	_	_	_
a	O	O	O	O	O	O	_	_	EndOfLine	_	_	_
# segment_iiif_link = https://impresso-project.ch/api/proxy/iiif/IMP-1885-09-13-a-p0003/976,3151,857,82/full/0/default.jpg
examiné	O	O	O	O	O	O	_	_	_	_	_	_
la	O	O	O	O	O	O	_	_	_	_	_	_
question	O	O	O	O	O	O	_	_	_	_	_	_
de	O	O	O	O	O	O	_	_	_	_	_	_
savoir	O	O	O	O	O	O	_	_	_	_	_	_
si	O	O	O	O	O	O	_	_	_	_	_	_
les	O	O	O	O	O	O	_	_	_	_	_	_
consuls	O	O	O	O	O	O	_	_	EndOfLine	_	_	_
# segment_iiif_link = https://impresso-project.ch/api/proxy/iiif/IMP-1885-09-13-a-p0003/978,3192,852,80/full/0/default.jpg
suisses	O	O	O	O	O	O	_	_	_	_	_	_
sent	O	O	O	O	O	O	_	_	_	_	_	_
tenus	O	O	O	O	O	O	_	_	_	_	_	_
de	O	O	O	O	O	O	_	_	_	_	_	_
donner	O	O	O	O	O	O	_	_	_	_	_	_
des	O	O	O	O	O	O	_	_	_	_	_	_
renseignements	O	O	O	O	O	O	_	_	_	_	_	_
sur	O	O	O	O	O	O	_	_	EndOfLine	_	_	_
# segment_iiif_link = https://impresso-project.ch/api/proxy/iiif/IMP-1885-09-13-a-p0003/978,3232,852,80/full/0/default.jpg
les	O	O	O	O	O	O	_	_	_	_	_	_
maisons	O	O	O	O	O	O	_	_	_	_	_	_
de	O	O	O	O	O	O	_	_	_	_	_	_
commerce	O	O	O	O	O	O	_	_	_	_	_	_
étrangères	O	O	O	O	O	O	_	_	NoSpaceAfter	_	_	_
,	O	O	O	O	O	O	_	_	_	_	_	_
qui	O	O	O	O	O	O	_	_	_	_	_	_
leur	O	O	O	O	O	O	_	_	EndOfLine	_	_	_
# segment_iiif_link = https://impresso-project.ch/api/proxy/iiif/IMP-1885-09-13-a-p0003/978,3273,852,80/full/0/default.jpg
sont	O	O	O	O	O	O	_	_	_	_	_	_
demandés	O	O	O	O	O	O	_	_	_	_	_	_
par	O	O	O	O	O	O	_	_	_	_	_	_
des	O	O	O	O	O	O	_	_	_	_	_	_
maisons	O	O	O	O	O	O	_	_	_	_	_	_
de	O	O	O	O	O	O	_	_	_	_	_	_
commerce	O	O	O	O	O	O	_	_	EndOfLine	_	_	_
# segment_iiif_link = https://impresso-project.ch/api/proxy/iiif/IMP-1885-09-13-a-p0003/978,3315,856,80/full/0/default.jpg
suisses	O	O	O	O	O	O	_	_	NoSpaceAfter	_	_	_
,	O	O	O	O	O	O	_	_	_	_	_	_
en	O	O	O	O	O	O	_	_	_	_	_	_
raison	O	O	O	O	O	O	_	_	_	_	_	_
des	O	O	O	O	O	O	_	_	_	_	_	_
ennuis	O	O	O	O	O	O	_	_	_	_	_	_
qui	O	O	O	O	O	O	_	_	_	_	_	_
peuvent	O	O	O	O	O	O	_	_	_	_	_	_
en	O	O	O	O	O	O	_	_	EndOfLine	_	_	_
# segment_iiif_link = https://impresso-project.ch/api/proxy/iiif/IMP-1885-09-13-a-p0003/978,3354,854,80/full/0/default.jpg
résulter	O	O	O	O	O	O	_	_	_	_	_	_
pour	O	O	O	O	O	O	_	_	_	_	_	_
les	O	O	O	O	O	O	_	_	_	_	_	_
consuls	O	O	O	O	O	O	_	_	NoSpaceAfter	_	_	_
.	O	O	O	O	O	O	_	_	_	EndOfSentence	_	_
Le	O	O	O	O	O	O	_	_	_	_	_	_
Conseil	O	O	O	O	O	O	_	_	_	_	_	_
fédéral	O	O	O	O	O	O	_	_	_	_	_	_
estime	O	O	O	O	O	O	_	_	EndOfLine	_	_	_
# segment_iiif_link = https://impresso-project.ch/api/proxy/iiif/IMP-1885-09-13-a-p0003/976,3393,854,80/full/0/default.jpg
que	O	O	O	O	O	O	_	_	_	_	_	_
nos	O	O	O	O	O	O	_	_	_	_	_	_
consuls	O	O	O	O	O	O	_	_	_	_	_	_
sont	O	O	O	O	O	O	_	_	_	_	_	_
tenus	O	O	O	O	O	O	_	_	_	_	_	_
de	O	O	O	O	O	O	_	_	_	_	_	_
donner	O	O	O	O	O	O	_	_	_	_	_	_
ces	O	O	O	O	O	O	_	_	EndOfLine	_	_	_
# segment_iiif_link = https://impresso-project.ch/api/proxy/iiif/IMP-1885-09-13-a-p0003/978,3435,852,80/full/0/default.jpg
renseignements	O	O	O	O	O	O	_	_	NoSpaceAfter	_	_	_
,	O	O	O	O	O	O	_	_	_	_	_	_
mais	O	O	O	O	O	O	_	_	_	_	_	_
il	O	O	O	O	O	O	_	_	_	_	_	_
les	O	O	O	O	O	O	_	_	_	_	_	_
laisse	O	O	O	O	O	O	_	_	_	_	_	_
libres	O	O	O	O	O	O	_	_	_	_	_	_
de	O	O	O	O	O	O	_	_	_	_	_	_
juger	O	O	O	O	O	O	_	_	_	_	_	_
dans	O	O	O	O	O	O	_	_	EndOfLine	_	_	_
# segment_iiif_link = https://impresso-project.ch/api/proxy/iiif/IMP-1885-09-13-a-p0003/976,3474,598,80/full/0/default.jpg
quelle	O	O	O	O	O	O	_	_	_	_	_	_
mesure	O	O	O	O	O	O	_	_	_	_	_	_
ils	O	O	O	O	O	O	_	_	_	_	_	_
peuvent	O	O	O	O	O	O	_	_	_	_	_	_
le	O	O	O	O	O	O	_	_	_	_	_	_
faire	O	O	O	O	O	O	_	_	NoSpaceAfter	_	_	_
.	O	O	O	O	O	O	_	_	EndOfLine	EndOfSentence	_	_
# segment_iiif_link = https://impresso-project.ch/api/proxy/iiif/IMP-1885-09-13-a-p0003/1018,3518,812,80/full/0/default.jpg
—	O	O	O	O	O	O	_	_	_	_	_	_
Un	O	O	O	O	O	O	_	_	_	_	_	_
don	O	O	O	O	O	O	_	_	_	_	_	_
d	O	O	O	O	O	O	_	_	NoSpaceAfter	_	_	_
'	O	O	O	O	O	O	_	_	NoSpaceAfter	_	_	_
honneur	O	O	O	O	O	O	_	_	_	_	_	_
de	O	O	O	O	O	O	_	_	_	_	_	_
300	O	O	O	O	O	O	_	_	_	_	_	_
fr	O	O	O	O	O	O	_	_	NoSpaceAfter	_	_	_
.	O	O	O	O	O	O	_	_	_	_	_	_
est	O	O	O	O	O	O	_	_	_	_	_	_
accordé	O	O	O	O	O	O	_	_	EndOfLine	_	_	_
# segment_iiif_link = https://impresso-project.ch/api/proxy/iiif/IMP-1885-09-13-a-p0003/978,3552,854,80/full/0/default.jpg
par	O	O	O	O	O	O	_	_	_	_	_	_
le	O	O	O	O	O	O	_	_	_	_	_	_
Conseil	O	O	O	O	O	O	_	_	_	_	_	_
fédéral	O	O	O	O	O	O	_	_	_	_	_	_
pour	O	O	O	O	O	O	_	_	_	_	_	_
les	O	O	O	O	O	O	_	_	_	_	_	_
courses	O	O	O	O	O	O	_	_	_	_	_	_
hippiques	O	O	O	O	O	O	_	_	EndOfLine	_	_	_
# segment_iiif_link = https://impresso-project.ch/api/proxy/iiif/IMP-1885-09-13-a-p0003/976,3594,494,80/full/0/default.jpg
des	O	O	O	O	O	O	_	_	_	_	_	_
4	O	O	O	O	O	O	_	_	_	_	_	_
et	O	O	O	O	O	O	_	_	_	_	_	_
5	O	O	O	O	O	O	_	_	_	_	_	_
octobre	O	O	O	O	O	O	_	_	NoSpaceAfter	_	_	_
,	O	O	O	O	O	O	_	_	_	_	_	_
à	O	O	O	O	O	O	_	_	_	_	_	_
Zurich	O	O	O	O	O	O	_	_	NoSpaceAfter	_	_	_
.	O	O	O	O	O	O	_	_	EndOfLine	EndOfSentence	_	_
# segment_iiif_link = https://impresso-project.ch/api/proxy/iiif/IMP-1885-09-13-a-p0003/1018,3675,810,80/full/0/default.jpg
Cracovie	O	O	O	O	O	O	_	_	NoSpaceAfter	_	_	_
,	O	O	O	O	O	O	_	_	_	_	_	_
II	O	O	O	O	O	O	_	_	_	_	_	_
septembre	O	O	O	O	O	O	_	_	NoSpaceAfter	_	_	_
.	O	O	O	O	O	O	_	_	_	EndOfSentence	_	_
—	O	O	O	O	O	O	_	_	_	_	_	_
D	O	O	O	O	O	O	_	_	NoSpaceAfter	_	_	_
'	O	O	O	O	O	O	_	_	NoSpaceAfter	_	_	_
après	O	O	O	O	O	O	_	_	_	_	_	_
les	O	O	O	O	O	O	_	_	EndOfLine	_	_	_
# segment_iiif_link = https://impresso-project.ch/api/proxy/iiif/IMP-1885-09-13-a-p0003/978,3714,847,80/full/0/default.jpg
dernières	O	O	O	O	O	O	_	_	_	_	_	_
nouvelles	O	O	O	O	O	O	_	_	_	_	_	_
de	O	O	O	O	O	O	_	_	_	_	_	_
Posen	O	O	O	O	O	O	_	_	NoSpaceAfter	_	_	_
,	O	O	O	O	O	O	_	_	_	_	_	_
les	O	O	O	O	O	O	_	_	_	_	_	_
arrêtés	O	O	O	O	O	O	_	_	_	_	_	_
d	O	O	O	O	O	O	_	_	NoSpaceAfter	_	_	_
'	O	O	O	O	O	O	_	_	NoSpaceAfter	_	_	_
expulsion	O	O	O	O	O	O	_	_	EndOfLine	_	_	_
# segment_iiif_link = https://impresso-project.ch/api/proxy/iiif/IMP-1885-09-13-a-p0003/978,3753,852,80/full/0/default.jpg
sont	O	O	O	O	O	O	_	_	_	_	_	_
exécutés	O	O	O	O	O	O	_	_	_	_	_	_
actuellement	O	O	O	O	O	O	_	_	_	_	_	_
avec	O	O	O	O	O	O	_	_	_	_	_	_
plus	O	O	O	O	O	O	_	_	_	_	_	_
de	O	O	O	O	O	O	_	_	_	_	_	_
sévérité	O	O	O	O	O	O	_	_	EndOfLine	_	_	_
# segment_iiif_link = https://impresso-project.ch/api/proxy/iiif/IMP-1885-09-13-a-p0003/978,3795,852,80/full/0/default.jpg
encore	O	O	O	O	O	O	_	_	_	_	_	_
qu	O	O	O	O	O	O	_	_	NoSpaceAfter	_	_	_
'	O	O	O	O	O	O	_	_	NoSpaceAfter	_	_	_
auparavant	O	O	O	O	O	O	_	_	NoSpaceAfter	_	_	_
.	O	O	O	O	O	O	_	_	_	EndOfSentence	_	_
On	O	O	O	O	O	O	_	_	_	_	_	_
dit	O	O	O	O	O	O	_	_	_	_	_	_
que	O	O	O	O	O	O	_	_	_	_	_	_
le	O	O	O	O	O	O	_	_	_	_	_	_
nombre	O	O	O	O	O	O	_	_	_	_	_	_
des	O	O	O	O	O	O	_	_	EndOfLine	_	_	_
# segment_iiif_link = https://impresso-project.ch/api/proxy/iiif/IMP-1885-09-13-a-p0003/978,3834,854,80/full/0/default.jpg
Polonais	O	O	O	O	O	O	_	_	_	_	_	_
russes	O	O	O	O	O	O	_	_	_	_	_	_
et	O	O	O	O	O	O	_	_	_	_	_	_
autrichiens	O	O	O	O	O	O	_	_	_	_	_	_
qui	O	O	O	O	O	O	_	_	_	_	_	_
sont	O	O	O	O	O	O	_	_	_	_	_	_
menacés	O	O	O	O	O	O	_	_	EndOfLine	_	_	_
# segment_iiif_link = https://impresso-project.ch/api/proxy/iiif/IMP-1885-09-13-a-p0003/978,3875,854,80/full/0/default.jpg
d	O	O	O	O	O	O	_	_	NoSpaceAfter	_	_	_
'	O	O	O	O	O	O	_	_	NoSpaceAfter	_	_	_
expulsion	O	O	O	O	O	O	_	_	_	_	_	_
atteint	O	O	O	O	O	O	_	_	_	_	_	_
déjà	O	O	O	O	O	O	_	_	_	_	_	_
le	O	O	O	O	O	O	_	_	_	_	_	_
chiffre	O	O	O	O	O	O	_	_	_	_	_	_
de	O	O	O	O	O	O	_	_	_	_	_	_
35,000	O	O	O	O	O	O	_	_	EndOfLine	_	_	_
# segment_iiif_link = https://impresso-project.ch/api/proxy/iiif/IMP-1885-09-13-a-p0003/978,3915,127,80/full/0/default.jpg
personnes	O	O	O	O	O	O	_	_	NoSpaceAfter	_	_	_
.	O	O	O	O	O	O	_	_	EndOfLine	EndOfSentence	_	_
# segment_iiif_link = https://impresso-project.ch/api/proxy/iiif/IMP-1885-09-13-a-p0003/1018,3954,812,80/full/0/default.jpg
—	O	O	O	O	O	O	_	_	_	_	_	_
Il	O	O	O	O	O	O	_	_	_	_	_	_
y	O	O	O	O	O	O	_	_	_	_	_	_
a	O	O	O	O	O	O	_	_	_	_	_	_
eu	O	O	O	O	O	O	_	_	_	_	_	_
hier	O	O	O	O	O	O	_	_	_	_	_	_
dix	O	O	O	O	O	O	_	_	_	_	_	_
décès	O	O	O	O	O	O	_	_	_	_	_	_
cholériques	O	O	O	O	O	O	_	_	_	_	_	_
à	O	O	O	O	O	O	_	_	EndOfLine	_	_	_
# segment_iiif_link = https://impresso-project.ch/api/proxy/iiif/IMP-1885-09-13-a-p0003/978,3995,102,80/full/0/default.jpg
Marseille	O	O	O	O	O	O	_	_	NoSpaceAfter	_	_	_
.	O	O	O	O	O	O	_	_	EndOfLine	EndOfSentence	_	_
# segment_iiif_link = https://impresso-project.ch/api/proxy/iiif/IMP-1885-09-13-a-p0003/1920,273,815,80/full/0/default.jpg
Paris	O	O	O	O	O	O	_	_	NoSpaceAfter	_	_	_
,	O	O	O	O	O	O	_	_	_	_	_	_
12	O	O	O	O	O	O	_	_	_	_	_	_
septembre	O	O	O	O	O	O	_	_	NoSpaceAfter	_	_	_
.	O	O	O	O	O	O	_	_	_	EndOfSentence	_	_
—	O	O	O	O	O	O	_	_	_	_	_	_
Toutes	O	O	O	O	O	O	_	_	_	_	_	_
les	O	O	O	O	O	O	_	_	EndOfLine	_	_	_
# segment_iiif_link = https://impresso-project.ch/api/proxy/iiif/IMP-1885-09-13-a-p0003/1878,315,859,80/full/0/default.jpg
correspondances	O	O	O	O	O	O	_	_	_	_	_	_
de	O	O	O	O	O	O	_	_	_	_	_	_
Madrid	O	O	O	O	O	O	_	_	_	_	_	_
constatent	O	O	O	O	O	O	_	_	_	_	_	_
que	O	O	O	O	O	O	_	_	_	_	_	_
la	O	O	O	O	O	O	_	_	_	_	_	_
situation	O	O	O	O	O	O	_	_	EndOfLine	_	_	_
# segment_iiif_link = https://impresso-project.ch/api/proxy/iiif/IMP-1885-09-13-a-p0003/1881,354,853,80/full/0/default.jpg
continue	O	O	O	O	O	O	_	_	_	_	_	_
à	O	O	O	O	O	O	_	_	_	_	_	_
être	O	O	O	O	O	O	_	_	_	_	_	_
très	O	O	O	O	O	O	_	_	_	_	_	_
grave	O	O	O	O	O	O	_	_	_	_	_	_
;	O	O	O	O	O	O	_	_	_	_	_	_
l	O	O	O	O	O	O	_	_	NoSpaceAfter	_	_	_
'	O	O	O	O	O	O	_	_	NoSpaceAfter	_	_	_
agitation	O	O	O	O	O	O	_	_	NoSpaceAfter	_	_	_
,	O	O	O	O	O	O	_	_	_	_	_	_
parmi	O	O	O	O	O	O	_	_	_	_	_	_
les	O	O	O	O	O	O	_	_	EndOfLine	_	_	_
# segment_iiif_link = https://impresso-project.ch/api/proxy/iiif/IMP-1885-09-13-a-p0003/1878,393,854,80/full/0/default.jpg
marins	O	O	O	O	O	O	_	_	NoSpaceAfter	_	_	_
,	O	O	O	O	O	O	_	_	_	_	_	_
à	O	O	O	O	O	O	_	_	_	_	_	_
Carlhagène	O	O	O	O	O	O	_	_	NoSpaceAfter	_	_	_
,	O	O	O	O	O	O	_	_	_	_	_	_
au	O	O	O	O	O	O	_	_	_	_	_	_
Ferrol	O	O	O	O	O	O	_	_	_	_	_	_
et	O	O	O	O	O	O	_	_	_	_	_	_
à	O	O	O	O	O	O	_	_	_	_	_	_
Cadix	O	O	O	O	O	O	_	_	NoSpaceAfter	_	_	_
,	O	O	O	O	O	O	_	_	_	_	_	_
est	O	O	O	O	O	O	_	_	EndOfLine	_	_	_
# segment_iiif_link = https://impresso-project.ch/api/proxy/iiif/IMP-1885-09-13-a-p0003/1878,432,151,80/full/0/default.jpg
extrême	O	O	O	O	O	O	_	_	NoSpaceAfter	_	_	_
.	O	O	O	O	O	O	_	_	EndOfLine	EndOfSentence	_	_
# segment_iiif_link = https://impresso-project.ch/api/proxy/iiif/IMP-1885-09-13-a-p0003/1920,474,817,80/full/0/default.jpg
Hier	O	O	O	O	O	O	_	_	NoSpaceAfter	_	_	_
,	O	O	O	O	O	O	_	_	_	_	_	_
la	O	O	O	O	O	O	_	_	_	_	_	_
population	O	O	O	O	O	O	_	_	_	_	_	_
de	O	O	O	O	O	O	_	_	_	_	_	_
Ferrol	O	O	O	O	O	O	_	_	NoSpaceAfter	_	_	_
,	O	O	O	O	O	O	_	_	_	_	_	_
qui	O	O	O	O	O	O	_	_	_	_	_	_
est	O	O	O	O	O	O	_	_	EndOfLine	_	_	_
# segment_iiif_link = https://impresso-project.ch/api/proxy/iiif/IMP-1885-09-13-a-p0003/1878,513,859,80/full/0/default.jpg
entièrement	O	O	O	O	O	O	_	_	_	_	_	_
républicaine	O	O	O	O	O	O	_	_	NoSpaceAfter	_	_	_
,	O	O	O	O	O	O	_	_	_	_	_	_
a	O	O	O	O	O	O	_	_	_	_	_	_
fait	O	O	O	O	O	O	_	_	_	_	_	_
une	O	O	O	O	O	O	_	_	_	_	_	_
manifestation	O	O	O	O	O	O	_	_	EndOfLine	_	_	_
# segment_iiif_link = https://impresso-project.ch/api/proxy/iiif/IMP-1885-09-13-a-p0003/1881,552,851,80/full/0/default.jpg
sérieuse	O	O	O	O	O	O	_	_	NoSpaceAfter	_	_	_
,	O	O	O	O	O	O	_	_	_	_	_	_
dirigée	O	O	O	O	O	O	_	_	_	_	_	_
contre	O	O	O	O	O	O	_	_	_	_	_	_
le	O	O	O	O	O	O	_	_	_	_	_	_
gouvernement	O	O	O	O	O	O	_	_	_	_	_	_
;	O	O	O	O	O	O	_	_	_	_	_	_
l	O	O	O	O	O	O	_	_	NoSpaceAfter	_	_	_
'	O	O	O	O	O	O	_	_	NoSpaceAfter	_	_	_
ordre	O	O	O	O	O	O	_	_	EndOfLine	_	_	_
# segment_iiif_link = https://impresso-project.ch/api/proxy/iiif/IMP-1885-09-13-a-p0003/1878,594,859,80/full/0/default.jpg
a	O	O	O	O	O	O	_	_	_	_	_	_
été	O	O	O	O	O	O	_	_	_	_	_	_
troublé	O	O	O	O	O	O	_	_	_	_	_	_
dans	O	O	O	O	O	O	_	_	_	_	_	_
cette	O	O	O	O	O	O	_	_	_	_	_	_
ville	O	O	O	O	O	O	_	_	NoSpaceAfter	_	_	_
.	O	O	O	O	O	O	_	_	_	EndOfSentence	_	_
On	O	O	O	O	O	O	_	_	_	_	_	_
dit	O	O	O	O	O	O	_	_	_	_	_	_
aussi	O	O	O	O	O	O	_	_	_	_	_	_
que	O	O	O	O	O	O	_	_	EndOfLine	_	_	_
# segment_iiif_link = https://impresso-project.ch/api/proxy/iiif/IMP-1885-09-13-a-p0003/1881,633,856,80/full/0/default.jpg
des	O	O	O	O	O	O	_	_	_	_	_	_
troubles	O	O	O	O	O	O	_	_	_	_	_	_
ont	O	O	O	O	O	O	_	_	_	_	_	_
eu	O	O	O	O	O	O	_	_	_	_	_	_
lieu	O	O	O	O	O	O	_	_	_	_	_	_
à	O	O	O	O	O	O	_	_	_	_	_	_
Valencia	O	O	O	O	O	O	_	_	NoSpaceAfter	_	_	_
.	O	O	O	O	O	O	_	_	_	EndOfSentence	_	_
L	O	O	O	O	O	O	_	_	NoSpaceAfter	_	_	_
'	O	O	O	O	O	O	_	_	NoSpaceAfter	_	_	_
amiral	O	O	O	O	O	O	_	_	EndOfLine	_	_	_
# segment_iiif_link = https://impresso-project.ch/api/proxy/iiif/IMP-1885-09-13-a-p0003/1881,672,856,80/full/0/default.jpg
Topete	O	O	O	O	O	O	_	_	NoSpaceAfter	_	_	_
,	O	O	O	O	O	O	_	_	_	_	_	_
sous	O	O	O	O	O	O	_	_	NoSpaceAfter	_	_	_
-	O	O	O	O	O	O	_	_	NoSpaceAfter	_	_	_
secrétaire	O	O	O	O	O	O	_	_	_	_	_	_
de	O	O	O	O	O	O	_	_	_	_	_	_
la	O	O	O	O	O	O	_	_	_	_	_	_
marine	O	O	O	O	O	O	_	_	NoSpaceAfter	_	_	_
,	O	O	O	O	O	O	_	_	_	_	_	_
a	O	O	O	O	O	O	_	_	_	_	_	_
donné	O	O	O	O	O	O	_	_	_	_	_	_
sa	O	O	O	O	O	O	_	_	EndOfLine	_	_	_
# segment_iiif_link = https://impresso-project.ch/api/proxy/iiif/IMP-1885-09-13-a-p0003/1881,712,182,80/full/0/default.jpg
démission	O	O	O	O	O	O	_	_	NoSpaceAfter	_	_	_
.	O	O	O	O	O	O	_	_	EndOfLine	EndOfSentence	_	_
# segment_iiif_link = https://impresso-project.ch/api/proxy/iiif/IMP-1885-09-13-a-p0003/1922,751,812,82/full/0/default.jpg
Le	O	O	O	O	O	O	_	_	_	_	_	_
gouvernement	O	O	O	O	O	O	_	_	_	_	_	_
espagnol	O	O	O	O	O	O	_	_	_	_	_	_
a	O	O	O	O	O	O	_	_	_	_	_	_
intercepté	O	O	O	O	O	O	_	_	NoSpaceAfter	_	_	_
,	O	O	O	O	O	O	_	_	_	_	_	_
dans	O	O	O	O	O	O	_	_	EndOfLine	_	_	_
# segment_iiif_link = https://impresso-project.ch/api/proxy/iiif/IMP-1885-09-13-a-p0003/1885,792,806,80/full/0/default.jpg
la	O	O	O	O	O	O	_	_	_	_	_	_
nuit	O	O	O	O	O	O	_	_	_	_	_	_
d	O	O	O	O	O	O	_	_	NoSpaceAfter	_	_	_
'	O	O	O	O	O	O	_	_	NoSpaceAfter	_	_	_
hier	O	O	O	O	O	O	_	_	NoSpaceAfter	_	_	_
,	O	O	O	O	O	O	_	_	_	_	_	_
une	O	O	O	O	O	O	_	_	_	_	_	_
dépêche	O	O	O	O	O	O	_	_	_	_	_	_
de	O	O	O	O	O	O	_	_	_	_	_	_
l	O	O	O	O	O	O	_	_	NoSpaceAfter	_	_	_
'	O	O	O	O	O	O	_	_	NoSpaceAfter	_	_	_
agence	O	O	O	O	O	O	_	_	_	_	_	_
Havas	O	O	O	O	O	O	Q2826560	_	NoSpaceAfter	_	LED0.00	_
.	O	O	O	O	O	O	_	_	EndOfLine	EndOfSentence	_	_

# language = fr
# newspaper = IMP
# date = 1886-06-19
# document_id = IMP-1886-06-19-a-i0064
# news-agency-as-source = _
# segment_iiif_link = https://impresso-project.ch/api/proxy/iiif/IMP-1886-06-19-a-p0006/833,3836,632,64/full/0/default.jpg
lu	O	O	O	O	O	O	_	_	_	_	_	_
il	O	O	O	O	O	O	_	_	_	_	_	_
mi	O	O	O	O	O	O	_	_	_	_	_	_
fil	O	O	O	O	O	O	_	_	_	_	_	_
IA	O	O	O	O	O	O	_	_	_	_	_	_
Un	O	O	O	O	O	O	_	_	_	_	_	_
désire	O	O	O	O	O	O	_	_	_	_	_	_
placer	O	O	O	O	O	O	_	_	_	_	_	_
une	O	O	O	O	O	O	_	_	_	_	_	_
jeune	O	O	O	O	O	O	_	_	EndOfLine	_	_	_
# segment_iiif_link = https://impresso-project.ch/api/proxy/iiif/IMP-1886-06-19-a-p0006/826,3855,644,64/full/0/default.jpg
«	O	O	O	O	O	O	_	_	_	_	_	_
JCUUC	O	O	O	O	O	O	_	_	_	_	_	_
UllC	O	O	O	O	O	O	_	_	NoSpaceAfter	_	_	_
.	O	O	O	O	O	O	_	_	_	EndOfSentence	_	_
flUe	O	O	O	O	O	O	_	_	_	_	_	_
de	O	O	O	O	O	O	_	_	_	_	_	_
15	O	O	O	O	O	O	_	_	_	_	_	_
ans	O	O	O	O	O	O	_	_	_	_	_	_
pour	O	O	O	O	O	O	_	_	_	_	_	_
servir	O	O	O	O	O	O	_	_	EndOfLine	_	_	_
# segment_iiif_link = https://impresso-project.ch/api/proxy/iiif/IMP-1886-06-19-a-p0006/826,3892,644,64/full/0/default.jpg
dans	O	O	O	O	O	O	_	_	_	_	_	_
un	O	O	O	O	O	O	_	_	_	_	_	_
magasin	O	O	O	O	O	O	_	_	NoSpaceAfter	_	_	_
.	O	O	O	O	O	O	_	_	_	EndOfSentence	_	_
—	O	O	O	O	O	O	_	_	_	_	_	_
S	O	O	O	O	O	O	_	_	NoSpaceAfter	_	_	_
'	O	O	O	O	O	O	_	_	NoSpaceAfter	_	_	_
adresser	O	O	O	O	O	O	_	_	_	_	_	_
au	O	O	O	O	O	O	_	_	_	_	_	_
bureau	O	O	O	O	O	O	_	_	EndOfLine	_	_	_
# segment_iiif_link = https://impresso-project.ch/api/proxy/iiif/IMP-1886-06-19-a-p0006/826,3924,646,64/full/0/default.jpg
de	O	O	O	O	O	O	_	_	_	_	_	_
I	O	O	O	O	O	O	_	_	NoSpaceAfter	_	_	_
'	O	O	O	O	O	O	_	_	NoSpaceAfter	_	_	_
IMPARTIAL	O	O	O	O	O	O	_	_	NoSpaceAfter	_	_	_
.	O	O	O	O	O	O	_	_	_	EndOfSentence	_	_
1	O	O	O	O	O	O	_	_	NoSpaceAfter	_	_	_
'	O	O	O	O	O	O	_	_	NoSpaceAfter	_	_	_
4508	O	O	O	O	O	O	_	_	_	_	_	_
2	O	O	O	O	O	O	_	_	EndOfLine	_	_	_
# segment_iiif_link = https://impresso-project.ch/api/proxy/iiif/IMP-1886-06-19-a-p0006/826,3984,635,64/full/0/default.jpg
IlnA	O	O	O	O	O	O	_	_	_	_	_	_
i	O	O	O	O	O	O	_	_	_	_	_	_
Aima	O	O	O	O	O	O	_	_	_	_	_	_
filla	O	O	O	O	O	O	_	_	_	_	_	_
honnête	O	O	O	O	O	O	_	_	NoSpaceAfter	_	_	_
,	O	O	O	O	O	O	_	_	_	_	_	_
désirant	O	O	O	O	O	O	_	_	_	_	_	_
ap	O	O	O	O	O	O	_	_	EndOfLine	_	_	_
# segment_iiif_link = https://impresso-project.ch/api/proxy/iiif/IMP-1886-06-19-a-p0006/828,4000,644,64/full/0/default.jpg
LUC	O	O	O	O	O	O	_	_	_	_	_	_
JCUUC	O	O	O	O	O	O	_	_	_	_	_	_
UllC	O	O	O	O	O	O	_	_	_	_	_	_
prendre	O	O	O	O	O	O	_	_	_	_	_	_
le	O	O	O	O	O	O	_	_	_	_	_	_
français	O	O	O	O	O	O	_	_	NoSpaceAfter	_	_	_
,	O	O	O	O	O	O	_	_	EndOfLine	_	_	_
# segment_iiif_link = https://impresso-project.ch/api/proxy/iiif/IMP-1886-06-19-a-p0006/826,4035,644,64/full/0/default.jpg
cherche	O	O	O	O	O	O	_	_	_	_	_	_
à	O	O	O	O	O	O	_	_	_	_	_	_
se	O	O	O	O	O	O	_	_	_	_	_	_
placer	O	O	O	O	O	O	_	_	_	_	_	_
de	O	O	O	O	O	O	_	_	_	_	_	_
suite	O	O	O	O	O	O	_	_	_	_	_	_
dans	O	O	O	O	O	O	_	_	_	_	_	_
un	O	O	O	O	O	O	_	_	_	_	_	_
café	O	O	O	O	O	O	_	_	EndOfLine	_	_	_
# segment_iiif_link = https://impresso-project.ch/api/proxy/iiif/IMP-1886-06-19-a-p0006/826,4067,577,64/full/0/default.jpg
comme	O	O	O	O	O	O	_	_	_	_	_	_
sommelière	O	O	O	O	O	O	_	_	_	_	_	_
et	O	O	O	O	O	O	_	_	_	_	_	_
aide	O	O	O	O	O	O	_	_	_	_	_	_
de	O	O	O	O	O	O	_	_	_	_	_	_
cuisine	O	O	O	O	O	O	_	_	NoSpaceAfter	_	_	_
.	O	O	O	O	O	O	_	_	EndOfLine	EndOfSentence	_	_
# segment_iiif_link = https://impresso-project.ch/api/proxy/iiif/IMP-1886-06-19-a-p0006/856,4099,616,64/full/0/default.jpg
S	O	O	O	O	O	O	_	_	NoSpaceAfter	_	_	_
'	O	O	O	O	O	O	_	_	NoSpaceAfter	_	_	_
adr	O	O	O	O	O	O	_	_	NoSpaceAfter	_	_	_
.	O	O	O	O	O	O	_	_	_	EndOfSentence	_	_
au	O	O	O	O	O	O	_	_	_	_	_	_
bureau	O	O	O	O	O	O	_	_	_	_	_	_
de	O	O	O	O	O	O	_	_	_	_	_	_
I	O	O	O	O	O	O	_	_	NoSpaceAfter	_	_	_
'	O	O	O	O	O	O	_	_	NoSpaceAfter	_	_	_
IMPARTIAL	O	O	O	O	O	O	_	_	NoSpaceAfter	_	_	_
.	O	O	O	O	O	O	_	_	_	EndOfSentence	_	_
4466	O	O	O	O	O	O	_	_	_	_	_	_
2	O	O	O	O	O	O	_	_	EndOfLine	EndOfSentence	_	_

# language = fr
# newspaper = IMP
# date = 1892-01-07
# document_id = IMP-1892-01-07-a-i0051
# news-agency-as-source = _
# segment_iiif_link = https://impresso-project.ch/api/proxy/iiif/IMP-1892-01-07-a-p0007/133,513,179,75/full/0/default.jpg
-	O	O	O	O	O	O	_	_	NoSpaceAfter	_	_	_
Alouer	O	O	O	O	O	O	_	_	EndOfLine	_	_	_
# segment_iiif_link = https://impresso-project.ch/api/proxy/iiif/IMP-1892-01-07-a-p0007/50,559,338,44/full/0/default.jpg
pour	O	O	O	O	O	O	_	_	_	_	_	_
ciuse	O	O	O	O	O	O	_	_	_	_	_	_
de	O	O	O	O	O	O	_	_	_	_	_	_
départ	O	O	O	O	O	O	_	_	NoSpaceAfter	_	_	_
,	O	O	O	O	O	O	_	_	_	_	_	_
de	O	O	O	O	O	O	_	_	_	_	_	_
snite	O	O	O	O	O	O	_	_	_	_	_	_
ou	O	O	O	O	O	O	_	_	_	_	_	_
pour	O	O	O	O	O	O	_	_	EndOfLine	_	_	_
# segment_iiif_link = https://impresso-project.ch/api/proxy/iiif/IMP-1892-01-07-a-p0007/50,575,338,43/full/0/default.jpg
Saint	O	O	O	O	O	O	_	_	NoSpaceAfter	_	_	_
-	O	O	O	O	O	O	_	_	NoSpaceAfter	_	_	_
Georges	O	O	O	O	O	O	_	_	_	_	_	_
_	O	O	O	O	O	O	_	_	NoSpaceAfter	_	_	_
prochaine	O	O	O	O	O	O	_	_	NoSpaceAfter	_	_	_
,	O	O	O	O	O	O	_	_	_	_	_	_
uu	O	O	O	O	O	O	_	_	_	_	_	_
ma	O	O	O	O	O	O	_	_	_	_	_	_
_	O	O	O	O	O	O	_	_	NoSpaceAfter	_	_	_
^	O	O	O	O	O	O	_	_	_	_	_	_
_	O	O	O	O	O	O	_	_	NoSpaceAfter	_	_	_
nifiqua	O	O	O	O	O	O	_	_	EndOfLine	_	_	_
# segment_iiif_link = https://impresso-project.ch/api/proxy/iiif/IMP-1892-01-07-a-p0007/49,591,339,44/full/0/default.jpg
ap	O	O	O	O	O	O	_	_	_	_	_	_
artement	O	O	O	O	O	O	_	_	_	_	_	_
de	O	O	O	O	O	O	_	_	_	_	_	_
3	O	O	O	O	O	O	_	_	_	_	_	_
ou	O	O	O	O	O	O	_	_	_	_	_	_
5	O	O	O	O	O	O	_	_	_	_	_	_
chambres	O	O	O	O	O	O	_	_	_	_	_	_
dans	O	O	O	O	O	O	_	_	_	_	_	_
une	O	O	O	O	O	O	_	_	EndOfLine	_	_	_
# segment_iiif_link = https://impresso-project.ch/api/proxy/iiif/IMP-1892-01-07-a-p0007/51,607,336,44/full/0/default.jpg
niais	O	O	O	O	O	O	_	_	_	_	_	_
m	O	O	O	O	O	O	_	_	_	_	_	_
ds	O	O	O	O	O	O	_	_	_	_	_	_
construction	O	O	O	O	O	O	_	_	_	_	_	_
récente	O	O	O	O	O	O	_	_	_	_	_	_
et	O	O	O	O	O	O	_	_	_	_	_	_
à	O	O	O	O	O	O	_	_	EndOfLine	_	_	_
# segment_iiif_link = https://impresso-project.ch/api/proxy/iiif/IMP-1892-01-07-a-p0007/50,624,132,44/full/0/default.jpg
mité	O	O	O	O	O	O	_	_	_	_	_	_
de	O	O	O	O	O	O	_	_	_	_	_	_
la	O	O	O	O	O	O	_	_	_	_	_	_
Gare	O	O	O	O	O	O	_	_	NoSpaceAfter	_	_	_
.	O	O	O	O	O	O	_	_	EndOfLine	EndOfSentence	_	_
# segment_iiif_link = https://impresso-project.ch/api/proxy/iiif/IMP-1892-01-07-a-p0007/74,640,313,43/full/0/default.jpg
S	O	O	O	O	O	O	_	_	NoSpaceAfter	_	_	_
'	O	O	O	O	O	O	_	_	NoSpaceAfter	_	_	_
adresser	O	O	O	O	O	O	_	_	_	_	_	_
au	O	O	O	O	O	O	_	_	_	_	_	_
bureau	O	O	O	O	O	O	_	_	_	_	_	_
du	O	O	O	O	O	O	_	_	_	_	_	_
notaire	O	O	O	O	O	O	_	_	_	_	_	_
A	O	O	O	O	O	O	_	_	NoSpaceAfter	_	_	_
.	O	O	O	O	O	O	_	_	EndOfLine	_	_	_
# segment_iiif_link = https://impresso-project.ch/api/proxy/iiif/IMP-1892-01-07-a-p0007/50,657,338,44/full/0/default.jpg
Qiartier	O	O	O	O	O	O	_	_	NoSpaceAfter	_	_	_
,	O	O	O	O	O	O	_	_	_	_	_	_
rue	O	O	O	O	O	O	_	_	_	_	_	_
Fritz	O	O	O	O	O	O	_	_	_	_	_	_
Courvoisier	O	O	O	O	O	O	_	_	_	_	_	_
9.173	O	O	O	O	O	O	_	_	_	_	_	_
3	O	O	O	O	O	O	_	_	EndOfLine	_	_	_
# segment_iiif_link = https://impresso-project.ch/api/proxy/iiif/IMP-1892-01-07-a-p0007/66,730,321,43/full/0/default.jpg
A	O	O	O	O	O	O	_	_	_	_	_	_
remettre	O	O	O	O	O	O	_	_	_	_	_	_
pour	O	O	O	O	O	O	_	_	_	_	_	_
Saint	O	O	O	O	O	O	_	_	NoSpaceAfter	_	_	_
-	O	O	O	O	O	O	_	_	NoSpaceAfter	_	_	_
Georges	O	O	O	O	O	O	_	_	EndOfLine	_	_	_
# segment_iiif_link = https://impresso-project.ch/api/proxy/iiif/IMP-1892-01-07-a-p0007/48,748,339,44/full/0/default.jpg
prochaine	O	O	O	O	O	O	_	_	NoSpaceAfter	_	_	_
,	O	O	O	O	O	O	_	_	_	_	_	_
à	O	O	O	O	O	O	_	_	_	_	_	_
des	O	O	O	O	O	O	_	_	_	_	_	_
personnes	O	O	O	O	O	O	_	_	_	_	_	_
tranquilles	O	O	O	O	O	O	_	_	NoSpaceAfter	_	_	_
,	O	O	O	O	O	O	_	_	_	_	_	_
un	O	O	O	O	O	O	_	_	_	_	_	_
beau	O	O	O	O	O	O	_	_	EndOfLine	_	_	_
# segment_iiif_link = https://impresso-project.ch/api/proxy/iiif/IMP-1892-01-07-a-p0007/50,764,338,44/full/0/default.jpg
i	O	O	O	O	O	O	_	_	_	_	_	_
ia	O	O	O	O	O	O	_	_	_	_	_	_
an	O	O	O	O	O	O	_	_	_	_	_	_
de	O	O	O	O	O	O	_	_	_	_	_	_
deux	O	O	O	O	O	O	_	_	_	_	_	_
pièces	O	O	O	O	O	O	_	_	NoSpaceAfter	_	_	_
,	O	O	O	O	O	O	_	_	_	_	_	_
avec	O	O	O	O	O	O	_	_	_	_	_	_
jardin	O	O	O	O	O	O	_	_	NoSpaceAfter	_	_	_
.	O	O	O	O	O	O	_	_	_	EndOfSentence	_	_
Prix	O	O	O	O	O	O	_	_	NoSpaceAfter	_	_	_
,	O	O	O	O	O	O	_	_	EndOfLine	_	_	_
# segment_iiif_link = https://impresso-project.ch/api/proxy/iiif/IMP-1892-01-07-a-p0007/50,780,4,44/full/0/default.jpg
.	O	O	O	O	O	O	_	_	EndOfLine	EndOfSentence	_	_
# segment_iiif_link = https://impresso-project.ch/api/proxy/iiif/IMP-1892-01-07-a-p0007/51,780,293,44/full/0/default.jpg
-	O	O	O	O	O	O	_	_	NoSpaceAfter	_	_	_
ir	O	O	O	O	O	O	_	_	_	_	_	_
»	O	O	O	O	O	O	_	_	_	_	_	_
tr	O	O	O	O	O	O	_	_	NoSpaceAfter	_	_	_
.	O	O	O	O	O	O	_	_	_	EndOfSentence	_	_
OO	O	O	O	O	O	O	_	_	_	_	_	_
par	O	O	O	O	O	O	_	_	_	_	_	_
mois	O	O	O	O	O	O	_	_	NoSpaceAfter	_	_	_
,	O	O	O	O	O	O	_	_	_	_	_	_
eau	O	O	O	O	O	O	_	_	_	_	_	_
_	O	O	O	O	O	O	_	_	NoSpaceAfter	_	_	_
comprise	O	O	O	O	O	O	_	_	NoSpaceAfter	_	_	_
.	O	O	O	O	O	O	_	_	EndOfLine	EndOfSentence	_	_
# segment_iiif_link = https://impresso-project.ch/api/proxy/iiif/IMP-1892-01-07-a-p0007/71,796,319,44/full/0/default.jpg
S	O	O	O	O	O	O	_	_	NoSpaceAfter	_	_	_
'	O	O	O	O	O	O	_	_	NoSpaceAfter	_	_	_
adresser	O	O	O	O	O	O	_	_	_	_	_	_
au	O	O	O	O	O	O	_	_	_	_	_	_
bureau	O	O	O	O	O	O	_	_	_	_	_	_
du	O	O	O	O	O	O	_	_	_	_	_	_
notaire	O	O	O	O	O	O	_	_	_	_	_	_
A	O	O	O	O	O	O	_	_	_	_	_	_
.	O	O	O	O	O	O	_	_	NoSpaceAfter	EndOfSentence	_	_
.	O	O	O	O	O	O	_	_	EndOfLine	EndOfSentence	_	_
# segment_iiif_link = https://impresso-project.ch/api/proxy/iiif/IMP-1892-01-07-a-p0007/50,812,338,44/full/0/default.jpg
_	O	O	O	O	O	O	_	_	NoSpaceAfter	_	_	_
Qaartinr	O	O	O	O	O	O	_	_	NoSpaceAfter	_	_	_
.	O	O	O	O	O	O	_	_	_	EndOfSentence	_	_
rue	O	O	O	O	O	O	_	_	_	_	_	_
Fritz	O	O	O	O	O	O	_	_	_	_	_	_
Courvoisier	O	O	O	O	O	O	_	_	_	_	_	_
9	O	O	O	O	O	O	_	_	NoSpaceAfter	_	_	_
.	O	O	O	O	O	O	_	_	_	EndOfSentence	_	_
174	O	O	O	O	O	O	_	_	NoSpaceAfter	_	_	_
-	O	O	O	O	O	O	_	_	NoSpaceAfter	_	_	_
3	O	O	O	O	O	O	_	_	EndOfLine	_	_	_
# segment_iiif_link = https://impresso-project.ch/api/proxy/iiif/IMP-1892-01-07-a-p0007/83,832,280,71/full/0/default.jpg
Appartements	O	O	O	O	O	O	_	_	EndOfLine	_	_	_
# segment_iiif_link = https://impresso-project.ch/api/proxy/iiif/IMP-1892-01-07-a-p0007/68,883,321,43/full/0/default.jpg
A	O	O	O	O	O	O	_	_	_	_	_	_
remettre	O	O	O	O	O	O	_	_	_	_	_	_
pour	O	O	O	O	O	O	_	_	_	_	_	_
Saint	O	O	O	O	O	O	_	_	NoSpaceAfter	_	_	_
-	O	O	O	O	O	O	_	_	NoSpaceAfter	_	_	_
Georges	O	O	O	O	O	O	_	_	_	_	_	_
prochai	O	O	O	O	O	O	_	_	EndOfLine|NoSpaceAfter	_	_	_
# segment_iiif_link = https://impresso-project.ch/api/proxy/iiif/IMP-1892-01-07-a-p0007/50,899,339,44/full/0/default.jpg
ne	O	O	O	O	O	O	_	_	_	_	_	_
un	O	O	O	O	O	O	_	_	_	_	_	_
appartement	O	O	O	O	O	O	_	_	_	_	_	_
au	O	O	O	O	O	O	_	_	_	_	_	_
premier	O	O	O	O	O	O	_	_	_	_	_	_
étage	O	O	O	O	O	O	_	_	_	_	_	_
et	O	O	O	O	O	O	_	_	_	_	_	_
un	O	O	O	O	O	O	_	_	EndOfLine	_	_	_
# segment_iiif_link = https://impresso-project.ch/api/proxy/iiif/IMP-1892-01-07-a-p0007/50,916,290,44/full/0/default.jpg
an	O	O	O	O	O	O	_	_	_	_	_	_
pignon	O	O	O	O	O	O	_	_	NoSpaceAfter	_	_	_
,	O	O	O	O	O	O	_	_	_	_	_	_
le	O	O	O	O	O	O	_	_	_	_	_	_
to	O	O	O	O	O	O	_	_	_	_	_	_
jt	O	O	O	O	O	O	_	_	_	_	_	_
exposé	O	O	O	O	O	O	_	_	_	_	_	_
au	O	O	O	O	O	O	_	_	_	_	_	_
soleil	O	O	O	O	O	O	_	_	NoSpaceAfter	_	_	_
.	O	O	O	O	O	O	_	_	EndOfLine	EndOfSentence	_	_
# segment_iiif_link = https://impresso-project.ch/api/proxy/iiif/IMP-1892-01-07-a-p0007/75,932,312,44/full/0/default.jpg
S	O	O	O	O	O	O	_	_	NoSpaceAfter	_	_	_
'	O	O	O	O	O	O	_	_	NoSpaceAfter	_	_	_
adresser	O	O	O	O	O	O	_	_	_	_	_	_
au	O	O	O	O	O	O	_	_	_	_	_	_
bureau	O	O	O	O	O	O	_	_	_	_	_	_
du	O	O	O	O	O	O	_	_	_	_	_	_
notaire	O	O	O	O	O	O	_	_	_	_	_	_
A	O	O	O	O	O	O	_	_	NoSpaceAfter	_	_	_
.	O	O	O	O	O	O	_	_	EndOfLine	_	_	_
# segment_iiif_link = https://impresso-project.ch/api/proxy/iiif/IMP-1892-01-07-a-p0007/49,949,340,44/full/0/default.jpg
_	O	O	O	O	O	O	_	_	NoSpaceAfter	_	_	_
Qaaitier	O	O	O	O	O	O	_	_	NoSpaceAfter	_	_	_
,	O	O	O	O	O	O	_	_	_	_	_	_
rue	O	O	O	O	O	O	_	_	_	_	_	_
Fritz	O	O	O	O	O	O	_	_	_	_	_	_
Courvoisier	O	O	O	O	O	O	_	_	_	_	_	_
9	O	O	O	O	O	O	_	_	_	_	_	_
175	O	O	O	O	O	O	_	_	_	_	_	_
3	O	O	O	O	O	O	_	_	EndOfLine	_	_	_
# segment_iiif_link = https://impresso-project.ch/api/proxy/iiif/IMP-1892-01-07-a-p0007/50,1426,338,45/full/0/default.jpg
VmnlnV	O	O	O	O	O	O	_	_	_	_	_	_
_	O	O	O	O	O	O	_	_	NoSpaceAfter	_	_	_
^	O	O	O	O	O	O	_	_	_	_	_	_
Q	O	O	O	O	O	O	_	_	_	_	_	_
_	O	O	O	O	O	O	_	_	NoSpaceAfter	_	_	_
P	O	O	O	O	O	O	_	_	_	_	_	_
*	O	O	O	O	O	O	_	_	_	_	_	_
ieurs	O	O	O	O	O	O	_	_	_	_	_	_
bons	O	O	O	O	O	O	_	_	_	_	_	_
domestiques	O	O	O	O	O	O	_	_	NoSpaceAfter	_	_	_
,	O	O	O	O	O	O	_	_	EndOfLine	_	_	_
# segment_iiif_link = https://impresso-project.ch/api/proxy/iiif/IMP-1892-01-07-a-p0007/50,1433,338,44/full/0/default.jpg
_	O	O	O	O	O	O	_	_	NoSpaceAfter	_	_	_
IfUIVIUjOBa	O	O	O	O	O	O	_	_	_	_	_	_
cochers	O	O	O	O	O	O	_	_	NoSpaceAfter	_	_	_
,	O	O	O	O	O	O	_	_	_	_	_	_
porti	O	O	O	O	O	O	_	_	NoSpaceAfter	_	_	_
-	O	O	O	O	O	O	_	_	NoSpaceAfter	_	_	_
rs	O	O	O	O	O	O	_	_	NoSpaceAfter	_	_	_
,	O	O	O	O	O	O	_	_	_	_	_	_
_	O	O	O	O	O	O	_	_	NoSpaceAfter	_	_	_
garçons	O	O	O	O	O	O	_	_	EndOfLine	_	_	_
# segment_iiif_link = https://impresso-project.ch/api/proxy/iiif/IMP-1892-01-07-a-p0007/50,1452,338,44/full/0/default.jpg
bouchers	O	O	O	O	O	O	_	_	NoSpaceAfter	_	_	_
,	O	O	O	O	O	O	_	_	_	_	_	_
_	O	O	O	O	O	O	_	_	NoSpaceAfter	_	_	_
pAtissiers	O	O	O	O	O	O	_	_	NoSpaceAfter	_	_	_
,	O	O	O	O	O	O	_	_	_	_	_	_
homme	O	O	O	O	O	O	_	_	_	_	_	_
de	O	O	O	O	O	O	_	_	_	_	_	_
peine	O	O	O	O	O	O	_	_	NoSpaceAfter	_	_	_
,	O	O	O	O	O	O	_	_	EndOfLine	_	_	_
# segment_iiif_link = https://impresso-project.ch/api/proxy/iiif/IMP-1892-01-07-a-p0007/50,1468,338,44/full/0/default.jpg
commissionnaires	O	O	O	O	O	O	_	_	NoSpaceAfter	_	_	_
,	O	O	O	O	O	O	_	_	_	_	_	_
demoiselles	O	O	O	O	O	O	_	_	_	_	_	_
de	O	O	O	O	O	O	_	_	EndOfLine	_	_	_
# segment_iiif_link = https://impresso-project.ch/api/proxy/iiif/IMP-1892-01-07-a-p0007/50,1485,336,44/full/0/default.jpg
magasin	O	O	O	O	O	O	_	_	NoSpaceAfter	_	_	_
,	O	O	O	O	O	O	_	_	_	_	_	_
finîmes	O	O	O	O	O	O	_	_	_	_	_	_
de	O	O	O	O	O	O	_	_	_	_	_	_
chambre	O	O	O	O	O	O	_	_	NoSpaceAfter	_	_	_
,	O	O	O	O	O	O	_	_	_	_	_	_
bonnes	O	O	O	O	O	O	_	_	EndOfLine	_	_	_
# segment_iiif_link = https://impresso-project.ch/api/proxy/iiif/IMP-1892-01-07-a-p0007/50,1501,338,44/full/0/default.jpg
d	O	O	O	O	O	O	_	_	NoSpaceAfter	_	_	_
'	O	O	O	O	O	O	_	_	NoSpaceAfter	_	_	_
enfants	O	O	O	O	O	O	_	_	_	_	_	_
et	O	O	O	O	O	O	_	_	_	_	_	_
jeunes	O	O	O	O	O	O	_	_	_	_	_	_
filles	O	O	O	O	O	O	_	_	_	_	_	_
pour	O	O	O	O	O	O	_	_	_	_	_	_
aider	O	O	O	O	O	O	_	_	_	_	_	_
au	O	O	O	O	O	O	_	_	EndOfLine	_	_	_
# segment_iiif_link = https://impresso-project.ch/api/proxy/iiif/IMP-1892-01-07-a-p0007/49,1519,339,44/full/0/default.jpg
ménage	O	O	O	O	O	O	_	_	NoSpaceAfter	_	_	_
,	O	O	O	O	O	O	_	_	_	_	_	_
cherchent	O	O	O	O	O	O	_	_	_	_	_	_
A	O	O	O	O	O	O	_	_	_	_	_	_
se	O	O	O	O	O	O	_	_	_	_	_	_
placer	O	O	O	O	O	O	_	_	_	_	_	_
au	O	O	O	O	O	O	_	_	_	_	_	_
plus	O	O	O	O	O	O	_	_	_	_	_	_
-	O	O	O	O	O	O	_	_	NoSpaceAfter	_	_	_
vite	O	O	O	O	O	O	_	_	NoSpaceAfter	_	_	_
.	O	O	O	O	O	O	_	_	_	EndOfSentence	_	_
—	O	O	O	O	O	O	_	_	EndOfLine	_	_	_
# segment_iiif_link = https://impresso-project.ch/api/proxy/iiif/IMP-1892-01-07-a-p0007/50,1534,338,44/full/0/default.jpg
S	O	O	O	O	O	O	_	_	NoSpaceAfter	_	_	_
'	O	O	O	O	O	O	_	_	NoSpaceAfter	_	_	_
adresser	O	O	O	O	O	O	_	_	_	_	_	_
au	O	O	O	O	O	O	_	_	_	_	_	_
Bureau	O	O	O	O	O	O	_	_	_	_	_	_
Central	O	O	O	O	O	O	_	_	NoSpaceAfter	_	_	_
,	O	O	O	O	O	O	_	_	_	_	_	_
rue	O	O	O	O	O	O	_	_	_	_	_	_
du	O	O	O	O	O	O	_	_	EndOfLine	_	_	_
# segment_iiif_link = https://impresso-project.ch/api/proxy/iiif/IMP-1892-01-07-a-p0007/50,1550,337,44/full/0/default.jpg
Puits	O	O	O	O	O	O	_	_	_	_	_	_
7	O	O	O	O	O	O	_	_	NoSpaceAfter	_	_	_
.	O	O	O	O	O	O	_	_	_	EndOfSentence	_	_
171	O	O	O	O	O	O	_	_	NoSpaceAfter	_	_	_
-	O	O	O	O	O	O	_	_	NoSpaceAfter	_	_	_
3	O	O	O	O	O	O	_	_	EndOfLine	_	_	_
# segment_iiif_link = https://impresso-project.ch/api/proxy/iiif/IMP-1892-01-07-a-p0007/127,974,188,70/full/0/default.jpg
CAFÉ	O	O	O	O	O	O	_	_	EndOfLine	_	_	_
# segment_iiif_link = https://impresso-project.ch/api/proxy/iiif/IMP-1892-01-07-a-p0007/66,1022,322,44/full/0/default.jpg
A	O	O	O	O	O	O	_	_	_	_	_	_
remettre	O	O	O	O	O	O	_	_	_	_	_	_
pour	O	O	O	O	O	O	_	_	_	_	_	_
Saint	O	O	O	O	O	O	_	_	NoSpaceAfter	_	_	_
-	O	O	O	O	O	O	_	_	NoSpaceAfter	_	_	_
Georges	O	O	O	O	O	O	_	_	_	_	_	_
1892	O	O	O	O	O	O	_	_	_	_	_	_
un	O	O	O	O	O	O	_	_	EndOfLine	_	_	_
# segment_iiif_link = https://impresso-project.ch/api/proxy/iiif/IMP-1892-01-07-a-p0007/49,1042,339,44/full/0/default.jpg
fetit	O	O	O	O	O	O	_	_	_	_	_	_
café	O	O	O	O	O	O	_	_	_	_	_	_
avec	O	O	O	O	O	O	_	_	_	_	_	_
appartement	O	O	O	O	O	O	_	_	NoSpaceAfter	_	_	_
,	O	O	O	O	O	O	_	_	_	_	_	_
situé	O	O	O	O	O	O	_	_	_	_	_	_
rue	O	O	O	O	O	O	_	_	_	_	_	_
de	O	O	O	O	O	O	_	_	EndOfLine	_	_	_
# segment_iiif_link = https://impresso-project.ch/api/proxy/iiif/IMP-1892-01-07-a-p0007/60,1056,79,43/full/0/default.jpg
Industrie	O	O	O	O	O	O	_	_	NoSpaceAfter	_	_	_
.	O	O	O	O	O	O	_	_	EndOfLine	EndOfSentence	_	_
# segment_iiif_link = https://impresso-project.ch/api/proxy/iiif/IMP-1892-01-07-a-p0007/72,1072,314,43/full/0/default.jpg
S	O	O	O	O	O	O	_	_	NoSpaceAfter	_	_	_
'	O	O	O	O	O	O	_	_	NoSpaceAfter	_	_	_
adresser	O	O	O	O	O	O	_	_	_	_	_	_
au	O	O	O	O	O	O	_	_	_	_	_	_
bureau	O	O	O	O	O	O	_	_	_	_	_	_
du	O	O	O	O	O	O	_	_	_	_	_	_
notaire	O	O	O	O	O	O	_	_	_	_	_	_
A	O	O	O	O	O	O	_	_	NoSpaceAfter	_	_	_
.	O	O	O	O	O	O	_	_	EndOfLine	_	_	_
# segment_iiif_link = https://impresso-project.ch/api/proxy/iiif/IMP-1892-01-07-a-p0007/48,1089,339,43/full/0/default.jpg
Quartier	O	O	O	O	O	O	_	_	NoSpaceAfter	_	_	_
,	O	O	O	O	O	O	_	_	_	_	_	_
rue	O	O	O	O	O	O	_	_	_	_	_	_
Fritz	O	O	O	O	O	O	_	_	_	_	_	_
Courvoisier	O	O	O	O	O	O	_	_	_	_	_	_
9	O	O	O	O	O	O	_	_	_	_	_	_
176	O	O	O	O	O	O	_	_	NoSpaceAfter	_	_	_
-	O	O	O	O	O	O	_	_	NoSpaceAfter	_	_	_
3	O	O	O	O	O	O	_	_	EndOfLine	_	_	_
# segment_iiif_link = https://impresso-project.ch/api/proxy/iiif/IMP-1892-01-07-a-p0007/50,1126,337,53/full/0/default.jpg
ÏJn	O	O	O	O	O	O	_	_	_	_	_	_
aSSOCié	O	O	O	O	O	O	_	_	NoSpaceAfter	_	_	_
-	O	O	O	O	O	O	_	_	NoSpaceAfter	_	_	_
Tao	O	O	O	O	O	O	_	_	_	_	_	_
_	O	O	O	O	O	O	_	_	NoSpaceAfter	_	_	_
^	O	O	O	O	O	O	_	_	_	_	_	_
avec	O	O	O	O	O	O	_	_	_	_	_	_
"	O	O	O	O	O	O	_	_	EndOfLine	_	_	_
# segment_iiif_link = https://impresso-project.ch/api/proxy/iiif/IMP-1892-01-07-a-p0007/50,1152,339,44/full/0/default.jpg
homme	O	O	O	O	O	O	_	_	_	_	_	_
sérieux	O	O	O	O	O	O	_	_	NoSpaceAfter	_	_	_
,	O	O	O	O	O	O	_	_	_	_	_	_
ayant	O	O	O	O	O	O	_	_	_	_	_	_
relations	O	O	O	O	O	O	_	_	_	_	_	_
uniques	O	O	O	O	O	O	_	_	EndOfLine	_	_	_
# segment_iiif_link = https://impresso-project.ch/api/proxy/iiif/IMP-1892-01-07-a-p0007/50,1168,339,44/full/0/default.jpg
pour	O	O	O	O	O	O	_	_	_	_	_	_
arriver	O	O	O	O	O	O	_	_	_	_	_	_
A	O	O	O	O	O	O	_	_	_	_	_	_
position	O	O	O	O	O	O	_	_	_	_	_	_
rentable	O	O	O	O	O	O	_	_	NoSpaceAfter	_	_	_
,	O	O	O	O	O	O	_	_	_	_	_	_
quoique	O	O	O	O	O	O	_	_	_	_	_	_
*	O	O	O	O	O	O	_	_	EndOfLine	_	_	_
# segment_iiif_link = https://impresso-project.ch/api/proxy/iiif/IMP-1892-01-07-a-p0007/48,1185,341,43/full/0/default.jpg
fon	O	O	O	O	O	O	_	_	_	_	_	_
ls	O	O	O	O	O	O	_	_	_	_	_	_
sont	O	O	O	O	O	O	_	_	_	_	_	_
nécessaires	O	O	O	O	O	O	_	_	NoSpaceAfter	_	_	_
.	O	O	O	O	O	O	_	_	_	_	_	_
177	O	O	O	O	O	O	_	_	NoSpaceAfter	_	_	_
-	O	O	O	O	O	O	_	_	NoSpaceAfter	_	_	_
3	O	O	O	O	O	O	_	_	EndOfLine	_	_	_
# segment_iiif_link = https://impresso-project.ch/api/proxy/iiif/IMP-1892-01-07-a-p0007/68,1201,292,43/full/0/default.jpg
S	O	O	O	O	O	O	_	_	NoSpaceAfter	_	_	_
'	O	O	O	O	O	O	_	_	NoSpaceAfter	_	_	_
adresser	O	O	O	O	O	O	_	_	_	_	_	_
au	O	O	O	O	O	O	_	_	_	_	_	_
bureau	O	O	O	O	O	O	_	_	_	_	_	_
de	O	O	O	O	O	O	_	_	_	_	_	_
I	O	O	O	O	O	O	_	_	NoSpaceAfter	_	_	_
'	O	O	O	O	O	O	_	_	NoSpaceAfter	_	_	_
IMPARTIAI	O	O	O	O	O	O	_	_	NoSpaceAfter	_	_	_
.	O	O	O	O	O	O	_	_	EndOfLine	_	_	_
# segment_iiif_link = https://impresso-project.ch/api/proxy/iiif/IMP-1892-01-07-a-p0007/51,1242,337,43/full/0/default.jpg
IJjniilft	O	O	O	O	O	O	_	_	_	_	_	_
piwun	O	O	O	O	O	O	_	_	NoSpaceAfter	_	_	_
-	O	O	O	O	O	O	_	_	_	_	_	_
Dn	O	O	O	O	O	O	_	_	_	_	_	_
guilloeheur	O	O	O	O	O	O	_	_	EndOfLine	_	_	_
# segment_iiif_link = https://impresso-project.ch/api/proxy/iiif/IMP-1892-01-07-a-p0007/51,1250,323,44/full/0/default.jpg
_	O	O	O	O	O	O	_	_	NoSpaceAfter	_	_	_
connais	O	O	O	O	O	O	_	_	NoSpaceAfter	_	_	_
-	O	O	O	O	O	O	_	_	NoSpaceAfter	_	_	_
«	O	O	O	O	O	O	_	_	_	_	_	_
UIllUGUOUla	O	O	O	O	O	O	_	_	_	_	_	_
sant	O	O	O	O	O	O	_	_	_	_	_	_
bien	O	O	O	O	O	O	_	_	_	_	_	_
son	O	O	O	O	O	O	_	_	_	_	_	_
métier	O	O	O	O	O	O	_	_	EndOfLine	_	_	_
# segment_iiif_link = https://impresso-project.ch/api/proxy/iiif/IMP-1892-01-07-a-p0007/48,1269,339,44/full/0/default.jpg
_	O	O	O	O	O	O	_	_	NoSpaceAfter	_	_	_
demande	O	O	O	O	O	O	_	_	_	_	_	_
une	O	O	O	O	O	O	_	_	_	_	_	_
place	O	O	O	O	O	O	_	_	NoSpaceAfter	_	_	_
.	O	O	O	O	O	O	_	_	_	_	_	_
—	O	O	O	O	O	O	_	_	_	_	_	_
S	O	O	O	O	O	O	_	_	NoSpaceAfter	_	_	_
'	O	O	O	O	O	O	_	_	NoSpaceAfter	_	_	_
adresser	O	O	O	O	O	O	_	_	_	_	_	_
à	O	O	O	O	O	O	_	_	_	_	_	_
M	O	O	O	O	O	O	_	_	NoSpaceAfter	_	_	_
.	O	O	O	O	O	O	_	_	EndOfLine	_	_	_
# segment_iiif_link = https://impresso-project.ch/api/proxy/iiif/IMP-1892-01-07-a-p0007/50,1286,334,44/full/0/default.jpg
Emile	O	O	O	O	O	O	_	_	_	_	_	_
Gentil	O	O	O	O	O	O	_	_	NoSpaceAfter	_	_	_
,	O	O	O	O	O	O	_	_	_	_	_	_
boulevard	O	O	O	O	O	O	_	_	_	_	_	_
de	O	O	O	O	O	O	_	_	_	_	_	_
la	O	O	O	O	O	O	_	_	_	_	_	_
Capitaine	O	O	O	O	O	O	_	_	_	_	_	_
4	O	O	O	O	O	O	_	_	EndOfLine	_	_	_
# segment_iiif_link = https://impresso-project.ch/api/proxy/iiif/IMP-1892-01-07-a-p0007/50,1303,340,43/full/0/default.jpg
au	O	O	O	O	O	O	_	_	_	_	_	_
1	O	O	O	O	O	O	_	_	_	_	_	_
er	O	O	O	O	O	O	_	_	_	_	_	_
étage	O	O	O	O	O	O	_	_	NoSpaceAfter	_	_	_
.	O	O	O	O	O	O	_	_	_	_	_	_
114	O	O	O	O	O	O	_	_	NoSpaceAfter	_	_	_
-	O	O	O	O	O	O	_	_	NoSpaceAfter	_	_	_
3	O	O	O	O	O	O	_	_	EndOfLine	_	_	_
# segment_iiif_link = https://impresso-project.ch/api/proxy/iiif/IMP-1892-01-07-a-p0007/51,1334,329,44/full/0/default.jpg
Survint	O	O	O	O	O	O	_	_	_	_	_	_
A	O	O	O	O	O	O	_	_	_	_	_	_
Une	O	O	O	O	O	O	_	_	_	_	_	_
j	O	O	O	O	O	O	_	_	_	_	_	_
aune	O	O	O	O	O	O	_	_	_	_	_	_
fille	O	O	O	O	O	O	_	_	_	_	_	_
connaissan	O	O	O	O	O	O	_	_	EndOfLine	_	_	_
# segment_iiif_link = https://impresso-project.ch/api/proxy/iiif/IMP-1892-01-07-a-p0007/51,1341,338,44/full/0/default.jpg
Onl	O	O	O	O	O	O	_	_	_	_	_	_
laine	O	O	O	O	O	O	_	_	NoSpaceAfter	_	_	_
,	O	O	O	O	O	O	_	_	_	_	_	_
tous	O	O	O	O	O	O	_	_	_	_	_	_
Jes	O	O	O	O	O	O	_	_	_	_	_	_
travaux	O	O	O	O	O	O	_	_	_	_	_	_
de	O	O	O	O	O	O	_	_	_	_	_	_
ménage	O	O	O	O	O	O	_	_	EndOfLine	_	_	_
# segment_iiif_link = https://impresso-project.ch/api/proxy/iiif/IMP-1892-01-07-a-p0007/50,1361,338,43/full/0/default.jpg
_	O	O	O	O	O	O	_	_	NoSpaceAfter	_	_	_
cherche	O	O	O	O	O	O	_	_	_	_	_	_
â	O	O	O	O	O	O	_	_	_	_	_	_
se	O	O	O	O	O	O	_	_	_	_	_	_
placer	O	O	O	O	O	O	_	_	_	_	_	_
de	O	O	O	O	O	O	_	_	_	_	_	_
suit	O	O	O	O	O	O	_	_	_	_	_	_
*	O	O	O	O	O	O	_	_	_	_	_	_
comme	O	O	O	O	O	O	_	_	EndOfLine	_	_	_
# segment_iiif_link = https://impresso-project.ch/api/proxy/iiif/IMP-1892-01-07-a-p0007/52,1377,337,43/full/0/default.jpg
_	O	O	O	O	O	O	_	_	NoSpaceAfter	_	_	_
servnntu	O	O	O	O	O	O	_	_	NoSpaceAfter	_	_	_
.	O	O	O	O	O	O	_	_	_	_	_	_
—	O	O	O	O	O	O	_	_	_	_	_	_
S	O	O	O	O	O	O	_	_	NoSpaceAfter	_	_	_
'	O	O	O	O	O	O	_	_	NoSpaceAfter	_	_	_
adresser	O	O	O	O	O	O	_	_	_	_	_	_
chez	O	O	O	O	O	O	_	_	_	_	_	_
Mme	O	O	O	O	O	O	_	_	_	_	_	_
Sutter	O	O	O	O	O	O	_	_	NoSpaceAfter	_	_	_
,	O	O	O	O	O	O	_	_	_	_	_	_
rue	O	O	O	O	O	O	_	_	EndOfLine	_	_	_
# segment_iiif_link = https://impresso-project.ch/api/proxy/iiif/IMP-1892-01-07-a-p0007/49,1393,340,43/full/0/default.jpg
du	O	O	O	O	O	O	_	_	_	_	_	_
Parc	O	O	O	O	O	O	_	_	_	_	_	_
96.168	O	O	O	O	O	O	_	_	_	_	_	_
3	O	O	O	O	O	O	_	_	EndOfLine	_	_	_
# segment_iiif_link = https://impresso-project.ch/api/proxy/iiif/IMP-1892-01-07-a-p0007/50,1594,335,44/full/0/default.jpg
Bol	O	O	O	O	O	O	_	_	_	_	_	_
_	O	O	O	O	O	O	_	_	NoSpaceAfter	_	_	_
Vdllttla	O	O	O	O	O	O	_	_	_	_	_	_
sachant	O	O	O	O	O	O	_	_	_	_	_	_
bien	O	O	O	O	O	O	_	_	_	_	_	_
faire	O	O	O	O	O	O	_	_	_	_	_	_
la	O	O	O	O	O	O	_	_	_	_	_	_
cuisine	O	O	O	O	O	O	_	_	EndOfLine	_	_	_
# segment_iiif_link = https://impresso-project.ch/api/proxy/iiif/IMP-1892-01-07-a-p0007/49,1611,336,43/full/0/default.jpg
¦	O	O	O	O	O	O	_	_	_	_	_	_
cherche	O	O	O	O	O	O	_	_	_	_	_	_
A	O	O	O	O	O	O	_	_	_	_	_	_
se	O	O	O	O	O	O	_	_	_	_	_	_
placer	O	O	O	O	O	O	_	_	_	_	_	_
de	O	O	O	O	O	O	_	_	_	_	_	_
suite	O	O	O	O	O	O	_	_	NoSpaceAfter	_	_	_
.	O	O	O	O	O	O	_	_	_	_	_	_
160	O	O	O	O	O	O	_	_	NoSpaceAfter	_	_	_
-	O	O	O	O	O	O	_	_	NoSpaceAfter	_	_	_
3	O	O	O	O	O	O	_	_	EndOfLine	_	_	_
# segment_iiif_link = https://impresso-project.ch/api/proxy/iiif/IMP-1892-01-07-a-p0007/68,1628,296,44/full/0/default.jpg
S	O	O	O	O	O	O	_	_	NoSpaceAfter	_	_	_
'	O	O	O	O	O	O	_	_	NoSpaceAfter	_	_	_
adresser	O	O	O	O	O	O	_	_	_	_	_	_
au	O	O	O	O	O	O	_	_	_	_	_	_
bureau	O	O	O	O	O	O	_	_	_	_	_	_
de	O	O	O	O	O	O	_	_	_	_	_	_
1	O	O	O	O	O	O	_	_	_	_	_	_
IMPARTIAL	O	O	O	O	O	O	_	_	NoSpaceAfter	_	_	_
.	O	O	O	O	O	O	_	_	EndOfLine	_	_	_
# segment_iiif_link = https://impresso-project.ch/api/proxy/iiif/IMP-1892-01-07-a-p0007/50,1665,335,43/full/0/default.jpg
_	O	O	O	O	O	O	_	_	NoSpaceAfter	_	_	_
illlià	O	O	O	O	O	O	_	_	_	_	_	_
ïifir	O	O	O	O	O	O	_	_	_	_	_	_
«	O	O	O	O	O	O	_	_	_	_	_	_
n	O	O	O	O	O	O	_	_	NoSpaceAfter	_	_	_
-	O	O	O	O	O	O	_	_	NoSpaceAfter	_	_	_
lllfi	O	O	O	O	O	O	_	_	NoSpaceAfter	_	_	_
'	O	O	O	O	O	O	_	_	NoSpaceAfter	_	_	_
Qn	O	O	O	O	O	O	_	_	_	_	_	_
â	O	O	O	O	O	O	_	_	_	_	_	_
8	O	O	O	O	O	O	_	_	_	_	_	_
a	O	O	O	O	O	O	_	_	_	_	_	_
mûr	O	O	O	O	O	O	_	_	NoSpaceAfter	_	_	_
'	O	O	O	O	O	O	_	_	NoSpaceAfter	_	_	_
honnête	O	O	O	O	O	O	_	_	EndOfLine	_	_	_
# segment_iiif_link = https://impresso-project.ch/api/proxy/iiif/IMP-1892-01-07-a-p0007/50,1670,330,44/full/0/default.jpg
lillfi	O	O	O	O	O	O	_	_	_	_	_	_
_	O	O	O	O	O	O	_	_	NoSpaceAfter	_	_	_
l	O	O	O	O	O	O	_	_	_	_	_	_
»	O	O	O	O	O	O	_	_	_	_	_	_
_	O	O	O	O	O	O	_	_	NoSpaceAfter	_	_	_
clSUUUI	O	O	O	O	O	O	_	_	_	_	_	_
3	O	O	O	O	O	O	_	_	_	_	_	_
et	O	O	O	O	O	O	_	_	_	_	_	_
active	O	O	O	O	O	O	_	_	NoSpaceAfter	_	_	_
,	O	O	O	O	O	O	_	_	_	_	_	_
cherche	O	O	O	O	O	O	_	_	_	_	_	_
de	O	O	O	O	O	O	_	_	EndOfLine	_	_	_
# segment_iiif_link = https://impresso-project.ch/api/proxy/iiif/IMP-1892-01-07-a-p0007/50,1690,335,43/full/0/default.jpg
suite	O	O	O	O	O	O	_	_	_	_	_	_
une	O	O	O	O	O	O	_	_	_	_	_	_
place	O	O	O	O	O	O	_	_	_	_	_	_
dans	O	O	O	O	O	O	_	_	_	_	_	_
une	O	O	O	O	O	O	_	_	_	_	_	_
famille	O	O	O	O	O	O	_	_	_	_	_	_
sans	O	O	O	O	O	O	_	_	EndOfLine	_	_	_
# segment_iiif_link = https://impresso-project.ch/api/proxy/iiif/IMP-1892-01-07-a-p0007/50,1706,332,44/full/0/default.jpg
enfants	O	O	O	O	O	O	_	_	NoSpaceAfter	_	_	_
.	O	O	O	O	O	O	_	_	_	_	_	_
—	O	O	O	O	O	O	_	_	_	_	_	_
S	O	O	O	O	O	O	_	_	NoSpaceAfter	_	_	_
'	O	O	O	O	O	O	_	_	NoSpaceAfter	_	_	_
adresser	O	O	O	O	O	O	_	_	_	_	_	_
rne	O	O	O	O	O	O	_	_	_	_	_	_
Léopold	O	O	O	O	O	O	_	_	_	_	_	_
Robert	O	O	O	O	O	O	_	_	_	_	_	_
62	O	O	O	O	O	O	_	_	EndOfLine	_	_	_
# segment_iiif_link = https://impresso-project.ch/api/proxy/iiif/IMP-1892-01-07-a-p0007/50,1723,337,43/full/0/default.jpg
au	O	O	O	O	O	O	_	_	_	_	_	_
troisième	O	O	O	O	O	O	_	_	_	_	_	_
étaga	O	O	O	O	O	O	_	_	NoSpaceAfter	_	_	_
.	O	O	O	O	O	O	_	_	_	_	_	_
178	O	O	O	O	O	O	_	_	_	_	_	_
S	O	O	O	O	O	O	_	_	EndOfLine	_	_	_
# segment_iiif_link = https://impresso-project.ch/api/proxy/iiif/IMP-1892-01-07-a-p0007/51,1741,335,69/full/0/default.jpg
Un	O	O	O	O	O	O	_	_	_	_	_	_
jenno	O	O	O	O	O	O	_	_	_	_	_	_
homme	O	O	O	O	O	O	_	_	_	_	_	_
f	O	O	O	O	O	O	_	_	_	_	_	_
_	O	O	O	O	O	O	_	_	NoSpaceAfter	_	_	_
^	O	O	O	O	O	O	_	_	_	_	_	_
ffiTïsr	O	O	O	O	O	O	_	_	EndOfLine	_	_	_
# segment_iiif_link = https://impresso-project.ch/api/proxy/iiif/IMP-1892-01-07-a-p0007/50,1779,336,44/full/0/default.jpg
bureau	O	O	O	O	O	O	_	_	_	_	_	_
de	O	O	O	O	O	O	_	_	_	_	_	_
la	O	O	O	O	O	O	_	_	_	_	_	_
Suisse	O	O	O	O	O	O	_	_	_	_	_	_
allemande	O	O	O	O	O	O	_	_	_	_	_	_
comme	O	O	O	O	O	O	_	_	EndOfLine	_	_	_
# segment_iiif_link = https://impresso-project.ch/api/proxy/iiif/IMP-1892-01-07-a-p0007/50,1796,336,44/full/0/default.jpg
commis	O	O	O	O	O	O	_	_	NoSpaceAfter	_	_	_
,	O	O	O	O	O	O	_	_	_	_	_	_
cherche	O	O	O	O	O	O	_	_	_	_	_	_
une	O	O	O	O	O	O	_	_	_	_	_	_
place	O	O	O	O	O	O	_	_	_	_	_	_
psur	O	O	O	O	O	O	_	_	_	_	_	_
apprendre	O	O	O	O	O	O	_	_	EndOfLine	_	_	_
# segment_iiif_link = https://impresso-project.ch/api/proxy/iiif/IMP-1892-01-07-a-p0007/50,1812,333,44/full/0/default.jpg
le	O	O	O	O	O	O	_	_	_	_	_	_
français	O	O	O	O	O	O	_	_	_	_	_	_
;	O	O	O	O	O	O	_	_	_	_	_	_
il	O	O	O	O	O	O	_	_	_	_	_	_
n	O	O	O	O	O	O	_	_	NoSpaceAfter	_	_	_
'	O	O	O	O	O	O	_	_	NoSpaceAfter	_	_	_
exigerait	O	O	O	O	O	O	_	_	_	_	_	_
point	O	O	O	O	O	O	_	_	_	_	_	_
de	O	O	O	O	O	O	_	_	_	_	_	_
_	O	O	O	O	O	O	_	_	NoSpaceAfter	_	_	_
gag	O	O	O	O	O	O	_	_	_	_	_	_
_	O	O	O	O	O	O	_	_	EndOfLine	_	_	_
# segment_iiif_link = https://impresso-project.ch/api/proxy/iiif/IMP-1892-01-07-a-p0007/50,1829,335,44/full/0/default.jpg
pour	O	O	O	O	O	O	_	_	_	_	_	_
les	O	O	O	O	O	O	_	_	_	_	_	_
trois	O	O	O	O	O	O	_	_	_	_	_	_
premiers	O	O	O	O	O	O	_	_	_	_	_	_
mois	O	O	O	O	O	O	_	_	NoSpaceAfter	_	_	_
,	O	O	O	O	O	O	_	_	_	_	_	_
_	O	O	O	O	O	O	_	_	NoSpaceAfter	_	_	_
ensuita	O	O	O	O	O	O	_	_	NoSpaceAfter	_	_	_
.	O	O	O	O	O	O	_	_	EndOfLine	_	_	_
# segment_iiif_link = https://impresso-project.ch/api/proxy/iiif/IMP-1892-01-07-a-p0007/50,1845,328,44/full/0/default.jpg
_	O	O	O	O	O	O	_	_	NoSpaceAfter	_	_	_
siivant	O	O	O	O	O	O	_	_	_	_	_	_
capacités	O	O	O	O	O	O	_	_	NoSpaceAfter	_	_	_
.	O	O	O	O	O	O	_	_	_	_	_	_
De	O	O	O	O	O	O	_	_	_	_	_	_
préférence	O	O	O	O	O	O	_	_	_	_	_	_
dans	O	O	O	O	O	O	_	_	_	_	_	_
un	O	O	O	O	O	O	_	_	_	_	_	_
bu	O	O	O	O	O	O	_	_	EndOfLine	_	_	_
# segment_iiif_link = https://impresso-project.ch/api/proxy/iiif/IMP-1892-01-07-a-p0007/49,1862,320,44/full/0/default.jpg
reau	O	O	O	O	O	O	_	_	_	_	_	_
ou	O	O	O	O	O	O	_	_	_	_	_	_
pour	O	O	O	O	O	O	_	_	_	_	_	_
n	O	O	O	O	O	O	_	_	NoSpaceAfter	_	_	_
'	O	O	O	O	O	O	_	_	NoSpaceAfter	_	_	_
importe	O	O	O	O	O	O	_	_	_	_	_	_
quel	O	O	O	O	O	O	_	_	_	_	_	_
_	O	O	O	O	O	O	_	_	NoSpaceAfter	_	_	_
commerce	O	O	O	O	O	O	_	_	NoSpaceAfter	_	_	_
.	O	O	O	O	O	O	_	_	EndOfLine	_	_	_
# segment_iiif_link = https://impresso-project.ch/api/proxy/iiif/IMP-1892-01-07-a-p0007/68,1878,319,44/full/0/default.jpg
S	O	O	O	O	O	O	_	_	NoSpaceAfter	_	_	_
'	O	O	O	O	O	O	_	_	NoSpaceAfter	_	_	_
airesser	O	O	O	O	O	O	_	_	_	_	_	_
A	O	O	O	O	O	O	_	_	_	_	_	_
M	O	O	O	O	O	O	_	_	NoSpaceAfter	_	_	_
.	O	O	O	O	O	O	_	_	_	_	_	_
J	O	O	O	O	O	O	_	_	_	_	_	_
.	O	O	O	O	O	O	_	_	NoSpaceAfter	_	_	_
-	O	O	O	O	O	O	_	_	NoSpaceAfter	_	_	_
U	O	O	O	O	O	O	_	_	NoSpaceAfter	_	_	_
.	O	O	O	O	O	O	_	_	_	_	_	_
_	O	O	O	O	O	O	_	_	NoSpaceAfter	_	_	_
Santschi	O	O	O	O	O	O	_	_	NoSpaceAfter	_	_	_
,	O	O	O	O	O	O	_	_	_	_	_	_
rue	O	O	O	O	O	O	_	_	_	_	_	_
d	O	O	O	O	O	O	_	_	_	_	_	_
_	O	O	O	O	O	O	_	_	NoSpaceAfter	_	_	_
;	O	O	O	O	O	O	_	_	EndOfLine	_	_	_
# segment_iiif_link = https://impresso-project.ch/api/proxy/iiif/IMP-1892-01-07-a-p0007/50,1894,337,44/full/0/default.jpg
l	O	O	O	O	O	O	_	_	NoSpaceAfter	_	_	_
'	O	O	O	O	O	O	_	_	NoSpaceAfter	_	_	_
Industrie	O	O	O	O	O	O	_	_	_	_	_	_
3	O	O	O	O	O	O	_	_	NoSpaceAfter	_	_	_
.	O	O	O	O	O	O	_	_	EndOfLine	_	_	_
# segment_iiif_link = https://impresso-project.ch/api/proxy/iiif/IMP-1892-01-07-a-p0007/51,1927,336,44/full/0/default.jpg
_	O	O	O	O	O	O	_	_	NoSpaceAfter	_	_	_
111	O	O	O	O	O	O	_	_	NoSpaceAfter	_	_	_
-	O	O	O	O	O	O	_	_	NoSpaceAfter	_	_	_
.	O	O	O	O	O	O	_	_	NoSpaceAfter	_	_	_
-	O	O	O	O	O	O	_	_	NoSpaceAfter	_	_	_
Vinisfionoa	O	O	O	O	O	O	_	_	_	_	_	_
_	O	O	O	O	O	O	_	_	NoSpaceAfter	_	_	_
"	O	O	O	O	O	O	_	_	_	_	_	_
finisseuse	O	O	O	O	O	O	_	_	_	_	_	_
de	O	O	O	O	O	O	_	_	_	_	_	_
boites	O	O	O	O	O	O	_	_	EndOfLine	_	_	_
# segment_iiif_link = https://impresso-project.ch/api/proxy/iiif/IMP-1892-01-07-a-p0007/51,1933,320,44/full/0/default.jpg
f	O	O	O	O	O	O	_	_	_	_	_	_
_	O	O	O	O	O	O	_	_	NoSpaceAfter	_	_	_
llilsSOU	O	O	O	O	O	O	_	_	_	_	_	_
&	O	O	O	O	O	O	_	_	_	_	_	_
tl	O	O	O	O	O	O	_	_	NoSpaceAfter	_	_	_
.	O	O	O	O	O	O	_	_	_	EndOfSentence	_	_
or	O	O	O	O	O	O	_	_	_	_	_	_
désire	O	O	O	O	O	O	_	_	_	_	_	_
se	O	O	O	O	O	O	_	_	_	_	_	_
placer	O	O	O	O	O	O	_	_	_	_	_	_
de	O	O	O	O	O	O	_	_	EndOfLine	_	_	_
# segment_iiif_link = https://impresso-project.ch/api/proxy/iiif/IMP-1892-01-07-a-p0007/51,1954,336,43/full/0/default.jpg
suite	O	O	O	O	O	O	_	_	_	_	_	_
dans	O	O	O	O	O	O	_	_	_	_	_	_
un	O	O	O	O	O	O	_	_	_	_	_	_
bon	O	O	O	O	O	O	_	_	_	_	_	_
atelier	O	O	O	O	O	O	_	_	_	_	_	_
de	O	O	O	O	O	O	_	_	_	_	_	_
la	O	O	O	O	O	O	_	_	_	_	_	_
localité	O	O	O	O	O	O	_	_	NoSpaceAfter	_	_	_
.	O	O	O	O	O	O	_	_	_	EndOfSentence	_	_
—	O	O	O	O	O	O	_	_	EndOfLine	_	_	_
# segment_iiif_link = https://impresso-project.ch/api/proxy/iiif/IMP-1892-01-07-a-p0007/51,1970,335,43/full/0/default.jpg
S	O	O	O	O	O	O	_	_	NoSpaceAfter	_	_	_
'	O	O	O	O	O	O	_	_	NoSpaceAfter	_	_	_
adresser	O	O	O	O	O	O	_	_	_	_	_	_
rue	O	O	O	O	O	O	_	_	_	_	_	_
Jaquet	O	O	O	O	O	O	_	_	_	_	_	_
ûroz	O	O	O	O	O	O	_	_	_	_	_	_
39	O	O	O	O	O	O	_	_	NoSpaceAfter	_	_	_
,	O	O	O	O	O	O	_	_	_	_	_	_
au	O	O	O	O	O	O	_	_	_	_	_	_
pignon	O	O	O	O	O	O	_	_	NoSpaceAfter	_	_	_
.	O	O	O	O	O	O	_	_	EndOfLine	EndOfSentence	_	_
# segment_iiif_link = https://impresso-project.ch/api/proxy/iiif/IMP-1892-01-07-a-p0007/68,1986,321,44/full/0/default.jpg
A	O	O	O	O	O	O	_	_	_	_	_	_
la	O	O	O	O	O	O	_	_	_	_	_	_
même	O	O	O	O	O	O	_	_	_	_	_	_
_	O	O	O	O	O	O	_	_	NoSpaceAfter	_	_	_
adresse	O	O	O	O	O	O	_	_	NoSpaceAfter	_	_	_
,	O	O	O	O	O	O	_	_	_	_	_	_
â	O	O	O	O	O	O	_	_	_	_	_	_
louer	O	O	O	O	O	O	_	_	_	_	_	_
une	O	O	O	O	O	O	_	_	EndOfLine	_	_	_
# segment_iiif_link = https://impresso-project.ch/api/proxy/iiif/IMP-1892-01-07-a-p0007/50,2003,336,43/full/0/default.jpg
cliambre	O	O	O	O	O	O	_	_	_	_	_	_
meublée	O	O	O	O	O	O	_	_	_	_	_	_
exposée	O	O	O	O	O	O	_	_	_	_	_	_
au	O	O	O	O	O	O	_	_	_	_	_	_
soleil	O	O	O	O	O	O	_	_	_	_	_	_
Ht	O	O	O	O	O	O	_	_	NoSpaceAfter	_	_	_
-	O	O	O	O	O	O	_	_	NoSpaceAfter	_	_	_
3	O	O	O	O	O	O	_	_	EndOfLine	_	_	_
# segment_iiif_link = https://impresso-project.ch/api/proxy/iiif/IMP-1892-01-07-a-p0007/51,2033,337,43/full/0/default.jpg
TajIiunfiA	O	O	O	O	O	O	_	_	_	_	_	_
_	O	O	O	O	O	O	_	_	NoSpaceAfter	_	_	_
*	O	O	O	O	O	O	_	_	NoSpaceAfter	_	_	_
*	O	O	O	O	O	O	_	_	NoSpaceAfter	_	_	_
*	O	O	O	O	O	O	_	_	_	_	_	_
bonne	O	O	O	O	O	O	_	_	_	_	_	_
tailieuse	O	O	O	O	O	O	_	_	_	_	_	_
se	O	O	O	O	O	O	_	_	EndOfLine	_	_	_
# segment_iiif_link = https://impresso-project.ch/api/proxy/iiif/IMP-1892-01-07-a-p0007/54,2040,333,43/full/0/default.jpg
_	O	O	O	O	O	O	_	_	NoSpaceAfter	_	_	_
relaillUUftOi	O	O	O	O	O	O	_	_	_	_	_	_
commande	O	O	O	O	O	O	_	_	_	_	_	_
pour	O	O	O	O	O	O	_	_	_	_	_	_
des	O	O	O	O	O	O	_	_	EndOfLine	_	_	_
# segment_iiif_link = https://impresso-project.ch/api/proxy/iiif/IMP-1892-01-07-a-p0007/50,2059,338,44/full/0/default.jpg
journées	O	O	O	O	O	O	_	_	NoSpaceAfter	_	_	_
.	O	O	O	O	O	O	_	_	_	EndOfSentence	_	_
—	O	O	O	O	O	O	_	_	_	_	_	_
S	O	O	O	O	O	O	_	_	NoSpaceAfter	_	_	_
'	O	O	O	O	O	O	_	_	NoSpaceAfter	_	_	_
airesser	O	O	O	O	O	O	_	_	_	_	_	_
rue	O	O	O	O	O	O	_	_	_	_	_	_
du	O	O	O	O	O	O	_	_	_	_	_	_
Parc	O	O	O	O	O	O	_	_	_	_	_	_
77	O	O	O	O	O	O	_	_	NoSpaceAfter	_	_	_
,	O	O	O	O	O	O	_	_	_	_	_	_
au	O	O	O	O	O	O	_	_	EndOfLine	_	_	_
# segment_iiif_link = https://impresso-project.ch/api/proxy/iiif/IMP-1892-01-07-a-p0007/49,2076,160,44/full/0/default.jpg
Sme	O	O	O	O	O	O	_	_	_	_	_	_
étage	O	O	O	O	O	O	_	_	NoSpaceAfter	_	_	_
,	O	O	O	O	O	O	_	_	_	_	_	_
A	O	O	O	O	O	O	_	_	_	_	_	_
droite	O	O	O	O	O	O	_	_	NoSpaceAfter	_	_	_
.	O	O	O	O	O	O	_	_	EndOfLine	EndOfSentence	_	_
# segment_iiif_link = https://impresso-project.ch/api/proxy/iiif/IMP-1892-01-07-a-p0007/68,2092,322,44/full/0/default.jpg
A	O	O	O	O	O	O	_	_	_	_	_	_
la	O	O	O	O	O	O	_	_	_	_	_	_
même	O	O	O	O	O	O	_	_	_	_	_	_
adresse	O	O	O	O	O	O	_	_	NoSpaceAfter	_	_	_
,	O	O	O	O	O	O	_	_	_	_	_	_
une	O	O	O	O	O	O	_	_	_	_	_	_
bonne	O	O	O	O	O	O	_	_	_	_	_	_
ser	O	O	O	O	O	O	_	_	_	_	_	_
*	O	O	O	O	O	O	_	_	EndOfLine	_	_	_
# segment_iiif_link = https://impresso-project.ch/api/proxy/iiif/IMP-1892-01-07-a-p0007/58,2109,330,44/full/0/default.jpg
•	O	O	O	O	O	O	_	_	NoSpaceAfter	_	_	_
tisseuse	O	O	O	O	O	O	_	_	_	_	_	_
se	O	O	O	O	O	O	_	_	_	_	_	_
recommande	O	O	O	O	O	O	_	_	_	_	_	_
pour	O	O	O	O	O	O	_	_	_	_	_	_
de	O	O	O	O	O	O	_	_	_	_	_	_
l	O	O	O	O	O	O	_	_	NoSpaceAfter	_	_	_
'	O	O	O	O	O	O	_	_	EndOfLine|NoSpaceAfter	_	_	_
# segment_iiif_link = https://impresso-project.ch/api/proxy/iiif/IMP-1892-01-07-a-p0007/51,2125,336,44/full/0/default.jpg
ouvrage	O	O	O	O	O	O	_	_	_	_	_	_
ancre	O	O	O	O	O	O	_	_	NoSpaceAfter	_	_	_
,	O	O	O	O	O	O	_	_	_	_	_	_
cylindre	O	O	O	O	O	O	_	_	_	_	_	_
et	O	O	O	O	O	O	_	_	_	_	_	_
_	O	O	O	O	O	O	_	_	NoSpaceAfter	_	_	_
roskopf	O	O	O	O	O	O	_	_	NoSpaceAfter	_	_	_
.	O	O	O	O	O	O	_	_	_	EndOfSentence	_	_
106	O	O	O	O	O	O	_	_	NoSpaceAfter	_	_	_
-	O	O	O	O	O	O	_	_	NoSpaceAfter	_	_	_
3	O	O	O	O	O	O	_	_	EndOfLine	_	_	_
# segment_iiif_link = https://impresso-project.ch/api/proxy/iiif/IMP-1892-01-07-a-p0007/54,2153,332,44/full/0/default.jpg
Inm	O	O	O	O	O	O	_	_	NoSpaceAfter	_	_	_
-	O	O	O	O	O	O	_	_	NoSpaceAfter	_	_	_
n	O	O	O	O	O	O	_	_	NoSpaceAfter	_	_	_
-	O	O	O	O	O	O	_	_	NoSpaceAfter	_	_	_
iliitra	O	O	O	O	O	O	_	_	_	_	_	_
Une	O	O	O	O	O	O	_	_	_	_	_	_
jeune	O	O	O	O	O	O	_	_	_	_	_	_
personne	O	O	O	O	O	O	_	_	EndOfLine	_	_	_
# segment_iiif_link = https://impresso-project.ch/api/proxy/iiif/IMP-1892-01-07-a-p0007/51,2162,320,43/full/0/default.jpg
_	O	O	O	O	O	O	_	_	NoSpaceAfter	_	_	_
dis	O	O	O	O	O	O	_	_	NoSpaceAfter	_	_	_
-	O	O	O	O	O	O	_	_	NoSpaceAfter	_	_	_
JUIllual	O	O	O	O	O	O	_	_	_	_	_	_
11.10	O	O	O	O	O	O	_	_	NoSpaceAfter	_	_	_
.	O	O	O	O	O	O	_	_	_	EndOfSentence	_	_
po	O	O	O	O	O	O	_	_	NoSpaceAfter	_	_	_
-	O	O	O	O	O	O	_	_	NoSpaceAfter	_	_	_
ant	O	O	O	O	O	O	_	_	_	_	_	_
de	O	O	O	O	O	O	_	_	_	_	_	_
plusieurs	O	O	O	O	O	O	_	_	EndOfLine	_	_	_
# segment_iiif_link = https://impresso-project.ch/api/proxy/iiif/IMP-1892-01-07-a-p0007/50,2182,337,44/full/0/default.jpg
_	O	O	O	O	O	O	_	_	NoSpaceAfter	_	_	_
heures	O	O	O	O	O	O	_	_	_	_	_	_
par	O	O	O	O	O	O	_	_	_	_	_	_
jeur	O	O	O	O	O	O	_	_	_	_	_	_
se	O	O	O	O	O	O	_	_	_	_	_	_
recommande	O	O	O	O	O	O	_	_	_	_	_	_
pour	O	O	O	O	O	O	_	_	_	_	_	_
faire	O	O	O	O	O	O	_	_	EndOfLine	_	_	_
# segment_iiif_link = https://impresso-project.ch/api/proxy/iiif/IMP-1892-01-07-a-p0007/51,2198,337,44/full/0/default.jpg
des	O	O	O	O	O	O	_	_	_	_	_	_
travaux	O	O	O	O	O	O	_	_	_	_	_	_
de	O	O	O	O	O	O	_	_	_	_	_	_
ménage	O	O	O	O	O	O	_	_	NoSpaceAfter	_	_	_
.	O	O	O	O	O	O	_	_	_	EndOfSentence	_	_
—	O	O	O	O	O	O	_	_	_	_	_	_
S	O	O	O	O	O	O	_	_	NoSpaceAfter	_	_	_
'	O	O	O	O	O	O	_	_	NoSpaceAfter	_	_	_
adresser	O	O	O	O	O	O	_	_	EndOfLine	_	_	_
# segment_iiif_link = https://impresso-project.ch/api/proxy/iiif/IMP-1892-01-07-a-p0007/51,2214,336,44/full/0/default.jpg
chez	O	O	O	O	O	O	_	_	_	_	_	_
Mme	O	O	O	O	O	O	_	_	_	_	_	_
Fluemann	O	O	O	O	O	O	_	_	NoSpaceAfter	_	_	_
,	O	O	O	O	O	O	_	_	_	_	_	_
rue	O	O	O	O	O	O	_	_	_	_	_	_
Jaquet	O	O	O	O	O	O	_	_	NoSpaceAfter	_	_	_
-	O	O	O	O	O	O	_	_	NoSpaceAfter	_	_	_
Droz	O	O	O	O	O	O	_	_	_	_	_	_
52	O	O	O	O	O	O	_	_	NoSpaceAfter	_	_	_
,	O	O	O	O	O	O	_	_	EndOfLine	_	_	_
# segment_iiif_link = https://impresso-project.ch/api/proxy/iiif/IMP-1892-01-07-a-p0007/50,2231,339,44/full/0/default.jpg
an	O	O	O	O	O	O	_	_	_	_	_	_
2	O	O	O	O	O	O	_	_	_	_	_	_
_	O	O	O	O	O	O	_	_	NoSpaceAfter	_	_	_
me	O	O	O	O	O	O	_	_	_	_	_	_
étage	O	O	O	O	O	O	_	_	NoSpaceAfter	_	_	_
.	O	O	O	O	O	O	_	_	_	EndOfSentence	_	_
105	O	O	O	O	O	O	_	_	_	_	_	_
3	O	O	O	O	O	O	_	_	EndOfLine	_	_	_
# segment_iiif_link = https://impresso-project.ch/api/proxy/iiif/IMP-1892-01-07-a-p0007/51,2255,340,63/full/0/default.jpg
lin	O	O	O	O	O	O	_	_	_	_	_	_
jeune	O	O	O	O	O	O	_	_	_	_	_	_
homme	O	O	O	O	O	O	_	_	_	_	_	_
_	O	O	O	O	O	O	_	_	NoSpaceAfter	_	_	_
foiT	O	O	O	O	O	O	_	_	_	_	_	_
_	O	O	O	O	O	O	_	_	NoSpaceAfter	_	_	_
^	O	O	O	O	O	O	_	_	_	_	_	_
Xf	O	O	O	O	O	O	_	_	EndOfLine	_	_	_
# segment_iiif_link = https://impresso-project.ch/api/proxy/iiif/IMP-1892-01-07-a-p0007/51,2289,337,44/full/0/default.jpg
quatre	O	O	O	O	O	O	_	_	_	_	_	_
ans	O	O	O	O	O	O	_	_	_	_	_	_
dans	O	O	O	O	O	O	_	_	_	_	_	_
un	O	O	O	O	O	O	_	_	_	_	_	_
bureau	O	O	O	O	O	O	_	_	NoSpaceAfter	_	_	_
,	O	O	O	O	O	O	_	_	_	_	_	_
demaude	O	O	O	O	O	O	_	_	_	_	_	_
une	O	O	O	O	O	O	_	_	EndOfLine	_	_	_
# segment_iiif_link = https://impresso-project.ch/api/proxy/iiif/IMP-1892-01-07-a-p0007/51,2306,337,43/full/0/default.jpg
place	O	O	O	O	O	O	_	_	_	_	_	_
comme	O	O	O	O	O	O	_	_	_	_	_	_
aide	O	O	O	O	O	O	_	_	_	_	_	_
pour	O	O	O	O	O	O	_	_	_	_	_	_
l	O	O	O	O	O	O	_	_	NoSpaceAfter	_	_	_
'	O	O	O	O	O	O	_	_	NoSpaceAfter	_	_	_
expédition	O	O	O	O	O	O	_	_	_	_	_	_
ou	O	O	O	O	O	O	_	_	EndOfLine	_	_	_
# segment_iiif_link = https://impresso-project.ch/api/proxy/iiif/IMP-1892-01-07-a-p0007/51,2322,335,43/full/0/default.jpg
pojr	O	O	O	O	O	O	_	_	_	_	_	_
faire	O	O	O	O	O	O	_	_	_	_	_	_
les	O	O	O	O	O	O	_	_	_	_	_	_
commissions	O	O	O	O	O	O	_	_	NoSpaceAfter	_	_	_
.	O	O	O	O	O	O	_	_	_	EndOfSentence	_	_
103	O	O	O	O	O	O	_	_	NoSpaceAfter	_	_	_
-	O	O	O	O	O	O	_	_	NoSpaceAfter	_	_	_
3	O	O	O	O	O	O	_	_	EndOfLine	_	_	_
# segment_iiif_link = https://impresso-project.ch/api/proxy/iiif/IMP-1892-01-07-a-p0007/70,2337,290,43/full/0/default.jpg
-	O	O	O	O	O	O	_	_	NoSpaceAfter	_	_	_
"	O	O	O	O	O	O	_	_	NoSpaceAfter	_	_	_
'	O	O	O	O	O	O	_	_	NoSpaceAfter	_	_	_
adresser	O	O	O	O	O	O	_	_	_	_	_	_
an	O	O	O	O	O	O	_	_	_	_	_	_
bureau	O	O	O	O	O	O	_	_	_	_	_	_
do	O	O	O	O	O	O	_	_	_	_	_	_
I	O	O	O	O	O	O	_	_	NoSpaceAfter	_	_	_
'	O	O	O	O	O	O	_	_	NoSpaceAfter	_	_	_
IMPARTIAI	O	O	O	O	O	O	_	_	NoSpaceAfter	_	_	_
.	O	O	O	O	O	O	_	_	EndOfLine	EndOfSentence	_	_
# segment_iiif_link = https://impresso-project.ch/api/proxy/iiif/IMP-1892-01-07-a-p0007/52,2370,333,43/full/0/default.jpg
I	O	O	O	O	O	O	_	_	NoSpaceAfter	_	_	_
.	O	O	O	O	O	O	_	_	_	EndOfSentence	_	_
U	O	O	O	O	O	O	_	_	_	_	_	_
9	O	O	O	O	O	O	_	_	_	_	_	_
f	O	O	O	O	O	O	_	_	NoSpaceAfter	_	_	_
-	O	O	O	O	O	O	_	_	NoSpaceAfter	_	_	_
hf	O	O	O	O	O	O	_	_	_	_	_	_
>	O	O	O	O	O	O	_	_	_	_	_	_
VftllP	O	O	O	O	O	O	_	_	_	_	_	_
nîbile	O	O	O	O	O	O	_	_	NoSpaceAfter	_	_	_
-	O	O	O	O	O	O	_	_	NoSpaceAfter	_	_	_
régulier	O	O	O	O	O	O	_	_	_	_	_	_
au	O	O	O	O	O	O	_	_	EndOfLine	_	_	_
# segment_iiif_link = https://impresso-project.ch/api/proxy/iiif/IMP-1892-01-07-a-p0007/52,2376,335,43/full/0/default.jpg
tra	O	O	O	O	O	O	_	_	NoSpaceAfter	_	_	_
-	O	O	O	O	O	O	_	_	NoSpaceAfter	_	_	_
UM	O	O	O	O	O	O	_	_	_	_	_	_
aOilCfbUl	O	O	O	O	O	O	_	_	_	_	_	_
vall	O	O	O	O	O	O	_	_	NoSpaceAfter	_	_	_
,	O	O	O	O	O	O	_	_	_	_	_	_
ayant	O	O	O	O	O	O	_	_	_	_	_	_
l	O	O	O	O	O	O	_	_	NoSpaceAfter	_	_	_
'	O	O	O	O	O	O	_	_	NoSpaceAfter	_	_	_
habitude	O	O	O	O	O	O	_	_	_	_	_	_
des	O	O	O	O	O	O	_	_	EndOfLine	_	_	_
# segment_iiif_link = https://impresso-project.ch/api/proxy/iiif/IMP-1892-01-07-a-p0007/51,2395,337,44/full/0/default.jpg
bottes	O	O	O	O	O	O	_	_	_	_	_	_
légères	O	O	O	O	O	O	_	_	NoSpaceAfter	_	_	_
,	O	O	O	O	O	O	_	_	_	_	_	_
connaiss	O	O	O	O	O	O	_	_	_	_	_	_
t	O	O	O	O	O	O	_	_	_	_	_	_
la	O	O	O	O	O	O	_	_	_	_	_	_
tenue	O	O	O	O	O	O	_	_	_	_	_	_
de	O	O	O	O	O	O	_	_	EndOfLine	_	_	_
# segment_iiif_link = https://impresso-project.ch/api/proxy/iiif/IMP-1892-01-07-a-p0007/51,2411,337,44/full/0/default.jpg
lanterne	O	O	O	O	O	O	_	_	NoSpaceAfter	_	_	_
,	O	O	O	O	O	O	_	_	_	_	_	_
ainsi	O	O	O	O	O	O	_	_	_	_	_	_
que	O	O	O	O	O	O	_	_	_	_	_	_
les	O	O	O	O	O	O	_	_	_	_	_	_
ce	O	O	O	O	O	O	_	_	_	_	_	_
_	O	O	O	O	O	O	_	_	NoSpaceAfter	_	_	_
isppements	O	O	O	O	O	O	_	_	EndOfLine	_	_	_
# segment_iiif_link = https://impresso-project.ch/api/proxy/iiif/IMP-1892-01-07-a-p0007/53,2428,335,43/full/0/default.jpg
aucre	O	O	O	O	O	O	_	_	_	_	_	_
et	O	O	O	O	O	O	_	_	_	_	_	_
cylindre	O	O	O	O	O	O	_	_	NoSpaceAfter	_	_	_
,	O	O	O	O	O	O	_	_	_	_	_	_
cherche	O	O	O	O	O	O	_	_	_	_	_	_
une	O	O	O	O	O	O	_	_	_	_	_	_
place	O	O	O	O	O	O	_	_	_	_	_	_
dans	O	O	O	O	O	O	_	_	_	_	_	_
un	O	O	O	O	O	O	_	_	EndOfLine	_	_	_
# segment_iiif_link = https://impresso-project.ch/api/proxy/iiif/IMP-1892-01-07-a-p0007/51,2444,337,44/full/0/default.jpg
comptoir	O	O	O	O	O	O	_	_	_	_	_	_
do	O	O	O	O	O	O	_	_	_	_	_	_
la	O	O	O	O	O	O	_	_	_	_	_	_
localité	O	O	O	O	O	O	_	_	NoSpaceAfter	_	_	_
.	O	O	O	O	O	O	_	_	_	EndOfSentence	_	_
Entrée	O	O	O	O	O	O	_	_	_	_	_	_
A	O	O	O	O	O	O	_	_	_	_	_	_
volonté	O	O	O	O	O	O	_	_	NoSpaceAfter	_	_	_
,	O	O	O	O	O	O	_	_	EndOfLine	_	_	_
# segment_iiif_link = https://impresso-project.ch/api/proxy/iiif/IMP-1892-01-07-a-p0007/52,2461,334,44/full/0/default.jpg
«	O	O	O	O	O	O	_	_	_	_	_	_
_	O	O	O	O	O	O	_	_	NoSpaceAfter	_	_	_
erliticals	O	O	O	O	O	O	_	_	_	_	_	_
A	O	O	O	O	O	O	_	_	_	_	_	_
disposition	O	O	O	O	O	O	_	_	NoSpaceAfter	_	_	_
.	O	O	O	O	O	O	_	_	_	EndOfSentence	_	_
1	O	O	O	O	O	O	_	_	NoSpaceAfter	_	_	_
.	O	O	O	O	O	O	_	_	_	EndOfSentence	_	_
3	O	O	O	O	O	O	_	_	NoSpaceAfter	_	_	_
-	O	O	O	O	O	O	_	_	NoSpaceAfter	_	_	_
3	O	O	O	O	O	O	_	_	EndOfLine	_	_	_
# segment_iiif_link = https://impresso-project.ch/api/proxy/iiif/IMP-1892-01-07-a-p0007/70,2476,292,43/full/0/default.jpg
S	O	O	O	O	O	O	_	_	NoSpaceAfter	_	_	_
'	O	O	O	O	O	O	_	_	NoSpaceAfter	_	_	_
adresser	O	O	O	O	O	O	_	_	_	_	_	_
au	O	O	O	O	O	O	_	_	_	_	_	_
bureau	O	O	O	O	O	O	_	_	_	_	_	_
de	O	O	O	O	O	O	_	_	_	_	_	_
:	O	O	O	O	O	O	_	_	_	_	_	_
!	O	O	O	O	O	O	_	_	NoSpaceAfter	EndOfSentence	_	_
*	O	O	O	O	O	O	_	_	_	_	_	_
.	O	O	O	O	O	O	_	_	NoSpaceAfter	EndOfSentence	_	_
.	O	O	O	O	O	O	_	_	_	EndOfSentence	_	_
RTIAL	O	O	O	O	O	O	_	_	EndOfLine	_	_	_
# segment_iiif_link = https://impresso-project.ch/api/proxy/iiif/IMP-1892-01-07-a-p0007/53,2495,335,79/full/0/default.jpg
UsejeunelllleTuVX	O	O	O	O	O	O	_	_	NoSpaceAfter	_	_	_
*	O	O	O	O	O	O	_	_	EndOfLine	_	_	_
# segment_iiif_link = https://impresso-project.ch/api/proxy/iiif/IMP-1892-01-07-a-p0007/52,2543,336,47/full/0/default.jpg
«	O	O	O	O	O	O	_	_	_	_	_	_
le	O	O	O	O	O	O	_	_	_	_	_	_
la	O	O	O	O	O	O	_	_	_	_	_	_
sortie	O	O	O	O	O	O	_	_	_	_	_	_
cherche	O	O	O	O	O	O	_	_	_	_	_	_
nne	O	O	O	O	O	O	_	_	_	_	_	_
place	O	O	O	O	O	O	_	_	_	_	_	_
dans	O	O	O	O	O	O	_	_	_	_	_	_
un	O	O	O	O	O	O	_	_	EndOfLine	_	_	_
# segment_iiif_link = https://impresso-project.ch/api/proxy/iiif/IMP-1892-01-07-a-p0007/52,2564,335,47/full/0/default.jpg
comptoir	O	O	O	O	O	O	_	_	_	_	_	_
de	O	O	O	O	O	O	_	_	_	_	_	_
la	O	O	O	O	O	O	_	_	_	_	_	_
localité	O	O	O	O	O	O	_	_	_	_	_	_
ponr	O	O	O	O	O	O	_	_	_	_	_	_
s	O	O	O	O	O	O	_	_	NoSpaceAfter	_	_	_
'	O	O	O	O	O	O	_	_	NoSpaceAfter	_	_	_
occuper	O	O	O	O	O	O	_	_	EndOfLine	_	_	_
# segment_iiif_link = https://impresso-project.ch/api/proxy/iiif/IMP-1892-01-07-a-p0007/53,2586,335,46/full/0/default.jpg
de	O	O	O	O	O	O	_	_	_	_	_	_
celte	O	O	O	O	O	O	_	_	_	_	_	_
partie	O	O	O	O	O	O	_	_	_	_	_	_
;	O	O	O	O	O	O	_	_	_	_	_	_
entre	O	O	O	O	O	O	_	_	_	_	_	_
temps	O	O	O	O	O	O	_	_	_	_	_	_
elle	O	O	O	O	O	O	_	_	EndOfLine	_	_	_
# segment_iiif_link = https://impresso-project.ch/api/proxy/iiif/IMP-1892-01-07-a-p0007/53,2606,335,47/full/0/default.jpg
pourrait	O	O	O	O	O	O	_	_	_	_	_	_
faire	O	O	O	O	O	O	_	_	_	_	_	_
des	O	O	O	O	O	O	_	_	_	_	_	_
réglages	O	O	O	O	O	O	_	_	NoSpaceAfter	_	_	_
.	O	O	O	O	O	O	_	_	_	EndOfSentence	_	_
Prétentions	O	O	O	O	O	O	_	_	EndOfLine	_	_	_
# segment_iiif_link = https://impresso-project.ch/api/proxy/iiif/IMP-1892-01-07-a-p0007/52,2627,338,47/full/0/default.jpg
modeste	O	O	O	O	O	O	_	_	_	_	_	_
*	O	O	O	O	O	O	_	_	_	_	_	_
-	O	O	O	O	O	O	_	_	NoSpaceAfter	_	_	_
.	O	O	O	O	O	O	_	_	_	EndOfSentence	_	_
—	O	O	O	O	O	O	_	_	_	_	_	_
Déposer	O	O	O	O	O	O	_	_	_	_	_	_
s	O	O	O	O	O	O	_	_	NoSpaceAfter	_	_	_
.	O	O	O	O	O	O	_	_	_	EndOfSentence	_	_
v	O	O	O	O	O	O	_	_	NoSpaceAfter	_	_	_
,	O	O	O	O	O	O	_	_	_	_	_	_
p	O	O	O	O	O	O	_	_	NoSpaceAfter	_	_	_
.	O	O	O	O	O	O	_	_	_	EndOfSentence	_	_
les	O	O	O	O	O	O	_	_	_	_	_	_
offres	O	O	O	O	O	O	_	_	NoSpaceAfter	_	_	_
,	O	O	O	O	O	O	_	_	EndOfLine	_	_	_
# segment_iiif_link = https://impresso-project.ch/api/proxy/iiif/IMP-1892-01-07-a-p0007/53,2648,335,47/full/0/default.jpg
sons	O	O	O	O	O	O	_	_	_	_	_	_
Initiales	O	O	O	O	O	O	_	_	_	_	_	_
P	O	O	O	O	O	O	_	_	NoSpaceAfter	_	_	_
.	O	O	O	O	O	O	_	_	_	_	_	_
G	O	O	O	O	O	O	_	_	NoSpaceAfter	_	_	_
.	O	O	O	O	O	O	_	_	_	_	_	_
63	O	O	O	O	O	O	_	_	NoSpaceAfter	_	_	_
,	O	O	O	O	O	O	_	_	_	_	_	_
au	O	O	O	O	O	O	_	_	_	_	_	_
bureau	O	O	O	O	O	O	_	_	_	_	_	_
de	O	O	O	O	O	O	_	_	EndOfLine	_	_	_
# segment_iiif_link = https://impresso-project.ch/api/proxy/iiif/IMP-1892-01-07-a-p0007/53,2669,336,47/full/0/default.jpg
.	O	O	O	O	O	O	_	_	_	EndOfSentence	_	_
'	O	O	O	O	O	O	_	_	NoSpaceAfter	_	_	_
IMPARTIAL	O	O	O	O	O	O	_	_	NoSpaceAfter	_	_	_
.	O	O	O	O	O	O	_	_	_	EndOfSentence	_	_
63	O	O	O	O	O	O	_	_	_	_	_	_
2	O	O	O	O	O	O	_	_	EndOfLine	EndOfSentence	_	_

# language = fr
# newspaper = IMP
# date = 1892-12-03
# document_id = IMP-1892-12-03-a-i0077
# news-agency-as-source = _
# segment_iiif_link = https://impresso-project.ch/api/proxy/iiif/IMP-1892-12-03-a-p0008/1508,153,333,70/full/0/default.jpg
CERCLE	O	O	O	O	O	O	_	_	_	_	_	_
MONTAGNARD	O	O	O	O	O	O	_	_	EndOfLine	_	_	_
# segment_iiif_link = https://impresso-project.ch/api/proxy/iiif/IMP-1892-12-03-a-p0008/1538,196,276,44/full/0/default.jpg
-	O	O	O	O	O	O	_	_	NoSpaceAfter	_	_	_
M	O	O	O	O	O	O	_	_	_	_	_	_
CHATJX	O	O	O	O	O	O	_	_	NoSpaceAfter	_	_	_
-	O	O	O	O	O	O	_	_	NoSpaceAfter	_	_	_
DE	O	O	O	O	O	O	_	_	NoSpaceAfter	_	_	_
-	O	O	O	O	O	O	_	_	NoSpaceAfter	_	_	_
FONDS	O	O	O	O	O	O	_	_	EndOfLine	_	_	_
# segment_iiif_link = https://impresso-project.ch/api/proxy/iiif/IMP-1892-12-03-a-p0008/1552,226,251,50/full/0/default.jpg
HDimanche	O	O	O	O	O	O	_	_	_	_	_	_
4	O	O	O	O	O	O	_	_	_	_	_	_
Décembre	O	O	O	O	O	O	_	_	EndOfLine	_	_	_
# segment_iiif_link = https://impresso-project.ch/api/proxy/iiif/IMP-1892-12-03-a-p0008/1596,250,158,44/full/0/default.jpg
dès	O	O	O	O	O	O	_	_	_	_	_	_
8	O	O	O	O	O	O	_	_	_	_	_	_
V	O	O	O	O	O	O	_	_	_	_	_	_
»	O	O	O	O	O	O	_	_	_	_	_	_
h	O	O	O	O	O	O	_	_	NoSpaceAfter	_	_	_
.	O	O	O	O	O	O	_	_	_	EndOfSentence	_	_
du	O	O	O	O	O	O	_	_	_	_	_	_
soir	O	O	O	O	O	O	_	_	NoSpaceAfter	_	_	_
,	O	O	O	O	O	O	_	_	EndOfLine	_	_	_
# segment_iiif_link = https://impresso-project.ch/api/proxy/iiif/IMP-1892-12-03-a-p0008/1507,273,343,70/full/0/default.jpg
_	O	O	O	O	O	O	_	_	NoSpaceAfter	_	_	_
Srande	O	O	O	O	O	O	_	_	_	_	_	_
Représentation	O	O	O	O	O	O	_	_	EndOfLine	_	_	_
# segment_iiif_link = https://impresso-project.ch/api/proxy/iiif/IMP-1892-12-03-a-p0008/1547,318,254,53/full/0/default.jpg
de	O	O	O	O	O	O	_	_	_	_	_	_
Prestidigitation	O	O	O	O	O	O	_	_	EndOfLine	_	_	_
# segment_iiif_link = https://impresso-project.ch/api/proxy/iiif/IMP-1892-12-03-a-p0008/1634,345,84,44/full/0/default.jpg
offerte	O	O	O	O	O	O	_	_	_	_	_	_
par	O	O	O	O	O	O	_	_	EndOfLine	_	_	_
# segment_iiif_link = https://impresso-project.ch/api/proxy/iiif/IMP-1892-12-03-a-p0008/1536,363,274,50/full/0/default.jpg
le	O	O	O	O	O	O	_	_	_	_	_	_
Professeur	O	O	O	O	O	O	_	_	_	_	_	_
Ftaphaël	O	O	O	O	O	O	_	_	EndOfLine	_	_	_
# segment_iiif_link = https://impresso-project.ch/api/proxy/iiif/IMP-1892-12-03-a-p0008/1505,387,343,44/full/0/default.jpg
dans	O	O	O	O	O	O	_	_	_	_	_	_
ses	O	O	O	O	O	O	_	_	_	_	_	_
fantaisies	O	O	O	O	O	O	_	_	_	_	_	_
fin	O	O	O	O	O	O	_	_	_	_	_	_
de	O	O	O	O	O	O	_	_	_	_	_	_
siècle	O	O	O	O	O	O	_	_	_	_	_	_
et	O	O	O	O	O	O	_	_	_	_	_	_
dont	O	O	O	O	O	O	_	_	EndOfLine	_	_	_
# segment_iiif_link = https://impresso-project.ch/api/proxy/iiif/IMP-1892-12-03-a-p0008/1529,404,292,44/full/0/default.jpg
la	O	O	O	O	O	O	_	_	_	_	_	_
presse	O	O	O	O	O	O	_	_	_	_	_	_
européenne	O	O	O	O	O	O	_	_	_	_	_	_
a	O	O	O	O	O	O	_	_	_	_	_	_
fait	O	O	O	O	O	O	_	_	_	_	_	_
les	O	O	O	O	O	O	_	_	_	_	_	_
[	O	O	O	O	O	O	_	_	NoSpaceAfter	_	_	_
las	O	O	O	O	O	O	_	_	EndOfLine	_	_	_
# segment_iiif_link = https://impresso-project.ch/api/proxy/iiif/IMP-1892-12-03-a-p0008/1619,421,114,44/full/0/default.jpg
grands	O	O	O	O	O	O	_	_	_	_	_	_
éloges	O	O	O	O	O	O	_	_	NoSpaceAfter	_	_	_
.	O	O	O	O	O	O	_	_	EndOfLine	EndOfSentence	_	_
# segment_iiif_link = https://impresso-project.ch/api/proxy/iiif/IMP-1892-12-03-a-p0008/1522,451,323,44/full/0/default.jpg
Les	O	O	O	O	O	O	_	_	_	_	_	_
membres	O	O	O	O	O	O	_	_	_	_	_	_
du	O	O	O	O	O	O	_	_	_	_	_	_
Cercle	O	O	O	O	O	O	_	_	_	_	_	_
et	O	O	O	O	O	O	_	_	_	_	_	_
leurs	O	O	O	O	O	O	_	_	_	_	_	_
familles	O	O	O	O	O	O	_	_	EndOfLine	_	_	_
# segment_iiif_link = https://impresso-project.ch/api/proxy/iiif/IMP-1892-12-03-a-p0008/1506,467,340,44/full/0/default.jpg
sont	O	O	O	O	O	O	_	_	_	_	_	_
chaleureusement	O	O	O	O	O	O	_	_	_	_	_	_
invités	O	O	O	O	O	O	_	_	_	_	_	_
A	O	O	O	O	O	O	_	_	_	_	_	_
assister	O	O	O	O	O	O	_	_	EndOfLine	_	_	_
# segment_iiif_link = https://impresso-project.ch/api/proxy/iiif/IMP-1892-12-03-a-p0008/1505,483,344,44/full/0/default.jpg
à	O	O	O	O	O	O	_	_	_	_	_	_
cette	O	O	O	O	O	O	_	_	_	_	_	_
séance	O	O	O	O	O	O	_	_	NoSpaceAfter	_	_	_
.	O	O	O	O	O	O	_	_	_	EndOfSentence	_	_
14166	O	O	O	O	O	O	_	_	NoSpaceAfter	_	_	_
-	O	O	O	O	O	O	_	_	NoSpaceAfter	_	_	_
1	O	O	O	O	O	O	_	_	_	_	_	_
*	O	O	O	O	O	O	_	_	_	_	_	_
;	O	O	O	O	O	O	_	_	EndOfLine	_	_	_
# segment_iiif_link = https://impresso-project.ch/api/proxy/iiif/IMP-1892-12-03-a-p0008/1505,516,342,71/full/0/default.jpg
Café	O	O	O	O	O	O	_	_	NoSpaceAfter	_	_	_
-	O	O	O	O	O	O	_	_	NoSpaceAfter	_	_	_
brasserie	O	O	O	O	O	O	_	_	_	_	_	_
in	O	O	O	O	O	O	_	_	_	_	_	_
PETIT	O	O	O	O	O	O	_	_	_	_	_	_
SAPDf	O	O	O	O	O	O	_	_	EndOfLine	_	_	_
# segment_iiif_link = https://impresso-project.ch/api/proxy/iiif/IMP-1892-12-03-a-p0008/1604,559,241,43/full/0/default.jpg
2	O	O	O	O	O	O	_	_	NoSpaceAfter	_	_	_
,	O	O	O	O	O	O	_	_	_	_	_	_
rue	O	O	O	O	O	O	_	_	_	_	_	_
du	O	O	O	O	O	O	_	_	_	_	_	_
Four	O	O	O	O	O	O	_	_	_	_	_	_
2	O	O	O	O	O	O	_	_	NoSpaceAfter	_	_	_
.	O	O	O	O	O	O	_	_	_	EndOfSentence	_	_
14179	O	O	O	O	O	O	_	_	NoSpaceAfter	_	_	_
-	O	O	O	O	O	O	_	_	NoSpaceAfter	_	_	_
1	O	O	O	O	O	O	_	_	EndOfLine	_	_	_
# segment_iiif_link = https://impresso-project.ch/api/proxy/iiif/IMP-1892-12-03-a-p0008/1531,586,290,50/full/0/default.jpg
Samedi	O	O	O	O	O	O	_	_	_	_	_	_
3	O	O	O	O	O	O	_	_	_	_	_	_
Novembre	O	O	O	O	O	O	_	_	_	_	_	_
1892	O	O	O	O	O	O	_	_	EndOfLine	_	_	_
# segment_iiif_link = https://impresso-project.ch/api/proxy/iiif/IMP-1892-12-03-a-p0008/1600,610,150,44/full/0/default.jpg
dès	O	O	O	O	O	O	_	_	_	_	_	_
7	O	O	O	O	O	O	_	_	_	_	_	_
»	O	O	O	O	O	O	_	_	NoSpaceAfter	_	_	_
/	O	O	O	O	O	O	_	_	_	_	_	_
i	O	O	O	O	O	O	_	_	_	_	_	_
h	O	O	O	O	O	O	_	_	NoSpaceAfter	_	_	_
.	O	O	O	O	O	O	_	_	_	EndOfSentence	_	_
du	O	O	O	O	O	O	_	_	_	_	_	_
soir	O	O	O	O	O	O	_	_	NoSpaceAfter	_	_	_
,	O	O	O	O	O	O	_	_	EndOfLine	_	_	_
# segment_iiif_link = https://impresso-project.ch/api/proxy/iiif/IMP-1892-12-03-a-p0008/1506,614,344,81/full/0/default.jpg
Souperanxtripe	O	O	O	O	O	O	_	_	NoSpaceAfter	_	_	_
»	O	O	O	O	O	O	_	_	EndOfLine	_	_	_
# segment_iiif_link = https://impresso-project.ch/api/proxy/iiif/IMP-1892-12-03-a-p0008/1583,667,187,44/full/0/default.jpg
On	O	O	O	O	O	O	_	_	_	_	_	_
sert	O	O	O	O	O	O	_	_	_	_	_	_
pour	O	O	O	O	O	O	_	_	_	_	_	_
emporter	O	O	O	O	O	O	_	_	NoSpaceAfter	_	_	_
.	O	O	O	O	O	O	_	_	EndOfLine	EndOfSentence	_	_
# segment_iiif_link = https://impresso-project.ch/api/proxy/iiif/IMP-1892-12-03-a-p0008/1522,696,306,43/full/0/default.jpg
Se	O	O	O	O	O	O	_	_	_	_	_	_
reesmmande	O	O	O	O	O	O	_	_	NoSpaceAfter	_	_	_
,	O	O	O	O	O	O	_	_	_	_	_	_
SPILLMANN	O	O	O	O	O	O	_	_	NoSpaceAfter	_	_	_
-	O	O	O	O	O	O	_	_	NoSpaceAfter	_	_	_
PERRET	O	O	O	O	O	O	_	_	NoSpaceAfter	_	_	_
.	O	O	O	O	O	O	_	_	EndOfLine	EndOfSentence	_	_
# segment_iiif_link = https://impresso-project.ch/api/proxy/iiif/IMP-1892-12-03-a-p0008/1506,725,338,70/full/0/default.jpg
Café	O	O	O	O	O	O	_	_	NoSpaceAfter	_	_	_
-	O	O	O	O	O	O	_	_	NoSpaceAfter	_	_	_
Restaurant	O	O	O	O	O	O	_	_	_	_	_	_
du	O	O	O	O	O	O	_	_	_	_	_	_
Rameau	O	O	O	O	O	O	_	_	NoSpaceAfter	_	_	_
-	O	O	O	O	O	O	_	_	NoSpaceAfter	_	_	_
Vert	O	O	O	O	O	O	_	_	EndOfLine	_	_	_
# segment_iiif_link = https://impresso-project.ch/api/proxy/iiif/IMP-1892-12-03-a-p0008/1581,767,270,43/full/0/default.jpg
2	O	O	O	O	O	O	_	_	NoSpaceAfter	_	_	_
,	O	O	O	O	O	O	_	_	_	_	_	_
Grandes	O	O	O	O	O	O	_	_	_	_	_	_
Orosettes	O	O	O	O	O	O	_	_	_	_	_	_
2.14178	O	O	O	O	O	O	_	_	_	_	_	_
*	O	O	O	O	O	O	_	_	EndOfLine	_	_	_
# segment_iiif_link = https://impresso-project.ch/api/proxy/iiif/IMP-1892-12-03-a-p0008/1537,793,276,50/full/0/default.jpg
Dimanche	O	O	O	O	O	O	_	_	_	_	_	_
4	O	O	O	O	O	O	_	_	_	_	_	_
Décembre	O	O	O	O	O	O	_	_	_	_	_	_
1892	O	O	O	O	O	O	_	_	EndOfLine	_	_	_
# segment_iiif_link = https://impresso-project.ch/api/proxy/iiif/IMP-1892-12-03-a-p0008/1509,797,341,133/full/0/default.jpg
BalHBal	O	O	O	O	O	O	_	_	EndOfLine	_	_	_
# segment_iiif_link = https://impresso-project.ch/api/proxy/iiif/IMP-1892-12-03-a-p0008/1521,906,306,43/full/0/default.jpg
Se	O	O	O	O	O	O	_	_	_	_	_	_
recommande	O	O	O	O	O	O	_	_	NoSpaceAfter	_	_	_
,	O	O	O	O	O	O	_	_	_	_	_	_
James	O	O	O	O	O	O	_	_	_	_	_	_
Matthey	O	O	O	O	O	O	_	_	NoSpaceAfter	_	_	_
.	O	O	O	O	O	O	_	_	EndOfLine	EndOfSentence	_	_
# segment_iiif_link = https://impresso-project.ch/api/proxy/iiif/IMP-1892-12-03-a-p0008/1505,931,338,70/full/0/default.jpg
Bois	O	O	O	O	O	O	_	_	_	_	_	_
à	O	O	O	O	O	O	_	_	_	_	_	_
_	O	O	O	O	O	O	_	_	NoSpaceAfter	_	_	_
brûler	O	O	O	O	O	O	_	_	NoSpaceAfter	_	_	_
.	O	O	O	O	O	O	_	_	_	EndOfSentence	_	_
_	O	O	O	O	O	O	_	_	NoSpaceAfter	_	_	_
bof	O	O	O	O	O	O	_	_	_	_	_	_
8	O	O	O	O	O	O	_	_	_	_	_	_
^	O	O	O	O	O	O	_	_	NoSpaceAfter	_	_	_
^	O	O	O	O	O	O	_	_	NoSpaceAfter	_	_	_
^	O	O	O	O	O	O	_	_	_	_	_	_
1	O	O	O	O	O	O	_	_	_	_	_	_
?	O	O	O	O	O	O	_	_	NoSpaceAfter	_	_	_
?	O	O	O	O	O	O	_	_	_	EndOfSentence	_	_
r	O	O	O	O	O	O	_	_	EndOfLine	_	_	_
# segment_iiif_link = https://impresso-project.ch/api/proxy/iiif/IMP-1892-12-03-a-p0008/1505,972,342,44/full/0/default.jpg
le	O	O	O	O	O	O	_	_	_	_	_	_
sac	O	O	O	O	O	O	_	_	NoSpaceAfter	_	_	_
.	O	O	O	O	O	O	_	_	_	EndOfSentence	_	_
—	O	O	O	O	O	O	_	_	_	_	_	_
S	O	O	O	O	O	O	_	_	NoSpaceAfter	_	_	_
'	O	O	O	O	O	O	_	_	NoSpaceAfter	_	_	_
adr	O	O	O	O	O	O	_	_	NoSpaceAfter	_	_	_
.	O	O	O	O	O	O	_	_	_	EndOfSentence	_	_
rue	O	O	O	O	O	O	_	_	_	_	_	_
du	O	O	O	O	O	O	_	_	_	_	_	_
Puits	O	O	O	O	O	O	_	_	_	_	_	_
6	O	O	O	O	O	O	_	_	NoSpaceAfter	_	_	_
.	O	O	O	O	O	O	_	_	_	EndOfSentence	_	_
14168	O	O	O	O	O	O	_	_	NoSpaceAfter	_	_	_
-	O	O	O	O	O	O	_	_	_	_	_	_
a	O	O	O	O	O	O	_	_	EndOfLine	_	_	_
# segment_iiif_link = https://impresso-project.ch/api/proxy/iiif/IMP-1892-12-03-a-p0008/1563,1003,215,72/full/0/default.jpg
ATTENTION	O	O	O	O	O	O	_	_	EndOfLine	_	_	_
# segment_iiif_link = https://impresso-project.ch/api/proxy/iiif/IMP-1892-12-03-a-p0008/1522,1054,323,44/full/0/default.jpg
Je	O	O	O	O	O	O	_	_	_	_	_	_
suis	O	O	O	O	O	O	_	_	_	_	_	_
acheteur	O	O	O	O	O	O	_	_	NoSpaceAfter	_	_	_
,	O	O	O	O	O	O	_	_	_	_	_	_
au	O	O	O	O	O	O	_	_	_	_	_	_
comptant	O	O	O	O	O	O	_	_	NoSpaceAfter	_	_	_
,	O	O	O	O	O	O	_	_	_	_	_	_
de	O	O	O	O	O	O	_	_	EndOfLine	_	_	_
# segment_iiif_link = https://impresso-project.ch/api/proxy/iiif/IMP-1892-12-03-a-p0008/1506,1071,340,43/full/0/default.jpg
n	O	O	O	O	O	O	_	_	NoSpaceAfter	_	_	_
'	O	O	O	O	O	O	_	_	NoSpaceAfter	_	_	_
importe	O	O	O	O	O	O	_	_	_	_	_	_
qu	O	O	O	O	O	O	_	_	_	_	_	_
1	O	O	O	O	O	O	_	_	_	_	_	_
genre	O	O	O	O	O	O	_	_	_	_	_	_
de	O	O	O	O	O	O	_	_	_	_	_	_
MONTRES	O	O	O	O	O	O	_	_	EndOfLine	_	_	_
# segment_iiif_link = https://impresso-project.ch/api/proxy/iiif/IMP-1892-12-03-a-p0008/1506,1087,339,44/full/0/default.jpg
à	O	O	O	O	O	O	_	_	_	_	_	_
clef	O	O	O	O	O	O	_	_	_	_	_	_
et	O	O	O	O	O	O	_	_	_	_	_	_
remontoirs	O	O	O	O	O	O	_	_	NoSpaceAfter	_	_	_
,	O	O	O	O	O	O	_	_	_	_	_	_
métal	O	O	O	O	O	O	_	_	NoSpaceAfter	_	_	_
,	O	O	O	O	O	O	_	_	_	_	_	_
argent	O	O	O	O	O	O	_	_	_	_	_	_
et	O	O	O	O	O	O	_	_	_	_	_	_
or	O	O	O	O	O	O	_	_	NoSpaceAfter	_	_	_
,	O	O	O	O	O	O	_	_	EndOfLine	_	_	_
# segment_iiif_link = https://impresso-project.ch/api/proxy/iiif/IMP-1892-12-03-a-p0008/1505,1104,339,44/full/0/default.jpg
ainsi	O	O	O	O	O	O	_	_	_	_	_	_
que	O	O	O	O	O	O	_	_	_	_	_	_
de	O	O	O	O	O	O	_	_	_	_	_	_
mouvement	O	O	O	O	O	O	_	_	_	_	_	_
!	O	O	O	O	O	O	_	_	_	_	_	_
clef	O	O	O	O	O	O	_	_	_	_	_	_
ct	O	O	O	O	O	O	_	_	EndOfLine	_	_	_
# segment_iiif_link = https://impresso-project.ch/api/proxy/iiif/IMP-1892-12-03-a-p0008/1505,1121,340,43/full/0/default.jpg
remontoirs	O	O	O	O	O	O	_	_	_	_	_	_
et	O	O	O	O	O	O	_	_	_	_	_	_
fournitures	O	O	O	O	O	O	_	_	EndOfLine	_	_	_
# segment_iiif_link = https://impresso-project.ch/api/proxy/iiif/IMP-1892-12-03-a-p0008/1513,1136,332,44/full/0/default.jpg
_	O	O	O	O	O	O	_	_	NoSpaceAfter	_	_	_
tl	O	O	O	O	O	O	_	_	NoSpaceAfter	_	_	_
'	O	O	O	O	O	O	_	_	NoSpaceAfter	_	_	_
liorlo	O	O	O	O	O	O	_	_	NoSpaceAfter	_	_	_
-	O	O	O	O	O	O	_	_	NoSpaceAfter	_	_	_
•	O	O	O	O	O	O	_	_	NoSpaceAfter	_	_	_
JTorlc	O	O	O	O	O	O	_	_	NoSpaceAfter	_	_	_
.	O	O	O	O	O	O	_	_	_	EndOfSentence	_	_
14172	O	O	O	O	O	O	_	_	NoSpaceAfter	_	_	_
-	O	O	O	O	O	O	_	_	NoSpaceAfter	_	_	_
75	O	O	O	O	O	O	_	_	EndOfLine	_	_	_
# segment_iiif_link = https://impresso-project.ch/api/proxy/iiif/IMP-1892-12-03-a-p0008/1523,1153,323,43/full/0/default.jpg
S	O	O	O	O	O	O	_	_	NoSpaceAfter	_	_	_
'	O	O	O	O	O	O	_	_	NoSpaceAfter	_	_	_
adresser	O	O	O	O	O	O	_	_	NoSpaceAfter	_	_	_
,	O	O	O	O	O	O	_	_	_	_	_	_
sous	O	O	O	O	O	O	_	_	_	_	_	_
initiales	O	O	O	O	O	O	_	_	_	_	_	_
C	O	O	O	O	O	O	_	_	NoSpaceAfter	_	_	_
.	O	O	O	O	O	O	_	_	_	_	_	_
x	O	O	O	O	O	O	_	_	NoSpaceAfter	_	_	_
.	O	O	O	O	O	O	_	_	_	EndOfSentence	_	_
B	O	O	O	O	O	O	_	_	NoSpaceAfter	_	_	_
.	O	O	O	O	O	O	_	_	EndOfLine	_	_	_
# segment_iiif_link = https://impresso-project.ch/api/proxy/iiif/IMP-1892-12-03-a-p0008/1507,1171,290,43/full/0/default.jpg
14	O	O	O	O	O	O	_	_	_	_	_	_
*	O	O	O	O	O	O	_	_	_	_	_	_
00	O	O	O	O	O	O	_	_	NoSpaceAfter	_	_	_
,	O	O	O	O	O	O	_	_	_	_	_	_
au	O	O	O	O	O	O	_	_	_	_	_	_
bureau	O	O	O	O	O	O	_	_	_	_	_	_
ce	O	O	O	O	O	O	_	_	_	_	_	_
I	O	O	O	O	O	O	_	_	NoSpaceAfter	_	_	_
'	O	O	O	O	O	O	_	_	NoSpaceAfter	_	_	_
IMPARTIAL	O	O	O	O	O	O	_	_	NoSpaceAfter	_	_	_
.	O	O	O	O	O	O	_	_	EndOfLine	EndOfSentence	_	_
# segment_iiif_link = https://impresso-project.ch/api/proxy/iiif/IMP-1892-12-03-a-p0008/1507,1197,337,91/full/0/default.jpg
PSAUMESàCANTIQUES	O	O	O	O	O	O	_	_	EndOfLine	_	_	_
# segment_iiif_link = https://impresso-project.ch/api/proxy/iiif/IMP-1892-12-03-a-p0008/1529,1272,318,43/full/0/default.jpg
En	O	O	O	O	O	O	_	_	_	_	_	_
liquidation	O	O	O	O	O	O	_	_	NoSpaceAfter	_	_	_
,	O	O	O	O	O	O	_	_	_	_	_	_
un	O	O	O	O	O	O	_	_	_	_	_	_
beau	O	O	O	O	O	O	_	_	_	_	_	_
choix	O	O	O	O	O	O	_	_	_	_	_	_
de	O	O	O	O	O	O	_	_	EndOfLine	_	_	_
# segment_iiif_link = https://impresso-project.ch/api/proxy/iiif/IMP-1892-12-03-a-p0008/1506,1288,339,44/full/0/default.jpg
Psaumes	O	O	O	O	O	O	_	_	_	_	_	_
et	O	O	O	O	O	O	_	_	_	_	_	_
Cantiques	O	O	O	O	O	O	_	_	_	_	_	_
A	O	O	O	O	O	O	_	_	_	_	_	_
l	O	O	O	O	O	O	_	_	NoSpaceAfter	_	_	_
'	O	O	O	O	O	O	_	_	NoSpaceAfter	_	_	_
usage	O	O	O	O	O	O	_	_	EndOfLine	_	_	_
# segment_iiif_link = https://impresso-project.ch/api/proxy/iiif/IMP-1892-12-03-a-p0008/1506,1305,340,43/full/0/default.jpg
des	O	O	O	O	O	O	_	_	_	_	_	_
Eglises	O	O	O	O	O	O	_	_	_	_	_	_
_	O	O	O	O	O	O	_	_	NoSpaceAfter	_	_	_
protestantes	O	O	O	O	O	O	_	_	_	_	_	_
de	O	O	O	O	O	O	_	_	_	_	_	_
la	O	O	O	O	O	O	_	_	_	_	_	_
Suisse	O	O	O	O	O	O	_	_	EndOfLine	_	_	_
# segment_iiif_link = https://impresso-project.ch/api/proxy/iiif/IMP-1892-12-03-a-p0008/1506,1321,338,44/full/0/default.jpg
française	O	O	O	O	O	O	_	_	_	_	_	_
;	O	O	O	O	O	O	_	_	_	_	_	_
riches	O	O	O	O	O	O	_	_	_	_	_	_
reliures	O	O	O	O	O	O	_	_	_	_	_	_
de	O	O	O	O	O	O	_	_	_	_	_	_
Paris	O	O	O	O	O	O	_	_	NoSpaceAfter	_	_	_
,	O	O	O	O	O	O	_	_	_	_	_	_
à	O	O	O	O	O	O	_	_	EndOfLine	_	_	_
# segment_iiif_link = https://impresso-project.ch/api/proxy/iiif/IMP-1892-12-03-a-p0008/1505,1337,200,44/full/0/default.jpg
fr	O	O	O	O	O	O	_	_	NoSpaceAfter	_	_	_
.	O	O	O	O	O	O	_	_	_	_	_	_
i	O	O	O	O	O	O	_	_	NoSpaceAfter	_	_	_
,	O	O	O	O	O	O	_	_	_	_	_	_
fr	O	O	O	O	O	O	_	_	NoSpaceAfter	_	_	_
.	O	O	O	O	O	O	_	_	_	EndOfSentence	_	_
-	O	O	O	O	O	O	_	_	NoSpaceAfter	_	_	_
4	O	O	O	O	O	O	_	_	_	_	_	_
_	O	O	O	O	O	O	_	_	NoSpaceAfter	_	_	_
»	O	O	O	O	O	O	_	_	_	_	_	_
50	O	O	O	O	O	O	_	_	_	_	_	_
et	O	O	O	O	O	O	_	_	_	_	_	_
fr	O	O	O	O	O	O	_	_	NoSpaceAfter	_	_	_
.	O	O	O	O	O	O	_	_	_	_	_	_
3	O	O	O	O	O	O	_	_	NoSpaceAfter	_	_	_
.	O	O	O	O	O	O	_	_	EndOfLine	EndOfSentence	_	_
# segment_iiif_link = https://impresso-project.ch/api/proxy/iiif/IMP-1892-12-03-a-p0008/1522,1353,323,44/full/0/default.jpg
S	O	O	O	O	O	O	_	_	NoSpaceAfter	_	_	_
'	O	O	O	O	O	O	_	_	NoSpaceAfter	_	_	_
adresser	O	O	O	O	O	O	_	_	_	_	_	_
rue	O	O	O	O	O	O	_	_	_	_	_	_
St	O	O	O	O	O	O	_	_	NoSpaceAfter	_	_	_
-	O	O	O	O	O	O	_	_	NoSpaceAfter	_	_	_
PIerre	O	O	O	O	O	O	_	_	_	_	_	_
S	O	O	O	O	O	O	_	_	NoSpaceAfter	_	_	_
,	O	O	O	O	O	O	_	_	_	_	_	_
au	O	O	O	O	O	O	_	_	EndOfLine	_	_	_
# segment_iiif_link = https://impresso-project.ch/api/proxy/iiif/IMP-1892-12-03-a-p0008/1505,1370,343,43/full/0/default.jpg
premier	O	O	O	O	O	O	_	_	_	_	_	_
étage	O	O	O	O	O	O	_	_	_	_	_	_
_	O	O	O	O	O	O	_	_	NoSpaceAfter	_	_	_
13	O	O	O	O	O	O	_	_	_	_	_	_
S	O	O	O	O	O	O	_	_	_	_	_	_
01	O	O	O	O	O	O	_	_	NoSpaceAfter	_	_	_
-	O	O	O	O	O	O	_	_	_	_	_	_
&	O	O	O	O	O	O	_	_	EndOfLine	_	_	_
# segment_iiif_link = https://impresso-project.ch/api/proxy/iiif/IMP-1892-12-03-a-p0008/1505,1396,342,64/full/0/default.jpg
Polissage	O	O	O	O	O	O	_	_	_	_	_	_
et	O	O	O	O	O	O	_	_	_	_	_	_
Séparations	O	O	O	O	O	O	_	_	EndOfLine	_	_	_
# segment_iiif_link = https://impresso-project.ch/api/proxy/iiif/IMP-1892-12-03-a-p0008/1601,1432,149,52/full/0/default.jpg
de	O	O	O	O	O	O	_	_	_	_	_	_
meubles	O	O	O	O	O	O	_	_	EndOfLine	_	_	_
# segment_iiif_link = https://impresso-project.ch/api/proxy/iiif/IMP-1892-12-03-a-p0008/1505,1459,345,50/full/0/default.jpg
chez	O	O	O	O	O	O	_	_	_	_	_	_
M	O	O	O	O	O	O	_	_	NoSpaceAfter	_	_	_
.	O	O	O	O	O	O	_	_	_	_	_	_
LOUIS	O	O	O	O	O	O	_	_	_	_	_	_
RAJDT	O	O	O	O	O	O	_	_	NoSpaceAfter	_	_	_
,	O	O	O	O	O	O	_	_	_	_	_	_
rue	O	O	O	O	O	O	_	_	_	_	_	_
du	O	O	O	O	O	O	_	_	EndOfLine	_	_	_
# segment_iiif_link = https://impresso-project.ch/api/proxy/iiif/IMP-1892-12-03-a-p0008/1504,1485,347,44/full/0/default.jpg
Progrès	O	O	O	O	O	O	_	_	_	_	_	_
7.11211	O	O	O	O	O	O	_	_	EndOfLine	_	_	_
# segment_iiif_link = https://impresso-project.ch/api/proxy/iiif/IMP-1892-12-03-a-p0008/1556,1503,235,70/full/0/default.jpg
36	O	O	O	O	O	O	_	_	NoSpaceAfter	_	_	_
-	O	O	O	O	O	O	_	_	NoSpaceAfter	_	_	_
JÊL	O	O	O	O	O	O	_	_	NoSpaceAfter	_	_	_
.	O	O	O	O	O	O	_	_	_	EndOfSentence	_	_
loiaeir	O	O	O	O	O	O	_	_	EndOfLine	_	_	_
# segment_iiif_link = https://impresso-project.ch/api/proxy/iiif/IMP-1892-12-03-a-p0008/1522,1557,323,44/full/0/default.jpg
Pour	O	O	O	O	O	O	_	_	_	_	_	_
une	O	O	O	O	O	O	_	_	_	_	_	_
époque	O	O	O	O	O	O	_	_	_	_	_	_
à	O	O	O	O	O	O	_	_	_	_	_	_
déterminer	O	O	O	O	O	O	_	_	_	_	_	_
et	O	O	O	O	O	O	_	_	_	_	_	_
dans	O	O	O	O	O	O	_	_	EndOfLine	_	_	_
# segment_iiif_link = https://impresso-project.ch/api/proxy/iiif/IMP-1892-12-03-a-p0008/1506,1573,338,44/full/0/default.jpg
tous	O	O	O	O	O	O	_	_	_	_	_	_
les	O	O	O	O	O	O	_	_	_	_	_	_
cas	O	O	O	O	O	O	_	_	_	_	_	_
pour	O	O	O	O	O	O	_	_	_	_	_	_
St	O	O	O	O	O	O	_	_	NoSpaceAfter	_	_	_
-	O	O	O	O	O	O	_	_	NoSpaceAfter	_	_	_
Martiu	O	O	O	O	O	O	_	_	_	_	_	_
1893	O	O	O	O	O	O	_	_	NoSpaceAfter	_	_	_
,	O	O	O	O	O	O	_	_	_	_	_	_
on	O	O	O	O	O	O	_	_	_	_	_	_
offre	O	O	O	O	O	O	_	_	EndOfLine	_	_	_
# segment_iiif_link = https://impresso-project.ch/api/proxy/iiif/IMP-1892-12-03-a-p0008/1506,1590,339,44/full/0/default.jpg
à	O	O	O	O	O	O	_	_	_	_	_	_
louer	O	O	O	O	O	O	_	_	_	_	_	_
le	O	O	O	O	O	O	_	_	_	_	_	_
rez	O	O	O	O	O	O	_	_	NoSpaceAfter	_	_	_
-	O	O	O	O	O	O	_	_	NoSpaceAfter	_	_	_
de	O	O	O	O	O	O	_	_	NoSpaceAfter	_	_	_
-	O	O	O	O	O	O	_	_	NoSpaceAfter	_	_	_
cliaussée	O	O	O	O	O	O	_	_	_	_	_	_
d	O	O	O	O	O	O	_	_	NoSpaceAfter	_	_	_
'	O	O	O	O	O	O	_	_	NoSpaceAfter	_	_	_
une	O	O	O	O	O	O	_	_	EndOfLine	_	_	_
# segment_iiif_link = https://impresso-project.ch/api/proxy/iiif/IMP-1892-12-03-a-p0008/1506,1606,341,44/full/0/default.jpg
maison	O	O	O	O	O	O	_	_	_	_	_	_
située	O	O	O	O	O	O	_	_	_	_	_	_
au	O	O	O	O	O	O	_	_	_	_	_	_
centre	O	O	O	O	O	O	_	_	_	_	_	_
u	O	O	O	O	O	O	_	_	NoSpaceAfter	_	_	_
.	O	O	O	O	O	O	_	_	_	EndOfSentence	_	_
c	O	O	O	O	O	O	_	_	NoSpaceAfter	_	_	_
.	O	O	O	O	O	O	_	_	_	EndOfSentence	_	_
village	O	O	O	O	O	O	_	_	NoSpaceAfter	_	_	_
.	O	O	O	O	O	O	_	_	_	EndOfSentence	_	_
Eu	O	O	O	O	O	O	_	_	EndOfLine	_	_	_
# segment_iiif_link = https://impresso-project.ch/api/proxy/iiif/IMP-1892-12-03-a-p0008/1506,1623,343,44/full/0/default.jpg
raison	O	O	O	O	O	O	_	_	_	_	_	_
de	O	O	O	O	O	O	_	_	_	_	_	_
leur	O	O	O	O	O	O	_	_	_	_	_	_
distribution	O	O	O	O	O	O	_	_	_	_	_	_
et	O	O	O	O	O	O	_	_	_	_	_	_
de	O	O	O	O	O	O	_	_	EndOfLine	_	_	_
# segment_iiif_link = https://impresso-project.ch/api/proxy/iiif/IMP-1892-12-03-a-p0008/1506,1640,339,43/full/0/default.jpg
leursgrandes	O	O	O	O	O	O	_	_	_	_	_	_
dépendances	O	O	O	O	O	O	_	_	NoSpaceAfter	_	_	_
,	O	O	O	O	O	O	_	_	_	_	_	_
ces	O	O	O	O	O	O	_	_	_	_	_	_
locaux	O	O	O	O	O	O	_	_	EndOfLine	_	_	_
# segment_iiif_link = https://impresso-project.ch/api/proxy/iiif/IMP-1892-12-03-a-p0008/1506,1656,340,44/full/0/default.jpg
conviendraient	O	O	O	O	O	O	_	_	_	_	_	_
_	O	O	O	O	O	O	_	_	NoSpaceAfter	_	_	_
spécialement	O	O	O	O	O	O	_	_	_	_	_	_
pour	O	O	O	O	O	O	_	_	_	_	_	_
magasin	O	O	O	O	O	O	_	_	_	_	_	_
on	O	O	O	O	O	O	_	_	EndOfLine	_	_	_
# segment_iiif_link = https://impresso-project.ch/api/proxy/iiif/IMP-1892-12-03-a-p0008/1505,1673,342,43/full/0/default.jpg
atelier	O	O	O	O	O	O	_	_	_	_	_	_
de	O	O	O	O	O	O	_	_	_	_	_	_
quelle	O	O	O	O	O	O	_	_	_	_	_	_
iudnstrie	O	O	O	O	O	O	_	_	_	_	_	_
que	O	O	O	O	O	O	_	_	_	_	_	_
ce	O	O	O	O	O	O	_	_	_	_	_	_
soit	O	O	O	O	O	O	_	_	EndOfLine	_	_	_
# segment_iiif_link = https://impresso-project.ch/api/proxy/iiif/IMP-1892-12-03-a-p0008/1505,1689,300,44/full/0/default.jpg
avec	O	O	O	O	O	O	_	_	_	_	_	_
ou	O	O	O	O	O	O	_	_	_	_	_	_
sans	O	O	O	O	O	O	_	_	_	_	_	_
_	O	O	O	O	O	O	_	_	NoSpaceAfter	_	_	_
installation	O	O	O	O	O	O	_	_	_	_	_	_
de	O	O	O	O	O	O	_	_	_	_	_	_
moteur	O	O	O	O	O	O	_	_	NoSpaceAfter	_	_	_
.	O	O	O	O	O	O	_	_	EndOfLine	EndOfSentence	_	_
# segment_iiif_link = https://impresso-project.ch/api/proxy/iiif/IMP-1892-12-03-a-p0008/1522,1705,324,44/full/0/default.jpg
S	O	O	O	O	O	O	_	_	NoSpaceAfter	_	_	_
'	O	O	O	O	O	O	_	_	NoSpaceAfter	_	_	_
adresse	O	O	O	O	O	O	_	_	NoSpaceAfter	_	_	_
.	O	O	O	O	O	O	_	_	NoSpaceAfter	EndOfSentence	_	_
-	O	O	O	O	O	O	_	_	NoSpaceAfter	_	_	_
ponr	O	O	O	O	O	O	_	_	_	_	_	_
renseignements	O	O	O	O	O	O	_	_	_	_	_	_
à	O	O	O	O	O	O	_	_	EndOfLine	_	_	_
# segment_iiif_link = https://impresso-project.ch/api/proxy/iiif/IMP-1892-12-03-a-p0008/1505,1722,347,44/full/0/default.jpg
l	O	O	O	O	O	O	_	_	NoSpaceAfter	_	_	_
'	O	O	O	O	O	O	_	_	NoSpaceAfter	_	_	_
étude	O	O	O	O	O	O	_	_	_	_	_	_
de	O	O	O	O	O	O	_	_	_	_	_	_
MM	O	O	O	O	O	O	_	_	NoSpaceAfter	_	_	_
.	O	O	O	O	O	O	_	_	_	EndOfSentence	_	_
G	O	O	O	O	O	O	_	_	NoSpaceAfter	_	_	_
.	O	O	O	O	O	O	_	_	_	_	_	_
Leuba	O	O	O	O	O	O	_	_	_	_	_	_
et	O	O	O	O	O	O	_	_	_	_	_	_
Ch	O	O	O	O	O	O	_	_	_	_	_	_
.	O	O	O	O	O	O	_	_	NoSpaceAfter	EndOfSentence	_	_
-	O	O	O	O	O	O	_	_	NoSpaceAfter	_	_	_
E	O	O	O	O	O	O	_	_	_	_	_	_
_	O	O	O	O	O	O	_	_	NoSpaceAfter	_	_	_
*	O	O	O	O	O	O	_	_	NoSpaceAfter	_	_	_
.	O	O	O	O	O	O	_	_	EndOfLine	EndOfSentence	_	_
# segment_iiif_link = https://impresso-project.ch/api/proxy/iiif/IMP-1892-12-03-a-p0008/1506,1739,341,43/full/0/default.jpg
Gallandre	O	O	O	O	O	O	_	_	NoSpaceAfter	_	_	_
,	O	O	O	O	O	O	_	_	_	_	_	_
avocat	O	O	O	O	O	O	_	_	_	_	_	_
et	O	O	O	O	O	O	_	_	_	_	_	_
notaire	O	O	O	O	O	O	_	_	NoSpaceAfter	_	_	_
,	O	O	O	O	O	O	_	_	_	_	_	_
place	O	O	O	O	O	O	_	_	EndOfLine	_	_	_
# segment_iiif_link = https://impresso-project.ch/api/proxy/iiif/IMP-1892-12-03-a-p0008/1505,1755,341,43/full/0/default.jpg
Neuve	O	O	O	O	O	O	_	_	_	_	_	_
10	O	O	O	O	O	O	_	_	NoSpaceAfter	_	_	_
.	O	O	O	O	O	O	_	_	_	EndOfSentence	_	_
13712	O	O	O	O	O	O	_	_	NoSpaceAfter	_	_	_
-	O	O	O	O	O	O	_	_	_	_	_	_
»	O	O	O	O	O	O	_	_	EndOfLine	_	_	_
# segment_iiif_link = https://impresso-project.ch/api/proxy/iiif/IMP-1892-12-03-a-p0008/1626,1772,98,70/full/0/default.jpg
Etude	O	O	O	O	O	O	_	_	EndOfLine	_	_	_
# segment_iiif_link = https://impresso-project.ch/api/proxy/iiif/IMP-1892-12-03-a-p0008/1506,1803,342,71/full/0/default.jpg
A	O	O	O	O	O	O	_	_	NoSpaceAfter	_	_	_
,	O	O	O	O	O	O	_	_	_	_	_	_
Quartier	O	O	O	O	O	O	_	_	NoSpaceAfter	_	_	_
,	O	O	O	O	O	O	_	_	_	_	_	_
notaire	O	O	O	O	O	O	_	_	NoSpaceAfter	_	_	_
.	O	O	O	O	O	O	_	_	EndOfLine	EndOfSentence	_	_
# segment_iiif_link = https://impresso-project.ch/api/proxy/iiif/IMP-1892-12-03-a-p0008/1549,1853,253,44/full/0/default.jpg
9	O	O	O	O	O	O	_	_	NoSpaceAfter	_	_	_
,	O	O	O	O	O	O	_	_	_	_	_	_
rue	O	O	O	O	O	O	_	_	_	_	_	_
Fritz	O	O	O	O	O	O	_	_	_	_	_	_
Courvoisier	O	O	O	O	O	O	_	_	_	_	_	_
9	O	O	O	O	O	O	_	_	NoSpaceAfter	_	_	_
.	O	O	O	O	O	O	_	_	EndOfLine	EndOfSentence	_	_
# segment_iiif_link = https://impresso-project.ch/api/proxy/iiif/IMP-1892-12-03-a-p0008/1522,1884,304,44/full/0/default.jpg
AP	O	O	O	O	O	O	_	_	_	_	_	_
_	O	O	O	O	O	O	_	_	NoSpaceAfter	_	_	_
»	O	O	O	O	O	O	_	_	_	_	_	_
'	O	O	O	O	O	O	_	_	NoSpaceAfter	_	_	_
AHTEME	O	O	O	O	O	O	_	_	_	_	_	_
\	O	O	O	O	O	O	_	_	_	_	_	_
TS	O	O	O	O	O	O	_	_	_	_	_	_
à	O	O	O	O	O	O	_	_	_	_	_	_
LOUER	O	O	O	O	O	O	_	_	EndOfLine	_	_	_
# segment_iiif_link = https://impresso-project.ch/api/proxy/iiif/IMP-1892-12-03-a-p0008/1636,1903,82,44/full/0/default.jpg
De	O	O	O	O	O	O	_	_	_	_	_	_
suite	O	O	O	O	O	O	_	_	_	_	_	_
:	O	O	O	O	O	O	_	_	EndOfLine	_	_	_
# segment_iiif_link = https://impresso-project.ch/api/proxy/iiif/IMP-1892-12-03-a-p0008/1506,1920,341,44/full/0/default.jpg
Fritz	O	O	O	O	O	O	_	_	_	_	_	_
Courvoisier	O	O	O	O	O	O	_	_	_	_	_	_
36	O	O	O	O	O	O	_	_	_	_	_	_
a	O	O	O	O	O	O	_	_	NoSpaceAfter	_	_	_
.	O	O	O	O	O	O	_	_	_	EndOfSentence	_	_
un	O	O	O	O	O	O	_	_	EndOfLine	_	_	_
# segment_iiif_link = https://impresso-project.ch/api/proxy/iiif/IMP-1892-12-03-a-p0008/1539,1937,101,43/full/0/default.jpg
de	O	O	O	O	O	O	_	_	NoSpaceAfter	_	_	_
-	O	O	O	O	O	O	_	_	NoSpaceAfter	_	_	_
chaussée	O	O	O	O	O	O	_	_	NoSpaceAfter	_	_	_
.	O	O	O	O	O	O	_	_	EndOfLine	EndOfSentence	_	_
# segment_iiif_link = https://impresso-project.ch/api/proxy/iiif/IMP-1892-12-03-a-p0008/1505,1953,313,44/full/0/default.jpg
Industrie	O	O	O	O	O	O	_	_	_	_	_	_
28	O	O	O	O	O	O	_	_	NoSpaceAfter	_	_	_
,	O	O	O	O	O	O	_	_	_	_	_	_
un	O	O	O	O	O	O	_	_	_	_	_	_
rez	O	O	O	O	O	O	_	_	NoSpaceAfter	_	_	_
-	O	O	O	O	O	O	_	_	NoSpaceAfter	_	_	_
de	O	O	O	O	O	O	_	_	NoSpaceAfter	_	_	_
-	O	O	O	O	O	O	_	_	NoSpaceAfter	_	_	_
chaussée	O	O	O	O	O	O	_	_	NoSpaceAfter	_	_	_
.	O	O	O	O	O	O	_	_	EndOfLine	EndOfSentence	_	_
# segment_iiif_link = https://impresso-project.ch/api/proxy/iiif/IMP-1892-12-03-a-p0008/1569,1974,216,44/full/0/default.jpg
Pour	O	O	O	O	O	O	_	_	_	_	_	_
Saint	O	O	O	O	O	O	_	_	NoSpaceAfter	_	_	_
-	O	O	O	O	O	O	_	_	NoSpaceAfter	_	_	_
Georges	O	O	O	O	O	O	_	_	_	_	_	_
1893	O	O	O	O	O	O	_	_	_	_	_	_
:	O	O	O	O	O	O	_	_	EndOfLine	_	_	_
# segment_iiif_link = https://impresso-project.ch/api/proxy/iiif/IMP-1892-12-03-a-p0008/1506,1993,342,43/full/0/default.jpg
quelques	O	O	O	O	O	O	_	_	_	_	_	_
appartements	O	O	O	O	O	O	_	_	_	_	_	_
de	O	O	O	O	O	O	_	_	EndOfLine	_	_	_
# segment_iiif_link = https://impresso-project.ch/api/proxy/iiif/IMP-1892-12-03-a-p0008/1506,2009,339,44/full/0/default.jpg
pièces	O	O	O	O	O	O	_	_	NoSpaceAfter	_	_	_
.	O	O	O	O	O	O	_	_	_	EndOfSentence	_	_
13654	O	O	O	O	O	O	_	_	NoSpaceAfter	_	_	_
-	O	O	O	O	O	O	_	_	NoSpaceAfter	_	_	_
1	O	O	O	O	O	O	_	_	EndOfLine	_	_	_
# segment_iiif_link = https://impresso-project.ch/api/proxy/iiif/IMP-1892-12-03-a-p0008/1507,2037,336,70/full/0/default.jpg
Pommade	O	O	O	O	O	O	_	_	_	_	_	_
anti	O	O	O	O	O	O	_	_	NoSpaceAfter	_	_	_
-	O	O	O	O	O	O	_	_	NoSpaceAfter	_	_	_
pellicnlaire	O	O	O	O	O	O	_	_	EndOfLine	_	_	_
# segment_iiif_link = https://impresso-project.ch/api/proxy/iiif/IMP-1892-12-03-a-p0008/1557,2080,235,44/full/0/default.jpg
ca	O	O	O	O	O	O	_	_	_	_	_	_
©	O	O	O	O	O	O	_	_	_	_	_	_
_	O	O	O	O	O	O	_	_	NoSpaceAfter	_	_	_
Bergmann	O	O	O	O	O	O	_	_	EndOfLine	_	_	_
# segment_iiif_link = https://impresso-project.ch/api/proxy/iiif/IMP-1892-12-03-a-p0008/1505,2100,341,44/full/0/default.jpg
tait	O	O	O	O	O	O	_	_	_	_	_	_
disparaître	O	O	O	O	O	O	_	_	_	_	_	_
les	O	O	O	O	O	O	_	_	_	_	_	_
pellicules	O	O	O	O	O	O	_	_	_	_	_	_
après	O	O	O	O	O	O	_	_	EndOfLine	_	_	_
# segment_iiif_link = https://impresso-project.ch/api/proxy/iiif/IMP-1892-12-03-a-p0008/1505,2117,343,44/full/0/default.jpg
un	O	O	O	O	O	O	_	_	_	_	_	_
court	O	O	O	O	O	O	_	_	_	_	_	_
usage	O	O	O	O	O	O	_	_	NoSpaceAfter	_	_	_
.	O	O	O	O	O	O	_	_	_	EndOfSentence	_	_
Succès	O	O	O	O	O	O	_	_	_	_	_	_
sraranti	O	O	O	O	O	O	_	_	NoSpaceAfter	_	_	_
.	O	O	O	O	O	O	_	_	_	EndOfSentence	_	_
i	O	O	O	O	O	O	_	_	_	_	_	_
f	O	O	O	O	O	O	_	_	_	_	_	_
"	O	O	O	O	O	O	_	_	_	_	_	_
r	O	O	O	O	O	O	_	_	NoSpaceAfter	_	_	_
.	O	O	O	O	O	O	_	_	_	EndOfSentence	_	_
*	O	O	O	O	O	O	_	_	_	_	_	_
S	O	O	O	O	O	O	_	_	_	_	_	_
*	O	O	O	O	O	O	_	_	_	_	_	_
5	O	O	O	O	O	O	_	_	_	_	_	_
»	O	O	O	O	O	O	_	_	EndOfLine	_	_	_
# segment_iiif_link = https://impresso-project.ch/api/proxy/iiif/IMP-1892-12-03-a-p0008/1507,2133,338,44/full/0/default.jpg
En	O	O	O	O	O	O	_	_	_	_	_	_
vente	O	O	O	O	O	O	_	_	_	_	_	_
chez	O	O	O	O	O	O	_	_	_	_	_	_
8	O	O	O	O	O	O	_	_	_	_	_	_
al	O	O	O	O	O	O	_	_	NoSpaceAfter	_	_	_
.	O	O	O	O	O	O	_	_	_	EndOfSentence	_	_
WellI	O	O	O	O	O	O	_	_	NoSpaceAfter	_	_	_
,	O	O	O	O	O	O	_	_	_	_	_	_
rue	O	O	O	O	O	O	_	_	EndOfLine	_	_	_
# segment_iiif_link = https://impresso-project.ch/api/proxy/iiif/IMP-1892-12-03-a-p0008/1505,2151,340,44/full/0/default.jpg
Léopold	O	O	O	O	O	O	_	_	_	_	_	_
flobert	O	O	O	O	O	O	_	_	_	_	_	_
12	O	O	O	O	O	O	_	_	NoSpaceAfter	_	_	_
.	O	O	O	O	O	O	_	_	_	EndOfSentence	_	_
5676	O	O	O	O	O	O	_	_	NoSpaceAfter	_	_	_
-	O	O	O	O	O	O	_	_	NoSpaceAfter	_	_	_
t	O	O	O	O	O	O	_	_	EndOfLine	_	_	_
# segment_iiif_link = https://impresso-project.ch/api/proxy/iiif/IMP-1892-12-03-a-p0008/1531,2169,286,79/full/0/default.jpg
Maisonàvendre	O	O	O	O	O	O	_	_	EndOfLine	_	_	_
# segment_iiif_link = https://impresso-project.ch/api/proxy/iiif/IMP-1892-12-03-a-p0008/1522,2232,320,43/full/0/default.jpg
Pour	O	O	O	O	O	O	_	_	_	_	_	_
cause	O	O	O	O	O	O	_	_	_	_	_	_
de	O	O	O	O	O	O	_	_	_	_	_	_
dé	O	O	O	O	O	O	_	_	NoSpaceAfter	_	_	_
-	O	O	O	O	O	O	_	_	_	_	_	_
art	O	O	O	O	O	O	_	_	_	_	_	_
de	O	O	O	O	O	O	_	_	_	_	_	_
la	O	O	O	O	O	O	_	_	_	_	_	_
localité	O	O	O	O	O	O	_	_	NoSpaceAfter	_	_	_
,	O	O	O	O	O	O	_	_	_	_	_	_
i	O	O	O	O	O	O	_	_	EndOfLine	_	_	_
# segment_iiif_link = https://impresso-project.ch/api/proxy/iiif/IMP-1892-12-03-a-p0008/1505,2249,339,43/full/0/default.jpg
vendre	O	O	O	O	O	O	_	_	_	_	_	_
une	O	O	O	O	O	O	_	_	_	_	_	_
maison	O	O	O	O	O	O	_	_	_	_	_	_
d	O	O	O	O	O	O	_	_	NoSpaceAfter	_	_	_
'	O	O	O	O	O	O	_	_	NoSpaceAfter	_	_	_
habitation	O	O	O	O	O	O	_	_	EndOfLine	_	_	_
# segment_iiif_link = https://impresso-project.ch/api/proxy/iiif/IMP-1892-12-03-a-p0008/1506,2265,340,44/full/0/default.jpg
_	O	O	O	O	O	O	_	_	NoSpaceAfter	_	_	_
indépendante	O	O	O	O	O	O	_	_	NoSpaceAfter	_	_	_
,	O	O	O	O	O	O	_	_	_	_	_	_
en	O	O	O	O	O	O	_	_	_	_	_	_
_	O	O	O	O	O	O	_	_	NoSpaceAfter	_	_	_
excellent	O	O	O	O	O	O	_	_	_	_	_	_
état	O	O	O	O	O	O	_	_	_	_	_	_
d	O	O	O	O	O	O	_	_	NoSpaceAfter	_	_	_
'	O	O	O	O	O	O	_	_	NoSpaceAfter	_	_	_
entretien	O	O	O	O	O	O	_	_	NoSpaceAfter	_	_	_
,	O	O	O	O	O	O	_	_	_	_	_	_
utué	O	O	O	O	O	O	_	_	_	_	_	_
»	O	O	O	O	O	O	_	_	EndOfLine	_	_	_
# segment_iiif_link = https://impresso-project.ch/api/proxy/iiif/IMP-1892-12-03-a-p0008/1505,2281,339,44/full/0/default.jpg
dans	O	O	O	O	O	O	_	_	_	_	_	_
une	O	O	O	O	O	O	_	_	_	_	_	_
rue	O	O	O	O	O	O	_	_	_	_	_	_
très	O	O	O	O	O	O	_	_	_	_	_	_
_	O	O	O	O	O	O	_	_	NoSpaceAfter	_	_	_
frfquentén	O	O	O	O	O	O	_	_	_	_	_	_
et	O	O	O	O	O	O	_	_	EndOfLine	_	_	_
# segment_iiif_link = https://impresso-project.ch/api/proxy/iiif/IMP-1892-12-03-a-p0008/1506,2298,339,43/full/0/default.jpg
_	O	O	O	O	O	O	_	_	NoSpaceAfter	_	_	_
susceptible	O	O	O	O	O	O	_	_	_	_	_	_
d	O	O	O	O	O	O	_	_	NoSpaceAfter	_	_	_
'	O	O	O	O	O	O	_	_	NoSpaceAfter	_	_	_
être	O	O	O	O	O	O	_	_	_	_	_	_
facilement	O	O	O	O	O	O	_	_	_	_	_	_
transformée	O	O	O	O	O	O	_	_	_	_	_	_
pour	O	O	O	O	O	O	_	_	EndOfLine	_	_	_
# segment_iiif_link = https://impresso-project.ch/api/proxy/iiif/IMP-1892-12-03-a-p0008/1505,2314,340,43/full/0/default.jpg
n	O	O	O	O	O	O	_	_	NoSpaceAfter	_	_	_
'	O	O	O	O	O	O	_	_	NoSpaceAfter	_	_	_
importe	O	O	O	O	O	O	_	_	_	_	_	_
quelle	O	O	O	O	O	O	_	_	_	_	_	_
industrie	O	O	O	O	O	O	_	_	NoSpaceAfter	_	_	_
.	O	O	O	O	O	O	_	_	_	EndOfSentence	_	_
Grandes	O	O	O	O	O	O	_	_	EndOfLine	_	_	_
# segment_iiif_link = https://impresso-project.ch/api/proxy/iiif/IMP-1892-12-03-a-p0008/1504,2330,271,44/full/0/default.jpg
caves	O	O	O	O	O	O	_	_	NoSpaceAfter	_	_	_
.	O	O	O	O	O	O	_	_	_	EndOfSentence	_	_
Soleil	O	O	O	O	O	O	_	_	_	_	_	_
toute	O	O	O	O	O	O	_	_	_	_	_	_
la	O	O	O	O	O	O	_	_	_	_	_	_
journée	O	O	O	O	O	O	_	_	NoSpaceAfter	_	_	_
.	O	O	O	O	O	O	_	_	_	EndOfSentence	_	_
f	O	O	O	O	O	O	_	_	EndOfLine	_	_	_
# segment_iiif_link = https://impresso-project.ch/api/proxy/iiif/IMP-1892-12-03-a-p0008/1521,2348,322,43/full/0/default.jpg
S	O	O	O	O	O	O	_	_	NoSpaceAfter	_	_	_
'	O	O	O	O	O	O	_	_	NoSpaceAfter	_	_	_
adresser	O	O	O	O	O	O	_	_	_	_	_	_
a	O	O	O	O	O	O	_	_	_	_	_	_
M	O	O	O	O	O	O	_	_	NoSpaceAfter	_	_	_
.	O	O	O	O	O	O	_	_	_	_	_	_
Alfvd	O	O	O	O	O	O	_	_	_	_	_	_
Renaud	O	O	O	O	O	O	_	_	NoSpaceAfter	_	_	_
,	O	O	O	O	O	O	_	_	EndOfLine	_	_	_
# segment_iiif_link = https://impresso-project.ch/api/proxy/iiif/IMP-1892-12-03-a-p0008/1504,2365,339,44/full/0/default.jpg
directeur	O	O	O	O	O	O	_	_	_	_	_	_
du	O	O	O	O	O	O	_	_	_	_	_	_
Crédit	O	O	O	O	O	O	_	_	_	_	_	_
Mutuel	O	O	O	O	O	O	_	_	_	_	_	_
ouvrier	O	O	O	O	O	O	_	_	NoSpaceAfter	_	_	_
.	O	O	O	O	O	O	_	_	_	EndOfSentence	_	_
138	O	O	O	O	O	O	_	_	_	_	_	_
(	O	O	O	O	O	O	_	_	NoSpaceAfter	_	_	_
0	O	O	O	O	O	O	_	_	NoSpaceAfter	_	_	_
-	O	O	O	O	O	O	_	_	NoSpaceAfter	_	_	_
3	O	O	O	O	O	O	_	_	EndOfLine	_	_	_
# segment_iiif_link = https://impresso-project.ch/api/proxy/iiif/IMP-1892-12-03-a-p0008/1505,2398,340,44/full/0/default.jpg
Prenez	O	O	O	O	O	O	_	_	_	_	_	_
aour	O	O	O	O	O	O	_	_	_	_	_	_
votre	O	O	O	O	O	O	_	_	_	_	_	_
dessert	O	O	O	O	O	O	_	_	_	_	_	_
les	O	O	O	O	O	O	_	_	_	_	_	_
6636	O	O	O	O	O	O	_	_	NoSpaceAfter	_	_	_
-	O	O	O	O	O	O	_	_	NoSpaceAfter	_	_	_
4	O	O	O	O	O	O	_	_	EndOfLine	_	_	_
# segment_iiif_link = https://impresso-project.ch/api/proxy/iiif/IMP-1892-12-03-a-p0008/1520,2413,308,90/full/0/default.jpg
BISCOTINSMATTHEY	O	O	O	O	O	O	_	_	EndOfLine	_	_	_
# segment_iiif_link = https://impresso-project.ch/api/proxy/iiif/IMP-1892-12-03-a-p0008/1505,2466,339,44/full/0/default.jpg
de	O	O	O	O	O	O	_	_	_	_	_	_
iV	O	O	O	O	O	O	_	_	_	_	_	_
.	O	O	O	O	O	O	_	_	NoSpaceAfter	EndOfSentence	_	_
-	O	O	O	O	O	O	_	_	NoSpaceAfter	_	_	_
naciijW	O	O	O	O	O	O	_	_	NoSpaceAfter	_	_	_
•	O	O	O	O	O	O	_	_	NoSpaceAfter	_	_	_
-	O	O	O	O	O	O	_	_	NoSpaceAfter	_	_	_
_	O	O	O	O	O	O	_	_	NoSpaceAfter	_	_	_
!	O	O	O	O	O	O	_	_	NoSpaceAfter	EndOfSentence	_	_
.	O	O	O	O	O	O	_	_	_	EndOfSentence	_	_
i	O	O	O	O	O	O	_	_	_	_	_	_
£	O	O	O	O	O	O	_	_	_	_	_	_
n	O	O	O	O	O	O	_	_	_	_	_	_
ventd	O	O	O	O	O	O	_	_	_	_	_	_
chez	O	O	O	O	O	O	_	_	_	_	_	_
tous	O	O	O	O	O	O	_	_	_	_	_	_
les	O	O	O	O	O	O	_	_	EndOfLine	_	_	_
# segment_iiif_link = https://impresso-project.ch/api/proxy/iiif/IMP-1892-12-03-a-p0008/1505,2483,66,44/full/0/default.jpg
épiciers	O	O	O	O	O	O	_	_	NoSpaceAfter	_	_	_
.	O	O	O	O	O	O	_	_	EndOfLine	EndOfSentence	_	_
# segment_iiif_link = https://impresso-project.ch/api/proxy/iiif/IMP-1892-12-03-a-p0008/1568,2503,215,89/full/0/default.jpg
_	O	O	O	O	O	O	_	_	NoSpaceAfter	_	_	_
AVIS	O	O	O	O	O	O	_	_	EndOfLine	_	_	_
# segment_iiif_link = https://impresso-project.ch/api/proxy/iiif/IMP-1892-12-03-a-p0008/1522,2560,322,44/full/0/default.jpg
La	O	O	O	O	O	O	_	_	_	_	_	_
_	O	O	O	O	O	O	_	_	NoSpaceAfter	_	_	_
soussignée	O	O	O	O	O	O	_	_	_	_	_	_
se	O	O	O	O	O	O	_	_	_	_	_	_
recommando	O	O	O	O	O	O	_	_	_	_	_	_
toujours	O	O	O	O	O	O	_	_	EndOfLine	_	_	_
# segment_iiif_link = https://impresso-project.ch/api/proxy/iiif/IMP-1892-12-03-a-p0008/1505,2577,339,43/full/0/default.jpg
aux	O	O	O	O	O	O	_	_	_	_	_	_
dames	O	O	O	O	O	O	_	_	_	_	_	_
de	O	O	O	O	O	O	_	_	_	_	_	_
la	O	O	O	O	O	O	_	_	_	_	_	_
localité	O	O	O	O	O	O	_	_	_	_	_	_
pour	O	O	O	O	O	O	_	_	_	_	_	_
tout	O	O	O	O	O	O	_	_	_	_	_	_
ce	O	O	O	O	O	O	_	_	_	_	_	_
qui	O	O	O	O	O	O	_	_	EndOfLine	_	_	_
# segment_iiif_link = https://impresso-project.ch/api/proxy/iiif/IMP-1892-12-03-a-p0008/1504,2594,341,43/full/0/default.jpg
concerne	O	O	O	O	O	O	_	_	_	_	_	_
son	O	O	O	O	O	O	_	_	_	_	_	_
métier	O	O	O	O	O	O	_	_	NoSpaceAfter	_	_	_
.	O	O	O	O	O	O	_	_	_	EndOfSentence	_	_
Confections	O	O	O	O	O	O	_	_	EndOfLine	_	_	_
# segment_iiif_link = https://impresso-project.ch/api/proxy/iiif/IMP-1892-12-03-a-p0008/1504,2611,338,43/full/0/default.jpg
d	O	O	O	O	O	O	_	_	NoSpaceAfter	_	_	_
'	O	O	O	O	O	O	_	_	NoSpaceAfter	_	_	_
habillements	O	O	O	O	O	O	_	_	_	_	_	_
de	O	O	O	O	O	O	_	_	_	_	_	_
_	O	O	O	O	O	O	_	_	NoSpaceAfter	_	_	_
garçons	O	O	O	O	O	O	_	_	_	_	_	_
et	O	O	O	O	O	O	_	_	_	_	_	_
retoumage	O	O	O	O	O	O	_	_	EndOfLine	_	_	_
# segment_iiif_link = https://impresso-project.ch/api/proxy/iiif/IMP-1892-12-03-a-p0008/1504,2626,338,44/full/0/default.jpg
d	O	O	O	O	O	O	_	_	NoSpaceAfter	_	_	_
'	O	O	O	O	O	O	_	_	NoSpaceAfter	_	_	_
habits	O	O	O	O	O	O	_	_	_	_	_	_
d	O	O	O	O	O	O	_	_	NoSpaceAfter	_	_	_
'	O	O	O	O	O	O	_	_	NoSpaceAfter	_	_	_
hommes	O	O	O	O	O	O	_	_	NoSpaceAfter	_	_	_
.	O	O	O	O	O	O	_	_	_	EndOfSentence	_	_
Elle	O	O	O	O	O	O	_	_	_	_	_	_
espère	O	O	O	O	O	O	_	_	NoSpaceAfter	_	_	_
,	O	O	O	O	O	O	_	_	_	_	_	_
par	O	O	O	O	O	O	_	_	_	_	_	_
un	O	O	O	O	O	O	_	_	EndOfLine	_	_	_
# segment_iiif_link = https://impresso-project.ch/api/proxy/iiif/IMP-1892-12-03-a-p0008/1505,2643,338,43/full/0/default.jpg
travail	O	O	O	O	O	O	_	_	_	_	_	_
prompt	O	O	O	O	O	O	_	_	_	_	_	_
et	O	O	O	O	O	O	_	_	_	_	_	_
soigné	O	O	O	O	O	O	_	_	_	_	_	_
et	O	O	O	O	O	O	_	_	_	_	_	_
des	O	O	O	O	O	O	_	_	_	_	_	_
prix	O	O	O	O	O	O	_	_	EndOfLine	_	_	_
# segment_iiif_link = https://impresso-project.ch/api/proxy/iiif/IMP-1892-12-03-a-p0008/1505,2659,333,44/full/0/default.jpg
modiques	O	O	O	O	O	O	_	_	NoSpaceAfter	_	_	_
,	O	O	O	O	O	O	_	_	_	_	_	_
mériter	O	O	O	O	O	O	_	_	_	_	_	_
la	O	O	O	O	O	O	_	_	_	_	_	_
continuée	O	O	O	O	O	O	_	_	_	_	_	_
qu	O	O	O	O	O	O	_	_	NoSpaceAfter	_	_	_
'	O	O	O	O	O	O	_	_	NoSpaceAfter	_	_	_
elle	O	O	O	O	O	O	_	_	_	_	_	_
sollicite	O	O	O	O	O	O	_	_	NoSpaceAfter	_	_	_
.	O	O	O	O	O	O	_	_	EndOfLine	EndOfSentence	_	_
# segment_iiif_link = https://impresso-project.ch/api/proxy/iiif/IMP-1892-12-03-a-p0008/1504,2675,339,44/full/0/default.jpg
Laure	O	O	O	O	O	O	_	_	_	_	_	_
_	O	O	O	O	O	O	_	_	NoSpaceAfter	_	_	_
Sfll	O	O	O	O	O	O	_	_	NoSpaceAfter	_	_	_
.	O	O	O	O	O	O	_	_	_	EndOfSentence	_	_
13	O	O	O	O	O	O	_	_	_	_	_	_
U	O	O	O	O	O	O	_	_	NoSpaceAfter	_	_	_
,	O	O	O	O	O	O	_	_	_	_	_	_
rue	O	O	O	O	O	O	_	_	_	_	_	_
du	O	O	O	O	O	O	_	_	_	_	_	_
Parc	O	O	O	O	O	O	_	_	_	_	_	_
14	O	O	O	O	O	O	_	_	NoSpaceAfter	_	_	_
.	O	O	O	O	O	O	_	_	_	EndOfSentence	_	_
au	O	O	O	O	O	O	_	_	EndOfLine	_	_	_
# segment_iiif_link = https://impresso-project.ch/api/proxy/iiif/IMP-1892-12-03-a-p0008/1505,2692,335,43/full/0/default.jpg
ler	O	O	O	O	O	O	_	_	_	_	_	_
étage	O	O	O	O	O	O	_	_	NoSpaceAfter	_	_	_
.	O	O	O	O	O	O	_	_	_	EndOfSentence	_	_
13933	O	O	O	O	O	O	_	_	NoSpaceAfter	_	_	_
-	O	O	O	O	O	O	_	_	NoSpaceAfter	_	_	_
1	O	O	O	O	O	O	_	_	EndOfLine	EndOfSentence	_	_

# language = fr
# newspaper = IMP
# date = 1899-06-23
# document_id = IMP-1899-06-23-a-i0036
# news-agency-as-source = Q430109
# segment_iiif_link = https://impresso-project.ch/api/proxy/iiif/IMP-1899-06-23-a-p0004/1020,1311,345,52/full/0/default.jpg
Agence	B-org	O	B-org.ent.pressagency.ATS-SDA	O	O	O	Q430109	_	_	_	LED0.00	_
télégraphique	I-org	O	I-org.ent.pressagency.ATS-SDA	O	O	O	Q430109	_	_	_	LED0.00	_
suisse	I-org	O	I-org.ent.pressagency.ATS-SDA	O	O	O	Q430109	_	EndOfLine	_	LED0.00	_
# segment_iiif_link = https://impresso-project.ch/api/proxy/iiif/IMP-1899-06-23-a-p0004/1003,1354,403,53/full/0/default.jpg
Berne	O	O	O	O	O	O	_	_	NoSpaceAfter	_	_	_
,	O	O	O	O	O	O	_	_	_	_	_	_
22	O	O	O	O	O	O	_	_	_	_	_	_
juin	O	O	O	O	O	O	_	_	NoSpaceAfter	_	_	_
.	O	O	O	O	O	O	_	_	_	EndOfSentence	_	_
—	O	O	O	O	O	O	_	_	_	_	_	_
L	O	O	O	O	O	O	_	_	NoSpaceAfter	_	_	_
'	O	O	O	O	O	O	_	_	NoSpaceAfter	_	_	_
assemblée	O	O	O	O	O	O	_	_	_	_	_	_
fédérale	O	O	O	O	O	O	_	_	_	_	_	_
s	O	O	O	O	O	O	_	_	NoSpaceAfter	_	_	_
'	O	O	O	O	O	O	_	_	NoSpaceAfter	_	_	_
est	O	O	O	O	O	O	_	_	EndOfLine	_	_	_
# segment_iiif_link = https://impresso-project.ch/api/proxy/iiif/IMP-1899-06-23-a-p0004/982,1373,421,53/full/0/default.jpg
réunie	O	O	O	O	O	O	_	_	_	_	_	_
ce	O	O	O	O	O	O	_	_	_	_	_	_
matin	O	O	O	O	O	O	_	_	_	_	_	_
en	O	O	O	O	O	O	_	_	_	_	_	_
séance	O	O	O	O	O	O	_	_	_	_	_	_
pléniôre	O	O	O	O	O	O	_	_	_	_	_	_
et	O	O	O	O	O	O	_	_	_	_	_	_
a	O	O	O	O	O	O	_	_	_	_	_	_
liquidé	O	O	O	O	O	O	_	_	EndOfLine	_	_	_
# segment_iiif_link = https://impresso-project.ch/api/proxy/iiif/IMP-1899-06-23-a-p0004/982,1395,202,52/full/0/default.jpg
sept	O	O	O	O	O	O	_	_	_	_	_	_
recours	O	O	O	O	O	O	_	_	_	_	_	_
en	O	O	O	O	O	O	_	_	_	_	_	_
grâce	O	O	O	O	O	O	_	_	NoSpaceAfter	_	_	_
.	O	O	O	O	O	O	_	_	EndOfLine	EndOfSentence	_	_
# segment_iiif_link = https://impresso-project.ch/api/proxy/iiif/IMP-1899-06-23-a-p0004/1002,1415,404,52/full/0/default.jpg
Après	O	O	O	O	O	O	_	_	_	_	_	_
avoir	O	O	O	O	O	O	_	_	_	_	_	_
repoussé	O	O	O	O	O	O	_	_	_	_	_	_
une	O	O	O	O	O	O	_	_	_	_	_	_
proposition	O	O	O	O	O	O	_	_	EndOfLine	_	_	_
# segment_iiif_link = https://impresso-project.ch/api/proxy/iiif/IMP-1899-06-23-a-p0004/982,1436,424,53/full/0/default.jpg
dant	O	O	O	O	O	O	_	_	_	_	_	_
à	O	O	O	O	O	O	_	_	_	_	_	_
renvoyer	O	O	O	O	O	O	_	_	_	_	_	_
la	O	O	O	O	O	O	_	_	_	_	_	_
discussion	O	O	O	O	O	O	_	_	_	_	_	_
du	O	O	O	O	O	O	_	_	_	_	_	_
projet	O	O	O	O	O	O	_	_	_	_	_	_
de	O	O	O	O	O	O	_	_	EndOfLine	_	_	_
# segment_iiif_link = https://impresso-project.ch/api/proxy/iiif/IMP-1899-06-23-a-p0004/983,1458,422,52/full/0/default.jpg
dépôt	O	O	O	O	O	O	_	_	_	_	_	_
d	O	O	O	O	O	O	_	_	NoSpaceAfter	_	_	_
'	O	O	O	O	O	O	_	_	NoSpaceAfter	_	_	_
étalons	O	O	O	O	O	O	_	_	_	_	_	_
à	O	O	O	O	O	O	_	_	_	_	_	_
Avenches	O	O	O	O	O	O	_	_	NoSpaceAfter	_	_	_
,	O	O	O	O	O	O	_	_	_	_	_	_
le	O	O	O	O	O	O	_	_	_	_	_	_
Conseil	O	O	O	O	O	O	_	_	EndOfLine	_	_	_
# segment_iiif_link = https://impresso-project.ch/api/proxy/iiif/IMP-1899-06-23-a-p0004/982,1479,424,52/full/0/default.jpg
national	O	O	O	O	O	O	_	_	_	_	_	_
a	O	O	O	O	O	O	_	_	_	_	_	_
commencé	O	O	O	O	O	O	_	_	_	_	_	_
à	O	O	O	O	O	O	_	_	_	_	_	_
discuter	O	O	O	O	O	O	_	_	_	_	_	_
la	O	O	O	O	O	O	_	_	_	_	_	_
question	O	O	O	O	O	O	_	_	_	_	_	_
d	O	O	O	O	O	O	_	_	NoSpaceAfter	_	_	_
'	O	O	O	O	O	O	_	_	NoSpaceAfter	_	_	_
entrée	O	O	O	O	O	O	_	_	EndOfLine	_	_	_
# segment_iiif_link = https://impresso-project.ch/api/proxy/iiif/IMP-1899-06-23-a-p0004/981,1501,99,52/full/0/default.jpg
en	O	O	O	O	O	O	_	_	_	_	_	_
matière	O	O	O	O	O	O	_	_	NoSpaceAfter	_	_	_
.	O	O	O	O	O	O	_	_	EndOfLine	EndOfSentence	_	_
# segment_iiif_link = https://impresso-project.ch/api/proxy/iiif/IMP-1899-06-23-a-p0004/1003,1522,402,52/full/0/default.jpg
La	O	O	O	O	O	O	_	_	_	_	_	_
commission	O	O	O	O	O	O	_	_	_	_	_	_
propose	O	O	O	O	O	O	_	_	_	_	_	_
l	O	O	O	O	O	O	_	_	NoSpaceAfter	_	_	_
'	O	O	O	O	O	O	_	_	NoSpaceAfter	_	_	_
entrée	O	O	O	O	O	O	_	_	_	_	_	_
en	O	O	O	O	O	O	_	_	_	_	_	_
matière	O	O	O	O	O	O	_	_	EndOfLine	_	_	_
# segment_iiif_link = https://impresso-project.ch/api/proxy/iiif/IMP-1899-06-23-a-p0004/982,1543,423,52/full/0/default.jpg
sur	O	O	O	O	O	O	_	_	_	_	_	_
un	O	O	O	O	O	O	_	_	_	_	_	_
projet	O	O	O	O	O	O	_	_	_	_	_	_
modifié	O	O	O	O	O	O	_	_	NoSpaceAfter	_	_	_
.	O	O	O	O	O	O	_	_	_	EndOfSentence	_	_
La	O	O	O	O	O	O	_	_	_	_	_	_
discussion	O	O	O	O	O	O	_	_	_	_	_	_
est	O	O	O	O	O	O	_	_	EndOfLine	_	_	_
# segment_iiif_link = https://impresso-project.ch/api/proxy/iiif/IMP-1899-06-23-a-p0004/982,1564,423,52/full/0/default.jpg
interrompue	O	O	O	O	O	O	_	_	NoSpaceAfter	_	_	_
.	O	O	O	O	O	O	_	_	_	EndOfSentence	_	_
La	O	O	O	O	O	O	_	_	_	_	_	_
suite	O	O	O	O	O	O	_	_	_	_	_	_
à	O	O	O	O	O	O	_	_	_	_	_	_
demain	O	O	O	O	O	O	_	_	NoSpaceAfter	_	_	_
.	O	O	O	O	O	O	_	_	_	EndOfSentence	_	_
Demain	O	O	O	O	O	O	_	_	_	_	_	_
également	O	O	O	O	O	O	_	_	EndOfLine	_	_	_
# segment_iiif_link = https://impresso-project.ch/api/proxy/iiif/IMP-1899-06-23-a-p0004/981,1586,134,52/full/0/default.jpg
Banque	O	O	O	O	O	O	_	_	_	_	_	_
d	O	O	O	O	O	O	_	_	NoSpaceAfter	_	_	_
'	O	O	O	O	O	O	_	_	NoSpaceAfter	_	_	_
Etat	O	O	O	O	O	O	_	_	NoSpaceAfter	_	_	_
.	O	O	O	O	O	O	_	_	EndOfLine	EndOfSentence	_	_
# segment_iiif_link = https://impresso-project.ch/api/proxy/iiif/IMP-1899-06-23-a-p0004/1003,1607,400,52/full/0/default.jpg
Le	O	O	O	O	O	O	_	_	_	_	_	_
Conseil	O	O	O	O	O	O	_	_	_	_	_	_
des	O	O	O	O	O	O	_	_	_	_	_	_
Etats	O	O	O	O	O	O	_	_	_	_	_	_
reprend	O	O	O	O	O	O	_	_	_	_	_	_
la	O	O	O	O	O	O	_	_	_	_	_	_
discussion	O	O	O	O	O	O	_	_	EndOfLine	_	_	_
# segment_iiif_link = https://impresso-project.ch/api/proxy/iiif/IMP-1899-06-23-a-p0004/981,1628,425,52/full/0/default.jpg
des	O	O	O	O	O	O	_	_	_	_	_	_
arlicles	O	O	O	O	O	O	_	_	_	_	_	_
de	O	O	O	O	O	O	_	_	_	_	_	_
la	O	O	O	O	O	O	_	_	_	_	_	_
loi	O	O	O	O	O	O	_	_	_	_	_	_
sur	O	O	O	O	O	O	_	_	_	_	_	_
la	O	O	O	O	O	O	_	_	_	_	_	_
police	O	O	O	O	O	O	_	_	_	_	_	_
des	O	O	O	O	O	O	_	_	_	_	_	_
denrées	O	O	O	O	O	O	_	_	EndOfLine	_	_	_
# segment_iiif_link = https://impresso-project.ch/api/proxy/iiif/IMP-1899-06-23-a-p0004/983,1649,343,52/full/0/default.jpg
alimentaires	O	O	O	O	O	O	_	_	_	_	_	_
qui	O	O	O	O	O	O	_	_	_	_	_	_
avaient	O	O	O	O	O	O	_	_	_	_	_	_
été	O	O	O	O	O	O	_	_	_	_	_	_
réservés	O	O	O	O	O	O	_	_	NoSpaceAfter	_	_	_
.	O	O	O	O	O	O	_	_	EndOfLine	EndOfSentence	_	_
# segment_iiif_link = https://impresso-project.ch/api/proxy/iiif/IMP-1899-06-23-a-p0004/1002,1671,401,52/full/0/default.jpg
A	O	O	O	O	O	O	_	_	_	_	_	_
l	O	O	O	O	O	O	_	_	NoSpaceAfter	_	_	_
'	O	O	O	O	O	O	_	_	NoSpaceAfter	_	_	_
art	O	O	O	O	O	O	_	_	NoSpaceAfter	_	_	_
.	O	O	O	O	O	O	_	_	_	EndOfSentence	_	_
8	O	O	O	O	O	O	_	_	_	_	_	_
ter	O	O	O	O	O	O	_	_	NoSpaceAfter	_	_	_
,	O	O	O	O	O	O	_	_	_	_	_	_
le	O	O	O	O	O	O	_	_	_	_	_	_
Conseil	O	O	O	O	O	O	_	_	_	_	_	_
décide	O	O	O	O	O	O	_	_	_	_	_	_
par	O	O	O	O	O	O	_	_	_	_	_	_
21	O	O	O	O	O	O	_	_	_	_	_	_
voix	O	O	O	O	O	O	_	_	EndOfLine	_	_	_
# segment_iiif_link = https://impresso-project.ch/api/proxy/iiif/IMP-1899-06-23-a-p0004/981,1692,423,53/full/0/default.jpg
contre	O	O	O	O	O	O	_	_	_	_	_	_
17	O	O	O	O	O	O	_	_	_	_	_	_
de	O	O	O	O	O	O	_	_	_	_	_	_
fixer	O	O	O	O	O	O	_	_	_	_	_	_
au	O	O	O	O	O	O	_	_	_	_	_	_
40	O	O	O	O	O	O	_	_	_	_	_	_
%	O	O	O	O	O	O	_	_	_	_	_	_
les	O	O	O	O	O	O	_	_	_	_	_	_
subsides	O	O	O	O	O	O	_	_	_	_	_	_
de	O	O	O	O	O	O	_	_	_	_	_	_
la	O	O	O	O	O	O	_	_	EndOfLine	_	_	_
# segment_iiif_link = https://impresso-project.ch/api/proxy/iiif/IMP-1899-06-23-a-p0004/981,1713,372,52/full/0/default.jpg
Confédération	O	O	O	O	O	O	_	_	_	_	_	_
au	O	O	O	O	O	O	_	_	_	_	_	_
lieu	O	O	O	O	O	O	_	_	_	_	_	_
de	O	O	O	O	O	O	_	_	_	_	_	_
jusqu	O	O	O	O	O	O	_	_	NoSpaceAfter	_	_	_
'	O	O	O	O	O	O	_	_	NoSpaceAfter	_	_	_
au	O	O	O	O	O	O	_	_	_	_	_	_
40	O	O	O	O	O	O	_	_	_	_	_	_
%	O	O	O	O	O	O	_	_	NoSpaceAfter	_	_	_
.	O	O	O	O	O	O	_	_	EndOfLine	EndOfSentence	_	_
# segment_iiif_link = https://impresso-project.ch/api/proxy/iiif/IMP-1899-06-23-a-p0004/1004,1735,400,52/full/0/default.jpg
La	O	O	O	O	O	O	_	_	_	_	_	_
suppression	O	O	O	O	O	O	_	_	_	_	_	_
de	O	O	O	O	O	O	_	_	_	_	_	_
l	O	O	O	O	O	O	_	_	NoSpaceAfter	_	_	_
'	O	O	O	O	O	O	_	_	NoSpaceAfter	_	_	_
amendement	O	O	O	O	O	O	_	_	_	_	_	_
relatif	O	O	O	O	O	O	_	_	_	_	_	_
au	O	O	O	O	O	O	_	_	EndOfLine	_	_	_
# segment_iiif_link = https://impresso-project.ch/api/proxy/iiif/IMP-1899-06-23-a-p0004/982,1756,422,52/full/0/default.jpg
laboratoire	O	O	O	O	O	O	_	_	_	_	_	_
à	O	O	O	O	O	O	_	_	_	_	_	_
Berne	O	O	O	O	O	O	_	_	_	_	_	_
est	O	O	O	O	O	O	_	_	_	_	_	_
maintenue	O	O	O	O	O	O	_	_	_	_	_	_
par	O	O	O	O	O	O	_	_	_	_	_	_
25	O	O	O	O	O	O	_	_	_	_	_	_
voix	O	O	O	O	O	O	_	_	EndOfLine	_	_	_
# segment_iiif_link = https://impresso-project.ch/api/proxy/iiif/IMP-1899-06-23-a-p0004/982,1778,424,52/full/0/default.jpg
contre	O	O	O	O	O	O	_	_	_	_	_	_
7	O	O	O	O	O	O	_	_	NoSpaceAfter	_	_	_
.	O	O	O	O	O	O	_	_	_	EndOfSentence	_	_
La	O	O	O	O	O	O	_	_	_	_	_	_
discussion	O	O	O	O	O	O	_	_	_	_	_	_
finale	O	O	O	O	O	O	_	_	_	_	_	_
est	O	O	O	O	O	O	_	_	_	_	_	_
renvoyée	O	O	O	O	O	O	_	_	EndOfLine	_	_	_
# segment_iiif_link = https://impresso-project.ch/api/proxy/iiif/IMP-1899-06-23-a-p0004/980,1799,424,52/full/0/default.jpg
jusqu	O	O	O	O	O	O	_	_	NoSpaceAfter	_	_	_
'	O	O	O	O	O	O	_	_	NoSpaceAfter	_	_	_
après	O	O	O	O	O	O	_	_	_	_	_	_
l	O	O	O	O	O	O	_	_	NoSpaceAfter	_	_	_
'	O	O	O	O	O	O	_	_	NoSpaceAfter	_	_	_
impression	O	O	O	O	O	O	_	_	_	_	_	_
du	O	O	O	O	O	O	_	_	_	_	_	_
projet	O	O	O	O	O	O	_	_	NoSpaceAfter	_	_	_
.	O	O	O	O	O	O	_	_	_	EndOfSentence	_	_
Le	O	O	O	O	O	O	_	_	_	_	_	_
Conseil	O	O	O	O	O	O	_	_	EndOfLine	_	_	_
# segment_iiif_link = https://impresso-project.ch/api/proxy/iiif/IMP-1899-06-23-a-p0004/981,1820,423,52/full/0/default.jpg
liquide	O	O	O	O	O	O	_	_	_	_	_	_
ensuite	O	O	O	O	O	O	_	_	_	_	_	_
quelques	O	O	O	O	O	O	_	_	_	_	_	_
aifaires	O	O	O	O	O	O	_	_	_	_	_	_
sans	O	O	O	O	O	O	_	_	_	_	_	_
grande	O	O	O	O	O	O	_	_	EndOfLine	_	_	_
# segment_iiif_link = https://impresso-project.ch/api/proxy/iiif/IMP-1899-06-23-a-p0004/982,1842,424,52/full/0/default.jpg
importance	O	O	O	O	O	O	_	_	_	_	_	_
et	O	O	O	O	O	O	_	_	_	_	_	_
la	O	O	O	O	O	O	_	_	_	_	_	_
séance	O	O	O	O	O	O	_	_	_	_	_	_
est	O	O	O	O	O	O	_	_	_	_	_	_
levée	O	O	O	O	O	O	_	_	NoSpaceAfter	_	_	_
.	O	O	O	O	O	O	_	_	_	EndOfSentence	_	_
Suite	O	O	O	O	O	O	_	_	NoSpaceAfter	_	_	_
,	O	O	O	O	O	O	_	_	EndOfLine	_	_	_
# segment_iiif_link = https://impresso-project.ch/api/proxy/iiif/IMP-1899-06-23-a-p0004/980,1863,51,52/full/0/default.jpg
demain	O	O	O	O	O	O	_	_	NoSpaceAfter	_	_	_
.	O	O	O	O	O	O	_	_	EndOfLine	EndOfSentence	_	_
# segment_iiif_link = https://impresso-project.ch/api/proxy/iiif/IMP-1899-06-23-a-p0004/1001,1884,402,52/full/0/default.jpg
Berne	O	O	O	O	O	O	_	_	NoSpaceAfter	_	_	_
,	O	O	O	O	O	O	_	_	_	_	_	_
22	O	O	O	O	O	O	_	_	_	_	_	_
juin	O	O	O	O	O	O	_	_	NoSpaceAfter	_	_	_
.	O	O	O	O	O	O	_	_	_	EndOfSentence	_	_
—	O	O	O	O	O	O	_	_	NoSpaceAfter	_	_	_
Au	O	O	O	O	O	O	_	_	_	_	_	_
sujet	O	O	O	O	O	O	_	_	_	_	_	_
de	O	O	O	O	O	O	_	_	_	_	_	_
la	O	O	O	O	O	O	_	_	_	_	_	_
Banque	O	O	O	O	O	O	_	_	EndOfLine	_	_	_
# segment_iiif_link = https://impresso-project.ch/api/proxy/iiif/IMP-1899-06-23-a-p0004/980,1905,424,52/full/0/default.jpg
de	O	O	O	O	O	O	_	_	_	_	_	_
la	O	O	O	O	O	O	_	_	_	_	_	_
Confédération	O	O	O	O	O	O	_	_	NoSpaceAfter	_	_	_
,	O	O	O	O	O	O	_	_	_	_	_	_
M	O	O	O	O	O	O	_	_	NoSpaceAfter	_	_	_
.	O	O	O	O	O	O	_	_	_	_	_	_
Hochslrasser	O	O	O	O	O	O	_	_	_	_	_	_
a	O	O	O	O	O	O	_	_	_	_	_	_
déposé	O	O	O	O	O	O	_	_	EndOfLine	_	_	_
# segment_iiif_link = https://impresso-project.ch/api/proxy/iiif/IMP-1899-06-23-a-p0004/980,1927,422,52/full/0/default.jpg
une	O	O	O	O	O	O	_	_	_	_	_	_
proposition	O	O	O	O	O	O	_	_	_	_	_	_
tendant	O	O	O	O	O	O	_	_	_	_	_	_
à	O	O	O	O	O	O	_	_	_	_	_	_
ce	O	O	O	O	O	O	_	_	_	_	_	_
que	O	O	O	O	O	O	_	_	_	_	_	_
la	O	O	O	O	O	O	_	_	_	_	_	_
ville	O	O	O	O	O	O	_	_	_	_	_	_
qui	O	O	O	O	O	O	_	_	EndOfLine	_	_	_
# segment_iiif_link = https://impresso-project.ch/api/proxy/iiif/IMP-1899-06-23-a-p0004/980,1948,421,52/full/0/default.jpg
sera	O	O	O	O	O	O	_	_	_	_	_	_
choisie	O	O	O	O	O	O	_	_	_	_	_	_
comme	O	O	O	O	O	O	_	_	_	_	_	_
siège	O	O	O	O	O	O	_	_	_	_	_	_
central	O	O	O	O	O	O	_	_	_	_	_	_
de	O	O	O	O	O	O	_	_	_	_	_	_
la	O	O	O	O	O	O	_	_	_	_	_	_
Banque	O	O	O	O	O	O	_	_	EndOfLine	_	_	_
# segment_iiif_link = https://impresso-project.ch/api/proxy/iiif/IMP-1899-06-23-a-p0004/980,1969,423,52/full/0/default.jpg
de	O	O	O	O	O	O	_	_	_	_	_	_
la	O	O	O	O	O	O	_	_	_	_	_	_
Confédération	O	O	O	O	O	O	_	_	_	_	_	_
ait	O	O	O	O	O	O	_	_	_	_	_	_
à	O	O	O	O	O	O	_	_	_	_	_	_
fournir	O	O	O	O	O	O	_	_	_	_	_	_
un	O	O	O	O	O	O	_	_	EndOfLine	_	_	_
# segment_iiif_link = https://impresso-project.ch/api/proxy/iiif/IMP-1899-06-23-a-p0004/980,1991,425,52/full/0/default.jpg
emplacement	O	O	O	O	O	O	_	_	_	_	_	_
convenable	O	O	O	O	O	O	_	_	_	_	_	_
pour	O	O	O	O	O	O	_	_	_	_	_	_
la	O	O	O	O	O	O	_	_	_	_	_	_
construction	O	O	O	O	O	O	_	_	_	_	_	_
des	O	O	O	O	O	O	_	_	EndOfLine	_	_	_
# segment_iiif_link = https://impresso-project.ch/api/proxy/iiif/IMP-1899-06-23-a-p0004/979,2012,219,52/full/0/default.jpg
bâtiments	O	O	O	O	O	O	_	_	_	_	_	_
de	O	O	O	O	O	O	_	_	_	_	_	_
la	O	O	O	O	O	O	_	_	_	_	_	_
Banque	O	O	O	O	O	O	_	_	NoSpaceAfter	_	_	_
.	O	O	O	O	O	O	_	_	EndOfLine	EndOfSentence	_	_
# segment_iiif_link = https://impresso-project.ch/api/proxy/iiif/IMP-1899-06-23-a-p0004/1001,2057,403,53/full/0/default.jpg
Paris	O	O	O	O	O	O	_	_	NoSpaceAfter	_	_	_
,	O	O	O	O	O	O	_	_	_	_	_	_
22	O	O	O	O	O	O	_	_	_	_	_	_
juin	O	O	O	O	O	O	_	_	NoSpaceAfter	_	_	_
.	O	O	O	O	O	O	_	_	_	EndOfSentence	_	_
—	O	O	O	O	O	O	_	_	_	_	_	_
Dans	O	O	O	O	O	O	_	_	_	_	_	_
sa	O	O	O	O	O	O	_	_	_	_	_	_
dernière	O	O	O	O	O	O	_	_	EndOfLine	_	_	_
# segment_iiif_link = https://impresso-project.ch/api/proxy/iiif/IMP-1899-06-23-a-p0004/979,2078,425,53/full/0/default.jpg
entrevue	O	O	O	O	O	O	_	_	_	_	_	_
avec	O	O	O	O	O	O	_	_	_	_	_	_
M	O	O	O	O	O	O	_	_	NoSpaceAfter	_	_	_
.	O	O	O	O	O	O	_	_	_	_	_	_
Loubet	O	O	O	O	O	O	_	_	NoSpaceAfter	_	_	_
,	O	O	O	O	O	O	_	_	_	_	_	_
vers	O	O	O	O	O	O	_	_	_	_	_	_
sept	O	O	O	O	O	O	_	_	_	_	_	_
heures	O	O	O	O	O	O	_	_	_	_	_	_
du	O	O	O	O	O	O	_	_	_	_	_	_
soir	O	O	O	O	O	O	_	_	NoSpaceAfter	_	_	_
,	O	O	O	O	O	O	_	_	EndOfLine	_	_	_
# segment_iiif_link = https://impresso-project.ch/api/proxy/iiif/IMP-1899-06-23-a-p0004/979,2100,423,52/full/0/default.jpg
M	O	O	O	O	O	O	_	_	NoSpaceAfter	_	_	_
.	O	O	O	O	O	O	_	_	_	_	_	_
Bourgeois	O	O	O	O	O	O	_	_	_	_	_	_
a	O	O	O	O	O	O	_	_	_	_	_	_
décliné	O	O	O	O	O	O	_	_	_	_	_	_
fermement	O	O	O	O	O	O	_	_	_	_	_	_
la	O	O	O	O	O	O	_	_	_	_	_	_
mission	O	O	O	O	O	O	_	_	EndOfLine	_	_	_
# segment_iiif_link = https://impresso-project.ch/api/proxy/iiif/IMP-1899-06-23-a-p0004/980,2121,189,52/full/0/default.jpg
de	O	O	O	O	O	O	_	_	_	_	_	_
former	O	O	O	O	O	O	_	_	_	_	_	_
le	O	O	O	O	O	O	_	_	_	_	_	_
cabinet	O	O	O	O	O	O	_	_	NoSpaceAfter	_	_	_
.	O	O	O	O	O	O	_	_	EndOfLine	EndOfSentence	_	_
# segment_iiif_link = https://impresso-project.ch/api/proxy/iiif/IMP-1899-06-23-a-p0004/1000,2142,402,53/full/0/default.jpg
M	O	O	O	O	O	O	_	_	NoSpaceAfter	_	_	_
.	O	O	O	O	O	O	_	_	_	_	_	_
Loubet	O	O	O	O	O	O	_	_	_	_	_	_
convoquera	O	O	O	O	O	O	_	_	_	_	_	_
aujourd	O	O	O	O	O	O	_	_	NoSpaceAfter	_	_	_
'	O	O	O	O	O	O	_	_	NoSpaceAfter	_	_	_
hui	O	O	O	O	O	O	_	_	_	_	_	_
un	O	O	O	O	O	O	_	_	_	_	_	_
autre	O	O	O	O	O	O	_	_	EndOfLine	_	_	_
# segment_iiif_link = https://impresso-project.ch/api/proxy/iiif/IMP-1899-06-23-a-p0004/980,2164,422,52/full/0/default.jpg
personnage	O	O	O	O	O	O	_	_	_	_	_	_
politique	O	O	O	O	O	O	_	_	NoSpaceAfter	_	_	_
,	O	O	O	O	O	O	_	_	_	_	_	_
qui	O	O	O	O	O	O	_	_	_	_	_	_
sera	O	O	O	O	O	O	_	_	_	_	_	_
très	O	O	O	O	O	O	_	_	EndOfLine	_	_	_
# segment_iiif_link = https://impresso-project.ch/api/proxy/iiif/IMP-1899-06-23-a-p0004/979,2185,426,52/full/0/default.jpg
probablement	O	O	O	O	O	O	_	_	_	_	_	_
M	O	O	O	O	O	O	_	_	NoSpaceAfter	_	_	_
.	O	O	O	O	O	O	_	_	_	_	_	_
Waldeck	O	O	O	O	O	O	_	_	NoSpaceAfter	_	_	_
-	O	O	O	O	O	O	_	_	NoSpaceAfter	_	_	_
Rousseau	O	O	O	O	O	O	_	_	NoSpaceAfter	_	_	_
.	O	O	O	O	O	O	_	_	_	EndOfSentence	_	_
Celui	O	O	O	O	O	O	_	_	NoSpaceAfter	_	_	_
-	O	O	O	O	O	O	_	_	NoSpaceAfter	_	_	_
ci	O	O	O	O	O	O	_	_	_	_	_	_
serait	O	O	O	O	O	O	_	_	NoSpaceAfter	_	_	_
,	O	O	O	O	O	O	_	_	EndOfLine	_	_	_
# segment_iiif_link = https://impresso-project.ch/api/proxy/iiif/IMP-1899-06-23-a-p0004/979,2206,422,53/full/0/default.jpg
en	O	O	O	O	O	O	_	_	_	_	_	_
effet	O	O	O	O	O	O	_	_	NoSpaceAfter	_	_	_
,	O	O	O	O	O	O	_	_	_	_	_	_
disposé	O	O	O	O	O	O	_	_	_	_	_	_
à	O	O	O	O	O	O	_	_	_	_	_	_
reprendre	O	O	O	O	O	O	_	_	_	_	_	_
les	O	O	O	O	O	O	_	_	_	_	_	_
négociations	O	O	O	O	O	O	_	_	EndOfLine	_	_	_
# segment_iiif_link = https://impresso-project.ch/api/proxy/iiif/IMP-1899-06-23-a-p0004/979,2228,209,52/full/0/default.jpg
sur	O	O	O	O	O	O	_	_	_	_	_	_
de	O	O	O	O	O	O	_	_	_	_	_	_
nouvelles	O	O	O	O	O	O	_	_	_	_	_	_
bases	O	O	O	O	O	O	_	_	NoSpaceAfter	_	_	_
.	O	O	O	O	O	O	_	_	EndOfLine	EndOfSentence	_	_
# segment_iiif_link = https://impresso-project.ch/api/proxy/iiif/IMP-1899-06-23-a-p0004/999,2249,404,53/full/0/default.jpg
Parts	O	O	O	O	O	O	_	_	NoSpaceAfter	_	_	_
,	O	O	O	O	O	O	_	_	_	_	_	_
22	O	O	O	O	O	O	_	_	_	_	_	_
juin	O	O	O	O	O	O	_	_	NoSpaceAfter	_	_	_
.	O	O	O	O	O	O	_	_	_	EndOfSentence	_	_
—	O	O	O	O	O	O	_	_	_	_	_	_
Malgré	O	O	O	O	O	O	_	_	_	_	_	_
son	O	O	O	O	O	O	_	_	_	_	_	_
vif	O	O	O	O	O	O	_	_	_	_	_	_
désir	O	O	O	O	O	O	_	_	_	_	_	_
de	O	O	O	O	O	O	_	_	EndOfLine	_	_	_
# segment_iiif_link = https://impresso-project.ch/api/proxy/iiif/IMP-1899-06-23-a-p0004/979,2270,423,53/full/0/default.jpg
retourner	O	O	O	O	O	O	_	_	_	_	_	_
immédiatemenl	O	O	O	O	O	O	_	_	_	_	_	_
à	O	O	O	O	O	O	_	_	_	_	_	_
la	O	O	O	O	O	O	_	_	_	_	_	_
Haye	O	O	O	O	O	O	_	_	NoSpaceAfter	_	_	_
,	O	O	O	O	O	O	_	_	_	_	_	_
M	O	O	O	O	O	O	_	_	NoSpaceAfter	_	_	_
.	O	O	O	O	O	O	_	_	EndOfLine	_	_	_
# segment_iiif_link = https://impresso-project.ch/api/proxy/iiif/IMP-1899-06-23-a-p0004/978,2292,422,52/full/0/default.jpg
Bourgeois	O	O	O	O	O	O	_	_	_	_	_	_
s	O	O	O	O	O	O	_	_	NoSpaceAfter	_	_	_
'	O	O	O	O	O	O	_	_	NoSpaceAfter	_	_	_
est	O	O	O	O	O	O	_	_	_	_	_	_
décidé	O	O	O	O	O	O	_	_	_	_	_	_
à	O	O	O	O	O	O	_	_	_	_	_	_
rester	O	O	O	O	O	O	_	_	_	_	_	_
à	O	O	O	O	O	O	_	_	_	_	_	_
Paris	O	O	O	O	O	O	_	_	_	_	_	_
jusqu	O	O	O	O	O	O	_	_	NoSpaceAfter	_	_	_
'	O	O	O	O	O	O	_	_	NoSpaceAfter	_	_	_
à	O	O	O	O	O	O	_	_	_	_	_	_
la	O	O	O	O	O	O	_	_	EndOfLine	_	_	_
# segment_iiif_link = https://impresso-project.ch/api/proxy/iiif/IMP-1899-06-23-a-p0004/978,2313,422,52/full/0/default.jpg
constitution	O	O	O	O	O	O	_	_	_	_	_	_
du	O	O	O	O	O	O	_	_	_	_	_	_
nouveau	O	O	O	O	O	O	_	_	_	_	_	_
cabinet	O	O	O	O	O	O	_	_	NoSpaceAfter	_	_	_
,	O	O	O	O	O	O	_	_	_	_	_	_
afin	O	O	O	O	O	O	_	_	_	_	_	_
de	O	O	O	O	O	O	_	_	EndOfLine	_	_	_
# segment_iiif_link = https://impresso-project.ch/api/proxy/iiif/IMP-1899-06-23-a-p0004/977,2334,423,52/full/0/default.jpg
faciliter	O	O	O	O	O	O	_	_	_	_	_	_
les	O	O	O	O	O	O	_	_	_	_	_	_
négociations	O	O	O	O	O	O	_	_	_	_	_	_
du	O	O	O	O	O	O	_	_	_	_	_	_
personnage	O	O	O	O	O	O	_	_	_	_	_	_
qui	O	O	O	O	O	O	_	_	_	_	_	_
sera	O	O	O	O	O	O	_	_	EndOfLine	_	_	_
# segment_iiif_link = https://impresso-project.ch/api/proxy/iiif/IMP-1899-06-23-a-p0004/977,2355,222,52/full/0/default.jpg
chargé	O	O	O	O	O	O	_	_	_	_	_	_
de	O	O	O	O	O	O	_	_	_	_	_	_
cetle	O	O	O	O	O	O	_	_	_	_	_	_
mission	O	O	O	O	O	O	_	_	NoSpaceAfter	_	_	_
.	O	O	O	O	O	O	_	_	EndOfLine	EndOfSentence	_	_
# segment_iiif_link = https://impresso-project.ch/api/proxy/iiif/IMP-1899-06-23-a-p0004/998,2378,401,53/full/0/default.jpg
Paris	O	O	O	O	O	O	_	_	NoSpaceAfter	_	_	_
,	O	O	O	O	O	O	_	_	_	_	_	_
22	O	O	O	O	O	O	_	_	_	_	_	_
juin	O	O	O	O	O	O	_	_	NoSpaceAfter	_	_	_
.	O	O	O	O	O	O	_	_	_	EndOfSentence	_	_
—	O	O	O	O	O	O	_	_	_	_	_	_
Les	O	O	O	O	O	O	_	_	_	_	_	_
journaux	O	O	O	O	O	O	_	_	_	_	_	_
de	O	O	O	O	O	O	_	_	_	_	_	_
ce	O	O	O	O	O	O	_	_	EndOfLine	_	_	_
# segment_iiif_link = https://impresso-project.ch/api/proxy/iiif/IMP-1899-06-23-a-p0004/978,2400,422,52/full/0/default.jpg
matin	O	O	O	O	O	O	_	_	_	_	_	_
confirment	O	O	O	O	O	O	_	_	_	_	_	_
que	O	O	O	O	O	O	_	_	_	_	_	_
M	O	O	O	O	O	O	_	_	NoSpaceAfter	_	_	_
.	O	O	O	O	O	O	_	_	_	_	_	_
Waldeck	O	O	O	O	O	O	_	_	NoSpaceAfter	_	_	_
-	O	O	O	O	O	O	_	_	NoSpaceAfter	_	_	_
Rousseau	O	O	O	O	O	O	_	_	EndOfLine	_	_	_
# segment_iiif_link = https://impresso-project.ch/api/proxy/iiif/IMP-1899-06-23-a-p0004/977,2421,420,53/full/0/default.jpg
acceptera	O	O	O	O	O	O	_	_	_	_	_	_
de	O	O	O	O	O	O	_	_	_	_	_	_
former	O	O	O	O	O	O	_	_	_	_	_	_
le	O	O	O	O	O	O	_	_	_	_	_	_
cabinet	O	O	O	O	O	O	_	_	_	_	_	_
;	O	O	O	O	O	O	_	_	_	_	_	_
ils	O	O	O	O	O	O	_	_	_	_	_	_
prévoient	O	O	O	O	O	O	_	_	EndOfLine	_	_	_
# segment_iiif_link = https://impresso-project.ch/api/proxy/iiif/IMP-1899-06-23-a-p0004/977,2443,423,51/full/0/default.jpg
qu	O	O	O	O	O	O	_	_	NoSpaceAfter	_	_	_
'	O	O	O	O	O	O	_	_	NoSpaceAfter	_	_	_
il	O	O	O	O	O	O	_	_	_	_	_	_
sera	O	O	O	O	O	O	_	_	_	_	_	_
formé	O	O	O	O	O	O	_	_	_	_	_	_
dans	O	O	O	O	O	O	_	_	_	_	_	_
la	O	O	O	O	O	O	_	_	_	_	_	_
soirée	O	O	O	O	O	O	_	_	NoSpaceAfter	_	_	_
.	O	O	O	O	O	O	_	_	_	EndOfSentence	_	_
On	O	O	O	O	O	O	_	_	_	_	_	_
ignore	O	O	O	O	O	O	_	_	_	_	_	_
les	O	O	O	O	O	O	_	_	EndOfLine	_	_	_
# segment_iiif_link = https://impresso-project.ch/api/proxy/iiif/IMP-1899-06-23-a-p0004/976,2464,246,52/full/0/default.jpg
noms	O	O	O	O	O	O	_	_	_	_	_	_
des	O	O	O	O	O	O	_	_	_	_	_	_
futurs	O	O	O	O	O	O	_	_	_	_	_	_
ministres	O	O	O	O	O	O	_	_	NoSpaceAfter	_	_	_
.	O	O	O	O	O	O	_	_	EndOfLine	EndOfSentence	_	_
# segment_iiif_link = https://impresso-project.ch/api/proxy/iiif/IMP-1899-06-23-a-p0004/997,2485,402,52/full/0/default.jpg
Le	O	O	O	O	O	O	_	_	_	_	_	_
Gaulois	O	O	O	O	O	O	_	_	_	_	_	_
assure	O	O	O	O	O	O	_	_	_	_	_	_
que	O	O	O	O	O	O	_	_	_	_	_	_
M	O	O	O	O	O	O	_	_	NoSpaceAfter	_	_	_
.	O	O	O	O	O	O	_	_	EndOfLine	_	_	_
# segment_iiif_link = https://impresso-project.ch/api/proxy/iiif/IMP-1899-06-23-a-p0004/975,2506,425,52/full/0/default.jpg
Waldeck	O	O	O	O	O	O	_	_	NoSpaceAfter	_	_	_
-	O	O	O	O	O	O	_	_	NoSpaceAfter	_	_	_
Rousseau	O	O	O	O	O	O	_	_	_	_	_	_
prendrait	O	O	O	O	O	O	_	_	_	_	_	_
le	O	O	O	O	O	O	_	_	_	_	_	_
portefeuille	O	O	O	O	O	O	_	_	_	_	_	_
de	O	O	O	O	O	O	_	_	_	_	_	_
la	O	O	O	O	O	O	_	_	_	_	_	_
guerre	O	O	O	O	O	O	_	_	NoSpaceAfter	_	_	_
,	O	O	O	O	O	O	_	_	EndOfLine	_	_	_
# segment_iiif_link = https://impresso-project.ch/api/proxy/iiif/IMP-1899-06-23-a-p0004/976,2527,424,52/full/0/default.jpg
avec	O	O	O	O	O	O	_	_	_	_	_	_
le	O	O	O	O	O	O	_	_	_	_	_	_
général	O	O	O	O	O	O	_	_	_	_	_	_
de	O	O	O	O	O	O	_	_	_	_	_	_
Galliifet	O	O	O	O	O	O	_	_	_	_	_	_
comme	O	O	O	O	O	O	_	_	_	_	_	_
chef	O	O	O	O	O	O	_	_	_	_	_	_
de	O	O	O	O	O	O	_	_	EndOfLine	_	_	_
# segment_iiif_link = https://impresso-project.ch/api/proxy/iiif/IMP-1899-06-23-a-p0004/975,2549,52,52/full/0/default.jpg
cabinet	O	O	O	O	O	O	_	_	NoSpaceAfter	_	_	_
.	O	O	O	O	O	O	_	_	EndOfLine	EndOfSentence	_	_
# segment_iiif_link = https://impresso-project.ch/api/proxy/iiif/IMP-1899-06-23-a-p0004/996,2570,402,52/full/0/default.jpg
Les	O	O	O	O	O	O	_	_	_	_	_	_
radicaux	O	O	O	O	O	O	_	_	_	_	_	_
et	O	O	O	O	O	O	_	_	_	_	_	_
les	O	O	O	O	O	O	_	_	_	_	_	_
socialistes	O	O	O	O	O	O	_	_	_	_	_	_
blâment	O	O	O	O	O	O	_	_	_	_	_	_
M	O	O	O	O	O	O	_	_	NoSpaceAfter	_	_	_
.	O	O	O	O	O	O	_	_	EndOfLine	_	_	_
# segment_iiif_link = https://impresso-project.ch/api/proxy/iiif/IMP-1899-06-23-a-p0004/975,2591,422,52/full/0/default.jpg
Bourgeois	O	O	O	O	O	O	_	_	_	_	_	_
de	O	O	O	O	O	O	_	_	_	_	_	_
ne	O	O	O	O	O	O	_	_	_	_	_	_
pas	O	O	O	O	O	O	_	_	_	_	_	_
avoir	O	O	O	O	O	O	_	_	_	_	_	_
accepté	O	O	O	O	O	O	_	_	_	_	_	_
de	O	O	O	O	O	O	_	_	_	_	_	_
former	O	O	O	O	O	O	_	_	EndOfLine	_	_	_
# segment_iiif_link = https://impresso-project.ch/api/proxy/iiif/IMP-1899-06-23-a-p0004/975,2612,202,52/full/0/default.jpg
le	O	O	O	O	O	O	_	_	_	_	_	_
nouveau	O	O	O	O	O	O	_	_	_	_	_	_
ministère	O	O	O	O	O	O	_	_	NoSpaceAfter	_	_	_
.	O	O	O	O	O	O	_	_	EndOfLine	EndOfSentence	_	_
# segment_iiif_link = https://impresso-project.ch/api/proxy/iiif/IMP-1899-06-23-a-p0004/997,2638,401,53/full/0/default.jpg
Londres	O	O	O	O	O	O	_	_	NoSpaceAfter	_	_	_
,	O	O	O	O	O	O	_	_	_	_	_	_
22	O	O	O	O	O	O	_	_	_	_	_	_
juin	O	O	O	O	O	O	_	_	NoSpaceAfter	_	_	_
.	O	O	O	O	O	O	_	_	_	EndOfSentence	_	_
—	O	O	O	O	O	O	_	_	_	_	_	_
Dans	O	O	O	O	O	O	_	_	_	_	_	_
un	O	O	O	O	O	O	_	_	_	_	_	_
discours	O	O	O	O	O	O	_	_	NoSpaceAfter	_	_	_
,	O	O	O	O	O	O	_	_	_	_	_	_
M	O	O	O	O	O	O	_	_	NoSpaceAfter	_	_	_
.	O	O	O	O	O	O	_	_	EndOfLine	_	_	_
# segment_iiif_link = https://impresso-project.ch/api/proxy/iiif/IMP-1899-06-23-a-p0004/974,2659,425,52/full/0/default.jpg
Ritchie	O	O	O	O	O	O	_	_	NoSpaceAfter	_	_	_
,	O	O	O	O	O	O	_	_	_	_	_	_
ministre	O	O	O	O	O	O	_	_	_	_	_	_
du	O	O	O	O	O	O	_	_	_	_	_	_
commerce	O	O	O	O	O	O	_	_	NoSpaceAfter	_	_	_
,	O	O	O	O	O	O	_	_	_	_	_	_
à	O	O	O	O	O	O	_	_	_	_	_	_
dit	O	O	O	O	O	O	_	_	_	_	_	_
que	O	O	O	O	O	O	_	_	EndOfLine	_	_	_
# segment_iiif_link = https://impresso-project.ch/api/proxy/iiif/IMP-1899-06-23-a-p0004/973,2681,425,52/full/0/default.jpg
l	O	O	O	O	O	O	_	_	NoSpaceAfter	_	_	_
'	O	O	O	O	O	O	_	_	NoSpaceAfter	_	_	_
Angleterre	O	O	O	O	O	O	_	_	_	_	_	_
n	O	O	O	O	O	O	_	_	NoSpaceAfter	_	_	_
'	O	O	O	O	O	O	_	_	NoSpaceAfter	_	_	_
a	O	O	O	O	O	O	_	_	_	_	_	_
nullement	O	O	O	O	O	O	_	_	_	_	_	_
l	O	O	O	O	O	O	_	_	NoSpaceAfter	_	_	_
'	O	O	O	O	O	O	_	_	NoSpaceAfter	_	_	_
intention	O	O	O	O	O	O	_	_	EndOfLine	_	_	_
# segment_iiif_link = https://impresso-project.ch/api/proxy/iiif/IMP-1899-06-23-a-p0004/1429,133,429,52/full/0/default.jpg
d	O	O	O	O	O	O	_	_	NoSpaceAfter	_	_	_
'	O	O	O	O	O	O	_	_	NoSpaceAfter	_	_	_
attenter	O	O	O	O	O	O	_	_	_	_	_	_
à	O	O	O	O	O	O	_	_	_	_	_	_
l	O	O	O	O	O	O	_	_	NoSpaceAfter	_	_	_
'	O	O	O	O	O	O	_	_	NoSpaceAfter	_	_	_
indépendance	O	O	O	O	O	O	_	_	_	_	_	_
du	O	O	O	O	O	O	_	_	_	_	_	_
Transvaal	O	O	O	O	O	O	_	_	NoSpaceAfter	_	_	_
,	O	O	O	O	O	O	_	_	_	_	_	_
mais	O	O	O	O	O	O	_	_	_	_	_	_
de	O	O	O	O	O	O	_	_	EndOfLine	_	_	_
# segment_iiif_link = https://impresso-project.ch/api/proxy/iiif/IMP-1899-06-23-a-p0004/1429,154,331,52/full/0/default.jpg
défendre	O	O	O	O	O	O	_	_	_	_	_	_
les	O	O	O	O	O	O	_	_	_	_	_	_
intérêts	O	O	O	O	O	O	_	_	_	_	_	_
des	O	O	O	O	O	O	_	_	_	_	_	_
Uitlanders	O	O	O	O	O	O	_	_	NoSpaceAfter	_	_	_
.	O	O	O	O	O	O	_	_	EndOfLine	EndOfSentence	_	_
# segment_iiif_link = https://impresso-project.ch/api/proxy/iiif/IMP-1899-06-23-a-p0004/1451,175,408,52/full/0/default.jpg
Le	O	O	O	O	O	O	_	_	_	_	_	_
Daily	O	O	O	O	O	O	_	_	_	_	_	_
Mail	O	O	O	O	O	O	_	_	_	_	_	_
dit	O	O	O	O	O	O	_	_	_	_	_	_
que	O	O	O	O	O	O	_	_	_	_	_	_
le	O	O	O	O	O	O	_	_	_	_	_	_
gouvernement	O	O	O	O	O	O	_	_	EndOfLine	_	_	_
# segment_iiif_link = https://impresso-project.ch/api/proxy/iiif/IMP-1899-06-23-a-p0004/1429,195,428,54/full/0/default.jpg
tannique	O	O	O	O	O	O	_	_	_	_	_	_
a	O	O	O	O	O	O	_	_	_	_	_	_
décidé	O	O	O	O	O	O	_	_	_	_	_	_
virtuellement	O	O	O	O	O	O	_	_	_	_	_	_
de	O	O	O	O	O	O	_	_	_	_	_	_
porter	O	O	O	O	O	O	_	_	_	_	_	_
à	O	O	O	O	O	O	_	_	EndOfLine	_	_	_
# segment_iiif_link = https://impresso-project.ch/api/proxy/iiif/IMP-1899-06-23-a-p0004/1429,216,428,52/full/0/default.jpg
42,000	O	O	O	O	O	O	_	_	_	_	_	_
hommes	O	O	O	O	O	O	_	_	_	_	_	_
la	O	O	O	O	O	O	_	_	_	_	_	_
garnison	O	O	O	O	O	O	_	_	_	_	_	_
de	O	O	O	O	O	O	_	_	_	_	_	_
la	O	O	O	O	O	O	_	_	_	_	_	_
colonie	O	O	O	O	O	O	_	_	_	_	_	_
du	O	O	O	O	O	O	_	_	EndOfLine	_	_	_
# segment_iiif_link = https://impresso-project.ch/api/proxy/iiif/IMP-1899-06-23-a-p0004/1429,238,429,52/full/0/default.jpg
Cap	O	O	O	O	O	O	_	_	NoSpaceAfter	_	_	_
.	O	O	O	O	O	O	_	_	_	EndOfSentence	_	_
L	O	O	O	O	O	O	_	_	NoSpaceAfter	_	_	_
'	O	O	O	O	O	O	_	_	NoSpaceAfter	_	_	_
armée	O	O	O	O	O	O	_	_	_	_	_	_
des	O	O	O	O	O	O	_	_	_	_	_	_
Indes	O	O	O	O	O	O	_	_	_	_	_	_
fournirait	O	O	O	O	O	O	_	_	_	_	_	_
15,000	O	O	O	O	O	O	_	_	EndOfLine	_	_	_
# segment_iiif_link = https://impresso-project.ch/api/proxy/iiif/IMP-1899-06-23-a-p0004/1429,259,83,52/full/0/default.jpg
hommes	O	O	O	O	O	O	_	_	NoSpaceAfter	_	_	_
.	O	O	O	O	O	O	_	_	EndOfLine	EndOfSentence	_	_
# segment_iiif_link = https://impresso-project.ch/api/proxy/iiif/IMP-1899-06-23-a-p0004/1451,284,405,53/full/0/default.jpg
Paris	O	O	O	O	O	O	_	_	NoSpaceAfter	_	_	_
,	O	O	O	O	O	O	_	_	_	_	_	_
22	O	O	O	O	O	O	_	_	_	_	_	_
juin	O	O	O	O	O	O	_	_	NoSpaceAfter	_	_	_
.	O	O	O	O	O	O	_	_	_	EndOfSentence	_	_
—	O	O	O	O	O	O	_	_	_	_	_	_
Le	O	O	O	O	O	O	_	_	_	_	_	_
Journal	O	O	O	O	O	O	_	_	_	_	_	_
officiel	O	O	O	O	O	O	_	_	_	_	_	_
publie	O	O	O	O	O	O	_	_	EndOfLine	_	_	_
# segment_iiif_link = https://impresso-project.ch/api/proxy/iiif/IMP-1899-06-23-a-p0004/1430,306,425,52/full/0/default.jpg
une	O	O	O	O	O	O	_	_	_	_	_	_
décision	O	O	O	O	O	O	_	_	_	_	_	_
du	O	O	O	O	O	O	_	_	_	_	_	_
minisire	O	O	O	O	O	O	_	_	_	_	_	_
de	O	O	O	O	O	O	_	_	_	_	_	_
la	O	O	O	O	O	O	_	_	_	_	_	_
marine	O	O	O	O	O	O	_	_	NoSpaceAfter	_	_	_
,	O	O	O	O	O	O	_	_	_	_	_	_
_	O	O	O	O	O	O	_	_	NoSpaceAfter	_	_	_
disanl	O	O	O	O	O	O	_	_	EndOfLine	_	_	_
# segment_iiif_link = https://impresso-project.ch/api/proxy/iiif/IMP-1899-06-23-a-p0004/1430,328,427,52/full/0/default.jpg
que	O	O	O	O	O	O	_	_	_	_	_	_
le	O	O	O	O	O	O	_	_	_	_	_	_
général	O	O	O	O	O	O	_	_	_	_	_	_
de	O	O	O	O	O	O	_	_	_	_	_	_
brigade	O	O	O	O	O	O	_	_	_	_	_	_
de	O	O	O	O	O	O	_	_	_	_	_	_
l	O	O	O	O	O	O	_	_	NoSpaceAfter	_	_	_
'	O	O	O	O	O	O	_	_	NoSpaceAfter	_	_	_
artillerie	O	O	O	O	O	O	_	_	_	_	_	_
de	O	O	O	O	O	O	_	_	EndOfLine	_	_	_
# segment_iiif_link = https://impresso-project.ch/api/proxy/iiif/IMP-1899-06-23-a-p0004/1430,348,426,53/full/0/default.jpg
marine	O	O	O	O	O	O	_	_	NoSpaceAfter	_	_	_
,	O	O	O	O	O	O	_	_	_	_	_	_
de	O	O	O	O	O	O	_	_	_	_	_	_
la	O	O	O	O	O	O	_	_	_	_	_	_
Roque	O	O	O	O	O	O	_	_	NoSpaceAfter	_	_	_
,	O	O	O	O	O	O	_	_	_	_	_	_
gardera	O	O	O	O	O	O	_	_	_	_	_	_
les	O	O	O	O	O	O	_	_	_	_	_	_
arrêls	O	O	O	O	O	O	_	_	_	_	_	_
de	O	O	O	O	O	O	_	_	EndOfLine	_	_	_
# segment_iiif_link = https://impresso-project.ch/api/proxy/iiif/IMP-1899-06-23-a-p0004/1430,370,426,52/full/0/default.jpg
rigueur	O	O	O	O	O	O	_	_	_	_	_	_
jusqu	O	O	O	O	O	O	_	_	NoSpaceAfter	_	_	_
'	O	O	O	O	O	O	_	_	NoSpaceAfter	_	_	_
à	O	O	O	O	O	O	_	_	_	_	_	_
nouvel	O	O	O	O	O	O	_	_	_	_	_	_
ordre	O	O	O	O	O	O	_	_	_	_	_	_
en	O	O	O	O	O	O	_	_	_	_	_	_
raison	O	O	O	O	O	O	_	_	_	_	_	_
de	O	O	O	O	O	O	_	_	_	_	_	_
son	O	O	O	O	O	O	_	_	EndOfLine	_	_	_
# segment_iiif_link = https://impresso-project.ch/api/proxy/iiif/IMP-1899-06-23-a-p0004/1430,391,199,52/full/0/default.jpg
attitude	O	O	O	O	O	O	_	_	_	_	_	_
indisciplinée	O	O	O	O	O	O	_	_	NoSpaceAfter	_	_	_
.	O	O	O	O	O	O	_	_	EndOfLine	EndOfSentence	_	_
# segment_iiif_link = https://impresso-project.ch/api/proxy/iiif/IMP-1899-06-23-a-p0004/1452,417,404,52/full/0/default.jpg
Paris	O	O	O	O	O	O	_	_	NoSpaceAfter	_	_	_
,	O	O	O	O	O	O	_	_	_	_	_	_
22	O	O	O	O	O	O	_	_	_	_	_	_
juin	O	O	O	O	O	O	_	_	NoSpaceAfter	_	_	_
.	O	O	O	O	O	O	_	_	_	EndOfSentence	_	_
—	O	O	O	O	O	O	_	_	_	_	_	_
Un	O	O	O	O	O	O	_	_	_	_	_	_
journal	O	O	O	O	O	O	_	_	_	_	_	_
du	O	O	O	O	O	O	_	_	_	_	_	_
soir	O	O	O	O	O	O	_	_	EndOfLine	_	_	_
# segment_iiif_link = https://impresso-project.ch/api/proxy/iiif/IMP-1899-06-23-a-p0004/1429,439,425,52/full/0/default.jpg
annonce	O	O	O	O	O	O	_	_	_	_	_	_
que	O	O	O	O	O	O	_	_	_	_	_	_
M	O	O	O	O	O	O	_	_	NoSpaceAfter	_	_	_
.	O	O	O	O	O	O	_	_	_	_	_	_
Lockroy	O	O	O	O	O	O	_	_	_	_	_	_
a	O	O	O	O	O	O	_	_	_	_	_	_
l	O	O	O	O	O	O	_	_	NoSpaceAfter	_	_	_
'	O	O	O	O	O	O	_	_	NoSpaceAfter	_	_	_
intention	O	O	O	O	O	O	_	_	_	_	_	_
de	O	O	O	O	O	O	_	_	_	_	_	_
mettre	O	O	O	O	O	O	_	_	EndOfLine	_	_	_
# segment_iiif_link = https://impresso-project.ch/api/proxy/iiif/IMP-1899-06-23-a-p0004/1430,460,422,52/full/0/default.jpg
à	O	O	O	O	O	O	_	_	_	_	_	_
la	O	O	O	O	O	O	_	_	_	_	_	_
retraite	O	O	O	O	O	O	_	_	_	_	_	_
le	O	O	O	O	O	O	_	_	_	_	_	_
général	O	O	O	O	O	O	_	_	_	_	_	_
cle	O	O	O	O	O	O	_	_	_	_	_	_
la	O	O	O	O	O	O	_	_	_	_	_	_
Roque	O	O	O	O	O	O	_	_	NoSpaceAfter	_	_	_
,	O	O	O	O	O	O	_	_	_	_	_	_
directeur	O	O	O	O	O	O	_	_	EndOfLine	_	_	_
# segment_iiif_link = https://impresso-project.ch/api/proxy/iiif/IMP-1899-06-23-a-p0004/1430,481,426,52/full/0/default.jpg
de	O	O	O	O	O	O	_	_	_	_	_	_
l	O	O	O	O	O	O	_	_	NoSpaceAfter	_	_	_
'	O	O	O	O	O	O	_	_	NoSpaceAfter	_	_	_
artillerie	O	O	O	O	O	O	_	_	_	_	_	_
au	O	O	O	O	O	O	_	_	_	_	_	_
ministère	O	O	O	O	O	O	_	_	_	_	_	_
de	O	O	O	O	O	O	_	_	_	_	_	_
la	O	O	O	O	O	O	_	_	_	_	_	_
marine	O	O	O	O	O	O	_	_	NoSpaceAfter	_	_	_
,	O	O	O	O	O	O	_	_	_	_	_	_
et	O	O	O	O	O	O	_	_	EndOfLine	_	_	_
# segment_iiif_link = https://impresso-project.ch/api/proxy/iiif/IMP-1899-06-23-a-p0004/1430,503,427,52/full/0/default.jpg
publie	O	O	O	O	O	O	_	_	_	_	_	_
une	O	O	O	O	O	O	_	_	_	_	_	_
lettre	O	O	O	O	O	O	_	_	_	_	_	_
de	O	O	O	O	O	O	_	_	_	_	_	_
protestation	O	O	O	O	O	O	_	_	_	_	_	_
de	O	O	O	O	O	O	_	_	_	_	_	_
ce	O	O	O	O	O	O	_	_	EndOfLine	_	_	_
# segment_iiif_link = https://impresso-project.ch/api/proxy/iiif/IMP-1899-06-23-a-p0004/1430,524,229,52/full/0/default.jpg
dernier	O	O	O	O	O	O	_	_	_	_	_	_
contre	O	O	O	O	O	O	_	_	_	_	_	_
celte	O	O	O	O	O	O	_	_	_	_	_	_
mesure	O	O	O	O	O	O	_	_	NoSpaceAfter	_	_	_
.	O	O	O	O	O	O	_	_	EndOfLine	EndOfSentence	_	_
# segment_iiif_link = https://impresso-project.ch/api/proxy/iiif/IMP-1899-06-23-a-p0004/1451,550,407,52/full/0/default.jpg
Le	O	O	O	O	O	O	_	_	_	_	_	_
ministre	O	O	O	O	O	O	_	_	_	_	_	_
de	O	O	O	O	O	O	_	_	_	_	_	_
la	O	O	O	O	O	O	_	_	_	_	_	_
marine	O	O	O	O	O	O	_	_	_	_	_	_
a	O	O	O	O	O	O	_	_	_	_	_	_
décidé	O	O	O	O	O	O	_	_	_	_	_	_
que	O	O	O	O	O	O	_	_	_	_	_	_
le	O	O	O	O	O	O	_	_	EndOfLine	_	_	_
# segment_iiif_link = https://impresso-project.ch/api/proxy/iiif/IMP-1899-06-23-a-p0004/1430,571,429,52/full/0/default.jpg
général	O	O	O	O	O	O	_	_	_	_	_	_
de	O	O	O	O	O	O	_	_	_	_	_	_
la	O	O	O	O	O	O	_	_	_	_	_	_
Roque	O	O	O	O	O	O	_	_	_	_	_	_
gardera	O	O	O	O	O	O	_	_	_	_	_	_
les	O	O	O	O	O	O	_	_	_	_	_	_
arrêts	O	O	O	O	O	O	_	_	_	_	_	_
de	O	O	O	O	O	O	_	_	EndOfLine	_	_	_
# segment_iiif_link = https://impresso-project.ch/api/proxy/iiif/IMP-1899-06-23-a-p0004/1431,592,256,52/full/0/default.jpg
rigueur	O	O	O	O	O	O	_	_	_	_	_	_
jusqu	O	O	O	O	O	O	_	_	NoSpaceAfter	_	_	_
'	O	O	O	O	O	O	_	_	NoSpaceAfter	_	_	_
à	O	O	O	O	O	O	_	_	_	_	_	_
nouvel	O	O	O	O	O	O	_	_	_	_	_	_
ordre	O	O	O	O	O	O	_	_	NoSpaceAfter	_	_	_
.	O	O	O	O	O	O	_	_	EndOfLine	EndOfSentence	_	_

# language = fr
# newspaper = IMP
# date = 1900-05-11
# document_id = IMP-1900-05-11-a-i0024
# news-agency-as-source = _
# segment_iiif_link = https://impresso-project.ch/api/proxy/iiif/IMP-1900-05-11-a-p0003/1546,500,330,58/full/0/default.jpg
Examens	O	O	O	O	O	O	_	_	_	_	_	_
professionnels	O	O	O	O	O	O	_	_	_	_	_	_
d	O	O	O	O	O	O	_	_	NoSpaceAfter	_	_	_
'	O	O	O	O	O	O	_	_	NoSpaceAfter	_	_	_
apprentis	O	O	O	O	O	O	_	_	EndOfLine	_	_	_
# segment_iiif_link = https://impresso-project.ch/api/proxy/iiif/IMP-1900-05-11-a-p0003/1520,550,396,50/full/0/default.jpg
Le	O	O	O	O	O	O	_	_	_	_	_	_
programme	O	O	O	O	O	O	_	_	_	_	_	_
général	O	O	O	O	O	O	_	_	_	_	_	_
des	O	O	O	O	O	O	_	_	_	_	_	_
examens	O	O	O	O	O	O	_	_	_	_	_	_
d	O	O	O	O	O	O	_	_	NoSpaceAfter	_	_	_
'	O	O	O	O	O	O	_	_	NoSpaceAfter	_	_	_
ap	O	O	O	O	O	O	_	_	EndOfLine	_	_	_
# segment_iiif_link = https://impresso-project.ch/api/proxy/iiif/IMP-1900-05-11-a-p0003/1499,572,416,49/full/0/default.jpg
prentis	O	O	O	O	O	O	_	_	NoSpaceAfter	_	_	_
,	O	O	O	O	O	O	_	_	_	_	_	_
qui	O	O	O	O	O	O	_	_	_	_	_	_
est	O	O	O	O	O	O	_	_	_	_	_	_
en	O	O	O	O	O	O	_	_	_	_	_	_
préparation	O	O	O	O	O	O	_	_	NoSpaceAfter	_	_	_
,	O	O	O	O	O	O	_	_	_	_	_	_
indique	O	O	O	O	O	O	_	_	_	_	_	_
com	O	O	O	O	O	O	_	_	EndOfLine	_	_	_
# segment_iiif_link = https://impresso-project.ch/api/proxy/iiif/IMP-1900-05-11-a-p0003/1499,593,420,50/full/0/default.jpg
me	O	O	O	O	O	O	_	_	_	_	_	_
suit	O	O	O	O	O	O	_	_	_	_	_	_
les	O	O	O	O	O	O	_	_	_	_	_	_
dates	O	O	O	O	O	O	_	_	_	_	_	_
sur	O	O	O	O	O	O	_	_	_	_	_	_
lesquelles	O	O	O	O	O	O	_	_	_	_	_	_
sont	O	O	O	O	O	O	_	_	_	_	_	_
fixés	O	O	O	O	O	O	_	_	_	_	_	_
ce	O	O	O	O	O	O	_	_	EndOfLine	_	_	_
# segment_iiif_link = https://impresso-project.ch/api/proxy/iiif/IMP-1900-05-11-a-p0003/1498,614,418,49/full/0/default.jpg
examens	O	O	O	O	O	O	_	_	_	_	_	_
selon	O	O	O	O	O	O	_	_	_	_	_	_
les	O	O	O	O	O	O	_	_	_	_	_	_
métiers	O	O	O	O	O	O	_	_	NoSpaceAfter	_	_	_
.	O	O	O	O	O	O	_	_	_	EndOfSentence	_	_
Vu	O	O	O	O	O	O	_	_	_	_	_	_
les	O	O	O	O	O	O	_	_	_	_	_	_
modification	O	O	O	O	O	O	_	_	_	_	_	_
*	O	O	O	O	O	O	_	_	EndOfLine	_	_	_
# segment_iiif_link = https://impresso-project.ch/api/proxy/iiif/IMP-1900-05-11-a-p0003/1498,636,419,49/full/0/default.jpg
possibles	O	O	O	O	O	O	_	_	NoSpaceAfter	_	_	_
,	O	O	O	O	O	O	_	_	_	_	_	_
les	O	O	O	O	O	O	_	_	_	_	_	_
intéressés	O	O	O	O	O	O	_	_	_	_	_	_
devront	O	O	O	O	O	O	_	_	_	_	_	_
toutefois	O	O	O	O	O	O	_	_	_	_	_	_
s	O	O	O	O	O	O	_	_	NoSpaceAfter	_	_	_
'	O	O	O	O	O	O	_	_	NoSpaceAfter	_	_	_
ei	O	O	O	O	O	O	_	_	EndOfLine	_	_	_
# segment_iiif_link = https://impresso-project.ch/api/proxy/iiif/IMP-1900-05-11-a-p0003/1498,657,416,49/full/0/default.jpg
tenir	O	O	O	O	O	O	_	_	_	_	_	_
au	O	O	O	O	O	O	_	_	_	_	_	_
texte	O	O	O	O	O	O	_	_	_	_	_	_
définitif	O	O	O	O	O	O	_	_	_	_	_	_
du	O	O	O	O	O	O	_	_	_	_	_	_
programme	O	O	O	O	O	O	_	_	_	_	_	_
;	O	O	O	O	O	O	_	_	_	_	_	_
celui	O	O	O	O	O	O	_	_	EndOfLine	_	_	_
# segment_iiif_link = https://impresso-project.ch/api/proxy/iiif/IMP-1900-05-11-a-p0003/1498,678,333,49/full/0/default.jpg
ci	O	O	O	O	O	O	_	_	_	_	_	_
leur	O	O	O	O	O	O	_	_	_	_	_	_
sera	O	O	O	O	O	O	_	_	_	_	_	_
expédié	O	O	O	O	O	O	_	_	_	_	_	_
assez	O	O	O	O	O	O	_	_	_	_	_	_
à	O	O	O	O	O	O	_	_	_	_	_	_
l	O	O	O	O	O	O	_	_	NoSpaceAfter	_	_	_
'	O	O	O	O	O	O	_	_	NoSpaceAfter	_	_	_
avance	O	O	O	O	O	O	_	_	NoSpaceAfter	_	_	_
.	O	O	O	O	O	O	_	_	EndOfLine	EndOfSentence	_	_
# segment_iiif_link = https://impresso-project.ch/api/proxy/iiif/IMP-1900-05-11-a-p0003/1520,700,395,49/full/0/default.jpg
1	O	O	O	O	O	O	_	_	NoSpaceAfter	_	_	_
.	O	O	O	O	O	O	_	_	_	_	_	_
Aiguilles	O	O	O	O	O	O	_	_	NoSpaceAfter	_	_	_
,	O	O	O	O	O	O	_	_	_	_	_	_
à	O	O	O	O	O	O	_	_	_	_	_	_
la	O	O	O	O	O	O	_	_	_	_	_	_
Chaux	O	O	O	O	O	O	_	_	NoSpaceAfter	_	_	_
-	O	O	O	O	O	O	_	_	NoSpaceAfter	_	_	_
de	O	O	O	O	O	O	_	_	NoSpaceAfter	_	_	_
-	O	O	O	O	O	O	_	_	NoSpaceAfter	_	_	_
Fonds	O	O	O	O	O	O	_	_	NoSpaceAfter	_	_	_
.	O	O	O	O	O	O	_	_	_	EndOfSentence	_	_
samed	O	O	O	O	O	O	_	_	EndOfLine	_	_	_
# segment_iiif_link = https://impresso-project.ch/api/proxy/iiif/IMP-1900-05-11-a-p0003/1497,721,426,49/full/0/default.jpg
9	O	O	O	O	O	O	_	_	_	_	_	_
juin	O	O	O	O	O	O	_	_	NoSpaceAfter	_	_	_
.	O	O	O	O	O	O	_	_	_	EndOfSentence	_	_
—	O	O	O	O	O	O	_	_	_	_	_	_
2	O	O	O	O	O	O	_	_	NoSpaceAfter	_	_	_
.	O	O	O	O	O	O	_	_	_	_	_	_
Cadrans	O	O	O	O	O	O	_	_	NoSpaceAfter	_	_	_
,	O	O	O	O	O	O	_	_	_	_	_	_
au	O	O	O	O	O	O	_	_	_	_	_	_
Locle	O	O	O	O	O	O	_	_	NoSpaceAfter	_	_	_
,	O	O	O	O	O	O	_	_	_	_	_	_
le	O	O	O	O	O	O	_	_	_	_	_	_
lundi	O	O	O	O	O	O	_	_	_	_	_	_
¦	O	O	O	O	O	O	_	_	EndOfLine	_	_	_
# segment_iiif_link = https://impresso-project.ch/api/proxy/iiif/IMP-1900-05-11-a-p0003/1497,742,422,49/full/0/default.jpg
juin	O	O	O	O	O	O	_	_	NoSpaceAfter	_	_	_
.	O	O	O	O	O	O	_	_	_	EndOfSentence	_	_
—	O	O	O	O	O	O	_	_	NoSpaceAfter	_	_	_
3	O	O	O	O	O	O	_	_	NoSpaceAfter	_	_	_
.	O	O	O	O	O	O	_	_	_	EndOfSentence	_	_
Démontage	O	O	O	O	O	O	_	_	NoSpaceAfter	_	_	_
-	O	O	O	O	O	O	_	_	NoSpaceAfter	_	_	_
remontage	O	O	O	O	O	O	_	_	NoSpaceAfter	_	_	_
,	O	O	O	O	O	O	_	_	_	_	_	_
à	O	O	O	O	O	O	_	_	_	_	_	_
la	O	O	O	O	O	O	_	_	EndOfLine	_	_	_
# segment_iiif_link = https://impresso-project.ch/api/proxy/iiif/IMP-1900-05-11-a-p0003/1498,763,417,49/full/0/default.jpg
de	O	O	O	O	O	O	_	_	NoSpaceAfter	_	_	_
-	O	O	O	O	O	O	_	_	NoSpaceAfter	_	_	_
Fonds	O	O	O	O	O	O	_	_	NoSpaceAfter	_	_	_
,	O	O	O	O	O	O	_	_	_	_	_	_
le	O	O	O	O	O	O	_	_	_	_	_	_
vendredi	O	O	O	O	O	O	_	_	_	_	_	_
28	O	O	O	O	O	O	_	_	_	_	_	_
et	O	O	O	O	O	O	_	_	_	_	_	_
samedi	O	O	O	O	O	O	_	_	_	_	_	_
29	O	O	O	O	O	O	_	_	_	_	_	_
juillet	O	O	O	O	O	O	_	_	EndOfLine	EndOfSentence	_	_
# segment_iiif_link = https://impresso-project.ch/api/proxy/iiif/IMP-1900-05-11-a-p0003/1497,784,423,50/full/0/default.jpg
—	O	O	O	O	O	O	_	_	_	_	_	_
4	O	O	O	O	O	O	_	_	NoSpaceAfter	_	_	_
.	O	O	O	O	O	O	_	_	_	_	_	_
Echappements	O	O	O	O	O	O	_	_	NoSpaceAfter	_	_	_
,	O	O	O	O	O	O	_	_	_	_	_	_
à	O	O	O	O	O	O	_	_	_	_	_	_
la	O	O	O	O	O	O	_	_	_	_	_	_
Chaux	O	O	O	O	O	O	_	_	NoSpaceAfter	_	_	_
-	O	O	O	O	O	O	_	_	NoSpaceAfter	_	_	_
de	O	O	O	O	O	O	_	_	NoSpaceAfter	_	_	_
-	O	O	O	O	O	O	_	_	NoSpaceAfter	_	_	_
Fonds	O	O	O	O	O	O	_	_	NoSpaceAfter	_	_	_
,	O	O	O	O	O	O	_	_	_	_	_	_
lt	O	O	O	O	O	O	_	_	EndOfLine	_	_	_
# segment_iiif_link = https://impresso-project.ch/api/proxy/iiif/IMP-1900-05-11-a-p0003/1497,806,418,49/full/0/default.jpg
vendredi	O	O	O	O	O	O	_	_	_	_	_	_
28	O	O	O	O	O	O	_	_	_	_	_	_
et	O	O	O	O	O	O	_	_	_	_	_	_
samedi	O	O	O	O	O	O	_	_	_	_	_	_
29	O	O	O	O	O	O	_	_	_	_	_	_
juillet	O	O	O	O	O	O	_	_	NoSpaceAfter	_	_	_
.	O	O	O	O	O	O	_	_	_	EndOfSentence	_	_
—	O	O	O	O	O	O	_	_	_	_	_	_
5	O	O	O	O	O	O	_	_	NoSpaceAfter	_	_	_
.	O	O	O	O	O	O	_	_	_	_	_	_
Embot	O	O	O	O	O	O	_	_	EndOfLine	_	_	_
# segment_iiif_link = https://impresso-project.ch/api/proxy/iiif/IMP-1900-05-11-a-p0003/1498,827,419,49/full/0/default.jpg
tages	O	O	O	O	O	O	_	_	NoSpaceAfter	_	_	_
,	O	O	O	O	O	O	_	_	_	_	_	_
au	O	O	O	O	O	O	_	_	_	_	_	_
Locle	O	O	O	O	O	O	_	_	NoSpaceAfter	_	_	_
,	O	O	O	O	O	O	_	_	_	_	_	_
le	O	O	O	O	O	O	_	_	_	_	_	_
samedi	O	O	O	O	O	O	_	_	_	_	_	_
26	O	O	O	O	O	O	_	_	_	_	_	_
mai	O	O	O	O	O	O	_	_	NoSpaceAfter	_	_	_
.	O	O	O	O	O	O	_	_	_	EndOfSentence	_	_
—	O	O	O	O	O	O	_	_	_	_	_	_
6	O	O	O	O	O	O	_	_	NoSpaceAfter	_	_	_
.	O	O	O	O	O	O	_	_	_	_	_	_
Finis	O	O	O	O	O	O	_	_	EndOfLine	_	_	_
# segment_iiif_link = https://impresso-project.ch/api/proxy/iiif/IMP-1900-05-11-a-p0003/1497,848,424,50/full/0/default.jpg
sage	O	O	O	O	O	O	_	_	_	_	_	_
et	O	O	O	O	O	O	_	_	_	_	_	_
polissage	O	O	O	O	O	O	_	_	NoSpaceAfter	_	_	_
,	O	O	O	O	O	O	_	_	_	_	_	_
à	O	O	O	O	O	O	_	_	_	_	_	_
la	O	O	O	O	O	O	_	_	_	_	_	_
Chaux	O	O	O	O	O	O	_	_	NoSpaceAfter	_	_	_
-	O	O	O	O	O	O	_	_	NoSpaceAfter	_	_	_
de	O	O	O	O	O	O	_	_	NoSpaceAfter	_	_	_
-	O	O	O	O	O	O	_	_	NoSpaceAfter	_	_	_
Fonds	O	O	O	O	O	O	_	_	NoSpaceAfter	_	_	_
,	O	O	O	O	O	O	_	_	_	_	_	_
le	O	O	O	O	O	O	_	_	EndOfLine	_	_	_
# segment_iiif_link = https://impresso-project.ch/api/proxy/iiif/IMP-1900-05-11-a-p0003/1497,870,423,49/full/0/default.jpg
samedi	O	O	O	O	O	O	_	_	_	_	_	_
9	O	O	O	O	O	O	_	_	_	_	_	_
juin	O	O	O	O	O	O	_	_	NoSpaceAfter	_	_	_
.	O	O	O	O	O	O	_	_	_	EndOfSentence	_	_
—	O	O	O	O	O	O	_	_	_	_	_	_
7	O	O	O	O	O	O	_	_	NoSpaceAfter	_	_	_
.	O	O	O	O	O	O	_	_	_	_	_	_
Mécanique	O	O	O	O	O	O	_	_	_	_	_	_
dentaire	O	O	O	O	O	O	_	_	NoSpaceAfter	_	_	_
,	O	O	O	O	O	O	_	_	_	_	_	_
ai	O	O	O	O	O	O	_	_	EndOfLine	_	_	_
# segment_iiif_link = https://impresso-project.ch/api/proxy/iiif/IMP-1900-05-11-a-p0003/1497,891,419,49/full/0/default.jpg
Locle	O	O	O	O	O	O	_	_	NoSpaceAfter	_	_	_
,	O	O	O	O	O	O	_	_	_	_	_	_
le	O	O	O	O	O	O	_	_	_	_	_	_
vendredi	O	O	O	O	O	O	_	_	_	_	_	_
8	O	O	O	O	O	O	_	_	_	_	_	_
juin	O	O	O	O	O	O	_	_	NoSpaceAfter	_	_	_
.	O	O	O	O	O	O	_	_	_	EndOfSentence	_	_
—	O	O	O	O	O	O	_	_	_	_	_	_
8	O	O	O	O	O	O	_	_	NoSpaceAfter	_	_	_
.	O	O	O	O	O	O	_	_	_	_	_	_
Mécaniqu	O	O	O	O	O	O	_	_	_	_	_	_
»	O	O	O	O	O	O	_	_	EndOfLine	_	_	_
# segment_iiif_link = https://impresso-project.ch/api/proxy/iiif/IMP-1900-05-11-a-p0003/1498,912,426,50/full/0/default.jpg
(	O	O	O	O	O	O	_	_	NoSpaceAfter	_	_	_
2	O	O	O	O	O	O	_	_	_	_	_	_
groupes	O	O	O	O	O	O	_	_	_	_	_	_
à	O	O	O	O	O	O	_	_	_	_	_	_
2	O	O	O	O	O	O	_	_	_	_	_	_
jours	O	O	O	O	O	O	_	_	_	_	_	_
chacun	O	O	O	O	O	O	_	_	NoSpaceAfter	_	_	_
)	O	O	O	O	O	O	_	_	NoSpaceAfter	_	_	_
,	O	O	O	O	O	O	_	_	_	_	_	_
à	O	O	O	O	O	O	_	_	_	_	_	_
Couvet	O	O	O	O	O	O	_	_	NoSpaceAfter	_	_	_
,	O	O	O	O	O	O	_	_	_	_	_	_
lo	O	O	O	O	O	O	_	_	EndOfLine	_	_	_
# segment_iiif_link = https://impresso-project.ch/api/proxy/iiif/IMP-1900-05-11-a-p0003/1496,933,416,49/full/0/default.jpg
jeudi	O	O	O	O	O	O	_	_	_	_	_	_
21	O	O	O	O	O	O	_	_	_	_	_	_
juin	O	O	O	O	O	O	_	_	_	_	_	_
et	O	O	O	O	O	O	_	_	_	_	_	_
jours	O	O	O	O	O	O	_	_	_	_	_	_
suivants	O	O	O	O	O	O	_	_	NoSpaceAfter	_	_	_
.	O	O	O	O	O	O	_	_	_	EndOfSentence	_	_
—	O	O	O	O	O	O	_	_	_	_	_	_
9	O	O	O	O	O	O	_	_	NoSpaceAfter	_	_	_
.	O	O	O	O	O	O	_	_	_	_	_	_
Montag	O	O	O	O	O	O	_	_	EndOfLine	_	_	_
# segment_iiif_link = https://impresso-project.ch/api/proxy/iiif/IMP-1900-05-11-a-p0003/1497,954,418,50/full/0/default.jpg
de	O	O	O	O	O	O	_	_	_	_	_	_
boîles	O	O	O	O	O	O	_	_	NoSpaceAfter	_	_	_
,	O	O	O	O	O	O	_	_	_	_	_	_
chez	O	O	O	O	O	O	_	_	_	_	_	_
les	O	O	O	O	O	O	_	_	_	_	_	_
maîtres	O	O	O	O	O	O	_	_	NoSpaceAfter	_	_	_
,	O	O	O	O	O	O	_	_	_	_	_	_
les	O	O	O	O	O	O	_	_	_	_	_	_
vendredi	O	O	O	O	O	O	_	_	_	_	_	_
et	O	O	O	O	O	O	_	_	_	_	_	_
sa	O	O	O	O	O	O	_	_	EndOfLine	_	_	_
# segment_iiif_link = https://impresso-project.ch/api/proxy/iiif/IMP-1900-05-11-a-p0003/1497,976,415,49/full/0/default.jpg
medi	O	O	O	O	O	O	_	_	_	_	_	_
8	O	O	O	O	O	O	_	_	_	_	_	_
et	O	O	O	O	O	O	_	_	_	_	_	_
9	O	O	O	O	O	O	_	_	_	_	_	_
juin	O	O	O	O	O	O	_	_	NoSpaceAfter	_	_	_
.	O	O	O	O	O	O	_	_	_	EndOfSentence	_	_
—	O	O	O	O	O	O	_	_	_	_	_	_
10	O	O	O	O	O	O	_	_	NoSpaceAfter	_	_	_
.	O	O	O	O	O	O	_	_	_	_	_	_
Pendants	O	O	O	O	O	O	_	_	NoSpaceAfter	_	_	_
,	O	O	O	O	O	O	_	_	_	_	_	_
chez	O	O	O	O	O	O	_	_	_	_	_	_
lt	O	O	O	O	O	O	_	_	EndOfLine	_	_	_
# segment_iiif_link = https://impresso-project.ch/api/proxy/iiif/IMP-1900-05-11-a-p0003/1497,997,395,49/full/0/default.jpg
maîtres	O	O	O	O	O	O	_	_	NoSpaceAfter	_	_	_
,	O	O	O	O	O	O	_	_	_	_	_	_
les	O	O	O	O	O	O	_	_	_	_	_	_
vendredi	O	O	O	O	O	O	_	_	_	_	_	_
et	O	O	O	O	O	O	_	_	_	_	_	_
samedi	O	O	O	O	O	O	_	_	_	_	_	_
8	O	O	O	O	O	O	_	_	_	_	_	_
et	O	O	O	O	O	O	_	_	_	_	_	_
9	O	O	O	O	O	O	_	_	_	_	_	_
juin	O	O	O	O	O	O	_	_	NoSpaceAfter	_	_	_
.	O	O	O	O	O	O	_	_	EndOfLine	EndOfSentence	_	_
# segment_iiif_link = https://impresso-project.ch/api/proxy/iiif/IMP-1900-05-11-a-p0003/1497,1018,418,50/full/0/default.jpg
11	O	O	O	O	O	O	_	_	NoSpaceAfter	_	_	_
.	O	O	O	O	O	O	_	_	_	_	_	_
Pierres	O	O	O	O	O	O	_	_	NoSpaceAfter	_	_	_
,	O	O	O	O	O	O	_	_	_	_	_	_
au	O	O	O	O	O	O	_	_	_	_	_	_
Locle	O	O	O	O	O	O	_	_	NoSpaceAfter	_	_	_
,	O	O	O	O	O	O	_	_	_	_	_	_
le	O	O	O	O	O	O	_	_	_	_	_	_
samedi	O	O	O	O	O	O	_	_	_	_	_	_
26	O	O	O	O	O	O	_	_	_	_	_	_
mai	O	O	O	O	O	O	_	_	NoSpaceAfter	_	_	_
.	O	O	O	O	O	O	_	_	_	EndOfSentence	_	_
—	O	O	O	O	O	O	_	_	_	_	_	_
i	O	O	O	O	O	O	_	_	NoSpaceAfter	_	_	_
.	O	O	O	O	O	O	_	_	EndOfLine	EndOfSentence	_	_
# segment_iiif_link = https://impresso-project.ch/api/proxy/iiif/IMP-1900-05-11-a-p0003/1496,1040,423,49/full/0/default.jpg
Réglage	O	O	O	O	O	O	_	_	NoSpaceAfter	_	_	_
,	O	O	O	O	O	O	_	_	_	_	_	_
au	O	O	O	O	O	O	_	_	_	_	_	_
Locle	O	O	O	O	O	O	_	_	NoSpaceAfter	_	_	_
,	O	O	O	O	O	O	_	_	_	_	_	_
le	O	O	O	O	O	O	_	_	_	_	_	_
samedi	O	O	O	O	O	O	_	_	_	_	_	_
23	O	O	O	O	O	O	_	_	_	_	_	_
juin	O	O	O	O	O	O	_	_	NoSpaceAfter	_	_	_
.	O	O	O	O	O	O	_	_	_	EndOfSentence	_	_
—	O	O	O	O	O	O	_	_	_	_	_	_
13	O	O	O	O	O	O	_	_	EndOfLine	_	_	_
# segment_iiif_link = https://impresso-project.ch/api/proxy/iiif/IMP-1900-05-11-a-p0003/1497,1061,424,49/full/0/default.jpg
Ressorts	O	O	O	O	O	O	_	_	NoSpaceAfter	_	_	_
,	O	O	O	O	O	O	_	_	_	_	_	_
au	O	O	O	O	O	O	_	_	_	_	_	_
Locle	O	O	O	O	O	O	_	_	NoSpaceAfter	_	_	_
,	O	O	O	O	O	O	_	_	_	_	_	_
le	O	O	O	O	O	O	_	_	_	_	_	_
samedi	O	O	O	O	O	O	_	_	_	_	_	_
26	O	O	O	O	O	O	_	_	_	_	_	_
mai	O	O	O	O	O	O	_	_	NoSpaceAfter	_	_	_
.	O	O	O	O	O	O	_	_	_	EndOfSentence	_	_
—	O	O	O	O	O	O	_	_	_	_	_	_
14	O	O	O	O	O	O	_	_	_	_	_	_
*	O	O	O	O	O	O	_	_	EndOfLine	_	_	_
# segment_iiif_link = https://impresso-project.ch/api/proxy/iiif/IMP-1900-05-11-a-p0003/1497,1082,427,50/full/0/default.jpg
Secrets	O	O	O	O	O	O	_	_	NoSpaceAfter	_	_	_
,	O	O	O	O	O	O	_	_	_	_	_	_
au	O	O	O	O	O	O	_	_	_	_	_	_
Locle	O	O	O	O	O	O	_	_	NoSpaceAfter	_	_	_
,	O	O	O	O	O	O	_	_	_	_	_	_
le	O	O	O	O	O	O	_	_	_	_	_	_
samedi	O	O	O	O	O	O	_	_	_	_	_	_
26	O	O	O	O	O	O	_	_	_	_	_	_
mai	O	O	O	O	O	O	_	_	NoSpaceAfter	_	_	_
.	O	O	O	O	O	O	_	_	_	EndOfSentence	_	_
—	O	O	O	O	O	O	_	_	_	_	_	_
15	O	O	O	O	O	O	_	_	NoSpaceAfter	_	_	_
.	O	O	O	O	O	O	_	_	EndOfLine	_	_	_
# segment_iiif_link = https://impresso-project.ch/api/proxy/iiif/IMP-1900-05-11-a-p0003/1497,1104,425,49/full/0/default.jpg
Sertissage	O	O	O	O	O	O	_	_	NoSpaceAfter	_	_	_
,	O	O	O	O	O	O	_	_	_	_	_	_
chez	O	O	O	O	O	O	_	_	_	_	_	_
les	O	O	O	O	O	O	_	_	_	_	_	_
maîtres	O	O	O	O	O	O	_	_	NoSpaceAfter	_	_	_
,	O	O	O	O	O	O	_	_	_	_	_	_
le	O	O	O	O	O	O	_	_	_	_	_	_
samedi	O	O	O	O	O	O	_	_	_	_	_	_
26	O	O	O	O	O	O	_	_	_	_	_	_
mai	O	O	O	O	O	O	_	_	NoSpaceAfter	_	_	_
.	O	O	O	O	O	O	_	_	EndOfLine	EndOfSentence	_	_
# segment_iiif_link = https://impresso-project.ch/api/proxy/iiif/IMP-1900-05-11-a-p0003/1518,1140,402,49/full/0/default.jpg
16	O	O	O	O	O	O	_	_	NoSpaceAfter	_	_	_
.	O	O	O	O	O	O	_	_	_	_	_	_
Boissellerie	O	O	O	O	O	O	_	_	NoSpaceAfter	_	_	_
,	O	O	O	O	O	O	_	_	_	_	_	_
au	O	O	O	O	O	O	_	_	_	_	_	_
Locle	O	O	O	O	O	O	_	_	NoSpaceAfter	_	_	_
,	O	O	O	O	O	O	_	_	_	_	_	_
le	O	O	O	O	O	O	_	_	_	_	_	_
samedi	O	O	O	O	O	O	_	_	_	_	_	_
26	O	O	O	O	O	O	_	_	_	_	_	_
mai	O	O	O	O	O	O	_	_	NoSpaceAfter	_	_	_
.	O	O	O	O	O	O	_	_	EndOfLine	EndOfSentence	_	_
# segment_iiif_link = https://impresso-project.ch/api/proxy/iiif/IMP-1900-05-11-a-p0003/1496,1161,427,49/full/0/default.jpg
—	O	O	O	O	O	O	_	_	_	_	_	_
17	O	O	O	O	O	O	_	_	NoSpaceAfter	_	_	_
.	O	O	O	O	O	O	_	_	_	_	_	_
Charronnage	O	O	O	O	O	O	_	_	NoSpaceAfter	_	_	_
,	O	O	O	O	O	O	_	_	_	_	_	_
au	O	O	O	O	O	O	_	_	_	_	_	_
Locle	O	O	O	O	O	O	_	_	NoSpaceAfter	_	_	_
,	O	O	O	O	O	O	_	_	_	_	_	_
le	O	O	O	O	O	O	_	_	_	_	_	_
samedi	O	O	O	O	O	O	_	_	_	_	_	_
26	O	O	O	O	O	O	_	_	EndOfLine	_	_	_
# segment_iiif_link = https://impresso-project.ch/api/proxy/iiif/IMP-1900-05-11-a-p0003/1497,1182,426,49/full/0/default.jpg
mai	O	O	O	O	O	O	_	_	NoSpaceAfter	_	_	_
.	O	O	O	O	O	O	_	_	_	EndOfSentence	_	_
—	O	O	O	O	O	O	_	_	_	_	_	_
18	O	O	O	O	O	O	_	_	NoSpaceAfter	_	_	_
.	O	O	O	O	O	O	_	_	_	_	_	_
Ebénisterie	O	O	O	O	O	O	_	_	NoSpaceAfter	_	_	_
,	O	O	O	O	O	O	_	_	_	_	_	_
à	O	O	O	O	O	O	_	_	_	_	_	_
la	O	O	O	O	O	O	_	_	_	_	_	_
Chaux	O	O	O	O	O	O	_	_	NoSpaceAfter	_	_	_
-	O	O	O	O	O	O	_	_	NoSpaceAfter	_	_	_
de	O	O	O	O	O	O	_	_	NoSpaceAfter	_	_	_
-	O	O	O	O	O	O	_	_	NoSpaceAfter	_	_	_
Fonds	O	O	O	O	O	O	_	_	NoSpaceAfter	_	_	_
,	O	O	O	O	O	O	_	_	EndOfLine	_	_	_
# segment_iiif_link = https://impresso-project.ch/api/proxy/iiif/IMP-1900-05-11-a-p0003/1497,1203,426,49/full/0/default.jpg
les	O	O	O	O	O	O	_	_	_	_	_	_
vendredi	O	O	O	O	O	O	_	_	_	_	_	_
et	O	O	O	O	O	O	_	_	_	_	_	_
samedi	O	O	O	O	O	O	_	_	_	_	_	_
8	O	O	O	O	O	O	_	_	_	_	_	_
et	O	O	O	O	O	O	_	_	_	_	_	_
9	O	O	O	O	O	O	_	_	_	_	_	_
juin	O	O	O	O	O	O	_	_	NoSpaceAfter	_	_	_
.	O	O	O	O	O	O	_	_	_	EndOfSentence	_	_
—	O	O	O	O	O	O	_	_	_	_	_	_
19	O	O	O	O	O	O	_	_	NoSpaceAfter	_	_	_
.	O	O	O	O	O	O	_	_	EndOfLine	_	_	_
# segment_iiif_link = https://impresso-project.ch/api/proxy/iiif/IMP-1900-05-11-a-p0003/1497,1224,425,49/full/0/default.jpg
Ferblanterie	O	O	O	O	O	O	_	_	NoSpaceAfter	_	_	_
,	O	O	O	O	O	O	_	_	_	_	_	_
au	O	O	O	O	O	O	_	_	_	_	_	_
Locle	O	O	O	O	O	O	_	_	NoSpaceAfter	_	_	_
,	O	O	O	O	O	O	_	_	_	_	_	_
le	O	O	O	O	O	O	_	_	_	_	_	_
samedi	O	O	O	O	O	O	_	_	_	_	_	_
26	O	O	O	O	O	O	_	_	_	_	_	_
mai	O	O	O	O	O	O	_	_	NoSpaceAfter	_	_	_
.	O	O	O	O	O	O	_	_	_	EndOfSentence	_	_
20	O	O	O	O	O	O	_	_	NoSpaceAfter	_	_	_
.	O	O	O	O	O	O	_	_	EndOfLine	_	_	_
# segment_iiif_link = https://impresso-project.ch/api/proxy/iiif/IMP-1900-05-11-a-p0003/1496,1246,398,49/full/0/default.jpg
Jardins	O	O	O	O	O	O	_	_	NoSpaceAfter	_	_	_
-	O	O	O	O	O	O	_	_	NoSpaceAfter	_	_	_
horticulture	O	O	O	O	O	O	_	_	NoSpaceAfter	_	_	_
,	O	O	O	O	O	O	_	_	_	_	_	_
àNeuchàlel	O	O	O	O	O	O	_	_	_	_	_	_
(	O	O	O	O	O	O	_	_	NoSpaceAfter	_	_	_
_	O	O	O	O	O	O	_	_	NoSpaceAfter	_	_	_
termina	O	O	O	O	O	O	_	_	NoSpaceAfter	_	_	_
.	O	O	O	O	O	O	_	_	EndOfLine	EndOfSentence	_	_
# segment_iiif_link = https://impresso-project.ch/api/proxy/iiif/IMP-1900-05-11-a-p0003/1497,1267,423,49/full/0/default.jpg
21	O	O	O	O	O	O	_	_	NoSpaceAfter	_	_	_
.	O	O	O	O	O	O	_	_	_	_	_	_
Maréchalerie	O	O	O	O	O	O	_	_	NoSpaceAfter	_	_	_
,	O	O	O	O	O	O	_	_	_	_	_	_
au	O	O	O	O	O	O	_	_	_	_	_	_
Locle	O	O	O	O	O	O	_	_	NoSpaceAfter	_	_	_
,	O	O	O	O	O	O	_	_	_	_	_	_
le	O	O	O	O	O	O	_	_	_	_	_	_
samedi	O	O	O	O	O	O	_	_	_	_	_	_
26	O	O	O	O	O	O	_	_	_	_	_	_
mai	O	O	O	O	O	O	_	_	NoSpaceAfter	_	_	_
.	O	O	O	O	O	O	_	_	EndOfLine	EndOfSentence	_	_
# segment_iiif_link = https://impresso-project.ch/api/proxy/iiif/IMP-1900-05-11-a-p0003/1496,1288,423,50/full/0/default.jpg
—	O	O	O	O	O	O	_	_	_	_	_	_
22	O	O	O	O	O	O	_	_	NoSpaceAfter	_	_	_
.	O	O	O	O	O	O	_	_	_	_	_	_
Menuiserie	O	O	O	O	O	O	_	_	_	_	_	_
(	O	O	O	O	O	O	_	_	NoSpaceAfter	_	_	_
2	O	O	O	O	O	O	_	_	_	_	_	_
groupes	O	O	O	O	O	O	_	_	_	_	_	_
à	O	O	O	O	O	O	_	_	_	_	_	_
2	O	O	O	O	O	O	_	_	_	_	_	_
jours	O	O	O	O	O	O	_	_	_	_	_	_
chacun	O	O	O	O	O	O	_	_	NoSpaceAfter	_	_	_
)	O	O	O	O	O	O	_	_	EndOfLine	_	_	_
# segment_iiif_link = https://impresso-project.ch/api/proxy/iiif/IMP-1900-05-11-a-p0003/1496,1309,424,49/full/0/default.jpg
Cormondrèche	O	O	O	O	O	O	_	_	NoSpaceAfter	_	_	_
,	O	O	O	O	O	O	_	_	_	_	_	_
le	O	O	O	O	O	O	_	_	_	_	_	_
mercredi	O	O	O	O	O	O	_	_	_	_	_	_
13	O	O	O	O	O	O	_	_	_	_	_	_
juin	O	O	O	O	O	O	_	_	_	_	_	_
et	O	O	O	O	O	O	_	_	_	_	_	_
jours	O	O	O	O	O	O	_	_	EndOfLine	_	_	_
# segment_iiif_link = https://impresso-project.ch/api/proxy/iiif/IMP-1900-05-11-a-p0003/1497,1330,428,50/full/0/default.jpg
suivants	O	O	O	O	O	O	_	_	NoSpaceAfter	_	_	_
.	O	O	O	O	O	O	_	_	_	EndOfSentence	_	_
—	O	O	O	O	O	O	_	_	_	_	_	_
23	O	O	O	O	O	O	_	_	NoSpaceAfter	_	_	_
.	O	O	O	O	O	O	_	_	_	_	_	_
Peinture	O	O	O	O	O	O	_	_	NoSpaceAfter	_	_	_
-	O	O	O	O	O	O	_	_	NoSpaceAfter	_	_	_
gypserie	O	O	O	O	O	O	_	_	NoSpaceAfter	_	_	_
,	O	O	O	O	O	O	_	_	_	_	_	_
au	O	O	O	O	O	O	_	_	_	_	_	_
Locle	O	O	O	O	O	O	_	_	NoSpaceAfter	_	_	_
,	O	O	O	O	O	O	_	_	EndOfLine	_	_	_
# segment_iiif_link = https://impresso-project.ch/api/proxy/iiif/IMP-1900-05-11-a-p0003/1497,1352,426,49/full/0/default.jpg
les	O	O	O	O	O	O	_	_	_	_	_	_
vendredi	O	O	O	O	O	O	_	_	_	_	_	_
25	O	O	O	O	O	O	_	_	_	_	_	_
et	O	O	O	O	O	O	_	_	_	_	_	_
samedi	O	O	O	O	O	O	_	_	_	_	_	_
26	O	O	O	O	O	O	_	_	_	_	_	_
mai	O	O	O	O	O	O	_	_	NoSpaceAfter	_	_	_
.	O	O	O	O	O	O	_	_	_	EndOfSentence	_	_
—	O	O	O	O	O	O	_	_	_	_	_	_
24	O	O	O	O	O	O	_	_	NoSpaceAfter	_	_	_
.	O	O	O	O	O	O	_	_	EndOfLine	_	_	_
# segment_iiif_link = https://impresso-project.ch/api/proxy/iiif/IMP-1900-05-11-a-p0003/1498,1373,424,49/full/0/default.jpg
Poëlerie	O	O	O	O	O	O	_	_	NoSpaceAfter	_	_	_
,	O	O	O	O	O	O	_	_	_	_	_	_
au	O	O	O	O	O	O	_	_	_	_	_	_
Locle	O	O	O	O	O	O	_	_	NoSpaceAfter	_	_	_
,	O	O	O	O	O	O	_	_	_	_	_	_
le	O	O	O	O	O	O	_	_	_	_	_	_
samedi	O	O	O	O	O	O	_	_	_	_	_	_
26	O	O	O	O	O	O	_	_	_	_	_	_
mai	O	O	O	O	O	O	_	_	NoSpaceAfter	_	_	_
.	O	O	O	O	O	O	_	_	_	EndOfSentence	_	_
—	O	O	O	O	O	O	_	_	_	_	_	_
25	O	O	O	O	O	O	_	_	NoSpaceAfter	_	_	_
.	O	O	O	O	O	O	_	_	EndOfLine	_	_	_
# segment_iiif_link = https://impresso-project.ch/api/proxy/iiif/IMP-1900-05-11-a-p0003/1497,1394,422,50/full/0/default.jpg
Sellerie	O	O	O	O	O	O	_	_	_	_	_	_
(	O	O	O	O	O	O	_	_	NoSpaceAfter	_	_	_
2	O	O	O	O	O	O	_	_	_	_	_	_
groupes	O	O	O	O	O	O	_	_	_	_	_	_
âl	O	O	O	O	O	O	_	_	_	_	_	_
jour	O	O	O	O	O	O	_	_	_	_	_	_
chacun	O	O	O	O	O	O	_	_	NoSpaceAfter	_	_	_
)	O	O	O	O	O	O	_	_	NoSpaceAfter	_	_	_
,	O	O	O	O	O	O	_	_	_	_	_	_
à	O	O	O	O	O	O	_	_	_	_	_	_
la	O	O	O	O	O	O	_	_	EndOfLine	_	_	_
# segment_iiif_link = https://impresso-project.ch/api/proxy/iiif/IMP-1900-05-11-a-p0003/1497,1416,423,49/full/0/default.jpg
de	O	O	O	O	O	O	_	_	NoSpaceAfter	_	_	_
-	O	O	O	O	O	O	_	_	NoSpaceAfter	_	_	_
Fonds	O	O	O	O	O	O	_	_	NoSpaceAfter	_	_	_
,	O	O	O	O	O	O	_	_	_	_	_	_
les	O	O	O	O	O	O	_	_	_	_	_	_
vendredi	O	O	O	O	O	O	_	_	_	_	_	_
8	O	O	O	O	O	O	_	_	_	_	_	_
et	O	O	O	O	O	O	_	_	_	_	_	_
samedi	O	O	O	O	O	O	_	_	_	_	_	_
9	O	O	O	O	O	O	_	_	_	_	_	_
juin	O	O	O	O	O	O	_	_	NoSpaceAfter	_	_	_
.	O	O	O	O	O	O	_	_	_	EndOfSentence	_	_
—	O	O	O	O	O	O	_	_	EndOfLine	_	_	_
# segment_iiif_link = https://impresso-project.ch/api/proxy/iiif/IMP-1900-05-11-a-p0003/1497,1437,425,49/full/0/default.jpg
26	O	O	O	O	O	O	_	_	NoSpaceAfter	_	_	_
.	O	O	O	O	O	O	_	_	_	_	_	_
Serrurerie	O	O	O	O	O	O	_	_	NoSpaceAfter	_	_	_
,	O	O	O	O	O	O	_	_	_	_	_	_
à	O	O	O	O	O	O	_	_	_	_	_	_
la	O	O	O	O	O	O	_	_	_	_	_	_
Chaux	O	O	O	O	O	O	_	_	NoSpaceAfter	_	_	_
-	O	O	O	O	O	O	_	_	NoSpaceAfter	_	_	_
de	O	O	O	O	O	O	_	_	NoSpaceAfter	_	_	_
-	O	O	O	O	O	O	_	_	NoSpaceAfter	_	_	_
Fonds	O	O	O	O	O	O	_	_	NoSpaceAfter	_	_	_
,	O	O	O	O	O	O	_	_	_	_	_	_
les	O	O	O	O	O	O	_	_	EndOfLine	_	_	_
# segment_iiif_link = https://impresso-project.ch/api/proxy/iiif/IMP-1900-05-11-a-p0003/1497,1458,424,50/full/0/default.jpg
vendredi	O	O	O	O	O	O	_	_	_	_	_	_
8	O	O	O	O	O	O	_	_	_	_	_	_
et	O	O	O	O	O	O	_	_	_	_	_	_
samedi	O	O	O	O	O	O	_	_	_	_	_	_
9	O	O	O	O	O	O	_	_	_	_	_	_
juin	O	O	O	O	O	O	_	_	NoSpaceAfter	_	_	_
.	O	O	O	O	O	O	_	_	_	EndOfSentence	_	_
—	O	O	O	O	O	O	_	_	_	_	_	_
27	O	O	O	O	O	O	_	_	NoSpaceAfter	_	_	_
.	O	O	O	O	O	O	_	_	_	_	_	_
Tapisserie	O	O	O	O	O	O	_	_	NoSpaceAfter	_	_	_
,	O	O	O	O	O	O	_	_	_	_	_	_
à	O	O	O	O	O	O	_	_	EndOfLine	_	_	_
# segment_iiif_link = https://impresso-project.ch/api/proxy/iiif/IMP-1900-05-11-a-p0003/1497,1479,425,49/full/0/default.jpg
la	O	O	O	O	O	O	_	_	_	_	_	_
Chaux	O	O	O	O	O	O	_	_	NoSpaceAfter	_	_	_
-	O	O	O	O	O	O	_	_	NoSpaceAfter	_	_	_
de	O	O	O	O	O	O	_	_	NoSpaceAfter	_	_	_
-	O	O	O	O	O	O	_	_	NoSpaceAfter	_	_	_
Fonds	O	O	O	O	O	O	_	_	_	_	_	_
,	O	O	O	O	O	O	_	_	NoSpaceAfter	_	_	_
-	O	O	O	O	O	O	_	_	NoSpaceAfter	_	_	_
le	O	O	O	O	O	O	_	_	_	_	_	_
samedi	O	O	O	O	O	O	_	_	_	_	_	_
9	O	O	O	O	O	O	_	_	_	_	_	_
juin	O	O	O	O	O	O	_	_	NoSpaceAfter	_	_	_
.	O	O	O	O	O	O	_	_	_	EndOfSentence	_	_
—	O	O	O	O	O	O	_	_	_	_	_	_
28	O	O	O	O	O	O	_	_	NoSpaceAfter	_	_	_
.	O	O	O	O	O	O	_	_	EndOfLine	_	_	_
# segment_iiif_link = https://impresso-project.ch/api/proxy/iiif/IMP-1900-05-11-a-p0003/1496,1501,424,49/full/0/default.jpg
Tournage	O	O	O	O	O	O	_	_	_	_	_	_
de	O	O	O	O	O	O	_	_	_	_	_	_
bois	O	O	O	O	O	O	_	_	NoSpaceAfter	_	_	_
,	O	O	O	O	O	O	_	_	_	_	_	_
à	O	O	O	O	O	O	_	_	_	_	_	_
la	O	O	O	O	O	O	_	_	_	_	_	_
Chaux	O	O	O	O	O	O	_	_	NoSpaceAfter	_	_	_
-	O	O	O	O	O	O	_	_	NoSpaceAfter	_	_	_
de	O	O	O	O	O	O	_	_	NoSpaceAfter	_	_	_
-	O	O	O	O	O	O	_	_	NoSpaceAfter	_	_	_
Fonds	O	O	O	O	O	O	_	_	NoSpaceAfter	_	_	_
,	O	O	O	O	O	O	_	_	_	_	_	_
le	O	O	O	O	O	O	_	_	EndOfLine	_	_	_
# segment_iiif_link = https://impresso-project.ch/api/proxy/iiif/IMP-1900-05-11-a-p0003/1497,1522,111,50/full/0/default.jpg
samedi	O	O	O	O	O	O	_	_	_	_	_	_
9	O	O	O	O	O	O	_	_	_	_	_	_
juin	O	O	O	O	O	O	_	_	NoSpaceAfter	_	_	_
.	O	O	O	O	O	O	_	_	EndOfLine	EndOfSentence	_	_
# segment_iiif_link = https://impresso-project.ch/api/proxy/iiif/IMP-1900-05-11-a-p0003/1518,1566,401,49/full/0/default.jpg
29	O	O	O	O	O	O	_	_	NoSpaceAfter	_	_	_
.	O	O	O	O	O	O	_	_	_	_	_	_
Boucherie	O	O	O	O	O	O	_	_	NoSpaceAfter	_	_	_
,	O	O	O	O	O	O	_	_	_	_	_	_
au	O	O	O	O	O	O	_	_	_	_	_	_
Locle	O	O	O	O	O	O	_	_	NoSpaceAfter	_	_	_
,	O	O	O	O	O	O	_	_	_	_	_	_
le	O	O	O	O	O	O	_	_	_	_	_	_
mercredi	O	O	O	O	O	O	_	_	_	_	_	_
30	O	O	O	O	O	O	_	_	_	_	_	_
mai	O	O	O	O	O	O	_	_	NoSpaceAfter	_	_	_
.	O	O	O	O	O	O	_	_	EndOfLine	EndOfSentence	_	_
# segment_iiif_link = https://impresso-project.ch/api/proxy/iiif/IMP-1900-05-11-a-p0003/1496,1587,427,49/full/0/default.jpg
—	O	O	O	O	O	O	_	_	_	_	_	_
30	O	O	O	O	O	O	_	_	NoSpaceAfter	_	_	_
.	O	O	O	O	O	O	_	_	_	_	_	_
Boulangerie	O	O	O	O	O	O	_	_	NoSpaceAfter	_	_	_
,	O	O	O	O	O	O	_	_	_	_	_	_
chez	O	O	O	O	O	O	_	_	_	_	_	_
les	O	O	O	O	O	O	_	_	_	_	_	_
maîtres	O	O	O	O	O	O	_	_	NoSpaceAfter	_	_	_
,	O	O	O	O	O	O	_	_	_	_	_	_
en	O	O	O	O	O	O	_	_	EndOfLine	_	_	_
# segment_iiif_link = https://impresso-project.ch/api/proxy/iiif/IMP-1900-05-11-a-p0003/1497,1608,427,50/full/0/default.jpg
septembre	O	O	O	O	O	O	_	_	NoSpaceAfter	_	_	_
.	O	O	O	O	O	O	_	_	_	EndOfSentence	_	_
—	O	O	O	O	O	O	_	_	_	_	_	_
31	O	O	O	O	O	O	_	_	NoSpaceAfter	_	_	_
.	O	O	O	O	O	O	_	_	_	_	_	_
Coiffeurs	O	O	O	O	O	O	_	_	NoSpaceAfter	_	_	_
,	O	O	O	O	O	O	_	_	_	_	_	_
à	O	O	O	O	O	O	_	_	_	_	_	_
la	O	O	O	O	O	O	_	_	_	_	_	_
Chaux	O	O	O	O	O	O	_	_	NoSpaceAfter	_	_	_
-	O	O	O	O	O	O	_	_	NoSpaceAfter	_	_	_
de	O	O	O	O	O	O	_	_	NoSpaceAfter	_	_	_
-	O	O	O	O	O	O	_	_	NoSpaceAfter	_	_	_
Fonds	O	O	O	O	O	O	_	_	NoSpaceAfter	_	_	_
,	O	O	O	O	O	O	_	_	EndOfLine	_	_	_
# segment_iiif_link = https://impresso-project.ch/api/proxy/iiif/IMP-1900-05-11-a-p0003/1497,1630,426,49/full/0/default.jpg
le	O	O	O	O	O	O	_	_	_	_	_	_
mardi	O	O	O	O	O	O	_	_	_	_	_	_
5	O	O	O	O	O	O	_	_	_	_	_	_
juin	O	O	O	O	O	O	_	_	NoSpaceAfter	_	_	_
.	O	O	O	O	O	O	_	_	_	EndOfSentence	_	_
—	O	O	O	O	O	O	_	_	_	_	_	_
32	O	O	O	O	O	O	_	_	NoSpaceAfter	_	_	_
.	O	O	O	O	O	O	_	_	_	_	_	_
Confiserie	O	O	O	O	O	O	_	_	NoSpaceAfter	_	_	_
,	O	O	O	O	O	O	_	_	_	_	_	_
chez	O	O	O	O	O	O	_	_	_	_	_	_
les	O	O	O	O	O	O	_	_	EndOfLine	_	_	_
# segment_iiif_link = https://impresso-project.ch/api/proxy/iiif/IMP-1900-05-11-a-p0003/1498,1651,424,49/full/0/default.jpg
maîtres	O	O	O	O	O	O	_	_	NoSpaceAfter	_	_	_
,	O	O	O	O	O	O	_	_	_	_	_	_
en	O	O	O	O	O	O	_	_	_	_	_	_
septembre	O	O	O	O	O	O	_	_	NoSpaceAfter	_	_	_
.	O	O	O	O	O	O	_	_	_	EndOfSentence	_	_
—	O	O	O	O	O	O	_	_	_	_	_	_
33	O	O	O	O	O	O	_	_	NoSpaceAfter	_	_	_
.	O	O	O	O	O	O	_	_	_	_	_	_
Cuisine	O	O	O	O	O	O	_	_	NoSpaceAfter	_	_	_
,	O	O	O	O	O	O	_	_	_	_	_	_
à	O	O	O	O	O	O	_	_	EndOfLine	_	_	_
# segment_iiif_link = https://impresso-project.ch/api/proxy/iiif/IMP-1900-05-11-a-p0003/1498,1672,425,50/full/0/default.jpg
Neuchâtel	O	O	O	O	O	O	_	_	_	_	_	_
(	O	O	O	O	O	O	_	_	NoSpaceAfter	_	_	_
terminé	O	O	O	O	O	O	_	_	NoSpaceAfter	_	_	_
)	O	O	O	O	O	O	_	_	NoSpaceAfter	_	_	_
.	O	O	O	O	O	O	_	_	_	EndOfSentence	_	_
—	O	O	O	O	O	O	_	_	_	_	_	_
34	O	O	O	O	O	O	_	_	NoSpaceAfter	_	_	_
.	O	O	O	O	O	O	_	_	_	_	_	_
Lingerie	O	O	O	O	O	O	_	_	NoSpaceAfter	_	_	_
,	O	O	O	O	O	O	_	_	_	_	_	_
à	O	O	O	O	O	O	_	_	_	_	_	_
Neuchâtel	O	O	O	O	O	O	_	_	NoSpaceAfter	_	_	_
,	O	O	O	O	O	O	_	_	EndOfLine	_	_	_
# segment_iiif_link = https://impresso-project.ch/api/proxy/iiif/IMP-1900-05-11-a-p0003/1497,1694,427,49/full/0/default.jpg
le	O	O	O	O	O	O	_	_	_	_	_	_
jeudi	O	O	O	O	O	O	_	_	_	_	_	_
19	O	O	O	O	O	O	_	_	_	_	_	_
juillet	O	O	O	O	O	O	_	_	NoSpaceAfter	_	_	_
.	O	O	O	O	O	O	_	_	_	EndOfSentence	_	_
—	O	O	O	O	O	O	_	_	_	_	_	_
35	O	O	O	O	O	O	_	_	NoSpaceAfter	_	_	_
.	O	O	O	O	O	O	_	_	_	_	_	_
Modes	O	O	O	O	O	O	_	_	NoSpaceAfter	_	_	_
,	O	O	O	O	O	O	_	_	_	_	_	_
à	O	O	O	O	O	O	_	_	_	_	_	_
Neuchâtel	O	O	O	O	O	O	_	_	NoSpaceAfter	_	_	_
,	O	O	O	O	O	O	_	_	EndOfLine	_	_	_
# segment_iiif_link = https://impresso-project.ch/api/proxy/iiif/IMP-1900-05-11-a-p0003/1497,1715,424,49/full/0/default.jpg
le	O	O	O	O	O	O	_	_	_	_	_	_
mercredi	O	O	O	O	O	O	_	_	_	_	_	_
19	O	O	O	O	O	O	_	_	_	_	_	_
juillet	O	O	O	O	O	O	_	_	NoSpaceAfter	_	_	_
.	O	O	O	O	O	O	_	_	_	EndOfSentence	_	_
—	O	O	O	O	O	O	_	_	_	_	_	_
36	O	O	O	O	O	O	_	_	NoSpaceAfter	_	_	_
.	O	O	O	O	O	O	_	_	_	_	_	_
Repassage	O	O	O	O	O	O	_	_	_	_	_	_
du	O	O	O	O	O	O	_	_	EndOfLine	_	_	_
# segment_iiif_link = https://impresso-project.ch/api/proxy/iiif/IMP-1900-05-11-a-p0003/1497,1736,395,50/full/0/default.jpg
linge	O	O	O	O	O	O	_	_	NoSpaceAfter	_	_	_
,	O	O	O	O	O	O	_	_	_	_	_	_
à	O	O	O	O	O	O	_	_	_	_	_	_
Neuchâtel	O	O	O	O	O	O	_	_	NoSpaceAfter	_	_	_
,	O	O	O	O	O	O	_	_	_	_	_	_
le	O	O	O	O	O	O	_	_	_	_	_	_
mercredi	O	O	O	O	O	O	_	_	_	_	_	_
19	O	O	O	O	O	O	_	_	_	_	_	_
juillet	O	O	O	O	O	O	_	_	NoSpaceAfter	_	_	_
.	O	O	O	O	O	O	_	_	EndOfLine	EndOfSentence	_	_
# segment_iiif_link = https://impresso-project.ch/api/proxy/iiif/IMP-1900-05-11-a-p0003/1497,1758,418,49/full/0/default.jpg
37	O	O	O	O	O	O	_	_	NoSpaceAfter	_	_	_
.	O	O	O	O	O	O	_	_	_	_	_	_
Tailleuses	O	O	O	O	O	O	_	_	_	_	_	_
en	O	O	O	O	O	O	_	_	_	_	_	_
robes	O	O	O	O	O	O	_	_	NoSpaceAfter	_	_	_
,	O	O	O	O	O	O	_	_	_	_	_	_
à	O	O	O	O	O	O	_	_	_	_	_	_
Neuchâtel	O	O	O	O	O	O	_	_	NoSpaceAfter	_	_	_
,	O	O	O	O	O	O	_	_	_	_	_	_
(	O	O	O	O	O	O	_	_	NoSpaceAfter	_	_	_
2	O	O	O	O	O	O	_	_	EndOfLine	_	_	_
# segment_iiif_link = https://impresso-project.ch/api/proxy/iiif/IMP-1900-05-11-a-p0003/1498,1778,422,50/full/0/default.jpg
groupes	O	O	O	O	O	O	_	_	_	_	_	_
à	O	O	O	O	O	O	_	_	_	_	_	_
2	O	O	O	O	O	O	_	_	_	_	_	_
jours	O	O	O	O	O	O	_	_	_	_	_	_
chacun	O	O	O	O	O	O	_	_	NoSpaceAfter	_	_	_
)	O	O	O	O	O	O	_	_	_	_	_	_
apprenties	O	O	O	O	O	O	_	_	_	_	_	_
de	O	O	O	O	O	O	_	_	_	_	_	_
la	O	O	O	O	O	O	_	_	EndOfLine	_	_	_
# segment_iiif_link = https://impresso-project.ch/api/proxy/iiif/IMP-1900-05-11-a-p0003/1497,1800,428,49/full/0/default.jpg
de	O	O	O	O	O	O	_	_	NoSpaceAfter	_	_	_
-	O	O	O	O	O	O	_	_	NoSpaceAfter	_	_	_
Fonds	O	O	O	O	O	O	_	_	_	_	_	_
:	O	O	O	O	O	O	_	_	_	_	_	_
mardi	O	O	O	O	O	O	_	_	_	_	_	_
et	O	O	O	O	O	O	_	_	_	_	_	_
mercredi	O	O	O	O	O	O	_	_	_	_	_	_
17	O	O	O	O	O	O	_	_	_	_	_	_
et	O	O	O	O	O	O	_	_	_	_	_	_
18	O	O	O	O	O	O	_	_	_	_	_	_
juillet	O	O	O	O	O	O	_	_	_	_	_	_
;	O	O	O	O	O	O	_	_	EndOfLine	_	_	_
# segment_iiif_link = https://impresso-project.ch/api/proxy/iiif/IMP-1900-05-11-a-p0003/1498,1821,425,49/full/0/default.jpg
apprenties	O	O	O	O	O	O	_	_	_	_	_	_
du	O	O	O	O	O	O	_	_	_	_	_	_
reste	O	O	O	O	O	O	_	_	_	_	_	_
du	O	O	O	O	O	O	_	_	_	_	_	_
canton	O	O	O	O	O	O	_	_	_	_	_	_
:	O	O	O	O	O	O	_	_	_	_	_	_
jeudi	O	O	O	O	O	O	_	_	_	_	_	_
et	O	O	O	O	O	O	_	_	EndOfLine	_	_	_
# segment_iiif_link = https://impresso-project.ch/api/proxy/iiif/IMP-1900-05-11-a-p0003/1498,1842,422,50/full/0/default.jpg
vendredi	O	O	O	O	O	O	_	_	_	_	_	_
19	O	O	O	O	O	O	_	_	_	_	_	_
et	O	O	O	O	O	O	_	_	_	_	_	_
20	O	O	O	O	O	O	_	_	_	_	_	_
juillet	O	O	O	O	O	O	_	_	NoSpaceAfter	_	_	_
.	O	O	O	O	O	O	_	_	_	EndOfSentence	_	_
—	O	O	O	O	O	O	_	_	_	_	_	_
38	O	O	O	O	O	O	_	_	NoSpaceAfter	_	_	_
.	O	O	O	O	O	O	_	_	_	_	_	_
Tailleuses	O	O	O	O	O	O	_	_	_	_	_	_
pour	O	O	O	O	O	O	_	_	EndOfLine	_	_	_
# segment_iiif_link = https://impresso-project.ch/api/proxy/iiif/IMP-1900-05-11-a-p0003/1496,1864,426,49/full/0/default.jpg
jeunes	O	O	O	O	O	O	_	_	_	_	_	_
gens	O	O	O	O	O	O	_	_	NoSpaceAfter	_	_	_
,	O	O	O	O	O	O	_	_	_	_	_	_
à	O	O	O	O	O	O	_	_	_	_	_	_
Neuchâtel	O	O	O	O	O	O	_	_	NoSpaceAfter	_	_	_
,	O	O	O	O	O	O	_	_	_	_	_	_
les	O	O	O	O	O	O	_	_	_	_	_	_
jeudi	O	O	O	O	O	O	_	_	_	_	_	_
19	O	O	O	O	O	O	_	_	_	_	_	_
et	O	O	O	O	O	O	_	_	EndOfLine	_	_	_
# segment_iiif_link = https://impresso-project.ch/api/proxy/iiif/IMP-1900-05-11-a-p0003/1498,1885,425,49/full/0/default.jpg
vendredi	O	O	O	O	O	O	_	_	_	_	_	_
20	O	O	O	O	O	O	_	_	_	_	_	_
juillet	O	O	O	O	O	O	_	_	NoSpaceAfter	_	_	_
.	O	O	O	O	O	O	_	_	_	EndOfSentence	_	_
—	O	O	O	O	O	O	_	_	_	_	_	_
39	O	O	O	O	O	O	_	_	NoSpaceAfter	_	_	_
.	O	O	O	O	O	O	_	_	_	_	_	_
Tailleurs	O	O	O	O	O	O	_	_	NoSpaceAfter	_	_	_
,	O	O	O	O	O	O	_	_	_	_	_	_
au	O	O	O	O	O	O	_	_	_	_	_	_
Locle	O	O	O	O	O	O	_	_	NoSpaceAfter	_	_	_
,	O	O	O	O	O	O	_	_	_	_	_	_
les	O	O	O	O	O	O	_	_	EndOfLine	_	_	_
# segment_iiif_link = https://impresso-project.ch/api/proxy/iiif/IMP-1900-05-11-a-p0003/1497,1906,263,50/full/0/default.jpg
mercredi	O	O	O	O	O	O	_	_	_	_	_	_
30	O	O	O	O	O	O	_	_	_	_	_	_
el	O	O	O	O	O	O	_	_	_	_	_	_
jeudi	O	O	O	O	O	O	_	_	_	_	_	_
31	O	O	O	O	O	O	_	_	_	_	_	_
mai	O	O	O	O	O	O	_	_	NoSpaceAfter	_	_	_
.	O	O	O	O	O	O	_	_	EndOfLine	EndOfSentence	_	_
# segment_iiif_link = https://impresso-project.ch/api/proxy/iiif/IMP-1900-05-11-a-p0003/1520,1948,402,49/full/0/default.jpg
40	O	O	O	O	O	O	_	_	NoSpaceAfter	_	_	_
.	O	O	O	O	O	O	_	_	_	_	_	_
Commerce	O	O	O	O	O	O	_	_	NoSpaceAfter	_	_	_
,	O	O	O	O	O	O	_	_	_	_	_	_
au	O	O	O	O	O	O	_	_	_	_	_	_
Locle	O	O	O	O	O	O	_	_	NoSpaceAfter	_	_	_
,	O	O	O	O	O	O	_	_	_	_	_	_
le	O	O	O	O	O	O	_	_	_	_	_	_
lundi	O	O	O	O	O	O	_	_	_	_	_	_
4	O	O	O	O	O	O	_	_	_	_	_	_
juin	O	O	O	O	O	O	_	_	NoSpaceAfter	_	_	_
.	O	O	O	O	O	O	_	_	_	EndOfSentence	_	_
—	O	O	O	O	O	O	_	_	EndOfLine	_	_	_
# segment_iiif_link = https://impresso-project.ch/api/proxy/iiif/IMP-1900-05-11-a-p0003/1497,1968,428,50/full/0/default.jpg
41	O	O	O	O	O	O	_	_	NoSpaceAfter	_	_	_
.	O	O	O	O	O	O	_	_	_	_	_	_
Imprimerie	O	O	O	O	O	O	_	_	NoSpaceAfter	_	_	_
,	O	O	O	O	O	O	_	_	_	_	_	_
chez	O	O	O	O	O	O	_	_	_	_	_	_
les	O	O	O	O	O	O	_	_	_	_	_	_
maîtres	O	O	O	O	O	O	_	_	NoSpaceAfter	_	_	_
,	O	O	O	O	O	O	_	_	_	_	_	_
à	O	O	O	O	O	O	_	_	_	_	_	_
Neuchâtel	O	O	O	O	O	O	_	_	NoSpaceAfter	_	_	_
,	O	O	O	O	O	O	_	_	EndOfLine	_	_	_
# segment_iiif_link = https://impresso-project.ch/api/proxy/iiif/IMP-1900-05-11-a-p0003/1498,1989,424,49/full/0/default.jpg
les	O	O	O	O	O	O	_	_	_	_	_	_
samedi	O	O	O	O	O	O	_	_	_	_	_	_
9	O	O	O	O	O	O	_	_	_	_	_	_
el	O	O	O	O	O	O	_	_	_	_	_	_
dimanche	O	O	O	O	O	O	_	_	_	_	_	_
10	O	O	O	O	O	O	_	_	_	_	_	_
juin	O	O	O	O	O	O	_	_	_	_	_	_
;	O	O	O	O	O	O	_	_	_	_	_	_
à	O	O	O	O	O	O	_	_	_	_	_	_
la	O	O	O	O	O	O	_	_	EndOfLine	_	_	_
# segment_iiif_link = https://impresso-project.ch/api/proxy/iiif/IMP-1900-05-11-a-p0003/1498,2010,425,49/full/0/default.jpg
de	O	O	O	O	O	O	_	_	NoSpaceAfter	_	_	_
-	O	O	O	O	O	O	_	_	NoSpaceAfter	_	_	_
Fonds	O	O	O	O	O	O	_	_	NoSpaceAfter	_	_	_
,	O	O	O	O	O	O	_	_	_	_	_	_
le	O	O	O	O	O	O	_	_	_	_	_	_
dimanche	O	O	O	O	O	O	_	_	_	_	_	_
10	O	O	O	O	O	O	_	_	_	_	_	_
juin	O	O	O	O	O	O	_	_	_	_	_	_
;	O	O	O	O	O	O	_	_	_	_	_	_
au	O	O	O	O	O	O	_	_	_	_	_	_
Locle	O	O	O	O	O	O	_	_	NoSpaceAfter	_	_	_
,	O	O	O	O	O	O	_	_	_	_	_	_
le	O	O	O	O	O	O	_	_	EndOfLine	_	_	_
# segment_iiif_link = https://impresso-project.ch/api/proxy/iiif/IMP-1900-05-11-a-p0003/1498,2032,424,49/full/0/default.jpg
dimanche	O	O	O	O	O	O	_	_	_	_	_	_
17	O	O	O	O	O	O	_	_	_	_	_	_
juin	O	O	O	O	O	O	_	_	NoSpaceAfter	_	_	_
.	O	O	O	O	O	O	_	_	_	EndOfSentence	_	_
—	O	O	O	O	O	O	_	_	_	_	_	_
42	O	O	O	O	O	O	_	_	NoSpaceAfter	_	_	_
.	O	O	O	O	O	O	_	_	_	_	_	_
Reliure	O	O	O	O	O	O	_	_	NoSpaceAfter	_	_	_
,	O	O	O	O	O	O	_	_	_	_	_	_
à	O	O	O	O	O	O	_	_	_	_	_	_
la	O	O	O	O	O	O	_	_	EndOfLine	_	_	_
# segment_iiif_link = https://impresso-project.ch/api/proxy/iiif/IMP-1900-05-11-a-p0003/1498,2053,249,49/full/0/default.jpg
de	O	O	O	O	O	O	_	_	NoSpaceAfter	_	_	_
-	O	O	O	O	O	O	_	_	NoSpaceAfter	_	_	_
Fonds	O	O	O	O	O	O	_	_	NoSpaceAfter	_	_	_
,	O	O	O	O	O	O	_	_	_	_	_	_
le	O	O	O	O	O	O	_	_	_	_	_	_
samedi	O	O	O	O	O	O	_	_	_	_	_	_
9	O	O	O	O	O	O	_	_	_	_	_	_
juin	O	O	O	O	O	O	_	_	NoSpaceAfter	_	_	_
.	O	O	O	O	O	O	_	_	EndOfLine	EndOfSentence	_	_
# segment_iiif_link = https://impresso-project.ch/api/proxy/iiif/IMP-1900-05-11-a-p0003/1519,2094,401,49/full/0/default.jpg
43	O	O	O	O	O	O	_	_	NoSpaceAfter	_	_	_
.	O	O	O	O	O	O	_	_	_	_	_	_
Dessin	O	O	O	O	O	O	_	_	_	_	_	_
(	O	O	O	O	O	O	_	_	NoSpaceAfter	_	_	_
ensemble	O	O	O	O	O	O	_	_	_	_	_	_
des	O	O	O	O	O	O	_	_	_	_	_	_
travaux	O	O	O	O	O	O	_	_	NoSpaceAfter	_	_	_
)	O	O	O	O	O	O	_	_	NoSpaceAfter	_	_	_
,	O	O	O	O	O	O	_	_	_	_	_	_
à	O	O	O	O	O	O	_	_	_	_	_	_
la	O	O	O	O	O	O	_	_	EndOfLine	_	_	_
# segment_iiif_link = https://impresso-project.ch/api/proxy/iiif/IMP-1900-05-11-a-p0003/1498,2116,403,49/full/0/default.jpg
Chaux	O	O	O	O	O	O	_	_	NoSpaceAfter	_	_	_
-	O	O	O	O	O	O	_	_	NoSpaceAfter	_	_	_
de	O	O	O	O	O	O	_	_	NoSpaceAfter	_	_	_
-	O	O	O	O	O	O	_	_	NoSpaceAfter	_	_	_
Fonds	O	O	O	O	O	O	_	_	NoSpaceAfter	_	_	_
,	O	O	O	O	O	O	_	_	_	_	_	_
en	O	O	O	O	O	O	_	_	_	_	_	_
juillet	O	O	O	O	O	O	_	_	_	_	_	_
:	O	O	O	O	O	O	_	_	_	_	_	_
ne	O	O	O	O	O	O	_	_	_	_	_	_
concernent	O	O	O	O	O	O	_	_	_	_	_	_
q	O	O	O	O	O	O	_	_	EndOfLine	_	_	_
# segment_iiif_link = https://impresso-project.ch/api/proxy/iiif/IMP-1900-05-11-a-p0003/1498,2136,424,50/full/0/default.jpg
les	O	O	O	O	O	O	_	_	_	_	_	_
experts	O	O	O	O	O	O	_	_	NoSpaceAfter	_	_	_
.	O	O	O	O	O	O	_	_	_	EndOfSentence	_	_
—	O	O	O	O	O	O	_	_	_	_	_	_
44	O	O	O	O	O	O	_	_	NoSpaceAfter	_	_	_
.	O	O	O	O	O	O	_	_	_	_	_	_
Travaux	O	O	O	O	O	O	_	_	_	_	_	_
écrits	O	O	O	O	O	O	_	_	_	_	_	_
(	O	O	O	O	O	O	_	_	NoSpaceAfter	_	_	_
ensemble	O	O	O	O	O	O	_	_	NoSpaceAfter	_	_	_
)	O	O	O	O	O	O	_	_	NoSpaceAfter	_	_	_
,	O	O	O	O	O	O	_	_	EndOfLine	_	_	_
# segment_iiif_link = https://impresso-project.ch/api/proxy/iiif/IMP-1900-05-11-a-p0003/1498,2158,427,49/full/0/default.jpg
à	O	O	O	O	O	O	_	_	_	_	_	_
Neuchâtel	O	O	O	O	O	O	_	_	NoSpaceAfter	_	_	_
,	O	O	O	O	O	O	_	_	_	_	_	_
en	O	O	O	O	O	O	_	_	_	_	_	_
juillet	O	O	O	O	O	O	_	_	_	_	_	_
:	O	O	O	O	O	O	_	_	_	_	_	_
ne	O	O	O	O	O	O	_	_	_	_	_	_
concernent	O	O	O	O	O	O	_	_	_	_	_	_
que	O	O	O	O	O	O	_	_	_	_	_	_
le	O	O	O	O	O	O	_	_	_	_	_	_
»	O	O	O	O	O	O	_	_	EndOfLine	_	_	_
# segment_iiif_link = https://impresso-project.ch/api/proxy/iiif/IMP-1900-05-11-a-p0003/1498,2180,72,49/full/0/default.jpg
experts	O	O	O	O	O	O	_	_	NoSpaceAfter	_	_	_
.	O	O	O	O	O	O	_	_	EndOfLine	EndOfSentence	_	_
# segment_iiif_link = https://impresso-project.ch/api/proxy/iiif/IMP-1900-05-11-a-p0003/1518,2201,406,49/full/0/default.jpg
Tous	O	O	O	O	O	O	_	_	_	_	_	_
les	O	O	O	O	O	O	_	_	_	_	_	_
apprentis	O	O	O	O	O	O	_	_	_	_	_	_
recevront	O	O	O	O	O	O	_	_	NoSpaceAfter	_	_	_
,	O	O	O	O	O	O	_	_	_	_	_	_
â	O	O	O	O	O	O	_	_	_	_	_	_
temps	O	O	O	O	O	O	_	_	_	_	_	_
utile	O	O	O	O	O	O	_	_	NoSpaceAfter	_	_	_
,	O	O	O	O	O	O	_	_	EndOfLine	_	_	_
# segment_iiif_link = https://impresso-project.ch/api/proxy/iiif/IMP-1900-05-11-a-p0003/1497,2222,427,49/full/0/default.jpg
les	O	O	O	O	O	O	_	_	_	_	_	_
renseignements	O	O	O	O	O	O	_	_	_	_	_	_
qui	O	O	O	O	O	O	_	_	_	_	_	_
'	O	O	O	O	O	O	_	_	NoSpaceAfter	_	_	_
es	O	O	O	O	O	O	_	_	_	_	_	_
concernent	O	O	O	O	O	O	_	_	_	_	_	_
;	O	O	O	O	O	O	_	_	_	_	_	_
ils	O	O	O	O	O	O	_	_	EndOfLine	_	_	_
# segment_iiif_link = https://impresso-project.ch/api/proxy/iiif/IMP-1900-05-11-a-p0003/1497,2244,302,49/full/0/default.jpg
n	O	O	O	O	O	O	_	_	NoSpaceAfter	_	_	_
'	O	O	O	O	O	O	_	_	NoSpaceAfter	_	_	_
ont	O	O	O	O	O	O	_	_	_	_	_	_
pas	O	O	O	O	O	O	_	_	_	_	_	_
besoin	O	O	O	O	O	O	_	_	_	_	_	_
de	O	O	O	O	O	O	_	_	_	_	_	_
les	O	O	O	O	O	O	_	_	_	_	_	_
réclamer	O	O	O	O	O	O	_	_	NoSpaceAfter	_	_	_
.	O	O	O	O	O	O	_	_	EndOfLine	EndOfSentence	_	_
# segment_iiif_link = https://impresso-project.ch/api/proxy/iiif/IMP-1900-05-11-a-p0003/1554,2271,362,49/full/0/default.jpg
Inspectorat	O	O	O	O	O	O	_	_	_	_	_	_
cantonal	O	O	O	O	O	O	_	_	_	_	_	_
des	O	O	O	O	O	O	_	_	_	_	_	_
apprentissages	O	O	O	O	O	O	_	_	NoSpaceAfter	_	_	_
.	O	O	O	O	O	O	_	_	EndOfLine	EndOfSentence	_	_

# language = fr
# newspaper = IMP
# date = 1903-09-24
# document_id = IMP-1903-09-24-a-i0012
# news-agency-as-source = _
# segment_iiif_link = https://impresso-project.ch/api/proxy/iiif/IMP-1903-09-24-a-p0002/1554,148,342,115/full/0/default.jpg
S	O	O	O	O	O	O	_	_	_	_	_	_
.	O	O	O	O	O	O	_	_	NoSpaceAfter	EndOfSentence	_	_
-	O	O	O	O	O	O	_	_	NoSpaceAfter	_	_	_
A	O	O	O	O	O	O	_	_	NoSpaceAfter	_	_	_
.	O	O	O	O	O	O	_	_	_	EndOfSentence	_	_
WEBER	O	O	O	O	O	O	_	_	EndOfLine	_	_	_
# segment_iiif_link = https://impresso-project.ch/api/proxy/iiif/IMP-1903-09-24-a-p0002/1609,218,225,43/full/0/default.jpg
Massenr	O	O	O	O	O	O	_	_	NoSpaceAfter	_	_	_
-	O	O	O	O	O	O	_	_	NoSpaceAfter	_	_	_
garde	O	O	O	O	O	O	_	_	NoSpaceAfter	_	_	_
-	O	O	O	O	O	O	_	_	NoSpaceAfter	_	_	_
malade	O	O	O	O	O	O	_	_	EndOfLine	_	_	_
# segment_iiif_link = https://impresso-project.ch/api/proxy/iiif/IMP-1903-09-24-a-p0002/1562,239,322,44/full/0/default.jpg
Diplômé	O	O	O	O	O	O	_	_	_	_	_	_
de	O	O	O	O	O	O	_	_	_	_	_	_
l	O	O	O	O	O	O	_	_	NoSpaceAfter	_	_	_
'	O	O	O	O	O	O	_	_	NoSpaceAfter	_	_	_
Institut	O	O	O	O	O	O	_	_	_	_	_	_
sanitaire	O	O	O	O	O	O	_	_	_	_	_	_
de	O	O	O	O	O	O	_	_	_	_	_	_
B	O	O	O	O	O	O	_	_	_	_	_	_
&	O	O	O	O	O	O	_	_	_	_	_	_
le	O	O	O	O	O	O	_	_	NoSpaceAfter	_	_	_
.	O	O	O	O	O	O	_	_	EndOfLine	EndOfSentence	_	_
# segment_iiif_link = https://impresso-project.ch/api/proxy/iiif/IMP-1903-09-24-a-p0002/1570,272,322,44/full/0/default.jpg
Traitement	O	O	O	O	O	O	_	_	_	_	_	_
des	O	O	O	O	O	O	_	_	_	_	_	_
maladies	O	O	O	O	O	O	_	_	_	_	_	_
par	O	O	O	O	O	O	_	_	_	_	_	_
remèdes	O	O	O	O	O	O	_	_	EndOfLine	_	_	_
# segment_iiif_link = https://impresso-project.ch/api/proxy/iiif/IMP-1903-09-24-a-p0002/1553,288,339,44/full/0/default.jpg
naturels	O	O	O	O	O	O	_	_	_	_	_	_
:	O	O	O	O	O	O	_	_	_	_	_	_
Massage	O	O	O	O	O	O	_	_	_	_	_	_
suédois	O	O	O	O	O	O	_	_	NoSpaceAfter	_	_	_
,	O	O	O	O	O	O	_	_	_	_	_	_
traitements	O	O	O	O	O	O	_	_	EndOfLine	_	_	_
# segment_iiif_link = https://impresso-project.ch/api/proxy/iiif/IMP-1903-09-24-a-p0002/1552,305,340,43/full/0/default.jpg
hydrothérapoutiques	O	O	O	O	O	O	_	_	NoSpaceAfter	_	_	_
,	O	O	O	O	O	O	_	_	_	_	_	_
gymnastique	O	O	O	O	O	O	_	_	EndOfLine	_	_	_
# segment_iiif_link = https://impresso-project.ch/api/proxy/iiif/IMP-1903-09-24-a-p0002/1553,321,339,44/full/0/default.jpg
médicale	O	O	O	O	O	O	_	_	NoSpaceAfter	_	_	_
,	O	O	O	O	O	O	_	_	_	_	_	_
etc	O	O	O	O	O	O	_	_	NoSpaceAfter	_	_	_
.	O	O	O	O	O	O	_	_	_	EndOfSentence	_	_
—	O	O	O	O	O	O	_	_	_	_	_	_
Traitement	O	O	O	O	O	O	_	_	_	_	_	_
des	O	O	O	O	O	O	_	_	_	_	_	_
maladies	O	O	O	O	O	O	_	_	EndOfLine	_	_	_
# segment_iiif_link = https://impresso-project.ch/api/proxy/iiif/IMP-1903-09-24-a-p0002/1553,338,216,43/full/0/default.jpg
dites	O	O	O	O	O	O	_	_	_	_	_	_
secrètes	O	O	O	O	O	O	_	_	_	_	_	_
des	O	O	O	O	O	O	_	_	_	_	_	_
Messieurs	O	O	O	O	O	O	_	_	NoSpaceAfter	_	_	_
.	O	O	O	O	O	O	_	_	EndOfLine	EndOfSentence	_	_
# segment_iiif_link = https://impresso-project.ch/api/proxy/iiif/IMP-1903-09-24-a-p0002/1569,356,305,44/full/0/default.jpg
Se	O	O	O	O	O	O	_	_	_	_	_	_
rend	O	O	O	O	O	O	_	_	_	_	_	_
i	O	O	O	O	O	O	_	_	NoSpaceAfter	_	_	_
.	O	O	O	O	O	O	_	_	_	EndOfSentence	_	_
domicile	O	O	O	O	O	O	_	_	NoSpaceAfter	_	_	_
.	O	O	O	O	O	O	_	_	_	EndOfSentence	_	_
Se	O	O	O	O	O	O	_	_	_	_	_	_
recommande	O	O	O	O	O	O	_	_	NoSpaceAfter	_	_	_
.	O	O	O	O	O	O	_	_	EndOfLine	EndOfSentence	_	_
# segment_iiif_link = https://impresso-project.ch/api/proxy/iiif/IMP-1903-09-24-a-p0002/1569,374,322,43/full/0/default.jpg
S	O	O	O	O	O	O	_	_	NoSpaceAfter	_	_	_
'	O	O	O	O	O	O	_	_	NoSpaceAfter	_	_	_
adresser	O	O	O	O	O	O	_	_	_	_	_	_
chez	O	O	O	O	O	O	_	_	_	_	_	_
M	O	O	O	O	O	O	_	_	NoSpaceAfter	_	_	_
.	O	O	O	O	O	O	_	_	_	_	_	_
G	O	O	O	O	O	O	_	_	NoSpaceAfter	_	_	_
.	O	O	O	O	O	O	_	_	_	_	_	_
Delaprès	O	O	O	O	O	O	_	_	NoSpaceAfter	_	_	_
,	O	O	O	O	O	O	_	_	_	_	_	_
rue	O	O	O	O	O	O	_	_	_	_	_	_
dtt	O	O	O	O	O	O	_	_	EndOfLine	_	_	_
# segment_iiif_link = https://impresso-project.ch/api/proxy/iiif/IMP-1903-09-24-a-p0002/1552,392,339,43/full/0/default.jpg
Temple	O	O	O	O	O	O	_	_	NoSpaceAfter	_	_	_
-	O	O	O	O	O	O	_	_	NoSpaceAfter	_	_	_
Allemand	O	O	O	O	O	O	_	_	_	_	_	_
37	O	O	O	O	O	O	_	_	_	_	_	_
pour	O	O	O	O	O	O	_	_	_	_	_	_
la	O	O	O	O	O	O	_	_	EndOfLine	_	_	_
# segment_iiif_link = https://impresso-project.ch/api/proxy/iiif/IMP-1903-09-24-a-p0002/1553,408,337,43/full/0/default.jpg
Chaux	O	O	O	O	O	O	_	_	NoSpaceAfter	_	_	_
-	O	O	O	O	O	O	_	_	NoSpaceAfter	_	_	_
de	O	O	O	O	O	O	_	_	NoSpaceAfter	_	_	_
-	O	O	O	O	O	O	_	_	NoSpaceAfter	_	_	_
Fonds	O	O	O	O	O	O	_	_	NoSpaceAfter	_	_	_
,	O	O	O	O	O	O	_	_	_	_	_	_
et	O	O	O	O	O	O	_	_	_	_	_	_
pour	O	O	O	O	O	O	_	_	_	_	_	_
Le	O	O	O	O	O	O	_	_	_	_	_	_
Locle	O	O	O	O	O	O	_	_	NoSpaceAfter	_	_	_
,	O	O	O	O	O	O	_	_	_	_	_	_
_	O	O	O	O	O	O	_	_	NoSpaceAfter	_	_	_
Grande	O	O	O	O	O	O	_	_	EndOfLine	_	_	_
# segment_iiif_link = https://impresso-project.ch/api/proxy/iiif/IMP-1903-09-24-a-p0002/1552,425,340,43/full/0/default.jpg
Bue	O	O	O	O	O	O	_	_	_	_	_	_
23	O	O	O	O	O	O	_	_	NoSpaceAfter	_	_	_
.	O	O	O	O	O	O	_	_	_	EndOfSentence	_	_
12626	O	O	O	O	O	O	_	_	NoSpaceAfter	_	_	_
-	O	O	O	O	O	O	_	_	NoSpaceAfter	_	_	_
1	O	O	O	O	O	O	_	_	EndOfLine	_	_	_
# segment_iiif_link = https://impresso-project.ch/api/proxy/iiif/IMP-1903-09-24-a-p0002/1573,458,266,48/full/0/default.jpg
jÊAu	O	O	O	O	O	O	_	_	_	_	_	_
»	O	O	O	O	O	O	_	_	_	_	_	_
i	O	O	O	O	O	O	_	_	_	_	_	_
_	O	O	O	O	O	O	_	_	_	_	_	_
H	O	O	O	O	O	O	_	_	NoSpaceAfter	_	_	_
]	O	O	O	O	O	O	_	_	NoSpaceAfter	_	_	_
'	O	O	O	O	O	O	_	_	NoSpaceAfter	_	_	_
Com	O	O	O	O	O	O	_	_	_	_	_	_
merce	O	O	O	O	O	O	_	_	_	_	_	_
de	O	O	O	O	O	O	_	_	EndOfLine	_	_	_
# segment_iiif_link = https://impresso-project.ch/api/proxy/iiif/IMP-1903-09-24-a-p0002/1552,434,320,148/full/0/default.jpg
m	O	O	O	O	O	O	_	_	_	_	_	_
PIANOS	O	O	O	O	O	O	_	_	EndOfLine	_	_	_
# segment_iiif_link = https://impresso-project.ch/api/proxy/iiif/IMP-1903-09-24-a-p0002/1569,550,323,43/full/0/default.jpg
Magnifique	O	O	O	O	O	O	_	_	_	_	_	_
choix	O	O	O	O	O	O	_	_	_	_	_	_
de	O	O	O	O	O	O	_	_	_	_	_	_
Pianos	O	O	O	O	O	O	_	_	_	_	_	_
de	O	O	O	O	O	O	_	_	_	_	_	_
touté	O	O	O	O	O	O	_	_	_	_	_	_
_	O	O	O	O	O	O	_	_	NoSpaceAfter	_	_	_
^	O	O	O	O	O	O	_	_	EndOfLine	_	_	_
# segment_iiif_link = https://impresso-project.ch/api/proxy/iiif/IMP-1903-09-24-a-p0002/1551,566,341,44/full/0/default.jpg
marques	O	O	O	O	O	O	_	_	_	_	_	_
connues	O	O	O	O	O	O	_	_	NoSpaceAfter	_	_	_
.	O	O	O	O	O	O	_	_	_	EndOfSentence	_	_
Pianos	O	O	O	O	O	O	_	_	_	_	_	_
<	O	O	O	O	O	O	_	_	_	_	_	_
C	O	O	O	O	O	O	_	_	_	_	_	_
2	O	O	O	O	O	O	_	_	_	_	_	_
K	O	O	O	O	O	O	_	_	_	_	_	_
!	O	O	O	O	O	O	_	_	NoSpaceAfter	EndOfSentence	_	_
_	O	O	O	O	O	O	_	_	_	_	_	_
"	O	O	O	O	O	O	_	_	NoSpaceAfter	_	_	_
k	O	O	O	O	O	O	_	_	_	_	_	_
fn	O	O	O	O	O	O	_	_	NoSpaceAfter	_	_	_
'	O	O	O	O	O	O	_	_	NoSpaceAfter	_	_	_
i	O	O	O	O	O	O	_	_	EndOfLine	_	_	_
# segment_iiif_link = https://impresso-project.ch/api/proxy/iiif/IMP-1903-09-24-a-p0002/1653,583,236,43/full/0/default.jpg
neufs	O	O	O	O	O	O	_	_	NoSpaceAfter	_	_	_
,	O	O	O	O	O	O	_	_	_	_	_	_
depuis	O	O	O	O	O	O	_	_	_	_	_	_
_	O	O	O	O	O	O	_	_	NoSpaceAfter	_	_	_
Oww	O	O	O	O	O	O	_	_	_	_	_	_
lia	O	O	O	O	O	O	_	_	EndOfLine	_	_	_
# segment_iiif_link = https://impresso-project.ch/api/proxy/iiif/IMP-1903-09-24-a-p0002/1568,603,322,44/full/0/default.jpg
On	O	O	O	O	O	O	_	_	_	_	_	_
se	O	O	O	O	O	O	_	_	_	_	_	_
charge	O	O	O	O	O	O	_	_	_	_	_	_
de	O	O	O	O	O	O	_	_	_	_	_	_
toutes	O	O	O	O	O	O	_	_	_	_	_	_
réparation	O	O	O	O	O	O	_	_	_	_	_	_
*	O	O	O	O	O	O	_	_	NoSpaceAfter	_	_	_
?	O	O	O	O	O	O	_	_	EndOfLine	_	_	_
# segment_iiif_link = https://impresso-project.ch/api/proxy/iiif/IMP-1903-09-24-a-p0002/1550,620,269,44/full/0/default.jpg
et	O	O	O	O	O	O	_	_	_	_	_	_
accordages	O	O	O	O	O	O	_	_	_	_	_	_
à	O	O	O	O	O	O	_	_	_	_	_	_
prix	O	O	O	O	O	O	_	_	_	_	_	_
modérés	O	O	O	O	O	O	_	_	NoSpaceAfter	_	_	_
.	O	O	O	O	O	O	_	_	EndOfLine	_	_	_
# segment_iiif_link = https://impresso-project.ch/api/proxy/iiif/IMP-1903-09-24-a-p0002/1584,637,306,44/full/0/default.jpg
Se	O	O	O	O	O	O	_	_	_	_	_	_
recommande	O	O	O	O	O	O	_	_	NoSpaceAfter	_	_	_
,	O	O	O	O	O	O	_	_	_	_	_	_
10785	O	O	O	O	O	O	_	_	NoSpaceAfter	_	_	_
-	O	O	O	O	O	O	_	_	NoSpaceAfter	_	_	_
8	O	O	O	O	O	O	_	_	EndOfLine	_	_	_
# segment_iiif_link = https://impresso-project.ch/api/proxy/iiif/IMP-1903-09-24-a-p0002/1571,649,320,73/full/0/default.jpg
M	O	O	O	O	O	O	_	_	NoSpaceAfter	_	_	_
.	O	O	O	O	O	O	_	_	_	_	_	_
DOTHELj	O	O	O	O	O	O	_	_	EndOfLine	_	_	_
# segment_iiif_link = https://impresso-project.ch/api/proxy/iiif/IMP-1903-09-24-a-p0002/1650,694,240,43/full/0/default.jpg
Rne	O	O	O	O	O	O	_	_	_	_	_	_
Léopold	O	O	O	O	O	O	_	_	NoSpaceAfter	_	_	_
-	O	O	O	O	O	O	_	_	NoSpaceAfter	_	_	_
Robert	O	O	O	O	O	O	_	_	_	_	_	_
144	O	O	O	O	O	O	_	_	NoSpaceAfter	_	_	_
.	O	O	O	O	O	O	_	_	EndOfLine	_	_	_
# segment_iiif_link = https://impresso-project.ch/api/proxy/iiif/IMP-1903-09-24-a-p0002/1568,730,307,62/full/0/default.jpg
IlOKLOUfiltiE	O	O	O	O	O	O	_	_	_	_	_	_
Garantie	O	O	O	O	O	O	_	_	EndOfLine	_	_	_
# segment_iiif_link = https://impresso-project.ch/api/proxy/iiif/IMP-1903-09-24-a-p0002/1486,890,362,44/full/0/default.jpg
è	O	O	O	O	O	O	_	_	_	_	_	_
Vente	O	O	O	O	O	O	_	_	_	_	_	_
an	O	O	O	O	O	O	_	_	_	_	_	_
détail	O	O	O	O	O	O	_	_	EndOfLine	_	_	_
# segment_iiif_link = https://impresso-project.ch/api/proxy/iiif/IMP-1903-09-24-a-p0002/1763,800,126,44/full/0/default.jpg
de	O	O	O	O	O	O	_	_	_	_	_	_
13890	O	O	O	O	O	O	_	_	NoSpaceAfter	_	_	_
-	O	O	O	O	O	O	_	_	NoSpaceAfter	_	_	_
771	O	O	O	O	O	O	_	_	_	_	_	_
;	O	O	O	O	O	O	_	_	EndOfLine	_	_	_
# segment_iiif_link = https://impresso-project.ch/api/proxy/iiif/IMP-1903-09-24-a-p0002/1664,807,219,85/full/0/default.jpg
Montres	O	O	O	O	O	O	_	_	_	_	_	_
é	O	O	O	O	O	O	_	_	_	_	_	_
_	O	O	O	O	O	O	_	_	NoSpaceAfter	_	_	_
$	O	O	O	O	O	O	_	_	_	_	_	_
mm	O	O	O	O	O	O	_	_	EndOfLine	_	_	_
# segment_iiif_link = https://impresso-project.ch/api/proxy/iiif/IMP-1903-09-24-a-p0002/1717,865,116,43/full/0/default.jpg
en	O	O	O	O	O	O	_	_	_	_	_	_
tous	O	O	O	O	O	O	_	_	_	_	_	_
genres	O	O	O	O	O	O	_	_	EndOfLine	_	_	_
# segment_iiif_link = https://impresso-project.ch/api/proxy/iiif/IMP-1903-09-24-a-p0002/1683,883,192,49/full/0/default.jpg
t	O	O	O	O	O	O	_	_	_	_	_	_
Prix	O	O	O	O	O	O	_	_	_	_	_	_
avantageas	O	O	O	O	O	O	_	_	_	_	_	_
!	O	O	O	O	O	O	_	_	EndOfLine	_	_	_
# segment_iiif_link = https://impresso-project.ch/api/proxy/iiif/IMP-1903-09-24-a-p0002/1551,919,332,52/full/0/default.jpg
P	O	O	O	O	O	O	_	_	NoSpaceAfter	_	_	_
.	O	O	O	O	O	O	_	_	_	_	_	_
BAILLOD	O	O	O	O	O	O	_	_	NoSpaceAfter	_	_	_
-	O	O	O	O	O	O	_	_	NoSpaceAfter	_	_	_
PERRET	O	O	O	O	O	O	_	_	EndOfLine	_	_	_
# segment_iiif_link = https://impresso-project.ch/api/proxy/iiif/IMP-1903-09-24-a-p0002/1589,948,253,44/full/0/default.jpg
LA	O	O	O	O	O	O	_	_	_	_	_	_
CHAUX	O	O	O	O	O	O	_	_	NoSpaceAfter	_	_	_
-	O	O	O	O	O	O	_	_	NoSpaceAfter	_	_	_
DE	O	O	O	O	O	O	_	_	NoSpaceAfter	_	_	_
-	O	O	O	O	O	O	_	_	NoSpaceAfter	_	_	_
FOND	O	O	O	O	O	O	_	_	_	_	_	_
_	O	O	O	O	O	O	_	_	NoSpaceAfter	_	_	_
8	O	O	O	O	O	O	_	_	EndOfLine	_	_	_
# segment_iiif_link = https://impresso-project.ch/api/proxy/iiif/IMP-1903-09-24-a-p0002/1550,973,338,44/full/0/default.jpg
58	O	O	O	O	O	O	_	_	_	_	_	_
—	O	O	O	O	O	O	_	_	_	_	_	_
Rne	O	O	O	O	O	O	_	_	_	_	_	_
Léopold	O	O	O	O	O	O	_	_	_	_	_	_
Robert	O	O	O	O	O	O	_	_	_	_	_	_
—	O	O	O	O	O	O	_	_	_	_	_	_
58	O	O	O	O	O	O	_	_	EndOfLine	_	_	_
# segment_iiif_link = https://impresso-project.ch/api/proxy/iiif/IMP-1903-09-24-a-p0002/1559,1121,314,44/full/0/default.jpg
_	O	O	O	O	O	O	_	_	NoSpaceAfter	_	_	_
fy	O	O	O	O	O	O	_	_	_	_	_	_
_	O	O	O	O	O	O	_	_	NoSpaceAfter	_	_	_
^	O	O	O	O	O	O	_	_	_	_	_	_
a	O	O	O	O	O	O	_	_	_	_	_	_
_	O	O	O	O	O	O	_	_	NoSpaceAfter	_	_	_
^	O	O	O	O	O	O	_	_	_	_	_	_
m	O	O	O	O	O	O	_	_	_	_	_	_
*	O	O	O	O	O	O	_	_	_	_	_	_
en	O	O	O	O	O	O	_	_	_	_	_	_
tous	O	O	O	O	O	O	_	_	_	_	_	_
genre	O	O	O	O	O	O	_	_	_	_	_	_
*	O	O	O	O	O	O	_	_	EndOfLine	_	_	_
# segment_iiif_link = https://impresso-project.ch/api/proxy/iiif/IMP-1903-09-24-a-p0002/1681,1129,180,69/full/0/default.jpg
.	O	O	O	O	O	O	_	_	_	_	_	_
DROZ	O	O	O	O	O	O	_	_	_	_	_	_
Serre	O	O	O	O	O	O	_	_	_	_	_	_
38	O	O	O	O	O	O	_	_	EndOfLine	_	_	_
# segment_iiif_link = https://impresso-project.ch/api/proxy/iiif/IMP-1903-09-24-a-p0002/1693,1186,191,43/full/0/default.jpg
Spécialié	O	O	O	O	O	O	_	_	_	_	_	_
pour	O	O	O	O	O	O	_	_	_	_	_	_
frappée	O	O	O	O	O	O	_	_	EndOfLine	_	_	_
# segment_iiif_link = https://impresso-project.ch/api/proxy/iiif/IMP-1903-09-24-a-p0002/1670,1202,214,43/full/0/default.jpg
de	O	O	O	O	O	O	_	_	_	_	_	_
boites	O	O	O	O	O	O	_	_	_	_	_	_
de	O	O	O	O	O	O	_	_	_	_	_	_
montres	O	O	O	O	O	O	_	_	NoSpaceAfter	_	_	_
.	O	O	O	O	O	O	_	_	_	_	_	_
Xi	O	O	O	O	O	O	_	_	EndOfLine	_	_	_
# segment_iiif_link = https://impresso-project.ch/api/proxy/iiif/IMP-1903-09-24-a-p0002/1539,1216,318,43/full/0/default.jpg
I	O	O	O	O	O	O	_	_	_	_	_	_
vraisons	O	O	O	O	O	O	_	_	_	_	_	_
matrices	O	O	O	O	O	O	_	_	_	_	_	_
pour	O	O	O	O	O	O	_	_	_	_	_	_
genre	O	O	O	O	O	O	_	_	_	_	_	_
niel	O	O	O	O	O	O	_	_	_	_	_	_
r	O	O	O	O	O	O	_	_	EndOfLine	_	_	_
# segment_iiif_link = https://impresso-project.ch/api/proxy/iiif/IMP-1903-09-24-a-p0002/1548,1232,337,43/full/0/default.jpg
lief	O	O	O	O	O	O	_	_	NoSpaceAfter	_	_	_
,	O	O	O	O	O	O	_	_	_	_	_	_
etc	O	O	O	O	O	O	_	_	NoSpaceAfter	_	_	_
.	O	O	O	O	O	O	_	_	_	_	_	_
Poinçons	O	O	O	O	O	O	_	_	_	_	_	_
pour	O	O	O	O	O	O	_	_	_	_	_	_
emailleurs	O	O	O	O	O	O	_	_	NoSpaceAfter	_	_	_
,	O	O	O	O	O	O	_	_	_	_	_	_
_	O	O	O	O	O	O	_	_	NoSpaceAfter	_	_	_
pelfH	O	O	O	O	O	O	_	_	EndOfLine	_	_	_
# segment_iiif_link = https://impresso-project.ch/api/proxy/iiif/IMP-1903-09-24-a-p0002/1548,1249,335,44/full/0/default.jpg
très	O	O	O	O	O	O	_	_	_	_	_	_
sur	O	O	O	O	O	O	_	_	_	_	_	_
émail	O	O	O	O	O	O	_	_	NoSpaceAfter	_	_	_
.	O	O	O	O	O	O	_	_	_	_	_	_
Marques	O	O	O	O	O	O	_	_	NoSpaceAfter	_	_	_
,	O	O	O	O	O	O	_	_	_	_	_	_
lettres	O	O	O	O	O	O	_	_	NoSpaceAfter	_	_	_
,	O	O	O	O	O	O	_	_	_	_	_	_
chiffre	O	O	O	O	O	O	_	_	_	_	_	_
*	O	O	O	O	O	O	_	_	EndOfLine	_	_	_
# segment_iiif_link = https://impresso-project.ch/api/proxy/iiif/IMP-1903-09-24-a-p0002/1549,1266,337,43/full/0/default.jpg
Exécution	O	O	O	O	O	O	_	_	_	_	_	_
prompte	O	O	O	O	O	O	_	_	_	_	_	_
et	O	O	O	O	O	O	_	_	_	_	_	_
soigné	O	O	O	O	O	O	_	_	_	_	_	_
»	O	O	O	O	O	O	_	_	NoSpaceAfter	_	_	_
?	O	O	O	O	O	O	_	_	_	_	_	_
"	O	O	O	O	O	O	_	_	_	_	_	_
Travail	O	O	O	O	O	O	_	_	EndOfLine	_	_	_
# segment_iiif_link = https://impresso-project.ch/api/proxy/iiif/IMP-1903-09-24-a-p0002/1548,1282,339,43/full/0/default.jpg
garanti	O	O	O	O	O	O	_	_	NoSpaceAfter	_	_	_
.	O	O	O	O	O	O	_	_	_	EndOfSentence	_	_
_	O	O	O	O	O	O	_	_	_	_	_	_
¦	O	O	O	O	O	O	_	_	_	_	_	_
_	O	O	O	O	O	O	_	_	_	_	_	_
17408	O	O	O	O	O	O	_	_	NoSpaceAfter	_	_	_
-	O	O	O	O	O	O	_	_	NoSpaceAfter	_	_	_
21	O	O	O	O	O	O	_	_	EndOfLine	_	_	_
# segment_iiif_link = https://impresso-project.ch/api/proxy/iiif/IMP-1903-09-24-a-p0002/1881,1306,5,35/full/0/default.jpg
a	O	O	O	O	O	O	_	_	EndOfLine	_	_	_
# segment_iiif_link = https://impresso-project.ch/api/proxy/iiif/IMP-1903-09-24-a-p0002/1550,1306,341,106/full/0/default.jpg
ILugeËMeiii	O	O	O	O	O	O	_	_	EndOfLine	_	_	_
# segment_iiif_link = https://impresso-project.ch/api/proxy/iiif/IMP-1903-09-24-a-p0002/1565,1396,325,44/full/0/default.jpg
Pour	O	O	O	O	O	O	_	_	_	_	_	_
Saint	O	O	O	O	O	O	_	_	NoSpaceAfter	_	_	_
-	O	O	O	O	O	O	_	_	NoSpaceAfter	_	_	_
Martin	O	O	O	O	O	O	_	_	_	_	_	_
1903	O	O	O	O	O	O	_	_	NoSpaceAfter	_	_	_
,	O	O	O	O	O	O	_	_	_	_	_	_
un	O	O	O	O	O	O	_	_	_	_	_	_
ménage	O	O	O	O	O	O	_	_	_	_	_	_
sand	O	O	O	O	O	O	_	_	NoSpaceAfter	_	_	_
'	O	O	O	O	O	O	_	_	EndOfLine|NoSpaceAfter	_	_	_
# segment_iiif_link = https://impresso-project.ch/api/proxy/iiif/IMP-1903-09-24-a-p0002/1549,1413,340,44/full/0/default.jpg
enfants	O	O	O	O	O	O	_	_	_	_	_	_
demande	O	O	O	O	O	O	_	_	_	_	_	_
à	O	O	O	O	O	O	_	_	_	_	_	_
louer	O	O	O	O	O	O	_	_	_	_	_	_
un	O	O	O	O	O	O	_	_	_	_	_	_
apparteUaont	O	O	O	O	O	O	_	_	EndOfLine	_	_	_
# segment_iiif_link = https://impresso-project.ch/api/proxy/iiif/IMP-1903-09-24-a-p0002/1549,1430,340,43/full/0/default.jpg
confortable	O	O	O	O	O	O	_	_	NoSpaceAfter	_	_	_
,	O	O	O	O	O	O	_	_	_	_	_	_
3	O	O	O	O	O	O	_	_	NoSpaceAfter	_	_	_
-	O	O	O	O	O	O	_	_	NoSpaceAfter	_	_	_
pièces	O	O	O	O	O	O	_	_	NoSpaceAfter	_	_	_
,	O	O	O	O	O	O	_	_	_	_	_	_
cuisine	O	O	O	O	O	O	_	_	_	_	_	_
"	O	O	O	O	O	O	_	_	NoSpaceAfter	_	_	_
,	O	O	O	O	O	O	_	_	_	_	_	_
et	O	O	O	O	O	O	_	_	NoSpaceAfter	_	_	_
,	O	O	O	O	O	O	_	_	EndOfLine	_	_	_
# segment_iiif_link = https://impresso-project.ch/api/proxy/iiif/IMP-1903-09-24-a-p0002/1549,1446,339,43/full/0/default.jpg
dépendances	O	O	O	O	O	O	_	_	NoSpaceAfter	_	_	_
,	O	O	O	O	O	O	_	_	_	_	_	_
avec	O	O	O	O	O	O	_	_	_	_	_	_
eau	O	O	O	O	O	O	_	_	_	_	_	_
et	O	O	O	O	O	O	_	_	_	_	_	_
gaz	O	O	O	O	O	O	_	_	_	_	_	_
à	O	O	O	O	O	O	_	_	_	_	_	_
la	O	O	O	O	O	O	_	_	NoSpaceAfter	_	_	_
'	O	O	O	O	O	O	_	_	NoSpaceAfter	_	_	_
cuisine	O	O	O	O	O	O	_	_	_	_	_	_
;	O	O	O	O	O	O	_	_	_	_	_	_
<	O	O	O	O	O	O	_	_	_	_	_	_
_	O	O	O	O	O	O	_	_	NoSpaceAfter	_	_	_
J	O	O	O	O	O	O	_	_	_	_	_	_
_	O	O	O	O	O	O	_	_	NoSpaceAfter	_	_	_
>	O	O	O	O	O	O	_	_	EndOfLine	_	_	_
# segment_iiif_link = https://impresso-project.ch/api/proxy/iiif/IMP-1903-09-24-a-p0002/1549,1463,341,43/full/0/default.jpg
préférence	O	O	O	O	O	O	_	_	_	_	_	_
côté	O	O	O	O	O	O	_	_	_	_	_	_
nord	O	O	O	O	O	O	_	_	_	_	_	_
ou	O	O	O	O	O	O	_	_	_	_	_	_
nord	O	O	O	O	O	O	_	_	NoSpaceAfter	_	_	_
-	O	O	O	O	O	O	_	_	NoSpaceAfter	_	_	_
ouest	O	O	O	O	O	O	_	_	_	_	_	_
A	O	O	O	O	O	O	_	_	_	_	_	_
*	O	O	O	O	O	O	_	_	_	_	_	_
là	O	O	O	O	O	O	_	_	EndOfLine	_	_	_
# segment_iiif_link = https://impresso-project.ch/api/proxy/iiif/IMP-1903-09-24-a-p0002/1548,1479,340,43/full/0/default.jpg
ville	O	O	O	O	O	O	_	_	NoSpaceAfter	_	_	_
.	O	O	O	O	O	O	_	_	_	EndOfSentence	_	_
—	O	O	O	O	O	O	_	_	_	_	_	_
Adresser	O	O	O	O	O	O	_	_	_	_	_	_
les	O	O	O	O	O	O	_	_	_	_	_	_
offres	O	O	O	O	O	O	_	_	_	_	_	_
sous	O	O	O	O	O	O	_	_	_	_	_	_
chifffcrt	O	O	O	O	O	O	_	_	EndOfLine	_	_	_
# segment_iiif_link = https://impresso-project.ch/api/proxy/iiif/IMP-1903-09-24-a-p0002/1548,1496,343,44/full/0/default.jpg
M	O	O	O	O	O	O	_	_	NoSpaceAfter	_	_	_
.	O	O	O	O	O	O	_	_	_	_	_	_
J	O	O	O	O	O	O	_	_	_	_	_	_
.	O	O	O	O	O	O	_	_	NoSpaceAfter	EndOfSentence	_	_
,	O	O	O	O	O	O	_	_	_	_	_	_
13443	O	O	O	O	O	O	_	_	NoSpaceAfter	_	_	_
,	O	O	O	O	O	O	_	_	_	_	_	_
au	O	O	O	O	O	O	_	_	_	_	_	_
bureau	O	O	O	O	O	O	_	_	_	_	_	_
de	O	O	O	O	O	O	_	_	_	_	_	_
Ï	O	O	O	O	O	O	_	_	NoSpaceAfter	_	_	_
'	O	O	O	O	O	O	_	_	NoSpaceAfter	_	_	_
IMPAWIA	O	O	O	O	O	O	_	_	_	_	_	_
_	O	O	O	O	O	O	_	_	NoSpaceAfter	_	_	_
S	O	O	O	O	O	O	_	_	EndOfLine	_	_	_
# segment_iiif_link = https://impresso-project.ch/api/proxy/iiif/IMP-1903-09-24-a-p0002/1596,1540,234,112/full/0/default.jpg
Â	O	O	O	O	O	O	_	_	_	_	_	_
LOUER	O	O	O	O	O	O	_	_	EndOfLine	_	_	_
# segment_iiif_link = https://impresso-project.ch/api/proxy/iiif/IMP-1903-09-24-a-p0002/1549,1614,340,43/full/0/default.jpg
pour	O	O	O	O	O	O	_	_	_	_	_	_
le	O	O	O	O	O	O	_	_	_	_	_	_
ler	O	O	O	O	O	O	_	_	_	_	_	_
mai	O	O	O	O	O	O	_	_	_	_	_	_
1904	O	O	O	O	O	O	_	_	NoSpaceAfter	_	_	_
,	O	O	O	O	O	O	_	_	_	_	_	_
bal	O	O	O	O	O	O	_	_	_	_	_	_
et	O	O	O	O	O	O	_	_	_	_	_	_
grand	O	O	O	O	O	O	_	_	_	_	_	_
ap	O	O	O	O	O	O	_	_	NoSpaceAfter	_	_	_
.	O	O	O	O	O	O	_	_	EndOfLine	EndOfSentence	_	_
# segment_iiif_link = https://impresso-project.ch/api/proxy/iiif/IMP-1903-09-24-a-p0002/1550,1630,349,44/full/0/default.jpg
parlement	O	O	O	O	O	O	_	_	_	_	_	_
de	O	O	O	O	O	O	_	_	_	_	_	_
6	O	O	O	O	O	O	_	_	_	_	_	_
pièces	O	O	O	O	O	O	_	_	NoSpaceAfter	_	_	_
,	O	O	O	O	O	O	_	_	_	_	_	_
4	O	O	O	O	O	O	_	_	_	_	_	_
alcôves	O	O	O	O	O	O	_	_	NoSpaceAfter	_	_	_
,	O	O	O	O	O	O	_	_	_	_	_	_
cvileiae	O	O	O	O	O	O	_	_	EndOfLine	_	_	_
# segment_iiif_link = https://impresso-project.ch/api/proxy/iiif/IMP-1903-09-24-a-p0002/1549,1646,340,44/full/0/default.jpg
et	O	O	O	O	O	O	_	_	_	_	_	_
dépendances	O	O	O	O	O	O	_	_	NoSpaceAfter	_	_	_
,	O	O	O	O	O	O	_	_	_	_	_	_
«	O	O	O	O	O	O	_	_	_	_	_	_
au	O	O	O	O	O	O	_	_	_	_	_	_
et	O	O	O	O	O	O	_	_	_	_	_	_
gar	O	O	O	O	O	O	_	_	NoSpaceAfter	_	_	_
,	O	O	O	O	O	O	_	_	_	_	_	_
situé	O	O	O	O	O	O	_	_	_	_	_	_
r	O	O	O	O	O	O	_	_	_	_	_	_
»	O	O	O	O	O	O	_	_	_	_	_	_
_	O	O	O	O	O	O	_	_	NoSpaceAfter	_	_	_
a	O	O	O	O	O	O	_	_	EndOfLine	_	_	_
# segment_iiif_link = https://impresso-project.ch/api/proxy/iiif/IMP-1903-09-24-a-p0002/1549,1663,343,44/full/0/default.jpg
Léopold	O	O	O	O	O	O	_	_	NoSpaceAfter	_	_	_
-	O	O	O	O	O	O	_	_	NoSpaceAfter	_	_	_
Robert	O	O	O	O	O	O	_	_	_	_	_	_
36	O	O	O	O	O	O	_	_	NoSpaceAfter	_	_	_
.	O	O	O	O	O	O	_	_	_	EndOfSentence	_	_
ÎIOT	O	O	O	O	O	O	_	_	NoSpaceAfter	_	_	_
-	O	O	O	O	O	O	_	_	_	_	_	_
_	O	O	O	O	O	O	_	_	NoSpaceAfter	_	_	_
^	O	O	O	O	O	O	_	_	EndOfLine	_	_	_
# segment_iiif_link = https://impresso-project.ch/api/proxy/iiif/IMP-1903-09-24-a-p0002/1567,1681,325,43/full/0/default.jpg
S	O	O	O	O	O	O	_	_	NoSpaceAfter	_	_	_
'	O	O	O	O	O	O	_	_	NoSpaceAfter	_	_	_
adr	O	O	O	O	O	O	_	_	NoSpaceAfter	_	_	_
.	O	O	O	O	O	O	_	_	_	EndOfSentence	_	_
Etude	O	O	O	O	O	O	_	_	_	_	_	_
J	O	O	O	O	O	O	_	_	NoSpaceAfter	_	_	_
.	O	O	O	O	O	O	_	_	_	_	_	_
Cuehe	O	O	O	O	O	O	_	_	NoSpaceAfter	_	_	_
,	O	O	O	O	O	O	_	_	_	_	_	_
même	O	O	O	O	O	O	_	_	_	_	_	_
malsol	O	O	O	O	O	O	_	_	_	_	_	_
>	O	O	O	O	O	O	_	_	NoSpaceAfter	_	_	_
>	O	O	O	O	O	O	_	_	NoSpaceAfter	_	_	_
.	O	O	O	O	O	O	_	_	EndOfLine	EndOfSentence	_	_

# language = fr
# newspaper = IMP
# date = 1905-04-01
# document_id = IMP-1905-04-01-a-i0073
# news-agency-as-source = _
# segment_iiif_link = https://impresso-project.ch/api/proxy/iiif/IMP-1905-04-01-a-p0012/473,555,289,75/full/0/default.jpg
Cuisine	O	O	O	O	O	O	_	_	_	_	_	_
Populaire	O	O	O	O	O	O	_	_	_	_	_	_
du	O	O	O	O	O	O	_	_	_	_	_	_
Lotie	O	O	O	O	O	O	_	_	EndOfLine	_	_	_
# segment_iiif_link = https://impresso-project.ch/api/proxy/iiif/IMP-1905-04-01-a-p0012/446,606,349,103/full/0/default.jpg
Le	O	O	O	O	O	O	_	_	_	_	_	_
poste	O	O	O	O	O	O	_	_	_	_	_	_
d	O	O	O	O	O	O	_	_	NoSpaceAfter	_	_	_
'	O	O	O	O	O	O	_	_	NoSpaceAfter	_	_	_
Econome	O	O	O	O	O	O	_	_	EndOfLine	_	_	_
# segment_iiif_link = https://impresso-project.ch/api/proxy/iiif/IMP-1905-04-01-a-p0012/447,677,339,44/full/0/default.jpg
est	O	O	O	O	O	O	_	_	_	_	_	_
mis	O	O	O	O	O	O	_	_	_	_	_	_
au	O	O	O	O	O	O	_	_	_	_	_	_
concours	O	O	O	O	O	O	_	_	NoSpaceAfter	_	_	_
.	O	O	O	O	O	O	_	_	_	EndOfSentence	_	_
Entrée	O	O	O	O	O	O	_	_	_	_	_	_
en	O	O	O	O	O	O	_	_	_	_	_	_
fonctions	O	O	O	O	O	O	_	_	EndOfLine	_	_	_
# segment_iiif_link = https://impresso-project.ch/api/proxy/iiif/IMP-1905-04-01-a-p0012/447,694,130,43/full/0/default.jpg
le	O	O	O	O	O	O	_	_	_	_	_	_
ler	O	O	O	O	O	O	_	_	_	_	_	_
Mai	O	O	O	O	O	O	_	_	_	_	_	_
1905	O	O	O	O	O	O	_	_	NoSpaceAfter	_	_	_
.	O	O	O	O	O	O	_	_	EndOfLine	EndOfSentence	_	_
# segment_iiif_link = https://impresso-project.ch/api/proxy/iiif/IMP-1905-04-01-a-p0012/464,710,321,44/full/0/default.jpg
Adresser	O	O	O	O	O	O	_	_	_	_	_	_
les	O	O	O	O	O	O	_	_	_	_	_	_
offres	O	O	O	O	O	O	_	_	_	_	_	_
de	O	O	O	O	O	O	_	_	_	_	_	_
services	O	O	O	O	O	O	_	_	_	_	_	_
et	O	O	O	O	O	O	_	_	EndOfLine	_	_	_
# segment_iiif_link = https://impresso-project.ch/api/proxy/iiif/IMP-1905-04-01-a-p0012/447,727,339,43/full/0/default.jpg
certificats	O	O	O	O	O	O	_	_	NoSpaceAfter	_	_	_
,	O	O	O	O	O	O	_	_	_	_	_	_
jusqu	O	O	O	O	O	O	_	_	NoSpaceAfter	_	_	_
'	O	O	O	O	O	O	_	_	NoSpaceAfter	_	_	_
au	O	O	O	O	O	O	_	_	_	_	_	_
15	O	O	O	O	O	O	_	_	_	_	_	_
avril	O	O	O	O	O	O	_	_	_	_	_	_
1905	O	O	O	O	O	O	_	_	NoSpaceAfter	_	_	_
,	O	O	O	O	O	O	_	_	_	_	_	_
au	O	O	O	O	O	O	_	_	EndOfLine	_	_	_
# segment_iiif_link = https://impresso-project.ch/api/proxy/iiif/IMP-1905-04-01-a-p0012/447,743,339,44/full/0/default.jpg
secrétaire	O	O	O	O	O	O	_	_	NoSpaceAfter	_	_	_
,	O	O	O	O	O	O	_	_	_	_	_	_
M	O	O	O	O	O	O	_	_	NoSpaceAfter	_	_	_
.	O	O	O	O	O	O	_	_	_	_	_	_
TELL	O	O	O	O	O	O	_	_	_	_	_	_
BERSOT	O	O	O	O	O	O	_	_	NoSpaceAfter	_	_	_
,	O	O	O	O	O	O	_	_	_	_	_	_
au	O	O	O	O	O	O	_	_	_	_	_	_
Locle	O	O	O	O	O	O	_	_	NoSpaceAfter	_	_	_
,	O	O	O	O	O	O	_	_	_	_	_	_
qui	O	O	O	O	O	O	_	_	EndOfLine	_	_	_
# segment_iiif_link = https://impresso-project.ch/api/proxy/iiif/IMP-1905-04-01-a-p0012/447,760,338,43/full/0/default.jpg
donnera	O	O	O	O	O	O	_	_	_	_	_	_
connaissance	O	O	O	O	O	O	_	_	_	_	_	_
des	O	O	O	O	O	O	_	_	_	_	_	_
conditions	O	O	O	O	O	O	_	_	_	_	_	_
du	O	O	O	O	O	O	_	_	EndOfLine	_	_	_
# segment_iiif_link = https://impresso-project.ch/api/proxy/iiif/IMP-1905-04-01-a-p0012/447,777,155,43/full/0/default.jpg
cahier	O	O	O	O	O	O	_	_	_	_	_	_
des	O	O	O	O	O	O	_	_	_	_	_	_
charges	O	O	O	O	O	O	_	_	NoSpaceAfter	_	_	_
.	O	O	O	O	O	O	_	_	EndOfLine	EndOfSentence	_	_
# segment_iiif_link = https://impresso-project.ch/api/proxy/iiif/IMP-1905-04-01-a-p0012/447,794,324,43/full/0/default.jpg
5050	O	O	O	O	O	O	_	_	NoSpaceAfter	_	_	_
-	O	O	O	O	O	O	_	_	NoSpaceAfter	_	_	_
5	O	O	O	O	O	O	_	_	_	_	_	_
Le	O	O	O	O	O	O	_	_	_	_	_	_
Comité	O	O	O	O	O	O	_	_	NoSpaceAfter	_	_	_
.	O	O	O	O	O	O	_	_	EndOfLine	EndOfSentence	_	_
# segment_iiif_link = https://impresso-project.ch/api/proxy/iiif/IMP-1905-04-01-a-p0012/470,809,290,101/full/0/default.jpg
Café	O	O	O	O	O	O	_	_	NoSpaceAfter	_	_	_
-	O	O	O	O	O	O	_	_	NoSpaceAfter	_	_	_
brasserie	O	O	O	O	O	O	_	_	EndOfLine	_	_	_
# segment_iiif_link = https://impresso-project.ch/api/proxy/iiif/IMP-1905-04-01-a-p0012/448,876,337,44/full/0/default.jpg
situé	O	O	O	O	O	O	_	_	_	_	_	_
dans	O	O	O	O	O	O	_	_	_	_	_	_
une	O	O	O	O	O	O	_	_	_	_	_	_
des	O	O	O	O	O	O	_	_	_	_	_	_
grandes	O	O	O	O	O	O	_	_	_	_	_	_
localités	O	O	O	O	O	O	_	_	_	_	_	_
dn	O	O	O	O	O	O	_	_	EndOfLine	_	_	_
# segment_iiif_link = https://impresso-project.ch/api/proxy/iiif/IMP-1905-04-01-a-p0012/448,893,340,43/full/0/default.jpg
Jura	O	O	O	O	O	O	_	_	NoSpaceAfter	_	_	_
-	O	O	O	O	O	O	_	_	NoSpaceAfter	_	_	_
Bernois	O	O	O	O	O	O	_	_	_	_	_	_
5037	O	O	O	O	O	O	_	_	NoSpaceAfter	_	_	_
-	O	O	O	O	O	O	_	_	NoSpaceAfter	_	_	_
3	O	O	O	O	O	O	_	_	EndOfLine	_	_	_
# segment_iiif_link = https://impresso-project.ch/api/proxy/iiif/IMP-1905-04-01-a-p0012/484,903,265,70/full/0/default.jpg
est	O	O	O	O	O	O	_	_	_	_	_	_
à	O	O	O	O	O	O	_	_	_	_	_	_
remettre	O	O	O	O	O	O	_	_	EndOfLine	_	_	_
# segment_iiif_link = https://impresso-project.ch/api/proxy/iiif/IMP-1905-04-01-a-p0012/447,945,339,43/full/0/default.jpg
Peu	O	O	O	O	O	O	_	_	_	_	_	_
de	O	O	O	O	O	O	_	_	_	_	_	_
reprise	O	O	O	O	O	O	_	_	NoSpaceAfter	_	_	_
.	O	O	O	O	O	O	_	_	_	EndOfSentence	_	_
—	O	O	O	O	O	O	_	_	_	_	_	_
Offres	O	O	O	O	O	O	_	_	_	_	_	_
par	O	O	O	O	O	O	_	_	_	_	_	_
écrit	O	O	O	O	O	O	_	_	EndOfLine	_	_	_
# segment_iiif_link = https://impresso-project.ch/api/proxy/iiif/IMP-1905-04-01-a-p0012/448,962,339,43/full/0/default.jpg
sous	O	O	O	O	O	O	_	_	_	_	_	_
G	O	O	O	O	O	O	_	_	NoSpaceAfter	_	_	_
.	O	O	O	O	O	O	_	_	_	_	_	_
3	O	O	O	O	O	O	_	_	_	_	_	_
Î	O	O	O	O	O	O	_	_	NoSpaceAfter	_	_	_
-	O	O	O	O	O	O	_	_	NoSpaceAfter	_	_	_
10	O	O	O	O	O	O	_	_	_	_	_	_
J	O	O	O	O	O	O	_	_	NoSpaceAfter	_	_	_
.	O	O	O	O	O	O	_	_	_	_	_	_
à	O	O	O	O	O	O	_	_	_	_	_	_
l	O	O	O	O	O	O	_	_	NoSpaceAfter	_	_	_
'	O	O	O	O	O	O	_	_	NoSpaceAfter	_	_	_
Agence	O	O	O	O	O	O	_	_	EndOfLine	_	_	_
# segment_iiif_link = https://impresso-project.ch/api/proxy/iiif/IMP-1905-04-01-a-p0012/448,978,243,43/full/0/default.jpg
Haasenstein	O	O	O	O	O	O	_	_	_	_	_	_
&	O	O	O	O	O	O	_	_	_	_	_	_
Vogler	O	O	O	O	O	O	_	_	NoSpaceAfter	_	_	_
,	O	O	O	O	O	O	_	_	_	_	_	_
St	O	O	O	O	O	O	_	_	NoSpaceAfter	_	_	_
-	O	O	O	O	O	O	_	_	NoSpaceAfter	_	_	_
Imier	O	O	O	O	O	O	_	_	NoSpaceAfter	_	_	_
.	O	O	O	O	O	O	_	_	EndOfLine	EndOfSentence	_	_
# segment_iiif_link = https://impresso-project.ch/api/proxy/iiif/IMP-1905-04-01-a-p0012/447,996,337,39/full/0/default.jpg
naraamiaw	O	O	O	O	O	O	_	_	NoSpaceAfter	_	_	_
'	O	O	O	O	O	O	_	_	_	_	_	_
¦	O	O	O	O	O	O	_	_	NoSpaceAfter	_	_	_
'	O	O	O	O	O	O	_	_	_	_	_	_
¦	O	O	O	O	O	O	_	_	_	_	_	_
¦	O	O	O	O	O	O	_	_	NoSpaceAfter	_	_	_
-	O	O	O	O	O	O	_	_	NoSpaceAfter	_	_	_
_	O	O	O	O	O	O	_	_	NoSpaceAfter	_	_	_
,	O	O	O	O	O	O	_	_	_	_	_	_
¦	O	O	O	O	O	O	_	_	_	_	_	_
»	O	O	O	O	O	O	_	_	_	_	_	_
_	O	O	O	O	O	O	_	_	NoSpaceAfter	_	_	_
Mp	O	O	O	O	O	O	_	_	_	_	_	_
_	O	O	O	O	O	O	_	_	NoSpaceAfter	_	_	_
_	O	O	O	O	O	O	_	_	NoSpaceAfter	_	_	_
_	O	O	O	O	O	O	_	_	_	_	_	_
_	O	O	O	O	O	O	_	_	NoSpaceAfter	_	_	_
i	O	O	O	O	O	O	_	_	_	_	_	_
_	O	O	O	O	O	O	_	_	NoSpaceAfter	_	_	_
_	O	O	O	O	O	O	_	_	NoSpaceAfter	_	_	_
_	O	O	O	O	O	O	_	_	NoSpaceAfter	_	_	_
_	O	O	O	O	O	O	_	_	NoSpaceAfter	_	_	_
_	O	O	O	O	O	O	_	_	_	_	_	_
_	O	O	O	O	O	O	_	_	_	_	_	_
uar"l	O	O	O	O	O	O	_	_	NoSpaceAfter	_	_	_
'	O	O	O	O	O	O	_	_	NoSpaceAfter	_	_	_
TT	O	O	O	O	O	O	_	_	NoSpaceAfter	_	_	_
"	O	O	O	O	O	O	_	_	_	_	_	_
¦	O	O	O	O	O	O	_	_	_	_	_	_
¦	O	O	O	O	O	O	_	_	_	_	_	_
¦	O	O	O	O	O	O	_	_	_	_	_	_
va	O	O	O	O	O	O	_	_	EndOfLine	_	_	_
# segment_iiif_link = https://impresso-project.ch/api/proxy/iiif/IMP-1905-04-01-a-p0012/447,1022,340,44/full/0/default.jpg
Mmiçiniin	O	O	O	O	O	O	_	_	_	_	_	_
Suisse	O	O	O	O	O	O	_	_	_	_	_	_
allemand	O	O	O	O	O	O	_	_	NoSpaceAfter	_	_	_
,	O	O	O	O	O	O	_	_	_	_	_	_
cherche	O	O	O	O	O	O	_	_	EndOfLine	_	_	_
# segment_iiif_link = https://impresso-project.ch/api/proxy/iiif/IMP-1905-04-01-a-p0012/447,1031,338,43/full/0/default.jpg
Ie	O	O	O	O	O	O	_	_	NoSpaceAfter	_	_	_
-	O	O	O	O	O	O	_	_	NoSpaceAfter	_	_	_
UlUllolCltl	O	O	O	O	O	O	_	_	_	_	_	_
çons	O	O	O	O	O	O	_	_	_	_	_	_
de	O	O	O	O	O	O	_	_	_	_	_	_
conversation	O	O	O	O	O	O	_	_	_	_	_	_
par	O	O	O	O	O	O	_	_	EndOfLine	_	_	_
# segment_iiif_link = https://impresso-project.ch/api/proxy/iiif/IMP-1905-04-01-a-p0012/447,1051,339,43/full/0/default.jpg
une	O	O	O	O	O	O	_	_	_	_	_	_
personne	O	O	O	O	O	O	_	_	_	_	_	_
instruite	O	O	O	O	O	O	_	_	NoSpaceAfter	_	_	_
.	O	O	O	O	O	O	_	_	_	EndOfSentence	_	_
Indiquer	O	O	O	O	O	O	_	_	_	_	_	_
prix	O	O	O	O	O	O	_	_	EndOfLine	_	_	_
# segment_iiif_link = https://impresso-project.ch/api/proxy/iiif/IMP-1905-04-01-a-p0012/447,1067,339,44/full/0/default.jpg
sous	O	O	O	O	O	O	_	_	_	_	_	_
initiales	O	O	O	O	O	O	_	_	_	_	_	_
G	O	O	O	O	O	O	_	_	NoSpaceAfter	_	_	_
.	O	O	O	O	O	O	_	_	_	_	_	_
H	O	O	O	O	O	O	_	_	NoSpaceAfter	_	_	_
.	O	O	O	O	O	O	_	_	_	_	_	_
5053	O	O	O	O	O	O	_	_	NoSpaceAfter	_	_	_
,	O	O	O	O	O	O	_	_	_	_	_	_
au	O	O	O	O	O	O	_	_	_	_	_	_
bureau	O	O	O	O	O	O	_	_	_	_	_	_
de	O	O	O	O	O	O	_	_	EndOfLine	_	_	_
# segment_iiif_link = https://impresso-project.ch/api/proxy/iiif/IMP-1905-04-01-a-p0012/447,1084,341,42/full/0/default.jpg
I	O	O	O	O	O	O	_	_	NoSpaceAfter	_	_	_
'	O	O	O	O	O	O	_	_	NoSpaceAfter	_	_	_
IMPAHTIAL	O	O	O	O	O	O	_	_	NoSpaceAfter	_	_	_
.	O	O	O	O	O	O	_	_	_	EndOfSentence	_	_
5053	O	O	O	O	O	O	_	_	NoSpaceAfter	_	_	_
-	O	O	O	O	O	O	_	_	NoSpaceAfter	_	_	_
3	O	O	O	O	O	O	_	_	EndOfLine	_	_	_
# segment_iiif_link = https://impresso-project.ch/api/proxy/iiif/IMP-1905-04-01-a-p0012/448,1116,339,70/full/0/default.jpg
Banque	O	O	O	O	O	O	_	_	_	_	_	_
de	O	O	O	O	O	O	_	_	_	_	_	_
prêts	O	O	O	O	O	O	_	_	_	_	_	_
sur	O	O	O	O	O	O	_	_	_	_	_	_
gages	O	O	O	O	O	O	_	_	EndOfLine	_	_	_
# segment_iiif_link = https://impresso-project.ch/api/proxy/iiif/IMP-1905-04-01-a-p0012/462,1152,310,64/full/0/default.jpg
Agence	B-org	O	B-org.ent.pressagency.Havas	O	O	O	_	_	_	_	_	_
Wolff	B-org	O	B-org.ent.pressagency.Wolff	O	O	O	_	_	_	_	_	_
(	O	O	O	O	O	O	_	_	NoSpaceAfter	_	_	_
8	O	O	O	O	O	O	_	_	NoSpaceAfter	_	_	_
.	O	O	O	O	O	O	_	_	_	_	_	_
A	O	O	O	O	O	O	_	_	NoSpaceAfter	_	_	_
.	O	O	O	O	O	O	_	_	NoSpaceAfter	_	_	_
)	O	O	O	O	O	O	_	_	EndOfLine	_	_	_
# segment_iiif_link = https://impresso-project.ch/api/proxy/iiif/IMP-1905-04-01-a-p0012/529,1190,258,44/full/0/default.jpg
2	O	O	O	O	O	O	_	_	NoSpaceAfter	_	_	_
,	O	O	O	O	O	O	_	_	_	_	_	_
RUE	O	O	O	O	O	O	_	_	_	_	_	_
du	O	O	O	O	O	O	_	_	_	_	_	_
MARCHÉ	O	O	O	O	O	O	_	_	_	_	_	_
3	O	O	O	O	O	O	_	_	NoSpaceAfter	_	_	_
.	O	O	O	O	O	O	_	_	EndOfLine	EndOfSentence	_	_
# segment_iiif_link = https://impresso-project.ch/api/proxy/iiif/IMP-1905-04-01-a-p0012/465,1221,322,44/full/0/default.jpg
Prêts	O	O	O	O	O	O	_	_	_	_	_	_
sur	O	O	O	O	O	O	_	_	_	_	_	_
bijouterie	O	O	O	O	O	O	_	_	NoSpaceAfter	_	_	_
,	O	O	O	O	O	O	_	_	_	_	_	_
horlogerie	O	O	O	O	O	O	_	_	NoSpaceAfter	_	_	_
.	O	O	O	O	O	O	_	_	EndOfLine	EndOfSentence	_	_
# segment_iiif_link = https://impresso-project.ch/api/proxy/iiif/IMP-1905-04-01-a-p0012/449,1237,212,44/full/0/default.jpg
meubles	O	O	O	O	O	O	_	_	_	_	_	_
ol	O	O	O	O	O	O	_	_	_	_	_	_
lous	O	O	O	O	O	O	_	_	_	_	_	_
articles	O	O	O	O	O	O	_	_	NoSpaceAfter	_	_	_
.	O	O	O	O	O	O	_	_	EndOfLine	EndOfSentence	_	_
# segment_iiif_link = https://impresso-project.ch/api/proxy/iiif/IMP-1905-04-01-a-p0012/465,1254,321,44/full/0/default.jpg
Grandes	O	O	O	O	O	O	_	_	_	_	_	_
facilités	O	O	O	O	O	O	_	_	_	_	_	_
accordées	O	O	O	O	O	O	_	_	_	_	_	_
pour	O	O	O	O	O	O	_	_	_	_	_	_
les	O	O	O	O	O	O	_	_	EndOfLine	_	_	_
# segment_iiif_link = https://impresso-project.ch/api/proxy/iiif/IMP-1905-04-01-a-p0012/449,1271,337,43/full/0/default.jpg
dégagements	O	O	O	O	O	O	_	_	NoSpaceAfter	_	_	_
.	O	O	O	O	O	O	_	_	_	EndOfSentence	_	_
2102	O	O	O	O	O	O	_	_	NoSpaceAfter	_	_	_
-	O	O	O	O	O	O	_	_	NoSpaceAfter	_	_	_
260	O	O	O	O	O	O	_	_	EndOfLine	_	_	_
# segment_iiif_link = https://impresso-project.ch/api/proxy/iiif/IMP-1905-04-01-a-p0012/449,1318,339,43/full/0/default.jpg
_	O	O	O	O	O	O	_	_	NoSpaceAfter	_	_	_
RpiflATlfPlir	O	O	O	O	O	O	_	_	_	_	_	_
e	O	O	O	O	O	O	_	_	NoSpaceAfter	_	_	_
°	O	O	O	O	O	O	_	_	_	_	_	_
nnaissant	O	O	O	O	O	O	_	_	_	_	_	_
très	O	O	O	O	O	O	_	_	_	_	_	_
bien	O	O	O	O	O	O	_	_	_	_	_	_
les	O	O	O	O	O	O	_	_	EndOfLine	_	_	_
# segment_iiif_link = https://impresso-project.ch/api/proxy/iiif/IMP-1905-04-01-a-p0012/449,1324,339,44/full/0/default.jpg
nClilUIllCUl	O	O	O	O	O	O	_	_	_	_	_	_
pièces	O	O	O	O	O	O	_	_	_	_	_	_
ancre	O	O	O	O	O	O	_	_	_	_	_	_
et	O	O	O	O	O	O	_	_	_	_	_	_
cylindre	O	O	O	O	O	O	_	_	EndOfLine	_	_	_
# segment_iiif_link = https://impresso-project.ch/api/proxy/iiif/IMP-1905-04-01-a-p0012/449,1344,338,43/full/0/default.jpg
soignées	O	O	O	O	O	O	_	_	NoSpaceAfter	_	_	_
,	O	O	O	O	O	O	_	_	_	_	_	_
de	O	O	O	O	O	O	_	_	_	_	_	_
10	O	O	O	O	O	O	_	_	_	_	_	_
à	O	O	O	O	O	O	_	_	_	_	_	_
13	O	O	O	O	O	O	_	_	_	_	_	_
lignes	O	O	O	O	O	O	_	_	NoSpaceAfter	_	_	_
,	O	O	O	O	O	O	_	_	_	_	_	_
demande	O	O	O	O	O	O	_	_	_	_	_	_
place	O	O	O	O	O	O	_	_	EndOfLine	_	_	_
# segment_iiif_link = https://impresso-project.ch/api/proxy/iiif/IMP-1905-04-01-a-p0012/449,1360,337,43/full/0/default.jpg
au	O	O	O	O	O	O	_	_	_	_	_	_
plus	O	O	O	O	O	O	_	_	_	_	_	_
vite	O	O	O	O	O	O	_	_	_	_	_	_
dans	O	O	O	O	O	O	_	_	_	_	_	_
un	O	O	O	O	O	O	_	_	_	_	_	_
comptoir	O	O	O	O	O	O	_	_	_	_	_	_
ou	O	O	O	O	O	O	_	_	_	_	_	_
fabrique	O	O	O	O	O	O	_	_	EndOfLine	_	_	_
# segment_iiif_link = https://impresso-project.ch/api/proxy/iiif/IMP-1905-04-01-a-p0012/449,1377,337,43/full/0/default.jpg
cle	O	O	O	O	O	O	_	_	_	_	_	_
la	O	O	O	O	O	O	_	_	_	_	_	_
localité	O	O	O	O	O	O	_	_	NoSpaceAfter	_	_	_
.	O	O	O	O	O	O	_	_	_	EndOfSentence	_	_
Abstinent	O	O	O	O	O	O	_	_	_	_	_	_
et	O	O	O	O	O	O	_	_	_	_	_	_
exempt	O	O	O	O	O	O	_	_	_	_	_	_
du	O	O	O	O	O	O	_	_	EndOfLine	_	_	_
# segment_iiif_link = https://impresso-project.ch/api/proxy/iiif/IMP-1905-04-01-a-p0012/449,1393,340,43/full/0/default.jpg
service	O	O	O	O	O	O	_	_	_	_	_	_
militaire	O	O	O	O	O	O	_	_	NoSpaceAfter	_	_	_
.	O	O	O	O	O	O	_	_	_	EndOfSentence	_	_
—	O	O	O	O	O	O	_	_	_	_	_	_
Adresser	O	O	O	O	O	O	_	_	_	_	_	_
les	O	O	O	O	O	O	_	_	_	_	_	_
offres	O	O	O	O	O	O	_	_	NoSpaceAfter	_	_	_
,	O	O	O	O	O	O	_	_	EndOfLine	_	_	_
# segment_iiif_link = https://impresso-project.ch/api/proxy/iiif/IMP-1905-04-01-a-p0012/449,1410,338,43/full/0/default.jpg
sous	O	O	O	O	O	O	_	_	_	_	_	_
chiffres	O	O	O	O	O	O	_	_	_	_	_	_
O	O	O	O	O	O	O	_	_	NoSpaceAfter	_	_	_
.	O	O	O	O	O	O	_	_	_	_	_	_
N	O	O	O	O	O	O	_	_	NoSpaceAfter	_	_	_
.	O	O	O	O	O	O	_	_	_	_	_	_
5032	O	O	O	O	O	O	_	_	NoSpaceAfter	_	_	_
,	O	O	O	O	O	O	_	_	_	_	_	_
au	O	O	O	O	O	O	_	_	_	_	_	_
bureau	O	O	O	O	O	O	_	_	_	_	_	_
de	O	O	O	O	O	O	_	_	EndOfLine	_	_	_
# segment_iiif_link = https://impresso-project.ch/api/proxy/iiif/IMP-1905-04-01-a-p0012/449,1426,340,42/full/0/default.jpg
I	O	O	O	O	O	O	_	_	NoSpaceAfter	_	_	_
'	O	O	O	O	O	O	_	_	NoSpaceAfter	_	_	_
IMPAHTIAL	O	O	O	O	O	O	_	_	NoSpaceAfter	_	_	_
.	O	O	O	O	O	O	_	_	NoSpaceAfter	EndOfSentence	_	_
.	O	O	O	O	O	O	_	_	_	EndOfSentence	_	_
5032	O	O	O	O	O	O	_	_	NoSpaceAfter	_	_	_
-	O	O	O	O	O	O	_	_	NoSpaceAfter	_	_	_
3	O	O	O	O	O	O	_	_	EndOfLine	_	_	_
# segment_iiif_link = https://impresso-project.ch/api/proxy/iiif/IMP-1905-04-01-a-p0012/449,1445,338,70/full/0/default.jpg
Horloger	O	O	O	O	O	O	_	_	NoSpaceAfter	_	_	_
-	O	O	O	O	O	O	_	_	NoSpaceAfter	_	_	_
mécanicien	O	O	O	O	O	O	_	_	_	_	_	_
J	O	O	O	O	O	O	_	_	_	_	_	_
_	O	O	O	O	O	O	_	_	_	_	_	_
_	O	O	O	O	O	O	_	_	NoSpaceAfter	_	_	_
5	O	O	O	O	O	O	_	_	_	_	_	_
"	O	O	O	O	O	O	_	_	_	_	_	_
ùiïHl	O	O	O	O	O	O	_	_	_	_	_	_
_	O	O	O	O	O	O	_	_	EndOfLine	_	_	_
# segment_iiif_link = https://impresso-project.ch/api/proxy/iiif/IMP-1905-04-01-a-p0012/450,1484,337,44/full/0/default.jpg
calibres	O	O	O	O	O	O	_	_	_	_	_	_
nouveaux	O	O	O	O	O	O	_	_	NoSpaceAfter	_	_	_
,	O	O	O	O	O	O	_	_	_	_	_	_
plaques	O	O	O	O	O	O	_	_	_	_	_	_
diverses	O	O	O	O	O	O	_	_	NoSpaceAfter	_	_	_
,	O	O	O	O	O	O	_	_	EndOfLine	_	_	_
# segment_iiif_link = https://impresso-project.ch/api/proxy/iiif/IMP-1905-04-01-a-p0012/449,1501,339,43/full/0/default.jpg
plaques	O	O	O	O	O	O	_	_	_	_	_	_
à	O	O	O	O	O	O	_	_	_	_	_	_
sertir	O	O	O	O	O	O	_	_	_	_	_	_
soignées	O	O	O	O	O	O	_	_	NoSpaceAfter	_	_	_
,	O	O	O	O	O	O	_	_	_	_	_	_
Jauges	O	O	O	O	O	O	_	_	_	_	_	_
diverses	O	O	O	O	O	O	_	_	NoSpaceAfter	_	_	_
,	O	O	O	O	O	O	_	_	EndOfLine	_	_	_
# segment_iiif_link = https://impresso-project.ch/api/proxy/iiif/IMP-1905-04-01-a-p0012/449,1518,337,43/full/0/default.jpg
petits	O	O	O	O	O	O	_	_	_	_	_	_
outils	O	O	O	O	O	O	_	_	_	_	_	_
d	O	O	O	O	O	O	_	_	NoSpaceAfter	_	_	_
'	O	O	O	O	O	O	_	_	NoSpaceAfter	_	_	_
horlogerie	O	O	O	O	O	O	_	_	_	_	_	_
;	O	O	O	O	O	O	_	_	_	_	_	_
installation	O	O	O	O	O	O	_	_	EndOfLine	_	_	_
# segment_iiif_link = https://impresso-project.ch/api/proxy/iiif/IMP-1905-04-01-a-p0012/449,1535,341,43/full/0/default.jpg
complète	O	O	O	O	O	O	_	_	NoSpaceAfter	_	_	_
.	O	O	O	O	O	O	_	_	_	EndOfSentence	_	_
5049	O	O	O	O	O	O	_	_	NoSpaceAfter	_	_	_
-	O	O	O	O	O	O	_	_	NoSpaceAfter	_	_	_
3	O	O	O	O	O	O	_	_	EndOfLine	_	_	_
# segment_iiif_link = https://impresso-project.ch/api/proxy/iiif/IMP-1905-04-01-a-p0012/465,1550,299,44/full/0/default.jpg
S	O	O	O	O	O	O	_	_	NoSpaceAfter	_	_	_
'	O	O	O	O	O	O	_	_	NoSpaceAfter	_	_	_
adresser	O	O	O	O	O	O	_	_	_	_	_	_
au	O	O	O	O	O	O	_	_	_	_	_	_
bureau	O	O	O	O	O	O	_	_	_	_	_	_
de	O	O	O	O	O	O	_	_	_	_	_	_
I	O	O	O	O	O	O	_	_	NoSpaceAfter	_	_	_
'	O	O	O	O	O	O	_	_	NoSpaceAfter	_	_	_
IMPARTIAL	O	O	O	O	O	O	_	_	NoSpaceAfter	_	_	_
.	O	O	O	O	O	O	_	_	EndOfLine	EndOfSentence	_	_
# segment_iiif_link = https://impresso-project.ch/api/proxy/iiif/IMP-1905-04-01-a-p0012/449,1582,339,43/full/0/default.jpg
FiniceûlïOû	O	O	O	O	O	O	_	_	_	_	_	_
de	O	O	O	O	O	O	_	_	_	_	_	_
boites	O	O	O	O	O	O	_	_	_	_	_	_
argent	O	O	O	O	O	O	_	_	_	_	_	_
demande	O	O	O	O	O	O	_	_	EndOfLine	_	_	_
# segment_iiif_link = https://impresso-project.ch/api/proxy/iiif/IMP-1905-04-01-a-p0012/449,1590,341,44/full/0/default.jpg
_	O	O	O	O	O	O	_	_	NoSpaceAfter	_	_	_
ocrilllùklCUùC	O	O	O	O	O	O	_	_	_	_	_	_
cupation	O	O	O	O	O	O	_	_	_	_	_	_
do	O	O	O	O	O	O	_	_	_	_	_	_
suite	O	O	O	O	O	O	_	_	NoSpaceAfter	_	_	_
.	O	O	O	O	O	O	_	_	_	EndOfSentence	_	_
5046	O	O	O	O	O	O	_	_	NoSpaceAfter	_	_	_
-	O	O	O	O	O	O	_	_	NoSpaceAfter	_	_	_
3	O	O	O	O	O	O	_	_	EndOfLine	_	_	_
# segment_iiif_link = https://impresso-project.ch/api/proxy/iiif/IMP-1905-04-01-a-p0012/466,1610,301,43/full/0/default.jpg
S	O	O	O	O	O	O	_	_	NoSpaceAfter	_	_	_
'	O	O	O	O	O	O	_	_	NoSpaceAfter	_	_	_
adresser	O	O	O	O	O	O	_	_	_	_	_	_
au	O	O	O	O	O	O	_	_	_	_	_	_
bureau	O	O	O	O	O	O	_	_	_	_	_	_
de	O	O	O	O	O	O	_	_	_	_	_	_
I	O	O	O	O	O	O	_	_	NoSpaceAfter	_	_	_
'	O	O	O	O	O	O	_	_	NoSpaceAfter	_	_	_
IMPARTIAL	O	O	O	O	O	O	_	_	NoSpaceAfter	_	_	_
.	O	O	O	O	O	O	_	_	EndOfLine	EndOfSentence	_	_
# segment_iiif_link = https://impresso-project.ch/api/proxy/iiif/IMP-1905-04-01-a-p0012/450,1629,338,70/full/0/default.jpg
Dénionteiir	O	O	O	O	O	O	_	_	NoSpaceAfter	_	_	_
-	O	O	O	O	O	O	_	_	NoSpaceAfter	_	_	_
remonteur	O	O	O	O	O	O	_	_	_	_	_	_
J	O	O	O	O	O	O	_	_	_	_	_	_
0	O	O	O	O	O	O	_	_	_	_	_	_
llv	O	O	O	O	O	O	_	_	_	_	_	_
r	O	O	O	O	O	O	_	_	_	_	_	_
_	O	O	O	O	O	O	_	_	NoSpaceAfter	_	_	_
^	O	O	O	O	O	O	_	_	_	_	_	_
t	O	O	O	O	O	O	_	_	_	_	_	_
sw	O	O	O	O	O	O	_	_	EndOfLine	_	_	_
# segment_iiif_link = https://impresso-project.ch/api/proxy/iiif/IMP-1905-04-01-a-p0012/450,1669,338,43/full/0/default.jpg
cuper	O	O	O	O	O	O	_	_	_	_	_	_
de	O	O	O	O	O	O	_	_	_	_	_	_
la	O	O	O	O	O	O	_	_	_	_	_	_
sortie	O	O	O	O	O	O	_	_	_	_	_	_
el	O	O	O	O	O	O	_	_	_	_	_	_
de	O	O	O	O	O	O	_	_	_	_	_	_
la	O	O	O	O	O	O	_	_	_	_	_	_
rentrée	O	O	O	O	O	O	_	_	_	_	_	_
de	O	O	O	O	O	O	_	_	_	_	_	_
l	O	O	O	O	O	O	_	_	NoSpaceAfter	_	_	_
'	O	O	O	O	O	O	_	_	EndOfLine|NoSpaceAfter	_	_	_
# segment_iiif_link = https://impresso-project.ch/api/proxy/iiif/IMP-1905-04-01-a-p0012/449,1685,339,44/full/0/default.jpg
ouvrage	O	O	O	O	O	O	_	_	NoSpaceAfter	_	_	_
,	O	O	O	O	O	O	_	_	_	_	_	_
demande	O	O	O	O	O	O	_	_	_	_	_	_
place	O	O	O	O	O	O	_	_	_	_	_	_
dans	O	O	O	O	O	O	_	_	_	_	_	_
un	O	O	O	O	O	O	_	_	_	_	_	_
bon	O	O	O	O	O	O	_	_	EndOfLine	_	_	_
# segment_iiif_link = https://impresso-project.ch/api/proxy/iiif/IMP-1905-04-01-a-p0012/449,1701,339,44/full/0/default.jpg
comptoir	O	O	O	O	O	O	_	_	NoSpaceAfter	_	_	_
.	O	O	O	O	O	O	_	_	_	EndOfSentence	_	_
—	O	O	O	O	O	O	_	_	_	_	_	_
S	O	O	O	O	O	O	_	_	NoSpaceAfter	_	_	_
'	O	O	O	O	O	O	_	_	NoSpaceAfter	_	_	_
adr	O	O	O	O	O	O	_	_	NoSpaceAfter	_	_	_
.	O	O	O	O	O	O	_	_	_	EndOfSentence	_	_
sous	O	O	O	O	O	O	_	_	_	_	_	_
chiffres	O	O	O	O	O	O	_	_	_	_	_	_
B	O	O	O	O	O	O	_	_	NoSpaceAfter	_	_	_
.	O	O	O	O	O	O	_	_	_	_	_	_
A	O	O	O	O	O	O	_	_	NoSpaceAfter	_	_	_
.	O	O	O	O	O	O	_	_	_	_	_	_
5042	O	O	O	O	O	O	_	_	NoSpaceAfter	_	_	_
,	O	O	O	O	O	O	_	_	EndOfLine	_	_	_
# segment_iiif_link = https://impresso-project.ch/api/proxy/iiif/IMP-1905-04-01-a-p0012/449,1718,341,43/full/0/default.jpg
au	O	O	O	O	O	O	_	_	_	_	_	_
bureau	O	O	O	O	O	O	_	_	_	_	_	_
de	O	O	O	O	O	O	_	_	_	_	_	_
I	O	O	O	O	O	O	_	_	NoSpaceAfter	_	_	_
'	O	O	O	O	O	O	_	_	NoSpaceAfter	_	_	_
IMPARTIAL	O	O	O	O	O	O	_	_	NoSpaceAfter	_	_	_
.	O	O	O	O	O	O	_	_	_	EndOfSentence	_	_
5012	O	O	O	O	O	O	_	_	NoSpaceAfter	_	_	_
-	O	O	O	O	O	O	_	_	NoSpaceAfter	_	_	_
3	O	O	O	O	O	O	_	_	EndOfLine	_	_	_
# segment_iiif_link = https://impresso-project.ch/api/proxy/iiif/IMP-1905-04-01-a-p0012/453,1749,334,44/full/0/default.jpg
loimo	O	O	O	O	O	O	_	_	_	_	_	_
flllû	O	O	O	O	O	O	_	_	_	_	_	_
_	O	O	O	O	O	O	_	_	NoSpaceAfter	_	_	_
•	O	O	O	O	O	O	_	_	NoSpaceAfter	_	_	_
*	O	O	O	O	O	O	_	_	NoSpaceAfter	_	_	_
-	O	O	O	O	O	O	_	_	NoSpaceAfter	_	_	_
*	O	O	O	O	O	O	_	_	NoSpaceAfter	_	_	_
*	O	O	O	O	O	O	_	_	NoSpaceAfter	_	_	_
'	O	O	O	O	O	O	_	_	NoSpaceAfter	_	_	_
sachant	O	O	O	O	O	O	_	_	_	_	_	_
les	O	O	O	O	O	O	_	_	_	_	_	_
deux	O	O	O	O	O	O	_	_	EndOfLine	_	_	_
# segment_iiif_link = https://impresso-project.ch/api/proxy/iiif/IMP-1905-04-01-a-p0012/450,1758,338,43/full/0/default.jpg
UCllllC	O	O	O	O	O	O	_	_	_	_	_	_
llllC	O	O	O	O	O	O	_	_	NoSpaceAfter	_	_	_
,	O	O	O	O	O	O	_	_	_	_	_	_
langues	O	O	O	O	O	O	_	_	NoSpaceAfter	_	_	_
,	O	O	O	O	O	O	_	_	_	_	_	_
forte	O	O	O	O	O	O	_	_	_	_	_	_
et	O	O	O	O	O	O	_	_	_	_	_	_
robuste	O	O	O	O	O	O	_	_	NoSpaceAfter	_	_	_
,	O	O	O	O	O	O	_	_	EndOfLine	_	_	_
# segment_iiif_link = https://impresso-project.ch/api/proxy/iiif/IMP-1905-04-01-a-p0012/449,1778,339,43/full/0/default.jpg
cherche	O	O	O	O	O	O	_	_	_	_	_	_
place	O	O	O	O	O	O	_	_	_	_	_	_
comme	O	O	O	O	O	O	_	_	_	_	_	_
aide	O	O	O	O	O	O	_	_	_	_	_	_
dans	O	O	O	O	O	O	_	_	_	_	_	_
un	O	O	O	O	O	O	_	_	EndOfLine	_	_	_
# segment_iiif_link = https://impresso-project.ch/api/proxy/iiif/IMP-1905-04-01-a-p0012/450,1794,339,43/full/0/default.jpg
magasin	O	O	O	O	O	O	_	_	NoSpaceAfter	_	_	_
,	O	O	O	O	O	O	_	_	_	_	_	_
fabrique	O	O	O	O	O	O	_	_	_	_	_	_
d	O	O	O	O	O	O	_	_	NoSpaceAfter	_	_	_
'	O	O	O	O	O	O	_	_	NoSpaceAfter	_	_	_
horlogerie	O	O	O	O	O	O	_	_	_	_	_	_
ou	O	O	O	O	O	O	_	_	_	_	_	_
autre	O	O	O	O	O	O	_	_	EndOfLine	_	_	_
# segment_iiif_link = https://impresso-project.ch/api/proxy/iiif/IMP-1905-04-01-a-p0012/449,1811,339,43/full/0/default.jpg
emploi	O	O	O	O	O	O	_	_	NoSpaceAfter	_	_	_
.	O	O	O	O	O	O	_	_	_	EndOfSentence	_	_
—	O	O	O	O	O	O	_	_	_	_	_	_
S	O	O	O	O	O	O	_	_	NoSpaceAfter	_	_	_
'	O	O	O	O	O	O	_	_	NoSpaceAfter	_	_	_
adresser	O	O	O	O	O	O	_	_	_	_	_	_
rue	O	O	O	O	O	O	_	_	_	_	_	_
de	O	O	O	O	O	O	_	_	_	_	_	_
la	O	O	O	O	O	O	_	_	_	_	_	_
Charrière	O	O	O	O	O	O	_	_	_	_	_	_
64	O	O	O	O	O	O	_	_	NoSpaceAfter	_	_	_
,	O	O	O	O	O	O	_	_	EndOfLine	_	_	_
# segment_iiif_link = https://impresso-project.ch/api/proxy/iiif/IMP-1905-04-01-a-p0012/449,1826,341,44/full/0/default.jpg
au	O	O	O	O	O	O	_	_	_	_	_	_
rez	O	O	O	O	O	O	_	_	NoSpaceAfter	_	_	_
-	O	O	O	O	O	O	_	_	NoSpaceAfter	_	_	_
de	O	O	O	O	O	O	_	_	NoSpaceAfter	_	_	_
-	O	O	O	O	O	O	_	_	NoSpaceAfter	_	_	_
chaussée	O	O	O	O	O	O	_	_	NoSpaceAfter	_	_	_
,	O	O	O	O	O	O	_	_	_	_	_	_
à	O	O	O	O	O	O	_	_	_	_	_	_
droite	O	O	O	O	O	O	_	_	NoSpaceAfter	_	_	_
.	O	O	O	O	O	O	_	_	_	EndOfSentence	_	_
5018	O	O	O	O	O	O	_	_	NoSpaceAfter	_	_	_
-	O	O	O	O	O	O	_	_	NoSpaceAfter	_	_	_
3	O	O	O	O	O	O	_	_	EndOfLine	_	_	_
# segment_iiif_link = https://impresso-project.ch/api/proxy/iiif/IMP-1905-04-01-a-p0012/449,1855,339,44/full/0/default.jpg
Unlnfifoinn	O	O	O	O	O	O	_	_	_	_	_	_
_	O	O	O	O	O	O	_	_	NoSpaceAfter	_	_	_
J	O	O	O	O	O	O	_	_	NoSpaceAfter	_	_	_
°	O	O	O	O	O	O	_	_	_	_	_	_
une	O	O	O	O	O	O	_	_	_	_	_	_
homme	O	O	O	O	O	O	_	_	NoSpaceAfter	_	_	_
,	O	O	O	O	O	O	_	_	_	_	_	_
bonne	O	O	O	O	O	O	_	_	EndOfLine	_	_	_
# segment_iiif_link = https://impresso-project.ch/api/proxy/iiif/IMP-1905-04-01-a-p0012/453,1866,335,44/full/0/default.jpg
ins	O	O	O	O	O	O	_	_	NoSpaceAfter	_	_	_
-	O	O	O	O	O	O	_	_	NoSpaceAfter	_	_	_
»	O	O	O	O	O	O	_	_	_	_	_	_
UiUlila	O	O	O	O	O	O	_	_	NoSpaceAfter	_	_	_
.	O	O	O	O	O	O	_	_	_	EndOfSentence	_	_
il	O	O	O	O	O	O	_	_	_	_	_	_
C	O	O	O	O	O	O	_	_	NoSpaceAfter	_	_	_
.	O	O	O	O	O	O	_	_	_	_	_	_
traction	O	O	O	O	O	O	_	_	NoSpaceAfter	_	_	_
,	O	O	O	O	O	O	_	_	_	_	_	_
cherche	O	O	O	O	O	O	_	_	_	_	_	_
place	O	O	O	O	O	O	_	_	EndOfLine	_	_	_
# segment_iiif_link = https://impresso-project.ch/api/proxy/iiif/IMP-1905-04-01-a-p0012/449,1885,339,43/full/0/default.jpg
comme	O	O	O	O	O	O	_	_	_	_	_	_
volontaire	O	O	O	O	O	O	_	_	_	_	_	_
dans	O	O	O	O	O	O	_	_	_	_	_	_
un	O	O	O	O	O	O	_	_	_	_	_	_
bureau	O	O	O	O	O	O	_	_	NoSpaceAfter	_	_	_
.	O	O	O	O	O	O	_	_	_	EndOfSentence	_	_
—	O	O	O	O	O	O	_	_	EndOfLine	_	_	_
# segment_iiif_link = https://impresso-project.ch/api/proxy/iiif/IMP-1905-04-01-a-p0012/449,1901,337,44/full/0/default.jpg
Adresser	O	O	O	O	O	O	_	_	_	_	_	_
les	O	O	O	O	O	O	_	_	_	_	_	_
offres	O	O	O	O	O	O	_	_	_	_	_	_
par	O	O	O	O	O	O	_	_	_	_	_	_
écrit	O	O	O	O	O	O	_	_	NoSpaceAfter	_	_	_
,	O	O	O	O	O	O	_	_	_	_	_	_
sous	O	O	O	O	O	O	_	_	_	_	_	_
chiffres	O	O	O	O	O	O	_	_	EndOfLine	_	_	_
# segment_iiif_link = https://impresso-project.ch/api/proxy/iiif/IMP-1905-04-01-a-p0012/449,1918,317,44/full/0/default.jpg
O	O	O	O	O	O	O	_	_	NoSpaceAfter	_	_	_
.	O	O	O	O	O	O	_	_	_	_	_	_
R	O	O	O	O	O	O	_	_	NoSpaceAfter	_	_	_
.	O	O	O	O	O	O	_	_	_	_	_	_
5015	O	O	O	O	O	O	_	_	NoSpaceAfter	_	_	_
,	O	O	O	O	O	O	_	_	_	_	_	_
au	O	O	O	O	O	O	_	_	_	_	_	_
bureau	O	O	O	O	O	O	_	_	_	_	_	_
de	O	O	O	O	O	O	_	_	_	_	_	_
I	O	O	O	O	O	O	_	_	NoSpaceAfter	_	_	_
'	O	O	O	O	O	O	_	_	NoSpaceAfter	_	_	_
IMPARTIAL	O	O	O	O	O	O	_	_	NoSpaceAfter	_	_	_
.	O	O	O	O	O	O	_	_	EndOfLine	EndOfSentence	_	_
# segment_iiif_link = https://impresso-project.ch/api/proxy/iiif/IMP-1905-04-01-a-p0012/741,1934,49,44/full/0/default.jpg
5015	O	O	O	O	O	O	_	_	NoSpaceAfter	_	_	_
-	O	O	O	O	O	O	_	_	NoSpaceAfter	_	_	_
3	O	O	O	O	O	O	_	_	EndOfLine	_	_	_
# segment_iiif_link = https://impresso-project.ch/api/proxy/iiif/IMP-1905-04-01-a-p0012/449,1968,337,43/full/0/default.jpg
frflllSPnSA	O	O	O	O	O	O	_	_	_	_	_	_
_	O	O	O	O	O	O	_	_	NoSpaceAfter	_	_	_
^	O	O	O	O	O	O	_	_	NoSpaceAfter	_	_	_
'	O	O	O	O	O	O	_	_	NoSpaceAfter	_	_	_
,	O	O	O	O	O	O	_	_	_	_	_	_
onne	O	O	O	O	O	O	_	_	_	_	_	_
creuseuse	O	O	O	O	O	O	_	_	_	_	_	_
se	O	O	O	O	O	O	_	_	EndOfLine	_	_	_
# segment_iiif_link = https://impresso-project.ch/api/proxy/iiif/IMP-1905-04-01-a-p0012/449,1974,338,43/full/0/default.jpg
UlCUùCUùC	O	O	O	O	O	O	_	_	NoSpaceAfter	_	_	_
.	O	O	O	O	O	O	_	_	_	EndOfSentence	_	_
recommande	O	O	O	O	O	O	_	_	_	_	_	_
pour	O	O	O	O	O	O	_	_	_	_	_	_
du	O	O	O	O	O	O	_	_	EndOfLine	_	_	_
# segment_iiif_link = https://impresso-project.ch/api/proxy/iiif/IMP-1905-04-01-a-p0012/450,1994,337,43/full/0/default.jpg
travail	O	O	O	O	O	O	_	_	_	_	_	_
à	O	O	O	O	O	O	_	_	_	_	_	_
la	O	O	O	O	O	O	_	_	_	_	_	_
maison	O	O	O	O	O	O	_	_	NoSpaceAfter	_	_	_
.	O	O	O	O	O	O	_	_	_	EndOfSentence	_	_
—	O	O	O	O	O	O	_	_	_	_	_	_
Ouvrage	O	O	O	O	O	O	_	_	_	_	_	_
prompt	O	O	O	O	O	O	_	_	_	_	_	_
et	O	O	O	O	O	O	_	_	EndOfLine	_	_	_
# segment_iiif_link = https://impresso-project.ch/api/proxy/iiif/IMP-1905-04-01-a-p0012/450,2010,338,44/full/0/default.jpg
soigné	O	O	O	O	O	O	_	_	NoSpaceAfter	_	_	_
.	O	O	O	O	O	O	_	_	_	EndOfSentence	_	_
—	O	O	O	O	O	O	_	_	_	_	_	_
S	O	O	O	O	O	O	_	_	NoSpaceAfter	_	_	_
'	O	O	O	O	O	O	_	_	NoSpaceAfter	_	_	_
adr	O	O	O	O	O	O	_	_	NoSpaceAfter	_	_	_
.	O	O	O	O	O	O	_	_	_	EndOfSentence	_	_
rue	O	O	O	O	O	O	_	_	_	_	_	_
de	O	O	O	O	O	O	_	_	_	_	_	_
la	O	O	O	O	O	O	_	_	_	_	_	_
Balance	O	O	O	O	O	O	_	_	_	_	_	_
16,2	O	O	O	O	O	O	_	_	_	_	_	_
me	O	O	O	O	O	O	_	_	EndOfLine	_	_	_
# segment_iiif_link = https://impresso-project.ch/api/proxy/iiif/IMP-1905-04-01-a-p0012/450,2027,339,43/full/0/default.jpg
étage	O	O	O	O	O	O	_	_	NoSpaceAfter	_	_	_
,	O	O	O	O	O	O	_	_	_	_	_	_
à	O	O	O	O	O	O	_	_	_	_	_	_
gauche	O	O	O	O	O	O	_	_	NoSpaceAfter	_	_	_
.	O	O	O	O	O	O	_	_	_	EndOfSentence	_	_
4928	O	O	O	O	O	O	_	_	NoSpaceAfter	_	_	_
-	O	O	O	O	O	O	_	_	NoSpaceAfter	_	_	_
2	O	O	O	O	O	O	_	_	EndOfLine	_	_	_
# segment_iiif_link = https://impresso-project.ch/api/proxy/iiif/IMP-1905-04-01-a-p0012/452,2060,335,44/full/0/default.jpg
IflllI	O	O	O	O	O	O	_	_	NoSpaceAfter	_	_	_
'	O	O	O	O	O	O	_	_	NoSpaceAfter	_	_	_
nflliPPP	O	O	O	O	O	O	_	_	_	_	_	_
^	O	O	O	O	O	O	_	_	NoSpaceAfter	_	_	_
'	O	O	O	O	O	O	_	_	_	_	_	_
Le	O	O	O	O	O	O	_	_	_	_	_	_
DOmle	O	O	O	O	O	O	_	_	_	_	_	_
journalière	O	O	O	O	O	O	_	_	_	_	_	_
de	O	O	O	O	O	O	_	_	EndOfLine	_	_	_
# segment_iiif_link = https://impresso-project.ch/api/proxy/iiif/IMP-1905-04-01-a-p0012/450,2067,337,43/full/0/default.jpg
UUJllidHClC	O	O	O	O	O	O	_	_	NoSpaceAfter	_	_	_
.	O	O	O	O	O	O	_	_	_	EndOfSentence	_	_
confiance	O	O	O	O	O	O	_	_	_	_	_	_
demande	O	O	O	O	O	O	_	_	_	_	_	_
à	O	O	O	O	O	O	_	_	_	_	_	_
faire	O	O	O	O	O	O	_	_	EndOfLine	_	_	_
# segment_iiif_link = https://impresso-project.ch/api/proxy/iiif/IMP-1905-04-01-a-p0012/450,2086,336,43/full/0/default.jpg
des	O	O	O	O	O	O	_	_	_	_	_	_
journées	O	O	O	O	O	O	_	_	_	_	_	_
ou	O	O	O	O	O	O	_	_	_	_	_	_
des	O	O	O	O	O	O	_	_	_	_	_	_
heures	O	O	O	O	O	O	_	_	NoSpaceAfter	_	_	_
.	O	O	O	O	O	O	_	_	_	EndOfSentence	_	_
—	O	O	O	O	O	O	_	_	_	_	_	_
S	O	O	O	O	O	O	_	_	NoSpaceAfter	_	_	_
'	O	O	O	O	O	O	_	_	NoSpaceAfter	_	_	_
adressor	O	O	O	O	O	O	_	_	EndOfLine	_	_	_
# segment_iiif_link = https://impresso-project.ch/api/proxy/iiif/IMP-1905-04-01-a-p0012/450,2103,336,43/full/0/default.jpg
ruo	O	O	O	O	O	O	_	_	_	_	_	_
Léopold	O	O	O	O	O	O	_	_	NoSpaceAfter	_	_	_
-	O	O	O	O	O	O	_	_	NoSpaceAfter	_	_	_
Robert	O	O	O	O	O	O	_	_	_	_	_	_
144	O	O	O	O	O	O	_	_	NoSpaceAfter	_	_	_
,	O	O	O	O	O	O	_	_	_	_	_	_
au	O	O	O	O	O	O	_	_	_	_	_	_
ler	O	O	O	O	O	O	_	_	_	_	_	_
élage	O	O	O	O	O	O	_	_	NoSpaceAfter	_	_	_
,	O	O	O	O	O	O	_	_	_	_	_	_
à	O	O	O	O	O	O	_	_	EndOfLine	_	_	_
# segment_iiif_link = https://impresso-project.ch/api/proxy/iiif/IMP-1905-04-01-a-p0012/450,2119,338,44/full/0/default.jpg
droite	O	O	O	O	O	O	_	_	NoSpaceAfter	_	_	_
.	O	O	O	O	O	O	_	_	_	EndOfSentence	_	_
4352	O	O	O	O	O	O	_	_	NoSpaceAfter	_	_	_
-	O	O	O	O	O	O	_	_	NoSpaceAfter	_	_	_
3	O	O	O	O	O	O	_	_	EndOfLine	_	_	_
# segment_iiif_link = https://impresso-project.ch/api/proxy/iiif/IMP-1905-04-01-a-p0012/450,2151,337,44/full/0/default.jpg
PpPQfinnP	O	O	O	O	O	O	_	_	_	_	_	_
très	O	O	O	O	O	O	_	_	_	_	_	_
recommandable	O	O	O	O	O	O	_	_	EndOfLine	_	_	_
# segment_iiif_link = https://impresso-project.ch/api/proxy/iiif/IMP-1905-04-01-a-p0012/450,2159,337,44/full/0/default.jpg
IClbvUUC	O	O	O	O	O	O	_	_	_	_	_	_
de	O	O	O	O	O	O	_	_	_	_	_	_
des	O	O	O	O	O	O	_	_	_	_	_	_
encaissements	O	O	O	O	O	O	_	_	NoSpaceAfter	_	_	_
,	O	O	O	O	O	O	_	_	_	_	_	_
pour	O	O	O	O	O	O	_	_	EndOfLine	_	_	_
# segment_iiif_link = https://impresso-project.ch/api/proxy/iiif/IMP-1905-04-01-a-p0012/450,2179,336,43/full/0/default.jpg
_	O	O	O	O	O	O	_	_	NoSpaceAfter	_	_	_
articuliers	O	O	O	O	O	O	_	_	NoSpaceAfter	_	_	_
,	O	O	O	O	O	O	_	_	_	_	_	_
banq	O	O	O	O	O	O	_	_	_	_	_	_
nos	O	O	O	O	O	O	_	_	_	_	_	_
ou	O	O	O	O	O	O	_	_	_	_	_	_
sociétés	O	O	O	O	O	O	_	_	NoSpaceAfter	_	_	_
.	O	O	O	O	O	O	_	_	_	EndOfSentence	_	_
—	O	O	O	O	O	O	_	_	_	_	_	_
S	O	O	O	O	O	O	_	_	NoSpaceAfter	_	_	_
'	O	O	O	O	O	O	_	_	EndOfLine|NoSpaceAfter	_	_	_
# segment_iiif_link = https://impresso-project.ch/api/proxy/iiif/IMP-1905-04-01-a-p0012/450,2196,300,43/full/0/default.jpg
adresser	O	O	O	O	O	O	_	_	_	_	_	_
rue	O	O	O	O	O	O	_	_	_	_	_	_
de	O	O	O	O	O	O	_	_	_	_	_	_
la	O	O	O	O	O	O	_	_	_	_	_	_
Paix	O	O	O	O	O	O	_	_	_	_	_	_
85	O	O	O	O	O	O	_	_	NoSpaceAfter	_	_	_
,	O	O	O	O	O	O	_	_	_	_	_	_
au	O	O	O	O	O	O	_	_	_	_	_	_
pignon	O	O	O	O	O	O	_	_	NoSpaceAfter	_	_	_
.	O	O	O	O	O	O	_	_	EndOfLine	EndOfSentence	_	_
# segment_iiif_link = https://impresso-project.ch/api/proxy/iiif/IMP-1905-04-01-a-p0012/738,2210,51,44/full/0/default.jpg
4141	O	O	O	O	O	O	_	_	NoSpaceAfter	_	_	_
-	O	O	O	O	O	O	_	_	NoSpaceAfter	_	_	_
2	O	O	O	O	O	O	_	_	EndOfLine	_	_	_
# segment_iiif_link = https://impresso-project.ch/api/proxy/iiif/IMP-1905-04-01-a-p0012/451,2257,336,43/full/0/default.jpg
Rnîf	O	O	O	O	O	O	_	_	_	_	_	_
jnn	O	O	O	O	O	O	_	_	_	_	_	_
Un	O	O	O	O	O	O	_	_	_	_	_	_
bon	O	O	O	O	O	O	_	_	_	_	_	_
monteur	O	O	O	O	O	O	_	_	_	_	_	_
de	O	O	O	O	O	O	_	_	_	_	_	_
boîtes	O	O	O	O	O	O	_	_	EndOfLine	_	_	_
# segment_iiif_link = https://impresso-project.ch/api/proxy/iiif/IMP-1905-04-01-a-p0012/450,2266,338,44/full/0/default.jpg
con	O	O	O	O	O	O	_	_	NoSpaceAfter	_	_	_
-	O	O	O	O	O	O	_	_	NoSpaceAfter	_	_	_
DU	O	O	O	O	O	O	_	_	_	_	_	_
1	O	O	O	O	O	O	_	_	_	_	_	_
UC	O	O	O	O	O	O	_	_	_	_	_	_
1	O	O	O	O	O	O	_	_	NoSpaceAfter	_	_	_
.	O	O	O	O	O	O	_	_	_	EndOfSentence	_	_
naissant	O	O	O	O	O	O	_	_	_	_	_	_
son	O	O	O	O	O	O	_	_	_	_	_	_
métier	O	O	O	O	O	O	_	_	_	_	_	_
à	O	O	O	O	O	O	_	_	_	_	_	_
_	O	O	O	O	O	O	_	_	NoSpaceAfter	_	_	_
fund	O	O	O	O	O	O	_	_	_	_	_	_
et	O	O	O	O	O	O	_	_	EndOfLine	_	_	_
# segment_iiif_link = https://impresso-project.ch/api/proxy/iiif/IMP-1905-04-01-a-p0012/451,2286,338,43/full/0/default.jpg
pouvant	O	O	O	O	O	O	_	_	_	_	_	_
faire	O	O	O	O	O	O	_	_	_	_	_	_
n	O	O	O	O	O	O	_	_	NoSpaceAfter	_	_	_
'	O	O	O	O	O	O	_	_	NoSpaceAfter	_	_	_
importe	O	O	O	O	O	O	_	_	_	_	_	_
quel	O	O	O	O	O	O	_	_	_	_	_	_
rhabillage	O	O	O	O	O	O	_	_	NoSpaceAfter	_	_	_
,	O	O	O	O	O	O	_	_	EndOfLine	_	_	_
# segment_iiif_link = https://impresso-project.ch/api/proxy/iiif/IMP-1905-04-01-a-p0012/450,2302,338,43/full/0/default.jpg
trouverait	O	O	O	O	O	O	_	_	_	_	_	_
place	O	O	O	O	O	O	_	_	_	_	_	_
stable	O	O	O	O	O	O	_	_	_	_	_	_
et	O	O	O	O	O	O	_	_	_	_	_	_
agréable	O	O	O	O	O	O	_	_	_	_	_	_
à	O	O	O	O	O	O	_	_	EndOfLine	_	_	_
# segment_iiif_link = https://impresso-project.ch/api/proxy/iiif/IMP-1905-04-01-a-p0012/450,2319,337,43/full/0/default.jpg
Francfort	O	O	O	O	O	O	_	_	_	_	_	_
s	O	O	O	O	O	O	_	_	_	_	_	_
/	O	O	O	O	O	O	_	_	_	_	_	_
Hein	O	O	O	O	O	O	_	_	NoSpaceAfter	_	_	_
.	O	O	O	O	O	O	_	_	_	EndOfSentence	_	_
Bonne	O	O	O	O	O	O	_	_	_	_	_	_
occasion	O	O	O	O	O	O	_	_	EndOfLine	_	_	_
# segment_iiif_link = https://impresso-project.ch/api/proxy/iiif/IMP-1905-04-01-a-p0012/450,2334,338,44/full/0/default.jpg
d	O	O	O	O	O	O	_	_	NoSpaceAfter	_	_	_
'	O	O	O	O	O	O	_	_	NoSpaceAfter	_	_	_
apprendre	O	O	O	O	O	O	_	_	_	_	_	_
l	O	O	O	O	O	O	_	_	NoSpaceAfter	_	_	_
'	O	O	O	O	O	O	_	_	NoSpaceAfter	_	_	_
allemand	O	O	O	O	O	O	_	_	NoSpaceAfter	_	_	_
.	O	O	O	O	O	O	_	_	_	EndOfSentence	_	_
—	O	O	O	O	O	O	_	_	_	_	_	_
Adresser	O	O	O	O	O	O	_	_	EndOfLine	_	_	_
# segment_iiif_link = https://impresso-project.ch/api/proxy/iiif/IMP-1905-04-01-a-p0012/450,2351,338,43/full/0/default.jpg
offres	O	O	O	O	O	O	_	_	_	_	_	_
par	O	O	O	O	O	O	_	_	_	_	_	_
écrit	O	O	O	O	O	O	_	_	_	_	_	_
à	O	O	O	O	O	O	_	_	_	_	_	_
M	O	O	O	O	O	O	_	_	NoSpaceAfter	_	_	_
.	O	O	O	O	O	O	_	_	_	_	_	_
Georges	O	O	O	O	O	O	_	_	_	_	_	_
Weber	O	O	O	O	O	O	_	_	NoSpaceAfter	_	_	_
,	O	O	O	O	O	O	_	_	_	_	_	_
Neue	O	O	O	O	O	O	_	_	EndOfLine	_	_	_
# segment_iiif_link = https://impresso-project.ch/api/proxy/iiif/IMP-1905-04-01-a-p0012/450,2368,340,43/full/0/default.jpg
Krâme	O	O	O	O	O	O	_	_	_	_	_	_
13	O	O	O	O	O	O	_	_	NoSpaceAfter	_	_	_
,	O	O	O	O	O	O	_	_	_	_	_	_
Francfort	O	O	O	O	O	O	_	_	_	_	_	_
s	O	O	O	O	O	O	_	_	_	_	_	_
/	O	O	O	O	O	O	_	_	_	_	_	_
Mein	O	O	O	O	O	O	_	_	NoSpaceAfter	_	_	_
,	O	O	O	O	O	O	_	_	_	_	_	_
5025	O	O	O	O	O	O	_	_	NoSpaceAfter	_	_	_
-	O	O	O	O	O	O	_	_	NoSpaceAfter	_	_	_
3	O	O	O	O	O	O	_	_	EndOfLine	_	_	_
# segment_iiif_link = https://impresso-project.ch/api/proxy/iiif/IMP-1905-04-01-a-p0012/450,2400,339,43/full/0/default.jpg
PînîCCOllCP	O	O	O	O	O	O	_	_	_	_	_	_
On	O	O	O	O	O	O	_	_	_	_	_	_
demande	O	O	O	O	O	O	_	_	_	_	_	_
au	O	O	O	O	O	O	_	_	_	_	_	_
plus	O	O	O	O	O	O	_	_	_	_	_	_
vite	O	O	O	O	O	O	_	_	EndOfLine	_	_	_
# segment_iiif_link = https://impresso-project.ch/api/proxy/iiif/IMP-1905-04-01-a-p0012/451,2407,338,44/full/0/default.jpg
riUk	O	O	O	O	O	O	_	_	NoSpaceAfter	_	_	_
'	O	O	O	O	O	O	_	_	NoSpaceAfter	_	_	_
jlUoc	O	O	O	O	O	O	_	_	NoSpaceAfter	_	_	_
.	O	O	O	O	O	O	_	_	_	EndOfSentence	_	_
_	O	O	O	O	O	O	_	_	_	_	_	_
ne	O	O	O	O	O	O	_	_	_	_	_	_
bonne	O	O	O	O	O	O	_	_	_	_	_	_
finisseuse	O	O	O	O	O	O	_	_	_	_	_	_
de	O	O	O	O	O	O	_	_	EndOfLine	_	_	_
# segment_iiif_link = https://impresso-project.ch/api/proxy/iiif/IMP-1905-04-01-a-p0012/450,2428,341,43/full/0/default.jpg
boites	O	O	O	O	O	O	_	_	_	_	_	_
or	O	O	O	O	O	O	_	_	NoSpaceAfter	_	_	_
,	O	O	O	O	O	O	_	_	_	_	_	_
pour	O	O	O	O	O	O	_	_	_	_	_	_
faire	O	O	O	O	O	O	_	_	_	_	_	_
des	O	O	O	O	O	O	_	_	_	_	_	_
heures	O	O	O	O	O	O	_	_	NoSpaceAfter	_	_	_
.	O	O	O	O	O	O	_	_	_	EndOfSentence	_	_
5029	O	O	O	O	O	O	_	_	NoSpaceAfter	_	_	_
-	O	O	O	O	O	O	_	_	NoSpaceAfter	_	_	_
3	O	O	O	O	O	O	_	_	EndOfLine	_	_	_
# segment_iiif_link = https://impresso-project.ch/api/proxy/iiif/IMP-1905-04-01-a-p0012/466,2443,302,44/full/0/default.jpg
S	O	O	O	O	O	O	_	_	NoSpaceAfter	_	_	_
'	O	O	O	O	O	O	_	_	NoSpaceAfter	_	_	_
adresser	O	O	O	O	O	O	_	_	_	_	_	_
au	O	O	O	O	O	O	_	_	_	_	_	_
bureau	O	O	O	O	O	O	_	_	_	_	_	_
de	O	O	O	O	O	O	_	_	_	_	_	_
I	O	O	O	O	O	O	_	_	NoSpaceAfter	_	_	_
'	O	O	O	O	O	O	_	_	NoSpaceAfter	_	_	_
IMPARTIAL	O	O	O	O	O	O	_	_	NoSpaceAfter	_	_	_
.	O	O	O	O	O	O	_	_	EndOfLine	EndOfSentence	_	_
# segment_iiif_link = https://impresso-project.ch/api/proxy/iiif/IMP-1905-04-01-a-p0012/450,2475,339,43/full/0/default.jpg
_	O	O	O	O	O	O	_	_	NoSpaceAfter	_	_	_
Rpna	O	O	O	O	O	O	_	_	_	_	_	_
«	O	O	O	O	O	O	_	_	NoSpaceAfter	_	_	_
«	O	O	O	O	O	O	_	_	_	_	_	_
PHÇPQ	O	O	O	O	O	O	_	_	_	_	_	_
0	O	O	O	O	O	O	_	_	_	_	_	_
n	O	O	O	O	O	O	_	_	_	_	_	_
demande	O	O	O	O	O	O	_	_	_	_	_	_
de	O	O	O	O	O	O	_	_	_	_	_	_
suite	O	O	O	O	O	O	_	_	EndOfLine	_	_	_
# segment_iiif_link = https://impresso-project.ch/api/proxy/iiif/IMP-1905-04-01-a-p0012/450,2483,338,44/full/0/default.jpg
IlCjJUùoCUoCù	O	O	O	O	O	O	_	_	NoSpaceAfter	_	_	_
.	O	O	O	O	O	O	_	_	_	EndOfSentence	_	_
plusieurs	O	O	O	O	O	O	_	_	_	_	_	_
bonnes	O	O	O	O	O	O	_	_	EndOfLine	_	_	_
# segment_iiif_link = https://impresso-project.ch/api/proxy/iiif/IMP-1905-04-01-a-p0012/450,2502,339,43/full/0/default.jpg
repasseuses	O	O	O	O	O	O	_	_	_	_	_	_
pour	O	O	O	O	O	O	_	_	_	_	_	_
costumes	O	O	O	O	O	O	_	_	NoSpaceAfter	_	_	_
.	O	O	O	O	O	O	_	_	_	EndOfSentence	_	_
Inutile	O	O	O	O	O	O	_	_	_	_	_	_
de	O	O	O	O	O	O	_	_	_	_	_	_
se	O	O	O	O	O	O	_	_	EndOfLine	_	_	_
# segment_iiif_link = https://impresso-project.ch/api/proxy/iiif/IMP-1905-04-01-a-p0012/450,2519,338,43/full/0/default.jpg
présenter	O	O	O	O	O	O	_	_	_	_	_	_
si	O	O	O	O	O	O	_	_	_	_	_	_
on	O	O	O	O	O	O	_	_	_	_	_	_
n	O	O	O	O	O	O	_	_	NoSpaceAfter	_	_	_
'	O	O	O	O	O	O	_	_	NoSpaceAfter	_	_	_
a	O	O	O	O	O	O	_	_	_	_	_	_
pas	O	O	O	O	O	O	_	_	_	_	_	_
déjà	O	O	O	O	O	O	_	_	_	_	_	_
travaillé	O	O	O	O	O	O	_	_	_	_	_	_
dans	O	O	O	O	O	O	_	_	EndOfLine	_	_	_
# segment_iiif_link = https://impresso-project.ch/api/proxy/iiif/IMP-1905-04-01-a-p0012/450,2535,338,43/full/0/default.jpg
un	O	O	O	O	O	O	_	_	_	_	_	_
établissement	O	O	O	O	O	O	_	_	_	_	_	_
de	O	O	O	O	O	O	_	_	_	_	_	_
teinturerie	O	O	O	O	O	O	_	_	_	_	_	_
et	O	O	O	O	O	O	_	_	_	_	_	_
lavage	O	O	O	O	O	O	_	_	EndOfLine	_	_	_
# segment_iiif_link = https://impresso-project.ch/api/proxy/iiif/IMP-1905-04-01-a-p0012/450,2551,338,44/full/0/default.jpg
chimique	O	O	O	O	O	O	_	_	NoSpaceAfter	_	_	_
.	O	O	O	O	O	O	_	_	_	EndOfSentence	_	_
—	O	O	O	O	O	O	_	_	_	_	_	_
S	O	O	O	O	O	O	_	_	NoSpaceAfter	_	_	_
'	O	O	O	O	O	O	_	_	NoSpaceAfter	_	_	_
adresser	O	O	O	O	O	O	_	_	_	_	_	_
Teinturerie	O	O	O	O	O	O	_	_	_	_	_	_
Tell	O	O	O	O	O	O	_	_	EndOfLine	_	_	_
# segment_iiif_link = https://impresso-project.ch/api/proxy/iiif/IMP-1905-04-01-a-p0012/450,2568,340,43/full/0/default.jpg
Humbert	O	O	O	O	O	O	_	_	NoSpaceAfter	_	_	_
,	O	O	O	O	O	O	_	_	_	_	_	_
rue	O	O	O	O	O	O	_	_	_	_	_	_
du	O	O	O	O	O	O	_	_	_	_	_	_
Collège	O	O	O	O	O	O	_	_	_	EndOfSentence	_	_
4	O	O	O	O	O	O	_	_	NoSpaceAfter	_	_	_
.	O	O	O	O	O	O	_	_	_	_	_	_
5016	O	O	O	O	O	O	_	_	NoSpaceAfter	_	_	_
-	O	O	O	O	O	O	_	_	NoSpaceAfter	_	_	_
3	O	O	O	O	O	O	_	_	EndOfLine	_	_	_
# segment_iiif_link = https://impresso-project.ch/api/proxy/iiif/IMP-1905-04-01-a-p0012/449,2600,338,43/full/0/default.jpg
Taillplir	O	O	O	O	O	O	_	_	_	_	_	_
<	O	O	O	O	O	O	_	_	NoSpaceAfter	_	_	_
-	O	O	O	O	O	O	_	_	NoSpaceAfter	_	_	_
demaucie	O	O	O	O	O	O	_	_	_	_	_	_
un	O	O	O	O	O	O	_	_	_	_	_	_
bon	O	O	O	O	O	O	_	_	_	_	_	_
ouvrier	O	O	O	O	O	O	_	_	EndOfLine	_	_	_
# segment_iiif_link = https://impresso-project.ch/api/proxy/iiif/IMP-1905-04-01-a-p0012/451,2607,336,43/full/0/default.jpg
i	O	O	O	O	O	O	_	_	_	_	_	_
CllllC	O	O	O	O	O	O	_	_	_	_	_	_
lll	O	O	O	O	O	O	_	_	NoSpaceAfter	_	_	_
.	O	O	O	O	O	O	_	_	_	EndOfSentence	_	_
pour	O	O	O	O	O	O	_	_	_	_	_	_
les	O	O	O	O	O	O	_	_	_	_	_	_
grandes	O	O	O	O	O	O	_	_	_	_	_	_
pièces	O	O	O	O	O	O	_	_	NoSpaceAfter	_	_	_
.	O	O	O	O	O	O	_	_	_	EndOfSentence	_	_
—	O	O	O	O	O	O	_	_	EndOfLine	_	_	_
# segment_iiif_link = https://impresso-project.ch/api/proxy/iiif/IMP-1905-04-01-a-p0012/449,2625,340,43/full/0/default.jpg
S	O	O	O	O	O	O	_	_	NoSpaceAfter	_	_	_
'	O	O	O	O	O	O	_	_	NoSpaceAfter	_	_	_
adr	O	O	O	O	O	O	_	_	NoSpaceAfter	_	_	_
.	O	O	O	O	O	O	_	_	_	EndOfSentence	_	_
cbez	O	O	O	O	O	O	_	_	_	_	_	_
M	O	O	O	O	O	O	_	_	NoSpaceAfter	_	_	_
.	O	O	O	O	O	O	_	_	_	_	_	_
A	O	O	O	O	O	O	_	_	NoSpaceAfter	_	_	_
.	O	O	O	O	O	O	_	_	_	_	_	_
Debrot	O	O	O	O	O	O	_	_	NoSpaceAfter	_	_	_
,	O	O	O	O	O	O	_	_	_	_	_	_
place	O	O	O	O	O	O	_	_	_	_	_	_
de	O	O	O	O	O	O	_	_	EndOfLine	_	_	_
# segment_iiif_link = https://impresso-project.ch/api/proxy/iiif/IMP-1905-04-01-a-p0012/449,2642,341,43/full/0/default.jpg
de	O	O	O	O	O	O	_	_	NoSpaceAfter	_	_	_
-	O	O	O	O	O	O	_	_	NoSpaceAfter	_	_	_
Ville	O	O	O	O	O	O	_	_	_	EndOfSentence	_	_
5	O	O	O	O	O	O	_	_	NoSpaceAfter	_	_	_
.	O	O	O	O	O	O	_	_	_	_	_	_
5063	O	O	O	O	O	O	_	_	NoSpaceAfter	_	_	_
-	O	O	O	O	O	O	_	_	NoSpaceAfter	_	_	_
3	O	O	O	O	O	O	_	_	EndOfLine	_	_	_
# segment_iiif_link = https://impresso-project.ch/api/proxy/iiif/IMP-1905-04-01-a-p0012/449,2674,339,43/full/0/default.jpg
MonnicÎPP	O	O	O	O	O	O	_	_	_	_	_	_
_	O	O	O	O	O	O	_	_	NoSpaceAfter	_	_	_
^	O	O	O	O	O	O	_	_	_	_	_	_
n	O	O	O	O	O	O	_	_	_	_	_	_
bon	O	O	O	O	O	O	_	_	_	_	_	_
menuisier	O	O	O	O	O	O	_	_	_	_	_	_
en	O	O	O	O	O	O	_	_	EndOfLine	_	_	_
# segment_iiif_link = https://impresso-project.ch/api/proxy/iiif/IMP-1905-04-01-a-p0012/449,2681,337,43/full/0/default.jpg
bâti	O	O	O	O	O	O	_	_	NoSpaceAfter	_	_	_
-	O	O	O	O	O	O	_	_	NoSpaceAfter	_	_	_
UiClllilolCl	O	O	O	O	O	O	_	_	NoSpaceAfter	_	_	_
.	O	O	O	O	O	O	_	_	_	EndOfSentence	_	_
ment	O	O	O	O	O	O	_	_	_	_	_	_
peut	O	O	O	O	O	O	_	_	_	_	_	_
entrer	O	O	O	O	O	O	_	_	_	_	_	_
de	O	O	O	O	O	O	_	_	_	_	_	_
suite	O	O	O	O	O	O	_	_	EndOfLine	_	_	_
# segment_iiif_link = https://impresso-project.ch/api/proxy/iiif/IMP-1905-04-01-a-p0012/449,2701,341,44/full/0/default.jpg
chez	O	O	O	O	O	O	_	_	_	_	_	_
M	O	O	O	O	O	O	_	_	NoSpaceAfter	_	_	_
.	O	O	O	O	O	O	_	_	_	_	_	_
N	O	O	O	O	O	O	_	_	NoSpaceAfter	_	_	_
.	O	O	O	O	O	O	_	_	_	_	_	_
Schurch	O	O	O	O	O	O	_	_	NoSpaceAfter	_	_	_
.	O	O	O	O	O	O	_	_	_	EndOfSentence	_	_
à	O	O	O	O	O	O	_	_	_	_	_	_
Kenan	O	O	O	O	O	O	_	_	NoSpaceAfter	_	_	_
.	O	O	O	O	O	O	_	_	_	EndOfSentence	_	_
5062	O	O	O	O	O	O	_	_	NoSpaceAfter	_	_	_
-	O	O	O	O	O	O	_	_	NoSpaceAfter	_	_	_
3	O	O	O	O	O	O	_	_	EndOfLine	EndOfSentence	_	_

# language = fr
# newspaper = IMP
# date = 1906-05-26
# document_id = IMP-1906-05-26-a-i0028
# news-agency-as-source = Q430109
# segment_iiif_link = https://impresso-project.ch/api/proxy/iiif/IMP-1906-05-26-a-p0004/1574,1624,31,85/full/0/default.jpg
\	O	O	O	O	O	O	_	_	NoSpaceAfter	_	_	_
l	O	O	O	O	O	O	_	_	EndOfLine	_	_	_
# segment_iiif_link = https://impresso-project.ch/api/proxy/iiif/IMP-1906-05-26-a-p0004/1589,1632,156,66/full/0/default.jpg
)	O	O	O	O	O	O	_	_	_	_	_	_
ép	O	O	O	O	O	O	_	_	_	_	_	_
êcRQS	O	O	O	O	O	O	_	_	EndOfLine	_	_	_
# segment_iiif_link = https://impresso-project.ch/api/proxy/iiif/IMP-1906-05-26-a-p0004/1464,1686,385,49/full/0/default.jpg
de	O	O	O	O	O	O	_	_	_	_	_	_
l	O	O	O	O	O	O	_	_	NoSpaceAfter	_	_	_
'	O	O	O	O	O	O	_	_	NoSpaceAfter	_	_	_
Agence	B-org	O	B-org.ent.pressagency.ATS-SDA	O	O	O	Q430109	_	_	_	LED0.00	_
télégraphique	I-org	O	I-org.ent.pressagency.ATS-SDA	O	O	O	Q430109	_	_	_	LED0.00	_
suisse	I-org	O	I-org.ent.pressagency.ATS-SDA	O	O	O	Q430109	_	EndOfLine	_	LED0.00	_
# segment_iiif_link = https://impresso-project.ch/api/proxy/iiif/IMP-1906-05-26-a-p0004/1621,1715,68,50/full/0/default.jpg
23	O	O	O	O	O	O	_	_	_	_	_	_
MAI	O	O	O	O	O	O	_	_	EndOfLine	_	_	_
# segment_iiif_link = https://impresso-project.ch/api/proxy/iiif/IMP-1906-05-26-a-p0004/1446,1742,420,49/full/0/default.jpg
Prévision	O	O	O	O	O	O	_	_	_	_	_	_
du	O	O	O	O	O	O	_	_	_	_	_	_
temps	O	O	O	O	O	O	_	_	_	_	_	_
pour	O	O	O	O	O	O	_	_	_	_	_	_
demain	O	O	O	O	O	O	_	_	EndOfLine	_	_	_
# segment_iiif_link = https://impresso-project.ch/api/proxy/iiif/IMP-1906-05-26-a-p0004/1474,1766,366,49/full/0/default.jpg
(	O	O	O	O	O	O	_	_	NoSpaceAfter	_	_	_
Service	O	O	O	O	O	O	_	_	_	_	_	_
spécial	O	O	O	O	O	O	_	_	_	_	_	_
de	O	O	O	O	O	O	_	_	_	_	_	_
l	O	O	O	O	O	O	_	_	NoSpaceAfter	_	_	_
'	O	O	O	O	O	O	_	_	NoSpaceAfter	_	_	_
Observatoire	O	O	O	O	O	O	_	_	_	_	_	_
de	O	O	O	O	O	O	_	_	_	_	_	_
Paris	O	O	O	O	O	O	_	_	NoSpaceAfter	_	_	_
)	O	O	O	O	O	O	_	_	EndOfLine	_	_	_
# segment_iiif_link = https://impresso-project.ch/api/proxy/iiif/IMP-1906-05-26-a-p0004/1445,1793,425,49/full/0/default.jpg
Beau	O	O	O	O	O	O	_	_	NoSpaceAfter	_	_	_
.	O	O	O	O	O	O	_	_	_	EndOfSentence	_	_
Température	O	O	O	O	O	O	_	_	_	_	_	_
voisine	O	O	O	O	O	O	_	_	_	_	_	_
de	O	O	O	O	O	O	_	_	_	_	_	_
la	O	O	O	O	O	O	_	_	EndOfLine	_	_	_
# segment_iiif_link = https://impresso-project.ch/api/proxy/iiif/IMP-1906-05-26-a-p0004/1605,1817,112,49/full/0/default.jpg
normale	O	O	O	O	O	O	_	_	NoSpaceAfter	_	_	_
.	O	O	O	O	O	O	_	_	EndOfLine	EndOfSentence	_	_
# segment_iiif_link = https://impresso-project.ch/api/proxy/iiif/IMP-1906-05-26-a-p0004/1506,1856,302,49/full/0/default.jpg
L	O	O	O	O	O	O	_	_	NoSpaceAfter	_	_	_
'	O	O	O	O	O	O	_	_	NoSpaceAfter	_	_	_
exploitation	O	O	O	O	O	O	_	_	_	_	_	_
du	O	O	O	O	O	O	_	_	_	_	_	_
Simplon	O	O	O	O	O	O	_	_	EndOfLine	_	_	_
# segment_iiif_link = https://impresso-project.ch/api/proxy/iiif/IMP-1906-05-26-a-p0004/1465,1881,404,49/full/0/default.jpg
BERNE	O	O	O	O	O	O	_	_	NoSpaceAfter	_	_	_
.	O	O	O	O	O	O	_	_	_	EndOfSentence	_	_
—	O	O	O	O	O	O	_	_	_	_	_	_
Le	O	O	O	O	O	O	_	_	_	_	_	_
«	O	O	O	O	O	O	_	_	_	_	_	_
Conseil	O	O	O	O	O	O	_	_	_	_	_	_
fédéral	O	O	O	O	O	O	_	_	_	_	_	_
a	O	O	O	O	O	O	_	_	_	_	_	_
autorisé	O	O	O	O	O	O	_	_	EndOfLine	_	_	_
# segment_iiif_link = https://impresso-project.ch/api/proxy/iiif/IMP-1906-05-26-a-p0004/1443,1902,427,49/full/0/default.jpg
IÉ	O	O	O	O	O	O	_	_	_	_	_	_
>	O	O	O	O	O	O	_	_	NoSpaceAfter	_	_	_
'	O	O	O	O	O	O	_	_	_	_	_	_
_	O	O	O	O	O	O	_	_	NoSpaceAfter	_	_	_
iiS	O	O	O	O	O	O	_	_	_	_	_	_
quelques	O	O	O	O	O	O	_	_	_	_	_	_
réserves	O	O	O	O	O	O	_	_	_	_	_	_
l	O	O	O	O	O	O	_	_	NoSpaceAfter	_	_	_
'	O	O	O	O	O	O	_	_	NoSpaceAfter	_	_	_
ouverture	O	O	O	O	O	O	_	_	_	_	_	_
à	O	O	O	O	O	O	_	_	_	_	_	_
l	O	O	O	O	O	O	_	_	NoSpaceAfter	_	_	_
'	O	O	O	O	O	O	_	_	NoSpaceAfter	_	_	_
exploi	O	O	O	O	O	O	_	_	NoSpaceAfter	_	_	_
-	O	O	O	O	O	O	_	_	NoSpaceAfter	_	_	_
.	O	O	O	O	O	O	_	_	EndOfLine	_	_	_
# segment_iiif_link = https://impresso-project.ch/api/proxy/iiif/IMP-1906-05-26-a-p0004/1443,1923,428,50/full/0/default.jpg
tation	O	O	O	O	O	O	_	_	_	_	_	_
du	O	O	O	O	O	O	_	_	_	_	_	_
tunnel	O	O	O	O	O	O	_	_	_	_	_	_
du	O	O	O	O	O	O	_	_	_	_	_	_
Simplon	O	O	O	O	O	O	_	_	_	_	_	_
pour	O	O	O	O	O	O	_	_	_	_	_	_
le	O	O	O	O	O	O	_	_	_	_	_	_
1	O	O	O	O	O	O	_	_	_	_	_	_
er	O	O	O	O	O	O	_	_	_	_	_	_
juin	O	O	O	O	O	O	_	_	EndOfLine	_	_	_
# segment_iiif_link = https://impresso-project.ch/api/proxy/iiif/IMP-1906-05-26-a-p0004/1445,1945,425,49/full/0/default.jpg
1906	O	O	O	O	O	O	_	_	NoSpaceAfter	_	_	_
.	O	O	O	O	O	O	_	_	_	_	_	_
A	O	O	O	O	O	O	_	_	_	_	_	_
côté	O	O	O	O	O	O	_	_	_	_	_	_
dé	O	O	O	O	O	O	_	_	_	_	_	_
la	O	O	O	O	O	O	_	_	_	_	_	_
_	O	O	O	O	O	O	_	_	NoSpaceAfter	_	_	_
tracûota	O	O	O	O	O	O	_	_	_	_	_	_
à	O	O	O	O	O	O	_	_	_	_	_	_
vapeur	O	O	O	O	O	O	_	_	NoSpaceAfter	_	_	_
,	O	O	O	O	O	O	_	_	_	_	_	_
la	O	O	O	O	O	O	_	_	_	_	_	_
trai	O	O	O	O	O	O	_	_	_	_	_	_
_	O	O	O	O	O	O	_	_	NoSpaceAfter	_	_	_
}	O	O	O	O	O	O	_	_	_	_	_	_
-	O	O	O	O	O	O	_	_	NoSpaceAfter	_	_	_
.	O	O	O	O	O	O	_	_	EndOfLine	_	_	_
# segment_iiif_link = https://impresso-project.ch/api/proxy/iiif/IMP-1906-05-26-a-p0004/1443,1966,426,49/full/0/default.jpg
tion	O	O	O	O	O	O	_	_	_	_	_	_
électrique	O	O	O	O	O	O	_	_	_	_	_	_
sera	O	O	O	O	O	O	_	_	_	_	_	_
également	O	O	O	O	O	O	_	_	_	_	_	_
introduite	O	O	O	O	O	O	_	_	_	_	_	_
pour	O	O	O	O	O	O	_	_	EndOfLine	_	_	_
# segment_iiif_link = https://impresso-project.ch/api/proxy/iiif/IMP-1906-05-26-a-p0004/1444,1988,426,49/full/0/default.jpg
autant	O	O	O	O	O	O	_	_	_	_	_	_
que	O	O	O	O	O	O	_	_	_	_	_	_
le	O	O	O	O	O	O	_	_	_	_	_	_
permettra	O	O	O	O	O	O	_	_	_	_	_	_
la	O	O	O	O	O	O	_	_	_	_	_	_
capacité	O	O	O	O	O	O	_	_	_	_	_	_
des	O	O	O	O	O	O	_	_	_	_	_	_
usines	O	O	O	O	O	O	_	_	EndOfLine	_	_	_
# segment_iiif_link = https://impresso-project.ch/api/proxy/iiif/IMP-1906-05-26-a-p0004/1444,2009,276,49/full/0/default.jpg
centrales	O	O	O	O	O	O	_	_	_	_	_	_
et	O	O	O	O	O	O	_	_	_	_	_	_
des	O	O	O	O	O	O	_	_	_	_	_	_
locomotives	O	O	O	O	O	O	_	_	NoSpaceAfter	_	_	_
.	O	O	O	O	O	O	_	_	EndOfLine	_	_	_
# segment_iiif_link = https://impresso-project.ch/api/proxy/iiif/IMP-1906-05-26-a-p0004/1552,2034,213,49/full/0/default.jpg
Mort	O	O	O	O	O	O	_	_	_	_	_	_
de	O	O	O	O	O	O	_	_	_	_	_	_
M	O	O	O	O	O	O	_	_	NoSpaceAfter	_	_	_
.	O	O	O	O	O	O	_	_	_	_	_	_
Muggll	O	O	O	O	O	O	_	_	EndOfLine	_	_	_
# segment_iiif_link = https://impresso-project.ch/api/proxy/iiif/IMP-1906-05-26-a-p0004/1467,2062,403,49/full/0/default.jpg
BERNE	O	O	O	O	O	O	_	_	NoSpaceAfter	_	_	_
.	O	O	O	O	O	O	_	_	_	_	_	_
—	O	O	O	O	O	O	_	_	_	_	_	_
M	O	O	O	O	O	O	_	_	NoSpaceAfter	_	_	_
.	O	O	O	O	O	O	_	_	_	_	_	_
Miiggli	O	O	O	O	O	O	_	_	NoSpaceAfter	_	_	_
,	O	O	O	O	O	O	_	_	_	_	_	_
1	O	O	O	O	O	O	_	_	_	_	_	_
er	O	O	O	O	O	O	_	_	_	_	_	_
secrétaire	O	O	O	O	O	O	_	_	_	_	_	_
au	O	O	O	O	O	O	_	_	EndOfLine	_	_	_
# segment_iiif_link = https://impresso-project.ch/api/proxy/iiif/IMP-1906-05-26-a-p0004/1445,2083,425,49/full/0/default.jpg
Département	O	O	O	O	O	O	_	_	_	_	_	_
fédéral	O	O	O	O	O	O	_	_	_	_	_	_
des	O	O	O	O	O	O	_	_	_	_	_	_
chemins	O	O	O	O	O	O	_	_	_	_	_	_
de	O	O	O	O	O	O	_	_	_	_	_	_
fer	O	O	O	O	O	O	_	_	NoSpaceAfter	_	_	_
,	O	O	O	O	O	O	_	_	_	_	_	_
a	O	O	O	O	O	O	_	_	EndOfLine	_	_	_
# segment_iiif_link = https://impresso-project.ch/api/proxy/iiif/IMP-1906-05-26-a-p0004/1446,2104,424,49/full/0/default.jpg
sluccombé	O	O	O	O	O	O	_	_	_	_	_	_
ce	O	O	O	O	O	O	_	_	_	_	_	_
matin	O	O	O	O	O	O	_	_	_	_	_	_
aux	O	O	O	O	O	O	_	_	_	_	_	_
suites	O	O	O	O	O	O	_	_	_	_	_	_
de	O	O	O	O	O	O	_	_	_	_	_	_
l	O	O	O	O	O	O	_	_	NoSpaceAfter	_	_	_
'	O	O	O	O	O	O	_	_	NoSpaceAfter	_	_	_
accident	O	O	O	O	O	O	_	_	_	_	_	_
qui	O	O	O	O	O	O	_	_	EndOfLine	_	_	_
# segment_iiif_link = https://impresso-project.ch/api/proxy/iiif/IMP-1906-05-26-a-p0004/1445,2126,334,49/full/0/default.jpg
lui	O	O	O	O	O	O	_	_	_	_	_	_
était	O	O	O	O	O	O	_	_	_	_	_	_
arrivé	O	O	O	O	O	O	_	_	_	_	_	_
il	O	O	O	O	O	O	_	_	_	_	_	_
y	O	O	O	O	O	O	_	_	_	_	_	_
a	O	O	O	O	O	O	_	_	_	_	_	_
quinze	O	O	O	O	O	O	_	_	_	_	_	_
jours	O	O	O	O	O	O	_	_	NoSpaceAfter	_	_	_
.	O	O	O	O	O	O	_	_	EndOfLine	_	_	_
# segment_iiif_link = https://impresso-project.ch/api/proxy/iiif/IMP-1906-05-26-a-p0004/1521,2150,274,49/full/0/default.jpg
Grève	O	O	O	O	O	O	_	_	_	_	_	_
des	O	O	O	O	O	O	_	_	_	_	_	_
charpentiers	O	O	O	O	O	O	_	_	EndOfLine	_	_	_
# segment_iiif_link = https://impresso-project.ch/api/proxy/iiif/IMP-1906-05-26-a-p0004/1467,2178,401,49/full/0/default.jpg
ZURICH	O	O	O	O	O	O	_	_	NoSpaceAfter	_	_	_
.	O	O	O	O	O	O	_	_	_	_	_	_
—	O	O	O	O	O	O	_	_	_	_	_	_
Une	O	O	O	O	O	O	_	_	_	_	_	_
assemblée	O	O	O	O	O	O	_	_	_	_	_	_
de	O	O	O	O	O	O	_	_	_	_	_	_
700	O	O	O	O	O	O	_	_	_	_	_	_
ouvriers	O	O	O	O	O	O	_	_	EndOfLine	_	_	_
# segment_iiif_link = https://impresso-project.ch/api/proxy/iiif/IMP-1906-05-26-a-p0004/1446,2199,420,49/full/0/default.jpg
«	O	O	O	O	O	O	_	_	_	_	_	_
_	O	O	O	O	O	O	_	_	NoSpaceAfter	_	_	_
sharpentiers	O	O	O	O	O	O	_	_	_	_	_	_
a	O	O	O	O	O	O	_	_	_	_	_	_
décidé	O	O	O	O	O	O	_	_	_	_	_	_
la	O	O	O	O	O	O	_	_	_	_	_	_
grève	O	O	O	O	O	O	_	_	_	_	_	_
immédiate	O	O	O	O	O	O	_	_	EndOfLine	_	_	_
# segment_iiif_link = https://impresso-project.ch/api/proxy/iiif/IMP-1906-05-26-a-p0004/1445,2221,56,49/full/0/default.jpg
ment	O	O	O	O	O	O	_	_	NoSpaceAfter	_	_	_
.	O	O	O	O	O	O	_	_	EndOfLine	_	_	_
# segment_iiif_link = https://impresso-project.ch/api/proxy/iiif/IMP-1906-05-26-a-p0004/1504,2244,311,49/full/0/default.jpg
L	O	O	O	O	O	O	_	_	NoSpaceAfter	_	_	_
'	O	O	O	O	O	O	_	_	NoSpaceAfter	_	_	_
émeute	O	O	O	O	O	O	_	_	_	_	_	_
A	O	O	O	O	O	O	_	_	_	_	_	_
Fort	O	O	O	O	O	O	_	_	NoSpaceAfter	_	_	_
-	O	O	O	O	O	O	_	_	NoSpaceAfter	_	_	_
de	O	O	O	O	O	O	_	_	NoSpaceAfter	_	_	_
-	O	O	O	O	O	O	_	_	NoSpaceAfter	_	_	_
France	O	O	O	O	O	O	_	_	EndOfLine	_	_	_
# segment_iiif_link = https://impresso-project.ch/api/proxy/iiif/IMP-1906-05-26-a-p0004/1443,2271,423,49/full/0/default.jpg
NEW	O	O	O	O	O	O	_	_	NoSpaceAfter	_	_	_
-	O	O	O	O	O	O	_	_	NoSpaceAfter	_	_	_
YORK	O	O	O	O	O	O	_	_	NoSpaceAfter	_	_	_
.	O	O	O	O	O	O	_	_	_	_	_	_
—	O	O	O	O	O	O	_	_	_	_	_	_
On	O	O	O	O	O	O	_	_	_	_	_	_
télégria	O	O	O	O	O	O	_	_	NoSpaceAfter	_	_	_
-	O	O	O	O	O	O	_	_	NoSpaceAfter	_	_	_
phie	O	O	O	O	O	O	_	_	_	_	_	_
de	O	O	O	O	O	O	_	_	_	_	_	_
Fort	O	O	O	O	O	O	_	_	NoSpaceAfter	_	_	_
-	O	O	O	O	O	O	_	_	NoSpaceAfter	_	_	_
dé	O	O	O	O	O	O	_	_	EndOfLine	_	_	_
# segment_iiif_link = https://impresso-project.ch/api/proxy/iiif/IMP-1906-05-26-a-p0004/1443,2292,426,49/full/0/default.jpg
France	O	O	O	O	O	O	_	_	_	_	_	_
au	O	O	O	O	O	O	_	_	_	_	_	_
«	O	O	O	O	O	O	_	_	_	_	_	_
Herald	O	O	O	O	O	O	_	_	_	_	_	_
»	O	O	O	O	O	O	_	_	_	_	_	_
:	O	O	O	O	O	O	_	_	_	_	_	_
La	O	O	O	O	O	O	_	_	_	_	_	_
ville	O	O	O	O	O	O	_	_	_	_	_	_
«	O	O	O	O	O	O	_	_	_	_	_	_
est	O	O	O	O	O	O	_	_	_	_	_	_
livrée	O	O	O	O	O	O	_	_	EndOfLine	_	_	_
# segment_iiif_link = https://impresso-project.ch/api/proxy/iiif/IMP-1906-05-26-a-p0004/1443,2314,428,49/full/0/default.jpg
à	O	O	O	O	O	O	_	_	_	_	_	_
l	O	O	O	O	O	O	_	_	NoSpaceAfter	_	_	_
'	O	O	O	O	O	O	_	_	NoSpaceAfter	_	_	_
émeute	O	O	O	O	O	O	_	_	NoSpaceAfter	_	_	_
.	O	O	O	O	O	O	_	_	_	_	_	_
Jour	O	O	O	O	O	O	_	_	_	_	_	_
et	O	O	O	O	O	O	_	_	_	_	_	_
nuit	O	O	O	O	O	O	_	_	NoSpaceAfter	_	_	_
,	O	O	O	O	O	O	_	_	_	_	_	_
une	O	O	O	O	O	O	_	_	_	_	_	_
foule	O	O	O	O	O	O	_	_	_	_	_	_
surexcitée	O	O	O	O	O	O	_	_	EndOfLine	_	_	_
# segment_iiif_link = https://impresso-project.ch/api/proxy/iiif/IMP-1906-05-26-a-p0004/1443,2335,426,49/full/0/default.jpg
pe	O	O	O	O	O	O	_	_	_	_	_	_
livre	O	O	O	O	O	O	_	_	_	_	_	_
à	O	O	O	O	O	O	_	_	_	_	_	_
des	O	O	O	O	O	O	_	_	_	_	_	_
orgies	O	O	O	O	O	O	_	_	_	_	_	_
titans	O	O	O	O	O	O	_	_	_	_	_	_
les	O	O	O	O	O	O	_	_	_	_	_	_
rues	O	O	O	O	O	O	_	_	NoSpaceAfter	_	_	_
.	O	O	O	O	O	O	_	_	_	_	_	_
Un	O	O	O	O	O	O	_	_	_	_	_	_
noir	O	O	O	O	O	O	_	_	EndOfLine	_	_	_
# segment_iiif_link = https://impresso-project.ch/api/proxy/iiif/IMP-1906-05-26-a-p0004/1443,2357,428,49/full/0/default.jpg
«	O	O	O	O	O	O	_	_	_	_	_	_
ayant	O	O	O	O	O	O	_	_	_	_	_	_
été	O	O	O	O	O	O	_	_	_	_	_	_
élu	O	O	O	O	O	O	_	_	_	_	_	_
député	O	O	O	O	O	O	_	_	NoSpaceAfter	_	_	_
,	O	O	O	O	O	O	_	_	_	_	_	_
les	O	O	O	O	O	O	_	_	_	_	_	_
mulâtres	O	O	O	O	O	O	_	_	_	_	_	_
ont	O	O	O	O	O	O	_	_	_	_	_	_
exhibé	O	O	O	O	O	O	_	_	EndOfLine	_	_	_
# segment_iiif_link = https://impresso-project.ch/api/proxy/iiif/IMP-1906-05-26-a-p0004/1444,2378,427,50/full/0/default.jpg
un	O	O	O	O	O	O	_	_	_	_	_	_
agneau	O	O	O	O	O	O	_	_	NoSpaceAfter	_	_	_
,	O	O	O	O	O	O	_	_	_	_	_	_
blanc	O	O	O	O	O	O	_	_	NoSpaceAfter	_	_	_
,	O	O	O	O	O	O	_	_	_	_	_	_
les	O	O	O	O	O	O	_	_	_	_	_	_
membres	O	O	O	O	O	O	_	_	_	_	_	_
enchaînés	O	O	O	O	O	O	_	_	EndOfLine	_	_	_
# segment_iiif_link = https://impresso-project.ch/api/proxy/iiif/IMP-1906-05-26-a-p0004/1444,2400,425,49/full/0/default.jpg
comme	O	O	O	O	O	O	_	_	_	_	_	_
«	O	O	O	O	O	O	_	_	_	_	_	_
signe	O	O	O	O	O	O	_	_	_	_	_	_
«	O	O	O	O	O	O	_	_	_	_	_	_
de	O	O	O	O	O	O	_	_	_	_	_	_
la	O	O	O	O	O	O	_	_	_	_	_	_
domination	O	O	O	O	O	O	_	_	_	_	_	_
des	O	O	O	O	O	O	_	_	_	_	_	_
noirs	O	O	O	O	O	O	_	_	_	_	_	_
sur	O	O	O	O	O	O	_	_	_	_	_	_
les	O	O	O	O	O	O	_	_	EndOfLine	_	_	_
# segment_iiif_link = https://impresso-project.ch/api/proxy/iiif/IMP-1906-05-26-a-p0004/1444,2422,425,49/full/0/default.jpg
blancs	O	O	O	O	O	O	_	_	NoSpaceAfter	_	_	_
.	O	O	O	O	O	O	_	_	_	_	_	_
Ils	O	O	O	O	O	O	_	_	_	_	_	_
bousculent	O	O	O	O	O	O	_	_	_	_	_	_
et	O	O	O	O	O	O	_	_	_	_	_	_
insultent	O	O	O	O	O	O	_	_	_	_	_	_
les	O	O	O	O	O	O	_	_	_	_	_	_
blancs	O	O	O	O	O	O	_	_	EndOfLine	_	_	_
# segment_iiif_link = https://impresso-project.ch/api/proxy/iiif/IMP-1906-05-26-a-p0004/1444,2443,424,50/full/0/default.jpg
dans	O	O	O	O	O	O	_	_	_	_	_	_
les	O	O	O	O	O	O	_	_	_	_	_	_
rues	O	O	O	O	O	O	_	_	NoSpaceAfter	_	_	_
.	O	O	O	O	O	O	_	_	_	_	_	_
Des	O	O	O	O	O	O	_	_	_	_	_	_
politiciens	O	O	O	O	O	O	_	_	_	_	_	_
ayant	O	O	O	O	O	O	_	_	EndOfLine	_	_	_
# segment_iiif_link = https://impresso-project.ch/api/proxy/iiif/IMP-1906-05-26-a-p0004/1444,2465,425,49/full/0/default.jpg
préconisé	O	O	O	O	O	O	_	_	_	_	_	_
l	O	O	O	O	O	O	_	_	NoSpaceAfter	_	_	_
'	O	O	O	O	O	O	_	_	NoSpaceAfter	_	_	_
expulsion	O	O	O	O	O	O	_	_	_	_	_	_
de	O	O	O	O	O	O	_	_	_	_	_	_
tous	O	O	O	O	O	O	_	_	_	_	_	_
les	O	O	O	O	O	O	_	_	_	_	_	_
blancs	O	O	O	O	O	O	_	_	NoSpaceAfter	_	_	_
,	O	O	O	O	O	O	_	_	_	_	_	_
la	O	O	O	O	O	O	_	_	_	_	_	_
popu	O	O	O	O	O	O	_	_	_	_	_	_
»	O	O	O	O	O	O	_	_	EndOfLine	_	_	_
# segment_iiif_link = https://impresso-project.ch/api/proxy/iiif/IMP-1906-05-26-a-p0004/1444,2487,153,49/full/0/default.jpg
laitùén	O	O	O	O	O	O	_	_	_	_	_	_
réclame	O	O	O	O	O	O	_	_	NoSpaceAfter	_	_	_
,	O	O	O	O	O	O	_	_	EndOfLine	_	_	_
# segment_iiif_link = https://impresso-project.ch/api/proxy/iiif/IMP-1906-05-26-a-p0004/1583,2487,286,49/full/0/default.jpg
maintenant	O	O	O	O	O	O	_	_	_	_	_	_
l	O	O	O	O	O	O	_	_	NoSpaceAfter	_	_	_
'	O	O	O	O	O	O	_	_	NoSpaceAfter	_	_	_
exécution	O	O	O	O	O	O	_	_	_	_	_	_
de	O	O	O	O	O	O	_	_	_	_	_	_
cette	O	O	O	O	O	O	_	_	EndOfLine	_	_	_
# segment_iiif_link = https://impresso-project.ch/api/proxy/iiif/IMP-1906-05-26-a-p0004/1445,2510,72,49/full/0/default.jpg
mesure	O	O	O	O	O	O	_	_	NoSpaceAfter	_	_	_
.	O	O	O	O	O	O	_	_	EndOfLine	EndOfSentence	_	_

# language = fr
# newspaper = IMP
# date = 1913-07-18
# document_id = IMP-1913-07-18-a-i0030
# news-agency-as-source = Q430109
# segment_iiif_link = https://impresso-project.ch/api/proxy/iiif/IMP-1913-07-18-a-p0004/1129,2612,359,76/full/0/default.jpg
(	O	O	O	O	O	O	_	_	NoSpaceAfter	_	_	_
Bépêches	O	O	O	O	O	O	_	_	_	_	_	_
du	O	O	O	O	O	O	_	_	_	_	_	_
18	O	O	O	O	O	O	_	_	_	_	_	_
iuillet	O	O	O	O	O	O	_	_	EndOfLine	_	_	_
# segment_iiif_link = https://impresso-project.ch/api/proxy/iiif/IMP-1913-07-18-a-p0004/1107,2659,396,49/full/0/default.jpg
de	O	O	O	O	O	O	_	_	_	_	_	_
l	O	O	O	O	O	O	_	_	NoSpaceAfter	_	_	_
'	O	O	O	O	O	O	_	_	NoSpaceAfter	_	_	_
Agence	B-org	O	B-org.ent.pressagency.Havas	O	O	O	Q430109	_	_	_	LED0.00	_
télégraphique	O	O	O	O	O	O	Q430109	_	_	_	LED0.00	_
suisse	O	O	O	O	O	O	Q430109	_	EndOfLine	_	LED0.00	_
# segment_iiif_link = https://impresso-project.ch/api/proxy/iiif/IMP-1913-07-18-a-p0004/1099,2686,417,49/full/0/default.jpg
Prévision	O	O	O	O	O	O	_	_	_	_	_	_
dn	O	O	O	O	O	O	_	_	_	_	_	_
temps	O	O	O	O	O	O	_	_	_	_	_	_
pour	O	O	O	O	O	O	_	_	_	_	_	_
demain	O	O	O	O	O	O	_	_	_	_	_	_
i	O	O	O	O	O	O	_	_	EndOfLine	_	_	_
# segment_iiif_link = https://impresso-project.ch/api/proxy/iiif/IMP-1913-07-18-a-p0004/1103,2708,411,52/full/0/default.jpg
Averses	O	O	O	O	O	O	_	_	_	_	_	_
encore	O	O	O	O	O	O	_	_	_	_	_	_
probables	O	O	O	O	O	O	_	_	_	_	_	_
et	O	O	O	O	O	O	_	_	_	_	_	_
doux	O	O	O	O	O	O	_	_	EndOfLine	_	_	_
# segment_iiif_link = https://impresso-project.ch/api/proxy/iiif/IMP-1913-07-18-a-p0004/1231,2747,155,52/full/0/default.jpg
Chasse	O	O	O	O	O	O	_	_	_	_	_	_
à	O	O	O	O	O	O	_	_	_	_	_	_
l	O	O	O	O	O	O	_	_	NoSpaceAfter	_	_	_
'	O	O	O	O	O	O	_	_	NoSpaceAfter	_	_	_
ours	O	O	O	O	O	O	_	_	EndOfLine	_	_	_
# segment_iiif_link = https://impresso-project.ch/api/proxy/iiif/IMP-1913-07-18-a-p0004/1097,2778,444,52/full/0/default.jpg
COIRE	O	O	O	O	O	O	_	_	NoSpaceAfter	_	_	_
.	O	O	O	O	O	O	_	_	_	EndOfSentence	_	_
—	O	O	O	O	O	O	_	_	_	_	_	_
On	O	O	O	O	O	O	_	_	_	_	_	_
mande	O	O	O	O	O	O	_	_	_	_	_	_
de	O	O	O	O	O	O	_	_	_	_	_	_
Lugnetz	O	O	O	O	O	O	_	_	_	_	_	_
que	O	O	O	O	O	O	_	_	_	_	_	_
des	O	O	O	O	O	O	_	_	EndOfLine	_	_	_
# segment_iiif_link = https://impresso-project.ch/api/proxy/iiif/IMP-1913-07-18-a-p0004/1075,2801,466,52/full/0/default.jpg
montagnards	O	O	O	O	O	O	_	_	NoSpaceAfter	_	_	_
,	O	O	O	O	O	O	_	_	_	_	_	_
partis	O	O	O	O	O	O	_	_	_	_	_	_
à	O	O	O	O	O	O	_	_	_	_	_	_
la	O	O	O	O	O	O	_	_	_	_	_	_
recherche	O	O	O	O	O	O	_	_	_	_	_	_
d	O	O	O	O	O	O	_	_	NoSpaceAfter	_	_	_
'	O	O	O	O	O	O	_	_	NoSpaceAfter	_	_	_
une	O	O	O	O	O	O	_	_	EndOfLine	_	_	_
# segment_iiif_link = https://impresso-project.ch/api/proxy/iiif/IMP-1913-07-18-a-p0004/1075,2825,468,52/full/0/default.jpg
génisse	O	O	O	O	O	O	_	_	_	_	_	_
égarée	O	O	O	O	O	O	_	_	NoSpaceAfter	_	_	_
,	O	O	O	O	O	O	_	_	_	_	_	_
ont	O	O	O	O	O	O	_	_	_	_	_	_
découvert	O	O	O	O	O	O	_	_	_	_	_	_
sur	O	O	O	O	O	O	_	_	_	_	_	_
l	O	O	O	O	O	O	_	_	NoSpaceAfter	_	_	_
'	O	O	O	O	O	O	_	_	NoSpaceAfter	_	_	_
alpe	O	O	O	O	O	O	_	_	_	_	_	_
Ramosa	O	O	O	O	O	O	_	_	NoSpaceAfter	_	_	_
,	O	O	O	O	O	O	_	_	EndOfLine	_	_	_
# segment_iiif_link = https://impresso-project.ch/api/proxy/iiif/IMP-1913-07-18-a-p0004/1076,2848,465,52/full/0/default.jpg
sur	O	O	O	O	O	O	_	_	_	_	_	_
le	O	O	O	O	O	O	_	_	_	_	_	_
territoire	O	O	O	O	O	O	_	_	_	_	_	_
de	O	O	O	O	O	O	_	_	_	_	_	_
la	O	O	O	O	O	O	_	_	_	_	_	_
commune	O	O	O	O	O	O	_	_	_	_	_	_
de	O	O	O	O	O	O	_	_	_	_	_	_
Vrin	O	O	O	O	O	O	_	_	NoSpaceAfter	_	_	_
,	O	O	O	O	O	O	_	_	_	_	_	_
les	O	O	O	O	O	O	_	_	EndOfLine	_	_	_
# segment_iiif_link = https://impresso-project.ch/api/proxy/iiif/IMP-1913-07-18-a-p0004/1076,2872,465,52/full/0/default.jpg
traces	O	O	O	O	O	O	_	_	_	_	_	_
d	O	O	O	O	O	O	_	_	NoSpaceAfter	_	_	_
'	O	O	O	O	O	O	_	_	NoSpaceAfter	_	_	_
un	O	O	O	O	O	O	_	_	_	_	_	_
ours	O	O	O	O	O	O	_	_	_	_	_	_
et	O	O	O	O	O	O	_	_	_	_	_	_
de	O	O	O	O	O	O	_	_	_	_	_	_
trois	O	O	O	O	O	O	_	_	_	_	_	_
oursons	O	O	O	O	O	O	_	_	NoSpaceAfter	_	_	_
.	O	O	O	O	O	O	_	_	_	EndOfSentence	_	_
Des	O	O	O	O	O	O	_	_	EndOfLine	_	_	_
# segment_iiif_link = https://impresso-project.ch/api/proxy/iiif/IMP-1913-07-18-a-p0004/1075,2895,464,52/full/0/default.jpg
chasseurs	O	O	O	O	O	O	_	_	_	_	_	_
sont	O	O	O	O	O	O	_	_	_	_	_	_
immédiatement	O	O	O	O	O	O	_	_	_	_	_	_
partis	O	O	O	O	O	O	_	_	_	_	_	_
pour	O	O	O	O	O	O	_	_	_	_	_	_
traquer	O	O	O	O	O	O	_	_	EndOfLine	_	_	_
# segment_iiif_link = https://impresso-project.ch/api/proxy/iiif/IMP-1913-07-18-a-p0004/1076,2919,149,52/full/0/default.jpg
les	O	O	O	O	O	O	_	_	_	_	_	_
carnassiers	O	O	O	O	O	O	_	_	NoSpaceAfter	_	_	_
.	O	O	O	O	O	O	_	_	EndOfLine	EndOfSentence	_	_

# language = fr
# newspaper = IMP
# date = 1915-10-12
# document_id = IMP-1915-10-12-a-i0011
# news-agency-as-source = _
# segment_iiif_link = https://impresso-project.ch/api/proxy/iiif/IMP-1915-10-12-a-p0002/91,131,313,67/full/0/default.jpg
Mouvements	O	O	O	O	O	O	_	_	NoSpaceAfter	_	_	_
.	O	O	O	O	O	O	_	_	_	EndOfSentence	_	_
SUSSES	O	O	O	O	O	O	_	_	EndOfLine	_	_	_
# segment_iiif_link = https://impresso-project.ch/api/proxy/iiif/IMP-1915-10-12-a-p0002/90,169,312,43/full/0/default.jpg
lignes	O	O	O	O	O	O	_	_	_	_	_	_
et	O	O	O	O	O	O	_	_	_	_	_	_
9	O	O	O	O	O	O	_	_	_	_	_	_
%	O	O	O	O	O	O	_	_	_	_	_	_
lignes	O	O	O	O	O	O	_	_	_	_	_	_
cylindre	O	O	O	O	O	O	_	_	_	_	_	_
prêts	O	O	O	O	O	O	_	_	_	_	_	_
à	O	O	O	O	O	O	_	_	EndOfLine	_	_	_
# segment_iiif_link = https://impresso-project.ch/api/proxy/iiif/IMP-1915-10-12-a-p0002/91,186,310,43/full/0/default.jpg
mettre	O	O	O	O	O	O	_	_	_	_	_	_
eu	O	O	O	O	O	O	_	_	_	_	_	_
Boites	O	O	O	O	O	O	_	_	NoSpaceAfter	_	_	_
.	O	O	O	O	O	O	_	_	_	EndOfSentence	_	_
Bonne	O	O	O	O	O	O	_	_	_	_	_	_
qualité	O	O	O	O	O	O	_	_	NoSpaceAfter	_	_	_
.	O	O	O	O	O	O	_	_	_	EndOfSentence	_	_
—	O	O	O	O	O	O	_	_	EndOfLine	_	_	_
# segment_iiif_link = https://impresso-project.ch/api/proxy/iiif/IMP-1915-10-12-a-p0002/91,203,282,43/full/0/default.jpg
Offres	O	O	O	O	O	O	_	_	_	_	_	_
écrites	O	O	O	O	O	O	_	_	_	_	_	_
Case	O	O	O	O	O	O	_	_	_	_	_	_
postale	O	O	O	O	O	O	_	_	_	_	_	_
16067	O	O	O	O	O	O	_	_	NoSpaceAfter	_	_	_
.	O	O	O	O	O	O	_	_	EndOfLine	EndOfSentence	_	_
# segment_iiif_link = https://impresso-project.ch/api/proxy/iiif/IMP-1915-10-12-a-p0002/361,221,42,43/full/0/default.jpg
14843	O	O	O	O	O	O	_	_	EndOfLine	_	_	_
# segment_iiif_link = https://impresso-project.ch/api/proxy/iiif/IMP-1915-10-12-a-p0002/90,252,311,43/full/0/default.jpg
ÏÊSorlftiffll	O	O	O	O	O	O	_	_	_	_	_	_
*	O	O	O	O	O	O	_	_	_	_	_	_
P	O	O	O	O	O	O	_	_	_	_	_	_
akle	O	O	O	O	O	O	_	_	_	_	_	_
demanda	O	O	O	O	O	O	_	_	_	_	_	_
a	O	O	O	O	O	O	_	_	EndOfLine	_	_	_
# segment_iiif_link = https://impresso-project.ch/api/proxy/iiif/IMP-1915-10-12-a-p0002/91,261,310,44/full/0/default.jpg
eu	O	O	O	O	O	O	_	_	NoSpaceAfter	_	_	_
-	O	O	O	O	O	O	_	_	NoSpaceAfter	_	_	_
*	O	O	O	O	O	O	_	_	NoSpaceAfter	_	_	_
*	O	O	O	O	O	O	_	_	NoSpaceAfter	_	_	_
*	O	O	O	O	O	O	_	_	NoSpaceAfter	_	_	_
*	O	O	O	O	O	O	_	_	NoSpaceAfter	_	_	_
*	O	O	O	O	O	O	_	_	_	_	_	_
*	O	O	O	O	O	O	_	_	_	_	_	_
V	O	O	O	O	O	O	_	_	_	_	_	_
_	O	O	O	O	O	O	_	_	NoSpaceAfter	_	_	_
_	O	O	O	O	O	O	_	_	_	_	_	_
V	O	O	O	O	O	O	_	_	_	_	_	_
*	O	O	O	O	O	O	_	_	_	_	_	_
trer	O	O	O	O	O	O	_	_	_	_	_	_
en	O	O	O	O	O	O	_	_	_	_	_	_
relations	O	O	O	O	O	O	_	_	_	_	_	_
avec	O	O	O	O	O	O	_	_	EndOfLine	_	_	_
# segment_iiif_link = https://impresso-project.ch/api/proxy/iiif/IMP-1915-10-12-a-p0002/91,276,311,43/full/0/default.jpg
lionne	O	O	O	O	O	O	_	_	_	_	_	_
Maison	O	O	O	O	O	O	_	_	_	_	_	_
de	O	O	O	O	O	O	_	_	_	_	_	_
la	O	O	O	O	O	O	_	_	_	_	_	_
ville	O	O	O	O	O	O	_	_	NoSpaceAfter	_	_	_
,	O	O	O	O	O	O	_	_	_	_	_	_
pour	O	O	O	O	O	O	_	_	EndOfLine	_	_	_
# segment_iiif_link = https://impresso-project.ch/api/proxy/iiif/IMP-1915-10-12-a-p0002/91,292,309,44/full/0/default.jpg
démontages	O	O	O	O	O	O	_	_	_	_	_	_
et	O	O	O	O	O	O	_	_	_	_	_	_
remontages	O	O	O	O	O	O	_	_	_	_	_	_
de	O	O	O	O	O	O	_	_	_	_	_	_
pièces	O	O	O	O	O	O	_	_	_	_	_	_
cylindre	O	O	O	O	O	O	_	_	EndOfLine	_	_	_
# segment_iiif_link = https://impresso-project.ch/api/proxy/iiif/IMP-1915-10-12-a-p0002/89,309,291,43/full/0/default.jpg
ti	O	O	O	O	O	O	_	_	_	_	_	_
et	O	O	O	O	O	O	_	_	_	_	_	_
10	O	O	O	O	O	O	_	_	_	_	_	_
lignes	O	O	O	O	O	O	_	_	_	_	_	_
soignés	O	O	O	O	O	O	_	_	NoSpaceAfter	_	_	_
.	O	O	O	O	O	O	_	_	_	EndOfSentence	_	_
Très	O	O	O	O	O	O	_	_	_	_	_	_
sérieux	O	O	O	O	O	O	_	_	NoSpaceAfter	_	_	_
.	O	O	O	O	O	O	_	_	EndOfLine	EndOfSentence	_	_
# segment_iiif_link = https://impresso-project.ch/api/proxy/iiif/IMP-1915-10-12-a-p0002/107,326,294,44/full/0/default.jpg
Offres	O	O	O	O	O	O	_	_	_	_	_	_
sous	O	O	O	O	O	O	_	_	_	_	_	_
chiffres	O	O	O	O	O	O	_	_	_	_	_	_
A	O	O	O	O	O	O	_	_	NoSpaceAfter	_	_	_
.	O	O	O	O	O	O	_	_	_	_	_	_
It	O	O	O	O	O	O	_	_	NoSpaceAfter	_	_	_
.	O	O	O	O	O	O	_	_	_	EndOfSentence	_	_
14665	O	O	O	O	O	O	_	_	NoSpaceAfter	_	_	_
.	O	O	O	O	O	O	_	_	EndOfLine	EndOfSentence	_	_
# segment_iiif_link = https://impresso-project.ch/api/proxy/iiif/IMP-1915-10-12-a-p0002/90,342,312,43/full/0/default.jpg
au	O	O	O	O	O	O	_	_	_	_	_	_
bureau	O	O	O	O	O	O	_	_	_	_	_	_
de	O	O	O	O	O	O	_	_	_	_	_	_
I	O	O	O	O	O	O	_	_	NoSpaceAfter	_	_	_
'	O	O	O	O	O	O	_	_	NoSpaceAfter	_	_	_
IMPARTIAL	O	O	O	O	O	O	_	_	NoSpaceAfter	_	_	_
.	O	O	O	O	O	O	_	_	_	EndOfSentence	_	_
14	O	O	O	O	O	O	_	_	_	_	_	_
G	O	O	O	O	O	O	_	_	_	_	_	_
65	O	O	O	O	O	O	_	_	EndOfLine	_	_	_
# segment_iiif_link = https://impresso-project.ch/api/proxy/iiif/IMP-1915-10-12-a-p0002/90,361,315,67/full/0/default.jpg
Collectionneurs	O	O	O	O	O	O	_	_	NoSpaceAfter	_	_	_
.	O	O	O	O	O	O	_	_	_	EndOfSentence	_	_
_	O	O	O	O	O	O	_	_	NoSpaceAfter	_	_	_
{	O	O	O	O	O	O	_	_	_	_	_	_
$	O	O	O	O	O	O	_	_	NoSpaceAfter	_	_	_
£	O	O	O	O	O	O	_	_	NoSpaceAfter	_	_	_
.	O	O	O	O	O	O	_	_	_	EndOfSentence	_	_
_	O	O	O	O	O	O	_	_	NoSpaceAfter	_	_	_
%	O	O	O	O	O	O	_	_	_	_	_	_
*	O	O	O	O	O	O	_	_	_	_	_	_
:	O	O	O	O	O	O	_	_	EndOfLine	_	_	_
# segment_iiif_link = https://impresso-project.ch/api/proxy/iiif/IMP-1915-10-12-a-p0002/90,399,312,43/full/0/default.jpg
voie	O	O	O	O	O	O	_	_	_	_	_	_
jolie	O	O	O	O	O	O	_	_	_	_	_	_
Collection	O	O	O	O	O	O	_	_	_	_	_	_
de	O	O	O	O	O	O	_	_	_	_	_	_
timbres	O	O	O	O	O	O	_	_	NoSpaceAfter	_	_	_
-	O	O	O	O	O	O	_	_	NoSpaceAfter	_	_	_
poste	O	O	O	O	O	O	_	_	EndOfLine	_	_	_
# segment_iiif_link = https://impresso-project.ch/api/proxy/iiif/IMP-1915-10-12-a-p0002/90,415,312,43/full/0/default.jpg
usagés	O	O	O	O	O	O	_	_	NoSpaceAfter	_	_	_
,	O	O	O	O	O	O	_	_	_	_	_	_
contre	O	O	O	O	O	O	_	_	_	_	_	_
50	O	O	O	O	O	O	_	_	_	_	_	_
c	O	O	O	O	O	O	_	_	NoSpaceAfter	_	_	_
.	O	O	O	O	O	O	_	_	_	EndOfSentence	_	_
en	O	O	O	O	O	O	_	_	_	_	_	_
timbres	O	O	O	O	O	O	_	_	NoSpaceAfter	_	_	_
-	O	O	O	O	O	O	_	_	NoSpaceAfter	_	_	_
poste	O	O	O	O	O	O	_	_	NoSpaceAfter	_	_	_
.	O	O	O	O	O	O	_	_	EndOfLine	EndOfSentence	_	_
# segment_iiif_link = https://impresso-project.ch/api/proxy/iiif/IMP-1915-10-12-a-p0002/89,432,314,44/full/0/default.jpg
—	O	O	O	O	O	O	_	_	_	_	_	_
Ecrire	O	O	O	O	O	O	_	_	_	_	_	_
à	O	O	O	O	O	O	_	_	_	_	_	_
M	O	O	O	O	O	O	_	_	NoSpaceAfter	_	_	_
.	O	O	O	O	O	O	_	_	_	_	_	_
Montandon	O	O	O	O	O	O	_	_	NoSpaceAfter	_	_	_
-	O	O	O	O	O	O	_	_	NoSpaceAfter	_	_	_
Schenck	O	O	O	O	O	O	_	_	NoSpaceAfter	_	_	_
,	O	O	O	O	O	O	_	_	EndOfLine	_	_	_
# segment_iiif_link = https://impresso-project.ch/api/proxy/iiif/IMP-1915-10-12-a-p0002/89,449,289,43/full/0/default.jpg
Chalet	O	O	O	O	O	O	_	_	_	_	_	_
dea	O	O	O	O	O	O	_	_	_	_	_	_
Pierres	O	O	O	O	O	O	_	_	NoSpaceAfter	_	_	_
-	O	O	O	O	O	O	_	_	NoSpaceAfter	_	_	_
Grises	O	O	O	O	O	O	_	_	NoSpaceAfter	_	_	_
,	O	O	O	O	O	O	_	_	_	_	_	_
Cernier	O	O	O	O	O	O	_	_	NoSpaceAfter	_	_	_
.	O	O	O	O	O	O	_	_	EndOfLine	EndOfSentence	_	_
# segment_iiif_link = https://impresso-project.ch/api/proxy/iiif/IMP-1915-10-12-a-p0002/359,467,43,44/full/0/default.jpg
14	O	O	O	O	O	O	_	_	_	_	_	_
S	O	O	O	O	O	O	_	_	_	_	_	_
70	O	O	O	O	O	O	_	_	EndOfLine	_	_	_
# segment_iiif_link = https://impresso-project.ch/api/proxy/iiif/IMP-1915-10-12-a-p0002/87,482,314,70/full/0/default.jpg
Ressemellages	O	O	O	O	O	O	_	_	_	_	_	_
ir	O	O	O	O	O	O	_	_	_	_	_	_
SÏÏE	O	O	O	O	O	O	_	_	EndOfLine	_	_	_
# segment_iiif_link = https://impresso-project.ch/api/proxy/iiif/IMP-1915-10-12-a-p0002/88,523,314,43/full/0/default.jpg
«	O	O	O	O	O	O	_	_	_	_	_	_
urée	O	O	O	O	O	O	_	_	NoSpaceAfter	_	_	_
,	O	O	O	O	O	O	_	_	_	_	_	_
pour	O	O	O	O	O	O	_	_	_	_	_	_
Hommes	O	O	O	O	O	O	_	_	_	_	_	_
à	O	O	O	O	O	O	_	_	_	_	_	_
frs	O	O	O	O	O	O	_	_	NoSpaceAfter	_	_	_
.	O	O	O	O	O	O	_	_	_	_	_	_
4	O	O	O	O	O	O	_	_	NoSpaceAfter	_	_	_
.	O	O	O	O	O	O	_	_	_	_	_	_
Cames	O	O	O	O	O	O	_	_	EndOfLine	_	_	_
# segment_iiif_link = https://impresso-project.ch/api/proxy/iiif/IMP-1915-10-12-a-p0002/89,540,313,43/full/0/default.jpg
à	O	O	O	O	O	O	_	_	_	_	_	_
frs	O	O	O	O	O	O	_	_	NoSpaceAfter	_	_	_
.	O	O	O	O	O	O	_	_	_	_	_	_
3	O	O	O	O	O	O	_	_	NoSpaceAfter	_	_	_
.	O	O	O	O	O	O	_	_	_	_	_	_
Travail	O	O	O	O	O	O	_	_	_	_	_	_
consciencieux	O	O	O	O	O	O	_	_	NoSpaceAfter	_	_	_
.	O	O	O	O	O	O	_	_	_	_	_	_
—	O	O	O	O	O	O	_	_	_	_	_	_
Se	O	O	O	O	O	O	_	_	EndOfLine	_	_	_
# segment_iiif_link = https://impresso-project.ch/api/proxy/iiif/IMP-1915-10-12-a-p0002/87,556,313,43/full/0/default.jpg
ï	O	O	O	O	O	O	_	_	NoSpaceAfter	_	_	_
.	O	O	O	O	O	O	_	_	_	_	_	_
ecommaude	O	O	O	O	O	O	_	_	NoSpaceAfter	_	_	_
,	O	O	O	O	O	O	_	_	_	_	_	_
Alphonse	O	O	O	O	O	O	_	_	_	_	_	_
Cattin	O	O	O	O	O	O	_	_	NoSpaceAfter	_	_	_
,	O	O	O	O	O	O	_	_	_	_	_	_
rue	O	O	O	O	O	O	_	_	_	_	_	_
du	O	O	O	O	O	O	_	_	EndOfLine	_	_	_
# segment_iiif_link = https://impresso-project.ch/api/proxy/iiif/IMP-1915-10-12-a-p0002/87,572,317,44/full/0/default.jpg
Parc	O	O	O	O	O	O	_	_	_	_	_	_
68.14919	O	O	O	O	O	O	_	_	EndOfLine	_	_	_
# segment_iiif_link = https://impresso-project.ch/api/proxy/iiif/IMP-1915-10-12-a-p0002/87,601,315,44/full/0/default.jpg
_	O	O	O	O	O	O	_	_	NoSpaceAfter	_	_	_
PArdAIIIlA	O	O	O	O	O	O	_	_	_	_	_	_
capable	O	O	O	O	O	O	_	_	_	_	_	_
se	O	O	O	O	O	O	_	_	EndOfLine	_	_	_
# segment_iiif_link = https://impresso-project.ch/api/proxy/iiif/IMP-1915-10-12-a-p0002/87,610,315,44/full/0/default.jpg
recom	O	O	O	O	O	O	_	_	NoSpaceAfter	_	_	_
-	O	O	O	O	O	O	_	_	NoSpaceAfter	_	_	_
*	O	O	O	O	O	O	_	_	NoSpaceAfter	_	_	_
.	O	O	O	O	O	O	_	_	_	_	_	_
VI	O	O	O	O	O	O	_	_	_	_	_	_
auUU	O	O	O	O	O	O	_	_	NoSpaceAfter	_	_	_
-	O	O	O	O	O	O	_	_	NoSpaceAfter	_	_	_
0	O	O	O	O	O	O	_	_	_	_	_	_
mande	O	O	O	O	O	O	_	_	_	_	_	_
pour	O	O	O	O	O	O	_	_	_	_	_	_
des	O	O	O	O	O	O	_	_	EndOfLine	_	_	_
# segment_iiif_link = https://impresso-project.ch/api/proxy/iiif/IMP-1915-10-12-a-p0002/87,629,314,43/full/0/default.jpg
Installations	O	O	O	O	O	O	_	_	_	_	_	_
de	O	O	O	O	O	O	_	_	_	_	_	_
<	O	O	O	O	O	O	_	_	_	_	_	_
Sonneries	O	O	O	O	O	O	_	_	_	_	_	_
Electriques	O	O	O	O	O	O	_	_	_	_	_	_
n	O	O	O	O	O	O	_	_	EndOfLine	_	_	_
# segment_iiif_link = https://impresso-project.ch/api/proxy/iiif/IMP-1915-10-12-a-p0002/87,646,315,44/full/0/default.jpg
et	O	O	O	O	O	O	_	_	_	_	_	_
Réparations	O	O	O	O	O	O	_	_	_	_	_	_
de	O	O	O	O	O	O	_	_	_	_	_	_
«	O	O	O	O	O	O	_	_	_	_	_	_
Ventilateurs	O	O	O	O	O	O	_	_	_	_	_	_
»	O	O	O	O	O	O	_	_	NoSpaceAfter	_	_	_
,	O	O	O	O	O	O	_	_	EndOfLine	_	_	_
# segment_iiif_link = https://impresso-project.ch/api/proxy/iiif/IMP-1915-10-12-a-p0002/87,662,313,43/full/0/default.jpg
«	O	O	O	O	O	O	_	_	_	_	_	_
Moteurs	O	O	O	O	O	O	_	_	_	_	_	_
»	O	O	O	O	O	O	_	_	NoSpaceAfter	_	_	_
,	O	O	O	O	O	O	_	_	_	_	_	_
Etc	O	O	O	O	O	O	_	_	_	_	_	_
.	O	O	O	O	O	O	_	_	NoSpaceAfter	EndOfSentence	_	_
.	O	O	O	O	O	O	_	_	_	EndOfSentence	_	_
—	O	O	O	O	O	O	_	_	_	_	_	_
S	O	O	O	O	O	O	_	_	NoSpaceAfter	_	_	_
'	O	O	O	O	O	O	_	_	NoSpaceAfter	_	_	_
adresser	O	O	O	O	O	O	_	_	_	_	_	_
rue	O	O	O	O	O	O	_	_	_	_	_	_
du	O	O	O	O	O	O	_	_	EndOfLine	_	_	_
# segment_iiif_link = https://impresso-project.ch/api/proxy/iiif/IMP-1915-10-12-a-p0002/87,678,316,44/full/0/default.jpg
Puits	O	O	O	O	O	O	_	_	_	_	_	_
17	O	O	O	O	O	O	_	_	NoSpaceAfter	_	_	_
.	O	O	O	O	O	O	_	_	_	EndOfSentence	_	_
an	O	O	O	O	O	O	_	_	_	_	_	_
3	O	O	O	O	O	O	_	_	_	_	_	_
me	O	O	O	O	O	O	_	_	_	_	_	_
étage	O	O	O	O	O	O	_	_	NoSpaceAfter	_	_	_
,	O	O	O	O	O	O	_	_	_	_	_	_
à	O	O	O	O	O	O	_	_	_	_	_	_
droite	O	O	O	O	O	O	_	_	NoSpaceAfter	_	_	_
.	O	O	O	O	O	O	_	_	_	EndOfSentence	_	_
14769	O	O	O	O	O	O	_	_	EndOfLine	_	_	_
# segment_iiif_link = https://impresso-project.ch/api/proxy/iiif/IMP-1915-10-12-a-p0002/87,708,314,44/full/0/default.jpg
î	O	O	O	O	O	O	_	_	NoSpaceAfter	_	_	_
.	O	O	O	O	O	O	_	_	_	EndOfSentence	_	_
flMine	O	O	O	O	O	O	_	_	_	_	_	_
_	O	O	O	O	O	O	_	_	NoSpaceAfter	_	_	_
lançais	O	O	O	O	O	O	_	_	NoSpaceAfter	_	_	_
.	O	O	O	O	O	O	_	_	_	EndOfSentence	_	_
—	O	O	O	O	O	O	_	_	_	_	_	_
Mlle	O	O	O	O	O	O	_	_	EndOfLine	_	_	_
# segment_iiif_link = https://impresso-project.ch/api/proxy/iiif/IMP-1915-10-12-a-p0002/88,714,294,46/full/0/default.jpg
UU	O	O	O	O	O	O	_	_	NoSpaceAfter	_	_	_
-	O	O	O	O	O	O	_	_	NoSpaceAfter	_	_	_
y	O	O	O	O	O	O	_	_	NoSpaceAfter	_	_	_
-	O	O	O	O	O	O	_	_	NoSpaceAfter	_	_	_
VI	O	O	O	O	O	O	_	_	_	_	_	_
»	O	O	O	O	O	O	_	_	_	_	_	_
hert	O	O	O	O	O	O	_	_	NoSpaceAfter	_	_	_
-	O	O	O	O	O	O	_	_	NoSpaceAfter	_	_	_
Droz	O	O	O	O	O	O	_	_	NoSpaceAfter	_	_	_
,	O	O	O	O	O	O	_	_	_	_	_	_
institutrice	O	O	O	O	O	O	_	_	NoSpaceAfter	_	_	_
,	O	O	O	O	O	O	_	_	EndOfLine	_	_	_
# segment_iiif_link = https://impresso-project.ch/api/proxy/iiif/IMP-1915-10-12-a-p0002/88,736,314,43/full/0/default.jpg
rue	O	O	O	O	O	O	_	_	_	_	_	_
LéoDOld	O	O	O	O	O	O	_	_	NoSpaceAfter	_	_	_
-	O	O	O	O	O	O	_	_	NoSpaceAfter	_	_	_
Kobert	O	O	O	O	O	O	_	_	_	_	_	_
6	O	O	O	O	O	O	_	_	NoSpaceAfter	_	_	_
.	O	O	O	O	O	O	_	_	_	EndOfSentence	_	_
—	O	O	O	O	O	O	_	_	_	_	_	_
Nombreuses	O	O	O	O	O	O	_	_	EndOfLine	_	_	_
# segment_iiif_link = https://impresso-project.ch/api/proxy/iiif/IMP-1915-10-12-a-p0002/89,752,314,43/full/0/default.jpg
années	O	O	O	O	O	O	_	_	_	_	_	_
d	O	O	O	O	O	O	_	_	NoSpaceAfter	_	_	_
'	O	O	O	O	O	O	_	_	NoSpaceAfter	_	_	_
expérience	O	O	O	O	O	O	_	_	NoSpaceAfter	_	_	_
.	O	O	O	O	O	O	_	_	_	EndOfSentence	_	_
13175	O	O	O	O	O	O	_	_	EndOfLine	_	_	_
# segment_iiif_link = https://impresso-project.ch/api/proxy/iiif/IMP-1915-10-12-a-p0002/88,770,317,68/full/0/default.jpg
_	O	O	O	O	O	O	_	_	NoSpaceAfter	_	_	_
Echappements	O	O	O	O	O	O	_	_	_	_	_	_
&	O	O	O	O	O	O	_	_	NoSpaceAfter	_	_	_
*	O	O	O	O	O	O	_	_	_	_	_	_
£	O	O	O	O	O	O	_	_	_	_	_	_
_	O	O	O	O	O	O	_	_	NoSpaceAfter	_	_	_
?	O	O	O	O	O	O	_	_	_	EndOfSentence	_	_
:	O	O	O	O	O	O	_	_	_	_	_	_
£	O	O	O	O	O	O	_	_	EndOfLine	_	_	_
# segment_iiif_link = https://impresso-project.ch/api/proxy/iiif/IMP-1915-10-12-a-p0002/89,809,313,43/full/0/default.jpg
à	O	O	O	O	O	O	_	_	_	_	_	_
sortir	O	O	O	O	O	O	_	_	_	_	_	_
à	O	O	O	O	O	O	_	_	_	_	_	_
planteur	O	O	O	O	O	O	_	_	_	_	_	_
pouvant	O	O	O	O	O	O	_	_	_	_	_	_
fournir	O	O	O	O	O	O	_	_	_	_	_	_
les	O	O	O	O	O	O	_	_	EndOfLine	_	_	_
# segment_iiif_link = https://impresso-project.ch/api/proxy/iiif/IMP-1915-10-12-a-p0002/89,826,313,43/full/0/default.jpg
assortiments	O	O	O	O	O	O	_	_	NoSpaceAfter	_	_	_
.	O	O	O	O	O	O	_	_	_	EndOfSentence	_	_
Pressant	I-org	O	I-org.ent.pressagency.UP-UPI	O	O	O	_	_	NoSpaceAfter	_	_	_
.	O	O	O	O	O	O	_	_	_	EndOfSentence	_	_
Ecrire	O	O	O	O	O	O	_	_	_	_	_	_
sous	O	O	O	O	O	O	_	_	EndOfLine	_	_	_
# segment_iiif_link = https://impresso-project.ch/api/proxy/iiif/IMP-1915-10-12-a-p0002/89,843,314,43/full/0/default.jpg
chiffres	O	O	O	O	O	O	_	_	_	_	_	_
H	O	O	O	O	O	O	_	_	NoSpaceAfter	_	_	_
.	O	O	O	O	O	O	_	_	_	_	_	_
F	O	O	O	O	O	O	_	_	NoSpaceAfter	_	_	_
.	O	O	O	O	O	O	_	_	_	_	_	_
14654	O	O	O	O	O	O	_	_	NoSpaceAfter	_	_	_
,	O	O	O	O	O	O	_	_	_	_	_	_
au	O	O	O	O	O	O	_	_	_	_	_	_
bur	O	O	O	O	O	O	_	_	NoSpaceAfter	_	_	_
.	O	O	O	O	O	O	_	_	_	EndOfSentence	_	_
de	O	O	O	O	O	O	_	_	EndOfLine	_	_	_
# segment_iiif_link = https://impresso-project.ch/api/proxy/iiif/IMP-1915-10-12-a-p0002/89,864,313,37/full/0/default.jpg
I	O	O	O	O	O	O	_	_	NoSpaceAfter	_	_	_
'	O	O	O	O	O	O	_	_	NoSpaceAfter	_	_	_
IMPARTIAL	O	O	O	O	O	O	_	_	NoSpaceAfter	_	_	_
.	O	O	O	O	O	O	_	_	_	EndOfSentence	_	_
14624	O	O	O	O	O	O	_	_	EndOfLine	_	_	_
# segment_iiif_link = https://impresso-project.ch/api/proxy/iiif/IMP-1915-10-12-a-p0002/89,876,312,68/full/0/default.jpg
_	O	O	O	O	O	O	_	_	NoSpaceAfter	_	_	_
Hadlnm	O	O	O	O	O	O	_	_	_	_	_	_
ap	O	O	O	O	O	O	_	_	NoSpaceAfter	_	_	_
.	O	O	O	O	O	O	_	_	_	EndOfSentence	_	_
p	O	O	O	O	O	O	_	_	NoSpaceAfter	_	_	_
-	O	O	O	O	O	O	_	_	NoSpaceAfter	_	_	_
v	O	O	O	O	O	O	_	_	NoSpaceAfter	_	_	_
°	O	O	O	O	O	O	_	_	_	_	_	_
_	O	O	O	O	O	O	_	_	NoSpaceAfter	_	_	_
^	O	O	O	O	O	O	_	_	EndOfLine	_	_	_
# segment_iiif_link = https://impresso-project.ch/api/proxy/iiif/IMP-1915-10-12-a-p0002/89,900,312,44/full/0/default.jpg
*	O	O	O	O	O	O	_	_	NoSpaceAfter	_	_	_
*	O	O	O	O	O	O	_	_	NoSpaceAfter	_	_	_
*	O	O	O	O	O	O	_	_	NoSpaceAfter	_	_	_
*	O	O	O	O	O	O	_	_	NoSpaceAfter	_	_	_
*	O	O	O	O	O	O	_	_	NoSpaceAfter	_	_	_
*	O	O	O	O	O	O	_	_	NoSpaceAfter	_	_	_
*	O	O	O	O	O	O	_	_	NoSpaceAfter	_	_	_
*	O	O	O	O	O	O	_	_	NoSpaceAfter	_	_	_
*	O	O	O	O	O	O	_	_	NoSpaceAfter	_	_	_
*	O	O	O	O	O	O	_	_	NoSpaceAfter	_	_	_
*	O	O	O	O	O	O	_	_	NoSpaceAfter	_	_	_
*	O	O	O	O	O	O	_	_	NoSpaceAfter	_	_	_
*	O	O	O	O	O	O	_	_	NoSpaceAfter	_	_	_
*	O	O	O	O	O	O	_	_	_	_	_	_
le	O	O	O	O	O	O	_	_	_	_	_	_
radium	O	O	O	O	O	O	_	_	_	_	_	_
a	O	O	O	O	O	O	_	_	_	_	_	_
une	O	O	O	O	O	O	_	_	_	_	_	_
jeune	O	O	O	O	O	O	_	_	EndOfLine	_	_	_
# segment_iiif_link = https://impresso-project.ch/api/proxy/iiif/IMP-1915-10-12-a-p0002/89,916,314,44/full/0/default.jpg
dame	O	O	O	O	O	O	_	_	_	_	_	_
1	O	O	O	O	O	O	_	_	_	_	_	_
14636	O	O	O	O	O	O	_	_	EndOfLine	_	_	_
# segment_iiif_link = https://impresso-project.ch/api/proxy/iiif/IMP-1915-10-12-a-p0002/106,932,267,43/full/0/default.jpg
S	O	O	O	O	O	O	_	_	NoSpaceAfter	_	_	_
'	O	O	O	O	O	O	_	_	NoSpaceAfter	_	_	_
adr	O	O	O	O	O	O	_	_	NoSpaceAfter	_	_	_
.	O	O	O	O	O	O	_	_	_	EndOfSentence	_	_
au	O	O	O	O	O	O	_	_	_	_	_	_
bureau	O	O	O	O	O	O	_	_	_	_	_	_
de	O	O	O	O	O	O	_	_	_	_	_	_
I	O	O	O	O	O	O	_	_	NoSpaceAfter	_	_	_
'	O	O	O	O	O	O	_	_	NoSpaceAfter	_	_	_
IMPARTIAL	O	O	O	O	O	O	_	_	NoSpaceAfter	_	_	_
.	O	O	O	O	O	O	_	_	EndOfLine	EndOfSentence	_	_
# segment_iiif_link = https://impresso-project.ch/api/proxy/iiif/IMP-1915-10-12-a-p0002/89,961,312,45/full/0/default.jpg
BÂorlAne	O	O	O	O	O	O	_	_	_	_	_	_
*	O	O	O	O	O	O	_	_	_	_	_	_
P	O	O	O	O	O	O	_	_	NoSpaceAfter	_	_	_
°	O	O	O	O	O	O	_	_	_	_	_	_
petites	O	O	O	O	O	O	_	_	_	_	_	_
ou	O	O	O	O	O	O	_	_	EndOfLine	_	_	_
# segment_iiif_link = https://impresso-project.ch/api/proxy/iiif/IMP-1915-10-12-a-p0002/88,969,313,44/full/0/default.jpg
giau	O	O	O	O	O	O	_	_	NoSpaceAfter	_	_	_
-	O	O	O	O	O	O	_	_	NoSpaceAfter	_	_	_
«	O	O	O	O	O	O	_	_	_	_	_	_
_	O	O	O	O	O	O	_	_	NoSpaceAfter	_	_	_
lUglOUSQ	O	O	O	O	O	O	_	_	_	_	_	_
des	O	O	O	O	O	O	_	_	_	_	_	_
p	O	O	O	O	O	O	_	_	_	_	_	_
_	O	O	O	O	O	O	_	_	NoSpaceAfter	_	_	_
i	O	O	O	O	O	O	_	_	_	_	_	_
èces	O	O	O	O	O	O	_	_	NoSpaceAfter	_	_	_
,	O	O	O	O	O	O	_	_	_	_	_	_
plats	O	O	O	O	O	O	_	_	_	_	_	_
ou	O	O	O	O	O	O	_	_	EndOfLine	_	_	_
# segment_iiif_link = https://impresso-project.ch/api/proxy/iiif/IMP-1915-10-12-a-p0002/88,990,313,43/full/0/default.jpg
Breguet	O	O	O	O	O	O	_	_	NoSpaceAfter	_	_	_
,	O	O	O	O	O	O	_	_	_	_	_	_
cherche	O	O	O	O	O	O	_	_	_	_	_	_
travail	O	O	O	O	O	O	_	_	_	_	_	_
à	O	O	O	O	O	O	_	_	_	_	_	_
domicile	O	O	O	O	O	O	_	_	_	_	_	_
ou	O	O	O	O	O	O	_	_	EndOfLine	_	_	_
# segment_iiif_link = https://impresso-project.ch/api/proxy/iiif/IMP-1915-10-12-a-p0002/88,1007,314,43/full/0/default.jpg
au	O	O	O	O	O	O	_	_	_	_	_	_
Comptoir	O	O	O	O	O	O	_	_	NoSpaceAfter	_	_	_
.	O	O	O	O	O	O	_	_	_	_	_	_
Travail	O	O	O	O	O	O	_	_	_	_	_	_
soigné	O	O	O	O	O	O	_	_	NoSpaceAfter	_	_	_
.	O	O	O	O	O	O	_	_	_	_	_	_
—	O	O	O	O	O	O	_	_	EndOfLine	_	_	_
# segment_iiif_link = https://impresso-project.ch/api/proxy/iiif/IMP-1915-10-12-a-p0002/89,1023,312,43/full/0/default.jpg
Ecrire	O	O	O	O	O	O	_	_	_	_	_	_
sous	O	O	O	O	O	O	_	_	_	_	_	_
chiffres	O	O	O	O	O	O	_	_	_	_	_	_
A	O	O	O	O	O	O	_	_	NoSpaceAfter	_	_	_
.	O	O	O	O	O	O	_	_	_	_	_	_
B	O	O	O	O	O	O	_	_	NoSpaceAfter	_	_	_
.	O	O	O	O	O	O	_	_	_	_	_	_
14595	O	O	O	O	O	O	_	_	NoSpaceAfter	_	_	_
,	O	O	O	O	O	O	_	_	_	_	_	_
au	O	O	O	O	O	O	_	_	EndOfLine	_	_	_
# segment_iiif_link = https://impresso-project.ch/api/proxy/iiif/IMP-1915-10-12-a-p0002/89,1039,315,44/full/0/default.jpg
reau	O	O	O	O	O	O	_	_	_	_	_	_
de	O	O	O	O	O	O	_	_	_	_	_	_
I	O	O	O	O	O	O	_	_	NoSpaceAfter	_	_	_
'	O	O	O	O	O	O	_	_	NoSpaceAfter	_	_	_
IMPABTIAL	O	O	O	O	O	O	_	_	NoSpaceAfter	_	_	_
.	O	O	O	O	O	O	_	_	_	_	_	_
14593	O	O	O	O	O	O	_	_	EndOfLine	_	_	_
# segment_iiif_link = https://impresso-project.ch/api/proxy/iiif/IMP-1915-10-12-a-p0002/92,1066,310,44/full/0/default.jpg
A	O	O	O	O	O	O	_	_	_	_	_	_
VAlldrA	O	O	O	O	O	O	_	_	_	_	_	_
un	O	O	O	O	O	O	_	_	_	_	_	_
camioli	O	O	O	O	O	O	_	_	_	_	_	_
uue	O	O	O	O	O	O	_	_	EndOfLine	_	_	_
# segment_iiif_link = https://impresso-project.ch/api/proxy/iiif/IMP-1915-10-12-a-p0002/88,1076,315,53/full/0/default.jpg
glis	O	O	O	O	O	O	_	_	NoSpaceAfter	_	_	_
-	O	O	O	O	O	O	_	_	NoSpaceAfter	_	_	_
*	O	O	O	O	O	O	_	_	NoSpaceAfter	_	_	_
*	O	O	O	O	O	O	_	_	_	_	_	_
*	O	O	O	O	O	O	_	_	NoSpaceAfter	_	_	_
*	O	O	O	O	O	O	_	_	NoSpaceAfter	_	_	_
*	O	O	O	O	O	O	_	_	NoSpaceAfter	_	_	_
*	O	O	O	O	O	O	_	_	NoSpaceAfter	_	_	_
*	O	O	O	O	O	O	_	_	NoSpaceAfter	_	_	_
*	O	O	O	O	O	O	_	_	NoSpaceAfter	_	_	_
*	O	O	O	O	O	O	_	_	_	_	_	_
_	O	O	O	O	O	O	_	_	NoSpaceAfter	_	_	_
*	O	O	O	O	O	O	_	_	NoSpaceAfter	_	_	_
-	O	O	O	O	O	O	_	_	NoSpaceAfter	_	_	_
*	O	O	O	O	O	O	_	_	_	_	_	_
se	O	O	O	O	O	O	_	_	_	_	_	_
à	O	O	O	O	O	O	_	_	_	_	_	_
pont	O	O	O	O	O	O	_	_	_	_	_	_
(	O	O	O	O	O	O	_	_	NoSpaceAfter	_	_	_
avec	O	O	O	O	O	O	_	_	EndOfLine	_	_	_
# segment_iiif_link = https://impresso-project.ch/api/proxy/iiif/IMP-1915-10-12-a-p0002/90,1098,311,43/full/0/default.jpg
siège	O	O	O	O	O	O	_	_	NoSpaceAfter	_	_	_
)	O	O	O	O	O	O	_	_	NoSpaceAfter	_	_	_
.	O	O	O	O	O	O	_	_	_	_	_	_
3	O	O	O	O	O	O	_	_	_	_	_	_
chars	O	O	O	O	O	O	_	_	_	_	_	_
à	O	O	O	O	O	O	_	_	_	_	_	_
bras	O	O	O	O	O	O	_	_	_	_	_	_
et	O	O	O	O	O	O	_	_	_	_	_	_
1	O	O	O	O	O	O	_	_	_	_	_	_
char	O	O	O	O	O	O	_	_	_	_	_	_
à	O	O	O	O	O	O	_	_	EndOfLine	_	_	_
# segment_iiif_link = https://impresso-project.ch/api/proxy/iiif/IMP-1915-10-12-a-p0002/89,1113,312,43/full/0/default.jpg
brecettes	O	O	O	O	O	O	_	_	NoSpaceAfter	_	_	_
.	O	O	O	O	O	O	_	_	_	_	_	_
—	O	O	O	O	O	O	_	_	_	_	_	_
S	O	O	O	O	O	O	_	_	NoSpaceAfter	_	_	_
'	O	O	O	O	O	O	_	_	NoSpaceAfter	_	_	_
adresser	O	O	O	O	O	O	_	_	_	_	_	_
chez	O	O	O	O	O	O	_	_	_	_	_	_
M	O	O	O	O	O	O	_	_	NoSpaceAfter	_	_	_
.	O	O	O	O	O	O	_	_	_	_	_	_
E	O	O	O	O	O	O	_	_	NoSpaceAfter	_	_	_
,	O	O	O	O	O	O	_	_	_	_	_	_
Bernath	O	O	O	O	O	O	_	_	EndOfLine	_	_	_
# segment_iiif_link = https://impresso-project.ch/api/proxy/iiif/IMP-1915-10-12-a-p0002/90,1131,282,43/full/0/default.jpg
maréchal	O	O	O	O	O	O	_	_	NoSpaceAfter	_	_	_
,	O	O	O	O	O	O	_	_	_	_	_	_
derrière	O	O	O	O	O	O	_	_	_	_	_	_
l	O	O	O	O	O	O	_	_	NoSpaceAfter	_	_	_
'	O	O	O	O	O	O	_	_	NoSpaceAfter	_	_	_
Hôtel	O	O	O	O	O	O	_	_	NoSpaceAfter	_	_	_
-	O	O	O	O	O	O	_	_	NoSpaceAfter	_	_	_
de	O	O	O	O	O	O	_	_	NoSpaceAfter	_	_	_
-	O	O	O	O	O	O	_	_	NoSpaceAfter	_	_	_
Ville	O	O	O	O	O	O	_	_	NoSpaceAfter	_	_	_
.	O	O	O	O	O	O	_	_	EndOfLine	_	_	_
# segment_iiif_link = https://impresso-project.ch/api/proxy/iiif/IMP-1915-10-12-a-p0002/361,1149,43,44/full/0/default.jpg
14593	O	O	O	O	O	O	_	_	EndOfLine	_	_	_
# segment_iiif_link = https://impresso-project.ch/api/proxy/iiif/IMP-1915-10-12-a-p0002/89,1167,308,66/full/0/default.jpg
Pommes	O	O	O	O	O	O	_	_	_	_	_	_
de	O	O	O	O	O	O	_	_	_	_	_	_
terre	O	O	O	O	O	O	_	_	NoSpaceAfter	_	_	_
.	O	O	O	O	O	O	_	_	_	_	_	_
_	O	O	O	O	O	O	_	_	NoSpaceAfter	_	_	_
&	O	O	O	O	O	O	_	_	_	_	_	_
t	O	O	O	O	O	O	_	_	_	_	_	_
"	O	O	O	O	O	O	_	_	NoSpaceAfter	_	_	_
g	O	O	O	O	O	O	_	_	EndOfLine	_	_	_
# segment_iiif_link = https://impresso-project.ch/api/proxy/iiif/IMP-1915-10-12-a-p0002/89,1204,313,44/full/0/default.jpg
ter	O	O	O	O	O	O	_	_	_	_	_	_
30	O	O	O	O	O	O	_	_	_	_	_	_
mesures	O	O	O	O	O	O	_	_	_	_	_	_
pommes	O	O	O	O	O	O	_	_	_	_	_	_
de	O	O	O	O	O	O	_	_	_	_	_	_
terre	O	O	O	O	O	O	_	_	_	_	_	_
de	O	O	O	O	O	O	_	_	_	_	_	_
nos	O	O	O	O	O	O	_	_	EndOfLine	_	_	_
# segment_iiif_link = https://impresso-project.ch/api/proxy/iiif/IMP-1915-10-12-a-p0002/89,1221,313,43/full/0/default.jpg
Montagnes	O	O	O	O	O	O	_	_	NoSpaceAfter	_	_	_
.	O	O	O	O	O	O	_	_	_	_	_	_
—	O	O	O	O	O	O	_	_	_	_	_	_
S	O	O	O	O	O	O	_	_	NoSpaceAfter	_	_	_
'	O	O	O	O	O	O	_	_	NoSpaceAfter	_	_	_
adresser	O	O	O	O	O	O	_	_	_	_	_	_
rue	O	O	O	O	O	O	_	_	_	_	_	_
du	O	O	O	O	O	O	_	_	EndOfLine	_	_	_
# segment_iiif_link = https://impresso-project.ch/api/proxy/iiif/IMP-1915-10-12-a-p0002/90,1237,313,43/full/0/default.jpg
Grenier	O	O	O	O	O	O	_	_	_	_	_	_
41	O	O	O	O	O	O	_	_	_	_	_	_
H	O	O	O	O	O	O	_	_	NoSpaceAfter	_	_	_
,	O	O	O	O	O	O	_	_	_	_	_	_
chez	O	O	O	O	O	O	_	_	_	_	_	_
M	O	O	O	O	O	O	_	_	NoSpaceAfter	_	_	_
.	O	O	O	O	O	O	_	_	_	_	_	_
Tell	O	O	O	O	O	O	_	_	_	_	_	_
Sandoz	O	O	O	O	O	O	_	_	NoSpaceAfter	_	_	_
,	O	O	O	O	O	O	_	_	_	_	_	_
1459	O	O	O	O	O	O	_	_	_	_	_	_
S	O	O	O	O	O	O	_	_	EndOfLine	_	_	_
# segment_iiif_link = https://impresso-project.ch/api/proxy/iiif/IMP-1915-10-12-a-p0002/89,1262,297,59/full/0/default.jpg
Grands	O	O	O	O	O	O	_	_	_	_	_	_
choix	O	O	O	O	O	O	_	_	_	_	_	_
Tabi	O	O	O	O	O	O	_	_	_	_	_	_
eau	O	O	O	O	O	O	_	_	_	_	_	_
x	O	O	O	O	O	O	_	_	_	_	_	_
e	O	O	O	O	O	O	_	_	_	_	_	_
t	O	O	O	O	O	O	_	_	EndOfLine	_	_	_
# segment_iiif_link = https://impresso-project.ch/api/proxy/iiif/IMP-1915-10-12-a-p0002/89,1294,313,44/full/0/default.jpg
Panneaux	O	O	O	O	O	O	_	_	_	_	_	_
au	O	O	O	O	O	O	_	_	_	_	_	_
Magasin	O	O	O	O	O	O	_	_	_	_	_	_
L	O	O	O	O	O	O	_	_	NoSpaceAfter	_	_	_
.	O	O	O	O	O	O	_	_	EndOfLine	_	_	_
# segment_iiif_link = https://impresso-project.ch/api/proxy/iiif/IMP-1915-10-12-a-p0002/89,1310,314,43/full/0/default.jpg
Rothen	O	O	O	O	O	O	_	_	NoSpaceAfter	_	_	_
-	O	O	O	O	O	O	_	_	NoSpaceAfter	_	_	_
Perret	O	O	O	O	O	O	_	_	NoSpaceAfter	_	_	_
,	O	O	O	O	O	O	_	_	_	_	_	_
rue	O	O	O	O	O	O	_	_	_	_	_	_
Numa	O	O	O	O	O	O	_	_	NoSpaceAfter	_	_	_
-	O	O	O	O	O	O	_	_	NoSpaceAfter	_	_	_
Droz	O	O	O	O	O	O	_	_	_	_	_	_
139.12788	O	O	O	O	O	O	_	_	EndOfLine	_	_	_
# segment_iiif_link = https://impresso-project.ch/api/proxy/iiif/IMP-1915-10-12-a-p0002/89,1329,306,67/full/0/default.jpg
Mouvements	O	O	O	O	O	O	_	_	NoSpaceAfter	_	_	_
.	O	O	O	O	O	O	_	_	_	_	_	_
*	O	O	O	O	O	O	_	_	_	_	_	_
_	O	O	O	O	O	O	_	_	NoSpaceAfter	_	_	_
£	O	O	O	O	O	O	_	_	_	_	_	_
_	O	O	O	O	O	O	_	_	_	_	_	_
_	O	O	O	O	O	O	_	_	NoSpaceAfter	_	_	_
%	O	O	O	O	O	O	_	_	_	_	_	_
_	O	O	O	O	O	O	_	_	_	_	_	_
%	O	O	O	O	O	O	_	_	NoSpaceAfter	_	_	_
£	O	O	O	O	O	O	_	_	EndOfLine	_	_	_
# segment_iiif_link = https://impresso-project.ch/api/proxy/iiif/IMP-1915-10-12-a-p0002/88,1367,317,44/full/0/default.jpg
vements	O	O	O	O	O	O	_	_	_	_	_	_
11	O	O	O	O	O	O	_	_	NoSpaceAfter	_	_	_
'	O	O	O	O	O	O	_	_	NoSpaceAfter	_	_	_
/	O	O	O	O	O	O	_	_	_	_	_	_
t	O	O	O	O	O	O	_	_	_	_	_	_
lignes	O	O	O	O	O	O	_	_	NoSpaceAfter	_	_	_
,	O	O	O	O	O	O	_	_	_	_	_	_
plus	O	O	O	O	O	O	_	_	_	_	_	_
9	O	O	O	O	O	O	_	_	_	_	_	_
douzaines	O	O	O	O	O	O	_	_	NoSpaceAfter	_	_	_
.	O	O	O	O	O	O	_	_	EndOfLine	_	_	_
# segment_iiif_link = https://impresso-project.ch/api/proxy/iiif/IMP-1915-10-12-a-p0002/88,1384,314,43/full/0/default.jpg
10	O	O	O	O	O	O	_	_	NoSpaceAfter	_	_	_
'	O	O	O	O	O	O	_	_	NoSpaceAfter	_	_	_
/	O	O	O	O	O	O	_	_	_	_	_	_
j	O	O	O	O	O	O	_	_	_	_	_	_
lignes	O	O	O	O	O	O	_	_	_	_	_	_
cylindre	O	O	O	O	O	O	_	_	_	_	_	_
à	O	O	O	O	O	O	_	_	_	_	_	_
vue	O	O	O	O	O	O	_	_	_	_	_	_
;	O	O	O	O	O	O	_	_	_	_	_	_
on	O	O	O	O	O	O	_	_	EndOfLine	_	_	_
# segment_iiif_link = https://impresso-project.ch/api/proxy/iiif/IMP-1915-10-12-a-p0002/89,1401,272,43/full/0/default.jpg
rait	O	O	O	O	O	O	_	_	_	_	_	_
mouvements	O	O	O	O	O	O	_	_	_	_	_	_
13	O	O	O	O	O	O	_	_	_	_	_	_
lignes	O	O	O	O	O	O	_	_	_	_	_	_
ancre	O	O	O	O	O	O	_	_	NoSpaceAfter	_	_	_
.	O	O	O	O	O	O	_	_	EndOfLine	_	_	_
# segment_iiif_link = https://impresso-project.ch/api/proxy/iiif/IMP-1915-10-12-a-p0002/106,1421,295,43/full/0/default.jpg
S	O	O	O	O	O	O	_	_	NoSpaceAfter	_	_	_
'	O	O	O	O	O	O	_	_	NoSpaceAfter	_	_	_
adresser	O	O	O	O	O	O	_	_	_	_	_	_
rue	O	O	O	O	O	O	_	_	_	_	_	_
de	O	O	O	O	O	O	_	_	_	_	_	_
la	O	O	O	O	O	O	_	_	_	_	_	_
Paix	O	O	O	O	O	O	_	_	_	_	_	_
109	O	O	O	O	O	O	_	_	NoSpaceAfter	_	_	_
,	O	O	O	O	O	O	_	_	_	_	_	_
au	O	O	O	O	O	O	_	_	EndOfLine	_	_	_
# segment_iiif_link = https://impresso-project.ch/api/proxy/iiif/IMP-1915-10-12-a-p0002/88,1438,314,44/full/0/default.jpg
rez	O	O	O	O	O	O	_	_	NoSpaceAfter	_	_	_
-	O	O	O	O	O	O	_	_	NoSpaceAfter	_	_	_
de	O	O	O	O	O	O	_	_	NoSpaceAfter	_	_	_
-	O	O	O	O	O	O	_	_	NoSpaceAfter	_	_	_
chaussée	O	O	O	O	O	O	_	_	NoSpaceAfter	_	_	_
.	O	O	O	O	O	O	_	_	_	_	_	_
14797	O	O	O	O	O	O	_	_	EndOfLine	_	_	_
# segment_iiif_link = https://impresso-project.ch/api/proxy/iiif/IMP-1915-10-12-a-p0002/89,1469,312,44/full/0/default.jpg
_	O	O	O	O	O	O	_	_	NoSpaceAfter	_	_	_
fJfîfJlJ	O	O	O	O	O	O	_	_	NoSpaceAfter	_	_	_
'	O	O	O	O	O	O	_	_	NoSpaceAfter	_	_	_
-	O	O	O	O	O	O	_	_	NoSpaceAfter	_	_	_
Jf	O	O	O	O	O	O	_	_	_	_	_	_
A	O	O	O	O	O	O	_	_	_	_	_	_
vendre	O	O	O	O	O	O	_	_	NoSpaceAfter	_	_	_
,	O	O	O	O	O	O	_	_	_	_	_	_
carottes	O	O	O	O	O	O	_	_	NoSpaceAfter	_	_	_
,	O	O	O	O	O	O	_	_	EndOfLine	_	_	_
# segment_iiif_link = https://impresso-project.ch/api/proxy/iiif/IMP-1915-10-12-a-p0002/89,1474,312,44/full/0/default.jpg
-	O	O	O	O	O	O	_	_	NoSpaceAfter	_	_	_
VIIVIIA	O	O	O	O	O	O	_	_	_	_	_	_
»	O	O	O	O	O	O	_	_	_	_	_	_
raves	O	O	O	O	O	O	_	_	NoSpaceAfter	_	_	_
,	O	O	O	O	O	O	_	_	_	_	_	_
choux	O	O	O	O	O	O	_	_	_	_	_	_
et	O	O	O	O	O	O	_	_	_	_	_	_
racines	O	O	O	O	O	O	_	_	EndOfLine	_	_	_
# segment_iiif_link = https://impresso-project.ch/api/proxy/iiif/IMP-1915-10-12-a-p0002/89,1495,313,43/full/0/default.jpg
rouges	O	O	O	O	O	O	_	_	NoSpaceAfter	_	_	_
,	O	O	O	O	O	O	_	_	_	_	_	_
—	O	O	O	O	O	O	_	_	_	_	_	_
S	O	O	O	O	O	O	_	_	NoSpaceAfter	_	_	_
'	O	O	O	O	O	O	_	_	NoSpaceAfter	_	_	_
adresser	O	O	O	O	O	O	_	_	_	_	_	_
à	O	O	O	O	O	O	_	_	_	_	_	_
M	O	O	O	O	O	O	_	_	NoSpaceAfter	_	_	_
.	O	O	O	O	O	O	_	_	_	_	_	_
E	O	O	O	O	O	O	_	_	NoSpaceAfter	_	_	_
-	O	O	O	O	O	O	_	_	EndOfLine	_	_	_
# segment_iiif_link = https://impresso-project.ch/api/proxy/iiif/IMP-1915-10-12-a-p0002/88,1511,314,44/full/0/default.jpg
mann	O	O	O	O	O	O	_	_	NoSpaceAfter	_	_	_
,	O	O	O	O	O	O	_	_	_	_	_	_
rue	O	O	O	O	O	O	_	_	_	_	_	_
des	O	O	O	O	O	O	_	_	_	_	_	_
Terreaux	O	O	O	O	O	O	_	_	_	_	_	_
93	O	O	O	O	O	O	_	_	NoSpaceAfter	_	_	_
,	O	O	O	O	O	O	_	_	_	_	_	_
«	O	O	O	O	O	O	_	_	EndOfLine	_	_	_
# segment_iiif_link = https://impresso-project.ch/api/proxy/iiif/IMP-1915-10-12-a-p0002/89,1527,314,44/full/0/default.jpg
Patinage	O	O	O	O	O	O	_	_	_	_	_	_
»	O	O	O	O	O	O	_	_	_	_	_	_
_	O	O	O	O	O	O	_	_	NoSpaceAfter	_	_	_
.	O	O	O	O	O	O	_	_	_	_	_	_
14795	O	O	O	O	O	O	_	_	EndOfLine	_	_	_
# segment_iiif_link = https://impresso-project.ch/api/proxy/iiif/IMP-1915-10-12-a-p0002/87,1565,318,57/full/0/default.jpg
fl	O	O	O	O	O	O	_	_	_	_	_	_
fi	O	O	O	O	O	O	_	_	_	_	_	_
mmi	O	O	O	O	O	O	_	_	_	_	_	_
_	O	O	O	O	O	O	_	_	NoSpaceAfter	_	_	_
*	O	O	O	O	O	O	_	_	_	_	_	_
~	O	O	O	O	O	O	_	_	NoSpaceAfter	_	_	_
~	O	O	O	O	O	O	_	_	NoSpaceAfter	_	_	_
'	O	O	O	O	O	O	_	_	NoSpaceAfter	_	_	_
connaissant	O	O	O	O	O	O	_	_	_	_	_	_
la	O	O	O	O	O	O	_	_	_	_	_	_
Coup	O	O	O	O	O	O	_	_	EndOfLine	_	_	_
# segment_iiif_link = https://impresso-project.ch/api/proxy/iiif/IMP-1915-10-12-a-p0002/92,1579,310,43/full/0/default.jpg
UU	O	O	O	O	O	O	_	_	_	_	_	_
111	O	O	O	O	O	O	_	_	_	_	_	_
UI	O	O	O	O	O	O	_	_	_	_	_	_
1	O	O	O	O	O	O	_	_	_	_	_	_
"	O	O	O	O	O	O	_	_	NoSpaceAfter	_	_	_
*	O	O	O	O	O	O	_	_	NoSpaceAfter	_	_	_
)	O	O	O	O	O	O	_	_	NoSpaceAfter	_	_	_
,	O	O	O	O	O	O	_	_	_	_	_	_
naissant	O	O	O	O	O	O	_	_	_	_	_	_
|	O	O	O	O	O	O	_	_	_	_	_	_
la	O	O	O	O	O	O	_	_	_	_	_	_
dactylo	O	O	O	O	O	O	_	_	NoSpaceAfter	_	_	_
,	O	O	O	O	O	O	_	_	EndOfLine	_	_	_
# segment_iiif_link = https://impresso-project.ch/api/proxy/iiif/IMP-1915-10-12-a-p0002/86,1600,315,43/full/0/default.jpg
correspondance	O	O	O	O	O	O	_	_	_	_	_	_
française	O	O	O	O	O	O	_	_	_	_	_	_
et	O	O	O	O	O	O	_	_	_	_	_	_
allemande	O	O	O	O	O	O	_	_	NoSpaceAfter	_	_	_
,	O	O	O	O	O	O	_	_	EndOfLine	_	_	_
# segment_iiif_link = https://impresso-project.ch/api/proxy/iiif/IMP-1915-10-12-a-p0002/85,1616,316,44/full/0/default.jpg
demande	O	O	O	O	O	O	_	_	_	_	_	_
place	O	O	O	O	O	O	_	_	_	_	_	_
dans	O	O	O	O	O	O	_	_	_	_	_	_
n	O	O	O	O	O	O	_	_	NoSpaceAfter	_	_	_
'	O	O	O	O	O	O	_	_	NoSpaceAfter	_	_	_
importe	O	O	O	O	O	O	_	_	_	_	_	_
quel	O	O	O	O	O	O	_	_	EndOfLine	_	_	_
# segment_iiif_link = https://impresso-project.ch/api/proxy/iiif/IMP-1915-10-12-a-p0002/86,1632,314,44/full/0/default.jpg
commerce	O	O	O	O	O	O	_	_	NoSpaceAfter	_	_	_
.	O	O	O	O	O	O	_	_	_	EndOfSentence	_	_
—	O	O	O	O	O	O	_	_	_	_	_	_
Ecrire	O	O	O	O	O	O	_	_	_	_	_	_
sous	O	O	O	O	O	O	_	_	_	_	_	_
chiffres	O	O	O	O	O	O	_	_	_	_	_	_
P	O	O	O	O	O	O	_	_	NoSpaceAfter	_	_	_
.	O	O	O	O	O	O	_	_	_	_	_	_
M	O	O	O	O	O	O	_	_	NoSpaceAfter	_	_	_
.	O	O	O	O	O	O	_	_	EndOfLine	_	_	_
# segment_iiif_link = https://impresso-project.ch/api/proxy/iiif/IMP-1915-10-12-a-p0002/85,1649,319,44/full/0/default.jpg
14	O	O	O	O	O	O	_	_	_	_	_	_
S	O	O	O	O	O	O	_	_	_	_	_	_
34	O	O	O	O	O	O	_	_	NoSpaceAfter	_	_	_
,	O	O	O	O	O	O	_	_	_	_	_	_
au	O	O	O	O	O	O	_	_	_	_	_	_
bureau	O	O	O	O	O	O	_	_	_	_	_	_
de	O	O	O	O	O	O	_	_	_	_	_	_
I	O	O	O	O	O	O	_	_	NoSpaceAfter	_	_	_
'	O	O	O	O	O	O	_	_	NoSpaceAfter	_	_	_
IMPARTIAL	O	O	O	O	O	O	_	_	NoSpaceAfter	_	_	_
.	O	O	O	O	O	O	_	_	EndOfLine	EndOfSentence	_	_
# segment_iiif_link = https://impresso-project.ch/api/proxy/iiif/IMP-1915-10-12-a-p0002/361,1666,42,43/full/0/default.jpg
14834	O	O	O	O	O	O	_	_	EndOfLine	_	_	_
# segment_iiif_link = https://impresso-project.ch/api/proxy/iiif/IMP-1915-10-12-a-p0002/87,1693,316,60/full/0/default.jpg
_	O	O	O	O	O	O	_	_	NoSpaceAfter	_	_	_
Pnmmio	O	O	O	O	O	O	_	_	_	_	_	_
Jeun	O	O	O	O	O	O	_	_	_	_	_	_
8	O	O	O	O	O	O	_	_	_	_	_	_
au	O	O	O	O	O	O	_	_	_	_	_	_
couranl	O	O	O	O	O	O	_	_	EndOfLine	_	_	_
# segment_iiif_link = https://impresso-project.ch/api/proxy/iiif/IMP-1915-10-12-a-p0002/87,1703,315,60/full/0/default.jpg
uuuillllâ	O	O	O	O	O	O	_	_	NoSpaceAfter	_	_	_
.	O	O	O	O	O	O	_	_	_	EndOfSentence	_	_
de	O	O	O	O	O	O	_	_	_	_	_	_
tous	O	O	O	O	O	O	_	_	_	_	_	_
les	O	O	O	O	O	O	_	_	_	_	_	_
travaux	O	O	O	O	O	O	_	_	_	_	_	_
du	O	O	O	O	O	O	_	_	EndOfLine	_	_	_
# segment_iiif_link = https://impresso-project.ch/api/proxy/iiif/IMP-1915-10-12-a-p0002/87,1732,313,60/full/0/default.jpg
bureau	O	O	O	O	O	O	_	_	_	_	_	_
connaissant	O	O	O	O	O	O	_	_	_	_	_	_
la	O	O	O	O	O	O	_	_	EndOfLine	_	_	_
# segment_iiif_link = https://impresso-project.ch/api/proxy/iiif/IMP-1915-10-12-a-p0002/86,1755,316,60/full/0/default.jpg
sténo	O	O	O	O	O	O	_	_	NoSpaceAfter	_	_	_
-	O	O	O	O	O	O	_	_	NoSpaceAfter	_	_	_
dactylographie	O	O	O	O	O	O	_	_	_	_	_	_
et	O	O	O	O	O	O	_	_	_	_	_	_
la	O	O	O	O	O	O	_	_	_	_	_	_
comptabilité	O	O	O	O	O	O	_	_	_	_	_	_
et	O	O	O	O	O	O	_	_	_	_	_	_
possédant	O	O	O	O	O	O	_	_	_	_	_	_
de	O	O	O	O	O	O	_	_	EndOfLine	_	_	_
# segment_iiif_link = https://impresso-project.ch/api/proxy/iiif/IMP-1915-10-12-a-p0002/86,1780,314,60/full/0/default.jpg
bonnes	O	O	O	O	O	O	_	_	_	_	_	_
connaissances	O	O	O	O	O	O	_	_	_	_	_	_
des	O	O	O	O	O	O	_	_	_	_	_	_
3	O	O	O	O	O	O	_	_	_	_	_	_
langues	O	O	O	O	O	O	_	_	EndOfLine	_	_	_
# segment_iiif_link = https://impresso-project.ch/api/proxy/iiif/IMP-1915-10-12-a-p0002/87,1804,312,60/full/0/default.jpg
nationales	O	O	O	O	O	O	_	_	NoSpaceAfter	_	_	_
,	O	O	O	O	O	O	_	_	_	_	_	_
cherche	O	O	O	O	O	O	_	_	_	_	_	_
place	O	O	O	O	O	O	_	_	NoSpaceAfter	_	_	_
.	O	O	O	O	O	O	_	_	_	EndOfSentence	_	_
—	O	O	O	O	O	O	_	_	_	_	_	_
Offres	O	O	O	O	O	O	_	_	EndOfLine	_	_	_
# segment_iiif_link = https://impresso-project.ch/api/proxy/iiif/IMP-1915-10-12-a-p0002/87,1826,315,61/full/0/default.jpg
par	O	O	O	O	O	O	_	_	_	_	_	_
écrit	O	O	O	O	O	O	_	_	NoSpaceAfter	_	_	_
,	O	O	O	O	O	O	_	_	_	_	_	_
sous	O	O	O	O	O	O	_	_	_	_	_	_
chiffres	O	O	O	O	O	O	_	_	_	_	_	_
J	O	O	O	O	O	O	_	_	NoSpaceAfter	_	_	_
.	O	O	O	O	O	O	_	_	_	_	_	_
C	O	O	O	O	O	O	_	_	NoSpaceAfter	_	_	_
.	O	O	O	O	O	O	_	_	_	_	_	_
14480	O	O	O	O	O	O	_	_	EndOfLine	_	_	_
# segment_iiif_link = https://impresso-project.ch/api/proxy/iiif/IMP-1915-10-12-a-p0002/87,1850,316,61/full/0/default.jpg
au	O	O	O	O	O	O	_	_	_	_	_	_
bureau	O	O	O	O	O	O	_	_	_	_	_	_
de	O	O	O	O	O	O	_	_	_	_	_	_
I	O	O	O	O	O	O	_	_	NoSpaceAfter	_	_	_
'	O	O	O	O	O	O	_	_	NoSpaceAfter	_	_	_
IMPARTIAL	O	O	O	O	O	O	_	_	NoSpaceAfter	_	_	_
.	O	O	O	O	O	O	_	_	_	EndOfSentence	_	_
14480	O	O	O	O	O	O	_	_	EndOfLine	_	_	_
# segment_iiif_link = https://impresso-project.ch/api/proxy/iiif/IMP-1915-10-12-a-p0002/89,1891,312,43/full/0/default.jpg
Rûfftn	O	O	O	O	O	O	_	_	_	_	_	_
/	O	O	O	O	O	O	_	_	NoSpaceAfter	_	_	_
>	O	O	O	O	O	O	_	_	_	_	_	_
h	O	O	O	O	O	O	_	_	_	_	_	_
01100	O	O	O	O	O	O	_	_	_	_	_	_
tenant	O	O	O	O	O	O	_	_	_	_	_	_
la	O	O	O	O	O	O	_	_	_	_	_	_
lanterne	O	O	O	O	O	O	_	_	_	_	_	_
pour	O	O	O	O	O	O	_	_	EndOfLine	_	_	_
# segment_iiif_link = https://impresso-project.ch/api/proxy/iiif/IMP-1915-10-12-a-p0002/88,1899,314,43/full/0/default.jpg
llClUlH	O	O	O	O	O	O	_	_	NoSpaceAfter	_	_	_
-	O	O	O	O	O	O	_	_	NoSpaceAfter	_	_	_
UCUûC	O	O	O	O	O	O	_	_	NoSpaceAfter	_	_	_
,	O	O	O	O	O	O	_	_	_	_	_	_
petites	O	O	O	O	O	O	_	_	_	_	_	_
et	O	O	O	O	O	O	_	_	_	_	_	_
grandes	O	O	O	O	O	O	_	_	EndOfLine	_	_	_
# segment_iiif_link = https://impresso-project.ch/api/proxy/iiif/IMP-1915-10-12-a-p0002/87,1919,314,44/full/0/default.jpg
pièces	O	O	O	O	O	O	_	_	_	_	_	_
ancre	O	O	O	O	O	O	_	_	_	_	_	_
soignées	O	O	O	O	O	O	_	_	NoSpaceAfter	_	_	_
,	O	O	O	O	O	O	_	_	_	_	_	_
très	O	O	O	O	O	O	_	_	_	_	_	_
capable	O	O	O	O	O	O	_	_	_	_	_	_
et	O	O	O	O	O	O	_	_	EndOfLine	_	_	_
# segment_iiif_link = https://impresso-project.ch/api/proxy/iiif/IMP-1915-10-12-a-p0002/87,1936,315,44/full/0/default.jpg
habile	O	O	O	O	O	O	_	_	NoSpaceAfter	_	_	_
,	O	O	O	O	O	O	_	_	_	_	_	_
cherche	O	O	O	O	O	O	_	_	_	_	_	_
place	O	O	O	O	O	O	_	_	_	_	_	_
dans	O	O	O	O	O	O	_	_	_	_	_	_
Comptoir	O	O	O	O	O	O	_	_	_	_	_	_
ou	O	O	O	O	O	O	_	_	EndOfLine	_	_	_
# segment_iiif_link = https://impresso-project.ch/api/proxy/iiif/IMP-1915-10-12-a-p0002/88,1953,313,43/full/0/default.jpg
Fabrique	O	O	O	O	O	O	_	_	NoSpaceAfter	_	_	_
.	O	O	O	O	O	O	_	_	_	EndOfSentence	_	_
—	O	O	O	O	O	O	_	_	_	_	_	_
Ecrire	O	O	O	O	O	O	_	_	_	_	_	_
sous	O	O	O	O	O	O	_	_	_	_	_	_
chiffres	O	O	O	O	O	O	_	_	_	_	_	_
H	O	O	O	O	O	O	_	_	NoSpaceAfter	_	_	_
.	O	O	O	O	O	O	_	_	EndOfLine	_	_	_
# segment_iiif_link = https://impresso-project.ch/api/proxy/iiif/IMP-1915-10-12-a-p0002/87,1969,318,44/full/0/default.jpg
HI	O	O	O	O	O	O	_	_	NoSpaceAfter	_	_	_
.	O	O	O	O	O	O	_	_	_	EndOfSentence	_	_
14638	O	O	O	O	O	O	_	_	NoSpaceAfter	_	_	_
,	O	O	O	O	O	O	_	_	_	_	_	_
au	O	O	O	O	O	O	_	_	_	_	_	_
bureau	O	O	O	O	O	O	_	_	_	_	_	_
de	O	O	O	O	O	O	_	_	_	_	_	_
I	O	O	O	O	O	O	_	_	NoSpaceAfter	_	_	_
'	O	O	O	O	O	O	_	_	NoSpaceAfter	_	_	_
IMPARTIAL	O	O	O	O	O	O	_	_	NoSpaceAfter	_	_	_
.	O	O	O	O	O	O	_	_	EndOfLine	EndOfSentence	_	_

# language = fr
# newspaper = IMP
# date = 1919-08-12
# document_id = IMP-1919-08-12-a-i0032
# news-agency-as-source = unk, Q1415690, Q2826560
# segment_iiif_link = https://impresso-project.ch/api/proxy/iiif/IMP-1919-08-12-a-p0004/111,165,895,125/full/0/default.jpg
La	O	O	O	O	O	O	_	_	_	_	_	_
situation	O	O	O	O	O	O	_	_	_	_	_	_
âss	O	O	O	O	O	O	_	_	_	_	_	_
troupes	O	O	O	O	O	O	_	_	_	_	_	_
boleltévistes	O	O	O	O	O	O	_	_	EndOfLine	_	_	_
# segment_iiif_link = https://impresso-project.ch/api/proxy/iiif/IMP-1919-08-12-a-p0004/98,97,922,100/full/0/default.jpg
_	O	O	O	O	O	O	_	_	NoSpaceAfter	_	_	_
S	O	O	O	O	O	O	_	_	_	_	_	_
_	O	O	O	O	O	O	_	_	NoSpaceAfter	_	_	_
^	O	O	O	O	O	O	_	_	_	_	_	_
DERNIERE	O	O	O	O	O	O	_	_	_	_	_	_
HEURE	O	O	O	O	O	O	_	_	_	_	_	_
_	O	O	O	O	O	O	_	_	NoSpaceAfter	_	_	_
_	O	O	O	O	O	O	_	_	NoSpaceAfter	_	_	_
_	O	O	O	O	O	O	_	_	NoSpaceAfter	_	_	_
_	O	O	O	O	O	O	_	_	NoSpaceAfter	_	_	_
_	O	O	O	O	O	O	_	_	NoSpaceAfter	_	_	_
_	O	O	O	O	O	O	_	_	EndOfLine	_	_	_
# segment_iiif_link = https://impresso-project.ch/api/proxy/iiif/IMP-1919-08-12-a-p0004/74,260,967,76/full/0/default.jpg
Ija	O	O	O	O	O	O	_	_	_	_	_	_
_	O	O	O	O	O	O	_	_	NoSpaceAfter	_	_	_
c	O	O	O	O	O	O	_	_	_	_	_	_
3	O	O	O	O	O	O	_	_	_	_	_	_
Lér	O	O	O	O	O	O	_	_	_	_	_	_
3	O	O	O	O	O	O	_	_	_	_	_	_
a	O	O	O	O	O	O	_	_	NoSpaceAfter	_	_	_
.	O	O	O	O	O	O	_	_	_	EndOfSentence	_	_
_	O	O	O	O	O	O	_	_	NoSpaceAfter	_	_	_
olDilisdtioïi	O	O	O	O	O	O	_	_	NoSpaceAfter	_	_	_
.	O	O	O	O	O	O	_	_	_	EndOfSentence	_	_
on	O	O	O	O	O	O	_	_	_	_	_	_
_	O	O	O	O	O	O	_	_	NoSpaceAfter	_	_	_
JF	O	O	O	O	O	O	_	_	NoSpaceAfter	_	_	_
'	O	O	O	O	O	O	_	_	NoSpaceAfter	_	_	_
_	O	O	O	O	O	O	_	_	NoSpaceAfter	_	_	_
rsMxo	O	O	O	O	O	O	_	_	_	_	_	_
©	O	O	O	O	O	O	_	_	EndOfLine	_	_	_
# segment_iiif_link = https://impresso-project.ch/api/proxy/iiif/IMP-1919-08-12-a-p0004/135,333,345,100/full/0/default.jpg
A	O	O	O	O	O	O	_	_	_	_	_	_
l	O	O	O	O	O	O	_	_	NoSpaceAfter	_	_	_
'	O	O	O	O	O	O	_	_	NoSpaceAfter	_	_	_
Extérieur	O	O	O	O	O	O	_	_	EndOfLine	_	_	_
# segment_iiif_link = https://impresso-project.ch/api/proxy/iiif/IMP-1919-08-12-a-p0004/171,469,284,70/full/0/default.jpg
_	O	O	O	O	O	O	_	_	NoSpaceAfter	_	_	_
JST	O	O	O	O	O	O	_	_	_	_	_	_
:	O	O	O	O	O	O	_	_	_	_	_	_
La	O	O	O	O	O	O	_	_	_	_	_	_
vie	O	O	O	O	O	O	_	_	_	_	_	_
chère	O	O	O	O	O	O	_	_	_	_	_	_
_	O	O	O	O	O	O	_	_	NoSpaceAfter	_	_	_
^	O	O	O	O	O	O	_	_	_	_	_	_
l	O	O	O	O	O	O	_	_	_	_	_	_
_	O	O	O	O	O	O	_	_	NoSpaceAfter	_	_	_
*	O	O	O	O	O	O	_	_	_	_	_	_
C	O	O	O	O	O	O	_	_	EndOfLine	_	_	_
# segment_iiif_link = https://impresso-project.ch/api/proxy/iiif/IMP-1919-08-12-a-p0004/202,527,218,52/full/0/default.jpg
Des	O	O	O	O	O	O	_	_	_	_	_	_
Incidents	O	O	O	O	O	O	_	_	_	_	_	_
à	O	O	O	O	O	O	_	_	_	_	_	_
Paris	O	O	O	O	O	O	_	_	EndOfLine	_	_	_
# segment_iiif_link = https://impresso-project.ch/api/proxy/iiif/IMP-1919-08-12-a-p0004/89,556,458,46/full/0/default.jpg
PARIS	O	O	O	O	O	O	_	_	NoSpaceAfter	_	_	_
,	O	O	O	O	O	O	_	_	_	_	_	_
12	O	O	O	O	O	O	_	_	_	_	_	_
août	O	O	O	O	O	O	_	_	_	_	_	_
(	O	O	O	O	O	O	_	_	NoSpaceAfter	_	_	_
Haras	O	O	O	O	O	O	Q2826560	_	NoSpaceAfter	_	Transcript:Havas|LED0.20	_
)	O	O	O	O	O	O	_	_	NoSpaceAfter	_	_	_
.	O	O	O	O	O	O	_	_	_	EndOfSentence	_	_
—	O	O	O	O	O	O	_	_	_	_	_	_
La	O	O	O	O	O	O	_	_	_	_	_	_
rie	O	O	O	O	O	O	_	_	_	_	_	_
chère	O	O	O	O	O	O	_	_	EndOfLine	_	_	_
# segment_iiif_link = https://impresso-project.ch/api/proxy/iiif/IMP-1919-08-12-a-p0004/72,578,476,46/full/0/default.jpg
occasionne	O	O	O	O	O	O	_	_	_	_	_	_
chaque	O	O	O	O	O	O	_	_	_	_	_	_
Jour	O	O	O	O	O	O	_	_	_	_	_	_
des	O	O	O	O	O	O	_	_	_	_	_	_
Incidents	O	O	O	O	O	O	_	_	_	_	_	_
divers	O	O	O	O	O	O	_	_	NoSpaceAfter	_	_	_
.	O	O	O	O	O	O	_	_	_	EndOfSentence	_	_
Lundi	O	O	O	O	O	O	_	_	_	_	_	_
matin	O	O	O	O	O	O	_	_	NoSpaceAfter	_	_	_
,	O	O	O	O	O	O	_	_	EndOfLine	_	_	_
# segment_iiif_link = https://impresso-project.ch/api/proxy/iiif/IMP-1919-08-12-a-p0004/71,600,476,46/full/0/default.jpg
anx	O	O	O	O	O	O	_	_	_	_	_	_
Halles	O	O	O	O	O	O	_	_	_	_	_	_
centrales	O	O	O	O	O	O	_	_	NoSpaceAfter	_	_	_
,	O	O	O	O	O	O	_	_	_	_	_	_
les	O	O	O	O	O	O	_	_	_	_	_	_
petits	O	O	O	O	O	O	_	_	_	_	_	_
détaillants	O	O	O	O	O	O	_	_	_	_	_	_
dn	O	O	O	O	O	O	_	_	EndOfLine	_	_	_
# segment_iiif_link = https://impresso-project.ch/api/proxy/iiif/IMP-1919-08-12-a-p0004/70,621,479,46/full/0/default.jpg
pavillon	O	O	O	O	O	O	_	_	_	_	_	_
dn	O	O	O	O	O	O	_	_	_	_	_	_
lait	O	O	O	O	O	O	_	_	NoSpaceAfter	_	_	_
,	O	O	O	O	O	O	_	_	_	_	_	_
beurre	O	O	O	O	O	O	_	_	_	_	_	_
et	O	O	O	O	O	O	_	_	_	_	_	_
fromage	O	O	O	O	O	O	_	_	_	_	_	_
se	O	O	O	O	O	O	_	_	_	_	_	_
plaignirent	O	O	O	O	O	O	_	_	_	_	_	_
des	O	O	O	O	O	O	_	_	EndOfLine	_	_	_
# segment_iiif_link = https://impresso-project.ch/api/proxy/iiif/IMP-1919-08-12-a-p0004/71,641,477,47/full/0/default.jpg
prix	O	O	O	O	O	O	_	_	_	_	_	_
trop	O	O	O	O	O	O	_	_	_	_	_	_
élevés	O	O	O	O	O	O	_	_	_	_	_	_
affichés	O	O	O	O	O	O	_	_	_	_	_	_
par	O	O	O	O	O	O	_	_	_	_	_	_
lee	O	O	O	O	O	O	_	_	_	_	_	_
mandataires	O	O	O	O	O	O	_	_	NoSpaceAfter	_	_	_
.	O	O	O	O	O	O	_	_	_	EndOfSentence	_	_
De	O	O	O	O	O	O	_	_	_	_	_	_
vi	O	O	O	O	O	O	_	_	NoSpaceAfter	_	_	_
.	O	O	O	O	O	O	_	_	EndOfLine	EndOfSentence	_	_
# segment_iiif_link = https://impresso-project.ch/api/proxy/iiif/IMP-1919-08-12-a-p0004/71,663,478,46/full/0/default.jpg
_	O	O	O	O	O	O	_	_	NoSpaceAfter	_	_	_
ves	O	O	O	O	O	O	_	_	_	_	_	_
paroles	O	O	O	O	O	O	_	_	_	_	_	_
et	O	O	O	O	O	O	_	_	_	_	_	_
des	O	O	O	O	O	O	_	_	_	_	_	_
horions	O	O	O	O	O	O	_	_	_	_	_	_
furent	O	O	O	O	O	O	_	_	_	_	_	_
échangé	O	O	O	O	O	O	_	_	_	_	_	_
»	O	O	O	O	O	O	_	_	NoSpaceAfter	_	_	_
.	O	O	O	O	O	O	_	_	_	EndOfSentence	_	_
Un	O	O	O	O	O	O	_	_	EndOfLine	_	_	_
# segment_iiif_link = https://impresso-project.ch/api/proxy/iiif/IMP-1919-08-12-a-p0004/71,684,475,46/full/0/default.jpg
journaliste	O	O	O	O	O	O	_	_	_	_	_	_
tut	O	O	O	O	O	O	_	_	_	_	_	_
violemment	O	O	O	O	O	O	_	_	_	_	_	_
malmené	O	O	O	O	O	O	_	_	NoSpaceAfter	_	_	_
.	O	O	O	O	O	O	_	_	_	EndOfSentence	_	_
Aucune	O	O	O	O	O	O	_	_	_	_	_	_
vente	O	O	O	O	O	O	_	_	_	_	_	_
n	O	O	O	O	O	O	_	_	NoSpaceAfter	_	_	_
'	O	O	O	O	O	O	_	_	NoSpaceAfter	_	_	_
a	O	O	O	O	O	O	_	_	EndOfLine	_	_	_
# segment_iiif_link = https://impresso-project.ch/api/proxy/iiif/IMP-1919-08-12-a-p0004/70,705,476,47/full/0/default.jpg
été	O	O	O	O	O	O	_	_	_	_	_	_
effectuée	O	O	O	O	O	O	_	_	NoSpaceAfter	_	_	_
.	O	O	O	O	O	O	_	_	_	EndOfSentence	_	_
L	O	O	O	O	O	O	_	_	NoSpaceAfter	_	_	_
'	O	O	O	O	O	O	_	_	NoSpaceAfter	_	_	_
effervescence	O	O	O	O	O	O	_	_	_	_	_	_
a	O	O	O	O	O	O	_	_	_	_	_	_
duré	O	O	O	O	O	O	_	_	_	_	_	_
toute	O	O	O	O	O	O	_	_	_	_	_	_
la	O	O	O	O	O	O	_	_	EndOfLine	_	_	_
# segment_iiif_link = https://impresso-project.ch/api/proxy/iiif/IMP-1919-08-12-a-p0004/70,726,476,47/full/0/default.jpg
matinée	O	O	O	O	O	O	_	_	_	_	_	_
et	O	O	O	O	O	O	_	_	_	_	_	_
toute	O	O	O	O	O	O	_	_	_	_	_	_
l	O	O	O	O	O	O	_	_	NoSpaceAfter	_	_	_
'	O	O	O	O	O	O	_	_	NoSpaceAfter	_	_	_
après	O	O	O	O	O	O	_	_	NoSpaceAfter	_	_	_
-	O	O	O	O	O	O	_	_	NoSpaceAfter	_	_	_
midi	O	O	O	O	O	O	_	_	NoSpaceAfter	_	_	_
.	O	O	O	O	O	O	_	_	_	EndOfSentence	_	_
Les	O	O	O	O	O	O	_	_	_	_	_	_
détaillants	O	O	O	O	O	O	_	_	_	_	_	_
se	O	O	O	O	O	O	_	_	_	_	_	_
sont	O	O	O	O	O	O	_	_	EndOfLine	_	_	_
# segment_iiif_link = https://impresso-project.ch/api/proxy/iiif/IMP-1919-08-12-a-p0004/69,748,477,46/full/0/default.jpg
réunis	O	O	O	O	O	O	_	_	NoSpaceAfter	_	_	_
.	O	O	O	O	O	O	_	_	_	EndOfSentence	_	_
Ils	O	O	O	O	O	O	_	_	_	_	_	_
se	O	O	O	O	O	O	_	_	_	_	_	_
sont	O	O	O	O	O	O	_	_	_	_	_	_
plaints	O	O	O	O	O	O	_	_	_	_	_	_
des	O	O	O	O	O	O	_	_	_	_	_	_
comités	O	O	O	O	O	O	_	_	_	_	_	_
de	O	O	O	O	O	O	_	_	EndOfLine	_	_	_
# segment_iiif_link = https://impresso-project.ch/api/proxy/iiif/IMP-1919-08-12-a-p0004/70,768,475,47/full/0/default.jpg
surveillance	O	O	O	O	O	O	_	_	_	_	_	_
organisés	O	O	O	O	O	O	_	_	_	_	_	_
depuis	O	O	O	O	O	O	_	_	_	_	_	_
quelques	O	O	O	O	O	O	_	_	_	_	_	_
jours	O	O	O	O	O	O	_	_	_	_	_	_
dans	O	O	O	O	O	O	_	_	_	_	_	_
divers	O	O	O	O	O	O	_	_	EndOfLine	_	_	_
# segment_iiif_link = https://impresso-project.ch/api/proxy/iiif/IMP-1919-08-12-a-p0004/69,789,477,46/full/0/default.jpg
quartiers	O	O	O	O	O	O	_	_	NoSpaceAfter	_	_	_
,	O	O	O	O	O	O	_	_	_	_	_	_
comités	O	O	O	O	O	O	_	_	_	_	_	_
dont	O	O	O	O	O	O	_	_	_	_	_	_
Ils	O	O	O	O	O	O	_	_	_	_	_	_
considèrent	O	O	O	O	O	O	_	_	_	_	_	_
l	O	O	O	O	O	O	_	_	NoSpaceAfter	_	_	_
'	O	O	O	O	O	O	_	_	NoSpaceAfter	_	_	_
action	O	O	O	O	O	O	_	_	_	_	_	_
comme	O	O	O	O	O	O	_	_	EndOfLine	_	_	_
# segment_iiif_link = https://impresso-project.ch/api/proxy/iiif/IMP-1919-08-12-a-p0004/69,810,479,46/full/0/default.jpg
illégale	O	O	O	O	O	O	_	_	_	_	_	_
et	O	O	O	O	O	O	_	_	_	_	_	_
qu	O	O	O	O	O	O	_	_	NoSpaceAfter	_	_	_
'	O	O	O	O	O	O	_	_	NoSpaceAfter	_	_	_
ils	O	O	O	O	O	O	_	_	_	_	_	_
ne	O	O	O	O	O	O	_	_	_	_	_	_
jugent	O	O	O	O	O	O	_	_	_	_	_	_
pas	O	O	O	O	O	O	_	_	_	_	_	_
qualifiés	O	O	O	O	O	O	_	_	_	_	_	_
pour	O	O	O	O	O	O	_	_	EndOfLine	_	_	_
# segment_iiif_link = https://impresso-project.ch/api/proxy/iiif/IMP-1919-08-12-a-p0004/69,832,478,46/full/0/default.jpg
déterminer	O	O	O	O	O	O	_	_	_	_	_	_
les	O	O	O	O	O	O	_	_	_	_	_	_
prix	O	O	O	O	O	O	_	_	_	_	_	_
de	O	O	O	O	O	O	_	_	_	_	_	_
vente	O	O	O	O	O	O	_	_	NoSpaceAfter	_	_	_
.	O	O	O	O	O	O	_	_	_	EndOfSentence	_	_
Les	O	O	O	O	O	O	_	_	_	_	_	_
détaillants	O	O	O	O	O	O	_	_	_	_	_	_
reprochent	O	O	O	O	O	O	_	_	EndOfLine	_	_	_
# segment_iiif_link = https://impresso-project.ch/api/proxy/iiif/IMP-1919-08-12-a-p0004/70,853,475,46/full/0/default.jpg
également	O	O	O	O	O	O	_	_	_	_	_	_
à	O	O	O	O	O	O	_	_	_	_	_	_
la	O	O	O	O	O	O	_	_	_	_	_	_
presse	O	O	O	O	O	O	_	_	NoSpaceAfter	_	_	_
,	O	O	O	O	O	O	_	_	_	_	_	_
qui	O	O	O	O	O	O	_	_	_	_	_	_
mène	O	O	O	O	O	O	_	_	_	_	_	_
une	O	O	O	O	O	O	_	_	_	_	_	_
active	O	O	O	O	O	O	_	_	EndOfLine	_	_	_
# segment_iiif_link = https://impresso-project.ch/api/proxy/iiif/IMP-1919-08-12-a-p0004/70,874,473,46/full/0/default.jpg
campagne	O	O	O	O	O	O	_	_	NoSpaceAfter	_	_	_
,	O	O	O	O	O	O	_	_	_	_	_	_
de	O	O	O	O	O	O	_	_	_	_	_	_
les	O	O	O	O	O	O	_	_	_	_	_	_
rendre	O	O	O	O	O	O	_	_	_	_	_	_
responsables	O	O	O	O	O	O	_	_	_	_	_	_
de	O	O	O	O	O	O	_	_	_	_	_	_
l	O	O	O	O	O	O	_	_	NoSpaceAfter	_	_	_
'	O	O	O	O	O	O	_	_	NoSpaceAfter	_	_	_
_	O	O	O	O	O	O	_	_	NoSpaceAfter	_	_	_
anginentation	O	O	O	O	O	O	_	_	EndOfLine	_	_	_
# segment_iiif_link = https://impresso-project.ch/api/proxy/iiif/IMP-1919-08-12-a-p0004/69,897,169,46/full/0/default.jpg
da	O	O	O	O	O	O	_	_	_	_	_	_
prix	O	O	O	O	O	O	_	_	_	_	_	_
de	O	O	O	O	O	O	_	_	_	_	_	_
U	O	O	O	O	O	O	_	_	_	_	_	_
vie	O	O	O	O	O	O	_	_	NoSpaceAfter	_	_	_
.	O	O	O	O	O	O	_	_	EndOfLine	EndOfSentence	_	_
# segment_iiif_link = https://impresso-project.ch/api/proxy/iiif/IMP-1919-08-12-a-p0004/112,939,393,52/full/0/default.jpg
On	O	O	O	O	O	O	_	_	_	_	_	_
peut	O	O	O	O	O	O	_	_	_	_	_	_
parier	O	O	O	O	O	O	_	_	_	_	_	_
f	O	O	O	O	O	O	_	_	_	_	_	_
allemand	O	O	O	O	O	O	_	_	_	_	_	_
en	O	O	O	O	O	O	_	_	_	_	_	_
Lorraine	O	O	O	O	O	O	_	_	EndOfLine	_	_	_
# segment_iiif_link = https://impresso-project.ch/api/proxy/iiif/IMP-1919-08-12-a-p0004/90,971,457,52/full/0/default.jpg
'	O	O	O	O	O	O	_	_	NoSpaceAfter	_	_	_
PARIS	O	O	O	O	O	O	_	_	NoSpaceAfter	_	_	_
,	O	O	O	O	O	O	_	_	_	_	_	_
U	O	O	O	O	O	O	_	_	_	_	_	_
août	O	O	O	O	O	O	_	_	NoSpaceAfter	_	_	_
.	O	O	O	O	O	O	_	_	_	EndOfSentence	_	_
—	O	O	O	O	O	O	_	_	_	_	_	_
Un	O	O	O	O	O	O	_	_	_	_	_	_
arrêté	O	O	O	O	O	O	_	_	_	_	_	_
du	O	O	O	O	O	O	_	_	EndOfLine	_	_	_
# segment_iiif_link = https://impresso-project.ch/api/proxy/iiif/IMP-1919-08-12-a-p0004/69,992,477,52/full/0/default.jpg
commandement	O	O	O	O	O	O	_	_	_	_	_	_
supérieur	O	O	O	O	O	O	_	_	_	_	_	_
du	O	O	O	O	O	O	_	_	_	_	_	_
territoire	O	O	O	O	O	O	_	_	_	_	_	_
de	O	O	O	O	O	O	_	_	_	_	_	_
la	O	O	O	O	O	O	_	_	_	_	_	_
Lorraine	O	O	O	O	O	O	_	_	_	_	_	_
dit	O	O	O	O	O	O	_	_	EndOfLine	_	_	_
# segment_iiif_link = https://impresso-project.ch/api/proxy/iiif/IMP-1919-08-12-a-p0004/70,1013,475,52/full/0/default.jpg
qu	O	O	O	O	O	O	_	_	NoSpaceAfter	_	_	_
'	O	O	O	O	O	O	_	_	NoSpaceAfter	_	_	_
en	O	O	O	O	O	O	_	_	_	_	_	_
raison	O	O	O	O	O	O	_	_	_	_	_	_
de	O	O	O	O	O	O	_	_	_	_	_	_
ia	O	O	O	O	O	O	_	_	_	_	_	_
diminution	O	O	O	O	O	O	_	_	_	_	_	_
de	O	O	O	O	O	O	_	_	_	_	_	_
la	O	O	O	O	O	O	_	_	_	_	_	_
population	O	O	O	O	O	O	_	_	EndOfLine	_	_	_
# segment_iiif_link = https://impresso-project.ch/api/proxy/iiif/IMP-1919-08-12-a-p0004/70,1037,475,52/full/0/default.jpg
allemande	O	O	O	O	O	O	_	_	_	_	_	_
stationnée	O	O	O	O	O	O	_	_	_	_	_	_
en	O	O	O	O	O	O	_	_	_	_	_	_
Lorraine	O	O	O	O	O	O	_	_	_	_	_	_
et	O	O	O	O	O	O	_	_	_	_	_	_
vu	O	O	O	O	O	O	_	_	_	_	_	_
la	O	O	O	O	O	O	_	_	EndOfLine	_	_	_
# segment_iiif_link = https://impresso-project.ch/api/proxy/iiif/IMP-1919-08-12-a-p0004/68,1059,481,53/full/0/default.jpg
difficulté	O	O	O	O	O	O	_	_	_	_	_	_
éprouvée	O	O	O	O	O	O	_	_	_	_	_	_
par	O	O	O	O	O	O	_	_	_	_	_	_
un	O	O	O	O	O	O	_	_	_	_	_	_
grand	O	O	O	O	O	O	_	_	_	_	_	_
nombre	O	O	O	O	O	O	_	_	_	_	_	_
de	O	O	O	O	O	O	_	_	EndOfLine	_	_	_
# segment_iiif_link = https://impresso-project.ch/api/proxy/iiif/IMP-1919-08-12-a-p0004/68,1082,478,52/full/0/default.jpg
Lorrains	O	O	O	O	O	O	_	_	_	_	_	_
et	O	O	O	O	O	O	_	_	_	_	_	_
Alsaciens	O	O	O	O	O	O	_	_	_	_	_	_
de	O	O	O	O	O	O	_	_	_	_	_	_
langue	O	O	O	O	O	O	_	_	_	_	_	_
allemande	O	O	O	O	O	O	_	_	_	_	_	_
de	O	O	O	O	O	O	_	_	_	_	_	_
s	O	O	O	O	O	O	_	_	NoSpaceAfter	_	_	_
'	O	O	O	O	O	O	_	_	EndOfLine|NoSpaceAfter	_	_	_
# segment_iiif_link = https://impresso-project.ch/api/proxy/iiif/IMP-1919-08-12-a-p0004/68,1104,478,52/full/0/default.jpg
exprimer	O	O	O	O	O	O	_	_	_	_	_	_
en	O	O	O	O	O	O	_	_	_	_	_	_
français	O	O	O	O	O	O	_	_	NoSpaceAfter	_	_	_
,	O	O	O	O	O	O	_	_	_	_	_	_
l	O	O	O	O	O	O	_	_	NoSpaceAfter	_	_	_
'	O	O	O	O	O	O	_	_	NoSpaceAfter	_	_	_
interdiction	O	O	O	O	O	O	_	_	_	_	_	_
de	O	O	O	O	O	O	_	_	_	_	_	_
parler	O	O	O	O	O	O	_	_	EndOfLine	_	_	_
# segment_iiif_link = https://impresso-project.ch/api/proxy/iiif/IMP-1919-08-12-a-p0004/68,1127,479,52/full/0/default.jpg
allemand	O	O	O	O	O	O	_	_	_	_	_	_
après	O	O	O	O	O	O	_	_	_	_	_	_
22	O	O	O	O	O	O	_	_	_	_	_	_
heures	O	O	O	O	O	O	_	_	_	_	_	_
est	O	O	O	O	O	O	_	_	_	_	_	_
levée	O	O	O	O	O	O	_	_	_	_	_	_
sur	O	O	O	O	O	O	_	_	_	_	_	_
l	O	O	O	O	O	O	_	_	NoSpaceAfter	_	_	_
'	O	O	O	O	O	O	_	_	NoSpaceAfter	_	_	_
étendue	O	O	O	O	O	O	_	_	EndOfLine	_	_	_
# segment_iiif_link = https://impresso-project.ch/api/proxy/iiif/IMP-1919-08-12-a-p0004/68,1148,479,52/full/0/default.jpg
du	O	O	O	O	O	O	_	_	_	_	_	_
territoire	O	O	O	O	O	O	_	_	_	_	_	_
de	O	O	O	O	O	O	_	_	_	_	_	_
Lorraine	O	O	O	O	O	O	_	_	NoSpaceAfter	_	_	_
.	O	O	O	O	O	O	_	_	_	EndOfSentence	_	_
L	O	O	O	O	O	O	_	_	NoSpaceAfter	_	_	_
'	O	O	O	O	O	O	_	_	NoSpaceAfter	_	_	_
interdiction	O	O	O	O	O	O	_	_	_	_	_	_
de	O	O	O	O	O	O	_	_	EndOfLine	_	_	_
# segment_iiif_link = https://impresso-project.ch/api/proxy/iiif/IMP-1919-08-12-a-p0004/68,1171,477,52/full/0/default.jpg
parler	O	O	O	O	O	O	_	_	_	_	_	_
allemand	O	O	O	O	O	O	_	_	_	_	_	_
!	O	O	O	O	O	O	_	_	_	_	_	_
dans	O	O	O	O	O	O	_	_	_	_	_	_
les	O	O	O	O	O	O	_	_	_	_	_	_
tramways	O	O	O	O	O	O	_	_	_	_	_	_
est	O	O	O	O	O	O	_	_	_	_	_	_
également	O	O	O	O	O	O	_	_	EndOfLine	_	_	_
# segment_iiif_link = https://impresso-project.ch/api/proxy/iiif/IMP-1919-08-12-a-p0004/68,1194,59,52/full/0/default.jpg
levée	O	O	O	O	O	O	_	_	NoSpaceAfter	_	_	_
.	O	O	O	O	O	O	_	_	EndOfLine	EndOfSentence	_	_
# segment_iiif_link = https://impresso-project.ch/api/proxy/iiif/IMP-1919-08-12-a-p0004/182,1216,251,52/full/0/default.jpg
HgËl	O	O	O	O	O	O	_	_	_	_	_	_
_	O	O	O	O	O	O	_	_	NoSpaceAfter	_	_	_
^	O	O	O	O	O	O	_	_	_	_	_	_
La	O	O	O	O	O	O	_	_	_	_	_	_
démobilisation	O	O	O	O	O	O	_	_	EndOfLine	_	_	_
# segment_iiif_link = https://impresso-project.ch/api/proxy/iiif/IMP-1919-08-12-a-p0004/89,1248,458,52/full/0/default.jpg
PARIS	O	O	O	O	O	O	_	_	NoSpaceAfter	_	_	_
,	O	O	O	O	O	O	_	_	_	_	_	_
Il	O	O	O	O	O	O	_	_	_	_	_	_
août	O	O	O	O	O	O	_	_	NoSpaceAfter	_	_	_
.	O	O	O	O	O	O	_	_	_	EndOfSentence	_	_
—	O	O	O	O	O	O	_	_	_	_	_	_
Du	O	O	O	O	O	O	_	_	_	_	_	_
31	O	O	O	O	O	O	_	_	_	_	_	_
août	O	O	O	O	O	O	_	_	_	_	_	_
au	O	O	O	O	O	O	_	_	_	_	_	_
18	O	O	O	O	O	O	_	_	EndOfLine	_	_	_
# segment_iiif_link = https://impresso-project.ch/api/proxy/iiif/IMP-1919-08-12-a-p0004/68,1270,481,52/full/0/default.jpg
_	O	O	O	O	O	O	_	_	NoSpaceAfter	_	_	_
septembre	O	O	O	O	O	O	_	_	NoSpaceAfter	_	_	_
,	O	O	O	O	O	O	_	_	_	_	_	_
en	O	O	O	O	O	O	_	_	_	_	_	_
trois	O	O	O	O	O	O	_	_	_	_	_	_
périodes	O	O	O	O	O	O	_	_	_	_	_	_
de	O	O	O	O	O	O	_	_	_	_	_	_
six	O	O	O	O	O	O	_	_	_	_	_	_
jours	O	O	O	O	O	O	_	_	_	_	_	_
seront	O	O	O	O	O	O	_	_	EndOfLine	_	_	_
# segment_iiif_link = https://impresso-project.ch/api/proxy/iiif/IMP-1919-08-12-a-p0004/68,1291,478,53/full/0/default.jpg
démobi	O	O	O	O	O	O	_	_	NoSpaceAfter	_	_	_
-	O	O	O	O	O	O	_	_	NoSpaceAfter	_	_	_
Msés	O	O	O	O	O	O	_	_	_	_	_	_
militaires	O	O	O	O	O	O	_	_	_	_	_	_
et	O	O	O	O	O	O	_	_	_	_	_	_
assimilés	O	O	O	O	O	O	_	_	_	_	_	_
des	O	O	O	O	O	O	_	_	_	_	_	_
classes	O	O	O	O	O	O	_	_	_	_	_	_
1913	O	O	O	O	O	O	_	_	NoSpaceAfter	_	_	_
,	O	O	O	O	O	O	_	_	EndOfLine	_	_	_
# segment_iiif_link = https://impresso-project.ch/api/proxy/iiif/IMP-1919-08-12-a-p0004/70,1314,131,52/full/0/default.jpg
1914	O	O	O	O	O	O	_	_	_	_	_	_
et	O	O	O	O	O	O	_	_	_	_	_	_
1915	O	O	O	O	O	O	_	_	NoSpaceAfter	_	_	_
.	O	O	O	O	O	O	_	_	EndOfLine	EndOfSentence	_	_
# segment_iiif_link = https://impresso-project.ch/api/proxy/iiif/IMP-1919-08-12-a-p0004/90,1336,457,52/full/0/default.jpg
Ceux	O	O	O	O	O	O	_	_	_	_	_	_
dés	O	O	O	O	O	O	_	_	_	_	_	_
classes	O	O	O	O	O	O	_	_	_	_	_	_
1916	O	O	O	O	O	O	_	_	_	_	_	_
et	O	O	O	O	O	O	_	_	_	_	_	_
1917	O	O	O	O	O	O	_	_	_	_	_	_
e	O	O	O	O	O	O	_	_	_	_	_	_
*	O	O	O	O	O	O	_	_	_	_	_	_
assimilés	O	O	O	O	O	O	_	_	EndOfLine	_	_	_
# segment_iiif_link = https://impresso-project.ch/api/proxy/iiif/IMP-1919-08-12-a-p0004/68,1359,476,52/full/0/default.jpg
viendront	O	O	O	O	O	O	_	_	_	_	_	_
ensuite	O	O	O	O	O	O	_	_	_	_	_	_
en	O	O	O	O	O	O	_	_	_	_	_	_
deux	O	O	O	O	O	O	_	_	_	_	_	_
périodes	O	O	O	O	O	O	_	_	_	_	_	_
du	O	O	O	O	O	O	_	_	_	_	_	_
19	O	O	O	O	O	O	_	_	_	_	_	_
au	O	O	O	O	O	O	_	_	EndOfLine	_	_	_
# segment_iiif_link = https://impresso-project.ch/api/proxy/iiif/IMP-1919-08-12-a-p0004/69,1382,140,52/full/0/default.jpg
30	O	O	O	O	O	O	_	_	_	_	_	_
septembre	O	O	O	O	O	O	_	_	NoSpaceAfter	_	_	_
,	O	O	O	O	O	O	_	_	EndOfLine	_	_	_
# segment_iiif_link = https://impresso-project.ch/api/proxy/iiif/IMP-1919-08-12-a-p0004/125,1425,365,52/full/0/default.jpg
_	O	O	O	O	O	O	_	_	NoSpaceAfter	_	_	_
Ln	O	O	O	O	O	O	_	_	_	_	_	_
première	O	O	O	O	O	O	_	_	_	_	_	_
demande	O	O	O	O	O	O	_	_	_	_	_	_
d	O	O	O	O	O	O	_	_	NoSpaceAfter	_	_	_
'	O	O	O	O	O	O	_	_	NoSpaceAfter	_	_	_
extradition	O	O	O	O	O	O	_	_	EndOfLine	_	_	_
# segment_iiif_link = https://impresso-project.ch/api/proxy/iiif/IMP-1919-08-12-a-p0004/84,1456,460,46/full/0/default.jpg
BERLIN	O	O	O	O	O	O	_	_	NoSpaceAfter	_	_	_
,	O	O	O	O	O	O	_	_	_	_	_	_
10	O	O	O	O	O	O	_	_	_	_	_	_
août	O	O	O	O	O	O	_	_	NoSpaceAfter	_	_	_
.	O	O	O	O	O	O	_	_	_	EndOfSentence	_	_
—	O	O	O	O	O	O	_	_	_	_	_	_
Les	O	O	O	O	O	O	_	_	_	_	_	_
Alliés	O	O	O	O	O	O	_	_	_	_	_	_
ont	O	O	O	O	O	O	_	_	_	_	_	_
signifié	O	O	O	O	O	O	_	_	_	_	_	_
au	O	O	O	O	O	O	_	_	EndOfLine	_	_	_
# segment_iiif_link = https://impresso-project.ch/api/proxy/iiif/IMP-1919-08-12-a-p0004/69,1475,477,46/full/0/default.jpg
commandant	O	O	O	O	O	O	_	_	_	_	_	_
du	O	O	O	O	O	O	_	_	_	_	_	_
camp	O	O	O	O	O	O	_	_	_	_	_	_
des	O	O	O	O	O	O	_	_	_	_	_	_
1	O	O	O	O	O	O	_	_	_	_	_	_
prisonniers	O	O	O	O	O	O	_	_	_	_	_	_
de	O	O	O	O	O	O	_	_	_	_	_	_
Cassel	O	O	O	O	O	O	_	_	NoSpaceAfter	_	_	_
,	O	O	O	O	O	O	_	_	EndOfLine	_	_	_
# segment_iiif_link = https://impresso-project.ch/api/proxy/iiif/IMP-1919-08-12-a-p0004/67,1495,478,46/full/0/default.jpg
le	O	O	O	O	O	O	_	_	_	_	_	_
major	O	O	O	O	O	O	_	_	_	_	_	_
Kruska	O	O	O	O	O	O	_	_	NoSpaceAfter	_	_	_
,	O	O	O	O	O	O	_	_	_	_	_	_
sa	O	O	O	O	O	O	_	_	_	_	_	_
mise	O	O	O	O	O	O	_	_	_	_	_	_
en	O	O	O	O	O	O	_	_	_	_	_	_
accusation	O	O	O	O	O	O	_	_	_	_	_	_
et	O	O	O	O	O	O	_	_	_	_	_	_
ont	O	O	O	O	O	O	_	_	EndOfLine	_	_	_
# segment_iiif_link = https://impresso-project.ch/api/proxy/iiif/IMP-1919-08-12-a-p0004/68,1513,208,46/full/0/default.jpg
demandé	O	O	O	O	O	O	_	_	_	_	_	_
son	O	O	O	O	O	O	_	_	_	_	_	_
extradition	O	O	O	O	O	O	_	_	NoSpaceAfter	_	_	_
.	O	O	O	O	O	O	_	_	EndOfLine	EndOfSentence	_	_
# segment_iiif_link = https://impresso-project.ch/api/proxy/iiif/IMP-1919-08-12-a-p0004/84,1533,462,46/full/0/default.jpg
Kruska	O	O	O	O	O	O	_	_	_	_	_	_
est	O	O	O	O	O	O	_	_	NoSpaceAfter	_	_	_
)	O	O	O	O	O	O	_	_	_	_	_	_
accusé	O	O	O	O	O	O	_	_	_	_	_	_
d	O	O	O	O	O	O	_	_	NoSpaceAfter	_	_	_
'	O	O	O	O	O	O	_	_	NoSpaceAfter	_	_	_
avoir	O	O	O	O	O	O	_	_	NoSpaceAfter	_	_	_
,	O	O	O	O	O	O	_	_	_	_	_	_
pendant	O	O	O	O	O	O	_	_	_	_	_	_
l	O	O	O	O	O	O	_	_	NoSpaceAfter	_	_	_
'	O	O	O	O	O	O	_	_	NoSpaceAfter	_	_	_
hiver	O	O	O	O	O	O	_	_	_	_	_	_
1914	O	O	O	O	O	O	_	_	NoSpaceAfter	_	_	_
-	O	O	O	O	O	O	_	_	NoSpaceAfter	_	_	_
1915	O	O	O	O	O	O	_	_	NoSpaceAfter	_	_	_
,	O	O	O	O	O	O	_	_	EndOfLine	_	_	_
# segment_iiif_link = https://impresso-project.ch/api/proxy/iiif/IMP-1919-08-12-a-p0004/67,1552,477,46/full/0/default.jpg
négligé	O	O	O	O	O	O	_	_	_	_	_	_
de	O	O	O	O	O	O	_	_	_	_	_	_
prendre	O	O	O	O	O	O	_	_	_	_	_	_
lee	O	O	O	O	O	O	_	_	_	_	_	_
mesures	O	O	O	O	O	O	_	_	_	_	_	_
indispensables	O	O	O	O	O	O	_	_	_	_	_	_
pour	O	O	O	O	O	O	_	_	EndOfLine	_	_	_
# segment_iiif_link = https://impresso-project.ch/api/proxy/iiif/IMP-1919-08-12-a-p0004/68,1571,481,46/full/0/default.jpg
enrayer	O	O	O	O	O	O	_	_	_	_	_	_
le	O	O	O	O	O	O	_	_	_	_	_	_
typhus	O	O	O	O	O	O	_	_	_	_	_	_
qui	O	O	O	O	O	O	_	_	NoSpaceAfter	_	_	_
,	O	O	O	O	O	O	_	_	_	_	_	_
selon	O	O	O	O	O	O	_	_	_	_	_	_
les	O	O	O	O	O	O	_	_	_	_	_	_
rapporte	O	O	O	O	O	O	_	_	_	_	_	_
français	O	O	O	O	O	O	_	_	EndOfLine	_	_	_
# segment_iiif_link = https://impresso-project.ch/api/proxy/iiif/IMP-1919-08-12-a-p0004/67,1590,478,46/full/0/default.jpg
fit	O	O	O	O	O	O	_	_	_	_	_	_
trois	O	O	O	O	O	O	_	_	_	_	_	_
mille	O	O	O	O	O	O	_	_	_	_	_	_
victimes	O	O	O	O	O	O	_	_	_	_	_	_
dans	O	O	O	O	O	O	_	_	_	_	_	_
le	O	O	O	O	O	O	_	_	_	_	_	_
camp	O	O	O	O	O	O	_	_	NoSpaceAfter	_	_	_
.	O	O	O	O	O	O	_	_	_	EndOfSentence	_	_
TJn	O	O	O	O	O	O	_	_	_	_	_	_
sergent	O	O	O	O	O	O	_	_	EndOfLine	_	_	_
# segment_iiif_link = https://impresso-project.ch/api/proxy/iiif/IMP-1919-08-12-a-p0004/67,1609,478,46/full/0/default.jpg
français	O	O	O	O	O	O	_	_	_	_	_	_
ayant	O	O	O	O	O	O	_	_	_	_	_	_
formulé	O	O	O	O	O	O	_	_	_	_	_	_
des	O	O	O	O	O	O	_	_	_	_	_	_
plaintes	O	O	O	O	O	O	_	_	NoSpaceAfter	_	_	_
,	O	O	O	O	O	O	_	_	_	_	_	_
le	O	O	O	O	O	O	_	_	_	_	_	_
major	O	O	O	O	O	O	_	_	_	_	_	_
Kruska	O	O	O	O	O	O	_	_	EndOfLine	_	_	_
# segment_iiif_link = https://impresso-project.ch/api/proxy/iiif/IMP-1919-08-12-a-p0004/68,1629,478,46/full/0/default.jpg
lui	O	O	O	O	O	O	_	_	_	_	_	_
répondit	O	O	O	O	O	O	_	_	_	_	_	_
qu	O	O	O	O	O	O	_	_	NoSpaceAfter	_	_	_
'	O	O	O	O	O	O	_	_	NoSpaceAfter	_	_	_
il	O	O	O	O	O	O	_	_	_	_	_	_
faisait	O	O	O	O	O	O	_	_	_	_	_	_
la	O	O	O	O	O	O	_	_	NoSpaceAfter	_	_	_
,	O	O	O	O	O	O	_	_	_	_	_	_
guerre	O	O	O	O	O	O	_	_	_	_	_	_
à	O	O	O	O	O	O	_	_	_	_	_	_
sa	O	O	O	O	O	O	_	_	_	_	_	_
manière	O	O	O	O	O	O	_	_	NoSpaceAfter	_	_	_
.	O	O	O	O	O	O	_	_	EndOfLine	EndOfSentence	_	_
# segment_iiif_link = https://impresso-project.ch/api/proxy/iiif/IMP-1919-08-12-a-p0004/83,1652,468,46/full/0/default.jpg
L	O	O	O	O	O	O	_	_	NoSpaceAfter	_	_	_
'	O	O	O	O	O	O	_	_	NoSpaceAfter	_	_	_
intervention	O	O	O	O	O	O	_	_	_	_	_	_
médicale	O	O	O	O	O	O	_	_	_	_	_	_
allemande	O	O	O	O	O	O	_	_	_	_	_	_
fut	O	O	O	O	O	O	_	_	_	_	_	_
absolument	O	O	O	O	O	O	_	_	EndOfLine	_	_	_
# segment_iiif_link = https://impresso-project.ch/api/proxy/iiif/IMP-1919-08-12-a-p0004/67,1671,477,46/full/0/default.jpg
inefficace	O	O	O	O	O	O	_	_	NoSpaceAfter	_	_	_
.	O	O	O	O	O	O	_	_	_	EndOfSentence	_	_
Seuls	O	O	O	O	O	O	_	_	_	_	_	_
les	O	O	O	O	O	O	_	_	_	_	_	_
médecins	O	O	O	O	O	O	_	_	_	_	_	_
étrangers	O	O	O	O	O	O	_	_	_	_	_	_
réussirent	O	O	O	O	O	O	_	_	EndOfLine	_	_	_
# segment_iiif_link = https://impresso-project.ch/api/proxy/iiif/IMP-1919-08-12-a-p0004/67,1691,476,46/full/0/default.jpg
à	O	O	O	O	O	O	_	_	_	_	_	_
enrayer	O	O	O	O	O	O	_	_	_	_	_	_
l	O	O	O	O	O	O	_	_	NoSpaceAfter	_	_	_
'	O	O	O	O	O	O	_	_	NoSpaceAfter	_	_	_
épidémie	O	O	O	O	O	O	_	_	NoSpaceAfter	_	_	_
.	O	O	O	O	O	O	_	_	_	EndOfSentence	_	_
L	O	O	O	O	O	O	_	_	NoSpaceAfter	_	_	_
'	O	O	O	O	O	O	_	_	NoSpaceAfter	_	_	_
acte	O	O	O	O	O	O	_	_	_	_	_	_
d	O	O	O	O	O	O	_	_	NoSpaceAfter	_	_	_
'	O	O	O	O	O	O	_	_	NoSpaceAfter	_	_	_
accusation	O	O	O	O	O	O	_	_	_	_	_	_
ajoute	O	O	O	O	O	O	_	_	_	_	_	_
que	O	O	O	O	O	O	_	_	EndOfLine	_	_	_
# segment_iiif_link = https://impresso-project.ch/api/proxy/iiif/IMP-1919-08-12-a-p0004/67,1710,478,46/full/0/default.jpg
le	O	O	O	O	O	O	_	_	_	_	_	_
personnel	O	O	O	O	O	O	_	_	_	_	_	_
allemand	O	O	O	O	O	O	_	_	_	_	_	_
aurait	O	O	O	O	O	O	_	_	_	_	_	_
disparu	O	O	O	O	O	O	_	_	_	_	_	_
lorsque	O	O	O	O	O	O	_	_	EndOfLine	_	_	_
# segment_iiif_link = https://impresso-project.ch/api/proxy/iiif/IMP-1919-08-12-a-p0004/68,1729,355,46/full/0/default.jpg
l	O	O	O	O	O	O	_	_	NoSpaceAfter	_	_	_
'	O	O	O	O	O	O	_	_	NoSpaceAfter	_	_	_
épidémie	O	O	O	O	O	O	_	_	_	_	_	_
prit	O	O	O	O	O	O	_	_	_	_	_	_
des	O	O	O	O	O	O	_	_	_	_	_	_
proportions	O	O	O	O	O	O	_	_	_	_	_	_
menaçantes	O	O	O	O	O	O	_	_	NoSpaceAfter	_	_	_
.	O	O	O	O	O	O	_	_	EndOfLine	EndOfSentence	_	_
# segment_iiif_link = https://impresso-project.ch/api/proxy/iiif/IMP-1919-08-12-a-p0004/84,1751,462,47/full/0/default.jpg
La	O	O	O	O	O	O	_	_	_	_	_	_
«	O	O	O	O	O	O	_	_	_	_	_	_
_	O	O	O	O	O	O	_	_	NoSpaceAfter	_	_	_
Gazettle	O	O	O	O	O	O	_	_	_	_	_	_
dei	O	O	O	O	O	O	_	_	_	_	_	_
Voss	O	O	O	O	O	O	_	_	_	_	_	_
»	O	O	O	O	O	O	_	_	_	_	_	_
proteste	O	O	O	O	O	O	_	_	_	_	_	_
en	O	O	O	O	O	O	_	_	_	_	_	_
disant	O	O	O	O	O	O	_	_	_	_	_	_
que	O	O	O	O	O	O	_	_	_	_	_	_
ce	O	O	O	O	O	O	_	_	EndOfLine	_	_	_
# segment_iiif_link = https://impresso-project.ch/api/proxy/iiif/IMP-1919-08-12-a-p0004/68,1771,476,46/full/0/default.jpg
sont	O	O	O	O	O	O	_	_	_	_	_	_
des	O	O	O	O	O	O	_	_	_	_	_	_
médecins	O	O	O	O	O	O	_	_	_	_	_	_
allemands	O	O	O	O	O	O	_	_	_	_	_	_
qui	O	O	O	O	O	O	_	_	_	_	_	_
ont	O	O	O	O	O	O	_	_	_	_	_	_
arrêté	O	O	O	O	O	O	_	_	_	_	_	_
le	O	O	O	O	O	O	_	_	_	_	_	_
fléau	O	O	O	O	O	O	_	_	EndOfLine	_	_	_
# segment_iiif_link = https://impresso-project.ch/api/proxy/iiif/IMP-1919-08-12-a-p0004/68,1790,477,47/full/0/default.jpg
et	O	O	O	O	O	O	_	_	_	_	_	_
que	O	O	O	O	O	O	_	_	_	_	_	_
trente	O	O	O	O	O	O	_	_	_	_	_	_
Allemande	O	O	O	O	O	O	_	_	_	_	_	_
sont	O	O	O	O	O	O	_	_	_	_	_	_
morts	O	O	O	O	O	O	_	_	_	_	_	_
du	O	O	O	O	O	O	_	_	_	_	_	_
typhus	O	O	O	O	O	O	_	_	_	_	_	_
en	O	O	O	O	O	O	_	_	EndOfLine	_	_	_
# segment_iiif_link = https://impresso-project.ch/api/proxy/iiif/IMP-1919-08-12-a-p0004/68,1808,478,46/full/0/default.jpg
soignant	O	O	O	O	O	O	_	_	_	_	_	_
les	O	O	O	O	O	O	_	_	_	_	_	_
prisonniers	O	O	O	O	O	O	_	_	NoSpaceAfter	_	_	_
.	O	O	O	O	O	O	_	_	_	EndOfSentence	_	_
S	O	O	O	O	O	O	_	_	NoSpaceAfter	_	_	_
'	O	O	O	O	O	O	_	_	NoSpaceAfter	_	_	_
il	O	O	O	O	O	O	_	_	_	_	_	_
faut	O	O	O	O	O	O	_	_	_	_	_	_
en	O	O	O	O	O	O	_	_	_	_	_	_
croire	O	O	O	O	O	O	_	_	_	_	_	_
les	O	O	O	O	O	O	_	_	EndOfLine	_	_	_
# segment_iiif_link = https://impresso-project.ch/api/proxy/iiif/IMP-1919-08-12-a-p0004/68,1828,478,46/full/0/default.jpg
milieux	O	O	O	O	O	O	_	_	_	_	_	_
militaires	O	O	O	O	O	O	_	_	_	_	_	_
de	O	O	O	O	O	O	_	_	_	_	_	_
Cassel	O	O	O	O	O	O	_	_	NoSpaceAfter	_	_	_
.	O	O	O	O	O	O	_	_	_	EndOfSentence	_	_
Kruska	O	O	O	O	O	O	_	_	_	_	_	_
aurait	O	O	O	O	O	O	_	_	_	_	_	_
été	O	O	O	O	O	O	_	_	EndOfLine	_	_	_
# segment_iiif_link = https://impresso-project.ch/api/proxy/iiif/IMP-1919-08-12-a-p0004/69,1847,307,47/full/0/default.jpg
bienveillant	O	O	O	O	O	O	_	_	_	_	_	_
à	O	O	O	O	O	O	_	_	_	_	_	_
l	O	O	O	O	O	O	_	_	NoSpaceAfter	_	_	_
'	O	O	O	O	O	O	_	_	NoSpaceAfter	_	_	_
égard	O	O	O	O	O	O	_	_	_	_	_	_
des	O	O	O	O	O	O	_	_	_	_	_	_
prisonniers	O	O	O	O	O	O	_	_	NoSpaceAfter	_	_	_
.	O	O	O	O	O	O	_	_	EndOfLine	EndOfSentence	_	_
# segment_iiif_link = https://impresso-project.ch/api/proxy/iiif/IMP-1919-08-12-a-p0004/192,1875,232,53/full/0/default.jpg
Mort	O	O	O	O	O	O	_	_	_	_	_	_
d	O	O	O	O	O	O	_	_	NoSpaceAfter	_	_	_
'	O	O	O	O	O	O	_	_	NoSpaceAfter	_	_	_
Ernest	O	O	O	O	O	O	_	_	_	_	_	_
Haeckel	O	O	O	O	O	O	_	_	EndOfLine	_	_	_
# segment_iiif_link = https://impresso-project.ch/api/proxy/iiif/IMP-1919-08-12-a-p0004/83,1907,461,46/full/0/default.jpg
IBNA	O	O	O	O	O	O	_	_	NoSpaceAfter	_	_	_
,	O	O	O	O	O	O	_	_	_	_	_	_
II	O	O	O	O	O	O	_	_	_	_	_	_
août	O	O	O	O	O	O	_	_	NoSpaceAfter	_	_	_
.	O	O	O	O	O	O	_	_	_	EndOfSentence	_	_
—	O	O	O	O	O	O	_	_	_	_	_	_
Ernest	O	O	O	O	O	O	_	_	_	_	_	_
Haeokel	O	O	O	O	O	O	_	_	_	_	_	_
est	O	O	O	O	O	O	_	_	_	_	_	_
mort	O	O	O	O	O	O	_	_	_	_	_	_
dans	O	O	O	O	O	O	_	_	EndOfLine	_	_	_
# segment_iiif_link = https://impresso-project.ch/api/proxy/iiif/IMP-1919-08-12-a-p0004/65,1926,479,46/full/0/default.jpg
la	O	O	O	O	O	O	_	_	_	_	_	_
nuit	O	O	O	O	O	O	_	_	_	_	_	_
du	O	O	O	O	O	O	_	_	_	_	_	_
8	O	O	O	O	O	O	_	_	_	_	_	_
au	O	O	O	O	O	O	_	_	_	_	_	_
9	O	O	O	O	O	O	_	_	NoSpaceAfter	_	_	_
.	O	O	O	O	O	O	_	_	_	EndOfSentence	_	_
Le	O	O	O	O	O	O	_	_	_	_	_	_
célèbre	O	O	O	O	O	O	_	_	_	_	_	_
savant	O	O	O	O	O	O	_	_	_	_	_	_
était	O	O	O	O	O	O	_	_	_	_	_	_
dans	O	O	O	O	O	O	_	_	_	_	_	_
sa	O	O	O	O	O	O	_	_	EndOfLine	_	_	_
# segment_iiif_link = https://impresso-project.ch/api/proxy/iiif/IMP-1919-08-12-a-p0004/66,1945,112,46/full/0/default.jpg
85	O	O	O	O	O	O	_	_	_	_	_	_
me	O	O	O	O	O	O	_	_	_	_	_	_
année	O	O	O	O	O	O	_	_	NoSpaceAfter	_	_	_
.	O	O	O	O	O	O	_	_	EndOfLine	EndOfSentence	_	_
# segment_iiif_link = https://impresso-project.ch/api/proxy/iiif/IMP-1919-08-12-a-p0004/85,1964,456,46/full/0/default.jpg
Né	O	O	O	O	O	O	_	_	_	_	_	_
le	O	O	O	O	O	O	_	_	_	_	_	_
16	O	O	O	O	O	O	_	_	_	_	_	_
f	O	O	O	O	O	O	_	_	_	_	_	_
évrLer	O	O	O	O	O	O	_	_	_	_	_	_
{	O	O	O	O	O	O	_	_	NoSpaceAfter	_	_	_
1834	O	O	O	O	O	O	_	_	_	_	_	_
à	O	O	O	O	O	O	_	_	_	_	_	_
Potsdam	O	O	O	O	O	O	_	_	NoSpaceAfter	_	_	_
,	O	O	O	O	O	O	_	_	_	_	_	_
il	O	O	O	O	O	O	_	_	_	_	_	_
fuit	O	O	O	O	O	O	_	_	_	_	_	_
appelé	O	O	O	O	O	O	_	_	_	_	_	_
à	O	O	O	O	O	O	_	_	EndOfLine	_	_	_
# segment_iiif_link = https://impresso-project.ch/api/proxy/iiif/IMP-1919-08-12-a-p0004/66,1983,480,47/full/0/default.jpg
enseigner	O	O	O	O	O	O	_	_	NoSpaceAfter	_	_	_
,	O	O	O	O	O	O	_	_	_	_	_	_
en	O	O	O	O	O	O	_	_	_	_	_	_
1861	O	O	O	O	O	O	_	_	NoSpaceAfter	_	_	_
,	O	O	O	O	O	O	_	_	_	_	_	_
à	O	O	O	O	O	O	_	_	_	_	_	_
Iena	O	O	O	O	O	O	_	_	NoSpaceAfter	_	_	_
,	O	O	O	O	O	O	_	_	_	_	_	_
l	O	O	O	O	O	O	_	_	NoSpaceAfter	_	_	_
'	O	O	O	O	O	O	_	_	NoSpaceAfter	_	_	_
anatomie	O	O	O	O	O	O	_	_	_	_	_	_
et	O	O	O	O	O	O	_	_	_	_	_	_
la	O	O	O	O	O	O	_	_	_	_	_	_
zoologie	O	O	O	O	O	O	_	_	NoSpaceAfter	_	_	_
.	O	O	O	O	O	O	_	_	EndOfLine	EndOfSentence	_	_
# segment_iiif_link = https://impresso-project.ch/api/proxy/iiif/IMP-1919-08-12-a-p0004/67,2003,479,46/full/0/default.jpg
_	O	O	O	O	O	O	_	_	NoSpaceAfter	_	_	_
Ayant	O	O	O	O	O	O	_	_	_	_	_	_
étlé	O	O	O	O	O	O	_	_	_	_	_	_
rendre	O	O	O	O	O	O	_	_	_	_	_	_
visite	O	O	O	O	O	O	_	_	_	_	_	_
à	O	O	O	O	O	O	_	_	_	_	_	_
Darwin	O	O	O	O	O	O	_	_	NoSpaceAfter	_	_	_
,	O	O	O	O	O	O	_	_	_	_	_	_
il	O	O	O	O	O	O	_	_	_	_	_	_
devint	O	O	O	O	O	O	_	_	_	_	_	_
un	O	O	O	O	O	O	_	_	EndOfLine	_	_	_
# segment_iiif_link = https://impresso-project.ch/api/proxy/iiif/IMP-1919-08-12-a-p0004/66,2022,478,47/full/0/default.jpg
fervent	O	O	O	O	O	O	_	_	_	_	_	_
disciple	O	O	O	O	O	O	_	_	_	_	_	_
du	O	O	O	O	O	O	_	_	_	_	_	_
savant	O	O	O	O	O	O	_	_	_	_	_	_
anglais	O	O	O	O	O	O	_	_	NoSpaceAfter	_	_	_
,	O	O	O	O	O	O	_	_	_	_	_	_
mais	O	O	O	O	O	O	_	_	_	_	_	_
nn	O	O	O	O	O	O	_	_	_	_	_	_
disciple	O	O	O	O	O	O	_	_	EndOfLine	_	_	_
# segment_iiif_link = https://impresso-project.ch/api/proxy/iiif/IMP-1919-08-12-a-p0004/67,2042,478,46/full/0/default.jpg
doublé	O	O	O	O	O	O	_	_	_	_	_	_
d	O	O	O	O	O	O	_	_	NoSpaceAfter	_	_	_
'	O	O	O	O	O	O	_	_	NoSpaceAfter	_	_	_
un	O	O	O	O	O	O	_	_	_	_	_	_
apôtre	O	O	O	O	O	O	_	_	_	_	_	_
du	O	O	O	O	O	O	_	_	_	_	_	_
monisme	O	O	O	O	O	O	_	_	_	_	_	_
matérialiste	O	O	O	O	O	O	_	_	_	_	_	_
le	O	O	O	O	O	O	_	_	_	_	_	_
plus	O	O	O	O	O	O	_	_	EndOfLine	_	_	_
# segment_iiif_link = https://impresso-project.ch/api/proxy/iiif/IMP-1919-08-12-a-p0004/65,2060,481,46/full/0/default.jpg
résolu	O	O	O	O	O	O	_	_	NoSpaceAfter	_	_	_
.	O	O	O	O	O	O	_	_	_	EndOfSentence	_	_
Haeckel	O	O	O	O	O	O	_	_	_	_	_	_
a	O	O	O	O	O	O	_	_	_	_	_	_
parcouru	O	O	O	O	O	O	_	_	_	_	_	_
les	O	O	O	O	O	O	_	_	_	_	_	_
mers	O	O	O	O	O	O	_	_	NoSpaceAfter	_	_	_
,	O	O	O	O	O	O	_	_	EndOfLine	_	_	_
# segment_iiif_link = https://impresso-project.ch/api/proxy/iiif/IMP-1919-08-12-a-p0004/65,2079,482,46/full/0/default.jpg
particulièrement	O	O	O	O	O	O	_	_	_	_	_	_
lee	O	O	O	O	O	O	_	_	_	_	_	_
mers	O	O	O	O	O	O	_	_	_	_	_	_
chaudes	O	O	O	O	O	O	_	_	NoSpaceAfter	_	_	_
,	O	O	O	O	O	O	_	_	_	_	_	_
à	O	O	O	O	O	O	_	_	_	_	_	_
la	O	O	O	O	O	O	_	_	_	_	_	_
recherche	O	O	O	O	O	O	_	_	_	_	_	_
des	O	O	O	O	O	O	_	_	_	_	_	_
êtres	O	O	O	O	O	O	_	_	EndOfLine	_	_	_
# segment_iiif_link = https://impresso-project.ch/api/proxy/iiif/IMP-1919-08-12-a-p0004/65,2099,479,46/full/0/default.jpg
les	O	O	O	O	O	O	_	_	_	_	_	_
plus	O	O	O	O	O	O	_	_	_	_	_	_
primitifs	O	O	O	O	O	O	_	_	NoSpaceAfter	_	_	_
,	O	O	O	O	O	O	_	_	_	_	_	_
c	O	O	O	O	O	O	_	_	NoSpaceAfter	_	_	_
'	O	O	O	O	O	O	_	_	NoSpaceAfter	_	_	_
est	O	O	O	O	O	O	_	_	NoSpaceAfter	_	_	_
-	O	O	O	O	O	O	_	_	NoSpaceAfter	_	_	_
à	O	O	O	O	O	O	_	_	NoSpaceAfter	_	_	_
-	O	O	O	O	O	O	_	_	NoSpaceAfter	_	_	_
dire	O	O	O	O	O	O	_	_	_	_	_	_
les	O	O	O	O	O	O	_	_	_	_	_	_
plus	O	O	O	O	O	O	_	_	_	_	_	_
dépourvus	O	O	O	O	O	O	_	_	EndOfLine	_	_	_
# segment_iiif_link = https://impresso-project.ch/api/proxy/iiif/IMP-1919-08-12-a-p0004/65,2117,479,47/full/0/default.jpg
'	O	O	O	O	O	O	_	_	NoSpaceAfter	_	_	_
d	O	O	O	O	O	O	_	_	NoSpaceAfter	_	_	_
'	O	O	O	O	O	O	_	_	NoSpaceAfter	_	_	_
organisation	O	O	O	O	O	O	_	_	_	_	_	_
qu	O	O	O	O	O	O	_	_	NoSpaceAfter	_	_	_
'	O	O	O	O	O	O	_	_	NoSpaceAfter	_	_	_
il	O	O	O	O	O	O	_	_	_	_	_	_
pût	O	O	O	O	O	O	_	_	_	_	_	_
rencontrer	O	O	O	O	O	O	_	_	NoSpaceAfter	_	_	_
.	O	O	O	O	O	O	_	_	_	EndOfSentence	_	_
C	O	O	O	O	O	O	_	_	NoSpaceAfter	_	_	_
'	O	O	O	O	O	O	_	_	NoSpaceAfter	_	_	_
est	O	O	O	O	O	O	_	_	_	_	_	_
ainsi	O	O	O	O	O	O	_	_	_	_	_	_
qu	O	O	O	O	O	O	_	_	NoSpaceAfter	_	_	_
'	O	O	O	O	O	O	_	_	NoSpaceAfter	_	_	_
il	O	O	O	O	O	O	_	_	EndOfLine	_	_	_
# segment_iiif_link = https://impresso-project.ch/api/proxy/iiif/IMP-1919-08-12-a-p0004/66,2136,478,46/full/0/default.jpg
oa	O	O	O	O	O	O	_	_	_	_	_	_
/	O	O	O	O	O	O	_	_	_	_	_	_
tialogue	O	O	O	O	O	O	_	_	_	_	_	_
un	O	O	O	O	O	O	_	_	_	_	_	_
certain	O	O	O	O	O	O	_	_	_	_	_	_
nombre	O	O	O	O	O	O	_	_	_	_	_	_
de	O	O	O	O	O	O	_	_	_	_	_	_
monères	O	O	O	O	O	O	_	_	_	_	_	_
dont	O	O	O	O	O	O	_	_	_	_	_	_
il	O	O	O	O	O	O	_	_	EndOfLine	_	_	_
# segment_iiif_link = https://impresso-project.ch/api/proxy/iiif/IMP-1919-08-12-a-p0004/65,2157,479,46/full/0/default.jpg
n	O	O	O	O	O	O	_	_	NoSpaceAfter	_	_	_
'	O	O	O	O	O	O	_	_	NoSpaceAfter	_	_	_
apercevait	O	O	O	O	O	O	_	_	_	_	_	_
ni	O	O	O	O	O	O	_	_	_	_	_	_
membranes	O	O	O	O	O	O	_	_	NoSpaceAfter	_	_	_
,	O	O	O	O	O	O	_	_	_	_	_	_
ni	O	O	O	O	O	O	_	_	_	_	_	_
noyau	O	O	O	O	O	O	_	_	NoSpaceAfter	_	_	_
,	O	O	O	O	O	O	_	_	_	_	_	_
différent	O	O	O	O	O	O	_	_	_	_	_	_
par	O	O	O	O	O	O	_	_	EndOfLine	_	_	_
# segment_iiif_link = https://impresso-project.ch/api/proxy/iiif/IMP-1919-08-12-a-p0004/65,2174,479,47/full/0/default.jpg
_	O	O	O	O	O	O	_	_	NoSpaceAfter	_	_	_
fasrpieet	O	O	O	O	O	O	_	_	_	_	_	_
seulement	O	O	O	O	O	O	_	_	_	_	_	_
de	O	O	O	O	O	O	_	_	_	_	_	_
leurs	O	O	O	O	O	O	_	_	_	_	_	_
transformations	O	O	O	O	O	O	_	_	NoSpaceAfter	_	_	_
,	O	O	O	O	O	O	_	_	_	_	_	_
et	O	O	O	O	O	O	_	_	_	_	_	_
qu	O	O	O	O	O	O	_	_	NoSpaceAfter	_	_	_
'	O	O	O	O	O	O	_	_	NoSpaceAfter	_	_	_
il	O	O	O	O	O	O	_	_	EndOfLine	_	_	_
# segment_iiif_link = https://impresso-project.ch/api/proxy/iiif/IMP-1919-08-12-a-p0004/65,2193,479,46/full/0/default.jpg
regarda	O	O	O	O	O	O	_	_	_	_	_	_
comme	O	O	O	O	O	O	_	_	_	_	_	_
la	O	O	O	O	O	O	_	_	_	_	_	_
substance	O	O	O	O	O	O	_	_	_	_	_	_
primitive	O	O	O	O	O	O	_	_	_	_	_	_
vivante	O	O	O	O	O	O	_	_	EndOfLine	_	_	_
# segment_iiif_link = https://impresso-project.ch/api/proxy/iiif/IMP-1919-08-12-a-p0004/66,2213,479,46/full/0/default.jpg
amorphe	O	O	O	O	O	O	_	_	NoSpaceAfter	_	_	_
.	O	O	O	O	O	O	_	_	_	EndOfSentence	_	_
Il	O	O	O	O	O	O	_	_	_	_	_	_
a	O	O	O	O	O	O	_	_	_	_	_	_
écrit	O	O	O	O	O	O	_	_	_	_	_	_
sur	O	O	O	O	O	O	_	_	_	_	_	_
lee	O	O	O	O	O	O	_	_	_	_	_	_
radiolaires	O	O	O	O	O	O	_	_	NoSpaceAfter	_	_	_
,	O	O	O	O	O	O	_	_	_	_	_	_
les	O	O	O	O	O	O	_	_	_	_	_	_
méduses	O	O	O	O	O	O	_	_	NoSpaceAfter	_	_	_
,	O	O	O	O	O	O	_	_	EndOfLine	_	_	_
# segment_iiif_link = https://impresso-project.ch/api/proxy/iiif/IMP-1919-08-12-a-p0004/65,2232,480,46/full/0/default.jpg
les	O	O	O	O	O	O	_	_	_	_	_	_
«	O	O	O	O	O	O	_	_	_	_	_	_
protistes	O	O	O	O	O	O	_	_	_	_	_	_
»	O	O	O	O	O	O	_	_	NoSpaceAfter	_	_	_
,	O	O	O	O	O	O	_	_	_	_	_	_
mais	O	O	O	O	O	O	_	_	_	_	_	_
aussi	O	O	O	O	O	O	_	_	_	_	_	_
eur	O	O	O	O	O	O	_	_	_	_	_	_
la	O	O	O	O	O	O	_	_	_	_	_	_
morphologie	O	O	O	O	O	O	_	_	_	_	_	_
des	O	O	O	O	O	O	_	_	EndOfLine	_	_	_
# segment_iiif_link = https://impresso-project.ch/api/proxy/iiif/IMP-1919-08-12-a-p0004/66,2252,148,46/full/0/default.jpg
êtres	O	O	O	O	O	O	_	_	_	_	_	_
supérieurs	O	O	O	O	O	O	_	_	NoSpaceAfter	_	_	_
.	O	O	O	O	O	O	_	_	EndOfLine	EndOfSentence	_	_
# segment_iiif_link = https://impresso-project.ch/api/proxy/iiif/IMP-1919-08-12-a-p0004/82,2270,462,46/full/0/default.jpg
Les	O	O	O	O	O	O	_	_	_	_	_	_
théories	O	O	O	O	O	O	_	_	_	_	_	_
de	O	O	O	O	O	O	_	_	_	_	_	_
Haeokel	O	O	O	O	O	O	_	_	_	_	_	_
ont	O	O	O	O	O	O	_	_	_	_	_	_
_	O	O	O	O	O	O	_	_	NoSpaceAfter	_	_	_
jout	O	O	O	O	O	O	_	_	_	_	_	_
pendant	O	O	O	O	O	O	_	_	EndOfLine	_	_	_
# segment_iiif_link = https://impresso-project.ch/api/proxy/iiif/IMP-1919-08-12-a-p0004/65,2289,479,46/full/0/default.jpg
longtemps	O	O	O	O	O	O	_	_	NoSpaceAfter	_	_	_
,	O	O	O	O	O	O	_	_	_	_	_	_
en	O	O	O	O	O	O	_	_	_	_	_	_
Allemagne	O	O	O	O	O	O	_	_	NoSpaceAfter	_	_	_
,	O	O	O	O	O	O	_	_	_	_	_	_
d	O	O	O	O	O	O	_	_	NoSpaceAfter	_	_	_
'	O	O	O	O	O	O	_	_	NoSpaceAfter	_	_	_
une	O	O	O	O	O	O	_	_	_	_	_	_
grande	O	O	O	O	O	O	_	_	NoSpaceAfter	_	_	_
,	O	O	O	O	O	O	_	_	_	_	_	_
vogue	O	O	O	O	O	O	_	_	_	_	_	_
qui	O	O	O	O	O	O	_	_	NoSpaceAfter	_	_	_
,	O	O	O	O	O	O	_	_	_	_	_	_
dans	O	O	O	O	O	O	_	_	EndOfLine	_	_	_
# segment_iiif_link = https://impresso-project.ch/api/proxy/iiif/IMP-1919-08-12-a-p0004/65,2309,478,47/full/0/default.jpg
Jes	O	O	O	O	O	O	_	_	_	_	_	_
derniers	O	O	O	O	O	O	_	_	_	_	_	_
temps	O	O	O	O	O	O	_	_	_	_	_	_
avant	O	O	O	O	O	O	_	_	_	_	_	_
la	O	O	O	O	O	O	_	_	_	_	_	_
guerre	O	O	O	O	O	O	_	_	NoSpaceAfter	_	_	_
,	O	O	O	O	O	O	_	_	_	_	_	_
tendait	O	O	O	O	O	O	_	_	EndOfLine	_	_	_
# segment_iiif_link = https://impresso-project.ch/api/proxy/iiif/IMP-1919-08-12-a-p0004/66,2327,473,47/full/0/default.jpg
_	O	O	O	O	O	O	_	_	NoSpaceAfter	_	_	_
cejien	O	O	O	O	O	O	_	_	NoSpaceAfter	_	_	_
-	O	O	O	O	O	O	_	_	NoSpaceAfter	_	_	_
Idant	O	O	O	O	O	O	_	_	_	_	_	_
à	O	O	O	O	O	O	_	_	_	_	_	_
baisser	O	O	O	O	O	O	_	_	_	_	_	_
devant	O	O	O	O	O	O	_	_	_	_	_	_
les	O	O	O	O	O	O	_	_	_	_	_	_
attaques	O	O	O	O	O	O	_	_	_	_	_	_
des	O	O	O	O	O	O	_	_	NoSpaceAfter	_	_	_
.	O	O	O	O	O	O	_	_	_	EndOfSentence	_	_
savants	O	O	O	O	O	O	_	_	EndOfLine	_	_	_
# segment_iiif_link = https://impresso-project.ch/api/proxy/iiif/IMP-1919-08-12-a-p0004/65,2346,478,46/full/0/default.jpg
plus	O	O	O	O	O	O	_	_	_	_	_	_
jeunes	O	O	O	O	O	O	_	_	_	_	_	_
efc	O	O	O	O	O	O	_	_	_	_	_	_
dont	O	O	O	O	O	O	_	_	_	_	_	_
les	O	O	O	O	O	O	_	_	_	_	_	_
recherches	O	O	O	O	O	O	_	_	_	_	_	_
infirmaient	O	O	O	O	O	O	_	_	EndOfLine	_	_	_
# segment_iiif_link = https://impresso-project.ch/api/proxy/iiif/IMP-1919-08-12-a-p0004/65,2366,270,46/full/0/default.jpg
gues	O	O	O	O	O	O	_	_	NoSpaceAfter	_	_	_
-	O	O	O	O	O	O	_	_	NoSpaceAfter	_	_	_
unes	O	O	O	O	O	O	_	_	_	_	_	_
de	O	O	O	O	O	O	_	_	_	_	_	_
sos	O	O	O	O	O	O	_	_	_	_	_	_
conclusions	O	O	O	O	O	O	_	_	NoSpaceAfter	_	_	_
.	O	O	O	O	O	O	_	_	EndOfLine	EndOfSentence	_	_
# segment_iiif_link = https://impresso-project.ch/api/proxy/iiif/IMP-1919-08-12-a-p0004/84,2389,427,49/full/0/default.jpg
1	O	O	O	O	O	O	_	_	_	_	_	_
L	O	O	O	O	O	O	_	_	NoSpaceAfter	_	_	_
'	O	O	O	O	O	O	_	_	NoSpaceAfter	_	_	_
Italie	O	O	O	O	O	O	_	_	_	_	_	_
n	O	O	O	O	O	O	_	_	NoSpaceAfter	_	_	_
'	O	O	O	O	O	O	_	_	NoSpaceAfter	_	_	_
a	O	O	O	O	O	O	_	_	_	_	_	_
pas	O	O	O	O	O	O	_	_	_	_	_	_
encore	O	O	O	O	O	O	_	_	_	_	_	_
obtenue	O	O	O	O	O	O	_	_	_	_	_	_
sa	O	O	O	O	O	O	_	_	_	_	_	_
paix	O	O	O	O	O	O	_	_	EndOfLine	_	_	_
# segment_iiif_link = https://impresso-project.ch/api/proxy/iiif/IMP-1919-08-12-a-p0004/84,2426,459,52/full/0/default.jpg
IROME	O	O	O	O	O	O	_	_	NoSpaceAfter	_	_	_
,	O	O	O	O	O	O	_	_	_	_	_	_
12	O	O	O	O	O	O	_	_	_	_	_	_
août	O	O	O	O	O	O	_	_	NoSpaceAfter	_	_	_
.	O	O	O	O	O	O	_	_	_	EndOfSentence	_	_
—	O	O	O	O	O	O	_	_	_	_	_	_
(	O	O	O	O	O	O	_	_	NoSpaceAfter	_	_	_
Stefani	B-org	O	B-org.ent.pressagency.Stefani	O	O	O	Q1415690	_	NoSpaceAfter	_	LED0.00	_
)	O	O	O	O	O	O	_	_	NoSpaceAfter	_	_	_
.	O	O	O	O	O	O	_	_	_	EndOfSentence	_	_
—	O	O	O	O	O	O	_	_	_	_	_	_
Le	O	O	O	O	O	O	_	_	_	_	_	_
Conseil	O	O	O	O	O	O	_	_	EndOfLine	_	_	_
# segment_iiif_link = https://impresso-project.ch/api/proxy/iiif/IMP-1919-08-12-a-p0004/64,2449,481,52/full/0/default.jpg
igenéral	O	O	O	O	O	O	_	_	_	_	_	_
de	O	O	O	O	O	O	_	_	_	_	_	_
Cône	O	O	O	O	O	O	_	_	_	_	_	_
a	O	O	O	O	O	O	_	_	_	_	_	_
reçu	O	O	O	O	O	O	_	_	_	_	_	_
le	O	O	O	O	O	O	_	_	_	_	_	_
président	O	O	O	O	O	O	_	_	_	_	_	_
Giolitti	O	O	O	O	O	O	_	_	NoSpaceAfter	_	_	_
.	O	O	O	O	O	O	_	_	EndOfLine	EndOfSentence	_	_
# segment_iiif_link = https://impresso-project.ch/api/proxy/iiif/IMP-1919-08-12-a-p0004/63,2472,482,52/full/0/default.jpg
lui	O	O	O	O	O	O	_	_	NoSpaceAfter	_	_	_
-	O	O	O	O	O	O	_	_	NoSpaceAfter	_	_	_
ci	O	O	O	O	O	O	_	_	_	_	_	_
a	O	O	O	O	O	O	_	_	_	_	_	_
prononcé	O	O	O	O	O	O	_	_	_	_	_	_
un	O	O	O	O	O	O	_	_	_	_	_	_
discours	O	O	O	O	O	O	_	_	NoSpaceAfter	_	_	_
,	O	O	O	O	O	O	_	_	_	_	_	_
disant	O	O	O	O	O	O	_	_	_	_	_	_
notamment	O	O	O	O	O	O	_	_	_	_	_	_
:	O	O	O	O	O	O	_	_	EndOfLine	_	_	_
# segment_iiif_link = https://impresso-project.ch/api/proxy/iiif/IMP-1919-08-12-a-p0004/61,2494,483,52/full/0/default.jpg
ÎZn	O	O	O	O	O	O	_	_	_	_	_	_
décembre	O	O	O	O	O	O	_	_	_	_	_	_
passé	O	O	O	O	O	O	_	_	NoSpaceAfter	_	_	_
,	O	O	O	O	O	O	_	_	_	_	_	_
lorsque	O	O	O	O	O	O	_	_	_	_	_	_
avec	O	O	O	O	O	O	_	_	_	_	_	_
tant	O	O	O	O	O	O	_	_	EndOfLine	_	_	_
# segment_iiif_link = https://impresso-project.ch/api/proxy/iiif/IMP-1919-08-12-a-p0004/63,2516,480,52/full/0/default.jpg
d	O	O	O	O	O	O	_	_	NoSpaceAfter	_	_	_
'	O	O	O	O	O	O	_	_	NoSpaceAfter	_	_	_
enthousiasme	O	O	O	O	O	O	_	_	_	_	_	_
nous	O	O	O	O	O	O	_	_	_	_	_	_
célébrâmes	O	O	O	O	O	O	_	_	_	_	_	_
la	O	O	O	O	O	O	_	_	_	_	_	_
grande	O	O	O	O	O	O	_	_	_	_	_	_
victoire	O	O	O	O	O	O	_	_	_	_	_	_
qui	O	O	O	O	O	O	_	_	EndOfLine	_	_	_
# segment_iiif_link = https://impresso-project.ch/api/proxy/iiif/IMP-1919-08-12-a-p0004/63,2539,481,52/full/0/default.jpg
avait	O	O	O	O	O	O	_	_	_	_	_	_
abattu	O	O	O	O	O	O	_	_	_	_	_	_
en	O	O	O	O	O	O	_	_	_	_	_	_
même	O	O	O	O	O	O	_	_	_	_	_	_
temps	O	O	O	O	O	O	_	_	_	_	_	_
l	O	O	O	O	O	O	_	_	NoSpaceAfter	_	_	_
'	O	O	O	O	O	O	_	_	NoSpaceAfter	_	_	_
armée	O	O	O	O	O	O	_	_	_	_	_	_
et	O	O	O	O	O	O	_	_	_	_	_	_
l	O	O	O	O	O	O	_	_	NoSpaceAfter	_	_	_
'	O	O	O	O	O	O	_	_	NoSpaceAfter	_	_	_
empire	O	O	O	O	O	O	_	_	EndOfLine	_	_	_
# segment_iiif_link = https://impresso-project.ch/api/proxy/iiif/IMP-1919-08-12-a-p0004/63,2561,479,52/full/0/default.jpg
ennemi	O	O	O	O	O	O	_	_	NoSpaceAfter	_	_	_
,	O	O	O	O	O	O	_	_	_	_	_	_
personne	O	O	O	O	O	O	_	_	_	_	_	_
parmi	O	O	O	O	O	O	_	_	_	_	_	_
nous	O	O	O	O	O	O	_	_	_	_	_	_
aurait	O	O	O	O	O	O	_	_	_	_	_	_
songé	O	O	O	O	O	O	_	_	_	_	_	_
qu	O	O	O	O	O	O	_	_	NoSpaceAfter	_	_	_
'	O	O	O	O	O	O	_	_	NoSpaceAfter	_	_	_
au	O	O	O	O	O	O	_	_	EndOfLine	_	_	_
# segment_iiif_link = https://impresso-project.ch/api/proxy/iiif/IMP-1919-08-12-a-p0004/63,2584,481,52/full/0/default.jpg
mois	O	O	O	O	O	O	_	_	_	_	_	_
d	O	O	O	O	O	O	_	_	NoSpaceAfter	_	_	_
'	O	O	O	O	O	O	_	_	NoSpaceAfter	_	_	_
août	O	O	O	O	O	O	_	_	_	_	_	_
de	O	O	O	O	O	O	_	_	_	_	_	_
l	O	O	O	O	O	O	_	_	NoSpaceAfter	_	_	_
'	O	O	O	O	O	O	_	_	NoSpaceAfter	_	_	_
année	O	O	O	O	O	O	_	_	_	_	_	_
suivante	O	O	O	O	O	O	_	_	NoSpaceAfter	_	_	_
,	O	O	O	O	O	O	_	_	_	_	_	_
neuf	O	O	O	O	O	O	_	_	_	_	_	_
mois	O	O	O	O	O	O	_	_	_	_	_	_
après	O	O	O	O	O	O	_	_	EndOfLine	_	_	_
# segment_iiif_link = https://impresso-project.ch/api/proxy/iiif/IMP-1919-08-12-a-p0004/63,2606,483,52/full/0/default.jpg
la	O	O	O	O	O	O	_	_	_	_	_	_
victoire	O	O	O	O	O	O	_	_	_	_	_	_
complète	O	O	O	O	O	O	_	_	NoSpaceAfter	_	_	_
,	O	O	O	O	O	O	_	_	_	_	_	_
l	O	O	O	O	O	O	_	_	NoSpaceAfter	_	_	_
'	O	O	O	O	O	O	_	_	NoSpaceAfter	_	_	_
Italie	O	O	O	O	O	O	_	_	_	_	_	_
n	O	O	O	O	O	O	_	_	NoSpaceAfter	_	_	_
'	O	O	O	O	O	O	_	_	NoSpaceAfter	_	_	_
aurait	O	O	O	O	O	O	_	_	_	_	_	_
pas	O	O	O	O	O	O	_	_	_	_	_	_
encore	O	O	O	O	O	O	_	_	EndOfLine	_	_	_
# segment_iiif_link = https://impresso-project.ch/api/proxy/iiif/IMP-1919-08-12-a-p0004/62,2628,485,52/full/0/default.jpg
obtenu	O	O	O	O	O	O	_	_	_	_	_	_
sa	O	O	O	O	O	O	_	_	_	_	_	_
pa	O	O	O	O	O	O	_	_	_	_	_	_
'	O	O	O	O	O	O	_	_	NoSpaceAfter	_	_	_
;	O	O	O	O	O	O	_	_	_	_	_	_
-	O	O	O	O	O	O	_	_	NoSpaceAfter	_	_	_
:	O	O	O	O	O	O	_	_	NoSpaceAfter	_	_	_
.	O	O	O	O	O	O	_	_	_	EndOfSentence	_	_
Et	O	O	O	O	O	O	_	_	_	_	_	_
une	O	O	O	O	O	O	_	_	_	_	_	_
autre	O	O	O	O	O	O	_	_	_	_	_	_
prévision	O	O	O	O	O	O	_	_	_	_	_	_
aurait	O	O	O	O	O	O	_	_	EndOfLine	_	_	_
# segment_iiif_link = https://impresso-project.ch/api/proxy/iiif/IMP-1919-08-12-a-p0004/63,2650,481,52/full/0/default.jpg
tété	O	O	O	O	O	O	_	_	_	_	_	_
encore	O	O	O	O	O	O	_	_	_	_	_	_
plus	O	O	O	O	O	O	_	_	_	_	_	_
loin	O	O	O	O	O	O	_	_	_	_	_	_
de	O	O	O	O	O	O	_	_	_	_	_	_
notre	O	O	O	O	O	O	_	_	_	_	_	_
pensée	O	O	O	O	O	O	_	_	NoSpaceAfter	_	_	_
,	O	O	O	O	O	O	_	_	_	_	_	_
à	O	O	O	O	O	O	_	_	_	_	_	_
savoir	O	O	O	O	O	O	_	_	EndOfLine	_	_	_
# segment_iiif_link = https://impresso-project.ch/api/proxy/iiif/IMP-1919-08-12-a-p0004/61,2673,484,52/full/0/default.jpg
,	O	O	O	O	O	O	_	_	_	_	_	_
_	O	O	O	O	O	O	_	_	NoSpaceAfter	_	_	_
Oiue	O	O	O	O	O	O	_	_	_	_	_	_
nous	O	O	O	O	O	O	_	_	_	_	_	_
nous	O	O	O	O	O	O	_	_	_	_	_	_
verrions	O	O	O	O	O	O	_	_	_	_	_	_
disputer	O	O	O	O	O	O	_	_	EndOfLine	_	_	_
# segment_iiif_link = https://impresso-project.ch/api/proxy/iiif/IMP-1919-08-12-a-p0004/62,2694,482,52/full/0/default.jpg
_	O	O	O	O	O	O	_	_	NoSpaceAfter	_	_	_
l	O	O	O	O	O	O	_	_	NoSpaceAfter	_	_	_
'	O	O	O	O	O	O	_	_	NoSpaceAfter	_	_	_
accomplisse	O	O	O	O	O	O	_	_	NoSpaceAfter	_	_	_
-	O	O	O	O	O	O	_	_	NoSpaceAfter	_	_	_
«	O	O	O	O	O	O	_	_	_	_	_	_
nent	O	O	O	O	O	O	_	_	_	_	_	_
de	O	O	O	O	O	O	_	_	_	_	_	_
nos	O	O	O	O	O	O	_	_	_	_	_	_
aspirations	O	O	O	O	O	O	_	_	NoSpaceAfter	_	_	_
)	O	O	O	O	O	O	_	_	_	_	_	_
_	O	O	O	O	O	O	_	_	NoSpaceAfter	_	_	_
nationales	O	O	O	O	O	O	_	_	NoSpaceAfter	_	_	_
.	O	O	O	O	O	O	_	_	_	_	_	_
Les	O	O	O	O	O	O	_	_	EndOfLine	_	_	_
# segment_iiif_link = https://impresso-project.ch/api/proxy/iiif/IMP-1919-08-12-a-p0004/64,2717,479,52/full/0/default.jpg
sacrifices	O	O	O	O	O	O	_	_	_	_	_	_
colossaux	O	O	O	O	O	O	_	_	_	_	_	_
en	O	O	O	O	O	O	_	_	_	_	_	_
sang	O	O	O	O	O	O	_	_	_	_	_	_
et	O	O	O	O	O	O	_	_	_	_	_	_
en	O	O	O	O	O	O	_	_	_	_	_	_
richesses	O	O	O	O	O	O	_	_	_	_	_	_
donnaient	O	O	O	O	O	O	_	_	EndOfLine	_	_	_
# segment_iiif_link = https://impresso-project.ch/api/proxy/iiif/IMP-1919-08-12-a-p0004/71,2739,474,53/full/0/default.jpg
droit	O	O	O	O	O	O	_	_	_	_	_	_
à	O	O	O	O	O	O	_	_	_	_	_	_
l	O	O	O	O	O	O	_	_	NoSpaceAfter	_	_	_
'	O	O	O	O	O	O	_	_	NoSpaceAfter	_	_	_
Italie	O	O	O	O	O	O	_	_	_	_	_	_
à	O	O	O	O	O	O	_	_	_	_	_	_
bien	O	O	O	O	O	O	_	_	_	_	_	_
d	O	O	O	O	O	O	_	_	NoSpaceAfter	_	_	_
'	O	O	O	O	O	O	_	_	NoSpaceAfter	_	_	_
autres	O	O	O	O	O	O	_	_	_	_	_	_
compensations	O	O	O	O	O	O	_	_	_	_	_	_
et	O	O	O	O	O	O	_	_	EndOfLine	_	_	_
# segment_iiif_link = https://impresso-project.ch/api/proxy/iiif/IMP-1919-08-12-a-p0004/61,2761,486,52/full/0/default.jpg
«	O	O	O	O	O	O	_	_	_	_	_	_
une	O	O	O	O	O	O	_	_	_	_	_	_
bien	O	O	O	O	O	O	_	_	_	_	_	_
différente	O	O	O	O	O	O	_	_	_	_	_	_
position	O	O	O	O	O	O	_	_	_	_	_	_
dans	O	O	O	O	O	O	_	_	_	_	_	_
le	O	O	O	O	O	O	_	_	_	_	_	_
monde	O	O	O	O	O	O	_	_	NoSpaceAfter	_	_	_
.	O	O	O	O	O	O	_	_	EndOfLine	_	_	_
# segment_iiif_link = https://impresso-project.ch/api/proxy/iiif/IMP-1919-08-12-a-p0004/64,2782,482,52/full/0/default.jpg
Cependant	O	O	O	O	O	O	_	_	_	_	_	_
l	O	O	O	O	O	O	_	_	NoSpaceAfter	_	_	_
'	O	O	O	O	O	O	_	_	NoSpaceAfter	_	_	_
Italie	O	O	O	O	O	O	_	_	_	_	_	_
fière	O	O	O	O	O	O	_	_	_	_	_	_
de	O	O	O	O	O	O	_	_	_	_	_	_
la	O	O	O	O	O	O	_	_	_	_	_	_
victoire	O	O	O	O	O	O	_	_	_	_	_	_
et	O	O	O	O	O	O	_	_	_	_	_	_
de	O	O	O	O	O	O	_	_	_	_	_	_
la	O	O	O	O	O	O	_	_	EndOfLine	_	_	_
# segment_iiif_link = https://impresso-project.ch/api/proxy/iiif/IMP-1919-08-12-a-p0004/63,2805,479,52/full/0/default.jpg
vaillance	O	O	O	O	O	O	_	_	_	_	_	_
dant	O	O	O	O	O	O	_	_	_	_	_	_
à	O	O	O	O	O	O	_	_	_	_	_	_
fait	O	O	O	O	O	O	_	_	_	_	_	_
preuve	O	O	O	O	O	O	_	_	_	_	_	_
ses	O	O	O	O	O	O	_	_	_	_	_	_
fils	O	O	O	O	O	O	_	_	_	_	_	_
se	O	O	O	O	O	O	_	_	_	_	_	_
tourne	O	O	O	O	O	O	_	_	EndOfLine	_	_	_
# segment_iiif_link = https://impresso-project.ch/api/proxy/iiif/IMP-1919-08-12-a-p0004/63,2826,480,53/full/0/default.jpg
avec	O	O	O	O	O	O	_	_	_	_	_	_
sa	O	O	O	O	O	O	_	_	_	_	_	_
confiance	O	O	O	O	O	O	_	_	_	_	_	_
vers	O	O	O	O	O	O	_	_	_	_	_	_
l	O	O	O	O	O	O	_	_	NoSpaceAfter	_	_	_
'	O	O	O	O	O	O	_	_	NoSpaceAfter	_	_	_
avenir	O	O	O	O	O	O	_	_	NoSpaceAfter	_	_	_
.	O	O	O	O	O	O	_	_	_	_	_	_
L	O	O	O	O	O	O	_	_	NoSpaceAfter	_	_	_
'	O	O	O	O	O	O	_	_	NoSpaceAfter	_	_	_
Italie	O	O	O	O	O	O	_	_	_	_	_	_
ayant	O	O	O	O	O	O	_	_	EndOfLine	_	_	_
# segment_iiif_link = https://impresso-project.ch/api/proxy/iiif/IMP-1919-08-12-a-p0004/66,2848,483,52/full/0/default.jpg
atteint	O	O	O	O	O	O	_	_	_	_	_	_
ses	O	O	O	O	O	O	_	_	_	_	_	_
frontières	O	O	O	O	O	O	_	_	_	_	_	_
naturelles	O	O	O	O	O	O	_	_	_	_	_	_
et	O	O	O	O	O	O	_	_	_	_	_	_
sûre	O	O	O	O	O	O	_	_	_	_	_	_
de	O	O	O	O	O	O	_	_	_	_	_	_
sa	O	O	O	O	O	O	_	_	EndOfLine	_	_	_
# segment_iiif_link = https://impresso-project.ch/api/proxy/iiif/IMP-1919-08-12-a-p0004/66,2871,482,52/full/0/default.jpg
défense	O	O	O	O	O	O	_	_	_	_	_	_
se	O	O	O	O	O	O	_	_	_	_	_	_
consacrera	O	O	O	O	O	O	_	_	_	_	_	_
aux	O	O	O	O	O	O	_	_	_	_	_	_
seules	O	O	O	O	O	O	_	_	_	_	_	_
œuvres	O	O	O	O	O	O	_	_	_	_	_	_
de	O	O	O	O	O	O	_	_	_	_	_	_
paix	O	O	O	O	O	O	_	_	NoSpaceAfter	_	_	_
.	O	O	O	O	O	O	_	_	EndOfLine	_	_	_
# segment_iiif_link = https://impresso-project.ch/api/proxy/iiif/IMP-1919-08-12-a-p0004/603,332,406,82/full/0/default.jpg
_	O	O	O	O	O	O	_	_	NoSpaceAfter	_	_	_
SQn	O	O	O	O	O	O	_	_	NoSpaceAfter	_	_	_
.	O	O	O	O	O	O	_	_	_	_	_	_
Hongrie	O	O	O	O	O	O	_	_	EndOfLine	_	_	_
# segment_iiif_link = https://impresso-project.ch/api/proxy/iiif/IMP-1919-08-12-a-p0004/567,399,473,52/full/0/default.jpg
La	O	O	O	O	O	O	_	_	_	_	_	_
liberté	O	O	O	O	O	O	_	_	_	_	_	_
de	O	O	O	O	O	O	_	_	_	_	_	_
la	O	O	O	O	O	O	_	_	_	_	_	_
presse	O	O	O	O	O	O	_	_	_	_	_	_
supprimée	O	O	O	O	O	O	_	_	_	_	_	_
—	O	O	O	O	O	O	_	_	_	_	_	_
Un	O	O	O	O	O	O	_	_	EndOfLine	_	_	_
# segment_iiif_link = https://impresso-project.ch/api/proxy/iiif/IMP-1919-08-12-a-p0004/716,423,180,52/full/0/default.jpg
délicieux	O	O	O	O	O	O	_	_	_	_	_	_
euphémisme	O	O	O	O	O	O	_	_	EndOfLine	_	_	_
# segment_iiif_link = https://impresso-project.ch/api/proxy/iiif/IMP-1919-08-12-a-p0004/588,454,455,52/full/0/default.jpg
BUDAPEST	O	O	O	O	O	O	_	_	NoSpaceAfter	_	_	_
,	O	O	O	O	O	O	_	_	_	_	_	_
11	O	O	O	O	O	O	_	_	_	_	_	_
août	O	O	O	O	O	O	_	_	NoSpaceAfter	_	_	_
.	O	O	O	O	O	O	_	_	_	_	_	_
—	O	O	O	O	O	O	_	_	_	_	_	_
Le	O	O	O	O	O	O	_	_	EndOfLine	_	_	_
# segment_iiif_link = https://impresso-project.ch/api/proxy/iiif/IMP-1919-08-12-a-p0004/567,475,471,53/full/0/default.jpg
ministre	O	O	O	O	O	O	_	_	NoSpaceAfter	_	_	_
-	O	O	O	O	O	O	_	_	NoSpaceAfter	_	_	_
président	O	O	O	O	O	O	_	_	_	_	_	_
Stephan	O	O	O	O	O	O	_	_	_	_	_	_
Friedrich	O	O	O	O	O	O	_	_	NoSpaceAfter	_	_	_
,	O	O	O	O	O	O	_	_	_	_	_	_
sur	O	O	O	O	O	O	_	_	_	_	_	_
la	O	O	O	O	O	O	_	_	_	_	_	_
proposition	O	O	O	O	O	O	_	_	_	_	_	_
d	O	O	O	O	O	O	_	_	NoSpaceAfter	_	_	_
'	O	O	O	O	O	O	_	_	NoSpaceAfter	_	_	_
un	O	O	O	O	O	O	_	_	EndOfLine	_	_	_
# segment_iiif_link = https://impresso-project.ch/api/proxy/iiif/IMP-1919-08-12-a-p0004/567,498,473,52/full/0/default.jpg
représentant	O	O	O	O	O	O	_	_	_	_	_	_
de	O	O	O	O	O	O	_	_	_	_	_	_
la	O	O	O	O	O	O	_	_	_	_	_	_
Presse	O	O	O	O	O	O	_	_	NoSpaceAfter	_	_	_
,	O	O	O	O	O	O	_	_	_	_	_	_
a	O	O	O	O	O	O	_	_	_	_	_	_
publié	O	O	O	O	O	O	_	_	_	_	_	_
une	O	O	O	O	O	O	_	_	EndOfLine	_	_	_
# segment_iiif_link = https://impresso-project.ch/api/proxy/iiif/IMP-1919-08-12-a-p0004/567,520,475,52/full/0/default.jpg
ordonnance	O	O	O	O	O	O	_	_	_	_	_	_
interdisant	O	O	O	O	O	O	_	_	_	_	_	_
jusqu	O	O	O	O	O	O	_	_	NoSpaceAfter	_	_	_
'	O	O	O	O	O	O	_	_	NoSpaceAfter	_	_	_
à	O	O	O	O	O	O	_	_	_	_	_	_
nouvel	O	O	O	O	O	O	_	_	_	_	_	_
avis	O	O	O	O	O	O	_	_	NoSpaceAfter	_	_	_
,	O	O	O	O	O	O	_	_	_	_	_	_
la	O	O	O	O	O	O	_	_	EndOfLine	_	_	_
# segment_iiif_link = https://impresso-project.ch/api/proxy/iiif/IMP-1919-08-12-a-p0004/566,543,475,52/full/0/default.jpg
publication	O	O	O	O	O	O	_	_	_	_	_	_
de	O	O	O	O	O	O	_	_	_	_	_	_
tous	O	O	O	O	O	O	_	_	_	_	_	_
tes	O	O	O	O	O	O	_	_	_	_	_	_
journaux	O	O	O	O	O	O	_	_	_	_	_	_
quotidiens	O	O	O	O	O	O	_	_	NoSpaceAfter	_	_	_
,	O	O	O	O	O	O	_	_	EndOfLine	_	_	_
# segment_iiif_link = https://impresso-project.ch/api/proxy/iiif/IMP-1919-08-12-a-p0004/566,565,475,52/full/0/default.jpg
hebdomadaires	O	O	O	O	O	O	_	_	NoSpaceAfter	_	_	_
,	O	O	O	O	O	O	_	_	_	_	_	_
revues	O	O	O	O	O	O	_	_	_	_	_	_
périodiques	O	O	O	O	O	O	_	_	NoSpaceAfter	_	_	_
,	O	O	O	O	O	O	_	_	_	_	_	_
prospectus	O	O	O	O	O	O	_	_	NoSpaceAfter	_	_	_
,	O	O	O	O	O	O	_	_	_	_	_	_
etc	O	O	O	O	O	O	_	_	NoSpaceAfter	_	_	_
.	O	O	O	O	O	O	_	_	EndOfLine	_	_	_
# segment_iiif_link = https://impresso-project.ch/api/proxy/iiif/IMP-1919-08-12-a-p0004/566,587,472,53/full/0/default.jpg
Pendant	O	O	O	O	O	O	_	_	_	_	_	_
la	O	O	O	O	O	O	_	_	_	_	_	_
durée	O	O	O	O	O	O	_	_	_	_	_	_
de	O	O	O	O	O	O	_	_	_	_	_	_
cet	O	O	O	O	O	O	_	_	_	_	_	_
état	O	O	O	O	O	O	_	_	_	_	_	_
de	O	O	O	O	O	O	_	_	_	_	_	_
choses	O	O	O	O	O	O	_	_	NoSpaceAfter	_	_	_
,	O	O	O	O	O	O	_	_	_	_	_	_
Ja	O	O	O	O	O	O	_	_	EndOfLine	_	_	_
# segment_iiif_link = https://impresso-project.ch/api/proxy/iiif/IMP-1919-08-12-a-p0004/565,609,473,52/full/0/default.jpg
feuille	O	O	O	O	O	O	_	_	_	_	_	_
officielle	O	O	O	O	O	O	_	_	_	_	_	_
«	O	O	O	O	O	O	_	_	_	_	_	_
Budapesty	O	O	O	O	O	O	_	_	_	_	_	_
_	O	O	O	O	O	O	_	_	NoSpaceAfter	_	_	_
Kcezloeny	O	O	O	O	O	O	_	_	_	_	_	_
»	O	O	O	O	O	O	_	_	_	_	_	_
paraîtra	O	O	O	O	O	O	_	_	EndOfLine	_	_	_
# segment_iiif_link = https://impresso-project.ch/api/proxy/iiif/IMP-1919-08-12-a-p0004/565,631,241,52/full/0/default.jpg
journellement	O	O	O	O	O	O	_	_	_	_	_	_
deux	O	O	O	O	O	O	_	_	_	_	_	_
fois	O	O	O	O	O	O	_	_	NoSpaceAfter	_	_	_
.	O	O	O	O	O	O	_	_	EndOfLine	EndOfSentence	_	_
# segment_iiif_link = https://impresso-project.ch/api/proxy/iiif/IMP-1919-08-12-a-p0004/587,655,452,52/full/0/default.jpg
Dans	O	O	O	O	O	O	_	_	_	_	_	_
la	O	O	O	O	O	O	_	_	_	_	_	_
partie	O	O	O	O	O	O	_	_	_	_	_	_
non	O	O	O	O	O	O	_	_	_	_	_	_
officielle	O	O	O	O	O	O	_	_	NoSpaceAfter	_	_	_
,	O	O	O	O	O	O	_	_	_	_	_	_
te	O	O	O	O	O	O	_	_	_	_	_	_
public	O	O	O	O	O	O	_	_	_	_	_	_
sera	O	O	O	O	O	O	_	_	EndOfLine	_	_	_
# segment_iiif_link = https://impresso-project.ch/api/proxy/iiif/IMP-1919-08-12-a-p0004/567,677,475,52/full/0/default.jpg
renseigné	O	O	O	O	O	O	_	_	_	_	_	_
sur	O	O	O	O	O	O	_	_	_	_	_	_
les	O	O	O	O	O	O	_	_	_	_	_	_
événements	O	O	O	O	O	O	_	_	_	_	_	_
les	O	O	O	O	O	O	_	_	_	_	_	_
plus	O	O	O	O	O	O	_	_	EndOfLine	_	_	_
# segment_iiif_link = https://impresso-project.ch/api/proxy/iiif/IMP-1919-08-12-a-p0004/566,699,351,53/full/0/default.jpg
importants	O	O	O	O	O	O	_	_	NoSpaceAfter	_	_	_
.	O	O	O	O	O	O	_	_	_	EndOfSentence	_	_
Recherche	O	O	O	O	O	O	_	_	_	_	_	_
de	O	O	O	O	O	O	_	_	_	_	_	_
disparus	O	O	O	O	O	O	_	_	EndOfLine	_	_	_
# segment_iiif_link = https://impresso-project.ch/api/proxy/iiif/IMP-1919-08-12-a-p0004/586,753,455,52/full/0/default.jpg
BUDAPEST	O	O	O	O	O	O	_	_	NoSpaceAfter	_	_	_
,	O	O	O	O	O	O	_	_	_	_	_	_
11	O	O	O	O	O	O	_	_	_	_	_	_
août	O	O	O	O	O	O	_	_	NoSpaceAfter	_	_	_
.	O	O	O	O	O	O	_	_	_	EndOfSentence	_	_
—	O	O	O	O	O	O	_	_	_	_	_	_
Le	O	O	O	O	O	O	_	_	_	_	_	_
«	O	O	O	O	O	O	_	_	_	_	_	_
Journal	O	O	O	O	O	O	_	_	_	_	_	_
officiel	O	O	O	O	O	O	_	_	_	_	_	_
»	O	O	O	O	O	O	_	_	EndOfLine	_	_	_
# segment_iiif_link = https://impresso-project.ch/api/proxy/iiif/IMP-1919-08-12-a-p0004/565,774,227,52/full/0/default.jpg
publie	O	O	O	O	O	O	_	_	_	_	_	_
l	O	O	O	O	O	O	_	_	NoSpaceAfter	_	_	_
'	O	O	O	O	O	O	_	_	NoSpaceAfter	_	_	_
appel	O	O	O	O	O	O	_	_	_	_	_	_
suivant	O	O	O	O	O	O	_	_	_	_	_	_
:	O	O	O	O	O	O	_	_	EndOfLine	_	_	_
# segment_iiif_link = https://impresso-project.ch/api/proxy/iiif/IMP-1919-08-12-a-p0004/587,795,456,53/full/0/default.jpg
«	O	O	O	O	O	O	_	_	_	_	_	_
Le	O	O	O	O	O	O	_	_	_	_	_	_
feld	O	O	O	O	O	O	_	_	NoSpaceAfter	_	_	_
-	O	O	O	O	O	O	_	_	NoSpaceAfter	_	_	_
maréchal	O	O	O	O	O	O	_	_	_	_	_	_
de	O	O	O	O	O	O	_	_	_	_	_	_
gendarmerie	O	O	O	O	O	O	_	_	_	_	_	_
et	O	O	O	O	O	O	_	_	_	_	_	_
ancien	O	O	O	O	O	O	_	_	EndOfLine	_	_	_
# segment_iiif_link = https://impresso-project.ch/api/proxy/iiif/IMP-1919-08-12-a-p0004/565,819,478,52/full/0/default.jpg
inspecteur	O	O	O	O	O	O	_	_	_	_	_	_
dé	O	O	O	O	O	O	_	_	_	_	_	_
gendarmerie	O	O	O	O	O	O	_	_	_	_	_	_
Oscar	O	O	O	O	O	O	_	_	_	_	_	_
Ferry	O	O	O	O	O	O	_	_	NoSpaceAfter	_	_	_
,	O	O	O	O	O	O	_	_	_	_	_	_
le	O	O	O	O	O	O	_	_	EndOfLine	_	_	_
# segment_iiif_link = https://impresso-project.ch/api/proxy/iiif/IMP-1919-08-12-a-p0004/565,842,476,52/full/0/default.jpg
tenant	O	O	O	O	O	O	_	_	NoSpaceAfter	_	_	_
-	O	O	O	O	O	O	_	_	NoSpaceAfter	_	_	_
colon	O	O	O	O	O	O	_	_	_	_	_	_
ei	O	O	O	O	O	O	_	_	_	_	_	_
de	O	O	O	O	O	O	_	_	_	_	_	_
gendarmerie	O	O	O	O	O	O	_	_	_	_	_	_
Alexandre	O	O	O	O	O	O	_	_	EndOfLine	_	_	_
# segment_iiif_link = https://impresso-project.ch/api/proxy/iiif/IMP-1919-08-12-a-p0004/566,862,474,52/full/0/default.jpg
Boohy	O	O	O	O	O	O	_	_	_	_	_	_
et	O	O	O	O	O	O	_	_	_	_	_	_
le	O	O	O	O	O	O	_	_	_	_	_	_
lieutenant	O	O	O	O	O	O	_	_	NoSpaceAfter	_	_	_
-	O	O	O	O	O	O	_	_	NoSpaceAfter	_	_	_
colonel	O	O	O	O	O	O	_	_	_	_	_	_
de	O	O	O	O	O	O	_	_	_	_	_	_
gendarmerie	O	O	O	O	O	O	_	_	EndOfLine	_	_	_
# segment_iiif_link = https://impresso-project.ch/api/proxy/iiif/IMP-1919-08-12-a-p0004/565,887,476,52/full/0/default.jpg
MenMne	O	O	O	O	O	O	_	_	_	_	_	_
ont	O	O	O	O	O	O	_	_	_	_	_	_
été	O	O	O	O	O	O	_	_	_	_	_	_
arrêtés	O	O	O	O	O	O	_	_	_	_	_	_
le	O	O	O	O	O	O	_	_	_	_	_	_
12	O	O	O	O	O	O	_	_	_	_	_	_
juin	O	O	O	O	O	O	_	_	_	_	_	_
1919	O	O	O	O	O	O	_	_	_	_	_	_
par	O	O	O	O	O	O	_	_	_	_	_	_
les	O	O	O	O	O	O	_	_	EndOfLine	_	_	_
# segment_iiif_link = https://impresso-project.ch/api/proxy/iiif/IMP-1919-08-12-a-p0004/566,907,473,52/full/0/default.jpg
troupes	O	O	O	O	O	O	_	_	_	_	_	_
terroristes	O	O	O	O	O	O	_	_	_	_	_	_
communistes	O	O	O	O	O	O	_	_	NoSpaceAfter	_	_	_
.	O	O	O	O	O	O	_	_	_	_	_	_
Le	O	O	O	O	O	O	_	_	_	_	_	_
19	O	O	O	O	O	O	_	_	_	_	_	_
juin	O	O	O	O	O	O	_	_	_	_	_	_
ils	O	O	O	O	O	O	_	_	EndOfLine	_	_	_
# segment_iiif_link = https://impresso-project.ch/api/proxy/iiif/IMP-1919-08-12-a-p0004/565,930,407,52/full/0/default.jpg
ont	O	O	O	O	O	O	_	_	_	_	_	_
été	O	O	O	O	O	O	_	_	_	_	_	_
relâchés	O	O	O	O	O	O	_	_	NoSpaceAfter	_	_	_
.	O	O	O	O	O	O	_	_	_	_	_	_
Dès	O	O	O	O	O	O	_	_	_	_	_	_
lors	O	O	O	O	O	O	_	_	_	_	_	_
ils	O	O	O	O	O	O	_	_	_	_	_	_
ont	O	O	O	O	O	O	_	_	_	_	_	_
disparu	O	O	O	O	O	O	_	_	NoSpaceAfter	_	_	_
.	O	O	O	O	O	O	_	_	EndOfLine	_	_	_
# segment_iiif_link = https://impresso-project.ch/api/proxy/iiif/IMP-1919-08-12-a-p0004/586,954,454,52/full/0/default.jpg
Us	O	O	O	O	O	O	_	_	_	_	_	_
ont	O	O	O	O	O	O	_	_	_	_	_	_
dû	O	O	O	O	O	O	_	_	_	_	_	_
être	O	O	O	O	O	O	_	_	_	_	_	_
assassinés	O	O	O	O	O	O	_	_	NoSpaceAfter	_	_	_
,	O	O	O	O	O	O	_	_	_	_	_	_
et	O	O	O	O	O	O	_	_	_	_	_	_
leurs	O	O	O	O	O	O	_	_	_	_	_	_
cadavres	O	O	O	O	O	O	_	_	EndOfLine	_	_	_
# segment_iiif_link = https://impresso-project.ch/api/proxy/iiif/IMP-1919-08-12-a-p0004/566,976,476,52/full/0/default.jpg
ont	O	O	O	O	O	O	_	_	_	_	_	_
dû	O	O	O	O	O	O	_	_	_	_	_	_
être	O	O	O	O	O	O	_	_	_	_	_	_
jetés	O	O	O	O	O	O	_	_	_	_	_	_
dans	O	O	O	O	O	O	_	_	_	_	_	_
le	O	O	O	O	O	O	_	_	_	_	_	_
Danube	O	O	O	O	O	O	_	_	NoSpaceAfter	_	_	_
.	O	O	O	O	O	O	_	_	_	_	_	_
Nous	O	O	O	O	O	O	_	_	_	_	_	_
prions	O	O	O	O	O	O	_	_	EndOfLine	_	_	_
# segment_iiif_link = https://impresso-project.ch/api/proxy/iiif/IMP-1919-08-12-a-p0004/566,998,471,52/full/0/default.jpg
tous	O	O	O	O	O	O	_	_	_	_	_	_
ceux	O	O	O	O	O	O	_	_	_	_	_	_
qui	O	O	O	O	O	O	_	_	_	_	_	_
savent	O	O	O	O	O	O	_	_	_	_	_	_
quelque	O	O	O	O	O	O	_	_	_	_	_	_
chose	O	O	O	O	O	O	_	_	_	_	_	_
de	O	O	O	O	O	O	_	_	_	_	_	_
certain	O	O	O	O	O	O	_	_	EndOfLine	_	_	_
# segment_iiif_link = https://impresso-project.ch/api/proxy/iiif/IMP-1919-08-12-a-p0004/565,1020,476,53/full/0/default.jpg
sur	O	O	O	O	O	O	_	_	_	_	_	_
le	O	O	O	O	O	O	_	_	_	_	_	_
sort	O	O	O	O	O	O	_	_	_	_	_	_
des	O	O	O	O	O	O	_	_	_	_	_	_
sus	O	O	O	O	O	O	_	_	NoSpaceAfter	_	_	_
-	O	O	O	O	O	O	_	_	NoSpaceAfter	_	_	_
nommés	O	O	O	O	O	O	_	_	_	_	_	_
de	O	O	O	O	O	O	_	_	_	_	_	_
bien	O	O	O	O	O	O	_	_	_	_	_	_
vouloir	O	O	O	O	O	O	_	_	EndOfLine	_	_	_
# segment_iiif_link = https://impresso-project.ch/api/proxy/iiif/IMP-1919-08-12-a-p0004/565,1042,473,52/full/0/default.jpg
muniquer	O	O	O	O	O	O	_	_	_	_	_	_
d	O	O	O	O	O	O	_	_	NoSpaceAfter	_	_	_
'	O	O	O	O	O	O	_	_	NoSpaceAfter	_	_	_
urgence	O	O	O	O	O	O	_	_	NoSpaceAfter	_	_	_
,	O	O	O	O	O	O	_	_	_	_	_	_
par	O	O	O	O	O	O	_	_	_	_	_	_
écrit	O	O	O	O	O	O	_	_	_	_	_	_
ou	O	O	O	O	O	O	_	_	_	_	_	_
verbalement	O	O	O	O	O	O	_	_	EndOfLine	_	_	_
# segment_iiif_link = https://impresso-project.ch/api/proxy/iiif/IMP-1919-08-12-a-p0004/565,1064,475,52/full/0/default.jpg
les	O	O	O	O	O	O	_	_	_	_	_	_
renseignements	O	O	O	O	O	O	_	_	_	_	_	_
qu	O	O	O	O	O	O	_	_	NoSpaceAfter	_	_	_
'	O	O	O	O	O	O	_	_	NoSpaceAfter	_	_	_
ils	O	O	O	O	O	O	_	_	_	_	_	_
possèdent	O	O	O	O	O	O	_	_	_	_	_	_
à	O	O	O	O	O	O	_	_	_	_	_	_
la	O	O	O	O	O	O	_	_	EndOfLine	_	_	_
# segment_iiif_link = https://impresso-project.ch/api/proxy/iiif/IMP-1919-08-12-a-p0004/566,1087,474,52/full/0/default.jpg
section	O	O	O	O	O	O	_	_	_	_	_	_
de	O	O	O	O	O	O	_	_	_	_	_	_
gendarmerie	O	O	O	O	O	O	_	_	_	_	_	_
du	O	O	O	O	O	O	_	_	_	_	_	_
ministère	O	O	O	O	O	O	_	_	_	_	_	_
de	O	O	O	O	O	O	_	_	_	_	_	_
l	O	O	O	O	O	O	_	_	NoSpaceAfter	_	_	_
'	O	O	O	O	O	O	_	_	NoSpaceAfter	_	_	_
intérieur	O	O	O	O	O	O	_	_	NoSpaceAfter	_	_	_
.	O	O	O	O	O	O	_	_	_	_	_	_
»	O	O	O	O	O	O	_	_	EndOfLine	_	_	_
# segment_iiif_link = https://impresso-project.ch/api/proxy/iiif/IMP-1919-08-12-a-p0004/652,1119,303,52/full/0/default.jpg
Le	O	O	O	O	O	O	_	_	_	_	_	_
remaniement	O	O	O	O	O	O	_	_	_	_	_	_
du	O	O	O	O	O	O	_	_	_	_	_	_
ministère	O	O	O	O	O	O	_	_	EndOfLine	_	_	_
# segment_iiif_link = https://impresso-project.ch/api/proxy/iiif/IMP-1919-08-12-a-p0004/586,1152,455,52/full/0/default.jpg
BUDAPEST	O	O	O	O	O	O	_	_	NoSpaceAfter	_	_	_
.	O	O	O	O	O	O	_	_	_	EndOfSentence	_	_
12	O	O	O	O	O	O	_	_	_	_	_	_
août	O	O	O	O	O	O	_	_	NoSpaceAfter	_	_	_
.	O	O	O	O	O	O	_	_	_	EndOfSentence	_	_
—	O	O	O	O	O	O	_	_	_	_	_	_
(	O	O	O	O	O	O	_	_	NoSpaceAfter	_	_	_
B	B-org	O	B-org.ent.pressagency.unk	O	O	O	_	_	NoSpaceAfter	_	LED0.00	_
.	O	O	O	O	O	O	_	_	_	_	LED0.00	_
C	I-org	O	I-org.ent.pressagency.unk	O	O	O	_	_	NoSpaceAfter	_	LED0.00	_
.	O	O	O	O	O	O	_	_	_	_	LED0.00	_
H	O	O	O	O	O	O	_	_	NoSpaceAfter	_	LED0.00	_
.	O	O	O	O	O	O	_	_	NoSpaceAfter	_	LED0.00	_
)	O	O	O	O	O	O	_	_	_	_	_	_
—	O	O	O	O	O	O	_	_	_	_	_	_
Lé	O	O	O	O	O	O	_	_	EndOfLine	_	_	_
# segment_iiif_link = https://impresso-project.ch/api/proxy/iiif/IMP-1919-08-12-a-p0004/564,1174,477,52/full/0/default.jpg
secrétaire	O	O	O	O	O	O	_	_	_	_	_	_
d	O	O	O	O	O	O	_	_	NoSpaceAfter	_	_	_
'	O	O	O	O	O	O	_	_	NoSpaceAfter	_	_	_
Etat	O	O	O	O	O	O	_	_	_	_	_	_
Dr	O	O	O	O	O	O	_	_	_	_	_	_
Johann	O	O	O	O	O	O	_	_	_	_	_	_
Szuery	O	O	O	O	O	O	_	_	_	_	_	_
a	O	O	O	O	O	O	_	_	_	_	_	_
été	O	O	O	O	O	O	_	_	_	_	_	_
nommé	O	O	O	O	O	O	_	_	EndOfLine	_	_	_
# segment_iiif_link = https://impresso-project.ch/api/proxy/iiif/IMP-1919-08-12-a-p0004/564,1194,477,52/full/0/default.jpg
ministre	O	O	O	O	O	O	_	_	_	_	_	_
du	O	O	O	O	O	O	_	_	_	_	_	_
commerce	O	O	O	O	O	O	_	_	_	_	_	_
dans	O	O	O	O	O	O	_	_	_	_	_	_
le	O	O	O	O	O	O	_	_	_	_	_	_
cabinet	O	O	O	O	O	O	_	_	_	_	_	_
Friedrich	O	O	O	O	O	O	_	_	NoSpaceAfter	_	_	_
.	O	O	O	O	O	O	_	_	EndOfLine	EndOfSentence	_	_
# segment_iiif_link = https://impresso-project.ch/api/proxy/iiif/IMP-1919-08-12-a-p0004/585,1216,454,52/full/0/default.jpg
Le	O	O	O	O	O	O	_	_	_	_	_	_
Dr	O	O	O	O	O	O	_	_	_	_	_	_
Eugène	O	O	O	O	O	O	_	_	_	_	_	_
Polnay	O	O	O	O	O	O	_	_	NoSpaceAfter	_	_	_
.	O	O	O	O	O	O	_	_	_	EndOfSentence	_	_
directeur	O	O	O	O	O	O	_	_	_	_	_	_
général	O	O	O	O	O	O	_	_	_	_	_	_
de	O	O	O	O	O	O	_	_	_	_	_	_
la	O	O	O	O	O	O	_	_	EndOfLine	_	_	_
# segment_iiif_link = https://impresso-project.ch/api/proxy/iiif/IMP-1919-08-12-a-p0004/564,1235,476,53/full/0/default.jpg
Compagnie	O	O	O	O	O	O	_	_	_	_	_	_
de	O	O	O	O	O	O	_	_	_	_	_	_
navigation	O	O	O	O	O	O	_	_	_	_	_	_
_	O	O	O	O	O	O	_	_	NoSpaceAfter	_	_	_
Atlanticat	O	O	O	O	O	O	_	_	_	_	_	_
et	O	O	O	O	O	O	_	_	_	_	_	_
non	O	O	O	O	O	O	_	_	_	_	_	_
le	O	O	O	O	O	O	_	_	EndOfLine	_	_	_
# segment_iiif_link = https://impresso-project.ch/api/proxy/iiif/IMP-1919-08-12-a-p0004/564,1257,478,52/full/0/default.jpg
secrétaire	O	O	O	O	O	O	_	_	_	_	_	_
d	O	O	O	O	O	O	_	_	NoSpaceAfter	_	_	_
'	O	O	O	O	O	O	_	_	NoSpaceAfter	_	_	_
Etat	O	O	O	O	O	O	_	_	_	_	_	_
Bêla	O	O	O	O	O	O	_	_	_	_	_	_
Terffy	O	O	O	O	O	O	_	_	NoSpaceAfter	_	_	_
,	O	O	O	O	O	O	_	_	_	_	_	_
comme	O	O	O	O	O	O	_	_	_	_	_	_
annoncé	O	O	O	O	O	O	_	_	EndOfLine	_	_	_
# segment_iiif_link = https://impresso-project.ch/api/proxy/iiif/IMP-1919-08-12-a-p0004/564,1278,475,52/full/0/default.jpg
à	O	O	O	O	O	O	_	_	_	_	_	_
l	O	O	O	O	O	O	_	_	NoSpaceAfter	_	_	_
'	O	O	O	O	O	O	_	_	NoSpaceAfter	_	_	_
origine	O	O	O	O	O	O	_	_	NoSpaceAfter	_	_	_
,	O	O	O	O	O	O	_	_	_	_	_	_
a	O	O	O	O	O	O	_	_	_	_	_	_
été	O	O	O	O	O	O	_	_	_	_	_	_
nommé	O	O	O	O	O	O	_	_	_	_	_	_
ministre	O	O	O	O	O	O	_	_	_	_	_	_
de	O	O	O	O	O	O	_	_	_	_	_	_
l	O	O	O	O	O	O	_	_	NoSpaceAfter	_	_	_
'	O	O	O	O	O	O	_	_	EndOfLine|NoSpaceAfter	_	_	_
# segment_iiif_link = https://impresso-project.ch/api/proxy/iiif/IMP-1919-08-12-a-p0004/564,1300,307,52/full/0/default.jpg
alimentation	O	O	O	O	O	O	_	_	_	_	_	_
dans	O	O	O	O	O	O	_	_	_	_	_	_
îe	O	O	O	O	O	O	_	_	_	_	_	_
cabinet	O	O	O	O	O	O	_	_	_	_	_	_
Friedrich	O	O	O	O	O	O	_	_	NoSpaceAfter	_	_	_
.	O	O	O	O	O	O	_	_	EndOfLine	EndOfSentence	_	_
# segment_iiif_link = https://impresso-project.ch/api/proxy/iiif/IMP-1919-08-12-a-p0004/628,1330,354,52/full/0/default.jpg
Contre	O	O	O	O	O	O	_	_	_	_	_	_
le	O	O	O	O	O	O	_	_	_	_	_	_
revirement	O	O	O	O	O	O	_	_	_	_	_	_
monarchique	O	O	O	O	O	O	_	_	EndOfLine	_	_	_
# segment_iiif_link = https://impresso-project.ch/api/proxy/iiif/IMP-1919-08-12-a-p0004/585,1361,453,52/full/0/default.jpg
PRAGUE	O	O	O	O	O	O	_	_	NoSpaceAfter	_	_	_
,	O	O	O	O	O	O	_	_	_	_	_	_
12	O	O	O	O	O	O	_	_	_	_	_	_
août	O	O	O	O	O	O	_	_	NoSpaceAfter	_	_	_
.	O	O	O	O	O	O	_	_	_	EndOfSentence	_	_
—	O	O	O	O	O	O	_	_	_	_	_	_
(	O	O	O	O	O	O	_	_	NoSpaceAfter	_	_	_
B	B-org	O	B-org.ent.pressagency.unk	O	O	O	_	_	NoSpaceAfter	_	LED0.00	_
.	O	O	O	O	O	O	_	_	_	_	LED0.00	_
P	I-org	O	I-org.ent.pressagency.AFP	O	O	O	_	_	NoSpaceAfter	_	LED0.00	_
.	O	O	O	O	O	O	_	_	_	_	LED0.00	_
Tchèque	O	O	O	O	O	O	_	_	NoSpaceAfter	_	LED0.00	_
.	O	O	O	O	O	O	_	_	NoSpaceAfter	_	_	_
)	O	O	O	O	O	O	_	_	_	_	_	_
—	O	O	O	O	O	O	_	_	EndOfLine	_	_	_
# segment_iiif_link = https://impresso-project.ch/api/proxy/iiif/IMP-1919-08-12-a-p0004/563,1382,479,52/full/0/default.jpg
L	O	O	O	O	O	O	_	_	NoSpaceAfter	_	_	_
'	O	O	O	O	O	O	_	_	NoSpaceAfter	_	_	_
assemblée	O	O	O	O	O	O	_	_	_	_	_	_
populaire	O	O	O	O	O	O	_	_	_	_	_	_
socialiste	O	O	O	O	O	O	_	_	_	_	_	_
contre	O	O	O	O	O	O	_	_	_	_	_	_
le	O	O	O	O	O	O	_	_	EndOfLine	_	_	_
# segment_iiif_link = https://impresso-project.ch/api/proxy/iiif/IMP-1919-08-12-a-p0004/564,1403,475,53/full/0/default.jpg
revirement	B-org	O	B-org.ent.pressagency.Reuters	O	O	O	_	_	_	_	_	_
monarchique	O	O	O	O	O	O	_	_	_	_	_	_
en	O	O	O	O	O	O	_	_	_	_	_	_
Hongrie	O	O	O	O	O	O	_	_	NoSpaceAfter	_	_	_
,	O	O	O	O	O	O	_	_	_	_	_	_
qui	O	O	O	O	O	O	_	_	_	_	_	_
ai	O	O	O	O	O	O	_	_	_	_	_	_
eu	O	O	O	O	O	O	_	_	_	_	_	_
lieu	O	O	O	O	O	O	_	_	EndOfLine	_	_	_
# segment_iiif_link = https://impresso-project.ch/api/proxy/iiif/IMP-1919-08-12-a-p0004/564,1424,475,52/full/0/default.jpg
dimanche	O	O	O	O	O	O	_	_	NoSpaceAfter	_	_	_
,	O	O	O	O	O	O	_	_	_	_	_	_
a	O	O	O	O	O	O	_	_	_	_	_	_
réuni	O	O	O	O	O	O	_	_	_	_	_	_
une	O	O	O	O	O	O	_	_	_	_	_	_
foule	O	O	O	O	O	O	_	_	_	_	_	_
nombreuse	O	O	O	O	O	O	_	_	NoSpaceAfter	_	_	_
.	O	O	O	O	O	O	_	_	_	EndOfSentence	_	_
Elle	O	O	O	O	O	O	_	_	_	_	_	_
a	O	O	O	O	O	O	_	_	EndOfLine	_	_	_
# segment_iiif_link = https://impresso-project.ch/api/proxy/iiif/IMP-1919-08-12-a-p0004/564,1444,477,53/full/0/default.jpg
adopté	O	O	O	O	O	O	_	_	_	_	_	_
une	O	O	O	O	O	O	_	_	_	_	_	_
résolution	O	O	O	O	O	O	_	_	_	_	_	_
exprimant	O	O	O	O	O	O	_	_	_	_	_	_
les	O	O	O	O	O	O	_	_	_	_	_	_
sentiment	O	O	O	O	O	O	_	_	_	_	_	_
_	O	O	O	O	O	O	_	_	NoSpaceAfter	_	_	_
^	O	O	O	O	O	O	_	_	EndOfLine	_	_	_
# segment_iiif_link = https://impresso-project.ch/api/proxy/iiif/IMP-1919-08-12-a-p0004/564,1466,475,52/full/0/default.jpg
inébranlablement	O	O	O	O	O	O	_	_	_	_	_	_
républicains	O	O	O	O	O	O	_	_	_	_	_	_
du	O	O	O	O	O	O	_	_	_	_	_	_
peuple	O	O	O	O	O	O	_	_	_	_	_	_
tchèque	O	O	O	O	O	O	_	_	EndOfLine	_	_	_
# segment_iiif_link = https://impresso-project.ch/api/proxy/iiif/IMP-1919-08-12-a-p0004/564,1487,479,52/full/0/default.jpg
et	O	O	O	O	O	O	_	_	_	_	_	_
la	O	O	O	O	O	O	_	_	_	_	_	_
ferme	O	O	O	O	O	O	_	_	_	_	_	_
volonté	O	O	O	O	O	O	_	_	_	_	_	_
d	O	O	O	O	O	O	_	_	_	_	_	_
©	O	O	O	O	O	O	_	_	_	_	_	_
s	O	O	O	O	O	O	_	_	NoSpaceAfter	_	_	_
'	O	O	O	O	O	O	_	_	NoSpaceAfter	_	_	_
opposer	O	O	O	O	O	O	_	_	_	_	_	_
à	O	O	O	O	O	O	_	_	_	_	_	_
toute	O	O	O	O	O	O	_	_	EndOfLine	_	_	_
# segment_iiif_link = https://impresso-project.ch/api/proxy/iiif/IMP-1919-08-12-a-p0004/563,1507,477,53/full/0/default.jpg
tentative	O	O	O	O	O	O	_	_	_	_	_	_
réactionnaire	O	O	O	O	O	O	_	_	_	_	_	_
pour	O	O	O	O	O	O	_	_	_	_	_	_
modifier	O	O	O	O	O	O	_	_	_	_	_	_
la	O	O	O	O	O	O	_	_	_	_	_	_
forme	O	O	O	O	O	O	_	_	_	_	_	_
de	O	O	O	O	O	O	_	_	EndOfLine	_	_	_
# segment_iiif_link = https://impresso-project.ch/api/proxy/iiif/IMP-1919-08-12-a-p0004/564,1528,476,52/full/0/default.jpg
l	O	O	O	O	O	O	_	_	NoSpaceAfter	_	_	_
'	O	O	O	O	O	O	_	_	NoSpaceAfter	_	_	_
Etat	O	O	O	O	O	O	_	_	NoSpaceAfter	_	_	_
.	O	O	O	O	O	O	_	_	_	EndOfSentence	_	_
La	O	O	O	O	O	O	_	_	_	_	_	_
résolution	O	O	O	O	O	O	_	_	_	_	_	_
salue	O	O	O	O	O	O	_	_	_	_	_	_
la	O	O	O	O	O	O	_	_	_	_	_	_
conférence	O	O	O	O	O	O	_	_	_	_	_	_
de	O	O	O	O	O	O	_	_	_	_	_	_
Lucerne	O	O	O	O	O	O	_	_	EndOfLine	_	_	_
# segment_iiif_link = https://impresso-project.ch/api/proxy/iiif/IMP-1919-08-12-a-p0004/564,1550,476,52/full/0/default.jpg
et	O	O	O	O	O	O	_	_	_	_	_	_
le	O	O	O	O	O	O	_	_	_	_	_	_
rétablissement	O	O	O	O	O	O	_	_	_	_	_	_
de	O	O	O	O	O	O	_	_	_	_	_	_
l	O	O	O	O	O	O	_	_	NoSpaceAfter	_	_	_
'	O	O	O	O	O	O	_	_	NoSpaceAfter	_	_	_
Internationale	O	O	O	O	O	O	_	_	_	_	_	_
et	O	O	O	O	O	O	_	_	EndOfLine	_	_	_
# segment_iiif_link = https://impresso-project.ch/api/proxy/iiif/IMP-1919-08-12-a-p0004/563,1572,479,52/full/0/default.jpg
exprime	O	O	O	O	O	O	_	_	_	_	_	_
sa	O	O	O	O	O	O	_	_	_	_	_	_
pleine	O	O	O	O	O	O	_	_	_	_	_	_
confiance	O	O	O	O	O	O	_	_	_	_	_	_
au	O	O	O	O	O	O	_	_	_	_	_	_
gouvernement	O	O	O	O	O	O	_	_	_	_	_	_
Tusar	O	O	O	O	O	O	_	_	NoSpaceAfter	_	_	_
.	O	O	O	O	O	O	_	_	EndOfLine	EndOfSentence	_	_
# segment_iiif_link = https://impresso-project.ch/api/proxy/iiif/IMP-1919-08-12-a-p0004/644,1613,315,71/full/0/default.jpg
Ceux	O	O	O	O	O	O	_	_	_	_	_	_
qui	O	O	O	O	O	O	_	_	_	_	_	_
se	O	O	O	O	O	O	_	_	_	_	_	_
battent	O	O	O	O	O	O	_	_	_	_	_	_
encore	O	O	O	O	O	O	_	_	EndOfLine	_	_	_
# segment_iiif_link = https://impresso-project.ch/api/proxy/iiif/IMP-1919-08-12-a-p0004/638,1670,331,52/full/0/default.jpg
La	O	O	O	O	O	O	_	_	_	_	_	_
lutte	O	O	O	O	O	O	_	_	_	_	_	_
contre	O	O	O	O	O	O	_	_	_	_	_	_
les	O	O	O	O	O	O	_	_	_	_	_	_
bolchévistes	O	O	O	O	O	O	_	_	EndOfLine	_	_	_
# segment_iiif_link = https://impresso-project.ch/api/proxy/iiif/IMP-1919-08-12-a-p0004/579,1702,459,47/full/0/default.jpg
LONDRES	O	O	O	O	O	O	_	_	NoSpaceAfter	_	_	_
,	O	O	O	O	O	O	_	_	_	_	_	_
12	O	O	O	O	O	O	_	_	_	_	_	_
août	O	O	O	O	O	O	_	_	_	_	_	_
—	O	O	O	O	O	O	_	_	_	_	_	_
(	O	O	O	O	O	O	_	_	NoSpaceAfter	_	_	_
Havas	B-org	O	B-org.ent.pressagency.Havas	O	O	O	Q2826560	_	NoSpaceAfter	_	LED0.00	_
)	O	O	O	O	O	O	_	_	NoSpaceAfter	_	_	_
.	O	O	O	O	O	O	_	_	_	EndOfSentence	_	_
—	O	O	O	O	O	O	_	_	_	_	_	_
Communiqué	O	O	O	O	O	O	_	_	EndOfLine	_	_	_
# segment_iiif_link = https://impresso-project.ch/api/proxy/iiif/IMP-1919-08-12-a-p0004/563,1724,477,46/full/0/default.jpg
officiel	O	O	O	O	O	O	_	_	NoSpaceAfter	_	_	_
.	O	O	O	O	O	O	_	_	_	EndOfSentence	_	_
—	O	O	O	O	O	O	_	_	_	_	_	_
te	O	O	O	O	O	O	_	_	_	_	_	_
long	O	O	O	O	O	O	_	_	_	_	_	_
de	O	O	O	O	O	O	_	_	_	_	_	_
la	O	O	O	O	O	O	_	_	_	_	_	_
côte	O	O	O	O	O	O	_	_	_	_	_	_
de	O	O	O	O	O	O	_	_	_	_	_	_
la	O	O	O	O	O	O	_	_	_	_	_	_
Mer	O	O	O	O	O	O	_	_	_	_	_	_
Caspienne	O	O	O	O	O	O	_	_	_	_	_	_
1	O	O	O	O	O	O	_	_	NoSpaceAfter	_	_	_
,	O	O	O	O	O	O	_	_	EndOfLine	_	_	_
# segment_iiif_link = https://impresso-project.ch/api/proxy/iiif/IMP-1919-08-12-a-p0004/563,1746,475,46/full/0/default.jpg
l	O	O	O	O	O	O	_	_	NoSpaceAfter	_	_	_
'	O	O	O	O	O	O	_	_	NoSpaceAfter	_	_	_
aile	O	O	O	O	O	O	_	_	_	_	_	_
droite	O	O	O	O	O	O	_	_	_	_	_	_
de	O	O	O	O	O	O	_	_	_	_	_	_
l	O	O	O	O	O	O	_	_	NoSpaceAfter	_	_	_
'	O	O	O	O	O	O	_	_	NoSpaceAfter	_	_	_
armée	O	O	O	O	O	O	_	_	_	_	_	_
des	O	O	O	O	O	O	_	_	_	_	_	_
révolutionnaires	O	O	O	O	O	O	_	_	_	_	_	_
a	O	O	O	O	O	O	_	_	EndOfLine	_	_	_
# segment_iiif_link = https://impresso-project.ch/api/proxy/iiif/IMP-1919-08-12-a-p0004/564,1765,300,47/full/0/default.jpg
regagné	O	O	O	O	O	O	_	_	_	_	_	_
le	O	O	O	O	O	O	_	_	_	_	_	_
terrain	O	O	O	O	O	O	_	_	_	_	_	_
perdu	O	O	O	O	O	O	_	_	_	_	_	_
récemment	O	O	O	O	O	O	_	_	NoSpaceAfter	_	_	_
.	O	O	O	O	O	O	_	_	EndOfLine	EndOfSentence	_	_
# segment_iiif_link = https://impresso-project.ch/api/proxy/iiif/IMP-1919-08-12-a-p0004/579,1788,461,46/full/0/default.jpg
Sur	O	O	O	O	O	O	_	_	_	_	_	_
le	O	O	O	O	O	O	_	_	_	_	_	_
front	O	O	O	O	O	O	_	_	_	_	_	_
du	O	O	O	O	O	O	_	_	_	_	_	_
Volga	O	O	O	O	O	O	_	_	NoSpaceAfter	_	_	_
,	O	O	O	O	O	O	_	_	_	_	_	_
à	O	O	O	O	O	O	_	_	_	_	_	_
l	O	O	O	O	O	O	_	_	NoSpaceAfter	_	_	_
'	O	O	O	O	O	O	_	_	NoSpaceAfter	_	_	_
ouest	O	O	O	O	O	O	_	_	_	_	_	_
du	O	O	O	O	O	O	_	_	_	_	_	_
Volga	O	O	O	O	O	O	_	_	NoSpaceAfter	_	_	_
,	O	O	O	O	O	O	_	_	_	_	_	_
les	O	O	O	O	O	O	_	_	EndOfLine	_	_	_
# segment_iiif_link = https://impresso-project.ch/api/proxy/iiif/IMP-1919-08-12-a-p0004/564,1808,475,47/full/0/default.jpg
_	O	O	O	O	O	O	_	_	NoSpaceAfter	_	_	_
YOlontalres	O	O	O	O	O	O	_	_	_	_	_	_
_	O	O	O	O	O	O	_	_	NoSpaceAfter	_	_	_
comiplètent	O	O	O	O	O	O	_	_	_	_	_	_
avec	O	O	O	O	O	O	_	_	_	_	_	_
«	O	O	O	O	O	O	_	_	_	_	_	_
uccès	O	O	O	O	O	O	_	_	_	_	_	_
l	O	O	O	O	O	O	_	_	NoSpaceAfter	_	_	_
'	O	O	O	O	O	O	_	_	NoSpaceAfter	_	_	_
occupation	O	O	O	O	O	O	_	_	_	_	_	_
des	O	O	O	O	O	O	_	_	EndOfLine	_	_	_
# segment_iiif_link = https://impresso-project.ch/api/proxy/iiif/IMP-1919-08-12-a-p0004/564,1829,477,47/full/0/default.jpg
chemins	O	O	O	O	O	O	_	_	_	_	_	_
de	O	O	O	O	O	O	_	_	_	_	_	_
fer	O	O	O	O	O	O	_	_	_	_	_	_
de	O	O	O	O	O	O	_	_	_	_	_	_
Kamishln	O	O	O	O	O	O	_	_	_	_	_	_
et	O	O	O	O	O	O	_	_	_	_	_	_
de	O	O	O	O	O	O	_	_	_	_	_	_
Balashov	O	O	O	O	O	O	_	_	NoSpaceAfter	_	_	_
.	O	O	O	O	O	O	_	_	_	_	_	_
Des	O	O	O	O	O	O	_	_	EndOfLine	_	_	_
# segment_iiif_link = https://impresso-project.ch/api/proxy/iiif/IMP-1919-08-12-a-p0004/563,1851,477,46/full/0/default.jpg
contre	O	O	O	O	O	O	_	_	NoSpaceAfter	_	_	_
-	O	O	O	O	O	O	_	_	NoSpaceAfter	_	_	_
attaques	O	O	O	O	O	O	_	_	_	_	_	_
des	O	O	O	O	O	O	_	_	_	_	_	_
bolchévistes	O	O	O	O	O	O	_	_	_	_	_	_
contre	O	O	O	O	O	O	_	_	_	_	_	_
ces	O	O	O	O	O	O	_	_	_	_	_	_
chemins	O	O	O	O	O	O	_	_	EndOfLine	_	_	_
# segment_iiif_link = https://impresso-project.ch/api/proxy/iiif/IMP-1919-08-12-a-p0004/564,1872,475,47/full/0/default.jpg
de	O	O	O	O	O	O	_	_	_	_	_	_
ter	O	O	O	O	O	O	_	_	_	_	_	_
leur	O	O	O	O	O	O	_	_	_	_	_	_
ont	O	O	O	O	O	O	_	_	_	_	_	_
valu	O	O	O	O	O	O	_	_	_	_	_	_
toutefois	O	O	O	O	O	O	_	_	_	_	_	_
un	O	O	O	O	O	O	_	_	_	_	_	_
gain	O	O	O	O	O	O	_	_	_	_	_	_
de	O	O	O	O	O	O	_	_	_	_	_	_
terrain	O	O	O	O	O	O	_	_	EndOfLine	_	_	_
# segment_iiif_link = https://impresso-project.ch/api/proxy/iiif/IMP-1919-08-12-a-p0004/563,1894,132,46/full/0/default.jpg
près	O	O	O	O	O	O	_	_	_	_	_	_
de	O	O	O	O	O	O	_	_	_	_	_	_
Yelai	O	O	O	O	O	O	_	_	_	_	_	_
»	O	O	O	O	O	O	_	_	NoSpaceAfter	_	_	_
.	O	O	O	O	O	O	_	_	EndOfLine	EndOfSentence	_	_
# segment_iiif_link = https://impresso-project.ch/api/proxy/iiif/IMP-1919-08-12-a-p0004/578,1915,460,46/full/0/default.jpg
Sur	O	O	O	O	O	O	_	_	_	_	_	_
le	O	O	O	O	O	O	_	_	_	_	_	_
front	O	O	O	O	O	O	_	_	_	_	_	_
du	O	O	O	O	O	O	_	_	_	_	_	_
Dniester	O	O	O	O	O	O	_	_	NoSpaceAfter	_	_	_
,	O	O	O	O	O	O	_	_	_	_	_	_
les	O	O	O	O	O	O	_	_	_	_	_	_
volontaires	O	O	O	O	O	O	_	_	_	_	_	_
ont	O	O	O	O	O	O	_	_	EndOfLine	_	_	_
# segment_iiif_link = https://impresso-project.ch/api/proxy/iiif/IMP-1919-08-12-a-p0004/562,1937,475,46/full/0/default.jpg
occupé	O	O	O	O	O	O	_	_	_	_	_	_
la	O	O	O	O	O	O	_	_	_	_	_	_
ville	O	O	O	O	O	O	_	_	_	_	_	_
d	O	O	O	O	O	O	_	_	NoSpaceAfter	_	_	_
'	O	O	O	O	O	O	_	_	NoSpaceAfter	_	_	_
Oshakov	O	O	O	O	O	O	_	_	NoSpaceAfter	_	_	_
,	O	O	O	O	O	O	_	_	_	_	_	_
à	O	O	O	O	O	O	_	_	_	_	_	_
46	O	O	O	O	O	O	_	_	_	_	_	_
milles	O	O	O	O	O	O	_	_	_	_	_	_
à	O	O	O	O	O	O	_	_	_	_	_	_
l	O	O	O	O	O	O	_	_	NoSpaceAfter	_	_	_
'	O	O	O	O	O	O	_	_	NoSpaceAfter	_	_	_
ouest	O	O	O	O	O	O	_	_	EndOfLine	_	_	_
# segment_iiif_link = https://impresso-project.ch/api/proxy/iiif/IMP-1919-08-12-a-p0004/563,1959,68,46/full/0/default.jpg
d	O	O	O	O	O	O	_	_	NoSpaceAfter	_	_	_
'	O	O	O	O	O	O	_	_	NoSpaceAfter	_	_	_
Odessa	O	O	O	O	O	O	_	_	NoSpaceAfter	_	_	_
.	O	O	O	O	O	O	_	_	NoSpaceAfter	EndOfSentence	_	_
'	O	O	O	O	O	O	_	_	EndOfLine|NoSpaceAfter	_	_	_
# segment_iiif_link = https://impresso-project.ch/api/proxy/iiif/IMP-1919-08-12-a-p0004/579,1980,461,46/full/0/default.jpg
Les	O	O	O	O	O	O	_	_	_	_	_	_
Bolchévistes	O	O	O	O	O	O	_	_	_	_	_	_
ne	O	O	O	O	O	O	_	_	_	_	_	_
_	O	O	O	O	O	O	_	_	NoSpaceAfter	_	_	_
possèdent	O	O	O	O	O	O	_	_	_	_	_	_
plus	O	O	O	O	O	O	_	_	_	_	_	_
1	O	O	O	O	O	O	_	_	_	_	_	_
que	O	O	O	O	O	O	_	_	_	_	_	_
59	O	O	O	O	O	O	_	_	_	_	_	_
milles	O	O	O	O	O	O	_	_	EndOfLine	_	_	_
# segment_iiif_link = https://impresso-project.ch/api/proxy/iiif/IMP-1919-08-12-a-p0004/563,2003,341,46/full/0/default.jpg
environ	O	O	O	O	O	O	_	_	_	_	_	_
de	O	O	O	O	O	O	_	_	_	_	_	_
la	O	O	O	O	O	O	_	_	_	_	_	_
côte	O	O	O	O	O	O	_	_	_	_	_	_
de	O	O	O	O	O	O	_	_	_	_	_	_
la	O	O	O	O	O	O	_	_	_	_	_	_
Mer	O	O	O	O	O	O	_	_	_	_	_	_
Noire	O	O	O	O	O	O	_	_	NoSpaceAfter	_	_	_
.	O	O	O	O	O	O	_	_	EndOfLine	EndOfSentence	_	_
# segment_iiif_link = https://impresso-project.ch/api/proxy/iiif/IMP-1919-08-12-a-p0004/646,2044,310,52/full/0/default.jpg
Le	O	O	O	O	O	O	_	_	_	_	_	_
traité	O	O	O	O	O	O	_	_	_	_	_	_
dé	O	O	O	O	O	O	_	_	_	_	_	_
paix	O	O	O	O	O	O	_	_	_	_	_	_
et	O	O	O	O	O	O	_	_	_	_	_	_
l	O	O	O	O	O	O	_	_	NoSpaceAfter	_	_	_
'	O	O	O	O	O	O	_	_	NoSpaceAfter	_	_	_
Amérique	O	O	O	O	O	O	_	_	EndOfLine	_	_	_
# segment_iiif_link = https://impresso-project.ch/api/proxy/iiif/IMP-1919-08-12-a-p0004/577,2076,463,46/full/0/default.jpg
NEW	O	O	O	O	O	O	_	_	NoSpaceAfter	_	_	_
-	O	O	O	O	O	O	_	_	NoSpaceAfter	_	_	_
YORK	O	O	O	O	O	O	_	_	NoSpaceAfter	_	_	_
,	O	O	O	O	O	O	_	_	_	_	_	_
12	O	O	O	O	O	O	_	_	_	_	_	_
août	O	O	O	O	O	O	_	_	_	_	_	_
(	O	O	O	O	O	O	_	_	NoSpaceAfter	_	_	_
Haras	O	O	O	O	O	O	Q2826560	_	NoSpaceAfter	_	Transcript:Havas|LED0.20	_
)	O	O	O	O	O	O	_	_	NoSpaceAfter	_	_	_
.	O	O	O	O	O	O	_	_	_	EndOfSentence	_	_
—	O	O	O	O	O	O	_	_	_	_	_	_
Le	O	O	O	O	O	O	_	_	_	_	_	_
correspondant	O	O	O	O	O	O	_	_	EndOfLine	_	_	_
# segment_iiif_link = https://impresso-project.ch/api/proxy/iiif/IMP-1919-08-12-a-p0004/563,2097,474,46/full/0/default.jpg
du	O	O	O	O	O	O	_	_	_	_	_	_
«	O	O	O	O	O	O	_	_	_	_	_	_
World	O	O	O	O	O	O	_	_	_	_	_	_
»	O	O	O	O	O	O	_	_	_	_	_	_
dit	O	O	O	O	O	O	_	_	_	_	_	_
que	O	O	O	O	O	O	_	_	_	_	_	_
les	O	O	O	O	O	O	_	_	_	_	_	_
républicains	O	O	O	O	O	O	_	_	_	_	_	_
et	O	O	O	O	O	O	_	_	_	_	_	_
les	O	O	O	O	O	O	_	_	EndOfLine	_	_	_
# segment_iiif_link = https://impresso-project.ch/api/proxy/iiif/IMP-1919-08-12-a-p0004/563,2119,475,46/full/0/default.jpg
démocrates	O	O	O	O	O	O	_	_	_	_	_	_
sont	O	O	O	O	O	O	_	_	_	_	_	_
en	O	O	O	O	O	O	_	_	_	_	_	_
train	O	O	O	O	O	O	_	_	_	_	_	_
d	O	O	O	O	O	O	_	_	_	_	_	_
_	O	O	O	O	O	O	_	_	NoSpaceAfter	_	_	_
©	O	O	O	O	O	O	_	_	_	_	_	_
s	O	O	O	O	O	O	_	_	NoSpaceAfter	_	_	_
'	O	O	O	O	O	O	_	_	NoSpaceAfter	_	_	_
accorder	O	O	O	O	O	O	_	_	_	_	_	_
pour	O	O	O	O	O	O	_	_	_	_	_	_
arriver	O	O	O	O	O	O	_	_	_	_	_	_
à	O	O	O	O	O	O	_	_	_	_	_	_
un	O	O	O	O	O	O	_	_	EndOfLine	_	_	_
# segment_iiif_link = https://impresso-project.ch/api/proxy/iiif/IMP-1919-08-12-a-p0004/563,2140,474,46/full/0/default.jpg
règlement	O	O	O	O	O	O	_	_	_	_	_	_
rapide	O	O	O	O	O	O	_	_	_	_	_	_
de	O	O	O	O	O	O	_	_	_	_	_	_
la	O	O	O	O	O	O	_	_	_	_	_	_
question	O	O	O	O	O	O	_	_	_	_	_	_
du	O	O	O	O	O	O	_	_	_	_	_	_
traité	O	O	O	O	O	O	_	_	_	_	_	_
de	O	O	O	O	O	O	_	_	_	_	_	_
paix	O	O	O	O	O	O	_	_	EndOfLine	_	_	_
# segment_iiif_link = https://impresso-project.ch/api/proxy/iiif/IMP-1919-08-12-a-p0004/563,2162,476,46/full/0/default.jpg
par	O	O	O	O	O	O	_	_	_	_	_	_
l	O	O	O	O	O	O	_	_	NoSpaceAfter	_	_	_
'	O	O	O	O	O	O	_	_	NoSpaceAfter	_	_	_
examen	O	O	O	O	O	O	_	_	_	_	_	_
d	O	O	O	O	O	O	_	_	NoSpaceAfter	_	_	_
'	O	O	O	O	O	O	_	_	NoSpaceAfter	_	_	_
un	O	O	O	O	O	O	_	_	_	_	_	_
programme	O	O	O	O	O	O	_	_	_	_	_	_
convenant	O	O	O	O	O	O	_	_	_	_	_	_
aux	O	O	O	O	O	O	_	_	EndOfLine	_	_	_
# segment_iiif_link = https://impresso-project.ch/api/proxy/iiif/IMP-1919-08-12-a-p0004/564,2183,476,46/full/0/default.jpg
républicains	O	O	O	O	O	O	_	_	NoSpaceAfter	_	_	_
,	O	O	O	O	O	O	_	_	_	_	_	_
acceptable	O	O	O	O	O	O	_	_	_	_	_	_
pour	O	O	O	O	O	O	_	_	_	_	_	_
les	O	O	O	O	O	O	_	_	_	_	_	_
démocrates	O	O	O	O	O	O	_	_	_	_	_	_
et	O	O	O	O	O	O	_	_	_	_	_	_
ne	O	O	O	O	O	O	_	_	EndOfLine	_	_	_
# segment_iiif_link = https://impresso-project.ch/api/proxy/iiif/IMP-1919-08-12-a-p0004/563,2204,476,46/full/0/default.jpg
soulevant	O	O	O	O	O	O	_	_	_	_	_	_
pas	O	O	O	O	O	O	_	_	_	_	_	_
d	O	O	O	O	O	O	_	_	NoSpaceAfter	_	_	_
'	O	O	O	O	O	O	_	_	NoSpaceAfter	_	_	_
objections	O	O	O	O	O	O	_	_	_	_	_	_
des	O	O	O	O	O	O	_	_	_	_	_	_
autres	O	O	O	O	O	O	_	_	_	_	_	_
nations	O	O	O	O	O	O	_	_	EndOfLine	_	_	_
# segment_iiif_link = https://impresso-project.ch/api/proxy/iiif/IMP-1919-08-12-a-p0004/563,2226,476,46/full/0/default.jpg
signataires	O	O	O	O	O	O	_	_	NoSpaceAfter	_	_	_
.	O	O	O	O	O	O	_	_	_	EndOfSentence	_	_
Le	O	O	O	O	O	O	_	_	_	_	_	_
président	O	O	O	O	O	O	_	_	_	_	_	_
Wilson	O	O	O	O	O	O	_	_	_	_	_	_
n	O	O	O	O	O	O	_	_	NoSpaceAfter	_	_	_
'	O	O	O	O	O	O	_	_	NoSpaceAfter	_	_	_
a	O	O	O	O	O	O	_	_	_	_	_	_
pas	O	O	O	O	O	O	_	_	_	_	_	_
encore	O	O	O	O	O	O	_	_	_	_	_	_
participé	O	O	O	O	O	O	_	_	EndOfLine	_	_	_
# segment_iiif_link = https://impresso-project.ch/api/proxy/iiif/IMP-1919-08-12-a-p0004/562,2247,476,47/full/0/default.jpg
à	O	O	O	O	O	O	_	_	_	_	_	_
l	O	O	O	O	O	O	_	_	NoSpaceAfter	_	_	_
'	O	O	O	O	O	O	_	_	NoSpaceAfter	_	_	_
accord	O	O	O	O	O	O	_	_	NoSpaceAfter	_	_	_
,	O	O	O	O	O	O	_	_	_	_	_	_
dont	O	O	O	O	O	O	_	_	_	_	_	_
U	O	O	O	O	O	O	_	_	_	_	_	_
ne	O	O	O	O	O	O	_	_	_	_	_	_
s	O	O	O	O	O	O	_	_	NoSpaceAfter	_	_	_
'	O	O	O	O	O	O	_	_	NoSpaceAfter	_	_	_
occupera	O	O	O	O	O	O	_	_	_	_	_	_
que	O	O	O	O	O	O	_	_	_	_	_	_
lorsque	O	O	O	O	O	O	_	_	_	_	_	_
le	O	O	O	O	O	O	_	_	_	_	_	_
projet	O	O	O	O	O	O	_	_	EndOfLine	_	_	_
# segment_iiif_link = https://impresso-project.ch/api/proxy/iiif/IMP-1919-08-12-a-p0004/562,2268,477,46/full/0/default.jpg
provisoire	O	O	O	O	O	O	_	_	_	_	_	_
sera	O	O	O	O	O	O	_	_	_	_	_	_
approuvé	O	O	O	O	O	O	_	_	_	_	_	_
par	O	O	O	O	O	O	_	_	_	_	_	_
les	O	O	O	O	O	O	_	_	_	_	_	_
deux	O	O	O	O	O	O	_	_	_	_	_	_
partis	O	O	O	O	O	O	_	_	NoSpaceAfter	_	_	_
.	O	O	O	O	O	O	_	_	EndOfLine	EndOfSentence	_	_
# segment_iiif_link = https://impresso-project.ch/api/proxy/iiif/IMP-1919-08-12-a-p0004/563,2288,477,47/full/0/default.jpg
rante	O	O	O	O	O	O	_	_	NoSpaceAfter	_	_	_
-	O	O	O	O	O	O	_	_	NoSpaceAfter	_	_	_
cinq	O	O	O	O	O	O	_	_	_	_	_	_
démocrates	O	O	O	O	O	O	_	_	_	_	_	_
et	O	O	O	O	O	O	_	_	_	_	_	_
vingt	O	O	O	O	O	O	_	_	_	_	_	_
républicains	O	O	O	O	O	O	_	_	_	_	_	_
ont	O	O	O	O	O	O	_	_	EndOfLine	_	_	_
# segment_iiif_link = https://impresso-project.ch/api/proxy/iiif/IMP-1919-08-12-a-p0004/563,2312,272,46/full/0/default.jpg
l	O	O	O	O	O	O	_	_	NoSpaceAfter	_	_	_
'	O	O	O	O	O	O	_	_	NoSpaceAfter	_	_	_
intention	O	O	O	O	O	O	_	_	_	_	_	_
d	O	O	O	O	O	O	_	_	NoSpaceAfter	_	_	_
'	O	O	O	O	O	O	_	_	NoSpaceAfter	_	_	_
accepter	O	O	O	O	O	O	_	_	_	_	_	_
lee	O	O	O	O	O	O	_	_	_	_	_	_
traités	O	O	O	O	O	O	_	_	NoSpaceAfter	_	_	_
.	O	O	O	O	O	O	_	_	EndOfLine	EndOfSentence	_	_
# segment_iiif_link = https://impresso-project.ch/api/proxy/iiif/IMP-1919-08-12-a-p0004/661,2339,10,53/full/0/default.jpg
*	O	O	O	O	O	O	_	_	EndOfLine	_	_	_
# segment_iiif_link = https://impresso-project.ch/api/proxy/iiif/IMP-1919-08-12-a-p0004/665,2339,280,53/full/0/default.jpg
Jf	O	O	O	O	O	O	_	_	_	_	_	_
_	O	O	O	O	O	O	_	_	NoSpaceAfter	_	_	_
_	O	O	O	O	O	O	_	_	_	_	_	_
W	O	O	O	O	O	O	_	_	NoSpaceAfter	_	_	_
-	O	O	O	O	O	O	_	_	_	_	_	_
Mort	O	O	O	O	O	O	_	_	_	_	_	_
de	O	O	O	O	O	O	_	_	_	_	_	_
M	O	O	O	O	O	O	_	_	NoSpaceAfter	_	_	_
.	O	O	O	O	O	O	_	_	_	_	_	_
Carnegie	O	O	O	O	O	O	_	_	EndOfLine	_	_	_
# segment_iiif_link = https://impresso-project.ch/api/proxy/iiif/IMP-1919-08-12-a-p0004/583,2373,460,52/full/0/default.jpg
NEW	O	O	O	O	O	O	_	_	NoSpaceAfter	_	_	_
-	O	O	O	O	O	O	_	_	NoSpaceAfter	_	_	_
YORK	O	O	O	O	O	O	_	_	NoSpaceAfter	_	_	_
,	O	O	O	O	O	O	_	_	_	_	_	_
12	O	O	O	O	O	O	_	_	_	_	_	_
août	O	O	O	O	O	O	_	_	NoSpaceAfter	_	_	_
.	O	O	O	O	O	O	_	_	_	EndOfSentence	_	_
—	O	O	O	O	O	O	_	_	_	_	_	_
(	O	O	O	O	O	O	_	_	NoSpaceAfter	_	_	_
Havas	B-org	O	B-org.ent.pressagency.Havas	O	O	O	Q2826560	_	NoSpaceAfter	_	LED0.00	_
)	O	O	O	O	O	O	_	_	NoSpaceAfter	_	_	_
.	O	O	O	O	O	O	_	_	_	EndOfSentence	_	_
—	O	O	O	O	O	O	_	_	_	_	_	_
M	O	O	O	O	O	O	_	_	NoSpaceAfter	_	_	_
.	O	O	O	O	O	O	_	_	EndOfLine	_	_	_
# segment_iiif_link = https://impresso-project.ch/api/proxy/iiif/IMP-1919-08-12-a-p0004/563,2395,172,53/full/0/default.jpg
Carnegie	O	O	O	O	O	O	_	_	_	_	_	_
est	O	O	O	O	O	O	_	_	_	_	_	_
décédé	O	O	O	O	O	O	_	_	NoSpaceAfter	_	_	_
.	O	O	O	O	O	O	_	_	EndOfLine	EndOfSentence	_	_
# segment_iiif_link = https://impresso-project.ch/api/proxy/iiif/IMP-1919-08-12-a-p0004/651,2426,304,52/full/0/default.jpg
Grève	O	O	O	O	O	O	_	_	_	_	_	_
des	O	O	O	O	O	O	_	_	_	_	_	_
acteurs	O	O	O	O	O	O	_	_	_	_	_	_
américains	O	O	O	O	O	O	_	_	EndOfLine	_	_	_
# segment_iiif_link = https://impresso-project.ch/api/proxy/iiif/IMP-1919-08-12-a-p0004/583,2459,459,52/full/0/default.jpg
NEW	O	O	O	O	O	O	_	_	NoSpaceAfter	_	_	_
-	O	O	O	O	O	O	_	_	NoSpaceAfter	_	_	_
YORK	O	O	O	O	O	O	_	_	NoSpaceAfter	_	_	_
,	O	O	O	O	O	O	_	_	_	_	_	_
11	O	O	O	O	O	O	_	_	_	_	_	_
août	O	O	O	O	O	O	_	_	NoSpaceAfter	_	_	_
.	O	O	O	O	O	O	_	_	_	EndOfSentence	_	_
—	O	O	O	O	O	O	_	_	_	_	_	_
(	O	O	O	O	O	O	_	_	NoSpaceAfter	_	_	_
Havas	B-org	O	B-org.ent.pressagency.Havas	O	O	O	Q2826560	_	NoSpaceAfter	_	LED0.00	_
)	O	O	O	O	O	O	_	_	NoSpaceAfter	_	_	_
.	O	O	O	O	O	O	_	_	_	EndOfSentence	_	_
—	O	O	O	O	O	O	_	_	_	_	_	_
La	O	O	O	O	O	O	_	_	EndOfLine	_	_	_
# segment_iiif_link = https://impresso-project.ch/api/proxy/iiif/IMP-1919-08-12-a-p0004/563,2480,479,52/full/0/default.jpg
grève	O	O	O	O	O	O	_	_	_	_	_	_
des	O	O	O	O	O	O	_	_	_	_	_	_
acteurs	O	O	O	O	O	O	_	_	_	_	_	_
continue	O	O	O	O	O	O	_	_	NoSpaceAfter	_	_	_
.	O	O	O	O	O	O	_	_	_	EndOfSentence	_	_
Les	O	O	O	O	O	O	_	_	_	_	_	_
acteurs	O	O	O	O	O	O	_	_	_	_	_	_
cherchent	O	O	O	O	O	O	_	_	EndOfLine	_	_	_
# segment_iiif_link = https://impresso-project.ch/api/proxy/iiif/IMP-1919-08-12-a-p0004/563,2503,461,52/full/0/default.jpg
l	O	O	O	O	O	O	_	_	NoSpaceAfter	_	_	_
'	O	O	O	O	O	O	_	_	NoSpaceAfter	_	_	_
appui	O	O	O	O	O	O	_	_	_	_	_	_
des	O	O	O	O	O	O	_	_	_	_	_	_
machinistes	O	O	O	O	O	O	_	_	_	_	_	_
et	O	O	O	O	O	O	_	_	_	_	_	_
des	O	O	O	O	O	O	_	_	_	_	_	_
musiciens	O	O	O	O	O	O	_	_	NoSpaceAfter	_	_	_
.	O	O	O	O	O	O	_	_	_	EndOfSentence	_	_
.	O	O	O	O	O	O	_	_	NoSpaceAfter	EndOfSentence	_	_
.	O	O	O	O	O	O	_	_	NoSpaceAfter	_	_	_
.	O	O	O	O	O	O	_	_	NoSpaceAfter	_	_	_
.	O	O	O	O	O	O	_	_	NoSpaceAfter	_	_	_
.	O	O	O	O	O	O	_	_	EndOfLine	EndOfSentence	_	_
# segment_iiif_link = https://impresso-project.ch/api/proxy/iiif/IMP-1919-08-12-a-p0004/599,2544,408,76/full/0/default.jpg
JEata	O	O	O	O	O	O	_	_	NoSpaceAfter	EndOfSentence	_	_
.	O	O	O	O	O	O	_	_	_	_	_	_
8	O	O	O	O	O	O	_	_	_	_	_	_
B	O	O	O	O	O	O	_	_	_	_	_	_
"	O	O	O	O	O	O	_	_	_	_	_	_
ML	O	O	O	O	O	O	_	_	_	_	_	_
1	O	O	O	O	O	O	_	_	_	_	_	_
SMSO	O	O	O	O	O	O	_	_	EndOfLine	_	_	_
# segment_iiif_link = https://impresso-project.ch/api/proxy/iiif/IMP-1919-08-12-a-p0004/614,2608,376,52/full/0/default.jpg
M	O	O	O	O	O	O	_	_	NoSpaceAfter	_	_	_
.	O	O	O	O	O	O	_	_	_	_	_	_
Eugène	O	O	O	O	O	O	_	_	_	_	_	_
Munch	O	O	O	O	O	O	_	_	_	_	_	_
se	O	O	O	O	O	O	_	_	_	_	_	_
noie	O	O	O	O	O	O	_	_	_	_	_	_
dans	O	O	O	O	O	O	_	_	_	_	_	_
l	O	O	O	O	O	O	_	_	NoSpaceAfter	_	_	_
'	O	O	O	O	O	O	_	_	NoSpaceAfter	_	_	_
Aar	O	O	O	O	O	O	_	_	EndOfLine	_	_	_
# segment_iiif_link = https://impresso-project.ch/api/proxy/iiif/IMP-1919-08-12-a-p0004/584,2639,461,52/full/0/default.jpg
BERNE	O	O	O	O	O	O	_	_	NoSpaceAfter	EndOfSentence	_	_
.	O	O	O	O	O	O	_	_	_	_	_	_
12	O	O	O	O	O	O	_	_	_	_	_	_
août	O	O	O	O	O	O	_	_	NoSpaceAfter	EndOfSentence	_	_
.	O	O	O	O	O	O	_	_	_	_	_	_
—	O	O	O	O	O	O	_	_	_	_	_	_
Eugène	O	O	O	O	O	O	_	_	_	_	_	_
Munch	O	O	O	O	O	O	_	_	NoSpaceAfter	_	_	_
,	O	O	O	O	O	O	_	_	_	_	_	_
rédacteur	O	O	O	O	O	O	_	_	EndOfLine	_	_	_
# segment_iiif_link = https://impresso-project.ch/api/proxy/iiif/IMP-1919-08-12-a-p0004/563,2659,480,52/full/0/default.jpg
à	O	O	O	O	O	O	_	_	_	_	_	_
la	O	O	O	O	O	O	_	_	_	_	_	_
1	O	O	O	O	O	O	_	_	_	_	_	_
«	O	O	O	O	O	O	_	_	_	_	_	_
Berner	O	O	O	O	O	O	_	_	_	_	_	_
Tagwacht	O	O	O	O	O	O	_	_	_	_	_	_
»	O	O	O	O	O	O	_	_	NoSpaceAfter	_	_	_
,	O	O	O	O	O	O	_	_	_	_	_	_
ie	O	O	O	O	O	O	_	_	_	_	_	_
représentant	O	O	O	O	O	O	_	_	_	_	_	_
bien	O	O	O	O	O	O	_	_	EndOfLine	_	_	_
# segment_iiif_link = https://impresso-project.ch/api/proxy/iiif/IMP-1919-08-12-a-p0004/563,2680,477,52/full/0/default.jpg
connu	O	O	O	O	O	O	_	_	_	_	_	_
de	O	O	O	O	O	O	_	_	_	_	_	_
l	O	O	O	O	O	O	_	_	NoSpaceAfter	_	_	_
'	O	O	O	O	O	O	_	_	NoSpaceAfter	_	_	_
extrême	O	O	O	O	O	O	_	_	_	_	_	_
gauche	O	O	O	O	O	O	_	_	_	_	_	_
rociaiiste	O	O	O	O	O	O	_	_	_	_	_	_
ru	O	O	O	O	O	O	_	_	_	_	_	_
sein	O	O	O	O	O	O	_	_	_	_	_	_
du	O	O	O	O	O	O	_	_	EndOfLine	_	_	_
# segment_iiif_link = https://impresso-project.ch/api/proxy/iiif/IMP-1919-08-12-a-p0004/563,2701,479,52/full/0/default.jpg
Conseil	O	O	O	O	O	O	_	_	_	_	_	_
communal	O	O	O	O	O	O	_	_	_	_	_	_
de	O	O	O	O	O	O	_	_	_	_	_	_
la	O	O	O	O	O	O	_	_	_	_	_	_
ville	O	O	O	O	O	O	_	_	_	_	_	_
de	O	O	O	O	O	O	_	_	_	_	_	_
Berne	O	O	O	O	O	O	_	_	_	_	_	_
et	O	O	O	O	O	O	_	_	_	_	_	_
au	O	O	O	O	O	O	_	_	EndOfLine	_	_	_
# segment_iiif_link = https://impresso-project.ch/api/proxy/iiif/IMP-1919-08-12-a-p0004/564,2723,477,53/full/0/default.jpg
Grand	O	O	O	O	O	O	_	_	_	_	_	_
Conseil	O	O	O	O	O	O	_	_	_	_	_	_
bernois	O	O	O	O	O	O	_	_	NoSpaceAfter	_	_	_
,	O	O	O	O	O	O	_	_	_	_	_	_
s	O	O	O	O	O	O	_	_	NoSpaceAfter	_	_	_
'	O	O	O	O	O	O	_	_	NoSpaceAfter	_	_	_
est	O	O	O	O	O	O	_	_	_	_	_	_
noyé	O	O	O	O	O	O	_	_	_	_	_	_
_	O	O	O	O	O	O	_	_	NoSpaceAfter	_	_	_
simedi	O	O	O	O	O	O	_	_	_	_	_	_
après	O	O	O	O	O	O	_	_	EndOfLine	_	_	_
# segment_iiif_link = https://impresso-project.ch/api/proxy/iiif/IMP-1919-08-12-a-p0004/563,2743,478,52/full/0/default.jpg
midi	O	O	O	O	O	O	_	_	NoSpaceAfter	_	_	_
,	O	O	O	O	O	O	_	_	_	_	_	_
en	O	O	O	O	O	O	_	_	_	_	_	_
se	O	O	O	O	O	O	_	_	_	_	_	_
baignant	O	O	O	O	O	O	_	_	_	_	_	_
dans	O	O	O	O	O	O	_	_	_	_	_	_
l	O	O	O	O	O	O	_	_	NoSpaceAfter	_	_	_
'	O	O	O	O	O	O	_	_	NoSpaceAfter	_	_	_
Aar	O	O	O	O	O	O	_	_	NoSpaceAfter	EndOfSentence	_	_
.	O	O	O	O	O	O	_	_	_	_	_	_
Retiré	O	O	O	O	O	O	_	_	EndOfLine	_	_	_
# segment_iiif_link = https://impresso-project.ch/api/proxy/iiif/IMP-1919-08-12-a-p0004/563,2765,479,52/full/0/default.jpg
tement	O	O	O	O	O	O	_	_	NoSpaceAfter	EndOfSentence	_	_
.	O	O	O	O	O	O	_	_	_	_	_	_
Munch	O	O	O	O	O	O	_	_	_	_	_	_
n	O	O	O	O	O	O	_	_	NoSpaceAfter	_	_	_
'	O	O	O	O	O	O	_	_	NoSpaceAfter	_	_	_
a	O	O	O	O	O	O	_	_	_	_	_	_
DIT	O	O	O	O	O	O	_	_	_	_	_	_
être	O	O	O	O	O	O	_	_	_	_	_	_
rappelé	O	O	O	O	O	O	_	_	_	_	_	_
à	O	O	O	O	O	O	_	_	_	_	_	_
la	O	O	O	O	O	O	_	_	_	_	_	_
vie	O	O	O	O	O	O	_	_	EndOfLine	_	_	_
# segment_iiif_link = https://impresso-project.ch/api/proxy/iiif/IMP-1919-08-12-a-p0004/563,2785,477,52/full/0/default.jpg
malgré	O	O	O	O	O	O	_	_	_	_	_	_
tous	O	O	O	O	O	O	_	_	_	_	_	_
les	O	O	O	O	O	O	_	_	_	_	_	_
soins	O	O	O	O	O	O	_	_	_	_	_	_
qui	O	O	O	O	O	O	_	_	_	_	_	_
lui	O	O	O	O	O	O	_	_	_	_	_	_
ont	O	O	O	O	O	O	_	_	_	_	_	_
été	O	O	O	O	O	O	_	_	_	_	_	_
prodigués	O	O	O	O	O	O	_	_	NoSpaceAfter	EndOfSentence	_	_
.	O	O	O	O	O	O	_	_	_	_	_	_
On	O	O	O	O	O	O	_	_	EndOfLine	_	_	_
# segment_iiif_link = https://impresso-project.ch/api/proxy/iiif/IMP-1919-08-12-a-p0004/563,2807,476,52/full/0/default.jpg
croit	O	O	O	O	O	O	_	_	_	_	_	_
qu	O	O	O	O	O	O	_	_	NoSpaceAfter	_	_	_
'	O	O	O	O	O	O	_	_	NoSpaceAfter	_	_	_
il	O	O	O	O	O	O	_	_	_	_	_	_
a	O	O	O	O	O	O	_	_	_	_	_	_
eu	O	O	O	O	O	O	_	_	_	_	_	_
une	O	O	O	O	O	O	_	_	_	_	_	_
congestion	O	O	O	O	O	O	_	_	NoSpaceAfter	EndOfSentence	_	_
.	O	O	O	O	O	O	_	_	_	_	_	_
La	O	O	O	O	O	O	_	_	_	_	_	_
victime	O	O	O	O	O	O	_	_	NoSpaceAfter	_	_	_
,	O	O	O	O	O	O	_	_	_	_	_	_
qui	O	O	O	O	O	O	_	_	EndOfLine	_	_	_
# segment_iiif_link = https://impresso-project.ch/api/proxy/iiif/IMP-1919-08-12-a-p0004/563,2828,481,52/full/0/default.jpg
voulait	O	O	O	O	O	O	_	_	_	_	_	_
descendre	O	O	O	O	O	O	_	_	_	_	_	_
l	O	O	O	O	O	O	_	_	NoSpaceAfter	_	_	_
'	O	O	O	O	O	O	_	_	NoSpaceAfter	_	_	_
Aar	O	O	O	O	O	O	_	_	_	_	_	_
à	O	O	O	O	O	O	_	_	_	_	_	_
la	O	O	O	O	O	O	_	_	_	_	_	_
nage	O	O	O	O	O	O	_	_	_	_	_	_
pour	O	O	O	O	O	O	_	_	_	_	_	_
regagner	O	O	O	O	O	O	_	_	EndOfLine	_	_	_
# segment_iiif_link = https://impresso-project.ch/api/proxy/iiif/IMP-1919-08-12-a-p0004/563,2849,479,52/full/0/default.jpg
son	O	O	O	O	O	O	_	_	_	_	_	_
domicile	O	O	O	O	O	O	_	_	NoSpaceAfter	_	_	_
,	O	O	O	O	O	O	_	_	_	_	_	_
a	O	O	O	O	O	O	_	_	_	_	_	_
été	O	O	O	O	O	O	_	_	_	_	_	_
retirée	O	O	O	O	O	O	_	_	_	_	_	_
de	O	O	O	O	O	O	_	_	_	_	_	_
l	O	O	O	O	O	O	_	_	NoSpaceAfter	_	_	_
'	O	O	O	O	O	O	_	_	NoSpaceAfter	_	_	_
eau	O	O	O	O	O	O	_	_	_	_	_	_
devant	O	O	O	O	O	O	_	_	_	_	_	_
sa	O	O	O	O	O	O	_	_	EndOfLine	_	_	_
# segment_iiif_link = https://impresso-project.ch/api/proxy/iiif/IMP-1919-08-12-a-p0004/563,2871,481,52/full/0/default.jpg
maison	O	O	O	O	O	O	_	_	NoSpaceAfter	_	_	_
,	O	O	O	O	O	O	_	_	_	_	_	_
sflus	O	O	O	O	O	O	_	_	_	_	_	_
les	O	O	O	O	O	O	_	_	_	_	_	_
yeux	O	O	O	O	O	O	_	_	_	_	_	_
4	O	O	O	O	O	O	_	_	_	_	_	_
é	O	O	O	O	O	O	_	_	_	_	_	_
sa	O	O	O	O	O	O	_	_	NoSpaceAfter	_	_	_
]	O	O	O	O	O	O	_	_	_	_	_	_
_	O	O	O	O	O	O	_	_	NoSpaceAfter	_	_	_
fiiimiUe	O	O	O	O	O	O	_	_	_	_	_	_
_	O	O	O	O	O	O	_	_	NoSpaceAfter	_	_	_
consternée	O	O	O	O	O	O	_	_	_	_	_	_
;	O	O	O	O	O	O	_	_	NoSpaceAfter	EndOfSentence	_	_
.	O	O	O	O	O	O	_	_	EndOfLine	_	_	_
# segment_iiif_link = https://impresso-project.ch/api/proxy/iiif/IMP-1919-08-12-a-p0004/1163,120,269,52/full/0/default.jpg
Chez	O	O	O	O	O	O	_	_	_	_	_	_
les	O	O	O	O	O	O	_	_	_	_	_	_
employés	O	O	O	O	O	O	_	_	_	_	_	_
postaux	O	O	O	O	O	O	_	_	EndOfLine	_	_	_
# segment_iiif_link = https://impresso-project.ch/api/proxy/iiif/IMP-1919-08-12-a-p0004/1082,151,455,52/full/0/default.jpg
BEiRNE	O	O	O	O	O	O	_	_	NoSpaceAfter	_	_	_
,	O	O	O	O	O	O	_	_	_	_	_	_
11	O	O	O	O	O	O	_	_	_	_	_	_
août	O	O	O	O	O	O	_	_	NoSpaceAfter	EndOfSentence	_	_
.	O	O	O	O	O	O	_	_	_	_	_	_
—	O	O	O	O	O	O	_	_	_	_	_	_
L	O	O	O	O	O	O	_	_	NoSpaceAfter	_	_	_
'	O	O	O	O	O	O	_	_	NoSpaceAfter	_	_	_
assemblée	O	O	O	O	O	O	_	_	_	_	_	_
des	O	O	O	O	O	O	_	_	_	_	_	_
délégués	O	O	O	O	O	O	_	_	EndOfLine	_	_	_
# segment_iiif_link = https://impresso-project.ch/api/proxy/iiif/IMP-1919-08-12-a-p0004/1059,172,477,52/full/0/default.jpg
de	O	O	O	O	O	O	_	_	_	_	_	_
la	O	O	O	O	O	O	_	_	_	_	_	_
Société	O	O	O	O	O	O	_	_	_	_	_	_
suisse	O	O	O	O	O	O	_	_	_	_	_	_
des	O	O	O	O	O	O	_	_	_	_	_	_
fonctionnaires	O	O	O	O	O	O	_	_	_	_	_	_
postaux	O	O	O	O	O	O	_	_	NoSpaceAfter	_	_	_
,	O	O	O	O	O	O	_	_	EndOfLine	_	_	_
# segment_iiif_link = https://impresso-project.ch/api/proxy/iiif/IMP-1919-08-12-a-p0004/1061,193,474,52/full/0/default.jpg
comptant	O	O	O	O	O	O	_	_	_	_	_	_
122	O	O	O	O	O	O	_	_	_	_	_	_
délégués	O	O	O	O	O	O	_	_	NoSpaceAfter	_	_	_
,	O	O	O	O	O	O	_	_	_	_	_	_
déclare	O	O	O	O	O	O	_	_	_	_	_	_
que	O	O	O	O	O	O	_	_	_	_	_	_
ie	O	O	O	O	O	O	_	_	_	_	_	_
projet	O	O	O	O	O	O	_	_	_	_	_	_
dû	O	O	O	O	O	O	_	_	EndOfLine	_	_	_
# segment_iiif_link = https://impresso-project.ch/api/proxy/iiif/IMP-1919-08-12-a-p0004/1060,216,475,52/full/0/default.jpg
Conseil	O	O	O	O	O	O	_	_	_	_	_	_
fédéral	O	O	O	O	O	O	_	_	_	_	_	_
concernant	O	O	O	O	O	O	_	_	_	_	_	_
la	O	O	O	O	O	O	_	_	_	_	_	_
revision	O	O	O	O	O	O	_	_	_	_	_	_
de	O	O	O	O	O	O	_	_	_	_	_	_
la	O	O	O	O	O	O	_	_	_	_	_	_
loi	O	O	O	O	O	O	_	_	EndOfLine	_	_	_
# segment_iiif_link = https://impresso-project.ch/api/proxy/iiif/IMP-1919-08-12-a-p0004/1060,238,476,52/full/0/default.jpg
sur	O	O	O	O	O	O	_	_	_	_	_	_
la	O	O	O	O	O	O	_	_	_	_	_	_
durée	O	O	O	O	O	O	_	_	_	_	_	_
du	O	O	O	O	O	O	_	_	_	_	_	_
travail	O	O	O	O	O	O	_	_	_	_	_	_
est	O	O	O	O	O	O	_	_	_	_	_	_
inacceptable	O	O	O	O	O	O	_	_	NoSpaceAfter	EndOfSentence	_	_
.	O	O	O	O	O	O	_	_	_	_	_	_
L	O	O	O	O	O	O	_	_	NoSpaceAfter	_	_	_
'	O	O	O	O	O	O	_	_	EndOfLine|NoSpaceAfter	_	_	_
# segment_iiif_link = https://impresso-project.ch/api/proxy/iiif/IMP-1919-08-12-a-p0004/1059,260,475,52/full/0/default.jpg
association	O	O	O	O	O	O	_	_	NoSpaceAfter	_	_	_
,	O	O	O	O	O	O	_	_	_	_	_	_
d	O	O	O	O	O	O	_	_	NoSpaceAfter	_	_	_
'	O	O	O	O	O	O	_	_	NoSpaceAfter	_	_	_
acord	O	O	O	O	O	O	_	_	_	_	_	_
avec	O	O	O	O	O	O	_	_	_	_	_	_
l	O	O	O	O	O	O	_	_	NoSpaceAfter	_	_	_
'	O	O	O	O	O	O	_	_	NoSpaceAfter	_	_	_
Union	O	O	O	O	O	O	_	_	_	_	_	_
fédérative	O	O	O	O	O	O	_	_	NoSpaceAfter	_	_	_
,	O	O	O	O	O	O	_	_	EndOfLine	_	_	_
# segment_iiif_link = https://impresso-project.ch/api/proxy/iiif/IMP-1919-08-12-a-p0004/1061,282,473,52/full/0/default.jpg
interviendra	O	O	O	O	O	O	_	_	_	_	_	_
de	O	O	O	O	O	O	_	_	_	_	_	_
toutes	O	O	O	O	O	O	_	_	_	_	_	_
ses	O	O	O	O	O	O	_	_	_	_	_	_
forces	O	O	O	O	O	O	_	_	_	_	_	_
pour	O	O	O	O	O	O	_	_	_	_	_	_
la	O	O	O	O	O	O	_	_	_	_	_	_
réalisation	O	O	O	O	O	O	_	_	EndOfLine	_	_	_
# segment_iiif_link = https://impresso-project.ch/api/proxy/iiif/IMP-1919-08-12-a-p0004/1060,304,476,52/full/0/default.jpg
de	O	O	O	O	O	O	_	_	_	_	_	_
ses	O	O	O	O	O	O	_	_	_	_	_	_
postulats	O	O	O	O	O	O	_	_	NoSpaceAfter	EndOfSentence	_	_
.	O	O	O	O	O	O	_	_	_	_	_	_
L	O	O	O	O	O	O	_	_	NoSpaceAfter	_	_	_
'	O	O	O	O	O	O	_	_	NoSpaceAfter	_	_	_
assemblée	O	O	O	O	O	O	_	_	_	_	_	_
a	O	O	O	O	O	O	_	_	_	_	_	_
approuvé	O	O	O	O	O	O	_	_	EndOfLine	_	_	_
# segment_iiif_link = https://impresso-project.ch/api/proxy/iiif/IMP-1919-08-12-a-p0004/1059,327,478,52/full/0/default.jpg
unanimement	O	O	O	O	O	O	_	_	_	_	_	_
la	O	O	O	O	O	O	_	_	_	_	_	_
revendication	O	O	O	O	O	O	_	_	_	_	_	_
d	O	O	O	O	O	O	_	_	NoSpaceAfter	_	_	_
'	O	O	O	O	O	O	_	_	NoSpaceAfter	_	_	_
allocations	O	O	O	O	O	O	_	_	EndOfLine	_	_	_
# segment_iiif_link = https://impresso-project.ch/api/proxy/iiif/IMP-1919-08-12-a-p0004/1060,349,477,52/full/0/default.jpg
supplémentaires	O	O	O	O	O	O	_	_	_	_	_	_
de	O	O	O	O	O	O	_	_	_	_	_	_
renchérissement	O	O	O	O	O	O	_	_	_	_	_	_
et	O	O	O	O	O	O	_	_	_	_	_	_
exprime	O	O	O	O	O	O	_	_	_	_	_	_
l	O	O	O	O	O	O	_	_	NoSpaceAfter	_	_	_
'	O	O	O	O	O	O	_	_	EndOfLine|NoSpaceAfter	_	_	_
# segment_iiif_link = https://impresso-project.ch/api/proxy/iiif/IMP-1919-08-12-a-p0004/1061,370,477,52/full/0/default.jpg
espoir	O	O	O	O	O	O	_	_	_	_	_	_
de	O	O	O	O	O	O	_	_	_	_	_	_
voir	O	O	O	O	O	O	_	_	_	_	_	_
les	O	O	O	O	O	O	_	_	_	_	_	_
travaux	O	O	O	O	O	O	_	_	_	_	_	_
concernant	O	O	O	O	O	O	_	_	_	_	_	_
la	O	O	O	O	O	O	_	_	_	_	_	_
nouvelle	O	O	O	O	O	O	_	_	EndOfLine	_	_	_
# segment_iiif_link = https://impresso-project.ch/api/proxy/iiif/IMP-1919-08-12-a-p0004/1059,393,475,52/full/0/default.jpg
loi	O	O	O	O	O	O	_	_	_	_	_	_
sur	O	O	O	O	O	O	_	_	_	_	_	_
les	O	O	O	O	O	O	_	_	_	_	_	_
traitements	O	O	O	O	O	O	_	_	_	_	_	_
poussés	O	O	O	O	O	O	_	_	_	_	_	_
de	O	O	O	O	O	O	_	_	_	_	_	_
façon	O	O	O	O	O	O	_	_	_	_	_	_
que	O	O	O	O	O	O	_	_	_	_	_	_
la	O	O	O	O	O	O	_	_	EndOfLine	_	_	_
# segment_iiif_link = https://impresso-project.ch/api/proxy/iiif/IMP-1919-08-12-a-p0004/1059,415,477,52/full/0/default.jpg
loi	O	O	O	O	O	O	_	_	_	_	_	_
puisse	O	O	O	O	O	O	_	_	_	_	_	_
être	O	O	O	O	O	O	_	_	_	_	_	_
appliquée	O	O	O	O	O	O	_	_	_	_	_	_
rétroactivement	O	O	O	O	O	O	_	_	EndOfLine	_	_	_
# segment_iiif_link = https://impresso-project.ch/api/proxy/iiif/IMP-1919-08-12-a-p0004/1060,438,480,52/full/0/default.jpg
pendant	O	O	O	O	O	O	_	_	_	_	_	_
l	O	O	O	O	O	O	_	_	NoSpaceAfter	_	_	_
'	O	O	O	O	O	O	_	_	NoSpaceAfter	_	_	_
année	O	O	O	O	O	O	_	_	_	_	_	_
1920	O	O	O	O	O	O	_	_	_	_	_	_
entière	O	O	O	O	O	O	_	_	NoSpaceAfter	EndOfSentence	_	_
.	O	O	O	O	O	O	_	_	_	_	_	_
La	O	O	O	O	O	O	_	_	_	_	_	_
création	O	O	O	O	O	O	_	_	_	_	_	_
de	O	O	O	O	O	O	_	_	EndOfLine	_	_	_
# segment_iiif_link = https://impresso-project.ch/api/proxy/iiif/IMP-1919-08-12-a-p0004/1060,459,472,53/full/0/default.jpg
commissions	O	O	O	O	O	O	_	_	_	_	_	_
du	O	O	O	O	O	O	_	_	_	_	_	_
personnel	O	O	O	O	O	O	_	_	_	_	_	_
doit	O	O	O	O	O	O	_	_	_	_	_	_
assurer	O	O	O	O	O	O	_	_	_	_	_	_
au	O	O	O	O	O	O	_	_	_	_	_	_
person	O	O	O	O	O	O	_	_	EndOfLine	_	_	_
# segment_iiif_link = https://impresso-project.ch/api/proxy/iiif/IMP-1919-08-12-a-p0004/1060,482,479,52/full/0/default.jpg
nel	O	O	O	O	O	O	_	_	_	_	_	_
postal	O	O	O	O	O	O	_	_	_	_	_	_
le	O	O	O	O	O	O	_	_	_	_	_	_
droit	O	O	O	O	O	O	_	_	_	_	_	_
de	O	O	O	O	O	O	_	_	_	_	_	_
collaboration	O	O	O	O	O	O	_	_	_	_	_	_
revendiqué	O	O	O	O	O	O	_	_	EndOfLine	_	_	_
# segment_iiif_link = https://impresso-project.ch/api/proxy/iiif/IMP-1919-08-12-a-p0004/1060,503,184,52/full/0/default.jpg
depuis	O	O	O	O	O	O	_	_	_	_	_	_
longtemps	O	O	O	O	O	O	_	_	NoSpaceAfter	EndOfSentence	_	_
.	O	O	O	O	O	O	_	_	EndOfLine	_	_	_
# segment_iiif_link = https://impresso-project.ch/api/proxy/iiif/IMP-1919-08-12-a-p0004/1080,526,456,52/full/0/default.jpg
C	O	O	O	O	O	O	_	_	NoSpaceAfter	_	_	_
'	O	O	O	O	O	O	_	_	NoSpaceAfter	_	_	_
est	O	O	O	O	O	O	_	_	_	_	_	_
avec	O	O	O	O	O	O	_	_	_	_	_	_
une	O	O	O	O	O	O	_	_	_	_	_	_
sincère	O	O	O	O	O	O	_	_	_	_	_	_
satisfaction	O	O	O	O	O	O	_	_	_	_	_	_
que	O	O	O	O	O	O	_	_	EndOfLine	_	_	_
# segment_iiif_link = https://impresso-project.ch/api/proxy/iiif/IMP-1919-08-12-a-p0004/1060,548,477,53/full/0/default.jpg
semblée	O	O	O	O	O	O	_	_	_	_	_	_
a	O	O	O	O	O	O	_	_	_	_	_	_
pris	O	O	O	O	O	O	_	_	_	_	_	_
note	O	O	O	O	O	O	_	_	_	_	_	_
de	O	O	O	O	O	O	_	_	_	_	_	_
la	O	O	O	O	O	O	_	_	_	_	_	_
prochaine	O	O	O	O	O	O	_	_	_	_	_	_
création	O	O	O	O	O	O	_	_	_	_	_	_
de	O	O	O	O	O	O	_	_	EndOfLine	_	_	_
# segment_iiif_link = https://impresso-project.ch/api/proxy/iiif/IMP-1919-08-12-a-p0004/1060,570,477,52/full/0/default.jpg
la	O	O	O	O	O	O	_	_	_	_	_	_
caisse	O	O	O	O	O	O	_	_	_	_	_	_
de	O	O	O	O	O	O	_	_	_	_	_	_
prévoyance	O	O	O	O	O	O	_	_	_	_	_	_
pour	O	O	O	O	O	O	_	_	_	_	_	_
les	O	O	O	O	O	O	_	_	_	_	_	_
invalides	O	O	O	O	O	O	_	_	NoSpaceAfter	_	_	_
,	O	O	O	O	O	O	_	_	_	_	_	_
les	O	O	O	O	O	O	_	_	EndOfLine	_	_	_
# segment_iiif_link = https://impresso-project.ch/api/proxy/iiif/IMP-1919-08-12-a-p0004/1060,593,476,52/full/0/default.jpg
veuves	O	O	O	O	O	O	_	_	_	_	_	_
et	O	O	O	O	O	O	_	_	_	_	_	_
les	O	O	O	O	O	O	_	_	_	_	_	_
orpheMns	O	O	O	O	O	O	_	_	_	_	_	_
du	O	O	O	O	O	O	_	_	_	_	_	_
personnel	O	O	O	O	O	O	_	_	_	_	_	_
fédéral	O	O	O	O	O	O	_	_	NoSpaceAfter	EndOfSentence	_	_
.	O	O	O	O	O	O	_	_	EndOfLine	_	_	_
# segment_iiif_link = https://impresso-project.ch/api/proxy/iiif/IMP-1919-08-12-a-p0004/1059,615,477,52/full/0/default.jpg
Elle	O	O	O	O	O	O	_	_	_	_	_	_
assure	O	O	O	O	O	O	_	_	_	_	_	_
son	O	O	O	O	O	O	_	_	_	_	_	_
appui	O	O	O	O	O	O	_	_	_	_	_	_
_	O	O	O	O	O	O	_	_	NoSpaceAfter	_	_	_
Miconditionné	O	O	O	O	O	O	_	_	_	_	_	_
à	O	O	O	O	O	O	_	_	_	_	_	_
tous	O	O	O	O	O	O	_	_	_	_	_	_
les	O	O	O	O	O	O	_	_	EndOfLine	_	_	_
# segment_iiif_link = https://impresso-project.ch/api/proxy/iiif/IMP-1919-08-12-a-p0004/1060,638,479,52/full/0/default.jpg
efforts	O	O	O	O	O	O	_	_	_	_	_	_
faits	O	O	O	O	O	O	_	_	_	_	_	_
en	O	O	O	O	O	O	_	_	_	_	_	_
vue	O	O	O	O	O	O	_	_	_	_	_	_
de	O	O	O	O	O	O	_	_	_	_	_	_
mettre	O	O	O	O	O	O	_	_	_	_	_	_
sur	O	O	O	O	O	O	_	_	_	_	_	_
pied	O	O	O	O	O	O	_	_	_	_	_	_
l	O	O	O	O	O	O	_	_	NoSpaceAfter	_	_	_
'	O	O	O	O	O	O	_	_	EndOfLine|NoSpaceAfter	_	_	_
# segment_iiif_link = https://impresso-project.ch/api/proxy/iiif/IMP-1919-08-12-a-p0004/1060,660,475,52/full/0/default.jpg
assurance	O	O	O	O	O	O	_	_	_	_	_	_
vieillesse	O	O	O	O	O	O	_	_	_	_	_	_
et	O	O	O	O	O	O	_	_	_	_	_	_
invalidité	O	O	O	O	O	O	_	_	_	_	_	_
en	O	O	O	O	O	O	_	_	_	_	_	_
faveur	O	O	O	O	O	O	_	_	_	_	_	_
du	O	O	O	O	O	O	_	_	EndOfLine	_	_	_
# segment_iiif_link = https://impresso-project.ch/api/proxy/iiif/IMP-1919-08-12-a-p0004/1059,681,477,52/full/0/default.jpg
peuple	O	O	O	O	O	O	_	_	_	_	_	_
entier	O	O	O	O	O	O	_	_	NoSpaceAfter	EndOfSentence	_	_
.	O	O	O	O	O	O	_	_	_	_	_	_
La	O	O	O	O	O	O	_	_	_	_	_	_
question	O	O	O	O	O	O	_	_	_	_	_	_
de	O	O	O	O	O	O	_	_	_	_	_	_
l	O	O	O	O	O	O	_	_	NoSpaceAfter	_	_	_
'	O	O	O	O	O	O	_	_	NoSpaceAfter	_	_	_
union	O	O	O	O	O	O	_	_	_	_	_	_
plus	O	O	O	O	O	O	_	_	_	_	_	_
étroite	O	O	O	O	O	O	_	_	EndOfLine	_	_	_
# segment_iiif_link = https://impresso-project.ch/api/proxy/iiif/IMP-1919-08-12-a-p0004/1060,704,474,52/full/0/default.jpg
des	O	O	O	O	O	O	_	_	_	_	_	_
fonctionnaires	O	O	O	O	O	O	_	_	_	_	_	_
et	O	O	O	O	O	O	_	_	_	_	_	_
employés	O	O	O	O	O	O	_	_	_	_	_	_
de	O	O	O	O	O	O	_	_	_	_	_	_
la	O	O	O	O	O	O	_	_	EndOfLine	_	_	_
# segment_iiif_link = https://impresso-project.ch/api/proxy/iiif/IMP-1919-08-12-a-p0004/1059,727,476,52/full/0/default.jpg
Confédération	O	O	O	O	O	O	_	_	_	_	_	_
a	O	O	O	O	O	O	_	_	_	_	_	_
été	O	O	O	O	O	O	_	_	_	_	_	_
transmise	O	O	O	O	O	O	_	_	_	_	_	_
pour	O	O	O	O	O	O	_	_	_	_	_	_
étude	O	O	O	O	O	O	_	_	_	_	_	_
au	O	O	O	O	O	O	_	_	_	_	_	_
comité	O	O	O	O	O	O	_	_	EndOfLine	_	_	_
# segment_iiif_link = https://impresso-project.ch/api/proxy/iiif/IMP-1919-08-12-a-p0004/1059,748,477,53/full/0/default.jpg
central	O	O	O	O	O	O	_	_	NoSpaceAfter	EndOfSentence	_	_
.	O	O	O	O	O	O	_	_	_	_	_	_
A	O	O	O	O	O	O	_	_	_	_	_	_
l	O	O	O	O	O	O	_	_	NoSpaceAfter	_	_	_
'	O	O	O	O	O	O	_	_	NoSpaceAfter	_	_	_
occasion	O	O	O	O	O	O	_	_	_	_	_	_
de	O	O	O	O	O	O	_	_	_	_	_	_
la	O	O	O	O	O	O	_	_	_	_	_	_
revision	O	O	O	O	O	O	_	_	_	_	_	_
de	O	O	O	O	O	O	_	_	_	_	_	_
la	O	O	O	O	O	O	_	_	_	_	_	_
loi	O	O	O	O	O	O	_	_	_	_	_	_
sur	O	O	O	O	O	O	_	_	_	_	_	_
les	O	O	O	O	O	O	_	_	EndOfLine	_	_	_
# segment_iiif_link = https://impresso-project.ch/api/proxy/iiif/IMP-1919-08-12-a-p0004/1060,771,478,52/full/0/default.jpg
traitements	O	O	O	O	O	O	_	_	NoSpaceAfter	_	_	_
,	O	O	O	O	O	O	_	_	_	_	_	_
le	O	O	O	O	O	O	_	_	_	_	_	_
personnel	O	O	O	O	O	O	_	_	_	_	_	_
fera	O	O	O	O	O	O	_	_	_	_	_	_
valoir	O	O	O	O	O	O	_	_	EndOfLine	_	_	_
# segment_iiif_link = https://impresso-project.ch/api/proxy/iiif/IMP-1919-08-12-a-p0004/1060,793,473,52/full/0/default.jpg
énergiquement	O	O	O	O	O	O	_	_	_	_	_	_
son	O	O	O	O	O	O	_	_	_	_	_	_
droit	O	O	O	O	O	O	_	_	_	_	_	_
aux	O	O	O	O	O	O	_	_	_	_	_	_
augmentations	O	O	O	O	O	O	_	_	_	_	_	_
légales	O	O	O	O	O	O	_	_	_	_	_	_
de	O	O	O	O	O	O	_	_	EndOfLine	_	_	_
# segment_iiif_link = https://impresso-project.ch/api/proxy/iiif/IMP-1919-08-12-a-p0004/1059,815,477,52/full/0/default.jpg
traitement	O	O	O	O	O	O	_	_	_	_	_	_
supprimées	O	O	O	O	O	O	_	_	_	_	_	_
en	O	O	O	O	O	O	_	_	_	_	_	_
1913	O	O	O	O	O	O	_	_	NoSpaceAfter	EndOfSentence	_	_
.	O	O	O	O	O	O	_	_	_	_	_	_
L	O	O	O	O	O	O	_	_	NoSpaceAfter	_	_	_
'	O	O	O	O	O	O	_	_	NoSpaceAfter	_	_	_
assemblée	O	O	O	O	O	O	_	_	EndOfLine	_	_	_
# segment_iiif_link = https://impresso-project.ch/api/proxy/iiif/IMP-1919-08-12-a-p0004/1059,836,476,53/full/0/default.jpg
salue	O	O	O	O	O	O	_	_	_	_	_	_
la	O	O	O	O	O	O	_	_	_	_	_	_
large	O	O	O	O	O	O	_	_	_	_	_	_
restriction	O	O	O	O	O	O	_	_	_	_	_	_
du	O	O	O	O	O	O	_	_	_	_	_	_
service	O	O	O	O	O	O	_	_	_	_	_	_
postal	O	O	O	O	O	O	_	_	EndOfLine	_	_	_
# segment_iiif_link = https://impresso-project.ch/api/proxy/iiif/IMP-1919-08-12-a-p0004/1059,858,474,52/full/0/default.jpg
dominical	O	O	O	O	O	O	_	_	_	_	_	_
et	O	O	O	O	O	O	_	_	_	_	_	_
espère	O	O	O	O	O	O	_	_	_	_	_	_
en	O	O	O	O	O	O	_	_	_	_	_	_
ia	O	O	O	O	O	O	_	_	_	_	_	_
suppression	O	O	O	O	O	O	_	_	_	_	_	_
totale	O	O	O	O	O	O	_	_	_	_	_	_
du	O	O	O	O	O	O	_	_	EndOfLine	_	_	_
# segment_iiif_link = https://impresso-project.ch/api/proxy/iiif/IMP-1919-08-12-a-p0004/1060,881,182,52/full/0/default.jpg
_	O	O	O	O	O	O	_	_	NoSpaceAfter	_	_	_
sefrvice	O	O	O	O	O	O	_	_	_	_	_	_
du	O	O	O	O	O	O	_	_	_	_	_	_
dimanche	O	O	O	O	O	O	_	_	NoSpaceAfter	EndOfSentence	_	_
.	O	O	O	O	O	O	_	_	EndOfLine	_	_	_
# segment_iiif_link = https://impresso-project.ch/api/proxy/iiif/IMP-1919-08-12-a-p0004/1159,913,277,52/full/0/default.jpg
La	O	O	O	O	O	O	_	_	_	_	_	_
reprise	O	O	O	O	O	O	_	_	_	_	_	_
du	O	O	O	O	O	O	_	_	_	_	_	_
travail	O	O	O	O	O	O	_	_	_	_	_	_
à	O	O	O	O	O	O	_	_	_	_	_	_
Bâle	O	O	O	O	O	O	_	_	EndOfLine	_	_	_
# segment_iiif_link = https://impresso-project.ch/api/proxy/iiif/IMP-1919-08-12-a-p0004/1079,944,455,52/full/0/default.jpg
BALE	O	O	O	O	O	O	_	_	NoSpaceAfter	EndOfSentence	_	_
.	O	O	O	O	O	O	_	_	_	_	_	_
11	O	O	O	O	O	O	_	_	_	_	_	_
août	O	O	O	O	O	O	_	_	NoSpaceAfter	EndOfSentence	_	_
.	O	O	O	O	O	O	_	_	_	_	_	_
—	O	O	O	O	O	O	_	_	_	_	_	_
Selon	O	O	O	O	O	O	_	_	_	_	_	_
lest	O	O	O	O	O	O	_	_	_	_	_	_
«	O	O	O	O	O	O	_	_	_	_	_	_
Balsler	O	O	O	O	O	O	_	_	EndOfLine	_	_	_
# segment_iiif_link = https://impresso-project.ch/api/proxy/iiif/IMP-1919-08-12-a-p0004/1059,964,481,53/full/0/default.jpg
Nachrichten	O	O	O	O	O	O	_	_	_	_	_	_
»	O	O	O	O	O	O	_	_	NoSpaceAfter	_	_	_
,	O	O	O	O	O	O	_	_	_	_	_	_
les	O	O	O	O	O	O	_	_	_	_	_	_
grands	O	O	O	O	O	O	_	_	_	_	_	_
établissements	O	O	O	O	O	O	_	_	_	_	_	_
industriels	O	O	O	O	O	O	_	_	EndOfLine	_	_	_
# segment_iiif_link = https://impresso-project.ch/api/proxy/iiif/IMP-1919-08-12-a-p0004/1059,986,477,52/full/0/default.jpg
de	O	O	O	O	O	O	_	_	_	_	_	_
Bâle	O	O	O	O	O	O	_	_	_	_	_	_
ont	O	O	O	O	O	O	_	_	_	_	_	_
été	O	O	O	O	O	O	_	_	_	_	_	_
presque	O	O	O	O	O	O	_	_	_	_	_	_
uniquement	O	O	O	O	O	O	_	_	_	_	_	_
occupés	O	O	O	O	O	O	_	_	EndOfLine	_	_	_
# segment_iiif_link = https://impresso-project.ch/api/proxy/iiif/IMP-1919-08-12-a-p0004/1058,1006,477,52/full/0/default.jpg
jourd	O	O	O	O	O	O	_	_	NoSpaceAfter	_	_	_
'	O	O	O	O	O	O	_	_	NoSpaceAfter	_	_	_
hui	O	O	O	O	O	O	_	_	_	_	_	_
lundil	O	O	O	O	O	O	_	_	_	_	_	_
par	O	O	O	O	O	O	_	_	_	_	_	_
dés	O	O	O	O	O	O	_	_	_	_	_	_
travaux	O	O	O	O	O	O	_	_	_	_	_	_
préparatoires	O	O	O	O	O	O	_	_	_	_	_	_
en	O	O	O	O	O	O	_	_	EndOfLine	_	_	_
# segment_iiif_link = https://impresso-project.ch/api/proxy/iiif/IMP-1919-08-12-a-p0004/1059,1028,476,52/full/0/default.jpg
vue	O	O	O	O	O	O	_	_	_	_	_	_
de	O	O	O	O	O	O	_	_	_	_	_	_
la	O	O	O	O	O	O	_	_	_	_	_	_
reprise	O	O	O	O	O	O	_	_	_	_	_	_
complète	O	O	O	O	O	O	_	_	_	_	_	_
du	O	O	O	O	O	O	_	_	_	_	_	_
travail	O	O	O	O	O	O	_	_	_	_	_	_
demain	O	O	O	O	O	O	_	_	EndOfLine	_	_	_
# segment_iiif_link = https://impresso-project.ch/api/proxy/iiif/IMP-1919-08-12-a-p0004/1059,1049,61,52/full/0/default.jpg
mardi	O	O	O	O	O	O	_	_	EndOfLine	_	_	_
# segment_iiif_link = https://impresso-project.ch/api/proxy/iiif/IMP-1919-08-12-a-p0004/1078,1070,459,52/full/0/default.jpg
L	O	O	O	O	O	O	_	_	NoSpaceAfter	_	_	_
'	O	O	O	O	O	O	_	_	NoSpaceAfter	_	_	_
impression	O	O	O	O	O	O	_	_	_	_	_	_
générale	O	O	O	O	O	O	_	_	_	_	_	_
est	O	O	O	O	O	O	_	_	_	_	_	_
que	O	O	O	O	O	O	_	_	_	_	_	_
mardi	O	O	O	O	O	O	_	_	_	_	_	_
1	O	O	O	O	O	O	_	_	_	_	_	_
e	O	O	O	O	O	O	_	_	_	_	_	_
travail	O	O	O	O	O	O	_	_	EndOfLine	_	_	_
# segment_iiif_link = https://impresso-project.ch/api/proxy/iiif/IMP-1919-08-12-a-p0004/1059,1090,477,52/full/0/default.jpg
pourra	O	O	O	O	O	O	_	_	_	_	_	_
partout	O	O	O	O	O	O	_	_	_	_	_	_
être	O	O	O	O	O	O	_	_	_	_	_	_
repris	O	O	O	O	O	O	_	_	NoSpaceAfter	_	_	_
,	O	O	O	O	O	O	_	_	_	_	_	_
fl	O	O	O	O	O	O	_	_	_	_	_	_
ne	O	O	O	O	O	O	_	_	_	_	_	_
s	O	O	O	O	O	O	_	_	NoSpaceAfter	_	_	_
'	O	O	O	O	O	O	_	_	NoSpaceAfter	_	_	_
est	O	O	O	O	O	O	_	_	_	_	_	_
produit	O	O	O	O	O	O	_	_	EndOfLine	_	_	_
# segment_iiif_link = https://impresso-project.ch/api/proxy/iiif/IMP-1919-08-12-a-p0004/1058,1113,376,52/full/0/default.jpg
aucun	O	O	O	O	O	O	_	_	_	_	_	_
incident	O	O	O	O	O	O	_	_	_	_	_	_
dans	O	O	O	O	O	O	_	_	_	_	_	_
la	O	O	O	O	O	O	_	_	_	_	_	_
journée	O	O	O	O	O	O	_	_	_	_	_	_
de	O	O	O	O	O	O	_	_	_	_	_	_
lundi	O	O	O	O	O	O	_	_	EndOfLine	_	_	_
# segment_iiif_link = https://impresso-project.ch/api/proxy/iiif/IMP-1919-08-12-a-p0004/1090,1143,414,52/full/0/default.jpg
La	O	O	O	O	O	O	_	_	_	_	_	_
randonnée	O	O	O	O	O	O	_	_	_	_	_	_
de	O	O	O	O	O	O	_	_	_	_	_	_
Comte	O	O	O	O	O	O	_	_	_	_	_	_
et	O	O	O	O	O	O	_	_	_	_	_	_
Mittelholzer	O	O	O	O	O	O	_	_	EndOfLine	_	_	_
# segment_iiif_link = https://impresso-project.ch/api/proxy/iiif/IMP-1919-08-12-a-p0004/1079,1179,461,52/full/0/default.jpg
ZURICH	O	O	O	O	O	O	_	_	NoSpaceAfter	_	_	_
,	O	O	O	O	O	O	_	_	_	_	_	_
11	O	O	O	O	O	O	_	_	_	_	_	_
août	O	O	O	O	O	O	_	_	NoSpaceAfter	EndOfSentence	_	_
.	O	O	O	O	O	O	_	_	_	_	_	_
—	O	O	O	O	O	O	_	_	_	_	_	_
Les	O	O	O	O	O	O	_	_	_	_	_	_
deux	O	O	O	O	O	O	_	_	_	_	_	_
aviateurs	O	O	O	O	O	O	_	_	EndOfLine	_	_	_
# segment_iiif_link = https://impresso-project.ch/api/proxy/iiif/IMP-1919-08-12-a-p0004/1058,1201,478,52/full/0/default.jpg
Comte	O	O	O	O	O	O	_	_	_	_	_	_
et	O	O	O	O	O	O	_	_	_	_	_	_
_	O	O	O	O	O	O	_	_	NoSpaceAfter	_	_	_
Mittelholzer	O	O	O	O	O	O	_	_	NoSpaceAfter	_	_	_
,	O	O	O	O	O	O	_	_	_	_	_	_
qui	O	O	O	O	O	O	_	_	NoSpaceAfter	_	_	_
,	O	O	O	O	O	O	_	_	_	_	_	_
dimanche	O	O	O	O	O	O	_	_	NoSpaceAfter	_	_	_
,	O	O	O	O	O	O	_	_	_	_	_	_
ont	O	O	O	O	O	O	_	_	EndOfLine	_	_	_
# segment_iiif_link = https://impresso-project.ch/api/proxy/iiif/IMP-1919-08-12-a-p0004/1058,1224,478,52/full/0/default.jpg
traversé	O	O	O	O	O	O	_	_	_	_	_	_
les	O	O	O	O	O	O	_	_	_	_	_	_
Alpes	O	O	O	O	O	O	_	_	_	_	_	_
en	O	O	O	O	O	O	_	_	_	_	_	_
se	O	O	O	O	O	O	_	_	_	_	_	_
rendant	O	O	O	O	O	O	_	_	_	_	_	_
à	O	O	O	O	O	O	_	_	_	_	_	_
Lausanne	O	O	O	O	O	O	_	_	_	_	_	_
et	O	O	O	O	O	O	_	_	EndOfLine	_	_	_
# segment_iiif_link = https://impresso-project.ch/api/proxy/iiif/IMP-1919-08-12-a-p0004/1058,1244,478,53/full/0/default.jpg
qui	O	O	O	O	O	O	_	_	NoSpaceAfter	EndOfSentence	_	_
.	O	O	O	O	O	O	_	_	_	_	_	_
de	O	O	O	O	O	O	_	_	_	_	_	_
fê	O	O	O	O	O	O	_	_	NoSpaceAfter	_	_	_
,	O	O	O	O	O	O	_	_	_	_	_	_
ont	O	O	O	O	O	O	_	_	_	_	_	_
continué	O	O	O	O	O	O	_	_	_	_	_	_
leur	O	O	O	O	O	O	_	_	_	_	_	_
voyage	O	O	O	O	O	O	_	_	_	_	_	_
sur	O	O	O	O	O	O	_	_	EndOfLine	_	_	_
# segment_iiif_link = https://impresso-project.ch/api/proxy/iiif/IMP-1919-08-12-a-p0004/1058,1267,477,53/full/0/default.jpg
Bellinzone	O	O	O	O	O	O	_	_	NoSpaceAfter	_	_	_
,	O	O	O	O	O	O	_	_	_	_	_	_
sont	O	O	O	O	O	O	_	_	_	_	_	_
arrivés	O	O	O	O	O	O	_	_	_	_	_	_
â	O	O	O	O	O	O	_	_	_	_	_	_
Zurich	O	O	O	O	O	O	_	_	_	_	_	_
dans	O	O	O	O	O	O	_	_	_	_	_	_
la	O	O	O	O	O	O	_	_	_	_	_	_
journée	O	O	O	O	O	O	_	_	_	_	_	_
de	O	O	O	O	O	O	_	_	EndOfLine	_	_	_
# segment_iiif_link = https://impresso-project.ch/api/proxy/iiif/IMP-1919-08-12-a-p0004/1058,1290,482,52/full/0/default.jpg
lundi	O	O	O	O	O	O	_	_	NoSpaceAfter	EndOfSentence	_	_
.	O	O	O	O	O	O	_	_	_	_	_	_
Ils	O	O	O	O	O	O	_	_	_	_	_	_
sont	O	O	O	O	O	O	_	_	_	_	_	_
repartis	O	O	O	O	O	O	_	_	_	_	_	_
et	O	O	O	O	O	O	_	_	_	_	_	_
ont	O	O	O	O	O	O	_	_	_	_	_	_
atterri	O	O	O	O	O	O	_	_	_	_	_	_
à	O	O	O	O	O	O	_	_	EndOfLine	_	_	_
# segment_iiif_link = https://impresso-project.ch/api/proxy/iiif/IMP-1919-08-12-a-p0004/1058,1312,478,52/full/0/default.jpg
Sohwamendingen	O	O	O	O	O	O	_	_	NoSpaceAfter	_	_	_
,	O	O	O	O	O	O	_	_	_	_	_	_
lieu	O	O	O	O	O	O	_	_	_	_	_	_
de	O	O	O	O	O	O	_	_	_	_	_	_
départ	O	O	O	O	O	O	_	_	NoSpaceAfter	EndOfSentence	_	_
.	O	O	O	O	O	O	_	_	_	_	_	_
Ils	O	O	O	O	O	O	_	_	_	_	_	_
ont	O	O	O	O	O	O	_	_	_	_	_	_
franchi	O	O	O	O	O	O	_	_	_	_	_	_
en	O	O	O	O	O	O	_	_	EndOfLine	_	_	_
# segment_iiif_link = https://impresso-project.ch/api/proxy/iiif/IMP-1919-08-12-a-p0004/1059,1335,215,52/full/0/default.jpg
tout	O	O	O	O	O	O	_	_	_	_	_	_
1200	O	O	O	O	O	O	_	_	_	_	_	_
kilomètres	O	O	O	O	O	O	_	_	NoSpaceAfter	EndOfSentence	_	_
.	O	O	O	O	O	O	_	_	EndOfLine	_	_	_
# segment_iiif_link = https://impresso-project.ch/api/proxy/iiif/IMP-1919-08-12-a-p0004/1089,1366,415,52/full/0/default.jpg
La	O	O	O	O	O	O	_	_	_	_	_	_
circulation	O	O	O	O	O	O	_	_	_	_	_	_
des	O	O	O	O	O	O	_	_	_	_	_	_
autos	O	O	O	O	O	O	_	_	_	_	_	_
dans	O	O	O	O	O	O	_	_	_	_	_	_
(	O	O	O	O	O	O	_	_	NoSpaceAfter	_	_	_
es	O	O	O	O	O	O	_	_	_	_	_	_
Grisons	O	O	O	O	O	O	_	_	EndOfLine	_	_	_
# segment_iiif_link = https://impresso-project.ch/api/proxy/iiif/IMP-1919-08-12-a-p0004/1078,1398,457,52/full/0/default.jpg
GO	O	O	O	O	O	O	_	_	_	_	_	_
IRE	O	O	O	O	O	O	_	_	NoSpaceAfter	_	_	_
,	O	O	O	O	O	O	_	_	_	_	_	_
10	O	O	O	O	O	O	_	_	_	_	_	_
août	O	O	O	O	O	O	_	_	NoSpaceAfter	EndOfSentence	_	_
.	O	O	O	O	O	O	_	_	_	_	_	_
—	O	O	O	O	O	O	_	_	_	_	_	_
Le	O	O	O	O	O	O	_	_	_	_	_	_
gouvernement	O	O	O	O	O	O	_	_	_	_	_	_
a	O	O	O	O	O	O	_	_	EndOfLine	_	_	_
# segment_iiif_link = https://impresso-project.ch/api/proxy/iiif/IMP-1919-08-12-a-p0004/1058,1419,476,53/full/0/default.jpg
l	O	O	O	O	O	O	_	_	NoSpaceAfter	_	_	_
'	O	O	O	O	O	O	_	_	NoSpaceAfter	_	_	_
intention	O	O	O	O	O	O	_	_	_	_	_	_
de	O	O	O	O	O	O	_	_	_	_	_	_
rapporter	O	O	O	O	O	O	_	_	NoSpaceAfter	_	_	_
,	O	O	O	O	O	O	_	_	_	_	_	_
par	O	O	O	O	O	O	_	_	_	_	_	_
voie	O	O	O	O	O	O	_	_	_	_	_	_
de	O	O	O	O	O	O	_	_	_	_	_	_
révision	O	O	O	O	O	O	_	_	_	_	_	_
de	O	O	O	O	O	O	_	_	EndOfLine	_	_	_
# segment_iiif_link = https://impresso-project.ch/api/proxy/iiif/IMP-1919-08-12-a-p0004/1058,1441,475,52/full/0/default.jpg
la	O	O	O	O	O	O	_	_	_	_	_	_
loi	O	O	O	O	O	O	_	_	NoSpaceAfter	_	_	_
,	O	O	O	O	O	O	_	_	_	_	_	_
l	O	O	O	O	O	O	_	_	NoSpaceAfter	_	_	_
'	O	O	O	O	O	O	_	_	NoSpaceAfter	_	_	_
interdiction	O	O	O	O	O	O	_	_	_	_	_	_
générale	O	O	O	O	O	O	_	_	_	_	_	_
et	O	O	O	O	O	O	_	_	_	_	_	_
absolue	O	O	O	O	O	O	_	_	_	_	_	_
de	O	O	O	O	O	O	_	_	_	_	_	_
la	O	O	O	O	O	O	_	_	EndOfLine	_	_	_
# segment_iiif_link = https://impresso-project.ch/api/proxy/iiif/IMP-1919-08-12-a-p0004/1058,1463,476,52/full/0/default.jpg
circulation	O	O	O	O	O	O	_	_	_	_	_	_
des	O	O	O	O	O	O	_	_	_	_	_	_
automobiles	O	O	O	O	O	O	_	_	NoSpaceAfter	EndOfSentence	_	_
.	O	O	O	O	O	O	_	_	_	_	_	_
Il	O	O	O	O	O	O	_	_	_	_	_	_
comunique	O	O	O	O	O	O	_	_	_	_	_	_
qu	O	O	O	O	O	O	_	_	NoSpaceAfter	_	_	_
'	O	O	O	O	O	O	_	_	NoSpaceAfter	_	_	_
un	O	O	O	O	O	O	_	_	EndOfLine	_	_	_
# segment_iiif_link = https://impresso-project.ch/api/proxy/iiif/IMP-1919-08-12-a-p0004/1058,1483,476,53/full/0/default.jpg
projet	O	O	O	O	O	O	_	_	_	_	_	_
dans	O	O	O	O	O	O	_	_	_	_	_	_
ce	O	O	O	O	O	O	_	_	_	_	_	_
sens	O	O	O	O	O	O	_	_	_	_	_	_
sera	O	O	O	O	O	O	_	_	_	_	_	_
discuté	O	O	O	O	O	O	_	_	_	_	_	_
l	O	O	O	O	O	O	_	_	NoSpaceAfter	_	_	_
'	O	O	O	O	O	O	_	_	NoSpaceAfter	_	_	_
automne	O	O	O	O	O	O	_	_	EndOfLine	_	_	_
# segment_iiif_link = https://impresso-project.ch/api/proxy/iiif/IMP-1919-08-12-a-p0004/1059,1506,476,52/full/0/default.jpg
prochain	O	O	O	O	O	O	_	_	_	_	_	_
par	O	O	O	O	O	O	_	_	_	_	_	_
le	O	O	O	O	O	O	_	_	_	_	_	_
Grand	O	O	O	O	O	O	_	_	_	_	_	_
Conseil	O	O	O	O	O	O	_	_	NoSpaceAfter	_	_	_
,	O	O	O	O	O	O	_	_	_	_	_	_
puis	O	O	O	O	O	O	_	_	_	_	_	_
soumis	O	O	O	O	O	O	_	_	_	_	_	_
à	O	O	O	O	O	O	_	_	_	_	_	_
la	O	O	O	O	O	O	_	_	EndOfLine	_	_	_
# segment_iiif_link = https://impresso-project.ch/api/proxy/iiif/IMP-1919-08-12-a-p0004/1058,1529,66,52/full/0/default.jpg
votation	O	O	O	O	O	O	_	_	NoSpaceAfter	EndOfSentence	_	_
.	O	O	O	O	O	O	_	_	EndOfLine	_	_	_

# language = fr
# newspaper = IMP
# date = 1931-07-25
# document_id = IMP-1931-07-25-a-i0093
# news-agency-as-source = Q430109
# segment_iiif_link = https://impresso-project.ch/api/proxy/iiif/IMP-1931-07-25-a-p0008/1158,1879,310,62/full/0/default.jpg
L	O	O	O	O	O	O	_	_	NoSpaceAfter	_	_	_
'	O	O	O	O	O	O	_	_	NoSpaceAfter	_	_	_
affairés	O	O	O	O	O	O	_	_	_	_	_	_
des	O	O	O	O	O	O	_	_	_	_	_	_
zones	O	O	O	O	O	O	_	_	EndOfLine	_	_	_
# segment_iiif_link = https://impresso-project.ch/api/proxy/iiif/IMP-1931-07-25-a-p0008/1081,1915,460,51/full/0/default.jpg
Berne	O	O	O	O	O	O	_	_	_	_	_	_
ne	O	O	O	O	O	O	_	_	_	_	_	_
répliquera	O	O	O	O	O	O	_	_	_	_	_	_
pas	O	O	O	O	O	O	_	_	_	_	_	_
pour	O	O	O	O	O	O	_	_	_	_	_	_
le	O	O	O	O	O	O	_	_	_	_	_	_
moment	O	O	O	O	O	O	_	_	EndOfLine	_	_	_
# segment_iiif_link = https://impresso-project.ch/api/proxy/iiif/IMP-1931-07-25-a-p0008/1219,1938,187,51/full/0/default.jpg
à	O	O	O	O	O	O	_	_	_	_	_	_
l	O	O	O	O	O	O	_	_	NoSpaceAfter	_	_	_
'	O	O	O	O	O	O	_	_	NoSpaceAfter	_	_	_
agence	O	O	O	O	O	O	_	_	_	_	_	_
Havas	O	O	O	O	O	O	_	_	EndOfLine	_	_	_
# segment_iiif_link = https://impresso-project.ch/api/proxy/iiif/IMP-1931-07-25-a-p0008/1096,1976,456,52/full/0/default.jpg
BERNE	O	O	O	O	O	O	_	_	NoSpaceAfter	_	_	_
,	O	O	O	O	O	O	_	_	_	_	_	_
25	O	O	O	O	O	O	_	_	NoSpaceAfter	_	_	_
.	O	O	O	O	O	O	_	_	_	EndOfSentence	_	_
—	O	O	O	O	O	O	_	_	_	_	_	_
L	O	O	O	O	O	O	_	_	NoSpaceAfter	_	_	_
'	O	O	O	O	O	O	_	_	NoSpaceAfter	_	_	_
Agence	B-org	O	B-org.ent.pressagency.ATS-SDA	O	O	O	Q430109	_	_	_	LED0.00	_
télégraphique	I-org	O	I-org.ent.pressagency.ATS-SDA	O	O	O	Q430109	_	_	_	LED0.00	_
suisse	I-org	O	I-org.ent.pressagency.ATS-SDA	O	O	O	Q430109	_	EndOfLine	_	LED0.00	_
# segment_iiif_link = https://impresso-project.ch/api/proxy/iiif/IMP-1931-07-25-a-p0008/1076,1997,476,52/full/0/default.jpg
croit	O	O	O	O	O	O	_	_	_	_	_	_
savoir	O	O	O	O	O	O	_	_	_	_	_	_
que	O	O	O	O	O	O	_	_	_	_	_	_
le	O	O	O	O	O	O	_	_	_	_	_	_
communiqué	O	O	O	O	O	O	_	_	_	_	_	_
publié	O	O	O	O	O	O	_	_	_	_	_	_
par	O	O	O	O	O	O	_	_	_	_	_	_
l	O	O	O	O	O	O	_	_	NoSpaceAfter	_	_	_
'	O	O	O	O	O	O	_	_	EndOfLine|NoSpaceAfter	_	_	_
# segment_iiif_link = https://impresso-project.ch/api/proxy/iiif/IMP-1931-07-25-a-p0008/1076,2018,476,52/full/0/default.jpg
agence	O	O	O	O	O	O	_	_	_	_	_	_
Havas	B-org	O	B-org.ent.pressagency.Havas	O	O	O	_	_	_	_	_	_
au	O	O	O	O	O	O	_	_	_	_	_	_
isujet	O	O	O	O	O	O	_	_	_	_	_	_
de	O	O	O	O	O	O	_	_	_	_	_	_
la	O	O	O	O	O	O	_	_	_	_	_	_
rupture	O	O	O	O	O	O	_	_	_	_	_	_
des	O	O	O	O	O	O	_	_	EndOfLine	_	_	_
# segment_iiif_link = https://impresso-project.ch/api/proxy/iiif/IMP-1931-07-25-a-p0008/1076,2040,475,52/full/0/default.jpg
négociations	O	O	O	O	O	O	_	_	_	_	_	_
franco	O	O	O	O	O	O	_	_	NoSpaceAfter	_	_	_
-	O	O	O	O	O	O	_	_	NoSpaceAfter	_	_	_
suisses	O	O	O	O	O	O	_	_	_	_	_	_
en	O	O	O	O	O	O	_	_	_	_	_	_
l	O	O	O	O	O	O	_	_	NoSpaceAfter	_	_	_
'	O	O	O	O	O	O	_	_	NoSpaceAfter	_	_	_
affaire	O	O	O	O	O	O	_	_	_	_	_	_
des	O	O	O	O	O	O	_	_	_	_	_	_
zones	O	O	O	O	O	O	_	_	_	_	_	_
ne	O	O	O	O	O	O	_	_	EndOfLine	_	_	_
# segment_iiif_link = https://impresso-project.ch/api/proxy/iiif/IMP-1931-07-25-a-p0008/1076,2061,474,53/full/0/default.jpg
donnera	O	O	O	O	O	O	_	_	_	_	_	_
probablement	O	O	O	O	O	O	_	_	_	_	_	_
pas	O	O	O	O	O	O	_	_	_	_	_	_
lieu	O	O	O	O	O	O	_	_	_	_	_	_
pour	O	O	O	O	O	O	_	_	_	_	_	_
le	O	O	O	O	O	O	_	_	_	_	_	_
moment	O	O	O	O	O	O	_	_	EndOfLine	_	_	_
# segment_iiif_link = https://impresso-project.ch/api/proxy/iiif/IMP-1931-07-25-a-p0008/1076,2083,474,52/full/0/default.jpg
à	O	O	O	O	O	O	_	_	_	_	_	_
de	O	O	O	O	O	O	_	_	_	_	_	_
nouvelles	O	O	O	O	O	O	_	_	_	_	_	_
communications	O	O	O	O	O	O	_	_	_	_	_	_
de	O	O	O	O	O	O	_	_	_	_	_	_
source	O	O	O	O	O	O	_	_	EndOfLine	_	_	_
# segment_iiif_link = https://impresso-project.ch/api/proxy/iiif/IMP-1931-07-25-a-p0008/1076,2103,474,52/full/0/default.jpg
officielle	O	O	O	O	O	O	_	_	_	_	_	_
suisse	O	O	O	O	O	O	_	_	NoSpaceAfter	_	_	_
,	O	O	O	O	O	O	_	_	_	_	_	_
notamment	O	O	O	O	O	O	_	_	_	_	_	_
en	O	O	O	O	O	O	_	_	_	_	_	_
raison	O	O	O	O	O	O	_	_	_	_	_	_
du	O	O	O	O	O	O	_	_	_	_	_	_
fait	O	O	O	O	O	O	_	_	_	_	_	_
que	O	O	O	O	O	O	_	_	EndOfLine	_	_	_
# segment_iiif_link = https://impresso-project.ch/api/proxy/iiif/IMP-1931-07-25-a-p0008/1076,2124,477,52/full/0/default.jpg
dans	O	O	O	O	O	O	_	_	_	_	_	_
une	O	O	O	O	O	O	_	_	_	_	_	_
huitaine	O	O	O	O	O	O	_	_	_	_	_	_
de	O	O	O	O	O	O	_	_	_	_	_	_
jours	O	O	O	O	O	O	_	_	_	_	_	_
la	O	O	O	O	O	O	_	_	_	_	_	_
procédure	O	O	O	O	O	O	_	_	EndOfLine	_	_	_
# segment_iiif_link = https://impresso-project.ch/api/proxy/iiif/IMP-1931-07-25-a-p0008/1076,2145,474,52/full/0/default.jpg
judiciaire	O	O	O	O	O	O	_	_	_	_	_	_
_	O	O	O	O	O	O	_	_	NoSpaceAfter	_	_	_
isuivra	O	O	O	O	O	O	_	_	_	_	_	_
son	O	O	O	O	O	O	_	_	_	_	_	_
cours	O	O	O	O	O	O	_	_	_	_	_	_
aux	O	O	O	O	O	O	_	_	_	_	_	_
termes	O	O	O	O	O	O	_	_	_	_	_	_
de	O	O	O	O	O	O	_	_	_	_	_	_
l	O	O	O	O	O	O	_	_	NoSpaceAfter	_	_	_
'	O	O	O	O	O	O	_	_	EndOfLine|NoSpaceAfter	_	_	_
# segment_iiif_link = https://impresso-project.ch/api/proxy/iiif/IMP-1931-07-25-a-p0008/1076,2166,474,53/full/0/default.jpg
ordonnance	O	O	O	O	O	O	_	_	_	_	_	_
de	O	O	O	O	O	O	_	_	_	_	_	_
la	O	O	O	O	O	O	_	_	_	_	_	_
Cour	O	O	O	O	O	O	_	_	_	_	_	_
permanente	O	O	O	O	O	O	_	_	_	_	_	_
de	O	O	O	O	O	O	_	_	_	_	_	_
justice	O	O	O	O	O	O	_	_	EndOfLine	_	_	_
# segment_iiif_link = https://impresso-project.ch/api/proxy/iiif/IMP-1931-07-25-a-p0008/1076,2188,475,52/full/0/default.jpg
internationale	O	O	O	O	O	O	_	_	_	_	_	_
du	O	O	O	O	O	O	_	_	_	_	_	_
6	O	O	O	O	O	O	_	_	_	_	_	_
décembre	O	O	O	O	O	O	_	_	_	_	_	_
1930	O	O	O	O	O	O	_	_	NoSpaceAfter	_	_	_
.	O	O	O	O	O	O	_	_	_	EndOfSentence	_	_
D	O	O	O	O	O	O	_	_	NoSpaceAfter	_	_	_
'	O	O	O	O	O	O	_	_	NoSpaceAfter	_	_	_
ailleurs	O	O	O	O	O	O	_	_	NoSpaceAfter	_	_	_
,	O	O	O	O	O	O	_	_	_	_	_	_
les	O	O	O	O	O	O	_	_	_	_	_	_
notes	O	O	O	O	O	O	_	_	EndOfLine	_	_	_
# segment_iiif_link = https://impresso-project.ch/api/proxy/iiif/IMP-1931-07-25-a-p0008/1076,2209,476,52/full/0/default.jpg
officielles	O	O	O	O	O	O	_	_	_	_	_	_
publiées	O	O	O	O	O	O	_	_	_	_	_	_
par	O	O	O	O	O	O	_	_	_	_	_	_
la	O	O	O	O	O	O	_	_	_	_	_	_
presse	O	O	O	O	O	O	_	_	_	_	_	_
suisse	O	O	O	O	O	O	_	_	NoSpaceAfter	_	_	_
,	O	O	O	O	O	O	_	_	_	_	_	_
le	O	O	O	O	O	O	_	_	_	_	_	_
20	O	O	O	O	O	O	_	_	EndOfLine	_	_	_
# segment_iiif_link = https://impresso-project.ch/api/proxy/iiif/IMP-1931-07-25-a-p0008/1076,2228,476,52/full/0/default.jpg
juillet	O	O	O	O	O	O	_	_	NoSpaceAfter	_	_	_
,	O	O	O	O	O	O	_	_	_	_	_	_
permettent	O	O	O	O	O	O	_	_	_	_	_	_
de	O	O	O	O	O	O	_	_	_	_	_	_
se	O	O	O	O	O	O	_	_	_	_	_	_
rendre	O	O	O	O	O	O	_	_	_	_	_	_
compte	O	O	O	O	O	O	_	_	EndOfLine	_	_	_
# segment_iiif_link = https://impresso-project.ch/api/proxy/iiif/IMP-1931-07-25-a-p0008/1076,2251,475,52/full/0/default.jpg
exactement	O	O	O	O	O	O	_	_	_	_	_	_
des	O	O	O	O	O	O	_	_	_	_	_	_
diverses	O	O	O	O	O	O	_	_	_	_	_	_
phases	O	O	O	O	O	O	_	_	_	_	_	_
des	O	O	O	O	O	O	_	_	_	_	_	_
négociations	O	O	O	O	O	O	_	_	EndOfLine	_	_	_
# segment_iiif_link = https://impresso-project.ch/api/proxy/iiif/IMP-1931-07-25-a-p0008/1076,2272,477,52/full/0/default.jpg
franco	O	O	O	O	O	O	_	_	NoSpaceAfter	_	_	_
-	O	O	O	O	O	O	_	_	NoSpaceAfter	_	_	_
suisses	O	O	O	O	O	O	_	_	NoSpaceAfter	_	_	_
,	O	O	O	O	O	O	_	_	_	_	_	_
que	O	O	O	O	O	O	_	_	_	_	_	_
l	O	O	O	O	O	O	_	_	NoSpaceAfter	_	_	_
'	O	O	O	O	O	O	_	_	NoSpaceAfter	_	_	_
agence	O	O	O	O	O	O	_	_	_	_	_	_
Havas	B-org	O	B-org.ent.pressagency.Havas	O	O	O	_	_	_	_	_	_
relate	O	O	O	O	O	O	_	_	NoSpaceAfter	_	_	_
,	O	O	O	O	O	O	_	_	_	_	_	_
elle	O	O	O	O	O	O	_	_	NoSpaceAfter	_	_	_
,	O	O	O	O	O	O	_	_	EndOfLine	_	_	_
# segment_iiif_link = https://impresso-project.ch/api/proxy/iiif/IMP-1931-07-25-a-p0008/1076,2293,476,53/full/0/default.jpg
en	O	O	O	O	O	O	_	_	_	_	_	_
mettant	O	O	O	O	O	O	_	_	_	_	_	_
particulièrement	O	O	O	O	O	O	_	_	_	_	_	_
en	O	O	O	O	O	O	_	_	_	_	_	_
relief	O	O	O	O	O	O	_	_	_	_	_	_
le	O	O	O	O	O	O	_	_	_	_	_	_
point	O	O	O	O	O	O	_	_	_	_	_	_
de	O	O	O	O	O	O	_	_	EndOfLine	_	_	_
# segment_iiif_link = https://impresso-project.ch/api/proxy/iiif/IMP-1931-07-25-a-p0008/1076,2314,126,52/full/0/default.jpg
vue	O	O	O	O	O	O	_	_	_	_	_	_
français	O	O	O	O	O	O	_	_	NoSpaceAfter	_	_	_
.	O	O	O	O	O	O	_	_	EndOfLine	EndOfSentence	_	_
# segment_iiif_link = https://impresso-project.ch/api/proxy/iiif/IMP-1931-07-25-a-p0008/1097,2339,453,52/full/0/default.jpg
Quant	O	O	O	O	O	O	_	_	_	_	_	_
au	O	O	O	O	O	O	_	_	_	_	_	_
fait	O	O	O	O	O	O	_	_	_	_	_	_
que	O	O	O	O	O	O	_	_	_	_	_	_
du	O	O	O	O	O	O	_	_	_	_	_	_
côté	O	O	O	O	O	O	_	_	_	_	_	_
français	O	O	O	O	O	O	_	_	NoSpaceAfter	_	_	_
,	O	O	O	O	O	O	_	_	_	_	_	_
les	O	O	O	O	O	O	_	_	_	_	_	_
offres	O	O	O	O	O	O	_	_	EndOfLine	_	_	_
# segment_iiif_link = https://impresso-project.ch/api/proxy/iiif/IMP-1931-07-25-a-p0008/1076,2360,476,52/full/0/default.jpg
présentées	O	O	O	O	O	O	_	_	_	_	_	_
par	O	O	O	O	O	O	_	_	_	_	_	_
la	O	O	O	O	O	O	_	_	_	_	_	_
France	O	O	O	O	O	O	_	_	_	_	_	_
sont	O	O	O	O	O	O	_	_	_	_	_	_
jugées	O	O	O	O	O	O	_	_	EndOfLine	_	_	_
# segment_iiif_link = https://impresso-project.ch/api/proxy/iiif/IMP-1931-07-25-a-p0008/1076,2381,475,53/full/0/default.jpg
considérables	O	O	O	O	O	O	_	_	NoSpaceAfter	_	_	_
,	O	O	O	O	O	O	_	_	_	_	_	_
alors	O	O	O	O	O	O	_	_	_	_	_	_
qu	O	O	O	O	O	O	_	_	NoSpaceAfter	_	_	_
'	O	O	O	O	O	O	_	_	NoSpaceAfter	_	_	_
en	O	O	O	O	O	O	_	_	_	_	_	_
Suisse	O	O	O	O	O	O	_	_	_	_	_	_
une	O	O	O	O	O	O	_	_	_	_	_	_
autre	O	O	O	O	O	O	_	_	_	_	_	_
appréciation	O	O	O	O	O	O	_	_	_	_	_	_
a	O	O	O	O	O	O	_	_	EndOfLine	_	_	_
# segment_iiif_link = https://impresso-project.ch/api/proxy/iiif/IMP-1931-07-25-a-p0008/1076,2403,474,52/full/0/default.jpg
dû	O	O	O	O	O	O	_	_	_	_	_	_
prévaloir	O	O	O	O	O	O	_	_	NoSpaceAfter	_	_	_
,	O	O	O	O	O	O	_	_	_	_	_	_
il	O	O	O	O	O	O	_	_	_	_	_	_
y	O	O	O	O	O	O	_	_	_	_	_	_
a	O	O	O	O	O	O	_	_	_	_	_	_
lieu	O	O	O	O	O	O	_	_	_	_	_	_
de	O	O	O	O	O	O	_	_	_	_	_	_
faire	O	O	O	O	O	O	_	_	_	_	_	_
observer	O	O	O	O	O	O	_	_	_	_	_	_
que	O	O	O	O	O	O	_	_	EndOfLine	_	_	_
# segment_iiif_link = https://impresso-project.ch/api/proxy/iiif/IMP-1931-07-25-a-p0008/1076,2425,474,52/full/0/default.jpg
cette	O	O	O	O	O	O	_	_	_	_	_	_
divergence	O	O	O	O	O	O	_	_	_	_	_	_
de	O	O	O	O	O	O	_	_	_	_	_	_
vues	O	O	O	O	O	O	_	_	_	_	_	_
a	O	O	O	O	O	O	_	_	_	_	_	_
précisément	O	O	O	O	O	O	_	_	_	_	_	_
rendu	O	O	O	O	O	O	_	_	EndOfLine	_	_	_
# segment_iiif_link = https://impresso-project.ch/api/proxy/iiif/IMP-1931-07-25-a-p0008/1076,2445,476,53/full/0/default.jpg
nécessaire	O	O	O	O	O	O	_	_	_	_	_	_
la	O	O	O	O	O	O	_	_	_	_	_	_
continuation	O	O	O	O	O	O	_	_	_	_	_	_
de	O	O	O	O	O	O	_	_	_	_	_	_
la	O	O	O	O	O	O	_	_	_	_	_	_
procédure	O	O	O	O	O	O	_	_	EndOfLine	_	_	_
# segment_iiif_link = https://impresso-project.ch/api/proxy/iiif/IMP-1931-07-25-a-p0008/1077,2466,177,52/full/0/default.jpg
engagée	O	O	O	O	O	O	_	_	_	_	_	_
à	O	O	O	O	O	O	_	_	_	_	_	_
La	O	O	O	O	O	O	_	_	_	_	_	_
Haye	O	O	O	O	O	O	_	_	NoSpaceAfter	_	_	_
,	O	O	O	O	O	O	_	_	EndOfLine	EndOfSentence	_	_

# language = fr
# newspaper = IMP
# date = 1952-06-24
# document_id = IMP-1952-06-24-a-i0159
# news-agency-as-source = Q40464
# segment_iiif_link = https://impresso-project.ch/api/proxy/iiif/IMP-1952-06-24-a-p0012/1520,543,221,52/full/0/default.jpg
Le	O	O	O	O	O	O	_	_	_	_	_	_
retour	O	O	O	O	O	O	_	_	_	_	_	_
triomphal	O	O	O	O	O	O	_	_	EndOfLine	_	_	_
# segment_iiif_link = https://impresso-project.ch/api/proxy/iiif/IMP-1952-06-24-a-p0012/1462,573,336,52/full/0/default.jpg
de	O	O	O	O	O	O	_	_	_	_	_	_
M	O	O	O	O	O	O	_	_	NoSpaceAfter	_	_	_
.	O	O	O	O	O	O	_	_	_	_	_	_
Mossadegh	O	O	O	O	O	O	_	_	_	_	_	_
à	O	O	O	O	O	O	_	_	_	_	_	_
Téhéran	O	O	O	O	O	O	_	_	EndOfLine	_	_	_
# segment_iiif_link = https://impresso-project.ch/api/proxy/iiif/IMP-1952-06-24-a-p0012/1477,608,321,44/full/0/default.jpg
TEHERAN	O	O	O	O	O	O	_	_	NoSpaceAfter	_	_	_
,	O	O	O	O	O	O	_	_	_	_	_	_
24	O	O	O	O	O	O	_	_	NoSpaceAfter	_	_	_
.	O	O	O	O	O	O	_	_	_	EndOfSentence	_	_
—	O	O	O	O	O	O	_	_	_	_	_	_
AFP	B-org	O	B-org.ent.pressagency.AFP	O	O	O	Q40464	_	NoSpaceAfter	_	LED0.00	_
.	O	O	O	O	O	O	_	_	_	EndOfSentence	_	_
—	O	O	O	O	O	O	_	_	_	_	_	_
Soixante	O	O	O	O	O	O	_	_	EndOfLine	_	_	_
# segment_iiif_link = https://impresso-project.ch/api/proxy/iiif/IMP-1952-06-24-a-p0012/1460,628,337,43/full/0/default.jpg
dix	O	O	O	O	O	O	_	_	_	_	_	_
mille	O	O	O	O	O	O	_	_	_	_	_	_
personnes	O	O	O	O	O	O	_	_	NoSpaceAfter	_	_	_
,	O	O	O	O	O	O	_	_	_	_	_	_
massées	O	O	O	O	O	O	_	_	_	_	_	_
sur	O	O	O	O	O	O	_	_	_	_	_	_
la	O	O	O	O	O	O	_	_	EndOfLine	_	_	_
# segment_iiif_link = https://impresso-project.ch/api/proxy/iiif/IMP-1952-06-24-a-p0012/1459,647,337,44/full/0/default.jpg
route	O	O	O	O	O	O	_	_	_	_	_	_
conduisant	O	O	O	O	O	O	_	_	_	_	_	_
de	O	O	O	O	O	O	_	_	_	_	_	_
l	O	O	O	O	O	O	_	_	NoSpaceAfter	_	_	_
'	O	O	O	O	O	O	_	_	NoSpaceAfter	_	_	_
aérodrome	O	O	O	O	O	O	_	_	_	_	_	_
au	O	O	O	O	O	O	_	_	EndOfLine	_	_	_
# segment_iiif_link = https://impresso-project.ch/api/proxy/iiif/IMP-1952-06-24-a-p0012/1459,667,338,44/full/0/default.jpg
Palais	O	O	O	O	O	O	_	_	_	_	_	_
du	O	O	O	O	O	O	_	_	_	_	_	_
Chah	O	O	O	O	O	O	_	_	_	_	_	_
In	O	O	O	O	O	O	_	_	_	_	_	_
Chah	O	O	O	O	O	O	_	_	NoSpaceAfter	_	_	_
,	O	O	O	O	O	O	_	_	_	_	_	_
ont	O	O	O	O	O	O	_	_	_	_	_	_
acclamé	O	O	O	O	O	O	_	_	_	_	_	_
le	O	O	O	O	O	O	_	_	EndOfLine	_	_	_
# segment_iiif_link = https://impresso-project.ch/api/proxy/iiif/IMP-1952-06-24-a-p0012/1459,686,338,44/full/0/default.jpg
Dr	O	O	O	O	O	O	_	_	_	_	_	_
Mossadegh	O	O	O	O	O	O	_	_	NoSpaceAfter	_	_	_
,	O	O	O	O	O	O	_	_	_	_	_	_
premier	O	O	O	O	O	O	_	_	_	_	_	_
ministre	O	O	O	O	O	O	_	_	NoSpaceAfter	_	_	_
,	O	O	O	O	O	O	_	_	_	_	_	_
à	O	O	O	O	O	O	_	_	_	_	_	_
son	O	O	O	O	O	O	_	_	EndOfLine	_	_	_
# segment_iiif_link = https://impresso-project.ch/api/proxy/iiif/IMP-1952-06-24-a-p0012/1459,705,339,44/full/0/default.jpg
retour	O	O	O	O	O	O	_	_	_	_	_	_
de	O	O	O	O	O	O	_	_	_	_	_	_
La	O	O	O	O	O	O	_	_	_	_	_	_
Haye	O	O	O	O	O	O	_	_	NoSpaceAfter	_	_	_
,	O	O	O	O	O	O	_	_	_	_	_	_
où	O	O	O	O	O	O	_	_	_	_	_	_
il	O	O	O	O	O	O	_	_	_	_	_	_
vient	O	O	O	O	O	O	_	_	_	_	_	_
de	O	O	O	O	O	O	_	_	EndOfLine	_	_	_
# segment_iiif_link = https://impresso-project.ch/api/proxy/iiif/IMP-1952-06-24-a-p0012/1459,725,337,43/full/0/default.jpg
plaider	O	O	O	O	O	O	_	_	_	_	_	_
la	O	O	O	O	O	O	_	_	_	_	_	_
cause	O	O	O	O	O	O	_	_	_	_	_	_
de	O	O	O	O	O	O	_	_	_	_	_	_
l	O	O	O	O	O	O	_	_	NoSpaceAfter	_	_	_
'	O	O	O	O	O	O	_	_	NoSpaceAfter	_	_	_
Iran	O	O	O	O	O	O	_	_	_	_	_	_
dans	O	O	O	O	O	O	_	_	_	_	_	_
le	O	O	O	O	O	O	_	_	EndOfLine	_	_	_
# segment_iiif_link = https://impresso-project.ch/api/proxy/iiif/IMP-1952-06-24-a-p0012/1459,743,337,44/full/0/default.jpg
différend	O	O	O	O	O	O	_	_	_	_	_	_
opposant	O	O	O	O	O	O	_	_	_	_	_	_
ce	O	O	O	O	O	O	_	_	_	_	_	_
pays	O	O	O	O	O	O	_	_	_	_	_	_
à	O	O	O	O	O	O	_	_	_	_	_	_
la	O	O	O	O	O	O	_	_	EndOfLine	_	_	_
# segment_iiif_link = https://impresso-project.ch/api/proxy/iiif/IMP-1952-06-24-a-p0012/1459,763,305,44/full/0/default.jpg
Bretagne	O	O	O	O	O	O	_	_	_	_	_	_
sur	O	O	O	O	O	O	_	_	_	_	_	_
l	O	O	O	O	O	O	_	_	NoSpaceAfter	_	_	_
'	O	O	O	O	O	O	_	_	NoSpaceAfter	_	_	_
affaire	O	O	O	O	O	O	_	_	_	_	_	_
des	O	O	O	O	O	O	_	_	_	_	_	_
pétroles	O	O	O	O	O	O	_	_	NoSpaceAfter	_	_	_
.	O	O	O	O	O	O	_	_	EndOfLine	EndOfSentence	_	_
# segment_iiif_link = https://impresso-project.ch/api/proxy/iiif/IMP-1952-06-24-a-p0012/1475,786,321,44/full/0/default.jpg
Au	O	O	O	O	O	O	_	_	_	_	_	_
milieu	O	O	O	O	O	O	_	_	_	_	_	_
d	O	O	O	O	O	O	_	_	NoSpaceAfter	_	_	_
'	O	O	O	O	O	O	_	_	NoSpaceAfter	_	_	_
un	O	O	O	O	O	O	_	_	_	_	_	_
enthousiasme	O	O	O	O	O	O	_	_	EndOfLine	_	_	_
# segment_iiif_link = https://impresso-project.ch/api/proxy/iiif/IMP-1952-06-24-a-p0012/1458,806,339,43/full/0/default.jpg
indescriptible	O	O	O	O	O	O	_	_	NoSpaceAfter	_	_	_
,	O	O	O	O	O	O	_	_	_	_	_	_
les	O	O	O	O	O	O	_	_	_	_	_	_
partisans	O	O	O	O	O	O	_	_	_	_	_	_
de	O	O	O	O	O	O	_	_	_	_	_	_
M	O	O	O	O	O	O	_	_	NoSpaceAfter	_	_	_
.	O	O	O	O	O	O	_	_	_	_	_	_
Mossadegh	O	O	O	O	O	O	_	_	EndOfLine	_	_	_
# segment_iiif_link = https://impresso-project.ch/api/proxy/iiif/IMP-1952-06-24-a-p0012/1459,825,336,44/full/0/default.jpg
avaient	O	O	O	O	O	O	_	_	_	_	_	_
rompu	O	O	O	O	O	O	_	_	_	_	_	_
tous	O	O	O	O	O	O	_	_	_	_	_	_
les	O	O	O	O	O	O	_	_	_	_	_	_
barrages	O	O	O	O	O	O	_	_	_	_	_	_
de	O	O	O	O	O	O	_	_	EndOfLine	_	_	_
# segment_iiif_link = https://impresso-project.ch/api/proxy/iiif/IMP-1952-06-24-a-p0012/1459,845,336,43/full/0/default.jpg
police	O	O	O	O	O	O	_	_	NoSpaceAfter	_	_	_
,	O	O	O	O	O	O	_	_	_	_	_	_
ne	O	O	O	O	O	O	_	_	_	_	_	_
laissant	O	O	O	O	O	O	_	_	_	_	_	_
sur	O	O	O	O	O	O	_	_	_	_	_	_
la	O	O	O	O	O	O	_	_	_	_	_	_
route	O	O	O	O	O	O	_	_	_	_	_	_
qu	O	O	O	O	O	O	_	_	NoSpaceAfter	_	_	_
'	O	O	O	O	O	O	_	_	NoSpaceAfter	_	_	_
un	O	O	O	O	O	O	_	_	EndOfLine	_	_	_
# segment_iiif_link = https://impresso-project.ch/api/proxy/iiif/IMP-1952-06-24-a-p0012/1459,864,336,43/full/0/default.jpg
étroit	O	O	O	O	O	O	_	_	_	_	_	_
chemin	O	O	O	O	O	O	_	_	_	_	_	_
pour	O	O	O	O	O	O	_	_	_	_	_	_
l	O	O	O	O	O	O	_	_	NoSpaceAfter	_	_	_
'	O	O	O	O	O	O	_	_	NoSpaceAfter	_	_	_
automobile	O	O	O	O	O	O	_	_	_	_	_	_
du	O	O	O	O	O	O	_	_	EndOfLine	_	_	_
# segment_iiif_link = https://impresso-project.ch/api/proxy/iiif/IMP-1952-06-24-a-p0012/1458,882,336,44/full/0/default.jpg
sident	O	O	O	O	O	O	_	_	_	_	_	_
du	O	O	O	O	O	O	_	_	_	_	_	_
Conseil	O	O	O	O	O	O	_	_	NoSpaceAfter	_	_	_
.	O	O	O	O	O	O	_	_	_	EndOfSentence	_	_
La	O	O	O	O	O	O	_	_	_	_	_	_
voiture	O	O	O	O	O	O	_	_	_	_	_	_
devait	O	O	O	O	O	O	_	_	EndOfLine	_	_	_
# segment_iiif_link = https://impresso-project.ch/api/proxy/iiif/IMP-1952-06-24-a-p0012/1459,903,337,43/full/0/default.jpg
rouler	O	O	O	O	O	O	_	_	_	_	_	_
à	O	O	O	O	O	O	_	_	_	_	_	_
la	O	O	O	O	O	O	_	_	_	_	_	_
vitesse	O	O	O	O	O	O	_	_	_	_	_	_
d	O	O	O	O	O	O	_	_	NoSpaceAfter	_	_	_
'	O	O	O	O	O	O	_	_	NoSpaceAfter	_	_	_
un	O	O	O	O	O	O	_	_	_	_	_	_
homme	O	O	O	O	O	O	_	_	_	_	_	_
au	O	O	O	O	O	O	_	_	_	_	_	_
pas	O	O	O	O	O	O	_	_	NoSpaceAfter	_	_	_
.	O	O	O	O	O	O	_	_	EndOfLine	EndOfSentence	_	_
# segment_iiif_link = https://impresso-project.ch/api/proxy/iiif/IMP-1952-06-24-a-p0012/1458,921,337,44/full/0/default.jpg
Le	O	O	O	O	O	O	_	_	_	_	_	_
Dr	O	O	O	O	O	O	_	_	_	_	_	_
Mossadegh	O	O	O	O	O	O	_	_	_	_	_	_
,	O	O	O	O	O	O	_	_	NoSpaceAfter	_	_	_
,	O	O	O	O	O	O	_	_	_	_	_	_
émergeant	O	O	O	O	O	O	_	_	_	_	_	_
des	O	O	O	O	O	O	_	_	EndOfLine	_	_	_
# segment_iiif_link = https://impresso-project.ch/api/proxy/iiif/IMP-1952-06-24-a-p0012/1458,941,337,44/full/0/default.jpg
couronnes	O	O	O	O	O	O	_	_	_	_	_	_
de	O	O	O	O	O	O	_	_	_	_	_	_
fleurs	O	O	O	O	O	O	_	_	_	_	_	_
Qui	O	O	O	O	O	O	_	_	_	_	_	_
emplissaient	O	O	O	O	O	O	_	_	_	_	_	_
sa	O	O	O	O	O	O	_	_	EndOfLine	_	_	_
# segment_iiif_link = https://impresso-project.ch/api/proxy/iiif/IMP-1952-06-24-a-p0012/1457,960,337,44/full/0/default.jpg
voiture	O	O	O	O	O	O	_	_	NoSpaceAfter	_	_	_
,	O	O	O	O	O	O	_	_	_	_	_	_
versait	O	O	O	O	O	O	_	_	_	_	_	_
des	O	O	O	O	O	O	_	_	_	_	_	_
larmes	O	O	O	O	O	O	_	_	_	_	_	_
d	O	O	O	O	O	O	_	_	NoSpaceAfter	_	_	_
'	O	O	O	O	O	O	_	_	NoSpaceAfter	_	_	_
émotion	O	O	O	O	O	O	_	_	EndOfLine	_	_	_
# segment_iiif_link = https://impresso-project.ch/api/proxy/iiif/IMP-1952-06-24-a-p0012/1458,979,161,44/full/0/default.jpg
et	O	O	O	O	O	O	_	_	_	_	_	_
saluait	O	O	O	O	O	O	_	_	_	_	_	_
la	O	O	O	O	O	O	_	_	_	_	_	_
foule	O	O	O	O	O	O	_	_	NoSpaceAfter	_	_	_
.	O	O	O	O	O	O	_	_	EndOfLine	EndOfSentence	_	_
# segment_iiif_link = https://impresso-project.ch/api/proxy/iiif/IMP-1952-06-24-a-p0012/1475,1002,320,44/full/0/default.jpg
Le	O	O	O	O	O	O	_	_	_	_	_	_
président	O	O	O	O	O	O	_	_	_	_	_	_
du	O	O	O	O	O	O	_	_	_	_	_	_
Conseil	O	O	O	O	O	O	_	_	_	_	_	_
put	O	O	O	O	O	O	_	_	_	_	_	_
enfin	O	O	O	O	O	O	_	_	_	_	_	_
se	O	O	O	O	O	O	_	_	EndOfLine	_	_	_
# segment_iiif_link = https://impresso-project.ch/api/proxy/iiif/IMP-1952-06-24-a-p0012/1458,1022,335,43/full/0/default.jpg
soustraire	O	O	O	O	O	O	_	_	_	_	_	_
à	O	O	O	O	O	O	_	_	_	_	_	_
ses	O	O	O	O	O	O	_	_	_	_	_	_
admirateurs	O	O	O	O	O	O	_	_	_	_	_	_
et	O	O	O	O	O	O	_	_	_	_	_	_
pénétra	O	O	O	O	O	O	_	_	EndOfLine	_	_	_
# segment_iiif_link = https://impresso-project.ch/api/proxy/iiif/IMP-1952-06-24-a-p0012/1458,1040,335,44/full/0/default.jpg
dans	O	O	O	O	O	O	_	_	_	_	_	_
le	O	O	O	O	O	O	_	_	_	_	_	_
Palais	O	O	O	O	O	O	_	_	_	_	_	_
impérial	O	O	O	O	O	O	_	_	_	_	_	_
où	O	O	O	O	O	O	_	_	_	_	_	_
le	O	O	O	O	O	O	_	_	_	_	_	_
Chah	O	O	O	O	O	O	_	_	_	_	_	_
In	O	O	O	O	O	O	_	_	EndOfLine	_	_	_
# segment_iiif_link = https://impresso-project.ch/api/proxy/iiif/IMP-1952-06-24-a-p0012/1457,1060,337,44/full/0/default.jpg
Chah	O	O	O	O	O	O	_	_	_	_	_	_
et	O	O	O	O	O	O	_	_	_	_	_	_
les	O	O	O	O	O	O	_	_	_	_	_	_
ministres	O	O	O	O	O	O	_	_	_	_	_	_
l	O	O	O	O	O	O	_	_	NoSpaceAfter	_	_	_
'	O	O	O	O	O	O	_	_	NoSpaceAfter	_	_	_
attendaient	O	O	O	O	O	O	_	_	_	_	_	_
pour	O	O	O	O	O	O	_	_	EndOfLine	_	_	_
# segment_iiif_link = https://impresso-project.ch/api/proxy/iiif/IMP-1952-06-24-a-p0012/1458,1079,263,43/full/0/default.jpg
célébrer	O	O	O	O	O	O	_	_	_	_	_	_
la	O	O	O	O	O	O	_	_	_	_	_	_
fin	O	O	O	O	O	O	_	_	_	_	_	_
du	O	O	O	O	O	O	_	_	_	_	_	_
Ramadan	O	O	O	O	O	O	_	_	NoSpaceAfter	_	_	_
.	O	O	O	O	O	O	_	_	EndOfLine	EndOfSentence	_	_

# language = fr
# newspaper = IMP
# date = 1959-09-12
# document_id = IMP-1959-09-12-a-i0224
# news-agency-as-source = Q130879, Q204839, Q40464, Q493845
# segment_iiif_link = https://impresso-project.ch/api/proxy/iiif/IMP-1959-09-12-a-p0016/96,153,624,99/full/0/default.jpg
M	O	O	O	O	O	O	_	_	NoSpaceAfter	_	_	_
.	O	O	O	O	O	O	_	_	_	_	_	_
Chou	O	O	O	O	O	O	_	_	_	_	_	_
En	O	O	O	O	O	O	_	_	_	_	_	_
Lai	O	O	O	O	O	O	_	_	_	_	_	_
accuse	O	O	O	O	O	O	_	_	EndOfLine	_	_	_
# segment_iiif_link = https://impresso-project.ch/api/proxy/iiif/IMP-1959-09-12-a-p0016/157,215,500,99/full/0/default.jpg
l	O	O	O	O	O	O	_	_	NoSpaceAfter	_	_	_
'	O	O	O	O	O	O	_	_	NoSpaceAfter	_	_	_
Inde	O	O	O	O	O	O	_	_	_	_	_	_
d	O	O	O	O	O	O	_	_	NoSpaceAfter	_	_	_
'	O	O	O	O	O	O	_	_	NoSpaceAfter	_	_	_
agressivité	O	O	O	O	O	O	_	_	EndOfLine	_	_	_
# segment_iiif_link = https://impresso-project.ch/api/proxy/iiif/IMP-1959-09-12-a-p0016/168,114,472,51/full/0/default.jpg
Le	O	O	O	O	O	O	_	_	_	_	_	_
conflit	O	O	O	O	O	O	_	_	_	_	_	_
entre	O	O	O	O	O	O	_	_	_	_	_	_
Pékin	O	O	O	O	O	O	_	_	_	_	_	_
et	O	O	O	O	O	O	_	_	_	_	_	_
La	O	O	O	O	O	O	_	_	_	_	_	_
Nouvelle	O	O	O	O	O	O	_	_	NoSpaceAfter	_	_	_
-	O	O	O	O	O	O	_	_	NoSpaceAfter	_	_	_
Delhi	O	O	O	O	O	O	_	_	EndOfLine	_	_	_
# segment_iiif_link = https://impresso-project.ch/api/proxy/iiif/IMP-1959-09-12-a-p0016/108,296,596,51/full/0/default.jpg
Il	O	O	O	O	O	O	_	_	_	_	_	_
souhaite	O	O	O	O	O	O	_	_	_	_	_	_
que	O	O	O	O	O	O	_	_	_	_	_	_
les	O	O	O	O	O	O	_	_	_	_	_	_
problèmes	O	O	O	O	O	O	_	_	_	_	_	_
pendants	O	O	O	O	O	O	_	_	_	_	_	_
entre	O	O	O	O	O	O	_	_	_	_	_	_
les	O	O	O	O	O	O	_	_	_	_	_	_
deux	O	O	O	O	O	O	_	_	EndOfLine	_	_	_
# segment_iiif_link = https://impresso-project.ch/api/proxy/iiif/IMP-1959-09-12-a-p0016/186,321,450,52/full/0/default.jpg
pays	O	O	O	O	O	O	_	_	_	_	_	_
soient	O	O	O	O	O	O	_	_	_	_	_	_
résolus	O	O	O	O	O	O	_	_	_	_	_	_
par	O	O	O	O	O	O	_	_	_	_	_	_
des	O	O	O	O	O	O	_	_	_	_	_	_
négociations	O	O	O	O	O	O	_	_	NoSpaceAfter	_	_	_
.	O	O	O	O	O	O	_	_	EndOfLine	EndOfSentence	_	_
# segment_iiif_link = https://impresso-project.ch/api/proxy/iiif/IMP-1959-09-12-a-p0016/98,375,293,43/full/0/default.jpg
TOKIO	O	O	O	O	O	O	_	_	NoSpaceAfter	_	_	_
,	O	O	O	O	O	O	_	_	_	_	_	_
12	O	O	O	O	O	O	_	_	NoSpaceAfter	_	_	_
.	O	O	O	O	O	O	_	_	_	EndOfSentence	_	_
—	O	O	O	O	O	O	_	_	_	_	_	_
UPI	O	O	O	O	O	O	Q493845	_	_	_	LED0.00	_
—	O	O	O	O	O	O	_	_	_	_	_	_
Le	O	O	O	O	O	O	_	_	_	_	_	_
premier	O	O	O	O	O	O	_	_	EndOfLine	_	_	_
# segment_iiif_link = https://impresso-project.ch/api/proxy/iiif/IMP-1959-09-12-a-p0016/81,393,309,44/full/0/default.jpg
ministre	O	O	O	O	O	O	_	_	_	_	_	_
de	O	O	O	O	O	O	_	_	_	_	_	_
la	O	O	O	O	O	O	_	_	_	_	_	_
Chine	O	O	O	O	O	O	_	_	_	_	_	_
communiste	O	O	O	O	O	O	_	_	EndOfLine	_	_	_
# segment_iiif_link = https://impresso-project.ch/api/proxy/iiif/IMP-1959-09-12-a-p0016/81,412,308,44/full/0/default.jpg
M	O	O	O	O	O	O	_	_	NoSpaceAfter	_	_	_
.	O	O	O	O	O	O	_	_	_	_	_	_
Chou	O	O	O	O	O	O	_	_	_	_	_	_
En	O	O	O	O	O	O	_	_	NoSpaceAfter	_	_	_
-	O	O	O	O	O	O	_	_	NoSpaceAfter	_	_	_
Lai	O	O	O	O	O	O	_	_	NoSpaceAfter	_	_	_
,	O	O	O	O	O	O	_	_	_	_	_	_
a	O	O	O	O	O	O	_	_	_	_	_	_
actusé	O	O	O	O	O	O	_	_	_	_	_	_
l	O	O	O	O	O	O	_	_	NoSpaceAfter	_	_	_
'	O	O	O	O	O	O	_	_	NoSpaceAfter	_	_	_
Inde	O	O	O	O	O	O	_	_	EndOfLine	_	_	_
# segment_iiif_link = https://impresso-project.ch/api/proxy/iiif/IMP-1959-09-12-a-p0016/81,431,310,43/full/0/default.jpg
devant	O	O	O	O	O	O	_	_	_	_	_	_
le	O	O	O	O	O	O	_	_	_	_	_	_
Comité	O	O	O	O	O	O	_	_	_	_	_	_
permanent	O	O	O	O	O	O	_	_	_	_	_	_
du	O	O	O	O	O	O	_	_	EndOfLine	_	_	_
# segment_iiif_link = https://impresso-project.ch/api/proxy/iiif/IMP-1959-09-12-a-p0016/80,450,313,44/full/0/default.jpg
Congrès	O	O	O	O	O	O	_	_	_	_	_	_
national	O	O	O	O	O	O	_	_	_	_	_	_
chinois	O	O	O	O	O	O	_	_	NoSpaceAfter	_	_	_
,	O	O	O	O	O	O	_	_	EndOfLine	_	_	_
# segment_iiif_link = https://impresso-project.ch/api/proxy/iiif/IMP-1959-09-12-a-p0016/80,469,311,43/full/0/default.jpg
d	O	O	O	O	O	O	_	_	NoSpaceAfter	_	_	_
'	O	O	O	O	O	O	_	_	NoSpaceAfter	_	_	_
emprunter	O	O	O	O	O	O	_	_	_	_	_	_
face	O	O	O	O	O	O	_	_	_	_	_	_
à	O	O	O	O	O	O	_	_	_	_	_	_
la	O	O	O	O	O	O	_	_	_	_	_	_
question	O	O	O	O	O	O	_	_	_	_	_	_
frontalière	O	O	O	O	O	O	_	_	NoSpaceAfter	_	_	_
,	O	O	O	O	O	O	_	_	_	_	_	_
la	O	O	O	O	O	O	_	_	EndOfLine	_	_	_
# segment_iiif_link = https://impresso-project.ch/api/proxy/iiif/IMP-1959-09-12-a-p0016/80,487,311,44/full/0/default.jpg
même	O	O	O	O	O	O	_	_	_	_	_	_
politique	O	O	O	O	O	O	_	_	_	_	_	_
agressive	O	O	O	O	O	O	_	_	_	_	_	_
que	O	O	O	O	O	O	_	_	_	_	_	_
la	O	O	O	O	O	O	_	_	EndOfLine	_	_	_
# segment_iiif_link = https://impresso-project.ch/api/proxy/iiif/IMP-1959-09-12-a-p0016/80,507,152,44/full/0/default.jpg
Grande	O	O	O	O	O	O	_	_	NoSpaceAfter	_	_	_
-	O	O	O	O	O	O	_	_	NoSpaceAfter	_	_	_
Bretagne	O	O	O	O	O	O	_	_	NoSpaceAfter	_	_	_
.	O	O	O	O	O	O	_	_	EndOfLine	EndOfSentence	_	_
# segment_iiif_link = https://impresso-project.ch/api/proxy/iiif/IMP-1959-09-12-a-p0016/97,526,295,44/full/0/default.jpg
M	O	O	O	O	O	O	_	_	NoSpaceAfter	_	_	_
.	O	O	O	O	O	O	_	_	_	_	_	_
Chou	O	O	O	O	O	O	_	_	_	_	_	_
a	O	O	O	O	O	O	_	_	_	_	_	_
ajouté	O	O	O	O	O	O	_	_	_	_	_	_
:	O	O	O	O	O	O	_	_	_	_	_	_
«	O	O	O	O	O	O	_	_	_	_	_	_
Plus	O	O	O	O	O	O	_	_	EndOfLine	_	_	_
# segment_iiif_link = https://impresso-project.ch/api/proxy/iiif/IMP-1959-09-12-a-p0016/80,546,312,44/full/0/default.jpg
important	O	O	O	O	O	O	_	_	_	_	_	_
encore	O	O	O	O	O	O	_	_	_	_	_	_
est	O	O	O	O	O	O	_	_	_	_	_	_
le	O	O	O	O	O	O	_	_	_	_	_	_
fait	O	O	O	O	O	O	_	_	_	_	_	_
que	O	O	O	O	O	O	_	_	_	_	_	_
le	O	O	O	O	O	O	_	_	EndOfLine	_	_	_
# segment_iiif_link = https://impresso-project.ch/api/proxy/iiif/IMP-1959-09-12-a-p0016/80,564,313,43/full/0/default.jpg
gouvernement	O	O	O	O	O	O	_	_	_	_	_	_
indien	O	O	O	O	O	O	_	_	_	_	_	_
emploie	O	O	O	O	O	O	_	_	_	_	_	_
toutes	O	O	O	O	O	O	_	_	EndOfLine	_	_	_
# segment_iiif_link = https://impresso-project.ch/api/proxy/iiif/IMP-1959-09-12-a-p0016/80,583,313,44/full/0/default.jpg
sortes	O	O	O	O	O	O	_	_	_	_	_	_
de	O	O	O	O	O	O	_	_	_	_	_	_
pressions	O	O	O	O	O	O	_	_	_	_	_	_
sur	O	O	O	O	O	O	_	_	_	_	_	_
le	O	O	O	O	O	O	_	_	EndOfLine	_	_	_
# segment_iiif_link = https://impresso-project.ch/api/proxy/iiif/IMP-1959-09-12-a-p0016/80,602,313,44/full/0/default.jpg
gouvernement	O	O	O	O	O	O	_	_	_	_	_	_
chinois	O	O	O	O	O	O	_	_	NoSpaceAfter	_	_	_
.	O	O	O	O	O	O	_	_	_	_	_	_
Tout	O	O	O	O	O	O	_	_	EndOfLine	_	_	_
# segment_iiif_link = https://impresso-project.ch/api/proxy/iiif/IMP-1959-09-12-a-p0016/80,622,313,43/full/0/default.jpg
particulièrement	O	O	O	O	O	O	_	_	NoSpaceAfter	_	_	_
,	O	O	O	O	O	O	_	_	_	_	_	_
en	O	O	O	O	O	O	_	_	_	_	_	_
essayant	O	O	O	O	O	O	_	_	_	_	_	_
d	O	O	O	O	O	O	_	_	NoSpaceAfter	_	_	_
'	O	O	O	O	O	O	_	_	NoSpaceAfter	_	_	_
obtenir	O	O	O	O	O	O	_	_	EndOfLine	_	_	_
# segment_iiif_link = https://impresso-project.ch/api/proxy/iiif/IMP-1959-09-12-a-p0016/80,641,312,43/full/0/default.jpg
l	O	O	O	O	O	O	_	_	NoSpaceAfter	_	_	_
'	O	O	O	O	O	O	_	_	NoSpaceAfter	_	_	_
utilisation	O	O	O	O	O	O	_	_	_	_	_	_
de	O	O	O	O	O	O	_	_	_	_	_	_
la	O	O	O	O	O	O	_	_	_	_	_	_
force	O	O	O	O	O	O	_	_	_	_	_	_
pour	O	O	O	O	O	O	_	_	_	_	_	_
souligner	O	O	O	O	O	O	_	_	EndOfLine	_	_	_
# segment_iiif_link = https://impresso-project.ch/api/proxy/iiif/IMP-1959-09-12-a-p0016/79,660,140,43/full/0/default.jpg
ses	O	O	O	O	O	O	_	_	_	_	_	_
prétentions	O	O	O	O	O	O	_	_	NoSpaceAfter	_	_	_
.	O	O	O	O	O	O	_	_	EndOfLine	_	_	_
# segment_iiif_link = https://impresso-project.ch/api/proxy/iiif/IMP-1959-09-12-a-p0016/97,678,296,44/full/0/default.jpg
»	O	O	O	O	O	O	_	_	_	_	_	_
Le	O	O	O	O	O	O	_	_	_	_	_	_
gouvernement	O	O	O	O	O	O	_	_	_	_	_	_
chinois	O	O	O	O	O	O	_	_	EndOfLine	_	_	_
# segment_iiif_link = https://impresso-project.ch/api/proxy/iiif/IMP-1959-09-12-a-p0016/80,697,313,44/full/0/default.jpg
regrette	O	O	O	O	O	O	_	_	_	_	_	_
profondément	O	O	O	O	O	O	_	_	_	_	_	_
cet	O	O	O	O	O	O	_	_	_	_	_	_
état	O	O	O	O	O	O	_	_	_	_	_	_
de	O	O	O	O	O	O	_	_	EndOfLine	_	_	_
# segment_iiif_link = https://impresso-project.ch/api/proxy/iiif/IMP-1959-09-12-a-p0016/80,717,47,44/full/0/default.jpg
fait	O	O	O	O	O	O	_	_	NoSpaceAfter	_	_	_
.	O	O	O	O	O	O	_	_	_	EndOfSentence	_	_
»	O	O	O	O	O	O	_	_	EndOfLine	_	_	_
# segment_iiif_link = https://impresso-project.ch/api/proxy/iiif/IMP-1959-09-12-a-p0016/96,736,296,43/full/0/default.jpg
M	O	O	O	O	O	O	_	_	NoSpaceAfter	_	_	_
.	O	O	O	O	O	O	_	_	_	_	_	_
Chou	O	O	O	O	O	O	_	_	_	_	_	_
déclara	O	O	O	O	O	O	_	_	_	_	_	_
que	O	O	O	O	O	O	_	_	_	_	_	_
des	O	O	O	O	O	O	_	_	_	_	_	_
«	O	O	O	O	O	O	_	_	EndOfLine	_	_	_
# segment_iiif_link = https://impresso-project.ch/api/proxy/iiif/IMP-1959-09-12-a-p0016/80,754,313,44/full/0/default.jpg
conversations	O	O	O	O	O	O	_	_	_	_	_	_
amicales	O	O	O	O	O	O	_	_	_	_	_	_
»	O	O	O	O	O	O	_	_	_	_	_	_
sont	O	O	O	O	O	O	_	_	_	_	_	_
le	O	O	O	O	O	O	_	_	EndOfLine	_	_	_
# segment_iiif_link = https://impresso-project.ch/api/proxy/iiif/IMP-1959-09-12-a-p0016/80,774,313,44/full/0/default.jpg
meilleur	O	O	O	O	O	O	_	_	_	_	_	_
moyen	O	O	O	O	O	O	_	_	_	_	_	_
de	O	O	O	O	O	O	_	_	_	_	_	_
régler	O	O	O	O	O	O	_	_	_	_	_	_
les	O	O	O	O	O	O	_	_	_	_	_	_
questions	O	O	O	O	O	O	_	_	EndOfLine	_	_	_
# segment_iiif_link = https://impresso-project.ch/api/proxy/iiif/IMP-1959-09-12-a-p0016/80,793,312,44/full/0/default.jpg
frontalières	O	O	O	O	O	O	_	_	NoSpaceAfter	_	_	_
,	O	O	O	O	O	O	_	_	_	_	_	_
sur	O	O	O	O	O	O	_	_	_	_	_	_
la	O	O	O	O	O	O	_	_	_	_	_	_
base	O	O	O	O	O	O	_	_	_	_	_	_
des	O	O	O	O	O	O	_	_	_	_	_	_
«	O	O	O	O	O	O	_	_	_	_	_	_
cinq	O	O	O	O	O	O	_	_	EndOfLine	_	_	_
# segment_iiif_link = https://impresso-project.ch/api/proxy/iiif/IMP-1959-09-12-a-p0016/80,812,192,44/full/0/default.jpg
principes	O	O	O	O	O	O	_	_	_	_	_	_
pacifiques	O	O	O	O	O	O	_	_	_	_	_	_
»	O	O	O	O	O	O	_	_	NoSpaceAfter	_	_	_
.	O	O	O	O	O	O	_	_	EndOfLine	EndOfSentence	_	_
# segment_iiif_link = https://impresso-project.ch/api/proxy/iiif/IMP-1959-09-12-a-p0016/130,840,212,57/full/0/default.jpg
Treize	O	O	O	O	O	O	_	_	_	_	_	_
violations	O	O	O	O	O	O	_	_	EndOfLine	_	_	_
# segment_iiif_link = https://impresso-project.ch/api/proxy/iiif/IMP-1959-09-12-a-p0016/145,869,185,57/full/0/default.jpg
de	O	O	O	O	O	O	_	_	_	_	_	_
frontières	O	O	O	O	O	O	_	_	_	_	_	_
?	O	O	O	O	O	O	_	_	EndOfLine	EndOfSentence	_	_
# segment_iiif_link = https://impresso-project.ch/api/proxy/iiif/IMP-1959-09-12-a-p0016/96,909,293,44/full/0/default.jpg
PEKIN	O	O	O	O	O	O	_	_	NoSpaceAfter	_	_	_
,	O	O	O	O	O	O	_	_	_	_	_	_
12	O	O	O	O	O	O	_	_	NoSpaceAfter	_	_	_
.	O	O	O	O	O	O	_	_	_	EndOfSentence	_	_
—	O	O	O	O	O	O	_	_	_	_	_	_
Reuter	B-org	O	B-org.ent.pressagency.Reuters	O	O	O	Q130879	_	_	_	LED0.00	_
—	O	O	O	O	O	O	_	_	_	_	_	_
Tous	O	O	O	O	O	O	_	_	_	_	_	_
les	O	O	O	O	O	O	_	_	EndOfLine	_	_	_
# segment_iiif_link = https://impresso-project.ch/api/proxy/iiif/IMP-1959-09-12-a-p0016/79,928,310,43/full/0/default.jpg
journaux	O	O	O	O	O	O	_	_	_	_	_	_
de	O	O	O	O	O	O	_	_	_	_	_	_
Pékin	O	O	O	O	O	O	_	_	_	_	_	_
ont	O	O	O	O	O	O	_	_	_	_	_	_
publié	O	O	O	O	O	O	_	_	EndOfLine	_	_	_
# segment_iiif_link = https://impresso-project.ch/api/proxy/iiif/IMP-1959-09-12-a-p0016/79,947,310,43/full/0/default.jpg
vendredi	O	O	O	O	O	O	_	_	_	_	_	_
des	O	O	O	O	O	O	_	_	_	_	_	_
cartes	O	O	O	O	O	O	_	_	_	_	_	_
géographiques	O	O	O	O	O	O	_	_	_	_	_	_
sui	O	O	O	O	O	O	_	_	EndOfLine	_	_	_
# segment_iiif_link = https://impresso-project.ch/api/proxy/iiif/IMP-1959-09-12-a-p0016/79,966,310,44/full/0/default.jpg
lesquelles	O	O	O	O	O	O	_	_	_	_	_	_
sont	O	O	O	O	O	O	_	_	_	_	_	_
indiquées	O	O	O	O	O	O	_	_	_	_	_	_
les	O	O	O	O	O	O	_	_	EndOfLine	_	_	_
# segment_iiif_link = https://impresso-project.ch/api/proxy/iiif/IMP-1959-09-12-a-p0016/79,985,310,44/full/0/default.jpg
frontières	O	O	O	O	O	O	_	_	_	_	_	_
séparant	O	O	O	O	O	O	_	_	_	_	_	_
la	O	O	O	O	O	O	_	_	_	_	_	_
Chine	O	O	O	O	O	O	_	_	_	_	_	_
et	O	O	O	O	O	O	_	_	_	_	_	_
l	O	O	O	O	O	O	_	_	NoSpaceAfter	_	_	_
'	O	O	O	O	O	O	_	_	NoSpaceAfter	_	_	_
Inde	O	O	O	O	O	O	_	_	EndOfLine	_	_	_
# segment_iiif_link = https://impresso-project.ch/api/proxy/iiif/IMP-1959-09-12-a-p0016/79,1004,311,44/full/0/default.jpg
Treize	O	O	O	O	O	O	_	_	_	_	_	_
endroits	O	O	O	O	O	O	_	_	_	_	_	_
de	O	O	O	O	O	O	_	_	_	_	_	_
ces	O	O	O	O	O	O	_	_	_	_	_	_
frontières	O	O	O	O	O	O	_	_	EndOfLine	_	_	_
# segment_iiif_link = https://impresso-project.ch/api/proxy/iiif/IMP-1959-09-12-a-p0016/79,1024,311,44/full/0/default.jpg
sont	O	O	O	O	O	O	_	_	_	_	_	_
indiqués	O	O	O	O	O	O	_	_	_	_	_	_
comme	O	O	O	O	O	O	_	_	_	_	_	_
ayant	O	O	O	O	O	O	_	_	_	_	_	_
été	O	O	O	O	O	O	_	_	EndOfLine	_	_	_
# segment_iiif_link = https://impresso-project.ch/api/proxy/iiif/IMP-1959-09-12-a-p0016/79,1042,312,43/full/0/default.jpg
violés	O	O	O	O	O	O	_	_	_	_	_	_
par	O	O	O	O	O	O	_	_	_	_	_	_
les	O	O	O	O	O	O	_	_	_	_	_	_
troupes	O	O	O	O	O	O	_	_	_	_	_	_
indiennes	O	O	O	O	O	O	_	_	_	_	_	_
qu	O	O	O	O	O	O	_	_	_	_	_	_
:	O	O	O	O	O	O	_	_	EndOfLine	_	_	_
# segment_iiif_link = https://impresso-project.ch/api/proxy/iiif/IMP-1959-09-12-a-p0016/79,1061,311,44/full/0/default.jpg
auraient	O	O	O	O	O	O	_	_	_	_	_	_
pénétré	O	O	O	O	O	O	_	_	_	_	_	_
en	O	O	O	O	O	O	_	_	_	_	_	_
territoire	O	O	O	O	O	O	_	_	EndOfLine	_	_	_
# segment_iiif_link = https://impresso-project.ch/api/proxy/iiif/IMP-1959-09-12-a-p0016/79,1081,311,43/full/0/default.jpg
chinois	O	O	O	O	O	O	_	_	NoSpaceAfter	_	_	_
.	O	O	O	O	O	O	_	_	_	EndOfSentence	_	_
Les	O	O	O	O	O	O	_	_	_	_	_	_
journaux	O	O	O	O	O	O	_	_	_	_	_	_
ont	O	O	O	O	O	O	_	_	_	_	_	_
imprimé	O	O	O	O	O	O	_	_	_	_	_	_
er	O	O	O	O	O	O	_	_	EndOfLine	_	_	_
# segment_iiif_link = https://impresso-project.ch/api/proxy/iiif/IMP-1959-09-12-a-p0016/79,1099,310,44/full/0/default.jpg
outre	O	O	O	O	O	O	_	_	_	_	_	_
un	O	O	O	O	O	O	_	_	_	_	_	_
long	O	O	O	O	O	O	_	_	_	_	_	_
article	O	O	O	O	O	O	_	_	_	_	_	_
diffusé	O	O	O	O	O	O	_	_	_	_	_	_
par	O	O	O	O	O	O	_	_	EndOfLine	_	_	_
# segment_iiif_link = https://impresso-project.ch/api/proxy/iiif/IMP-1959-09-12-a-p0016/80,1119,310,44/full/0/default.jpg
l	O	O	O	O	O	O	_	_	NoSpaceAfter	_	_	_
'	O	O	O	O	O	O	_	_	NoSpaceAfter	_	_	_
agence	O	O	O	O	O	O	_	_	_	_	_	_
«	O	O	O	O	O	O	_	_	_	_	_	_
Chine	O	O	O	O	O	O	_	_	_	_	LED0.00	_
nouvelle	O	O	O	O	O	O	_	_	_	_	LED0.00	_
»	O	O	O	O	O	O	_	_	_	_	_	_
et	O	O	O	O	O	O	_	_	EndOfLine	_	_	_
# segment_iiif_link = https://impresso-project.ch/api/proxy/iiif/IMP-1959-09-12-a-p0016/80,1137,310,44/full/0/default.jpg
consacré	O	O	O	O	O	O	_	_	_	_	_	_
au	O	O	O	O	O	O	_	_	_	_	_	_
problème	O	O	O	O	O	O	_	_	_	_	_	_
de	O	O	O	O	O	O	_	_	_	_	_	_
la	O	O	O	O	O	O	_	_	EndOfLine	_	_	_
# segment_iiif_link = https://impresso-project.ch/api/proxy/iiif/IMP-1959-09-12-a-p0016/80,1156,308,44/full/0/default.jpg
démarcation	O	O	O	O	O	O	_	_	_	_	_	_
des	O	O	O	O	O	O	_	_	_	_	_	_
frontières	O	O	O	O	O	O	_	_	_	_	_	_
indo	O	O	O	O	O	O	_	_	NoSpaceAfter	_	_	_
-	O	O	O	O	O	O	_	_	NoSpaceAfter	_	_	_
chinoises	O	O	O	O	O	O	_	_	EndOfLine	_	_	_
# segment_iiif_link = https://impresso-project.ch/api/proxy/iiif/IMP-1959-09-12-a-p0016/80,1176,311,44/full/0/default.jpg
L	O	O	O	O	O	O	_	_	NoSpaceAfter	_	_	_
'	O	O	O	O	O	O	_	_	NoSpaceAfter	_	_	_
article	O	O	O	O	O	O	_	_	_	_	_	_
reproche	O	O	O	O	O	O	_	_	_	_	_	_
à	O	O	O	O	O	O	_	_	_	_	_	_
l	O	O	O	O	O	O	_	_	NoSpaceAfter	_	_	_
'	O	O	O	O	O	O	_	_	NoSpaceAfter	_	_	_
Inde	O	O	O	O	O	O	_	_	_	_	_	_
de	O	O	O	O	O	O	_	_	EndOfLine	_	_	_
# segment_iiif_link = https://impresso-project.ch/api/proxy/iiif/IMP-1959-09-12-a-p0016/79,1194,313,44/full/0/default.jpg
respecter	O	O	O	O	O	O	_	_	_	_	_	_
les	O	O	O	O	O	O	_	_	_	_	_	_
frontières	O	O	O	O	O	O	_	_	_	_	_	_
telles	O	O	O	O	O	O	_	_	_	_	_	_
«	O	O	O	O	O	O	_	_	_	_	_	_
qu	O	O	O	O	O	O	_	_	NoSpaceAfter	_	_	_
'	O	O	O	O	O	O	_	_	NoSpaceAfter	_	_	_
elles	O	O	O	O	O	O	_	_	EndOfLine	_	_	_
# segment_iiif_link = https://impresso-project.ch/api/proxy/iiif/IMP-1959-09-12-a-p0016/80,1214,310,43/full/0/default.jpg
ont	O	O	O	O	O	O	_	_	_	_	_	_
été	O	O	O	O	O	O	_	_	_	_	_	_
fixées	O	O	O	O	O	O	_	_	_	_	_	_
par	O	O	O	O	O	O	_	_	_	_	_	_
la	O	O	O	O	O	O	_	_	EndOfLine	_	_	_
# segment_iiif_link = https://impresso-project.ch/api/proxy/iiif/IMP-1959-09-12-a-p0016/80,1233,310,44/full/0/default.jpg
Grande	O	O	O	O	O	O	_	_	NoSpaceAfter	_	_	_
-	O	O	O	O	O	O	_	_	NoSpaceAfter	_	_	_
Bretagne	O	O	O	O	O	O	_	_	_	_	_	_
»	O	O	O	O	O	O	_	_	_	_	_	_
alors	O	O	O	O	O	O	_	_	_	_	_	_
que	O	O	O	O	O	O	_	_	_	_	_	_
ce	O	O	O	O	O	O	_	_	_	_	_	_
pays	O	O	O	O	O	O	_	_	_	_	_	_
étendait	O	O	O	O	O	O	_	_	EndOfLine	_	_	_
# segment_iiif_link = https://impresso-project.ch/api/proxy/iiif/IMP-1959-09-12-a-p0016/80,1252,218,43/full/0/default.jpg
sa	O	O	O	O	O	O	_	_	_	_	_	_
domination	O	O	O	O	O	O	_	_	_	_	_	_
sur	O	O	O	O	O	O	_	_	_	_	_	_
l	O	O	O	O	O	O	_	_	NoSpaceAfter	_	_	_
'	O	O	O	O	O	O	_	_	NoSpaceAfter	_	_	_
Inde	O	O	O	O	O	O	_	_	NoSpaceAfter	_	_	_
.	O	O	O	O	O	O	_	_	EndOfLine	EndOfSentence	_	_
# segment_iiif_link = https://impresso-project.ch/api/proxy/iiif/IMP-1959-09-12-a-p0016/102,1279,268,57/full/0/default.jpg
M	O	O	O	O	O	O	_	_	NoSpaceAfter	_	_	_
.	O	O	O	O	O	O	_	_	_	_	_	_
Nehru	O	O	O	O	O	O	_	_	_	_	_	_
ne	O	O	O	O	O	O	_	_	_	_	_	_
veut	O	O	O	O	O	O	_	_	_	_	_	_
pas	O	O	O	O	O	O	_	_	EndOfLine	_	_	_
# segment_iiif_link = https://impresso-project.ch/api/proxy/iiif/IMP-1959-09-12-a-p0016/116,1308,243,57/full/0/default.jpg
recourir	O	O	O	O	O	O	_	_	_	_	_	_
à	O	O	O	O	O	O	_	_	_	_	_	_
la	O	O	O	O	O	O	_	_	_	_	_	_
force	O	O	O	O	O	O	_	_	EndOfLine	_	_	_
# segment_iiif_link = https://impresso-project.ch/api/proxy/iiif/IMP-1959-09-12-a-p0016/96,1347,296,44/full/0/default.jpg
LA	O	O	O	O	O	O	_	_	_	_	_	_
NOUVELLE	O	O	O	O	O	O	_	_	NoSpaceAfter	_	_	_
-	O	O	O	O	O	O	_	_	NoSpaceAfter	_	_	_
DELHI	O	O	O	O	O	O	_	_	NoSpaceAfter	_	_	_
,	O	O	O	O	O	O	_	_	_	_	_	_
12	O	O	O	O	O	O	_	_	NoSpaceAfter	_	_	_
.	O	O	O	O	O	O	_	_	_	EndOfSentence	_	_
—	O	O	O	O	O	O	_	_	_	_	_	_
UPI	O	O	O	O	O	O	Q493845	_	EndOfLine	_	LED0.00	_
# segment_iiif_link = https://impresso-project.ch/api/proxy/iiif/IMP-1959-09-12-a-p0016/81,1367,311,43/full/0/default.jpg
—	O	O	O	O	O	O	_	_	_	_	_	_
Le	O	O	O	O	O	O	_	_	_	_	_	_
premier	O	O	O	O	O	O	_	_	_	_	_	_
ministre	O	O	O	O	O	O	_	_	_	_	_	_
de	O	O	O	O	O	O	_	_	_	_	_	_
l	O	O	O	O	O	O	_	_	NoSpaceAfter	_	_	_
'	O	O	O	O	O	O	_	_	NoSpaceAfter	_	_	_
Inde	O	O	O	O	O	O	_	_	NoSpaceAfter	_	_	_
,	O	O	O	O	O	O	_	_	EndOfLine	_	_	_
# segment_iiif_link = https://impresso-project.ch/api/proxy/iiif/IMP-1959-09-12-a-p0016/81,1385,311,44/full/0/default.jpg
M	O	O	O	O	O	O	_	_	NoSpaceAfter	_	_	_
.	O	O	O	O	O	O	_	_	_	_	_	_
Jawaharlal	O	O	O	O	O	O	_	_	_	_	_	_
Nehru	O	O	O	O	O	O	_	_	NoSpaceAfter	_	_	_
,	O	O	O	O	O	O	_	_	_	_	_	_
a	O	O	O	O	O	O	_	_	_	_	_	_
rejeté	O	O	O	O	O	O	_	_	_	_	_	_
le	O	O	O	O	O	O	_	_	EndOfLine	_	_	_
# segment_iiif_link = https://impresso-project.ch/api/proxy/iiif/IMP-1959-09-12-a-p0016/80,1404,313,43/full/0/default.jpg
recours	O	O	O	O	O	O	_	_	_	_	_	_
à	O	O	O	O	O	O	_	_	_	_	_	_
«	O	O	O	O	O	O	_	_	_	_	_	_
toute	O	O	O	O	O	O	_	_	_	_	_	_
démonstration	O	O	O	O	O	O	_	_	_	_	_	_
de	O	O	O	O	O	O	_	_	EndOfLine	_	_	_
# segment_iiif_link = https://impresso-project.ch/api/proxy/iiif/IMP-1959-09-12-a-p0016/81,1423,311,44/full/0/default.jpg
force	O	O	O	O	O	O	_	_	_	_	_	_
»	O	O	O	O	O	O	_	_	_	_	_	_
lors	O	O	O	O	O	O	_	_	_	_	_	_
de	O	O	O	O	O	O	_	_	_	_	_	_
sa	O	O	O	O	O	O	_	_	_	_	_	_
conférence	O	O	O	O	O	O	_	_	_	_	_	_
de	O	O	O	O	O	O	_	_	EndOfLine	_	_	_
# segment_iiif_link = https://impresso-project.ch/api/proxy/iiif/IMP-1959-09-12-a-p0016/81,1442,311,44/full/0/default.jpg
presse	O	O	O	O	O	O	_	_	_	_	_	_
mensuelle	O	O	O	O	O	O	_	_	NoSpaceAfter	_	_	_
,	O	O	O	O	O	O	_	_	_	_	_	_
à	O	O	O	O	O	O	_	_	_	_	_	_
propos	O	O	O	O	O	O	_	_	_	_	_	_
des	O	O	O	O	O	O	_	_	EndOfLine	_	_	_
# segment_iiif_link = https://impresso-project.ch/api/proxy/iiif/IMP-1959-09-12-a-p0016/81,1461,309,44/full/0/default.jpg
incidents	O	O	O	O	O	O	_	_	_	_	_	_
de	O	O	O	O	O	O	_	_	_	_	_	_
frontière	O	O	O	O	O	O	_	_	_	_	_	_
entre	O	O	O	O	O	O	_	_	_	_	_	_
la	O	O	O	O	O	O	_	_	_	_	_	_
Chine	O	O	O	O	O	O	_	_	_	_	_	_
et	O	O	O	O	O	O	_	_	EndOfLine	_	_	_
# segment_iiif_link = https://impresso-project.ch/api/proxy/iiif/IMP-1959-09-12-a-p0016/81,1481,53,44/full/0/default.jpg
l	O	O	O	O	O	O	_	_	NoSpaceAfter	_	_	_
'	O	O	O	O	O	O	_	_	NoSpaceAfter	_	_	_
Inde	O	O	O	O	O	O	_	_	NoSpaceAfter	_	_	_
.	O	O	O	O	O	O	_	_	EndOfLine	EndOfSentence	_	_
# segment_iiif_link = https://impresso-project.ch/api/proxy/iiif/IMP-1959-09-12-a-p0016/179,1499,116,61/full/0/default.jpg
Au	O	O	O	O	O	O	_	_	_	_	_	_
Laos	O	O	O	O	O	O	_	_	EndOfLine	_	_	_
# segment_iiif_link = https://impresso-project.ch/api/proxy/iiif/IMP-1959-09-12-a-p0016/125,1535,219,52/full/0/default.jpg
«	O	O	O	O	O	O	_	_	_	_	_	_
Pas	O	O	O	O	O	O	_	_	_	_	_	_
de	O	O	O	O	O	O	_	_	_	_	_	_
pénétration	O	O	O	O	O	O	_	_	EndOfLine	_	_	_
# segment_iiif_link = https://impresso-project.ch/api/proxy/iiif/IMP-1959-09-12-a-p0016/168,1560,136,52/full/0/default.jpg
communiste	O	O	O	O	O	O	_	_	_	_	_	_
»	O	O	O	O	O	O	_	_	EndOfLine	_	_	_
# segment_iiif_link = https://impresso-project.ch/api/proxy/iiif/IMP-1959-09-12-a-p0016/139,1593,198,44/full/0/default.jpg
prétend	O	O	O	O	O	O	_	_	_	_	_	_
le	O	O	O	O	O	O	_	_	_	_	_	_
Nord	O	O	O	O	O	O	_	_	NoSpaceAfter	_	_	_
-	O	O	O	O	O	O	_	_	NoSpaceAfter	_	_	_
Vietnam	O	O	O	O	O	O	_	_	EndOfLine	_	_	_
# segment_iiif_link = https://impresso-project.ch/api/proxy/iiif/IMP-1959-09-12-a-p0016/96,1619,296,43/full/0/default.jpg
LONDRES	O	O	O	O	O	O	_	_	NoSpaceAfter	_	_	_
,	O	O	O	O	O	O	_	_	_	_	_	_
12	O	O	O	O	O	O	_	_	NoSpaceAfter	_	_	_
.	O	O	O	O	O	O	_	_	_	EndOfSentence	_	_
—	O	O	O	O	O	O	_	_	_	_	_	_
UPI	O	O	O	O	O	O	Q493845	_	_	_	LED0.00	_
—	O	O	O	O	O	O	_	_	_	_	_	_
Le	O	O	O	O	O	O	_	_	EndOfLine	_	_	_
# segment_iiif_link = https://impresso-project.ch/api/proxy/iiif/IMP-1959-09-12-a-p0016/79,1638,313,44/full/0/default.jpg
Nord	O	O	O	O	O	O	_	_	NoSpaceAfter	_	_	_
-	O	O	O	O	O	O	_	_	NoSpaceAfter	_	_	_
Vietnam	O	O	O	O	O	O	_	_	_	_	_	_
a	O	O	O	O	O	O	_	_	_	_	_	_
déclaré	O	O	O	O	O	O	_	_	_	_	_	_
que	O	O	O	O	O	O	_	_	_	_	_	_
les	O	O	O	O	O	O	_	_	_	_	_	_
rapports	O	O	O	O	O	O	_	_	EndOfLine	_	_	_
# segment_iiif_link = https://impresso-project.ch/api/proxy/iiif/IMP-1959-09-12-a-p0016/79,1659,314,44/full/0/default.jpg
en	O	O	O	O	O	O	_	_	_	_	_	_
provenance	O	O	O	O	O	O	_	_	_	_	_	_
du	O	O	O	O	O	O	_	_	_	_	_	_
Laos	O	O	O	O	O	O	_	_	NoSpaceAfter	_	_	_
,	O	O	O	O	O	O	_	_	_	_	_	_
selon	O	O	O	O	O	O	_	_	EndOfLine	_	_	_
# segment_iiif_link = https://impresso-project.ch/api/proxy/iiif/IMP-1959-09-12-a-p0016/79,1675,312,44/full/0/default.jpg
lesquels	O	O	O	O	O	O	_	_	_	_	_	_
un	O	O	O	O	O	O	_	_	_	_	_	_
certain	O	O	O	O	O	O	_	_	_	_	_	_
nombre	O	O	O	O	O	O	_	_	_	_	_	_
de	O	O	O	O	O	O	_	_	EndOfLine	_	_	_
# segment_iiif_link = https://impresso-project.ch/api/proxy/iiif/IMP-1959-09-12-a-p0016/79,1695,314,44/full/0/default.jpg
communistes	O	O	O	O	O	O	_	_	_	_	_	_
auraient	O	O	O	O	O	O	_	_	_	_	_	_
pénétré	O	O	O	O	O	O	_	_	_	_	_	_
à	O	O	O	O	O	O	_	_	_	_	_	_
2	O	O	O	O	O	O	_	_	_	_	_	_
km	O	O	O	O	O	O	_	_	NoSpaceAfter	_	_	_
.	O	O	O	O	O	O	_	_	EndOfLine	EndOfSentence	_	_
# segment_iiif_link = https://impresso-project.ch/api/proxy/iiif/IMP-1959-09-12-a-p0016/494,396,166,52/full/0/default.jpg
M	O	O	O	O	O	O	_	_	NoSpaceAfter	_	_	_
.	O	O	O	O	O	O	_	_	_	_	_	_
Nehru	O	O	O	O	O	O	_	_	_	_	_	_
reçoit	O	O	O	O	O	O	_	_	EndOfLine	_	_	_
# segment_iiif_link = https://impresso-project.ch/api/proxy/iiif/IMP-1959-09-12-a-p0016/443,422,267,51/full/0/default.jpg
l	O	O	O	O	O	O	_	_	NoSpaceAfter	_	_	_
'	O	O	O	O	O	O	_	_	NoSpaceAfter	_	_	_
ambassadeur	O	O	O	O	O	O	_	_	_	_	_	_
soviétique	O	O	O	O	O	O	_	_	EndOfLine	_	_	_
# segment_iiif_link = https://impresso-project.ch/api/proxy/iiif/IMP-1959-09-12-a-p0016/457,454,255,44/full/0/default.jpg
LA	O	O	O	O	O	O	_	_	_	_	_	_
NOUVELLE	O	O	O	O	O	O	_	_	NoSpaceAfter	_	_	_
-	O	O	O	O	O	O	_	_	NoSpaceAfter	_	_	_
DELHI	O	O	O	O	O	O	_	_	NoSpaceAfter	_	_	_
,	O	O	O	O	O	O	_	_	_	_	_	_
12	O	O	O	O	O	O	_	_	NoSpaceAfter	_	_	_
,	O	O	O	O	O	O	_	_	_	_	_	_
—	O	O	O	O	O	O	_	_	EndOfLine	_	_	_
# segment_iiif_link = https://impresso-project.ch/api/proxy/iiif/IMP-1959-09-12-a-p0016/441,471,271,44/full/0/default.jpg
AFP	B-org	O	B-org.ent.pressagency.AFP	O	O	O	Q40464	_	_	_	LED0.00	_
—	O	O	O	O	O	O	_	_	_	_	_	_
M	O	O	O	O	O	O	_	_	NoSpaceAfter	_	_	_
.	O	O	O	O	O	O	_	_	_	_	_	_
Ponomarenko	O	O	O	O	O	O	_	_	NoSpaceAfter	_	_	_
,	O	O	O	O	O	O	_	_	EndOfLine	_	_	_
# segment_iiif_link = https://impresso-project.ch/api/proxy/iiif/IMP-1959-09-12-a-p0016/442,488,271,44/full/0/default.jpg
ambassadeur	O	O	O	O	O	O	_	_	_	_	_	_
soviétique	O	O	O	O	O	O	_	_	_	_	_	_
en	O	O	O	O	O	O	_	_	_	_	_	_
Inde	O	O	O	O	O	O	_	_	NoSpaceAfter	_	_	_
,	O	O	O	O	O	O	_	_	_	_	_	_
a	O	O	O	O	O	O	_	_	_	_	_	_
été	O	O	O	O	O	O	_	_	EndOfLine	_	_	_
# segment_iiif_link = https://impresso-project.ch/api/proxy/iiif/IMP-1959-09-12-a-p0016/441,506,270,43/full/0/default.jpg
reçu	O	O	O	O	O	O	_	_	_	_	_	_
vendredi	O	O	O	O	O	O	_	_	_	_	_	_
par	O	O	O	O	O	O	_	_	_	_	_	_
M	O	O	O	O	O	O	_	_	NoSpaceAfter	_	_	_
.	O	O	O	O	O	O	_	_	_	_	_	_
Nehru	O	O	O	O	O	O	_	_	NoSpaceAfter	_	_	_
,	O	O	O	O	O	O	_	_	_	_	_	_
auquel	O	O	O	O	O	O	_	_	EndOfLine	_	_	_
# segment_iiif_link = https://impresso-project.ch/api/proxy/iiif/IMP-1959-09-12-a-p0016/441,523,208,44/full/0/default.jpg
il	O	O	O	O	O	O	_	_	_	_	_	_
a	O	O	O	O	O	O	_	_	_	_	_	_
transmis	O	O	O	O	O	O	_	_	_	_	_	_
un	O	O	O	O	O	O	_	_	_	_	_	_
message	O	O	O	O	O	O	_	_	NoSpaceAfter	_	_	_
.	O	O	O	O	O	O	_	_	EndOfLine	EndOfSentence	_	_
# segment_iiif_link = https://impresso-project.ch/api/proxy/iiif/IMP-1959-09-12-a-p0016/457,545,257,43/full/0/default.jpg
On	O	O	O	O	O	O	_	_	_	_	_	_
croit	O	O	O	O	O	O	_	_	_	_	_	_
savoir	O	O	O	O	O	O	_	_	_	_	_	_
que	O	O	O	O	O	O	_	_	_	_	_	_
cc	O	O	O	O	O	O	_	_	_	_	_	_
message	O	O	O	O	O	O	_	_	EndOfLine	_	_	_
# segment_iiif_link = https://impresso-project.ch/api/proxy/iiif/IMP-1959-09-12-a-p0016/441,562,271,44/full/0/default.jpg
exprime	O	O	O	O	O	O	_	_	_	_	_	_
le	O	O	O	O	O	O	_	_	_	_	_	_
point	O	O	O	O	O	O	_	_	_	_	_	_
de	O	O	O	O	O	O	_	_	_	_	_	_
vue	O	O	O	O	O	O	_	_	_	_	_	_
soviétique	O	O	O	O	O	O	_	_	EndOfLine	_	_	_
# segment_iiif_link = https://impresso-project.ch/api/proxy/iiif/IMP-1959-09-12-a-p0016/441,579,233,44/full/0/default.jpg
dans	O	O	O	O	O	O	_	_	_	_	_	_
le	O	O	O	O	O	O	_	_	_	_	_	_
différend	O	O	O	O	O	O	_	_	_	_	_	_
sino	O	O	O	O	O	O	_	_	NoSpaceAfter	_	_	_
-	O	O	O	O	O	O	_	_	NoSpaceAfter	_	_	_
indien	O	O	O	O	O	O	_	_	NoSpaceAfter	_	_	_
.	O	O	O	O	O	O	_	_	EndOfLine	EndOfSentence	_	_
# segment_iiif_link = https://impresso-project.ch/api/proxy/iiif/IMP-1959-09-12-a-p0016/456,596,256,44/full/0/default.jpg
A	O	O	O	O	O	O	_	_	_	_	_	_
ce	O	O	O	O	O	O	_	_	_	_	_	_
sujet	O	O	O	O	O	O	_	_	_	_	_	_
M	O	O	O	O	O	O	_	_	NoSpaceAfter	_	_	_
.	O	O	O	O	O	O	_	_	_	_	_	_
Nehru	O	O	O	O	O	O	_	_	_	_	_	_
aurait	O	O	O	O	O	O	_	_	NoSpaceAfter	_	_	_
,	O	O	O	O	O	O	_	_	_	_	_	_
selon	O	O	O	O	O	O	_	_	EndOfLine	_	_	_
# segment_iiif_link = https://impresso-project.ch/api/proxy/iiif/IMP-1959-09-12-a-p0016/441,614,271,43/full/0/default.jpg
la	O	O	O	O	O	O	_	_	_	_	_	_
même	O	O	O	O	O	O	_	_	_	_	_	_
source	O	O	O	O	O	O	_	_	NoSpaceAfter	_	_	_
,	O	O	O	O	O	O	_	_	_	_	_	_
exprimé	O	O	O	O	O	O	_	_	_	_	_	_
à	O	O	O	O	O	O	_	_	EndOfLine	_	_	_
# segment_iiif_link = https://impresso-project.ch/api/proxy/iiif/IMP-1959-09-12-a-p0016/440,631,271,44/full/0/default.jpg
l	O	O	O	O	O	O	_	_	NoSpaceAfter	_	_	_
'	O	O	O	O	O	O	_	_	NoSpaceAfter	_	_	_
ambassadeur	O	O	O	O	O	O	_	_	_	_	_	_
sa	O	O	O	O	O	O	_	_	_	_	_	_
satisfaction	O	O	O	O	O	O	_	_	_	_	_	_
du	O	O	O	O	O	O	_	_	EndOfLine	_	_	_
# segment_iiif_link = https://impresso-project.ch/api/proxy/iiif/IMP-1959-09-12-a-p0016/441,648,270,44/full/0/default.jpg
commentaire	O	O	O	O	O	O	_	_	_	_	_	_
publié	O	O	O	O	O	O	_	_	_	_	_	_
la	O	O	O	O	O	O	_	_	_	_	_	_
veille	O	O	O	O	O	O	_	_	_	_	_	_
par	O	O	O	O	O	O	_	_	EndOfLine	_	_	_
# segment_iiif_link = https://impresso-project.ch/api/proxy/iiif/IMP-1959-09-12-a-p0016/441,666,65,43/full/0/default.jpg
l	O	O	O	O	O	O	_	_	NoSpaceAfter	_	_	_
'	O	O	O	O	O	O	_	_	NoSpaceAfter	_	_	_
agence	O	O	O	O	O	O	_	_	_	_	_	_
Tass	O	O	O	O	O	O	_	_	NoSpaceAfter	_	_	_
.	O	O	O	O	O	O	_	_	EndOfLine	EndOfSentence	_	_
# segment_iiif_link = https://impresso-project.ch/api/proxy/iiif/IMP-1959-09-12-a-p0016/457,683,256,43/full/0/default.jpg
Au	O	O	O	O	O	O	_	_	_	_	_	_
cours	O	O	O	O	O	O	_	_	_	_	_	_
de	O	O	O	O	O	O	_	_	_	_	_	_
sa	O	O	O	O	O	O	_	_	_	_	_	_
conférence	O	O	O	O	O	O	_	_	NoSpaceAfter	_	_	_
,	O	O	O	O	O	O	_	_	_	_	_	_
le	O	O	O	O	O	O	_	_	EndOfLine	_	_	_
# segment_iiif_link = https://impresso-project.ch/api/proxy/iiif/IMP-1959-09-12-a-p0016/441,700,270,43/full/0/default.jpg
premier	O	O	O	O	O	O	_	_	_	_	_	_
ministre	O	O	O	O	O	O	_	_	_	_	_	_
indien	O	O	O	O	O	O	_	_	_	_	_	_
a	O	O	O	O	O	O	_	_	_	_	_	_
qualifié	O	O	O	O	O	O	_	_	EndOfLine	_	_	_
# segment_iiif_link = https://impresso-project.ch/api/proxy/iiif/IMP-1959-09-12-a-p0016/441,717,270,44/full/0/default.jpg
ce	O	O	O	O	O	O	_	_	_	_	_	_
commentaire	O	O	O	O	O	O	_	_	_	_	_	_
«	O	O	O	O	O	O	_	_	_	_	_	_
de	O	O	O	O	O	O	_	_	_	_	_	_
très	O	O	O	O	O	O	_	_	EndOfLine	_	_	_
# segment_iiif_link = https://impresso-project.ch/api/proxy/iiif/IMP-1959-09-12-a-p0016/441,734,40,44/full/0/default.jpg
équitable	O	O	O	O	O	O	_	_	_	_	_	_
»	O	O	O	O	O	O	_	_	NoSpaceAfter	_	_	_
.	O	O	O	O	O	O	_	_	EndOfLine	EndOfSentence	_	_
# segment_iiif_link = https://impresso-project.ch/api/proxy/iiif/IMP-1959-09-12-a-p0016/416,805,312,44/full/0/default.jpg
de	O	O	O	O	O	O	_	_	_	_	_	_
la	O	O	O	O	O	O	_	_	_	_	_	_
frontière	O	O	O	O	O	O	_	_	_	_	_	_
en	O	O	O	O	O	O	_	_	_	_	_	_
territoire	O	O	O	O	O	O	_	_	_	_	_	_
laotien	O	O	O	O	O	O	_	_	EndOfLine	_	_	_
# segment_iiif_link = https://impresso-project.ch/api/proxy/iiif/IMP-1959-09-12-a-p0016/416,822,313,44/full/0/default.jpg
pour	O	O	O	O	O	O	_	_	_	_	_	_
attaquer	O	O	O	O	O	O	_	_	_	_	_	_
Moung	O	O	O	O	O	O	_	_	_	_	_	_
Khoa	O	O	O	O	O	O	_	_	_	_	_	_
_	O	O	O	O	O	O	_	_	NoSpaceAfter	_	_	_
,	O	O	O	O	O	O	_	_	_	_	_	_
étaient	O	O	O	O	O	O	_	_	EndOfLine	_	_	_
# segment_iiif_link = https://impresso-project.ch/api/proxy/iiif/IMP-1959-09-12-a-p0016/416,842,269,43/full/0/default.jpg
une	O	O	O	O	O	O	_	_	_	_	_	_
invention	O	O	O	O	O	O	_	_	_	_	_	_
pure	O	O	O	O	O	O	_	_	_	_	_	_
et	O	O	O	O	O	O	_	_	_	_	_	_
simple	O	O	O	O	O	O	_	_	NoSpaceAfter	_	_	_
.	O	O	O	O	O	O	_	_	EndOfLine	EndOfSentence	_	_
# segment_iiif_link = https://impresso-project.ch/api/proxy/iiif/IMP-1959-09-12-a-p0016/433,861,296,44/full/0/default.jpg
A	O	O	O	O	O	O	_	_	_	_	_	_
Vientiane	O	O	O	O	O	O	_	_	NoSpaceAfter	_	_	_
,	O	O	O	O	O	O	_	_	_	_	_	_
le	O	O	O	O	O	O	_	_	_	_	_	_
ministre	O	O	O	O	O	O	_	_	_	_	_	_
des	O	O	O	O	O	O	_	_	EndOfLine	_	_	_
# segment_iiif_link = https://impresso-project.ch/api/proxy/iiif/IMP-1959-09-12-a-p0016/417,880,313,43/full/0/default.jpg
Affaires	O	O	O	O	O	O	_	_	_	_	_	_
étrangères	O	O	O	O	O	O	_	_	_	_	_	_
par	O	O	O	O	O	O	_	_	_	_	_	_
intérim	O	O	O	O	O	O	_	_	NoSpaceAfter	_	_	_
,	O	O	O	O	O	O	_	_	_	_	_	_
M	O	O	O	O	O	O	_	_	NoSpaceAfter	_	_	_
.	O	O	O	O	O	O	_	_	EndOfLine	_	_	_
# segment_iiif_link = https://impresso-project.ch/api/proxy/iiif/IMP-1959-09-12-a-p0016/417,899,312,44/full/0/default.jpg
Sisouk	O	O	O	O	O	O	_	_	_	_	_	_
Nachmakassak	O	O	O	O	O	O	_	_	NoSpaceAfter	_	_	_
,	O	O	O	O	O	O	_	_	_	_	_	_
a	O	O	O	O	O	O	_	_	_	_	_	_
déclaré	O	O	O	O	O	O	_	_	EndOfLine	_	_	_
# segment_iiif_link = https://impresso-project.ch/api/proxy/iiif/IMP-1959-09-12-a-p0016/417,918,312,44/full/0/default.jpg
vendredi	O	O	O	O	O	O	_	_	NoSpaceAfter	_	_	_
.	O	O	O	O	O	O	_	_	_	EndOfSentence	_	_
qu	O	O	O	O	O	O	_	_	NoSpaceAfter	_	_	_
'	O	O	O	O	O	O	_	_	NoSpaceAfter	_	_	_
aucune	O	O	O	O	O	O	_	_	_	_	_	_
activité	O	O	O	O	O	O	_	_	_	_	_	_
rebelle	O	O	O	O	O	O	_	_	EndOfLine	_	_	_
# segment_iiif_link = https://impresso-project.ch/api/proxy/iiif/IMP-1959-09-12-a-p0016/417,938,312,43/full/0/default.jpg
n	O	O	O	O	O	O	_	_	NoSpaceAfter	_	_	_
'	O	O	O	O	O	O	_	_	NoSpaceAfter	_	_	_
était	O	O	O	O	O	O	_	_	_	_	_	_
signalée	O	O	O	O	O	O	_	_	_	_	_	_
dans	O	O	O	O	O	O	_	_	_	_	_	_
l	O	O	O	O	O	O	_	_	NoSpaceAfter	_	_	_
'	O	O	O	O	O	O	_	_	NoSpaceAfter	_	_	_
ensemble	O	O	O	O	O	O	_	_	_	_	_	_
du	O	O	O	O	O	O	_	_	EndOfLine	_	_	_
# segment_iiif_link = https://impresso-project.ch/api/proxy/iiif/IMP-1959-09-12-a-p0016/417,956,42,44/full/0/default.jpg
Laos	O	O	O	O	O	O	_	_	NoSpaceAfter	_	_	_
.	O	O	O	O	O	O	_	_	EndOfLine	EndOfSentence	_	_
# segment_iiif_link = https://impresso-project.ch/api/proxy/iiif/IMP-1959-09-12-a-p0016/486,976,176,61/full/0/default.jpg
Les	O	O	O	O	O	O	_	_	_	_	_	_
combats	O	O	O	O	O	O	_	_	EndOfLine	_	_	_
# segment_iiif_link = https://impresso-project.ch/api/proxy/iiif/IMP-1959-09-12-a-p0016/476,1013,196,61/full/0/default.jpg
continueraient	O	O	O	O	O	O	_	_	EndOfLine	_	_	_
# segment_iiif_link = https://impresso-project.ch/api/proxy/iiif/IMP-1959-09-12-a-p0016/434,1057,292,43/full/0/default.jpg
VIENTIANE	O	O	O	O	O	O	_	_	NoSpaceAfter	_	_	_
,	O	O	O	O	O	O	_	_	_	_	_	_
12	O	O	O	O	O	O	_	_	NoSpaceAfter	_	_	_
.	O	O	O	O	O	O	_	_	NoSpaceAfter	_	_	_
-	O	O	O	O	O	O	_	_	NoSpaceAfter	_	_	_
Reuter	O	O	O	O	O	O	Q130879	_	NoSpaceAfter	_	LED0.00	_
.	O	O	O	O	O	O	_	_	NoSpaceAfter	EndOfSentence	_	_
-	O	O	O	O	O	O	_	_	NoSpaceAfter	_	_	_
Le	O	O	O	O	O	O	_	_	_	_	_	_
chef	O	O	O	O	O	O	_	_	EndOfLine	_	_	_
# segment_iiif_link = https://impresso-project.ch/api/proxy/iiif/IMP-1959-09-12-a-p0016/418,1076,310,44/full/0/default.jpg
de	O	O	O	O	O	O	_	_	_	_	_	_
l	O	O	O	O	O	O	_	_	NoSpaceAfter	_	_	_
'	O	O	O	O	O	O	_	_	NoSpaceAfter	_	_	_
armée	O	O	O	O	O	O	_	_	_	_	_	_
du	O	O	O	O	O	O	_	_	_	_	_	_
Laps	O	O	O	O	O	O	_	_	NoSpaceAfter	_	_	_
,	O	O	O	O	O	O	_	_	_	_	_	_
le	O	O	O	O	O	O	_	_	_	_	_	_
général	O	O	O	O	O	O	_	_	_	_	_	_
de	O	O	O	O	O	O	_	_	EndOfLine	_	_	_
# segment_iiif_link = https://impresso-project.ch/api/proxy/iiif/IMP-1959-09-12-a-p0016/418,1094,311,44/full/0/default.jpg
brigade	O	O	O	O	O	O	_	_	_	_	_	_
Rattikone	O	O	O	O	O	O	_	_	NoSpaceAfter	_	_	_
,	O	O	O	O	O	O	_	_	_	_	_	_
a	O	O	O	O	O	O	_	_	_	_	_	_
déclaré	O	O	O	O	O	O	_	_	_	_	_	_
vendredi	O	O	O	O	O	O	_	_	_	_	_	_
à	O	O	O	O	O	O	_	_	EndOfLine	_	_	_
# segment_iiif_link = https://impresso-project.ch/api/proxy/iiif/IMP-1959-09-12-a-p0016/417,1113,312,44/full/0/default.jpg
Vinetiane	O	O	O	O	O	O	_	_	_	_	_	_
que	O	O	O	O	O	O	_	_	_	_	_	_
le	O	O	O	O	O	O	_	_	_	_	_	_
fort	O	O	O	O	O	O	_	_	_	_	_	_
de	O	O	O	O	O	O	_	_	_	_	_	_
_	O	O	O	O	O	O	_	_	NoSpaceAfter	_	_	_
Muongson	O	O	O	O	O	O	_	_	NoSpaceAfter	_	_	_
,	O	O	O	O	O	O	_	_	EndOfLine	_	_	_
# segment_iiif_link = https://impresso-project.ch/api/proxy/iiif/IMP-1959-09-12-a-p0016/417,1132,312,43/full/0/default.jpg
réoccupé	O	O	O	O	O	O	_	_	_	_	_	_
récemment	O	O	O	O	O	O	_	_	_	_	_	_
par	O	O	O	O	O	O	_	_	_	_	_	_
les	O	O	O	O	O	O	_	_	_	_	_	_
troupes	O	O	O	O	O	O	_	_	EndOfLine	_	_	_
# segment_iiif_link = https://impresso-project.ch/api/proxy/iiif/IMP-1959-09-12-a-p0016/417,1150,312,44/full/0/default.jpg
gouvernementales	O	O	O	O	O	O	_	_	NoSpaceAfter	_	_	_
,	O	O	O	O	O	O	_	_	_	_	_	_
a	O	O	O	O	O	O	_	_	_	_	_	_
été	O	O	O	O	O	O	_	_	_	_	_	_
de	O	O	O	O	O	O	_	_	_	_	_	_
nouveau	O	O	O	O	O	O	_	_	EndOfLine	_	_	_
# segment_iiif_link = https://impresso-project.ch/api/proxy/iiif/IMP-1959-09-12-a-p0016/418,1170,311,43/full/0/default.jpg
attaqué	O	O	O	O	O	O	_	_	_	_	_	_
par	O	O	O	O	O	O	_	_	_	_	_	_
trois	O	O	O	O	O	O	_	_	_	_	_	_
bataillons	O	O	O	O	O	O	_	_	_	_	_	_
communistes	O	O	O	O	O	O	_	_	EndOfLine	_	_	_
# segment_iiif_link = https://impresso-project.ch/api/proxy/iiif/IMP-1959-09-12-a-p0016/417,1188,314,44/full/0/default.jpg
et	O	O	O	O	O	O	_	_	_	_	_	_
a	O	O	O	O	O	O	_	_	_	_	_	_
demandé	O	O	O	O	O	O	_	_	_	_	_	_
par	O	O	O	O	O	O	_	_	_	_	_	_
radio	O	O	O	O	O	O	_	_	_	_	_	_
une	O	O	O	O	O	O	_	_	_	_	_	_
aide	O	O	O	O	O	O	_	_	EndOfLine	_	_	_
# segment_iiif_link = https://impresso-project.ch/api/proxy/iiif/IMP-1959-09-12-a-p0016/418,1207,311,44/full/0/default.jpg
immédiate	O	O	O	O	O	O	_	_	NoSpaceAfter	_	_	_
.	O	O	O	O	O	O	_	_	_	EndOfSentence	_	_
Les	O	O	O	O	O	O	_	_	_	_	_	_
rebelles	O	O	O	O	O	O	_	_	NoSpaceAfter	_	_	_
,	O	O	O	O	O	O	_	_	_	_	_	_
après	O	O	O	O	O	O	_	_	_	_	_	_
avoir	O	O	O	O	O	O	_	_	_	_	_	_
franchi	O	O	O	O	O	O	_	_	EndOfLine	_	_	_
# segment_iiif_link = https://impresso-project.ch/api/proxy/iiif/IMP-1959-09-12-a-p0016/418,1226,312,43/full/0/default.jpg
la	O	O	O	O	O	O	_	_	_	_	_	_
frontière	O	O	O	O	O	O	_	_	_	_	_	_
nord	O	O	O	O	O	O	_	_	NoSpaceAfter	_	_	_
-	O	O	O	O	O	O	_	_	NoSpaceAfter	_	_	_
vietnamienne	O	O	O	O	O	O	_	_	NoSpaceAfter	_	_	_
,	O	O	O	O	O	O	_	_	_	_	_	_
se	O	O	O	O	O	O	_	_	EndOfLine	_	_	_
# segment_iiif_link = https://impresso-project.ch/api/proxy/iiif/IMP-1959-09-12-a-p0016/418,1245,311,44/full/0/default.jpg
seraient	O	O	O	O	O	O	_	_	_	_	_	_
approchés	O	O	O	O	O	O	_	_	_	_	_	_
du	O	O	O	O	O	O	_	_	_	_	_	_
fort	O	O	O	O	O	O	_	_	_	_	_	_
par	O	O	O	O	O	O	_	_	_	_	_	_
la	O	O	O	O	O	O	_	_	_	_	_	_
vallée	O	O	O	O	O	O	_	_	EndOfLine	_	_	_
# segment_iiif_link = https://impresso-project.ch/api/proxy/iiif/IMP-1959-09-12-a-p0016/418,1264,310,43/full/0/default.jpg
de	O	O	O	O	O	O	_	_	_	_	_	_
Muongson	O	O	O	O	O	O	_	_	_	_	_	_
et	O	O	O	O	O	O	_	_	_	_	_	_
auraient	O	O	O	O	O	O	_	_	_	_	_	_
lancé	O	O	O	O	O	O	_	_	_	_	_	_
leur	O	O	O	O	O	O	_	_	EndOfLine	_	_	_
# segment_iiif_link = https://impresso-project.ch/api/proxy/iiif/IMP-1959-09-12-a-p0016/418,1282,188,44/full/0/default.jpg
première	O	O	O	O	O	O	_	_	_	_	_	_
attaque	O	O	O	O	O	O	_	_	_	_	_	_
jeudi	O	O	O	O	O	O	_	_	NoSpaceAfter	_	_	_
.	O	O	O	O	O	O	_	_	EndOfLine	EndOfSentence	_	_
# segment_iiif_link = https://impresso-project.ch/api/proxy/iiif/IMP-1959-09-12-a-p0016/433,1301,296,44/full/0/default.jpg
Le	O	O	O	O	O	O	_	_	_	_	_	_
fort	O	O	O	O	O	O	_	_	_	_	_	_
de	O	O	O	O	O	O	_	_	_	_	_	_
Muongson	O	O	O	O	O	O	_	_	_	_	_	_
fut	O	O	O	O	O	O	_	_	_	_	_	_
l	O	O	O	O	O	O	_	_	NoSpaceAfter	_	_	_
'	O	O	O	O	O	O	_	_	NoSpaceAfter	_	_	_
un	O	O	O	O	O	O	_	_	_	_	_	_
des	O	O	O	O	O	O	_	_	EndOfLine	_	_	_
# segment_iiif_link = https://impresso-project.ch/api/proxy/iiif/IMP-1959-09-12-a-p0016/418,1320,311,43/full/0/default.jpg
premiers	O	O	O	O	O	O	_	_	_	_	_	_
à	O	O	O	O	O	O	_	_	_	_	_	_
être	O	O	O	O	O	O	_	_	_	_	_	_
occupés	O	O	O	O	O	O	_	_	_	_	_	_
par	O	O	O	O	O	O	_	_	_	_	_	_
les	O	O	O	O	O	O	_	_	_	_	_	_
rebelles	O	O	O	O	O	O	_	_	EndOfLine	_	_	_
# segment_iiif_link = https://impresso-project.ch/api/proxy/iiif/IMP-1959-09-12-a-p0016/418,1338,312,44/full/0/default.jpg
communistes	O	O	O	O	O	O	_	_	_	_	_	_
après	O	O	O	O	O	O	_	_	_	_	_	_
le	O	O	O	O	O	O	_	_	_	_	_	_
déclenchement	O	O	O	O	O	O	_	_	EndOfLine	_	_	_
# segment_iiif_link = https://impresso-project.ch/api/proxy/iiif/IMP-1959-09-12-a-p0016/418,1358,310,43/full/0/default.jpg
des	O	O	O	O	O	O	_	_	_	_	_	_
hostilités	O	O	O	O	O	O	_	_	NoSpaceAfter	_	_	_
,	O	O	O	O	O	O	_	_	_	_	_	_
au	O	O	O	O	O	O	_	_	_	_	_	_
milieu	O	O	O	O	O	O	_	_	_	_	_	_
de	O	O	O	O	O	O	_	_	_	_	_	_
juillet	O	O	O	O	O	O	_	_	NoSpaceAfter	_	_	_
.	O	O	O	O	O	O	_	_	_	EndOfSentence	_	_
Tl	O	O	O	O	O	O	_	_	EndOfLine	_	_	_
# segment_iiif_link = https://impresso-project.ch/api/proxy/iiif/IMP-1959-09-12-a-p0016/418,1376,311,44/full/0/default.jpg
avait	O	O	O	O	O	O	_	_	_	_	_	_
été	O	O	O	O	O	O	_	_	_	_	_	_
repris	O	O	O	O	O	O	_	_	_	_	_	_
il	O	O	O	O	O	O	_	_	_	_	_	_
y	O	O	O	O	O	O	_	_	_	_	_	_
a	O	O	O	O	O	O	_	_	_	_	_	_
trois	O	O	O	O	O	O	_	_	_	_	_	_
jours	O	O	O	O	O	O	_	_	_	_	_	_
par	O	O	O	O	O	O	_	_	EndOfLine	_	_	_
# segment_iiif_link = https://impresso-project.ch/api/proxy/iiif/IMP-1959-09-12-a-p0016/416,1396,306,43/full/0/default.jpg
les	O	O	O	O	O	O	_	_	_	_	_	_
troupes	O	O	O	O	O	O	_	_	_	_	_	_
royales	O	O	O	O	O	O	_	_	NoSpaceAfter	_	_	_
.	O	O	O	O	O	O	_	_	_	EndOfSentence	_	_
Le	O	O	O	O	O	O	_	_	_	_	_	_
général	O	O	O	O	O	O	_	_	EndOfLine	_	_	_
# segment_iiif_link = https://impresso-project.ch/api/proxy/iiif/IMP-1959-09-12-a-p0016/417,1414,309,44/full/0/default.jpg
Rattikone	O	O	O	O	O	O	_	_	_	_	_	_
a	O	O	O	O	O	O	_	_	_	_	_	_
déclaré	O	O	O	O	O	O	_	_	_	_	_	_
que	O	O	O	O	O	O	_	_	_	_	_	_
les	O	O	O	O	O	O	_	_	_	_	_	_
assaillants	O	O	O	O	O	O	_	_	_	_	_	_
sonl	O	O	O	O	O	O	_	_	EndOfLine	_	_	_
# segment_iiif_link = https://impresso-project.ch/api/proxy/iiif/IMP-1959-09-12-a-p0016/417,1433,309,44/full/0/default.jpg
des	O	O	O	O	O	O	_	_	_	_	_	_
«	O	O	O	O	O	O	_	_	_	_	_	_
laoviets	O	O	O	O	O	O	_	_	_	_	_	_
»	O	O	O	O	O	O	_	_	NoSpaceAfter	_	_	_
,	O	O	O	O	O	O	_	_	_	_	_	_
c	O	O	O	O	O	O	_	_	NoSpaceAfter	_	_	_
'	O	O	O	O	O	O	_	_	NoSpaceAfter	_	_	_
est	O	O	O	O	O	O	_	_	NoSpaceAfter	_	_	_
-	O	O	O	O	O	O	_	_	NoSpaceAfter	_	_	_
à	O	O	O	O	O	O	_	_	NoSpaceAfter	_	_	_
-	O	O	O	O	O	O	_	_	NoSpaceAfter	_	_	_
dire	O	O	O	O	O	O	_	_	_	_	_	_
un	O	O	O	O	O	O	_	_	EndOfLine	_	_	_
# segment_iiif_link = https://impresso-project.ch/api/proxy/iiif/IMP-1959-09-12-a-p0016/417,1452,309,43/full/0/default.jpg
mélange	O	O	O	O	O	O	_	_	_	_	_	_
de	O	O	O	O	O	O	_	_	_	_	_	_
communistes	O	O	O	O	O	O	_	_	_	_	_	_
du	O	O	O	O	O	O	_	_	_	_	_	_
Pathet	O	O	O	O	O	O	_	_	_	_	_	_
Lao	O	O	O	O	O	O	_	_	_	_	_	_
et	O	O	O	O	O	O	_	_	_	_	_	_
dc	O	O	O	O	O	O	_	_	EndOfLine	_	_	_
# segment_iiif_link = https://impresso-project.ch/api/proxy/iiif/IMP-1959-09-12-a-p0016/417,1471,310,44/full/0/default.jpg
troupes	O	O	O	O	O	O	_	_	_	_	_	_
venues	O	O	O	O	O	O	_	_	_	_	_	_
du	O	O	O	O	O	O	_	_	_	_	_	_
Nord	O	O	O	O	O	O	_	_	NoSpaceAfter	_	_	_
-	O	O	O	O	O	O	_	_	NoSpaceAfter	_	_	_
Vietnam	O	O	O	O	O	O	_	_	NoSpaceAfter	_	_	_
.	O	O	O	O	O	O	_	_	_	EndOfSentence	_	_
Des	O	O	O	O	O	O	_	_	EndOfLine	_	_	_
# segment_iiif_link = https://impresso-project.ch/api/proxy/iiif/IMP-1959-09-12-a-p0016/417,1490,308,43/full/0/default.jpg
renforts	O	O	O	O	O	O	_	_	_	_	_	_
ont	O	O	O	O	O	O	_	_	_	_	_	_
été	O	O	O	O	O	O	_	_	_	_	_	_
envoyés	O	O	O	O	O	O	_	_	_	_	_	_
vers	O	O	O	O	O	O	_	_	EndOfLine	_	_	_
# segment_iiif_link = https://impresso-project.ch/api/proxy/iiif/IMP-1959-09-12-a-p0016/416,1509,312,44/full/0/default.jpg
Muongson	O	O	O	O	O	O	_	_	_	_	_	_
depuis	O	O	O	O	O	O	_	_	_	_	_	_
le	O	O	O	O	O	O	_	_	_	_	_	_
sud	O	O	O	O	O	O	_	_	_	_	_	_
de	O	O	O	O	O	O	_	_	_	_	_	_
la	O	O	O	O	O	O	_	_	_	_	_	_
province	O	O	O	O	O	O	_	_	_	_	_	_
de	O	O	O	O	O	O	_	_	EndOfLine	_	_	_
# segment_iiif_link = https://impresso-project.ch/api/proxy/iiif/IMP-1959-09-12-a-p0016/417,1528,84,43/full/0/default.jpg
Sam	O	O	O	O	O	O	_	_	_	_	_	_
Neua	O	O	O	O	O	O	_	_	NoSpaceAfter	_	_	_
.	O	O	O	O	O	O	_	_	EndOfLine	EndOfSentence	_	_
# segment_iiif_link = https://impresso-project.ch/api/proxy/iiif/IMP-1959-09-12-a-p0016/432,1547,295,43/full/0/default.jpg
Le	O	O	O	O	O	O	_	_	_	_	_	_
commandant	O	O	O	O	O	O	_	_	_	_	_	_
en	O	O	O	O	O	O	_	_	_	_	_	_
chef	O	O	O	O	O	O	_	_	_	_	_	_
de	O	O	O	O	O	O	_	_	_	_	_	_
l	O	O	O	O	O	O	_	_	NoSpaceAfter	_	_	_
'	O	O	O	O	O	O	_	_	NoSpaceAfter	_	_	_
armée	O	O	O	O	O	O	_	_	_	_	_	_
a	O	O	O	O	O	O	_	_	EndOfLine	_	_	_
# segment_iiif_link = https://impresso-project.ch/api/proxy/iiif/IMP-1959-09-12-a-p0016/417,1565,310,44/full/0/default.jpg
dit	O	O	O	O	O	O	_	_	_	_	_	_
encore	O	O	O	O	O	O	_	_	_	_	_	_
que	O	O	O	O	O	O	_	_	_	_	_	_
260	O	O	O	O	O	O	_	_	_	_	_	_
soldats	O	O	O	O	O	O	_	_	_	_	_	_
laotiens	O	O	O	O	O	O	_	_	EndOfLine	_	_	_
# segment_iiif_link = https://impresso-project.ch/api/proxy/iiif/IMP-1959-09-12-a-p0016/417,1584,309,44/full/0/default.jpg
ont	O	O	O	O	O	O	_	_	_	_	_	_
été	O	O	O	O	O	O	_	_	_	_	_	_
tués	O	O	O	O	O	O	_	_	_	_	_	_
et	O	O	O	O	O	O	_	_	_	_	_	_
125	O	O	O	O	O	O	_	_	_	_	_	_
blessés	O	O	O	O	O	O	_	_	_	_	_	_
pendant	O	O	O	O	O	O	_	_	_	_	_	_
la	O	O	O	O	O	O	_	_	EndOfLine	_	_	_
# segment_iiif_link = https://impresso-project.ch/api/proxy/iiif/IMP-1959-09-12-a-p0016/417,1603,310,44/full/0/default.jpg
guérilla	O	O	O	O	O	O	_	_	_	_	_	_
qui	O	O	O	O	O	O	_	_	_	_	_	_
dure	O	O	O	O	O	O	_	_	_	_	_	_
depuis	O	O	O	O	O	O	_	_	_	_	_	_
deux	O	O	O	O	O	O	_	_	_	_	_	_
mois	O	O	O	O	O	O	_	_	EndOfLine	_	_	_
# segment_iiif_link = https://impresso-project.ch/api/proxy/iiif/IMP-1959-09-12-a-p0016/417,1622,310,44/full/0/default.jpg
contre	O	O	O	O	O	O	_	_	_	_	_	_
les	O	O	O	O	O	O	_	_	_	_	_	_
rebelles	O	O	O	O	O	O	_	_	_	_	_	_
communistes	O	O	O	O	O	O	_	_	NoSpaceAfter	_	_	_
.	O	O	O	O	O	O	_	_	_	EndOfSentence	_	_
On	O	O	O	O	O	O	_	_	EndOfLine	_	_	_
# segment_iiif_link = https://impresso-project.ch/api/proxy/iiif/IMP-1959-09-12-a-p0016/418,1641,308,44/full/0/default.jpg
compte	O	O	O	O	O	O	_	_	_	_	_	_
en	O	O	O	O	O	O	_	_	_	_	_	_
outre	O	O	O	O	O	O	_	_	_	_	_	_
un	O	O	O	O	O	O	_	_	_	_	_	_
nombre	O	O	O	O	O	O	_	_	_	_	_	_
important	O	O	O	O	O	O	_	_	EndOfLine	_	_	_
# segment_iiif_link = https://impresso-project.ch/api/proxy/iiif/IMP-1959-09-12-a-p0016/418,1660,307,44/full/0/default.jpg
de	O	O	O	O	O	O	_	_	_	_	_	_
disparus	O	O	O	O	O	O	_	_	_	_	_	_
dans	O	O	O	O	O	O	_	_	_	_	_	_
les	O	O	O	O	O	O	_	_	_	_	_	_
régions	O	O	O	O	O	O	_	_	_	_	_	_
qui	O	O	O	O	O	O	_	_	_	_	_	_
furent	O	O	O	O	O	O	_	_	EndOfLine	_	_	_
# segment_iiif_link = https://impresso-project.ch/api/proxy/iiif/IMP-1959-09-12-a-p0016/418,1679,309,43/full/0/default.jpg
attaquées	O	O	O	O	O	O	_	_	_	_	_	_
directement	O	O	O	O	O	O	_	_	_	_	_	_
par	O	O	O	O	O	O	_	_	_	_	_	_
les	O	O	O	O	O	O	_	_	EndOfLine	_	_	_
# segment_iiif_link = https://impresso-project.ch/api/proxy/iiif/IMP-1959-09-12-a-p0016/418,1697,309,44/full/0/default.jpg
communistes	O	O	O	O	O	O	_	_	NoSpaceAfter	_	_	_
.	O	O	O	O	O	O	_	_	_	EndOfSentence	_	_
Dans	O	O	O	O	O	O	_	_	_	_	_	_
un	O	O	O	O	O	O	_	_	_	_	_	_
fort	O	O	O	O	O	O	_	_	_	_	_	_
qui	O	O	O	O	O	O	_	_	_	_	_	_
fut	O	O	O	O	O	O	_	_	_	_	_	_
attaqué	O	O	O	O	O	O	_	_	_	_	_	_
le	O	O	O	O	O	O	_	_	EndOfLine	_	_	_
# segment_iiif_link = https://impresso-project.ch/api/proxy/iiif/IMP-1959-09-12-a-p0016/418,1717,308,43/full/0/default.jpg
31	O	O	O	O	O	O	_	_	_	_	_	_
août	O	O	O	O	O	O	_	_	_	_	_	_
par	O	O	O	O	O	O	_	_	_	_	_	_
des	O	O	O	O	O	O	_	_	_	_	_	_
rebelles	O	O	O	O	O	O	_	_	_	_	_	_
le	O	O	O	O	O	O	_	_	_	_	_	_
long	O	O	O	O	O	O	_	_	_	_	_	_
du	O	O	O	O	O	O	_	_	EndOfLine	_	_	_
# segment_iiif_link = https://impresso-project.ch/api/proxy/iiif/IMP-1959-09-12-a-p0016/418,1735,310,44/full/0/default.jpg
fleuve	O	O	O	O	O	O	_	_	_	_	_	_
Ma	O	O	O	O	O	O	_	_	NoSpaceAfter	_	_	_
,	O	O	O	O	O	O	_	_	_	_	_	_
sept	O	O	O	O	O	O	_	_	_	_	_	_
seulment	O	O	O	O	O	O	_	_	_	_	_	_
des	O	O	O	O	O	O	_	_	_	_	_	_
82	O	O	O	O	O	O	_	_	EndOfLine	_	_	_
# segment_iiif_link = https://impresso-project.ch/api/proxy/iiif/IMP-1959-09-12-a-p0016/418,1754,308,44/full/0/default.jpg
hommes	O	O	O	O	O	O	_	_	_	_	_	_
de	O	O	O	O	O	O	_	_	_	_	_	_
la	O	O	O	O	O	O	_	_	_	_	_	_
garnison	O	O	O	O	O	O	_	_	_	_	_	_
ont	O	O	O	O	O	O	_	_	_	_	_	_
été	O	O	O	O	O	O	_	_	_	_	_	_
retrouvés	O	O	O	O	O	O	_	_	EndOfLine	_	_	_
# segment_iiif_link = https://impresso-project.ch/api/proxy/iiif/IMP-1959-09-12-a-p0016/418,1773,59,44/full/0/default.jpg
vivants	O	O	O	O	O	O	_	_	NoSpaceAfter	_	_	_
.	O	O	O	O	O	O	_	_	EndOfLine	EndOfSentence	_	_

# language = fr
# newspaper = IMP
# date = 1959-09-14
# document_id = IMP-1959-09-14-a-i0220
# news-agency-as-source = Q430109
# segment_iiif_link = https://impresso-project.ch/api/proxy/iiif/IMP-1959-09-14-a-p0016/908,1876,171,82/full/0/default.jpg
yÛ	O	O	O	O	O	O	_	_	_	_	_	_
_	O	O	O	O	O	O	_	_	NoSpaceAfter	_	_	_
^	O	O	O	O	O	O	_	_	_	_	_	_
Wt	O	O	O	O	O	O	_	_	EndOfLine	_	_	_
# segment_iiif_link = https://impresso-project.ch/api/proxy/iiif/IMP-1959-09-14-a-p0016/454,1828,149,44/full/0/default.jpg
Toujours	O	O	O	O	O	O	_	_	_	_	_	_
l	O	O	O	O	O	O	_	_	NoSpaceAfter	_	_	_
'	O	O	O	O	O	O	_	_	NoSpaceAfter	_	_	_
Algérie	O	O	O	O	O	O	_	_	NoSpaceAfter	_	_	_
.	O	O	O	O	O	O	_	_	EndOfLine	EndOfSentence	_	_
# segment_iiif_link = https://impresso-project.ch/api/proxy/iiif/IMP-1959-09-14-a-p0016/471,1861,282,44/full/0/default.jpg
Des	O	O	O	O	O	O	_	_	_	_	_	_
bruits	O	O	O	O	O	O	_	_	_	_	_	_
divers	O	O	O	O	O	O	_	_	_	_	_	_
circulent	O	O	O	O	O	O	_	_	_	_	_	_
à	O	O	O	O	O	O	_	_	EndOfLine	_	_	_
# segment_iiif_link = https://impresso-project.ch/api/proxy/iiif/IMP-1959-09-14-a-p0016/454,1880,299,44/full/0/default.jpg
Paris	O	O	O	O	O	O	_	_	NoSpaceAfter	_	_	_
,	O	O	O	O	O	O	_	_	_	_	_	_
selon	O	O	O	O	O	O	_	_	_	_	_	_
lesquels	O	O	O	O	O	O	_	_	_	_	_	_
le	O	O	O	O	O	O	_	_	_	_	_	_
général	O	O	O	O	O	O	_	_	_	_	_	_
de	O	O	O	O	O	O	_	_	EndOfLine	_	_	_
# segment_iiif_link = https://impresso-project.ch/api/proxy/iiif/IMP-1959-09-14-a-p0016/454,1899,299,44/full/0/default.jpg
Gaulle	O	O	O	O	O	O	_	_	_	_	_	_
ferait	O	O	O	O	O	O	_	_	_	_	_	_
connaître	O	O	O	O	O	O	_	_	_	_	_	_
son	O	O	O	O	O	O	_	_	_	_	_	_
plan	O	O	O	O	O	O	_	_	EndOfLine	_	_	_
# segment_iiif_link = https://impresso-project.ch/api/proxy/iiif/IMP-1959-09-14-a-p0016/453,1918,301,43/full/0/default.jpg
sur	O	O	O	O	O	O	_	_	_	_	_	_
l	O	O	O	O	O	O	_	_	NoSpaceAfter	_	_	_
'	O	O	O	O	O	O	_	_	NoSpaceAfter	_	_	_
Algérie	O	O	O	O	O	O	_	_	NoSpaceAfter	_	_	_
,	O	O	O	O	O	O	_	_	_	_	_	_
le	O	O	O	O	O	O	_	_	_	_	_	_
17	O	O	O	O	O	O	_	_	_	_	_	_
au	O	O	O	O	O	O	_	_	_	_	_	_
soir	O	O	O	O	O	O	_	_	NoSpaceAfter	_	_	_
,	O	O	O	O	O	O	_	_	_	_	_	_
au	O	O	O	O	O	O	_	_	_	_	_	_
cours	O	O	O	O	O	O	_	_	EndOfLine	_	_	_
# segment_iiif_link = https://impresso-project.ch/api/proxy/iiif/IMP-1959-09-14-a-p0016/453,1937,227,44/full/0/default.jpg
d	O	O	O	O	O	O	_	_	NoSpaceAfter	_	_	_
'	O	O	O	O	O	O	_	_	NoSpaceAfter	_	_	_
un	O	O	O	O	O	O	_	_	_	_	_	_
conseil	O	O	O	O	O	O	_	_	_	_	_	_
des	O	O	O	O	O	O	_	_	_	_	_	_
ministres	O	O	O	O	O	O	_	_	NoSpaceAfter	_	_	_
.	O	O	O	O	O	O	_	_	EndOfLine	EndOfSentence	_	_
# segment_iiif_link = https://impresso-project.ch/api/proxy/iiif/IMP-1959-09-14-a-p0016/471,1964,281,44/full/0/default.jpg
Au	O	O	O	O	O	O	_	_	_	_	_	_
sujet	O	O	O	O	O	O	_	_	_	_	_	_
de	O	O	O	O	O	O	_	_	_	_	_	_
ce	O	O	O	O	O	O	_	_	_	_	_	_
plan	O	O	O	O	O	O	_	_	NoSpaceAfter	_	_	_
,	O	O	O	O	O	O	_	_	_	_	_	_
il	O	O	O	O	O	O	_	_	_	_	_	_
convient	O	O	O	O	O	O	_	_	EndOfLine	_	_	_
# segment_iiif_link = https://impresso-project.ch/api/proxy/iiif/IMP-1959-09-14-a-p0016/453,1983,300,44/full/0/default.jpg
aussi	O	O	O	O	O	O	_	_	_	_	_	_
de	O	O	O	O	O	O	_	_	_	_	_	_
relever	O	O	O	O	O	O	_	_	_	_	_	_
que	O	O	O	O	O	O	_	_	_	_	_	_
les	O	O	O	O	O	O	_	_	_	_	_	_
hypothèses	O	O	O	O	O	O	_	_	EndOfLine	_	_	_
# segment_iiif_link = https://impresso-project.ch/api/proxy/iiif/IMP-1959-09-14-a-p0016/454,2002,299,44/full/0/default.jpg
les	O	O	O	O	O	O	_	_	_	_	_	_
plus	O	O	O	O	O	O	_	_	_	_	_	_
diverses	O	O	O	O	O	O	_	_	_	_	_	_
ont	O	O	O	O	O	O	_	_	_	_	_	_
été	O	O	O	O	O	O	_	_	_	_	_	_
émises	O	O	O	O	O	O	_	_	NoSpaceAfter	_	_	_
.	O	O	O	O	O	O	_	_	_	EndOfSentence	_	_
A	O	O	O	O	O	O	_	_	EndOfLine	_	_	_
# segment_iiif_link = https://impresso-project.ch/api/proxy/iiif/IMP-1959-09-14-a-p0016/453,2021,299,44/full/0/default.jpg
ce	O	O	O	O	O	O	_	_	_	_	_	_
sujet	O	O	O	O	O	O	_	_	NoSpaceAfter	_	_	_
,	O	O	O	O	O	O	_	_	_	_	_	_
le	O	O	O	O	O	O	_	_	_	_	_	_
correspondant	O	O	O	O	O	O	_	_	_	_	_	_
parisien	O	O	O	O	O	O	_	_	EndOfLine	_	_	_
# segment_iiif_link = https://impresso-project.ch/api/proxy/iiif/IMP-1959-09-14-a-p0016/453,2040,301,44/full/0/default.jpg
de	O	O	O	O	O	O	_	_	_	_	_	_
l	O	O	O	O	O	O	_	_	NoSpaceAfter	_	_	_
'	O	O	O	O	O	O	_	_	NoSpaceAfter	_	_	_
Agence	B-org	O	B-org.ent.pressagency.ATS-SDA	O	O	O	Q430109	_	_	_	LED0.00	_
télégraphique	I-org	O	I-org.ent.pressagency.ATS-SDA	O	O	O	Q430109	_	_	_	LED0.00	_
suisse	I-org	O	I-org.ent.pressagency.ATS-SDA	O	O	O	Q430109	_	EndOfLine	_	LED0.00	_
# segment_iiif_link = https://impresso-project.ch/api/proxy/iiif/IMP-1959-09-14-a-p0016/452,2062,299,43/full/0/default.jpg
écrit	O	O	O	O	O	O	_	_	_	_	_	_
:	O	O	O	O	O	O	_	_	_	_	_	_
«	O	O	O	O	O	O	_	_	_	_	_	_
La	O	O	O	O	O	O	_	_	_	_	_	_
dernière	O	O	O	O	O	O	_	_	_	_	_	_
en	O	O	O	O	O	O	_	_	_	_	_	_
date	O	O	O	O	O	O	_	_	EndOfLine	_	_	_
# segment_iiif_link = https://impresso-project.ch/api/proxy/iiif/IMP-1959-09-14-a-p0016/452,2080,300,44/full/0/default.jpg
suppose	O	O	O	O	O	O	_	_	_	_	_	_
que	O	O	O	O	O	O	_	_	_	_	_	_
les	O	O	O	O	O	O	_	_	_	_	_	_
élections	O	O	O	O	O	O	_	_	_	_	_	_
auront	O	O	O	O	O	O	_	_	_	_	_	_
lieu	O	O	O	O	O	O	_	_	_	_	_	_
dès	O	O	O	O	O	O	_	_	EndOfLine	_	_	_
# segment_iiif_link = https://impresso-project.ch/api/proxy/iiif/IMP-1959-09-14-a-p0016/454,2099,299,44/full/0/default.jpg
cet	O	O	O	O	O	O	_	_	_	_	_	_
hiver	O	O	O	O	O	O	_	_	_	_	_	_
en	O	O	O	O	O	O	_	_	_	_	_	_
Algérie	O	O	O	O	O	O	_	_	_	_	_	_
en	O	O	O	O	O	O	_	_	_	_	_	_
vue	O	O	O	O	O	O	_	_	_	_	_	_
de	O	O	O	O	O	O	_	_	EndOfLine	_	_	_
# segment_iiif_link = https://impresso-project.ch/api/proxy/iiif/IMP-1959-09-14-a-p0016/453,2120,299,44/full/0/default.jpg
substituer	O	O	O	O	O	O	_	_	_	_	_	_
progressivement	O	O	O	O	O	O	_	_	_	_	_	_
aux	O	O	O	O	O	O	_	_	EndOfLine	_	_	_
# segment_iiif_link = https://impresso-project.ch/api/proxy/iiif/IMP-1959-09-14-a-p0016/455,2139,297,44/full/0/default.jpg
administrateurs	O	O	O	O	O	O	_	_	_	_	_	_
métropolitains	O	O	O	O	O	O	_	_	_	_	_	_
des	O	O	O	O	O	O	_	_	EndOfLine	_	_	_
# segment_iiif_link = https://impresso-project.ch/api/proxy/iiif/IMP-1959-09-14-a-p0016/453,2157,300,44/full/0/default.jpg
administrateurs	O	O	O	O	O	O	_	_	_	_	_	_
algériens	O	O	O	O	O	O	_	_	NoSpaceAfter	_	_	_
,	O	O	O	O	O	O	_	_	_	_	_	_
qu	O	O	O	O	O	O	_	_	NoSpaceAfter	_	_	_
'	O	O	O	O	O	O	_	_	NoSpaceAfter	_	_	_
une	O	O	O	O	O	O	_	_	EndOfLine	_	_	_
# segment_iiif_link = https://impresso-project.ch/api/proxy/iiif/IMP-1959-09-14-a-p0016/453,2179,300,44/full/0/default.jpg
assemblée	O	O	O	O	O	O	_	_	_	_	_	_
algérienne	O	O	O	O	O	O	_	_	_	_	_	_
pourrait	O	O	O	O	O	O	_	_	_	_	_	_
être	O	O	O	O	O	O	_	_	EndOfLine	_	_	_
# segment_iiif_link = https://impresso-project.ch/api/proxy/iiif/IMP-1959-09-14-a-p0016/452,2198,298,44/full/0/default.jpg
créée	O	O	O	O	O	O	_	_	NoSpaceAfter	_	_	_
,	O	O	O	O	O	O	_	_	_	_	_	_
dès	O	O	O	O	O	O	_	_	_	_	_	_
la	O	O	O	O	O	O	_	_	_	_	_	_
fin	O	O	O	O	O	O	_	_	_	_	_	_
de	O	O	O	O	O	O	_	_	_	_	_	_
la	O	O	O	O	O	O	_	_	_	_	_	_
pacification	O	O	O	O	O	O	_	_	EndOfLine	_	_	_
# segment_iiif_link = https://impresso-project.ch/api/proxy/iiif/IMP-1959-09-14-a-p0016/452,2219,301,44/full/0/default.jpg
et	O	O	O	O	O	O	_	_	_	_	_	_
des	O	O	O	O	O	O	_	_	_	_	_	_
combats	O	O	O	O	O	O	_	_	_	_	_	_
pour	O	O	O	O	O	O	_	_	_	_	_	_
prendre	O	O	O	O	O	O	_	_	_	_	_	_
en	O	O	O	O	O	O	_	_	EndOfLine	_	_	_
# segment_iiif_link = https://impresso-project.ch/api/proxy/iiif/IMP-1959-09-14-a-p0016/454,2238,300,44/full/0/default.jpg
charge	O	O	O	O	O	O	_	_	_	_	_	_
certaines	O	O	O	O	O	O	_	_	_	_	_	_
affaires	O	O	O	O	O	O	_	_	_	_	_	_
dans	O	O	O	O	O	O	_	_	_	_	_	_
les	O	O	O	O	O	O	_	_	EndOfLine	_	_	_
# segment_iiif_link = https://impresso-project.ch/api/proxy/iiif/IMP-1959-09-14-a-p0016/454,2258,299,44/full/0/default.jpg
domaines	O	O	O	O	O	O	_	_	_	_	_	_
économique	O	O	O	O	O	O	_	_	NoSpaceAfter	_	_	_
,	O	O	O	O	O	O	_	_	_	_	_	_
financier	O	O	O	O	O	O	_	_	_	_	_	_
_	O	O	O	O	O	O	_	_	NoSpaceAfter	_	_	_
,	O	O	O	O	O	O	_	_	EndOfLine	_	_	_
# segment_iiif_link = https://impresso-project.ch/api/proxy/iiif/IMP-1959-09-14-a-p0016/454,2277,299,44/full/0/default.jpg
social	O	O	O	O	O	O	_	_	_	_	_	_
et	O	O	O	O	O	O	_	_	_	_	_	_
administratif	O	O	O	O	O	O	_	_	_	_	_	_
et	O	O	O	O	O	O	_	_	_	_	_	_
pour	O	O	O	O	O	O	_	_	EndOfLine	_	_	_
# segment_iiif_link = https://impresso-project.ch/api/proxy/iiif/IMP-1959-09-14-a-p0016/455,2296,298,44/full/0/default.jpg
veiller	O	O	O	O	O	O	_	_	_	_	_	_
à	O	O	O	O	O	O	_	_	_	_	_	_
l	O	O	O	O	O	O	_	_	NoSpaceAfter	_	_	_
'	O	O	O	O	O	O	_	_	NoSpaceAfter	_	_	_
exécution	O	O	O	O	O	O	_	_	_	_	_	_
du	O	O	O	O	O	O	_	_	_	_	_	_
plan	O	O	O	O	O	O	_	_	_	_	_	_
de	O	O	O	O	O	O	_	_	EndOfLine	_	_	_
# segment_iiif_link = https://impresso-project.ch/api/proxy/iiif/IMP-1959-09-14-a-p0016/454,2315,114,44/full/0/default.jpg
Constantine	O	O	O	O	O	O	_	_	NoSpaceAfter	_	_	_
.	O	O	O	O	O	O	_	_	_	EndOfSentence	_	_
*	O	O	O	O	O	O	_	_	EndOfLine	_	_	_
# segment_iiif_link = https://impresso-project.ch/api/proxy/iiif/IMP-1959-09-14-a-p0016/471,2342,281,44/full/0/default.jpg
On	O	O	O	O	O	O	_	_	_	_	_	_
pense	O	O	O	O	O	O	_	_	_	_	_	_
également	O	O	O	O	O	O	_	_	_	_	_	_
que	O	O	O	O	O	O	_	_	_	_	_	_
le	O	O	O	O	O	O	_	_	EndOfLine	_	_	_
# segment_iiif_link = https://impresso-project.ch/api/proxy/iiif/IMP-1959-09-14-a-p0016/455,2363,292,44/full/0/default.jpg
peuple	O	O	O	O	O	O	_	_	_	_	_	_
algérien	O	O	O	O	O	O	_	_	_	_	_	_
serait	O	O	O	O	O	O	_	_	_	_	_	_
appelé	O	O	O	O	O	O	_	_	NoSpaceAfter	_	_	_
,	O	O	O	O	O	O	_	_	_	_	_	_
par	O	O	O	O	O	O	_	_	EndOfLine	_	_	_
# segment_iiif_link = https://impresso-project.ch/api/proxy/iiif/IMP-1959-09-14-a-p0016/454,2385,299,43/full/0/default.jpg
l	O	O	O	O	O	O	_	_	NoSpaceAfter	_	_	_
'	O	O	O	O	O	O	_	_	NoSpaceAfter	_	_	_
élection	O	O	O	O	O	O	_	_	_	_	_	_
de	O	O	O	O	O	O	_	_	_	_	_	_
nouveaux	O	O	O	O	O	O	_	_	EndOfLine	_	_	_
# segment_iiif_link = https://impresso-project.ch/api/proxy/iiif/IMP-1959-09-14-a-p0016/454,2406,300,44/full/0/default.jpg
représentants	O	O	O	O	O	O	_	_	_	_	_	_
au	O	O	O	O	O	O	_	_	_	_	_	_
parlement	O	O	O	O	O	O	_	_	_	_	_	_
français	O	O	O	O	O	O	_	_	NoSpaceAfter	_	_	_
,	O	O	O	O	O	O	_	_	_	_	_	_
à	O	O	O	O	O	O	_	_	_	_	_	_
se	O	O	O	O	O	O	_	_	EndOfLine	_	_	_
# segment_iiif_link = https://impresso-project.ch/api/proxy/iiif/IMP-1959-09-14-a-p0016/455,2427,297,44/full/0/default.jpg
prononcer	O	O	O	O	O	O	_	_	_	_	_	_
sur	O	O	O	O	O	O	_	_	_	_	_	_
le	O	O	O	O	O	O	_	_	_	_	_	_
nouveau	O	O	O	O	O	O	_	_	_	_	_	_
statut	O	O	O	O	O	O	_	_	EndOfLine	_	_	_
# segment_iiif_link = https://impresso-project.ch/api/proxy/iiif/IMP-1959-09-14-a-p0016/455,2448,299,44/full/0/default.jpg
définitif	O	O	O	O	O	O	_	_	_	_	_	_
du	O	O	O	O	O	O	_	_	_	_	_	_
pays	O	O	O	O	O	O	_	_	NoSpaceAfter	_	_	_
.	O	O	O	O	O	O	_	_	_	EndOfSentence	_	_
Celui	O	O	O	O	O	O	_	_	NoSpaceAfter	_	_	_
-	O	O	O	O	O	O	_	_	NoSpaceAfter	_	_	_
ci	O	O	O	O	O	O	_	_	NoSpaceAfter	_	_	_
,	O	O	O	O	O	O	_	_	_	_	_	_
en	O	O	O	O	O	O	_	_	EndOfLine	_	_	_
# segment_iiif_link = https://impresso-project.ch/api/proxy/iiif/IMP-1959-09-14-a-p0016/456,2469,297,44/full/0/default.jpg
excluant	O	O	O	O	O	O	_	_	_	_	_	_
l	O	O	O	O	O	O	_	_	NoSpaceAfter	_	_	_
'	O	O	O	O	O	O	_	_	NoSpaceAfter	_	_	_
indépendance	O	O	O	O	O	O	_	_	EndOfLine	_	_	_
# segment_iiif_link = https://impresso-project.ch/api/proxy/iiif/IMP-1959-09-14-a-p0016/455,2491,298,44/full/0/default.jpg
maintiendrait	O	O	O	O	O	O	_	_	_	_	_	_
des	O	O	O	O	O	O	_	_	_	_	_	_
liens	O	O	O	O	O	O	_	_	_	_	_	_
essentiels	O	O	O	O	O	O	_	_	_	_	_	_
avec	O	O	O	O	O	O	_	_	_	_	_	_
la	O	O	O	O	O	O	_	_	EndOfLine	_	_	_
# segment_iiif_link = https://impresso-project.ch/api/proxy/iiif/IMP-1959-09-14-a-p0016/455,2512,114,44/full/0/default.jpg
Métropole	O	O	O	O	O	O	_	_	NoSpaceAfter	_	_	_
.	O	O	O	O	O	O	_	_	NoSpaceAfter	EndOfSentence	_	_
,	O	O	O	O	O	O	_	_	EndOfLine	_	_	_
# segment_iiif_link = https://impresso-project.ch/api/proxy/iiif/IMP-1959-09-14-a-p0016/768,1852,123,52/full/0/default.jpg
REVUE	O	O	O	O	O	O	_	_	_	_	_	_
DU	O	O	O	O	O	O	_	_	EndOfLine	_	_	_
# segment_iiif_link = https://impresso-project.ch/api/proxy/iiif/IMP-1959-09-14-a-p0016/773,1968,262,44/full/0/default.jpg
Les	O	O	O	O	O	O	_	_	_	_	_	_
adieux	O	O	O	O	O	O	_	_	_	_	_	_
du	O	O	O	O	O	O	_	_	_	_	_	_
président	O	O	O	O	O	O	_	_	_	_	_	_
Heuss	O	O	O	O	O	O	_	_	NoSpaceAfter	_	_	_
.	O	O	O	O	O	O	_	_	EndOfLine	EndOfSentence	_	_
# segment_iiif_link = https://impresso-project.ch/api/proxy/iiif/IMP-1959-09-14-a-p0016/790,2000,281,44/full/0/default.jpg
Le	O	O	O	O	O	O	_	_	_	_	_	_
mandat	O	O	O	O	O	O	_	_	_	_	_	_
du	O	O	O	O	O	O	_	_	_	_	_	_
président	O	O	O	O	O	O	_	_	_	_	_	_
Heuss	O	O	O	O	O	O	_	_	EndOfLine	_	_	_
# segment_iiif_link = https://impresso-project.ch/api/proxy/iiif/IMP-1959-09-14-a-p0016/772,2019,299,44/full/0/default.jpg
est	O	O	O	O	O	O	_	_	_	_	_	_
arrivé	O	O	O	O	O	O	_	_	_	_	_	_
à	O	O	O	O	O	O	_	_	_	_	_	_
expiration	O	O	O	O	O	O	_	_	NoSpaceAfter	_	_	_
.	O	O	O	O	O	O	_	_	_	EndOfSentence	_	_
A	O	O	O	O	O	O	_	_	_	_	_	_
cette	O	O	O	O	O	O	_	_	EndOfLine	_	_	_
# segment_iiif_link = https://impresso-project.ch/api/proxy/iiif/IMP-1959-09-14-a-p0016/773,2038,297,43/full/0/default.jpg
occasion	O	O	O	O	O	O	_	_	NoSpaceAfter	_	_	_
,	O	O	O	O	O	O	_	_	_	_	_	_
le	O	O	O	O	O	O	_	_	_	_	_	_
président	O	O	O	O	O	O	_	_	_	_	_	_
de	O	O	O	O	O	O	_	_	_	_	_	_
la	O	O	O	O	O	O	_	_	EndOfLine	_	_	_
# segment_iiif_link = https://impresso-project.ch/api/proxy/iiif/IMP-1959-09-14-a-p0016/772,2057,298,44/full/0/default.jpg
République	O	O	O	O	O	O	_	_	_	_	_	_
fédérale	O	O	O	O	O	O	_	_	_	_	_	_
allemande	O	O	O	O	O	O	_	_	_	_	_	_
a	O	O	O	O	O	O	_	_	_	_	_	_
prononcé	O	O	O	O	O	O	_	_	EndOfLine	_	_	_
# segment_iiif_link = https://impresso-project.ch/api/proxy/iiif/IMP-1959-09-14-a-p0016/772,2075,299,44/full/0/default.jpg
une	O	O	O	O	O	O	_	_	_	_	_	_
allocution	O	O	O	O	O	O	_	_	_	_	_	_
radiodiffusée	O	O	O	O	O	O	_	_	NoSpaceAfter	_	_	_
,	O	O	O	O	O	O	_	_	_	_	_	_
dans	O	O	O	O	O	O	_	_	EndOfLine	_	_	_
# segment_iiif_link = https://impresso-project.ch/api/proxy/iiif/IMP-1959-09-14-a-p0016/773,2096,297,44/full/0/default.jpg
laquelle	O	O	O	O	O	O	_	_	_	_	_	_
il	O	O	O	O	O	O	_	_	_	_	_	_
a	O	O	O	O	O	O	_	_	_	_	_	_
précisé	O	O	O	O	O	O	_	_	_	_	_	_
qu	O	O	O	O	O	O	_	_	NoSpaceAfter	_	_	_
'	O	O	O	O	O	O	_	_	NoSpaceAfter	_	_	_
il	O	O	O	O	O	O	_	_	_	_	_	_
quittait	O	O	O	O	O	O	_	_	EndOfLine	_	_	_
# segment_iiif_link = https://impresso-project.ch/api/proxy/iiif/IMP-1959-09-14-a-p0016/772,2117,299,44/full/0/default.jpg
ses	O	O	O	O	O	O	_	_	_	_	_	_
fonctions	O	O	O	O	O	O	_	_	_	_	_	_
selon	O	O	O	O	O	O	_	_	_	_	_	_
sa	O	O	O	O	O	O	_	_	_	_	_	_
propre	O	O	O	O	O	O	_	_	EndOfLine	_	_	_
# segment_iiif_link = https://impresso-project.ch/api/proxy/iiif/IMP-1959-09-14-a-p0016/772,2139,298,44/full/0/default.jpg
volonté	O	O	O	O	O	O	_	_	NoSpaceAfter	_	_	_
.	O	O	O	O	O	O	_	_	_	EndOfSentence	_	_
Il	O	O	O	O	O	O	_	_	_	_	_	_
a	O	O	O	O	O	O	_	_	_	_	_	_
ensuite	O	O	O	O	O	O	_	_	_	_	_	_
ajouté	O	O	O	O	O	O	_	_	_	_	_	_
que	O	O	O	O	O	O	_	_	_	_	_	_
le	O	O	O	O	O	O	_	_	EndOfLine	_	_	_
# segment_iiif_link = https://impresso-project.ch/api/proxy/iiif/IMP-1959-09-14-a-p0016/774,2157,297,44/full/0/default.jpg
travail	O	O	O	O	O	O	_	_	_	_	_	_
fourni	O	O	O	O	O	O	_	_	_	_	_	_
au	O	O	O	O	O	O	_	_	_	_	_	_
cours	O	O	O	O	O	O	_	_	_	_	_	_
de	O	O	O	O	O	O	_	_	_	_	_	_
ces	O	O	O	O	O	O	_	_	_	_	_	_
dix	O	O	O	O	O	O	_	_	EndOfLine	_	_	_
# segment_iiif_link = https://impresso-project.ch/api/proxy/iiif/IMP-1959-09-14-a-p0016/773,2176,297,44/full/0/default.jpg
dernières	O	O	O	O	O	O	_	_	_	_	_	_
années	O	O	O	O	O	O	_	_	_	_	_	_
par	O	O	O	O	O	O	_	_	_	_	_	_
le	O	O	O	O	O	O	_	_	_	_	_	_
Bundestag	O	O	O	O	O	O	_	_	_	_	_	_
et	O	O	O	O	O	O	_	_	EndOfLine	_	_	_
# segment_iiif_link = https://impresso-project.ch/api/proxy/iiif/IMP-1959-09-14-a-p0016/772,2195,300,44/full/0/default.jpg
le	O	O	O	O	O	O	_	_	_	_	_	_
Bundesrat	O	O	O	O	O	O	_	_	NoSpaceAfter	_	_	_
,	O	O	O	O	O	O	_	_	_	_	_	_
a	O	O	O	O	O	O	_	_	_	_	_	_
été	O	O	O	O	O	O	_	_	_	_	_	_
«	O	O	O	O	O	O	_	_	_	_	_	_
dans	O	O	O	O	O	O	_	_	EndOfLine	_	_	_
# segment_iiif_link = https://impresso-project.ch/api/proxy/iiif/IMP-1959-09-14-a-p0016/773,2214,297,44/full/0/default.jpg
l	O	O	O	O	O	O	_	_	NoSpaceAfter	_	_	_
'	O	O	O	O	O	O	_	_	NoSpaceAfter	_	_	_
ensemble	O	O	O	O	O	O	_	_	_	_	_	_
d	O	O	O	O	O	O	_	_	NoSpaceAfter	_	_	_
'	O	O	O	O	O	O	_	_	NoSpaceAfter	_	_	_
un	O	O	O	O	O	O	_	_	_	_	_	_
niveau	O	O	O	O	O	O	_	_	_	_	_	_
élevé	O	O	O	O	O	O	_	_	_	_	_	_
_	O	O	O	O	O	O	_	_	NoSpaceAfter	_	_	_
*	O	O	O	O	O	O	_	_	NoSpaceAfter	_	_	_
.	O	O	O	O	O	O	_	_	_	EndOfSentence	_	_
Le	O	O	O	O	O	O	_	_	EndOfLine	_	_	_
# segment_iiif_link = https://impresso-project.ch/api/proxy/iiif/IMP-1959-09-14-a-p0016/773,2234,298,44/full/0/default.jpg
développement	O	O	O	O	O	O	_	_	_	_	_	_
de	O	O	O	O	O	O	_	_	_	_	_	_
l	O	O	O	O	O	O	_	_	NoSpaceAfter	_	_	_
'	O	O	O	O	O	O	_	_	NoSpaceAfter	_	_	_
Allemagne	O	O	O	O	O	O	_	_	_	_	_	_
occidentale	O	O	O	O	O	O	_	_	EndOfLine	_	_	_
# segment_iiif_link = https://impresso-project.ch/api/proxy/iiif/IMP-1959-09-14-a-p0016/772,2255,300,44/full/0/default.jpg
après	O	O	O	O	O	O	_	_	_	_	_	_
la	O	O	O	O	O	O	_	_	_	_	_	_
guerre	O	O	O	O	O	O	_	_	_	_	_	_
n	O	O	O	O	O	O	_	_	NoSpaceAfter	_	_	_
'	O	O	O	O	O	O	_	_	NoSpaceAfter	_	_	_
a	O	O	O	O	O	O	_	_	_	_	_	_
pas	O	O	O	O	O	O	_	_	_	_	_	_
été	O	O	O	O	O	O	_	_	_	_	_	_
un	O	O	O	O	O	O	_	_	EndOfLine	_	_	_
# segment_iiif_link = https://impresso-project.ch/api/proxy/iiif/IMP-1959-09-14-a-p0016/772,2275,298,44/full/0/default.jpg
miracle	O	O	O	O	O	O	_	_	NoSpaceAfter	_	_	_
.	O	O	O	O	O	O	_	_	_	EndOfSentence	_	_
Il	O	O	O	O	O	O	_	_	_	_	_	_
s	O	O	O	O	O	O	_	_	NoSpaceAfter	_	_	_
'	O	O	O	O	O	O	_	_	NoSpaceAfter	_	_	_
est	O	O	O	O	O	O	_	_	_	_	_	_
passé	O	O	O	O	O	O	_	_	_	_	_	_
une	O	O	O	O	O	O	_	_	_	_	_	_
chose	O	O	O	O	O	O	_	_	EndOfLine	_	_	_
# segment_iiif_link = https://impresso-project.ch/api/proxy/iiif/IMP-1959-09-14-a-p0016/772,2295,299,44/full/0/default.jpg
toute	O	O	O	O	O	O	_	_	_	_	_	_
simple	O	O	O	O	O	O	_	_	_	_	_	_
et	O	O	O	O	O	O	_	_	_	_	_	_
bien	O	O	O	O	O	O	_	_	_	_	_	_
modeste	O	O	O	O	O	O	_	_	_	_	_	_
:	O	O	O	O	O	O	_	_	_	_	_	_
une	O	O	O	O	O	O	_	_	EndOfLine	_	_	_
# segment_iiif_link = https://impresso-project.ch/api/proxy/iiif/IMP-1959-09-14-a-p0016/772,2314,299,44/full/0/default.jpg
partie	O	O	O	O	O	O	_	_	_	_	_	_
des	O	O	O	O	O	O	_	_	_	_	_	_
vainqueurs	O	O	O	O	O	O	_	_	_	_	_	_
de	O	O	O	O	O	O	_	_	_	_	_	_
cette	O	O	O	O	O	O	_	_	EndOfLine	_	_	_
# segment_iiif_link = https://impresso-project.ch/api/proxy/iiif/IMP-1959-09-14-a-p0016/773,2333,298,44/full/0/default.jpg
guerre	O	O	O	O	O	O	_	_	_	_	_	_
s	O	O	O	O	O	O	_	_	NoSpaceAfter	_	_	_
'	O	O	O	O	O	O	_	_	NoSpaceAfter	_	_	_
est	O	O	O	O	O	O	_	_	_	_	_	_
rendue	O	O	O	O	O	O	_	_	_	_	_	_
toujours	O	O	O	O	O	O	_	_	EndOfLine	_	_	_
# segment_iiif_link = https://impresso-project.ch/api/proxy/iiif/IMP-1959-09-14-a-p0016/773,2352,298,44/full/0/default.jpg
davantage	O	O	O	O	O	O	_	_	_	_	_	_
compte	O	O	O	O	O	O	_	_	_	_	_	_
que	O	O	O	O	O	O	_	_	_	_	_	_
la	O	O	O	O	O	O	_	_	_	_	_	_
vengeance	O	O	O	O	O	O	_	_	EndOfLine	_	_	_
# segment_iiif_link = https://impresso-project.ch/api/proxy/iiif/IMP-1959-09-14-a-p0016/771,2371,300,44/full/0/default.jpg
ne	O	O	O	O	O	O	_	_	_	_	_	_
pourrait	O	O	O	O	O	O	_	_	_	_	_	_
jamais	O	O	O	O	O	O	_	_	_	_	_	_
ouvrir	O	O	O	O	O	O	_	_	_	_	_	_
la	O	O	O	O	O	O	_	_	_	_	_	_
voie	O	O	O	O	O	O	_	_	EndOfLine	_	_	_
# segment_iiif_link = https://impresso-project.ch/api/proxy/iiif/IMP-1959-09-14-a-p0016/772,2390,299,44/full/0/default.jpg
des	O	O	O	O	O	O	_	_	_	_	_	_
relations	O	O	O	O	O	O	_	_	_	_	_	_
normales	O	O	O	O	O	O	_	_	_	_	_	_
dans	O	O	O	O	O	O	_	_	_	_	_	_
la	O	O	O	O	O	O	_	_	EndOfLine	_	_	_
# segment_iiif_link = https://impresso-project.ch/api/proxy/iiif/IMP-1959-09-14-a-p0016/772,2409,222,44/full/0/default.jpg
communauté	O	O	O	O	O	O	_	_	_	_	_	_
des	O	O	O	O	O	O	_	_	_	_	_	_
peuples	O	O	O	O	O	O	_	_	NoSpaceAfter	_	_	_
.	O	O	O	O	O	O	_	_	EndOfLine	EndOfSentence	_	_
# segment_iiif_link = https://impresso-project.ch/api/proxy/iiif/IMP-1959-09-14-a-p0016/790,2436,280,44/full/0/default.jpg
Faisant	O	O	O	O	O	O	_	_	_	_	_	_
allusion	O	O	O	O	O	O	_	_	_	_	_	_
ensuite	O	O	O	O	O	O	_	_	_	_	_	_
au	O	O	O	O	O	O	_	_	EndOfLine	_	_	_
# segment_iiif_link = https://impresso-project.ch/api/proxy/iiif/IMP-1959-09-14-a-p0016/773,2455,297,44/full/0/default.jpg
partage	O	O	O	O	O	O	_	_	_	_	_	_
de	O	O	O	O	O	O	_	_	_	_	_	_
l	O	O	O	O	O	O	_	_	NoSpaceAfter	_	_	_
'	O	O	O	O	O	O	_	_	NoSpaceAfter	_	_	_
Allemagne	O	O	O	O	O	O	_	_	NoSpaceAfter	_	_	_
,	O	O	O	O	O	O	_	_	_	_	_	_
le	O	O	O	O	O	O	_	_	_	_	_	_
président	O	O	O	O	O	O	_	_	EndOfLine	_	_	_
# segment_iiif_link = https://impresso-project.ch/api/proxy/iiif/IMP-1959-09-14-a-p0016/773,2474,298,44/full/0/default.jpg
Heuss	O	O	O	O	O	O	_	_	_	_	_	_
a	O	O	O	O	O	O	_	_	_	_	_	_
lancé	O	O	O	O	O	O	_	_	_	_	_	_
un	O	O	O	O	O	O	_	_	_	_	_	_
appel	O	O	O	O	O	O	_	_	_	_	_	_
pour	O	O	O	O	O	O	_	_	_	_	_	_
que	O	O	O	O	O	O	_	_	EndOfLine	_	_	_
# segment_iiif_link = https://impresso-project.ch/api/proxy/iiif/IMP-1959-09-14-a-p0016/774,2493,297,44/full/0/default.jpg
tous	O	O	O	O	O	O	_	_	_	_	_	_
les	O	O	O	O	O	O	_	_	_	_	_	_
Allemands	O	O	O	O	O	O	_	_	_	_	_	_
travaillent	O	O	O	O	O	O	_	_	_	_	_	_
à	O	O	O	O	O	O	_	_	EndOfLine	_	_	_
# segment_iiif_link = https://impresso-project.ch/api/proxy/iiif/IMP-1959-09-14-a-p0016/772,2512,294,44/full/0/default.jpg
supprimer	O	O	O	O	O	O	_	_	_	_	_	_
cette	O	O	O	O	O	O	_	_	_	_	_	_
division	O	O	O	O	O	O	_	_	NoSpaceAfter	_	_	_
,	O	O	O	O	O	O	_	_	_	_	_	_
qui	O	O	O	O	O	O	_	_	_	_	_	_
est	O	O	O	O	O	O	_	_	EndOfLine	_	_	_
# segment_iiif_link = https://impresso-project.ch/api/proxy/iiif/IMP-1959-09-14-a-p0016/1090,1828,299,44/full/0/default.jpg
dit	O	O	O	O	O	O	_	_	NoSpaceAfter	_	_	_
-	O	O	O	O	O	O	_	_	NoSpaceAfter	_	_	_
il	O	O	O	O	O	O	_	_	NoSpaceAfter	_	_	_
,	O	O	O	O	O	O	_	_	_	_	_	_
un	O	O	O	O	O	O	_	_	_	_	_	_
héritage	O	O	O	O	O	O	_	_	_	_	_	_
de	O	O	O	O	O	O	_	_	_	_	_	_
la	O	O	O	O	O	O	_	_	_	_	_	_
politique	O	O	O	O	O	O	_	_	EndOfLine	_	_	_
# segment_iiif_link = https://impresso-project.ch/api/proxy/iiif/IMP-1959-09-14-a-p0016/1091,1847,97,44/full/0/default.jpg
hitlérienne	O	O	O	O	O	O	_	_	NoSpaceAfter	_	_	_
.	O	O	O	O	O	O	_	_	EndOfLine	EndOfSentence	_	_
# segment_iiif_link = https://impresso-project.ch/api/proxy/iiif/IMP-1959-09-14-a-p0016/1091,1882,224,43/full/0/default.jpg
Pas	O	O	O	O	O	O	_	_	_	_	_	_
de	O	O	O	O	O	O	_	_	_	_	_	_
réconciliation	O	O	O	O	O	O	_	_	_	_	_	_
avec	O	O	O	O	O	O	_	_	EndOfLine	_	_	_
# segment_iiif_link = https://impresso-project.ch/api/proxy/iiif/IMP-1959-09-14-a-p0016/1090,1911,257,44/full/0/default.jpg
Le	O	O	O	O	O	O	_	_	_	_	_	_
Caire	O	O	O	O	O	O	_	_	NoSpaceAfter	_	_	_
,	O	O	O	O	O	O	_	_	_	_	_	_
déclare	O	O	O	O	O	O	_	_	_	_	_	_
M	O	O	O	O	O	O	_	_	NoSpaceAfter	_	_	_
.	O	O	O	O	O	O	_	_	_	_	_	_
Bourguiba	O	O	O	O	O	O	_	_	NoSpaceAfter	_	_	_
.	O	O	O	O	O	O	_	_	EndOfLine	EndOfSentence	_	_
# segment_iiif_link = https://impresso-project.ch/api/proxy/iiif/IMP-1959-09-14-a-p0016/1107,1943,282,44/full/0/default.jpg
Dans	O	O	O	O	O	O	_	_	_	_	_	_
une	O	O	O	O	O	O	_	_	_	_	_	_
interview	O	O	O	O	O	O	_	_	_	_	_	_
qu	O	O	O	O	O	O	_	_	NoSpaceAfter	_	_	_
'	O	O	O	O	O	O	_	_	NoSpaceAfter	_	_	_
il	O	O	O	O	O	O	_	_	_	_	_	_
a	O	O	O	O	O	O	_	_	EndOfLine	_	_	_
# segment_iiif_link = https://impresso-project.ch/api/proxy/iiif/IMP-1959-09-14-a-p0016/1090,1962,300,44/full/0/default.jpg
accordée	O	O	O	O	O	O	_	_	_	_	_	_
à	O	O	O	O	O	O	_	_	_	_	_	_
un	O	O	O	O	O	O	_	_	_	_	_	_
journaliste	O	O	O	O	O	O	_	_	_	_	_	_
irakien	O	O	O	O	O	O	_	_	NoSpaceAfter	_	_	_
,	O	O	O	O	O	O	_	_	_	_	_	_
M	O	O	O	O	O	O	_	_	NoSpaceAfter	_	_	_
.	O	O	O	O	O	O	_	_	EndOfLine	_	_	_
# segment_iiif_link = https://impresso-project.ch/api/proxy/iiif/IMP-1959-09-14-a-p0016/1090,1981,300,44/full/0/default.jpg
Bourguiba	O	O	O	O	O	O	_	_	_	_	_	_
a	O	O	O	O	O	O	_	_	_	_	_	_
évoqué	O	O	O	O	O	O	_	_	_	_	_	_
plusieurs	O	O	O	O	O	O	_	_	EndOfLine	_	_	_
# segment_iiif_link = https://impresso-project.ch/api/proxy/iiif/IMP-1959-09-14-a-p0016/1091,2000,295,44/full/0/default.jpg
prolèmes	O	O	O	O	O	O	_	_	_	_	_	_
à	O	O	O	O	O	O	_	_	_	_	_	_
l	O	O	O	O	O	O	_	_	NoSpaceAfter	_	_	_
'	O	O	O	O	O	O	_	_	NoSpaceAfter	_	_	_
ordre	O	O	O	O	O	O	_	_	_	_	_	_
du	O	O	O	O	O	O	_	_	_	_	_	_
jour	O	O	O	O	O	O	_	_	NoSpaceAfter	_	_	_
,	O	O	O	O	O	O	_	_	_	_	_	_
en	O	O	O	O	O	O	_	_	_	_	_	_
Tunisie	O	O	O	O	O	O	_	_	EndOfLine	_	_	_
# segment_iiif_link = https://impresso-project.ch/api/proxy/iiif/IMP-1959-09-14-a-p0016/1091,2019,298,44/full/0/default.jpg
Le	O	O	O	O	O	O	_	_	_	_	_	_
chef	O	O	O	O	O	O	_	_	_	_	_	_
de	O	O	O	O	O	O	_	_	_	_	_	_
l	O	O	O	O	O	O	_	_	NoSpaceAfter	_	_	_
'	O	O	O	O	O	O	_	_	NoSpaceAfter	_	_	_
Etat	O	O	O	O	O	O	_	_	_	_	_	_
a	O	O	O	O	O	O	_	_	_	_	_	_
notamment	O	O	O	O	O	O	_	_	EndOfLine	_	_	_
# segment_iiif_link = https://impresso-project.ch/api/proxy/iiif/IMP-1959-09-14-a-p0016/1092,2038,298,44/full/0/default.jpg
précisé	O	O	O	O	O	O	_	_	_	_	_	_
quelles	O	O	O	O	O	O	_	_	_	_	_	_
étaient	O	O	O	O	O	O	_	_	_	_	_	_
les	O	O	O	O	O	O	_	_	_	_	_	_
relations	O	O	O	O	O	O	_	_	EndOfLine	_	_	_
# segment_iiif_link = https://impresso-project.ch/api/proxy/iiif/IMP-1959-09-14-a-p0016/1089,2057,300,44/full/0/default.jpg
actuelles	O	O	O	O	O	O	_	_	_	_	_	_
avec	O	O	O	O	O	O	_	_	_	_	_	_
l	O	O	O	O	O	O	_	_	NoSpaceAfter	_	_	_
'	O	O	O	O	O	O	_	_	NoSpaceAfter	_	_	_
Egypte	O	O	O	O	O	O	_	_	NoSpaceAfter	_	_	_
,	O	O	O	O	O	O	_	_	_	_	_	_
avec	O	O	O	O	O	O	_	_	EndOfLine	_	_	_
# segment_iiif_link = https://impresso-project.ch/api/proxy/iiif/IMP-1959-09-14-a-p0016/1091,2075,299,44/full/0/default.jpg
laquelle	O	O	O	O	O	O	_	_	_	_	_	_
la	O	O	O	O	O	O	_	_	_	_	_	_
Tunisie	O	O	O	O	O	O	_	_	_	_	_	_
ne	O	O	O	O	O	O	_	_	_	_	_	_
saurait	O	O	O	O	O	O	_	_	_	_	_	_
se	O	O	O	O	O	O	_	_	EndOfLine	_	_	_
# segment_iiif_link = https://impresso-project.ch/api/proxy/iiif/IMP-1959-09-14-a-p0016/1091,2095,273,44/full/0/default.jpg
réconcilier	O	O	O	O	O	O	_	_	_	_	_	_
aussi	O	O	O	O	O	O	_	_	_	_	_	_
longtemps	O	O	O	O	O	O	_	_	_	_	_	_
que	O	O	O	O	O	O	_	_	_	EndOfSentence	_	_
:	O	O	O	O	O	O	_	_	EndOfLine	_	_	_
# segment_iiif_link = https://impresso-project.ch/api/proxy/iiif/IMP-1959-09-14-a-p0016/1108,2118,282,44/full/0/default.jpg
1	O	O	O	O	O	O	_	_	NoSpaceAfter	_	_	_
.	O	O	O	O	O	O	_	_	_	_	_	_
l	O	O	O	O	O	O	_	_	NoSpaceAfter	_	_	_
'	O	O	O	O	O	O	_	_	NoSpaceAfter	_	_	_
Egypte	O	O	O	O	O	O	_	_	_	_	_	_
n	O	O	O	O	O	O	_	_	NoSpaceAfter	_	_	_
'	O	O	O	O	O	O	_	_	NoSpaceAfter	_	_	_
aura	O	O	O	O	O	O	_	_	_	_	_	_
pas	O	O	O	O	O	O	_	_	_	_	_	_
cessé	O	O	O	O	O	O	_	_	_	_	_	_
de	O	O	O	O	O	O	_	_	EndOfLine	_	_	_
# segment_iiif_link = https://impresso-project.ch/api/proxy/iiif/IMP-1959-09-14-a-p0016/1091,2136,299,44/full/0/default.jpg
s	O	O	O	O	O	O	_	_	NoSpaceAfter	_	_	_
'	O	O	O	O	O	O	_	_	NoSpaceAfter	_	_	_
immiscer	O	O	O	O	O	O	_	_	_	_	_	_
dans	O	O	O	O	O	O	_	_	_	_	_	_
les	O	O	O	O	O	O	_	_	_	_	_	_
affaires	O	O	O	O	O	O	_	_	EndOfLine	_	_	_
# segment_iiif_link = https://impresso-project.ch/api/proxy/iiif/IMP-1959-09-14-a-p0016/1091,2155,176,44/full/0/default.jpg
intérieures	O	O	O	O	O	O	_	_	_	_	_	_
tunisiennes	O	O	O	O	O	O	_	_	_	EndOfSentence	_	_
;	O	O	O	O	O	O	_	_	EndOfLine	_	_	_
# segment_iiif_link = https://impresso-project.ch/api/proxy/iiif/IMP-1959-09-14-a-p0016/1107,2178,282,44/full/0/default.jpg
2	O	O	O	O	O	O	_	_	NoSpaceAfter	_	_	_
.	O	O	O	O	O	O	_	_	_	_	_	_
qu	O	O	O	O	O	O	_	_	NoSpaceAfter	_	_	_
'	O	O	O	O	O	O	_	_	NoSpaceAfter	_	_	_
elle	O	O	O	O	O	O	_	_	_	_	_	_
n	O	O	O	O	O	O	_	_	NoSpaceAfter	_	_	_
'	O	O	O	O	O	O	_	_	NoSpaceAfter	_	_	_
aura	O	O	O	O	O	O	_	_	_	_	_	_
pas	O	O	O	O	O	O	_	_	_	_	_	_
retiré	O	O	O	O	O	O	_	_	EndOfLine	_	_	_
# segment_iiif_link = https://impresso-project.ch/api/proxy/iiif/IMP-1959-09-14-a-p0016/1091,2197,299,44/full/0/default.jpg
l	O	O	O	O	O	O	_	_	NoSpaceAfter	_	_	_
'	O	O	O	O	O	O	_	_	NoSpaceAfter	_	_	_
attaque	O	O	O	O	O	O	_	_	_	_	_	_
véhémente	O	O	O	O	O	O	_	_	_	_	_	_
dirigée	O	O	O	O	O	O	_	_	_	_	_	_
contre	O	O	O	O	O	O	_	_	_	_	_	_
le	O	O	O	O	O	O	_	_	EndOfLine	_	_	_
# segment_iiif_link = https://impresso-project.ch/api/proxy/iiif/IMP-1959-09-14-a-p0016/1091,2216,298,44/full/0/default.jpg
délégué	O	O	O	O	O	O	_	_	_	_	_	_
tunisien	O	O	O	O	O	O	_	_	_	_	_	_
lors	O	O	O	O	O	O	_	_	_	_	_	_
de	O	O	O	O	O	O	_	_	_	_	_	_
la	O	O	O	O	O	O	_	_	_	_	_	_
dernière	O	O	O	O	O	O	_	_	EndOfLine	_	_	_
# segment_iiif_link = https://impresso-project.ch/api/proxy/iiif/IMP-1959-09-14-a-p0016/1091,2235,300,44/full/0/default.jpg
réunion	O	O	O	O	O	O	_	_	_	_	_	_
de	O	O	O	O	O	O	_	_	_	_	_	_
la	O	O	O	O	O	O	_	_	_	_	_	_
ligue	O	O	O	O	O	O	_	_	_	_	_	_
arabe	O	O	O	O	O	O	_	_	_	_	_	_
au	O	O	O	O	O	O	_	_	_	_	_	_
Caire	O	O	O	O	O	O	_	_	NoSpaceAfter	_	_	_
.	O	O	O	O	O	O	_	_	EndOfLine	EndOfSentence	_	_
# segment_iiif_link = https://impresso-project.ch/api/proxy/iiif/IMP-1959-09-14-a-p0016/1108,2258,285,44/full/0/default.jpg
Quant	O	O	O	O	O	O	_	_	_	_	_	_
à	O	O	O	O	O	O	_	_	_	_	_	_
la	O	O	O	O	O	O	_	_	_	_	_	_
question	O	O	O	O	O	O	_	_	_	_	_	_
algérienne	O	O	O	O	O	O	_	_	NoSpaceAfter	_	_	_
,	O	O	O	O	O	O	_	_	EndOfLine	_	_	_
# segment_iiif_link = https://impresso-project.ch/api/proxy/iiif/IMP-1959-09-14-a-p0016/1091,2277,298,43/full/0/default.jpg
M	O	O	O	O	O	O	_	_	NoSpaceAfter	_	_	_
.	O	O	O	O	O	O	_	_	_	_	_	_
Bourguiba	O	O	O	O	O	O	_	_	_	_	_	_
a	O	O	O	O	O	O	_	_	_	_	_	_
déclaré	O	O	O	O	O	O	_	_	_	_	_	_
qu	O	O	O	O	O	O	_	_	NoSpaceAfter	_	_	_
'	O	O	O	O	O	O	_	_	NoSpaceAfter	_	_	_
il	O	O	O	O	O	O	_	_	EndOfLine	_	_	_
# segment_iiif_link = https://impresso-project.ch/api/proxy/iiif/IMP-1959-09-14-a-p0016/1090,2296,298,44/full/0/default.jpg
pensait	O	O	O	O	O	O	_	_	_	_	_	_
qu	O	O	O	O	O	O	_	_	NoSpaceAfter	_	_	_
'	O	O	O	O	O	O	_	_	NoSpaceAfter	_	_	_
elle	O	O	O	O	O	O	_	_	_	_	_	_
remporterait	O	O	O	O	O	O	_	_	NoSpaceAfter	_	_	_
,	O	O	O	O	O	O	_	_	_	_	_	_
à	O	O	O	O	O	O	_	_	_	_	_	_
la	O	O	O	O	O	O	_	_	EndOfLine	_	_	_
# segment_iiif_link = https://impresso-project.ch/api/proxy/iiif/IMP-1959-09-14-a-p0016/1090,2314,300,44/full/0/default.jpg
prochaine	O	O	O	O	O	O	_	_	_	_	_	_
session	O	O	O	O	O	O	_	_	_	_	_	_
de	O	O	O	O	O	O	_	_	_	_	_	_
l	O	O	O	O	O	O	_	_	NoSpaceAfter	_	_	_
'	O	O	O	O	O	O	_	_	NoSpaceAfter	_	_	_
ONU	O	O	O	O	O	O	_	_	NoSpaceAfter	_	_	_
,	O	O	O	O	O	O	_	_	_	_	_	_
un	O	O	O	O	O	O	_	_	_	_	_	_
succès	O	O	O	O	O	O	_	_	EndOfLine	_	_	_
# segment_iiif_link = https://impresso-project.ch/api/proxy/iiif/IMP-1959-09-14-a-p0016/1090,2334,275,44/full/0/default.jpg
plus	O	O	O	O	O	O	_	_	_	_	_	_
grand	O	O	O	O	O	O	_	_	_	_	_	_
que	O	O	O	O	O	O	_	_	_	_	_	_
précédemment	O	O	O	O	O	O	_	_	NoSpaceAfter	_	_	_
.	O	O	O	O	O	O	_	_	EndOfLine	EndOfSentence	_	_
# segment_iiif_link = https://impresso-project.ch/api/proxy/iiif/IMP-1959-09-14-a-p0016/1107,2357,281,44/full/0/default.jpg
En	O	O	O	O	O	O	_	_	_	_	_	_
conclusion	O	O	O	O	O	O	_	_	_	_	_	_
M	O	O	O	O	O	O	_	_	NoSpaceAfter	_	_	_
.	O	O	O	O	O	O	_	_	_	_	_	_
Bourguiba	O	O	O	O	O	O	_	_	EndOfLine	_	_	_
# segment_iiif_link = https://impresso-project.ch/api/proxy/iiif/IMP-1959-09-14-a-p0016/1090,2374,42,44/full/0/default.jpg
déclara	O	O	O	O	O	O	_	_	_	_	_	_
_	O	O	O	O	O	O	_	_	EndOfLine|NoSpaceAfter	_	_	_
# segment_iiif_link = https://impresso-project.ch/api/proxy/iiif/IMP-1959-09-14-a-p0016/1108,2398,280,44/full/0/default.jpg
_	O	O	O	O	O	O	_	_	NoSpaceAfter	_	_	_
•	O	O	O	O	O	O	_	_	_	_	_	_
«	O	O	O	O	O	O	_	_	_	_	_	_
Nous	O	O	O	O	O	O	_	_	_	_	_	_
appuyons	O	O	O	O	O	O	_	_	_	_	_	_
la	O	O	O	O	O	O	_	_	_	_	_	_
lutte	O	O	O	O	O	O	_	_	_	_	_	_
du	O	O	O	O	O	O	_	_	EndOfLine	_	_	_
# segment_iiif_link = https://impresso-project.ch/api/proxy/iiif/IMP-1959-09-14-a-p0016/1090,2417,297,44/full/0/default.jpg
peuple	O	O	O	O	O	O	_	_	_	_	_	_
algérien	O	O	O	O	O	O	_	_	NoSpaceAfter	_	_	_
.	O	O	O	O	O	O	_	_	_	_	_	_
J	O	O	O	O	O	O	_	_	NoSpaceAfter	_	_	_
'	O	O	O	O	O	O	_	_	NoSpaceAfter	_	_	_
ai	O	O	O	O	O	O	_	_	_	_	_	_
en	O	O	O	O	O	O	_	_	_	_	_	_
effet	O	O	O	O	O	O	_	_	_	_	_	_
proposé	O	O	O	O	O	O	_	_	EndOfLine	_	_	_
# segment_iiif_link = https://impresso-project.ch/api/proxy/iiif/IMP-1959-09-14-a-p0016/1090,2436,298,44/full/0/default.jpg
à	O	O	O	O	O	O	_	_	_	_	_	_
la	O	O	O	O	O	O	_	_	_	_	_	_
France	O	O	O	O	O	O	_	_	_	_	_	_
de	O	O	O	O	O	O	_	_	_	_	_	_
lui	O	O	O	O	O	O	_	_	_	_	_	_
céder	O	O	O	O	O	O	_	_	_	_	_	_
la	O	O	O	O	O	O	_	_	_	_	_	_
base	O	O	O	O	O	O	_	_	_	_	_	_
de	O	O	O	O	O	O	_	_	EndOfLine	_	_	_
# segment_iiif_link = https://impresso-project.ch/api/proxy/iiif/IMP-1959-09-14-a-p0016/1090,2456,298,44/full/0/default.jpg
Bizerte	O	O	O	O	O	O	_	_	_	_	_	_
en	O	O	O	O	O	O	_	_	_	_	_	_
contre	O	O	O	O	O	O	_	_	NoSpaceAfter	_	_	_
-	O	O	O	O	O	O	_	_	NoSpaceAfter	_	_	_
partie	O	O	O	O	O	O	_	_	_	_	_	_
de	O	O	O	O	O	O	_	_	EndOfLine	_	_	_
# segment_iiif_link = https://impresso-project.ch/api/proxy/iiif/IMP-1959-09-14-a-p0016/1090,2474,298,44/full/0/default.jpg
l	O	O	O	O	O	O	_	_	NoSpaceAfter	_	_	_
'	O	O	O	O	O	O	_	_	NoSpaceAfter	_	_	_
indépendance	O	O	O	O	O	O	_	_	_	_	_	_
pour	O	O	O	O	O	O	_	_	_	_	_	_
l	O	O	O	O	O	O	_	_	NoSpaceAfter	_	_	_
'	O	O	O	O	O	O	_	_	NoSpaceAfter	_	_	_
Algérie	O	O	O	O	O	O	_	_	NoSpaceAfter	_	_	_
.	O	O	O	O	O	O	_	_	_	_	_	_
La	O	O	O	O	O	O	_	_	_	_	_	_
France	O	O	O	O	O	O	_	_	EndOfLine	_	_	_
# segment_iiif_link = https://impresso-project.ch/api/proxy/iiif/IMP-1959-09-14-a-p0016/1089,2493,283,44/full/0/default.jpg
n	O	O	O	O	O	O	_	_	NoSpaceAfter	_	_	_
'	O	O	O	O	O	O	_	_	NoSpaceAfter	_	_	_
a	O	O	O	O	O	O	_	_	_	_	_	_
pas	O	O	O	O	O	O	_	_	_	_	_	_
répondu	O	O	O	O	O	O	_	_	_	_	_	_
à	O	O	O	O	O	O	_	_	_	_	_	_
cette	O	O	O	O	O	O	_	_	_	_	_	_
offre	O	O	O	O	O	O	_	_	NoSpaceAfter	_	_	_
.	O	O	O	O	O	O	_	_	_	_	_	_
»	O	O	O	O	O	O	_	_	EndOfLine	_	_	_
# segment_iiif_link = https://impresso-project.ch/api/proxy/iiif/IMP-1959-09-14-a-p0016/1345,2512,27,44/full/0/default.jpg
Ch	O	O	O	O	O	O	_	_	NoSpaceAfter	_	LED0.00	_
.	O	O	O	O	O	O	_	_	EndOfLine	EndOfSentence	LED0.00	_

# language = fr
# newspaper = IMP
# date = 1961-10-23
# document_id = IMP-1961-10-23-a-i0045
# news-agency-as-source = Q430109
# segment_iiif_link = https://impresso-project.ch/api/proxy/iiif/IMP-1961-10-23-a-p0005/470,726,212,52/full/0/default.jpg
Dramatique	O	O	O	O	O	O	_	_	_	_	_	_
évasion	O	O	O	O	O	O	_	_	EndOfLine	_	_	_
# segment_iiif_link = https://impresso-project.ch/api/proxy/iiif/IMP-1961-10-23-a-p0005/455,755,242,52/full/0/default.jpg
de	O	O	O	O	O	O	_	_	_	_	_	_
détenus	O	O	O	O	O	O	_	_	_	_	_	_
aux	O	O	O	O	O	O	_	_	_	_	_	_
U	O	O	O	O	O	O	_	_	NoSpaceAfter	_	_	_
.	O	O	O	O	O	O	_	_	_	_	_	_
S	O	O	O	O	O	O	_	_	NoSpaceAfter	_	_	_
.	O	O	O	O	O	O	_	_	_	_	_	_
A	O	O	O	O	O	O	_	_	NoSpaceAfter	_	_	_
.	O	O	O	O	O	O	_	_	EndOfLine	_	_	_
# segment_iiif_link = https://impresso-project.ch/api/proxy/iiif/IMP-1961-10-23-a-p0005/439,793,289,41/full/0/default.jpg
SEATTLE	O	O	O	O	O	O	_	_	NoSpaceAfter	_	_	_
,	O	O	O	O	O	O	_	_	_	_	_	_
23	O	O	O	O	O	O	_	_	NoSpaceAfter	_	_	_
.	O	O	O	O	O	O	_	_	_	EndOfSentence	_	_
—	O	O	O	O	O	O	_	_	_	_	_	_
ATS	B-org	O	B-org.ent.pressagency.ATS-SDA	O	O	O	Q430109	_	_	_	LED0.00	_
—	O	O	O	O	O	O	_	_	_	_	_	_
Six	O	O	O	O	O	O	_	_	EndOfLine	_	_	_
# segment_iiif_link = https://impresso-project.ch/api/proxy/iiif/IMP-1961-10-23-a-p0005/421,812,307,42/full/0/default.jpg
détenus	O	O	O	O	O	O	_	_	_	_	_	_
se	O	O	O	O	O	O	_	_	_	_	_	_
sont	O	O	O	O	O	O	_	_	_	_	_	_
évadés	O	O	O	O	O	O	_	_	_	_	_	_
des	O	O	O	O	O	O	_	_	_	_	_	_
prisons	O	O	O	O	O	O	_	_	_	_	_	_
de	O	O	O	O	O	O	_	_	EndOfLine	_	_	_
# segment_iiif_link = https://impresso-project.ch/api/proxy/iiif/IMP-1961-10-23-a-p0005/421,831,307,41/full/0/default.jpg
Seattle	O	O	O	O	O	O	_	_	NoSpaceAfter	_	_	_
.	B-org	O	B-org.ent.pressagency.ATS-SDA	O	O	O	_	_	_	EndOfSentence	_	_
L	O	O	O	O	O	O	_	_	NoSpaceAfter	_	_	_
'	O	O	O	O	O	O	_	_	NoSpaceAfter	_	_	_
un	O	O	O	O	O	O	_	_	_	_	_	_
d	O	O	O	O	O	O	_	_	NoSpaceAfter	_	_	_
'	O	O	O	O	O	O	_	_	NoSpaceAfter	_	_	_
eux	O	O	O	O	O	O	_	_	_	_	_	_
s	O	O	O	O	O	O	_	_	NoSpaceAfter	_	_	_
'	O	O	O	O	O	O	_	_	NoSpaceAfter	_	_	_
est	O	O	O	O	O	O	_	_	_	_	_	_
tué	O	O	O	O	O	O	_	_	_	_	_	_
alors	O	O	O	O	O	O	_	_	EndOfLine	_	_	_
# segment_iiif_link = https://impresso-project.ch/api/proxy/iiif/IMP-1961-10-23-a-p0005/421,850,307,41/full/0/default.jpg
que	O	O	O	O	O	O	_	_	_	_	_	_
les	O	O	O	O	O	O	_	_	_	_	_	_
cinq	O	O	O	O	O	O	_	_	_	_	_	_
autres	O	O	O	O	O	O	_	_	_	_	_	_
ont	O	O	O	O	O	O	_	_	_	_	_	_
réussi	O	O	O	O	O	O	_	_	_	_	_	_
à	O	O	O	O	O	O	_	_	_	_	_	_
s	O	O	O	O	O	O	_	_	NoSpaceAfter	_	_	_
'	O	O	O	O	O	O	_	_	EndOfLine|NoSpaceAfter	_	_	_
# segment_iiif_link = https://impresso-project.ch/api/proxy/iiif/IMP-1961-10-23-a-p0005/421,869,308,41/full/0/default.jpg
enfuir	O	O	O	O	O	O	_	_	NoSpaceAfter	_	_	_
.	O	O	O	O	O	O	_	_	_	EndOfSentence	_	_
La	O	O	O	O	O	O	_	_	_	_	_	_
victime	O	O	O	O	O	O	_	_	_	_	_	_
avait	O	O	O	O	O	O	_	_	_	_	_	_
fait	O	O	O	O	O	O	_	_	_	_	_	_
une	O	O	O	O	O	O	_	_	_	_	_	_
chute	O	O	O	O	O	O	_	_	EndOfLine	_	_	_
# segment_iiif_link = https://impresso-project.ch/api/proxy/iiif/IMP-1961-10-23-a-p0005/421,888,307,41/full/0/default.jpg
mortelle	O	O	O	O	O	O	_	_	_	_	_	_
alors	O	O	O	O	O	O	_	_	_	_	_	_
qu	O	O	O	O	O	O	_	_	NoSpaceAfter	_	_	_
'	O	O	O	O	O	O	_	_	NoSpaceAfter	_	_	_
elle	O	O	O	O	O	O	_	_	_	_	_	_
se	O	O	O	O	O	O	_	_	_	_	_	_
laissait	O	O	O	O	O	O	_	_	EndOfLine	_	_	_
# segment_iiif_link = https://impresso-project.ch/api/proxy/iiif/IMP-1961-10-23-a-p0005/420,908,308,41/full/0/default.jpg
descendre	O	O	O	O	O	O	_	_	_	_	_	_
du	O	O	O	O	O	O	_	_	_	_	_	_
dixième	O	O	O	O	O	O	_	_	_	_	_	_
étage	O	O	O	O	O	O	_	_	_	_	_	_
à	O	O	O	O	O	O	_	_	_	_	_	_
l	O	O	O	O	O	O	_	_	NoSpaceAfter	_	_	_
'	O	O	O	O	O	O	_	_	NoSpaceAfter	_	_	_
aide	O	O	O	O	O	O	_	_	EndOfLine	_	_	_
# segment_iiif_link = https://impresso-project.ch/api/proxy/iiif/IMP-1961-10-23-a-p0005/420,926,308,41/full/0/default.jpg
d	O	O	O	O	O	O	_	_	NoSpaceAfter	_	_	_
'	O	O	O	O	O	O	_	_	NoSpaceAfter	_	_	_
une	O	O	O	O	O	O	_	_	_	_	_	_
sorte	O	O	O	O	O	O	_	_	_	_	_	_
de	O	O	O	O	O	O	_	_	_	_	_	_
corde	O	O	O	O	O	O	_	_	_	_	_	_
faite	O	O	O	O	O	O	_	_	_	_	_	_
au	O	O	O	O	O	O	_	_	_	_	_	_
moyen	O	O	O	O	O	O	_	_	EndOfLine	_	_	_
# segment_iiif_link = https://impresso-project.ch/api/proxy/iiif/IMP-1961-10-23-a-p0005/420,945,87,41/full/0/default.jpg
d	O	O	O	O	O	O	_	_	NoSpaceAfter	_	_	_
'	O	O	O	O	O	O	_	_	NoSpaceAfter	_	_	_
un	O	O	O	O	O	O	_	_	_	_	_	_
drap	O	O	O	O	O	O	_	_	NoSpaceAfter	_	_	_
.	O	O	O	O	O	O	_	_	EndOfLine	EndOfSentence	_	_

# language = fr
# newspaper = IMP
# date = 1964-04-04
# document_id = IMP-1964-04-04-a-i0338
# news-agency-as-source = Q493845, Q40464
# segment_iiif_link = https://impresso-project.ch/api/proxy/iiif/IMP-1964-04-04-a-p0024/76,114,229,89/full/0/default.jpg
Nouveaux	O	O	O	O	O	O	_	_	EndOfLine	_	_	_
# segment_iiif_link = https://impresso-project.ch/api/proxy/iiif/IMP-1964-04-04-a-p0024/91,165,200,89/full/0/default.jpg
combats	O	O	O	O	O	O	_	_	EndOfLine	_	_	_
# segment_iiif_link = https://impresso-project.ch/api/proxy/iiif/IMP-1964-04-04-a-p0024/79,215,224,89/full/0/default.jpg
à	O	O	O	O	O	O	_	_	_	_	_	_
Chypre	O	O	O	O	O	O	_	_	EndOfLine	_	_	_
# segment_iiif_link = https://impresso-project.ch/api/proxy/iiif/IMP-1964-04-04-a-p0024/50,289,292,44/full/0/default.jpg
UPI	O	O	O	O	O	O	Q493845	_	NoSpaceAfter	_	LED0.00	_
.	O	O	O	O	O	O	_	_	_	EndOfSentence	_	_
—	O	O	O	O	O	O	_	_	_	_	_	_
Des	O	O	O	O	O	O	_	_	_	_	_	_
«	O	O	O	O	O	O	_	_	_	_	_	_
casques	O	O	O	O	O	O	_	_	_	_	_	_
bleus	O	O	O	O	O	O	_	_	_	_	_	_
»	O	O	O	O	O	O	_	_	EndOfLine	_	_	_
# segment_iiif_link = https://impresso-project.ch/api/proxy/iiif/IMP-1964-04-04-a-p0024/33,308,309,44/full/0/default.jpg
britanniques	O	O	O	O	O	O	_	_	NoSpaceAfter	_	_	_
,	O	O	O	O	O	O	_	_	_	_	_	_
qui	O	O	O	O	O	O	_	_	_	_	_	_
tentaient	O	O	O	O	O	O	_	_	_	_	_	_
de	O	O	O	O	O	O	_	_	_	_	_	_
porter	O	O	O	O	O	O	_	_	EndOfLine	_	_	_
# segment_iiif_link = https://impresso-project.ch/api/proxy/iiif/IMP-1964-04-04-a-p0024/34,328,309,43/full/0/default.jpg
secours	O	O	O	O	O	O	_	_	_	_	_	_
à	O	O	O	O	O	O	_	_	_	_	_	_
un	O	O	O	O	O	O	_	_	_	_	_	_
blessé	O	O	O	O	O	O	_	_	NoSpaceAfter	_	_	_
,	O	O	O	O	O	O	_	_	_	_	_	_
ont	O	O	O	O	O	O	_	_	_	_	_	_
été	O	O	O	O	O	O	_	_	_	_	_	_
pris	O	O	O	O	O	O	_	_	EndOfLine	_	_	_
# segment_iiif_link = https://impresso-project.ch/api/proxy/iiif/IMP-1964-04-04-a-p0024/34,347,309,43/full/0/default.jpg
dans	O	O	O	O	O	O	_	_	_	_	_	_
une	O	O	O	O	O	O	_	_	_	_	_	_
fusillade	O	O	O	O	O	O	_	_	NoSpaceAfter	_	_	_
,	O	O	O	O	O	O	_	_	_	_	_	_
hier	O	O	O	O	O	O	_	_	_	_	_	_
soir	O	O	O	O	O	O	_	_	NoSpaceAfter	_	_	_
,	O	O	O	O	O	O	_	_	_	_	_	_
à	O	O	O	O	O	O	_	_	EndOfLine	_	_	_
# segment_iiif_link = https://impresso-project.ch/api/proxy/iiif/IMP-1964-04-04-a-p0024/33,366,65,43/full/0/default.jpg
Chypre	O	O	O	O	O	O	_	_	NoSpaceAfter	_	_	_
.	O	O	O	O	O	O	_	_	EndOfLine	EndOfSentence	_	_
# segment_iiif_link = https://impresso-project.ch/api/proxy/iiif/IMP-1964-04-04-a-p0024/51,385,292,43/full/0/default.jpg
Le	O	O	O	O	O	O	_	_	_	_	_	_
combat	O	O	O	O	O	O	_	_	NoSpaceAfter	_	_	_
,	O	O	O	O	O	O	_	_	_	_	_	_
qui	O	O	O	O	O	O	_	_	_	_	_	_
a	O	O	O	O	O	O	_	_	_	_	_	_
fait	O	O	O	O	O	O	_	_	_	_	_	_
un	O	O	O	O	O	O	_	_	_	_	_	_
mort	O	O	O	O	O	O	_	_	EndOfLine	_	_	_
# segment_iiif_link = https://impresso-project.ch/api/proxy/iiif/IMP-1964-04-04-a-p0024/35,403,308,44/full/0/default.jpg
(	O	O	O	O	O	O	_	_	NoSpaceAfter	_	_	_
un	O	O	O	O	O	O	_	_	_	_	_	_
Cypriote	O	O	O	O	O	O	_	_	_	_	_	_
grec	O	O	O	O	O	O	_	_	NoSpaceAfter	_	_	_
)	O	O	O	O	O	O	_	_	_	_	_	_
et	O	O	O	O	O	O	_	_	_	_	_	_
trois	O	O	O	O	O	O	_	_	_	_	_	_
blessés	O	O	O	O	O	O	_	_	EndOfLine	_	_	_
# segment_iiif_link = https://impresso-project.ch/api/proxy/iiif/IMP-1964-04-04-a-p0024/35,422,309,44/full/0/default.jpg
(	O	O	O	O	O	O	_	_	NoSpaceAfter	_	_	_
un	O	O	O	O	O	O	_	_	_	_	_	_
Cypriote	O	O	O	O	O	O	_	_	_	_	_	_
grec	O	O	O	O	O	O	_	_	_	_	_	_
et	O	O	O	O	O	O	_	_	_	_	_	_
deux	O	O	O	O	O	O	_	_	_	_	_	_
Cypriotes	O	O	O	O	O	O	_	_	EndOfLine	_	_	_
# segment_iiif_link = https://impresso-project.ch/api/proxy/iiif/IMP-1964-04-04-a-p0024/32,441,312,44/full/0/default.jpg
turcs	O	O	O	O	O	O	_	_	NoSpaceAfter	_	_	_
)	O	O	O	O	O	O	_	_	_	_	_	_
s	O	O	O	O	O	O	_	_	NoSpaceAfter	_	_	_
'	O	O	O	O	O	O	_	_	NoSpaceAfter	_	_	_
est	O	O	O	O	O	O	_	_	_	_	_	_
déroulé	O	O	O	O	O	O	_	_	_	_	_	_
dans	O	O	O	O	O	O	_	_	_	_	_	_
le	O	O	O	O	O	O	_	_	_	_	_	_
village	O	O	O	O	O	O	_	_	EndOfLine	_	_	_
# segment_iiif_link = https://impresso-project.ch/api/proxy/iiif/IMP-1964-04-04-a-p0024/33,461,309,44/full/0/default.jpg
d	O	O	O	O	O	O	_	_	NoSpaceAfter	_	_	_
'	O	O	O	O	O	O	_	_	NoSpaceAfter	_	_	_
Ayia	O	O	O	O	O	O	_	_	_	_	_	_
Marinna	O	O	O	O	O	O	_	_	NoSpaceAfter	_	_	_
,	O	O	O	O	O	O	_	_	_	_	_	_
dans	O	O	O	O	O	O	_	_	_	_	_	_
le	O	O	O	O	O	O	_	_	_	_	_	_
nord	O	O	O	O	O	O	_	_	NoSpaceAfter	_	_	_
-	O	O	O	O	O	O	_	_	NoSpaceAfter	_	_	_
ouest	O	O	O	O	O	O	_	_	EndOfLine	_	_	_
# segment_iiif_link = https://impresso-project.ch/api/proxy/iiif/IMP-1964-04-04-a-p0024/33,480,309,44/full/0/default.jpg
de	O	O	O	O	O	O	_	_	_	_	_	_
l	O	O	O	O	O	O	_	_	NoSpaceAfter	_	_	_
'	O	O	O	O	O	O	_	_	NoSpaceAfter	_	_	_
île	O	O	O	O	O	O	_	_	NoSpaceAfter	_	_	_
.	O	O	O	O	O	O	_	_	_	EndOfSentence	_	_
Les	O	O	O	O	O	O	_	_	_	_	_	_
«	O	O	O	O	O	O	_	_	_	_	_	_
casques	O	O	O	O	O	O	_	_	_	_	_	_
bleus	O	O	O	O	O	O	_	_	_	_	_	_
»	O	O	O	O	O	O	_	_	_	_	_	_
ont	O	O	O	O	O	O	_	_	EndOfLine	_	_	_
# segment_iiif_link = https://impresso-project.ch/api/proxy/iiif/IMP-1964-04-04-a-p0024/33,499,310,44/full/0/default.jpg
été	O	O	O	O	O	O	_	_	_	_	_	_
pris	O	O	O	O	O	O	_	_	_	_	_	_
sous	O	O	O	O	O	O	_	_	_	_	_	_
le	O	O	O	O	O	O	_	_	_	_	_	_
feu	O	O	O	O	O	O	_	_	_	_	_	_
de	O	O	O	O	O	O	_	_	_	_	_	_
policiers	O	O	O	O	O	O	_	_	_	_	_	_
et	O	O	O	O	O	O	_	_	EndOfLine	_	_	_
# segment_iiif_link = https://impresso-project.ch/api/proxy/iiif/IMP-1964-04-04-a-p0024/33,518,310,44/full/0/default.jpg
d	O	O	O	O	O	O	_	_	NoSpaceAfter	_	_	_
'	O	O	O	O	O	O	_	_	NoSpaceAfter	_	_	_
irréguliers	O	O	O	O	O	O	_	_	_	_	_	_
cypriotes	O	O	O	O	O	O	_	_	_	_	_	_
grecs	O	O	O	O	O	O	_	_	_	_	_	_
qui	O	O	O	O	O	O	_	_	NoSpaceAfter	_	_	_
,	O	O	O	O	O	O	_	_	EndOfLine	_	_	_
# segment_iiif_link = https://impresso-project.ch/api/proxy/iiif/IMP-1964-04-04-a-p0024/33,537,309,44/full/0/default.jpg
selon	O	O	O	O	O	O	_	_	_	_	_	_
des	O	O	O	O	O	O	_	_	_	_	_	_
sources	O	O	O	O	O	O	_	_	_	_	_	_
proches	O	O	O	O	O	O	_	_	_	_	_	_
de	O	O	O	O	O	O	_	_	_	_	_	_
la	O	O	O	O	O	O	_	_	_	_	_	_
force	O	O	O	O	O	O	_	_	EndOfLine	_	_	_
# segment_iiif_link = https://impresso-project.ch/api/proxy/iiif/IMP-1964-04-04-a-p0024/33,557,310,43/full/0/default.jpg
de	O	O	O	O	O	O	_	_	_	_	_	_
l	O	O	O	O	O	O	_	_	NoSpaceAfter	_	_	_
'	O	O	O	O	O	O	_	_	NoSpaceAfter	_	_	_
ONU	O	O	O	O	O	O	_	_	NoSpaceAfter	_	_	_
,	O	O	O	O	O	O	_	_	_	_	_	_
ont	O	O	O	O	O	O	_	_	_	_	_	_
tiré	O	O	O	O	O	O	_	_	_	_	_	_
délibérément	O	O	O	O	O	O	_	_	_	_	_	_
sur	O	O	O	O	O	O	_	_	EndOfLine	_	_	_
# segment_iiif_link = https://impresso-project.ch/api/proxy/iiif/IMP-1964-04-04-a-p0024/33,575,310,44/full/0/default.jpg
eux	O	O	O	O	O	O	_	_	NoSpaceAfter	_	_	_
.	O	O	O	O	O	O	_	_	_	EndOfSentence	_	_
Aucun	O	O	O	O	O	O	_	_	_	_	_	_
«	O	O	O	O	O	O	_	_	_	_	_	_
casque	O	O	O	O	O	O	_	_	_	_	_	_
bleu	O	O	O	O	O	O	_	_	_	_	_	_
»	O	O	O	O	O	O	_	_	_	_	_	_
n	O	O	O	O	O	O	_	_	NoSpaceAfter	_	_	_
'	O	O	O	O	O	O	_	_	NoSpaceAfter	_	_	_
a	O	O	O	O	O	O	_	_	_	_	_	_
été	O	O	O	O	O	O	_	_	EndOfLine	_	_	_
# segment_iiif_link = https://impresso-project.ch/api/proxy/iiif/IMP-1964-04-04-a-p0024/34,594,58,44/full/0/default.jpg
touché	O	O	O	O	O	O	_	_	NoSpaceAfter	_	_	_
.	O	O	O	O	O	O	_	_	EndOfLine	EndOfSentence	_	_
# segment_iiif_link = https://impresso-project.ch/api/proxy/iiif/IMP-1964-04-04-a-p0024/49,614,293,43/full/0/default.jpg
Peu	O	O	O	O	O	O	_	_	_	_	_	_
avant	O	O	O	O	O	O	_	_	_	_	_	_
la	O	O	O	O	O	O	_	_	_	_	_	_
fusillade	O	O	O	O	O	O	_	_	_	_	_	_
d	O	O	O	O	O	O	_	_	NoSpaceAfter	_	_	_
'	O	O	O	O	O	O	_	_	NoSpaceAfter	_	_	_
Ayia	O	O	O	O	O	O	_	_	EndOfLine	_	_	_
# segment_iiif_link = https://impresso-project.ch/api/proxy/iiif/IMP-1964-04-04-a-p0024/34,633,307,44/full/0/default.jpg
Marinna	O	O	O	O	O	O	_	_	NoSpaceAfter	_	_	_
,	O	O	O	O	O	O	_	_	_	_	_	_
d	O	O	O	O	O	O	_	_	NoSpaceAfter	_	_	_
'	O	O	O	O	O	O	_	_	NoSpaceAfter	_	_	_
autres	O	O	O	O	O	O	_	_	_	_	_	_
combats	O	O	O	O	O	O	_	_	_	_	_	_
avaient	O	O	O	O	O	O	_	_	_	_	_	_
fait	O	O	O	O	O	O	_	_	EndOfLine	_	_	_
# segment_iiif_link = https://impresso-project.ch/api/proxy/iiif/IMP-1964-04-04-a-p0024/34,652,308,43/full/0/default.jpg
un	O	O	O	O	O	O	_	_	_	_	_	_
mort	O	O	O	O	O	O	_	_	_	_	_	_
cypriote	O	O	O	O	O	O	_	_	NoSpaceAfter	_	_	_
'	O	O	O	O	O	O	_	_	_	_	_	_
dans	O	O	O	O	O	O	_	_	_	_	_	_
le	O	O	O	O	O	O	_	_	_	_	_	_
nord	O	O	O	O	O	O	_	_	_	_	_	_
de	O	O	O	O	O	O	_	_	EndOfLine	_	_	_
# segment_iiif_link = https://impresso-project.ch/api/proxy/iiif/IMP-1964-04-04-a-p0024/34,671,222,43/full/0/default.jpg
l	O	O	O	O	O	O	_	_	NoSpaceAfter	_	_	_
'	O	O	O	O	O	O	_	_	NoSpaceAfter	_	_	_
île	O	O	O	O	O	O	_	_	NoSpaceAfter	_	_	_
,	O	O	O	O	O	O	_	_	_	_	_	_
près	O	O	O	O	O	O	_	_	_	_	_	_
de	O	O	O	O	O	O	_	_	_	_	_	_
Kato	O	O	O	O	O	O	_	_	_	_	_	_
Pyrgos	O	O	O	O	O	O	_	_	NoSpaceAfter	_	_	_
.	O	O	O	O	O	O	_	_	EndOfLine	EndOfSentence	_	_
# segment_iiif_link = https://impresso-project.ch/api/proxy/iiif/IMP-1964-04-04-a-p0024/38,714,302,54/full/0/default.jpg
L	O	O	O	O	O	O	_	_	NoSpaceAfter	_	_	_
'	O	O	O	O	O	O	_	_	NoSpaceAfter	_	_	_
ambassadeur	O	O	O	O	O	O	_	_	_	_	_	_
français	O	O	O	O	O	O	_	_	EndOfLine	_	_	_
# segment_iiif_link = https://impresso-project.ch/api/proxy/iiif/IMP-1964-04-04-a-p0024/44,743,284,55/full/0/default.jpg
pour	O	O	O	O	O	O	_	_	_	_	_	_
Pékin	O	O	O	O	O	O	_	_	_	_	_	_
est	O	O	O	O	O	O	_	_	_	_	_	_
désigné	O	O	O	O	O	O	_	_	EndOfLine	_	_	_
# segment_iiif_link = https://impresso-project.ch/api/proxy/iiif/IMP-1964-04-04-a-p0024/48,785,294,43/full/0/default.jpg
AFP	B-org	O	B-org.ent.pressagency.AFP	O	O	O	Q40464	_	_	_	LED0.00	_
—	O	O	O	O	O	O	_	_	_	_	_	_
Le	O	O	O	O	O	O	_	_	_	_	_	_
choix	O	O	O	O	O	O	_	_	_	_	_	_
du	O	O	O	O	O	O	_	_	_	_	_	_
gouvernement	O	O	O	O	O	O	_	_	EndOfLine	_	_	_
# segment_iiif_link = https://impresso-project.ch/api/proxy/iiif/IMP-1964-04-04-a-p0024/31,804,312,43/full/0/default.jpg
pour	O	O	O	O	O	O	_	_	_	_	_	_
le	O	O	O	O	O	O	_	_	_	_	_	_
poste	O	O	O	O	O	O	_	_	_	_	_	_
d	O	O	O	O	O	O	_	_	NoSpaceAfter	_	_	_
'	O	O	O	O	O	O	_	_	NoSpaceAfter	_	_	_
ambassadeur	O	O	O	O	O	O	_	_	_	_	_	_
à	O	O	O	O	O	O	_	_	EndOfLine	_	_	_
# segment_iiif_link = https://impresso-project.ch/api/proxy/iiif/IMP-1964-04-04-a-p0024/32,823,310,44/full/0/default.jpg
Pékin	O	O	O	O	O	O	_	_	_	_	_	_
s	O	O	O	O	O	O	_	_	NoSpaceAfter	_	_	_
'	O	O	O	O	O	O	_	_	NoSpaceAfter	_	_	_
est	O	O	O	O	O	O	_	_	_	_	_	_
définitivement	O	O	O	O	O	O	_	_	_	_	_	_
porté	O	O	O	O	O	O	_	_	_	_	_	_
sur	O	O	O	O	O	O	_	_	EndOfLine	_	_	_
# segment_iiif_link = https://impresso-project.ch/api/proxy/iiif/IMP-1964-04-04-a-p0024/31,843,312,43/full/0/default.jpg
M	O	O	O	O	O	O	_	_	NoSpaceAfter	_	_	_
.	O	O	O	O	O	O	_	_	_	_	_	_
Lucien	O	O	O	O	O	O	_	_	_	_	_	_
Paye	O	O	O	O	O	O	_	_	NoSpaceAfter	_	_	_
,	O	O	O	O	O	O	_	_	_	_	_	_
actuellement	O	O	O	O	O	O	_	_	EndOfLine	_	_	_
# segment_iiif_link = https://impresso-project.ch/api/proxy/iiif/IMP-1964-04-04-a-p0024/32,862,240,43/full/0/default.jpg
ambassadeur	O	O	O	O	O	O	_	_	_	_	_	_
de	O	O	O	O	O	O	_	_	_	_	_	_
France	O	O	O	O	O	O	_	_	_	_	_	_
à	O	O	O	O	O	O	_	_	_	_	_	_
Dakar	O	O	O	O	O	O	_	_	NoSpaceAfter	_	_	_
.	O	O	O	O	O	O	_	_	EndOfLine	EndOfSentence	_	_
# segment_iiif_link = https://impresso-project.ch/api/proxy/iiif/IMP-1964-04-04-a-p0024/48,881,295,44/full/0/default.jpg
L	O	O	O	O	O	O	_	_	NoSpaceAfter	_	_	_
'	O	O	O	O	O	O	_	_	NoSpaceAfter	_	_	_
agrément	O	O	O	O	O	O	_	_	_	_	_	_
pour	O	O	O	O	O	O	_	_	_	_	_	_
cette	O	O	O	O	O	O	_	_	_	_	_	_
nomination	O	O	O	O	O	O	_	_	EndOfLine	_	_	_
# segment_iiif_link = https://impresso-project.ch/api/proxy/iiif/IMP-1964-04-04-a-p0024/31,900,312,44/full/0/default.jpg
vient	O	O	O	O	O	O	_	_	_	_	_	_
d	O	O	O	O	O	O	_	_	NoSpaceAfter	_	_	_
'	O	O	O	O	O	O	_	_	NoSpaceAfter	_	_	_
être	O	O	O	O	O	O	_	_	_	_	_	_
demandé	O	O	O	O	O	O	_	_	_	_	_	_
au	O	O	O	O	O	O	_	_	EndOfLine	_	_	_
# segment_iiif_link = https://impresso-project.ch/api/proxy/iiif/IMP-1964-04-04-a-p0024/32,919,311,44/full/0/default.jpg
gouvernement	O	O	O	O	O	O	_	_	_	_	_	_
de	O	O	O	O	O	O	_	_	_	_	_	_
la	O	O	O	O	O	O	_	_	_	_	_	_
République	O	O	O	O	O	O	_	_	_	_	_	_
populaire	O	O	O	O	O	O	_	_	_	_	_	_
de	O	O	O	O	O	O	_	_	EndOfLine	_	_	_
# segment_iiif_link = https://impresso-project.ch/api/proxy/iiif/IMP-1964-04-04-a-p0024/33,939,50,44/full/0/default.jpg
Chine	O	O	O	O	O	O	_	_	NoSpaceAfter	_	_	_
.	O	O	O	O	O	O	_	_	EndOfLine	EndOfSentence	_	_
# segment_iiif_link = https://impresso-project.ch/api/proxy/iiif/IMP-1964-04-04-a-p0024/62,981,251,55/full/0/default.jpg
M	O	O	O	O	O	O	_	_	NoSpaceAfter	_	_	_
.	O	O	O	O	O	O	_	_	_	_	_	_
Goulart	O	O	O	O	O	O	_	_	_	_	_	_
toujours	O	O	O	O	O	O	_	_	EndOfLine	_	_	_
# segment_iiif_link = https://impresso-project.ch/api/proxy/iiif/IMP-1964-04-04-a-p0024/131,1011,114,54/full/0/default.jpg
au	O	O	O	O	O	O	_	_	_	_	_	_
Brésil	O	O	O	O	O	O	_	_	EndOfLine	_	_	_
# segment_iiif_link = https://impresso-project.ch/api/proxy/iiif/IMP-1964-04-04-a-p0024/50,1053,292,44/full/0/default.jpg
AFP	B-org	O	B-org.ent.pressagency.AFP	O	O	O	Q40464	_	NoSpaceAfter	_	LED0.00	_
.	O	O	O	O	O	O	_	_	_	EndOfSentence	_	_
—	O	O	O	O	O	O	_	_	_	_	_	_
M	O	O	O	O	O	O	_	_	NoSpaceAfter	_	_	_
.	O	O	O	O	O	O	_	_	_	_	_	_
Joao	O	O	O	O	O	O	_	_	_	_	_	_
Goulart	O	O	O	O	O	O	_	_	_	_	_	_
se	O	O	O	O	O	O	_	_	EndOfLine	_	_	_
# segment_iiif_link = https://impresso-project.ch/api/proxy/iiif/IMP-1964-04-04-a-p0024/33,1072,310,44/full/0/default.jpg
trouve	O	O	O	O	O	O	_	_	_	_	_	_
toujours	O	O	O	O	O	O	_	_	_	_	_	_
dans	O	O	O	O	O	O	_	_	_	_	_	_
sa	O	O	O	O	O	O	_	_	_	_	_	_
propriété	O	O	O	O	O	O	_	_	_	_	_	_
de	O	O	O	O	O	O	_	_	EndOfLine	_	_	_
# segment_iiif_link = https://impresso-project.ch/api/proxy/iiif/IMP-1964-04-04-a-p0024/33,1091,309,44/full/0/default.jpg
Sao	O	O	O	O	O	O	_	_	_	_	_	_
Borja	O	O	O	O	O	O	_	_	NoSpaceAfter	_	_	_
,	O	O	O	O	O	O	_	_	_	_	_	_
a	O	O	O	O	O	O	_	_	_	_	_	_
confirmé	O	O	O	O	O	O	_	_	_	_	_	_
M	O	O	O	O	O	O	_	_	NoSpaceAfter	_	_	_
.	O	O	O	O	O	O	_	_	_	_	_	_
Manuel	O	O	O	O	O	O	_	_	EndOfLine	_	_	_
# segment_iiif_link = https://impresso-project.ch/api/proxy/iiif/IMP-1964-04-04-a-p0024/33,1110,309,44/full/0/default.jpg
Soarcs	O	O	O	O	O	O	_	_	NoSpaceAfter	_	_	_
,	O	O	O	O	O	O	_	_	_	_	_	_
pilote	O	O	O	O	O	O	_	_	_	_	_	_
de	O	O	O	O	O	O	_	_	_	_	_	_
l	O	O	O	O	O	O	_	_	NoSpaceAfter	_	_	_
'	O	O	O	O	O	O	_	_	NoSpaceAfter	_	_	_
avion	O	O	O	O	O	O	_	_	_	_	_	_
personnel	O	O	O	O	O	O	_	_	EndOfLine	_	_	_
# segment_iiif_link = https://impresso-project.ch/api/proxy/iiif/IMP-1964-04-04-a-p0024/33,1129,310,44/full/0/default.jpg
du	O	O	O	O	O	O	_	_	_	_	_	_
président	O	O	O	O	O	O	_	_	_	_	_	_
déposé	O	O	O	O	O	O	_	_	_	_	_	_
à	O	O	O	O	O	O	_	_	_	_	_	_
bord	O	O	O	O	O	O	_	_	_	_	_	_
duquel	O	O	O	O	O	O	_	_	EndOfLine	_	_	_
# segment_iiif_link = https://impresso-project.ch/api/proxy/iiif/IMP-1964-04-04-a-p0024/33,1149,310,44/full/0/default.jpg
est	O	O	O	O	O	O	_	_	_	_	_	_
arrivé	O	O	O	O	O	O	_	_	_	_	_	_
à	O	O	O	O	O	O	_	_	_	_	_	_
20	O	O	O	O	O	O	_	_	_	_	_	_
h	O	O	O	O	O	O	_	_	NoSpaceAfter	_	_	_
.	O	O	O	O	O	O	_	_	_	EndOfSentence	_	_
15	O	O	O	O	O	O	_	_	_	_	_	_
gmt	O	O	O	O	O	O	_	_	NoSpaceAfter	_	_	_
.	O	O	O	O	O	O	_	_	_	EndOfSentence	_	_
à	O	O	O	O	O	O	_	_	EndOfLine	_	_	_
# segment_iiif_link = https://impresso-project.ch/api/proxy/iiif/IMP-1964-04-04-a-p0024/33,1168,312,43/full/0/default.jpg
Montevideo	O	O	O	O	O	O	_	_	_	_	_	_
Mme	O	O	O	O	O	O	_	_	_	_	_	_
Maria	O	O	O	O	O	O	_	_	_	_	_	_
Teresa	O	O	O	O	O	O	_	_	_	_	_	_
Goulart	O	O	O	O	O	O	_	_	NoSpaceAfter	_	_	_
,	O	O	O	O	O	O	_	_	EndOfLine	_	_	_
# segment_iiif_link = https://impresso-project.ch/api/proxy/iiif/IMP-1964-04-04-a-p0024/33,1187,253,43/full/0/default.jpg
accompagnée	O	O	O	O	O	O	_	_	_	_	_	_
de	O	O	O	O	O	O	_	_	_	_	_	_
ses	O	O	O	O	O	O	_	_	_	_	_	_
deux	O	O	O	O	O	O	_	_	_	_	_	_
fils	O	O	O	O	O	O	_	_	NoSpaceAfter	_	_	_
.	O	O	O	O	O	O	_	_	EndOfLine	EndOfSentence	_	_
# segment_iiif_link = https://impresso-project.ch/api/proxy/iiif/IMP-1964-04-04-a-p0024/50,1210,295,43/full/0/default.jpg
Se	O	O	O	O	O	O	_	_	_	_	_	_
refusant	O	O	O	O	O	O	_	_	_	_	_	_
à	O	O	O	O	O	O	_	_	_	_	_	_
toute	O	O	O	O	O	O	_	_	_	_	_	_
déclaration	O	O	O	O	O	O	_	_	NoSpaceAfter	_	_	_
,	O	O	O	O	O	O	_	_	EndOfLine	_	_	_
# segment_iiif_link = https://impresso-project.ch/api/proxy/iiif/IMP-1964-04-04-a-p0024/33,1229,310,43/full/0/default.jpg
Mme	O	O	O	O	O	O	_	_	_	_	_	_
Goulart	O	O	O	O	O	O	_	_	_	_	_	_
a	O	O	O	O	O	O	_	_	_	_	_	_
toutefois	O	O	O	O	O	O	_	_	_	_	_	_
laissé	O	O	O	O	O	O	_	_	EndOfLine	_	_	_
# segment_iiif_link = https://impresso-project.ch/api/proxy/iiif/IMP-1964-04-04-a-p0024/34,1248,306,43/full/0/default.jpg
entendre	O	O	O	O	O	O	_	_	_	_	_	_
que	O	O	O	O	O	O	_	_	_	_	_	_
son	O	O	O	O	O	O	_	_	_	_	_	_
mari	O	O	O	O	O	O	_	_	_	_	_	_
la	O	O	O	O	O	O	_	_	_	_	_	_
rejoindrait	O	O	O	O	O	O	_	_	EndOfLine	_	_	_
# segment_iiif_link = https://impresso-project.ch/api/proxy/iiif/IMP-1964-04-04-a-p0024/33,1267,312,44/full/0/default.jpg
prochainement	O	O	O	O	O	O	_	_	NoSpaceAfter	_	_	_
,	O	O	O	O	O	O	_	_	_	_	_	_
mais	O	O	O	O	O	O	_	_	_	_	_	_
elle	O	O	O	O	O	O	_	_	_	_	_	_
n	O	O	O	O	O	O	_	_	NoSpaceAfter	_	_	_
'	O	O	O	O	O	O	_	_	NoSpaceAfter	_	_	_
a	O	O	O	O	O	O	_	_	_	_	_	_
pas	O	O	O	O	O	O	_	_	EndOfLine	_	_	_
# segment_iiif_link = https://impresso-project.ch/api/proxy/iiif/IMP-1964-04-04-a-p0024/33,1285,310,44/full/0/default.jpg
précisé	O	O	O	O	O	O	_	_	_	_	_	_
où	O	O	O	O	O	O	_	_	NoSpaceAfter	_	_	_
.	O	O	O	O	O	O	_	_	_	EndOfSentence	_	_
Mme	O	O	O	O	O	O	_	_	_	_	_	_
Goulart	O	O	O	O	O	O	_	_	_	_	_	_
est	O	O	O	O	O	O	_	_	_	_	_	_
arrivée	O	O	O	O	O	O	_	_	EndOfLine	_	_	_
# segment_iiif_link = https://impresso-project.ch/api/proxy/iiif/IMP-1964-04-04-a-p0024/34,1305,309,44/full/0/default.jpg
avec	O	O	O	O	O	O	_	_	_	_	_	_
de	O	O	O	O	O	O	_	_	_	_	_	_
nombreux	O	O	O	O	O	O	_	_	_	_	_	_
bagages	O	O	O	O	O	O	_	_	_	_	_	_
qui	O	O	O	O	O	O	_	_	_	_	_	_
ont	O	O	O	O	O	O	_	_	EndOfLine	_	_	_
# segment_iiif_link = https://impresso-project.ch/api/proxy/iiif/IMP-1964-04-04-a-p0024/34,1324,309,44/full/0/default.jpg
été	O	O	O	O	O	O	_	_	_	_	_	_
transportés	O	O	O	O	O	O	_	_	_	_	_	_
dans	O	O	O	O	O	O	_	_	_	_	_	_
un	O	O	O	O	O	O	_	_	_	_	_	_
hôtel	O	O	O	O	O	O	_	_	_	_	_	_
du	O	O	O	O	O	O	_	_	EndOfLine	_	_	_
# segment_iiif_link = https://impresso-project.ch/api/proxy/iiif/IMP-1964-04-04-a-p0024/34,1343,258,44/full/0/default.jpg
centre	O	O	O	O	O	O	_	_	NoSpaceAfter	_	_	_
,	O	O	O	O	O	O	_	_	_	_	_	_
où	O	O	O	O	O	O	_	_	_	_	_	_
elle	O	O	O	O	O	O	_	_	_	_	_	_
est	O	O	O	O	O	O	_	_	_	_	_	_
descendue	O	O	O	O	O	O	_	_	NoSpaceAfter	_	_	_
.	O	O	O	O	O	O	_	_	EndOfLine	EndOfSentence	_	_

# language = fr
# newspaper = IMP
# date = 1966-01-04
# document_id = IMP-1966-01-04-a-i0194
# news-agency-as-source = Q493845
# segment_iiif_link = https://impresso-project.ch/api/proxy/iiif/IMP-1966-01-04-a-p0015/72,137,980,132/full/0/default.jpg
Les	O	O	O	O	O	O	_	_	_	_	_	_
inondations	O	O	O	O	O	O	_	_	_	_	_	_
deviennent	O	O	O	O	O	O	_	_	_	_	_	_
menaçantes	O	O	O	O	O	O	_	_	_	_	_	_
en	O	O	O	O	O	O	_	_	_	_	_	_
France	O	O	O	O	O	O	_	_	EndOfLine	_	_	_
# segment_iiif_link = https://impresso-project.ch/api/proxy/iiif/IMP-1966-01-04-a-p0015/89,250,294,41/full/0/default.jpg
La	O	O	O	O	O	O	_	_	_	_	_	_
situation	O	O	O	O	O	O	_	_	_	_	_	_
devient	O	O	O	O	O	O	_	_	_	_	_	_
critique	O	O	O	O	O	O	_	_	_	_	_	_
dans	O	O	O	O	O	O	_	_	EndOfLine	_	_	_
# segment_iiif_link = https://impresso-project.ch/api/proxy/iiif/IMP-1966-01-04-a-p0015/72,269,313,41/full/0/default.jpg
le	O	O	O	O	O	O	_	_	_	_	_	_
Maine	O	O	O	O	O	O	_	_	NoSpaceAfter	_	_	_
-	O	O	O	O	O	O	_	_	NoSpaceAfter	_	_	_
et	O	O	O	O	O	O	_	_	NoSpaceAfter	_	_	_
-	O	O	O	O	O	O	_	_	NoSpaceAfter	_	_	_
Loire	O	O	O	O	O	O	_	_	NoSpaceAfter	_	_	_
,	O	O	O	O	O	O	_	_	_	_	_	_
en	O	O	O	O	O	O	_	_	_	_	_	_
France	O	O	O	O	O	O	_	_	NoSpaceAfter	_	_	_
,	O	O	O	O	O	O	_	_	_	_	_	_
où	O	O	O	O	O	O	_	_	_	_	_	_
les	O	O	O	O	O	O	_	_	EndOfLine	_	_	_
# segment_iiif_link = https://impresso-project.ch/api/proxy/iiif/IMP-1966-01-04-a-p0015/72,289,310,41/full/0/default.jpg
inondations	O	O	O	O	O	O	_	_	_	_	_	_
ont	O	O	O	O	O	O	_	_	_	_	_	_
tendance	O	O	O	O	O	O	_	_	_	_	_	_
à	O	O	O	O	O	O	_	_	_	_	_	_
s	O	O	O	O	O	O	_	_	NoSpaceAfter	_	_	_
'	O	O	O	O	O	O	_	_	EndOfLine|NoSpaceAfter	_	_	_
# segment_iiif_link = https://impresso-project.ch/api/proxy/iiif/IMP-1966-01-04-a-p0015/72,309,59,41/full/0/default.jpg
aggraver	O	O	O	O	O	O	_	_	NoSpaceAfter	_	_	_
.	O	O	O	O	O	O	_	_	EndOfLine	EndOfSentence	_	_
# segment_iiif_link = https://impresso-project.ch/api/proxy/iiif/IMP-1966-01-04-a-p0015/89,333,293,41/full/0/default.jpg
A	O	O	O	O	O	O	_	_	_	_	_	_
Angers	O	O	O	O	O	O	_	_	NoSpaceAfter	_	_	_
,	O	O	O	O	O	O	_	_	_	_	_	_
le	O	O	O	O	O	O	_	_	_	_	_	_
Maine	O	O	O	O	O	O	_	_	_	_	_	_
monte	O	O	O	O	O	O	_	_	_	_	_	_
à	O	O	O	O	O	O	_	_	_	_	_	_
la	O	O	O	O	O	O	_	_	EndOfLine	_	_	_
# segment_iiif_link = https://impresso-project.ch/api/proxy/iiif/IMP-1966-01-04-a-p0015/72,355,312,41/full/0/default.jpg
cadence	O	O	O	O	O	O	_	_	_	_	_	_
d	O	O	O	O	O	O	_	_	NoSpaceAfter	_	_	_
'	O	O	O	O	O	O	_	_	NoSpaceAfter	_	_	_
un	O	O	O	O	O	O	_	_	_	_	_	_
centimètre	O	O	O	O	O	O	_	_	_	_	_	_
à	O	O	O	O	O	O	_	_	_	_	_	_
l	O	O	O	O	O	O	_	_	NoSpaceAfter	_	_	_
'	O	O	O	O	O	O	_	_	NoSpaceAfter	_	_	_
heure	O	O	O	O	O	O	_	_	NoSpaceAfter	_	_	_
.	O	O	O	O	O	O	_	_	EndOfLine	EndOfSentence	_	_
# segment_iiif_link = https://impresso-project.ch/api/proxy/iiif/IMP-1966-01-04-a-p0015/72,376,310,41/full/0/default.jpg
On	O	O	O	O	O	O	_	_	_	_	_	_
estime	O	O	O	O	O	O	_	_	_	_	_	_
qu	O	O	O	O	O	O	_	_	NoSpaceAfter	_	_	_
'	O	O	O	O	O	O	_	_	NoSpaceAfter	_	_	_
à	O	O	O	O	O	O	_	_	_	_	_	_
ce	O	O	O	O	O	O	_	_	_	_	_	_
rythme	O	O	O	O	O	O	_	_	_	_	_	_
il	O	O	O	O	O	O	_	_	EndOfLine	_	_	_
# segment_iiif_link = https://impresso-project.ch/api/proxy/iiif/IMP-1966-01-04-a-p0015/72,397,310,41/full/0/default.jpg
inondera	O	O	O	O	O	O	_	_	_	_	_	_
certaines	O	O	O	O	O	O	_	_	_	_	_	_
rues	O	O	O	O	O	O	_	_	_	_	_	_
basses	O	O	O	O	O	O	_	_	_	_	_	_
de	O	O	O	O	O	O	_	_	_	_	_	_
la	O	O	O	O	O	O	_	_	EndOfLine	_	_	_
# segment_iiif_link = https://impresso-project.ch/api/proxy/iiif/IMP-1966-01-04-a-p0015/72,418,234,41/full/0/default.jpg
ville	O	O	O	O	O	O	_	_	NoSpaceAfter	_	_	_
,	O	O	O	O	O	O	_	_	_	_	_	_
en	O	O	O	O	O	O	_	_	_	_	_	_
bordure	O	O	O	O	O	O	_	_	_	_	_	_
des	O	O	O	O	O	O	_	_	_	_	_	_
quais	O	O	O	O	O	O	_	_	NoSpaceAfter	_	_	_
.	O	O	O	O	O	O	_	_	EndOfLine	EndOfSentence	_	_
# segment_iiif_link = https://impresso-project.ch/api/proxy/iiif/IMP-1966-01-04-a-p0015/89,446,293,41/full/0/default.jpg
La	O	O	O	O	O	O	_	_	_	_	_	_
Loire	O	O	O	O	O	O	_	_	NoSpaceAfter	_	_	_
,	O	O	O	O	O	O	_	_	_	_	_	_
en	O	O	O	O	O	O	_	_	_	_	_	_
crue	O	O	O	O	O	O	_	_	NoSpaceAfter	_	_	_
,	O	O	O	O	O	O	_	_	_	_	_	_
commence	O	O	O	O	O	O	_	_	_	_	_	_
à	O	O	O	O	O	O	_	_	EndOfLine	_	_	_
# segment_iiif_link = https://impresso-project.ch/api/proxy/iiif/IMP-1966-01-04-a-p0015/72,467,309,41/full/0/default.jpg
donner	O	O	O	O	O	O	_	_	_	_	_	_
des	O	O	O	O	O	O	_	_	_	_	_	_
inquiétudes	O	O	O	O	O	O	_	_	_	_	_	_
aux	O	O	O	O	O	O	_	_	EndOfLine	_	_	_
# segment_iiif_link = https://impresso-project.ch/api/proxy/iiif/IMP-1966-01-04-a-p0015/72,488,310,41/full/0/default.jpg
services	O	O	O	O	O	O	_	_	_	_	_	_
de	O	O	O	O	O	O	_	_	_	_	_	_
sécurité	O	O	O	O	O	O	_	_	NoSpaceAfter	_	_	_
,	O	O	O	O	O	O	_	_	_	_	_	_
qui	O	O	O	O	O	O	_	_	_	_	_	_
sont	O	O	O	O	O	O	_	_	_	_	_	_
en	O	O	O	O	O	O	_	_	_	_	_	_
état	O	O	O	O	O	O	_	_	EndOfLine	_	_	_
# segment_iiif_link = https://impresso-project.ch/api/proxy/iiif/IMP-1966-01-04-a-p0015/72,509,311,41/full/0/default.jpg
d	O	O	O	O	O	O	_	_	NoSpaceAfter	_	_	_
'	O	O	O	O	O	O	_	_	NoSpaceAfter	_	_	_
alerte	O	O	O	O	O	O	_	_	NoSpaceAfter	_	_	_
.	O	O	O	O	O	O	_	_	_	EndOfSentence	_	_
Le	O	O	O	O	O	O	_	_	_	_	_	_
plan	O	O	O	O	O	O	_	_	_	_	_	_
de	O	O	O	O	O	O	_	_	_	_	_	_
défense	O	O	O	O	O	O	_	_	NoSpaceAfter	_	_	_
,	O	O	O	O	O	O	_	_	EndOfLine	_	_	_
# segment_iiif_link = https://impresso-project.ch/api/proxy/iiif/IMP-1966-01-04-a-p0015/72,530,312,41/full/0/default.jpg
rattaché	O	O	O	O	O	O	_	_	_	_	_	_
au	O	O	O	O	O	O	_	_	_	_	_	_
plan	O	O	O	O	O	O	_	_	_	_	_	_
«	O	O	O	O	O	O	_	_	_	_	_	_
Orscc	O	O	O	O	O	O	_	_	_	_	_	_
»	O	O	O	O	O	O	_	_	_	_	_	_
est	O	O	O	O	O	O	_	_	_	_	_	_
en	O	O	O	O	O	O	_	_	_	_	_	_
place	O	O	O	O	O	O	_	_	NoSpaceAfter	_	_	_
,	O	O	O	O	O	O	_	_	EndOfLine	_	_	_
# segment_iiif_link = https://impresso-project.ch/api/proxy/iiif/IMP-1966-01-04-a-p0015/72,551,310,41/full/0/default.jpg
prêt	O	O	O	O	O	O	_	_	_	_	_	_
à	O	O	O	O	O	O	_	_	_	_	_	_
toute	O	O	O	O	O	O	_	_	_	_	_	_
éventualité	O	O	O	O	O	O	_	_	NoSpaceAfter	_	_	_
.	O	O	O	O	O	O	_	_	_	EndOfSentence	_	_
Les	O	O	O	O	O	O	_	_	EndOfLine	_	_	_
# segment_iiif_link = https://impresso-project.ch/api/proxy/iiif/IMP-1966-01-04-a-p0015/71,572,310,41/full/0/default.jpg
militaires	O	O	O	O	O	O	_	_	_	_	_	_
du	O	O	O	O	O	O	_	_	_	_	_	_
6	O	O	O	O	O	O	_	_	_	_	_	_
e	O	O	O	O	O	O	_	_	_	_	_	_
génie	O	O	O	O	O	O	_	_	_	_	_	_
ont	O	O	O	O	O	O	_	_	_	_	_	_
passé	O	O	O	O	O	O	_	_	_	_	_	_
les	O	O	O	O	O	O	_	_	EndOfLine	_	_	_
# segment_iiif_link = https://impresso-project.ch/api/proxy/iiif/IMP-1966-01-04-a-p0015/72,594,309,41/full/0/default.jpg
fêtes	O	O	O	O	O	O	_	_	_	_	_	_
de	O	O	O	O	O	O	_	_	_	_	_	_
fin	O	O	O	O	O	O	_	_	_	_	_	_
d	O	O	O	O	O	O	_	_	NoSpaceAfter	_	_	_
'	O	O	O	O	O	O	_	_	NoSpaceAfter	_	_	_
année	O	O	O	O	O	O	_	_	_	_	_	_
à	O	O	O	O	O	O	_	_	_	_	_	_
la	O	O	O	O	O	O	_	_	_	_	_	_
caserne	O	O	O	O	O	O	_	_	_	_	_	_
pour	O	O	O	O	O	O	_	_	EndOfLine	_	_	_
# segment_iiif_link = https://impresso-project.ch/api/proxy/iiif/IMP-1966-01-04-a-p0015/72,614,309,41/full/0/default.jpg
être	O	O	O	O	O	O	_	_	_	_	_	_
prêts	O	O	O	O	O	O	_	_	_	_	_	_
à	O	O	O	O	O	O	_	_	_	_	_	_
intervenir	O	O	O	O	O	O	_	_	_	_	_	_
sur	O	O	O	O	O	O	_	_	_	_	_	_
les	O	O	O	O	O	O	_	_	EndOfLine	_	_	_
# segment_iiif_link = https://impresso-project.ch/api/proxy/iiif/IMP-1966-01-04-a-p0015/408,250,310,41/full/0/default.jpg
levées	O	O	O	O	O	O	_	_	_	_	_	_
de	O	O	O	O	O	O	_	_	_	_	_	_
la	O	O	O	O	O	O	_	_	_	_	_	_
Loire	O	O	O	O	O	O	_	_	NoSpaceAfter	_	_	_
,	O	O	O	O	O	O	_	_	_	_	_	_
qui	O	O	O	O	O	O	_	_	_	_	_	_
sont	O	O	O	O	O	O	_	_	_	_	_	_
gardées	O	O	O	O	O	O	_	_	EndOfLine	_	_	_
# segment_iiif_link = https://impresso-project.ch/api/proxy/iiif/IMP-1966-01-04-a-p0015/408,270,309,41/full/0/default.jpg
jour	O	O	O	O	O	O	_	_	_	_	_	_
et	O	O	O	O	O	O	_	_	_	_	_	_
nuit	O	O	O	O	O	O	_	_	_	_	_	_
entre	O	O	O	O	O	O	_	_	EndOfLine	_	_	_
# segment_iiif_link = https://impresso-project.ch/api/proxy/iiif/IMP-1966-01-04-a-p0015/408,289,203,41/full/0/default.jpg
sur	O	O	O	O	O	O	_	_	NoSpaceAfter	_	_	_
-	O	O	O	O	O	O	_	_	NoSpaceAfter	_	_	_
Loire	O	O	O	O	O	O	_	_	_	_	_	_
et	O	O	O	O	O	O	_	_	_	_	_	_
Ingrandes	O	O	O	O	O	O	_	_	NoSpaceAfter	_	_	_
.	O	O	O	O	O	O	_	_	EndOfLine	EndOfSentence	_	_
# segment_iiif_link = https://impresso-project.ch/api/proxy/iiif/IMP-1966-01-04-a-p0015/425,308,293,41/full/0/default.jpg
A	O	O	O	O	O	O	_	_	_	_	_	_
Montjean	O	O	O	O	O	O	_	_	NoSpaceAfter	_	_	_
,	O	O	O	O	O	O	_	_	_	_	_	_
la	O	O	O	O	O	O	_	_	_	_	_	_
côte	O	O	O	O	O	O	_	_	_	_	_	_
d	O	O	O	O	O	O	_	_	NoSpaceAfter	_	_	_
'	O	O	O	O	O	O	_	_	NoSpaceAfter	_	_	_
alerte	O	O	O	O	O	O	_	_	_	_	_	_
(	O	O	O	O	O	O	_	_	NoSpaceAfter	_	_	_
6	O	O	O	O	O	O	_	_	EndOfLine	_	_	_
# segment_iiif_link = https://impresso-project.ch/api/proxy/iiif/IMP-1966-01-04-a-p0015/408,327,312,41/full/0/default.jpg
mètres	O	O	O	O	O	O	_	_	NoSpaceAfter	_	_	_
)	O	O	O	O	O	O	_	_	_	_	_	_
est	O	O	O	O	O	O	_	_	_	_	_	_
atteinte	O	O	O	O	O	O	_	_	_	_	_	_
à	O	O	O	O	O	O	_	_	_	_	_	_
Chalonnes	O	O	O	O	O	O	_	_	_	_	_	_
;	O	O	O	O	O	O	_	_	EndOfLine	_	_	_
# segment_iiif_link = https://impresso-project.ch/api/proxy/iiif/IMP-1966-01-04-a-p0015/409,346,309,41/full/0/default.jpg
les	O	O	O	O	O	O	_	_	_	_	_	_
350	O	O	O	O	O	O	_	_	_	_	_	_
hectares	O	O	O	O	O	O	_	_	_	_	_	_
de	O	O	O	O	O	O	_	_	_	_	_	_
la	O	O	O	O	O	O	_	_	_	_	_	_
basse	O	O	O	O	O	O	_	_	NoSpaceAfter	_	_	_
-	O	O	O	O	O	O	_	_	NoSpaceAfter	_	_	_
île	O	O	O	O	O	O	_	_	_	_	_	_
sont	O	O	O	O	O	O	_	_	EndOfLine	_	_	_
# segment_iiif_link = https://impresso-project.ch/api/proxy/iiif/IMP-1966-01-04-a-p0015/409,366,309,41/full/0/default.jpg
inondés	O	O	O	O	O	O	_	_	_	_	_	_
depuis	O	O	O	O	O	O	_	_	_	_	_	_
plusieurs	O	O	O	O	O	O	_	_	_	_	_	_
jours	O	O	O	O	O	O	_	_	NoSpaceAfter	_	_	_
,	O	O	O	O	O	O	_	_	_	_	_	_
et	O	O	O	O	O	O	_	_	EndOfLine	_	_	_
# segment_iiif_link = https://impresso-project.ch/api/proxy/iiif/IMP-1966-01-04-a-p0015/409,385,310,41/full/0/default.jpg
un	O	O	O	O	O	O	_	_	_	_	_	_
habitant	O	O	O	O	O	O	_	_	_	_	_	_
de	O	O	O	O	O	O	_	_	_	_	_	_
70	O	O	O	O	O	O	_	_	_	_	_	_
ans	O	O	O	O	O	O	_	_	_	_	_	_
a	O	O	O	O	O	O	_	_	_	_	_	_
été	O	O	O	O	O	O	_	_	EndOfLine	_	_	_
# segment_iiif_link = https://impresso-project.ch/api/proxy/iiif/IMP-1966-01-04-a-p0015/409,404,310,41/full/0/default.jpg
transporté	O	O	O	O	O	O	_	_	_	_	_	_
en	O	O	O	O	O	O	_	_	_	_	_	_
clinique	O	O	O	O	O	O	_	_	NoSpaceAfter	_	_	_
,	O	O	O	O	O	O	_	_	_	_	_	_
pour	O	O	O	O	O	O	_	_	_	_	_	_
y	O	O	O	O	O	O	_	_	_	_	_	_
subir	O	O	O	O	O	O	_	_	_	_	_	_
une	O	O	O	O	O	O	_	_	EndOfLine	_	_	_
# segment_iiif_link = https://impresso-project.ch/api/proxy/iiif/IMP-1966-01-04-a-p0015/744,250,310,41/full/0/default.jpg
opération	O	O	O	O	O	O	_	_	NoSpaceAfter	_	_	_
,	O	O	O	O	O	O	_	_	_	_	_	_
à	O	O	O	O	O	O	_	_	_	_	_	_
bord	O	O	O	O	O	O	_	_	_	_	_	_
du	O	O	O	O	O	O	_	_	_	_	_	_
bateau	O	O	O	O	O	O	_	_	_	_	_	_
des	O	O	O	O	O	O	_	_	EndOfLine	_	_	_
# segment_iiif_link = https://impresso-project.ch/api/proxy/iiif/IMP-1966-01-04-a-p0015/744,269,81,41/full/0/default.jpg
pompiers	O	O	O	O	O	O	_	_	NoSpaceAfter	_	_	_
.	O	O	O	O	O	O	_	_	EndOfLine	EndOfSentence	_	_
# segment_iiif_link = https://impresso-project.ch/api/proxy/iiif/IMP-1966-01-04-a-p0015/760,288,294,41/full/0/default.jpg
L	O	O	O	O	O	O	_	_	NoSpaceAfter	_	_	_
'	O	O	O	O	O	O	_	_	NoSpaceAfter	_	_	_
Authion	O	O	O	O	O	O	_	_	NoSpaceAfter	_	_	_
,	O	O	O	O	O	O	_	_	_	_	_	_
un	O	O	O	O	O	O	_	_	_	_	_	_
affluent	O	O	O	O	O	O	_	_	_	_	_	_
de	O	O	O	O	O	O	_	_	_	_	_	_
la	O	O	O	O	O	O	_	_	EndOfLine	_	_	_
# segment_iiif_link = https://impresso-project.ch/api/proxy/iiif/IMP-1966-01-04-a-p0015/744,308,311,41/full/0/default.jpg
Loire	O	O	O	O	O	O	_	_	NoSpaceAfter	_	_	_
,	O	O	O	O	O	O	_	_	_	_	_	_
considérablement	O	O	O	O	O	O	_	_	_	_	_	_
gonflé	O	O	O	O	O	O	_	_	_	_	_	_
au	O	O	O	O	O	O	_	_	_	_	_	_
cours	O	O	O	O	O	O	_	_	EndOfLine	_	_	_
# segment_iiif_link = https://impresso-project.ch/api/proxy/iiif/IMP-1966-01-04-a-p0015/744,326,313,41/full/0/default.jpg
des	O	O	O	O	O	O	_	_	_	_	_	_
dernières	O	O	O	O	O	O	_	_	_	_	_	_
24	O	O	O	O	O	O	_	_	_	_	_	_
heures	O	O	O	O	O	O	_	_	NoSpaceAfter	_	_	_
,	O	O	O	O	O	O	_	_	_	_	_	_
a	O	O	O	O	O	O	_	_	_	_	_	_
isolé	O	O	O	O	O	O	_	_	EndOfLine	_	_	_
# segment_iiif_link = https://impresso-project.ch/api/proxy/iiif/IMP-1966-01-04-a-p0015/744,345,310,41/full/0/default.jpg
plusieurs	O	O	O	O	O	O	_	_	_	_	_	_
hameaux	O	O	O	O	O	O	_	_	NoSpaceAfter	_	_	_
.	O	O	O	O	O	O	_	_	_	EndOfSentence	_	_
34	O	O	O	O	O	O	_	_	_	_	_	_
personnes	O	O	O	O	O	O	_	_	_	_	_	_
ont	O	O	O	O	O	O	_	_	EndOfLine	_	_	_
# segment_iiif_link = https://impresso-project.ch/api/proxy/iiif/IMP-1966-01-04-a-p0015/745,365,311,41/full/0/default.jpg
dû	O	O	O	O	O	O	_	_	_	_	_	_
être	O	O	O	O	O	O	_	_	_	_	_	_
évacuées	O	O	O	O	O	O	_	_	_	_	_	_
à	O	O	O	O	O	O	_	_	_	_	_	_
Braln	O	O	O	O	O	O	_	_	NoSpaceAfter	_	_	_
,	O	O	O	O	O	O	_	_	_	_	_	_
et	O	O	O	O	O	O	_	_	_	_	_	_
les	O	O	O	O	O	O	_	_	_	_	_	_
15	O	O	O	O	O	O	_	_	EndOfLine	_	_	_
# segment_iiif_link = https://impresso-project.ch/api/proxy/iiif/IMP-1966-01-04-a-p0015/744,384,312,41/full/0/default.jpg
habitants	O	O	O	O	O	O	_	_	_	_	_	_
d	O	O	O	O	O	O	_	_	NoSpaceAfter	_	_	_
'	O	O	O	O	O	O	_	_	NoSpaceAfter	_	_	_
Andard	O	O	O	O	O	O	_	_	_	_	_	_
sont	O	O	O	O	O	O	_	_	_	_	_	_
ravitaillés	O	O	O	O	O	O	_	_	EndOfLine	_	_	_
# segment_iiif_link = https://impresso-project.ch/api/proxy/iiif/IMP-1966-01-04-a-p0015/744,404,155,41/full/0/default.jpg
par	O	O	O	O	O	O	_	_	_	_	_	_
barques	O	O	O	O	O	O	_	_	NoSpaceAfter	_	_	_
,	O	O	O	O	O	O	_	_	_	_	_	_
(	O	O	O	O	O	O	_	_	NoSpaceAfter	_	_	_
upi	O	O	O	O	O	O	Q493845	_	NoSpaceAfter	_	LED0.00	_
)	O	O	O	O	O	O	_	_	EndOfLine	EndOfSentence	_	_

# language = fr
# newspaper = IMP
# date = 1978-10-06
# document_id = IMP-1978-10-06-a-i0332
# news-agency-as-source = Q430109
# segment_iiif_link = https://impresso-project.ch/api/proxy/iiif/IMP-1978-10-06-a-p0031/744,195,2571,288/full/0/default.jpg
Droits	O	O	O	O	O	O	_	_	_	_	_	_
politiques	O	O	O	O	O	O	_	_	_	_	_	_
des	O	O	O	O	O	O	_	_	_	_	_	_
Jurassiens	O	O	O	O	O	O	_	_	_	_	_	_
de	O	O	O	O	O	O	_	_	_	_	_	_
l	O	O	O	O	O	O	_	_	NoSpaceAfter	_	_	_
'	O	O	O	O	O	O	_	_	NoSpaceAfter	_	_	_
extérieur	O	O	O	O	O	O	_	_	_	_	_	_
et	O	O	O	O	O	O	_	_	_	_	_	_
des	O	O	O	O	O	O	_	_	_	_	_	_
étrangers	O	O	O	O	O	O	_	_	EndOfLine	_	_	_
# segment_iiif_link = https://impresso-project.ch/api/proxy/iiif/IMP-1978-10-06-a-p0031/744,150,1846,230/full/0/default.jpg
L	O	O	O	O	O	O	_	_	NoSpaceAfter	_	_	_
'	O	O	O	O	O	O	_	_	NoSpaceAfter	_	_	_
Assemblée	O	O	O	O	O	O	_	_	_	_	_	_
constituante	O	O	O	O	O	O	_	_	_	_	_	_
a	O	O	O	O	O	O	_	_	_	_	_	_
repris	O	O	O	O	O	O	_	_	_	_	_	_
ses	O	O	O	O	O	O	_	_	_	_	_	_
travaux	O	O	O	O	O	O	_	_	EndOfLine	_	_	_
# segment_iiif_link = https://impresso-project.ch/api/proxy/iiif/IMP-1978-10-06-a-p0031/759,255,1315,318/full/0/default.jpg
Dès	O	O	O	O	O	O	_	_	_	_	_	_
les	O	O	O	O	O	O	_	_	_	_	_	_
résultats	O	O	O	O	O	O	_	_	_	_	_	_
du	O	O	O	O	O	O	_	_	_	_	_	_
vote	O	O	O	O	O	O	_	_	_	_	_	_
du	O	O	O	O	O	O	_	_	_	_	_	_
24	O	O	O	O	O	O	_	_	EndOfLine	_	_	_
# segment_iiif_link = https://impresso-project.ch/api/proxy/iiif/IMP-1978-10-06-a-p0031/743,272,1328,336/full/0/default.jpg
septembre	O	O	O	O	O	O	_	_	_	_	_	_
connus	O	O	O	O	O	O	_	_	NoSpaceAfter	_	_	_
,	O	O	O	O	O	O	_	_	_	_	_	_
et	O	O	O	O	O	O	_	_	_	_	_	_
même	O	O	O	O	O	O	_	_	_	_	_	_
avant	O	O	O	O	O	O	_	_	NoSpaceAfter	_	_	_
,	O	O	O	O	O	O	_	_	EndOfLine	_	_	_
# segment_iiif_link = https://impresso-project.ch/api/proxy/iiif/IMP-1978-10-06-a-p0031/744,289,1342,353/full/0/default.jpg
l	O	O	O	O	O	O	_	_	NoSpaceAfter	_	_	_
'	O	O	O	O	O	O	_	_	NoSpaceAfter	_	_	_
Assemblée	O	O	O	O	O	O	_	_	_	_	_	_
constituante	O	O	O	O	O	O	_	_	_	_	_	_
jurassienne	O	O	O	O	O	O	_	_	_	_	_	_
a	O	O	O	O	O	O	_	_	EndOfLine	_	_	_
# segment_iiif_link = https://impresso-project.ch/api/proxy/iiif/IMP-1978-10-06-a-p0031/743,305,1305,369/full/0/default.jpg
reçu	O	O	O	O	O	O	_	_	_	_	_	_
des	O	O	O	O	O	O	_	_	_	_	_	_
messages	O	O	O	O	O	O	_	_	_	_	_	_
qui	O	O	O	O	O	O	_	_	_	_	_	_
vont	O	O	O	O	O	O	_	_	_	_	_	_
des	O	O	O	O	O	O	_	_	EndOfLine	_	_	_
# segment_iiif_link = https://impresso-project.ch/api/proxy/iiif/IMP-1978-10-06-a-p0031/744,323,1334,386/full/0/default.jpg
félicitations	O	O	O	O	O	O	_	_	_	_	_	_
officielles	O	O	O	O	O	O	_	_	_	_	_	_
(	O	O	O	O	O	O	_	_	NoSpaceAfter	_	_	_
autorités	O	O	O	O	O	O	_	_	_	_	_	_
suisses	O	O	O	O	O	O	_	_	NoSpaceAfter	_	_	_
,	O	O	O	O	O	O	_	_	_	_	_	_
tous	O	O	O	O	O	O	_	_	EndOfLine	_	_	_
# segment_iiif_link = https://impresso-project.ch/api/proxy/iiif/IMP-1978-10-06-a-p0031/744,340,1350,404/full/0/default.jpg
les	O	O	O	O	O	O	_	_	_	_	_	_
cantons	O	O	O	O	O	O	_	_	_	_	_	_
et	O	O	O	O	O	O	_	_	_	_	_	_
de	O	O	O	O	O	O	_	_	_	_	_	_
nombreux	O	O	O	O	O	O	_	_	_	_	_	_
Etats	O	O	O	O	O	O	_	_	_	_	_	_
ct	O	O	O	O	O	O	_	_	EndOfLine	_	_	_
# segment_iiif_link = https://impresso-project.ch/api/proxy/iiif/IMP-1978-10-06-a-p0031/744,357,1346,421/full/0/default.jpg
peuples	O	O	O	O	O	O	_	_	_	_	_	_
étrangers	O	O	O	O	O	O	_	_	NoSpaceAfter	_	_	_
)	O	O	O	O	O	O	_	_	_	_	_	_
aux	O	O	O	O	O	O	_	_	_	_	_	_
marques	O	O	O	O	O	O	_	_	_	_	_	_
de	O	O	O	O	O	O	_	_	EndOfLine	_	_	_
# segment_iiif_link = https://impresso-project.ch/api/proxy/iiif/IMP-1978-10-06-a-p0031/743,374,1340,437/full/0/default.jpg
sympathie	O	O	O	O	O	O	_	_	_	_	_	_
privées	O	O	O	O	O	O	_	_	_	_	_	_
(	O	O	O	O	O	O	_	_	NoSpaceAfter	_	_	_
le	O	O	O	O	O	O	_	_	_	_	_	_
cirque	O	O	O	O	O	O	_	_	_	_	_	_
Knie	O	O	O	O	O	O	_	_	NoSpaceAfter	_	_	_
,	O	O	O	O	O	O	_	_	_	_	_	_
des	O	O	O	O	O	O	_	_	EndOfLine	_	_	_
# segment_iiif_link = https://impresso-project.ch/api/proxy/iiif/IMP-1978-10-06-a-p0031/743,391,1336,455/full/0/default.jpg
élèves	O	O	O	O	O	O	_	_	NoSpaceAfter	_	_	_
,	O	O	O	O	O	O	_	_	_	_	_	_
des	O	O	O	O	O	O	_	_	_	_	_	_
classes	O	O	O	O	O	O	_	_	_	_	_	_
entières	O	O	O	O	O	O	_	_	_	_	_	_
ou	O	O	O	O	O	O	_	_	_	_	_	_
un	O	O	O	O	O	O	_	_	_	_	_	_
ami	O	O	O	O	O	O	_	_	EndOfLine	_	_	_
# segment_iiif_link = https://impresso-project.ch/api/proxy/iiif/IMP-1978-10-06-a-p0031/744,408,1344,472/full/0/default.jpg
de	O	O	O	O	O	O	_	_	_	_	_	_
l	O	O	O	O	O	O	_	_	NoSpaceAfter	_	_	_
'	O	O	O	O	O	O	_	_	NoSpaceAfter	_	_	_
Equateur	O	O	O	O	O	O	_	_	_	_	_	_
qui	O	O	O	O	O	O	_	_	_	_	_	_
a	O	O	O	O	O	O	_	_	_	_	_	_
fait	O	O	O	O	O	O	_	_	_	_	_	_
parvenir	O	O	O	O	O	O	_	_	_	_	_	_
au	O	O	O	O	O	O	_	_	EndOfLine	_	_	_
# segment_iiif_link = https://impresso-project.ch/api/proxy/iiif/IMP-1978-10-06-a-p0031/744,425,1347,489/full/0/default.jpg
président	O	O	O	O	O	O	_	_	_	_	_	_
le	O	O	O	O	O	O	_	_	_	_	_	_
journal	O	O	O	O	O	O	_	_	_	_	_	_
«	O	O	O	O	O	O	_	_	_	_	_	_
El	O	O	O	O	O	O	_	_	_	_	_	_
Tiempo	O	O	O	O	O	O	_	_	_	_	_	_
de	O	O	O	O	O	O	_	_	EndOfLine	_	_	_
# segment_iiif_link = https://impresso-project.ch/api/proxy/iiif/IMP-1978-10-06-a-p0031/743,442,1345,506/full/0/default.jpg
Quito	O	O	O	O	O	O	_	_	_	_	_	_
»	O	O	O	O	O	O	_	_	_	_	_	_
titrant	O	O	O	O	O	O	_	_	_	_	_	_
«	O	O	O	O	O	O	_	_	_	_	_	_
Nuevo	O	O	O	O	O	O	_	_	_	_	_	_
estad	O	O	O	O	O	O	_	_	_	_	_	_
»	O	O	O	O	O	O	_	_	_	_	_	_
nacio	O	O	O	O	O	O	_	_	_	_	_	_
en	O	O	O	O	O	O	_	_	EndOfLine	_	_	_
# segment_iiif_link = https://impresso-project.ch/api/proxy/iiif/IMP-1978-10-06-a-p0031/744,460,1294,523/full/0/default.jpg
Suiza	O	O	O	O	O	O	_	_	NoSpaceAfter	_	_	_
)	O	O	O	O	O	O	_	_	NoSpaceAfter	_	_	_
.	O	O	O	O	O	O	_	_	_	EndOfSentence	_	_
C	O	O	O	O	O	O	_	_	NoSpaceAfter	_	_	_
'	O	O	O	O	O	O	_	_	NoSpaceAfter	_	_	_
est	O	O	O	O	O	O	_	_	_	_	_	_
ce	O	O	O	O	O	O	_	_	_	_	_	_
qu	O	O	O	O	O	O	_	_	NoSpaceAfter	_	_	_
'	O	O	O	O	O	O	_	_	NoSpaceAfter	_	_	_
a	O	O	O	O	O	O	_	_	_	_	_	_
révélé	O	O	O	O	O	O	_	_	_	_	_	_
le	O	O	O	O	O	O	_	_	_	_	_	_
président	O	O	O	O	O	O	_	_	EndOfLine	_	_	_
# segment_iiif_link = https://impresso-project.ch/api/proxy/iiif/IMP-1978-10-06-a-p0031/743,477,1350,541/full/0/default.jpg
François	O	O	O	O	O	O	_	_	_	_	_	_
Laohat	O	O	O	O	O	O	_	_	NoSpaceAfter	_	_	_
,	O	O	O	O	O	O	_	_	_	_	_	_
à	O	O	O	O	O	O	_	_	_	_	_	_
l	O	O	O	O	O	O	_	_	NoSpaceAfter	_	_	_
'	O	O	O	O	O	O	_	_	NoSpaceAfter	_	_	_
ouverture	O	O	O	O	O	O	_	_	_	_	_	_
de	O	O	O	O	O	O	_	_	_	_	_	_
la	O	O	O	O	O	O	_	_	EndOfLine	_	_	_
# segment_iiif_link = https://impresso-project.ch/api/proxy/iiif/IMP-1978-10-06-a-p0031/742,494,1335,557/full/0/default.jpg
session	O	O	O	O	O	O	_	_	_	_	_	_
de	O	O	O	O	O	O	_	_	_	_	_	_
l	O	O	O	O	O	O	_	_	NoSpaceAfter	_	_	_
'	O	O	O	O	O	O	_	_	NoSpaceAfter	_	_	_
Assemblée	O	O	O	O	O	O	_	_	_	_	_	_
constituante	O	O	O	O	O	O	_	_	NoSpaceAfter	_	_	_
,	O	O	O	O	O	O	_	_	_	_	_	_
hier	O	O	O	O	O	O	_	_	EndOfLine	_	_	_
# segment_iiif_link = https://impresso-project.ch/api/proxy/iiif/IMP-1978-10-06-a-p0031/743,511,928,575/full/0/default.jpg
à	O	O	O	O	O	O	_	_	_	_	_	_
Delémont	O	O	O	O	O	O	_	_	NoSpaceAfter	_	_	_
.	O	O	O	O	O	O	_	_	EndOfLine	EndOfSentence	_	_
# segment_iiif_link = https://impresso-project.ch/api/proxy/iiif/IMP-1978-10-06-a-p0031/761,534,1322,598/full/0/default.jpg
L	O	O	O	O	O	O	_	_	NoSpaceAfter	_	_	_
'	O	O	O	O	O	O	_	_	NoSpaceAfter	_	_	_
assemblée	O	O	O	O	O	O	_	_	_	_	_	_
a	O	O	O	O	O	O	_	_	_	_	_	_
également	O	O	O	O	O	O	_	_	_	_	_	_
reçu	O	O	O	O	O	O	_	_	_	_	_	_
des	O	O	O	O	O	O	_	_	EndOfLine	_	_	_
# segment_iiif_link = https://impresso-project.ch/api/proxy/iiif/IMP-1978-10-06-a-p0031/744,551,1337,614/full/0/default.jpg
dons	O	O	O	O	O	O	_	_	_	_	_	_
allant	O	O	O	O	O	O	_	_	_	_	_	_
des	O	O	O	O	O	O	_	_	_	_	_	_
-	O	O	O	O	O	O	_	_	NoSpaceAfter	_	_	_
500	O	O	O	O	O	O	_	_	_	_	_	_
francs	O	O	O	O	O	O	_	_	_	_	_	_
d	O	O	O	O	O	O	_	_	NoSpaceAfter	_	_	_
'	O	O	O	O	O	O	_	_	NoSpaceAfter	_	_	_
un	O	O	O	O	O	O	_	_	EndOfLine	_	_	_
# segment_iiif_link = https://impresso-project.ch/api/proxy/iiif/IMP-1978-10-06-a-p0031/743,568,1339,631/full/0/default.jpg
apprenti	O	O	O	O	O	O	_	_	_	_	_	_
de	O	O	O	O	O	O	_	_	_	_	_	_
Suisse	O	O	O	O	O	O	_	_	_	_	_	_
allemande	O	O	O	O	O	O	_	_	_	_	_	_
aux	O	O	O	O	O	O	_	_	_	_	_	_
10.000	O	O	O	O	O	O	_	_	EndOfLine	_	_	_
# segment_iiif_link = https://impresso-project.ch/api/proxy/iiif/IMP-1978-10-06-a-p0031/744,584,1333,648/full/0/default.jpg
francs	O	O	O	O	O	O	_	_	_	_	_	_
d	O	O	O	O	O	O	_	_	NoSpaceAfter	_	_	_
'	O	O	O	O	O	O	_	_	NoSpaceAfter	_	_	_
industriels	O	O	O	O	O	O	_	_	_	_	_	_
jurassiens	O	O	O	O	O	O	_	_	NoSpaceAfter	_	_	_
,	O	O	O	O	O	O	_	_	_	_	_	_
des	O	O	O	O	O	O	_	_	EndOfLine	_	_	_
# segment_iiif_link = https://impresso-project.ch/api/proxy/iiif/IMP-1978-10-06-a-p0031/743,602,1361,666/full/0/default.jpg
oeuvres	O	O	O	O	O	O	_	_	_	_	_	_
d	O	O	O	O	O	O	_	_	NoSpaceAfter	_	_	_
'	O	O	O	O	O	O	_	_	NoSpaceAfter	_	_	_
art	O	O	O	O	O	O	_	_	_	_	_	_
(	O	O	O	O	O	O	_	_	NoSpaceAfter	_	_	_
une	O	O	O	O	O	O	_	_	_	_	_	_
tapisserie	O	O	O	O	O	O	_	_	_	_	_	_
d	O	O	O	O	O	O	_	_	NoSpaceAfter	_	_	_
'	O	O	O	O	O	O	_	_	NoSpaceAfter	_	_	_
Aubusson	O	O	O	O	O	O	_	_	NoSpaceAfter	_	_	_
,	O	O	O	O	O	O	_	_	EndOfLine	_	_	_
# segment_iiif_link = https://impresso-project.ch/api/proxy/iiif/IMP-1978-10-06-a-p0031/744,619,1293,683/full/0/default.jpg
une	O	O	O	O	O	O	_	_	_	_	_	_
sculpture	O	O	O	O	O	O	_	_	_	_	_	_
de	O	O	O	O	O	O	_	_	_	_	_	_
Probst	O	O	O	O	O	O	_	_	NoSpaceAfter	_	_	_
,	O	O	O	O	O	O	_	_	_	_	_	_
des	O	O	O	O	O	O	_	_	_	_	_	_
peintures	O	O	O	O	O	O	_	_	EndOfLine	_	_	_
# segment_iiif_link = https://impresso-project.ch/api/proxy/iiif/IMP-1978-10-06-a-p0031/743,636,1308,700/full/0/default.jpg
de	O	O	O	O	O	O	_	_	_	_	_	_
Myrrha	O	O	O	O	O	O	_	_	NoSpaceAfter	_	_	_
,	O	O	O	O	O	O	_	_	_	_	_	_
un	O	O	O	O	O	O	_	_	_	_	_	_
tableau	O	O	O	O	O	O	_	_	_	_	_	_
d	O	O	O	O	O	O	_	_	NoSpaceAfter	_	_	_
'	O	O	O	O	O	O	_	_	NoSpaceAfter	_	_	_
un	O	O	O	O	O	O	_	_	_	_	_	_
peintre	O	O	O	O	O	O	_	_	EndOfLine	_	_	_
# segment_iiif_link = https://impresso-project.ch/api/proxy/iiif/IMP-1978-10-06-a-p0031/743,653,1323,717/full/0/default.jpg
amateur	O	O	O	O	O	O	_	_	_	_	_	_
genevois	O	O	O	O	O	O	_	_	_	_	_	_
spécialement	O	O	O	O	O	O	_	_	_	_	_	_
dédié	O	O	O	O	O	O	_	_	EndOfLine	_	_	_
# segment_iiif_link = https://impresso-project.ch/api/proxy/iiif/IMP-1978-10-06-a-p0031/744,670,1319,734/full/0/default.jpg
à	O	O	O	O	O	O	_	_	_	_	_	_
l	O	O	O	O	O	O	_	_	NoSpaceAfter	_	_	_
'	O	O	O	O	O	O	_	_	NoSpaceAfter	_	_	_
Etat	O	O	O	O	O	O	_	_	_	_	_	_
jurassien	O	O	O	O	O	O	_	_	NoSpaceAfter	_	_	_
,	O	O	O	O	O	O	_	_	_	_	_	_
ainsi	O	O	O	O	O	O	_	_	_	_	_	_
que	O	O	O	O	O	O	_	_	_	_	_	_
des	O	O	O	O	O	O	_	_	EndOfLine	_	_	_
# segment_iiif_link = https://impresso-project.ch/api/proxy/iiif/IMP-1978-10-06-a-p0031/743,687,1329,750/full/0/default.jpg
collages	O	O	O	O	O	O	_	_	NoSpaceAfter	_	_	_
,	O	O	O	O	O	O	_	_	_	_	_	_
des	O	O	O	O	O	O	_	_	_	_	_	_
dessins	O	O	O	O	O	O	_	_	_	_	_	_
d	O	O	O	O	O	O	_	_	NoSpaceAfter	_	_	_
'	O	O	O	O	O	O	_	_	NoSpaceAfter	_	_	_
étudiants	O	O	O	O	O	O	_	_	_	_	_	_
ou	O	O	O	O	O	O	_	_	_	_	_	_
de	O	O	O	O	O	O	_	_	EndOfLine	_	_	_
# segment_iiif_link = https://impresso-project.ch/api/proxy/iiif/IMP-1978-10-06-a-p0031/743,704,1329,768/full/0/default.jpg
particuliers	O	O	O	O	O	O	_	_	NoSpaceAfter	_	_	_
)	O	O	O	O	O	O	_	_	_	_	_	_
sans	O	O	O	O	O	O	_	_	_	_	_	_
parler	O	O	O	O	O	O	_	_	_	_	_	_
des	O	O	O	O	O	O	_	_	_	_	_	_
lettres	O	O	O	O	O	O	_	_	EndOfLine	_	_	_
# segment_iiif_link = https://impresso-project.ch/api/proxy/iiif/IMP-1978-10-06-a-p0031/743,721,1345,785/full/0/default.jpg
anonymes	O	O	O	O	O	O	_	_	_	_	_	_
qui	O	O	O	O	O	O	_	_	_	_	_	_
sont	O	O	O	O	O	O	_	_	_	_	_	_
versées	O	O	O	O	O	O	_	_	_	_	_	_
ad	O	O	O	O	O	O	_	_	_	_	_	_
acta	O	O	O	O	O	O	_	_	NoSpaceAfter	_	_	_
.	O	O	O	O	O	O	_	_	_	EndOfSentence	_	_
Le	O	O	O	O	O	O	_	_	EndOfLine	_	_	_
# segment_iiif_link = https://impresso-project.ch/api/proxy/iiif/IMP-1978-10-06-a-p0031/743,738,1341,802/full/0/default.jpg
président	O	O	O	O	O	O	_	_	_	_	_	_
a	O	O	O	O	O	O	_	_	_	_	_	_
en	O	O	O	O	O	O	_	_	_	_	_	_
outre	O	O	O	O	O	O	_	_	_	_	_	_
relevé	O	O	O	O	O	O	_	_	_	_	_	_
que	O	O	O	O	O	O	_	_	_	_	_	_
114	O	O	O	O	O	O	_	_	EndOfLine	_	_	_
# segment_iiif_link = https://impresso-project.ch/api/proxy/iiif/IMP-1978-10-06-a-p0031/743,756,1286,819/full/0/default.jpg
communes	O	O	O	O	O	O	_	_	_	_	_	_
suisses	O	O	O	O	O	O	_	_	_	_	_	_
s	O	O	O	O	O	O	_	_	NoSpaceAfter	_	_	_
'	O	O	O	O	O	O	_	_	NoSpaceAfter	_	_	_
étaient	O	O	O	O	O	O	_	_	_	_	_	_
exprimées	O	O	O	O	O	O	_	_	EndOfLine	_	_	_
# segment_iiif_link = https://impresso-project.ch/api/proxy/iiif/IMP-1978-10-06-a-p0031/743,774,1330,837/full/0/default.jpg
à	O	O	O	O	O	O	_	_	_	_	_	_
l	O	O	O	O	O	O	_	_	NoSpaceAfter	_	_	_
'	O	O	O	O	O	O	_	_	NoSpaceAfter	_	_	_
unanimité	O	O	O	O	O	O	_	_	_	_	_	_
le	O	O	O	O	O	O	_	_	_	_	_	_
24	O	O	O	O	O	O	_	_	_	_	_	_
septembre	O	O	O	O	O	O	_	_	NoSpaceAfter	_	_	_
.	O	O	O	O	O	O	_	_	_	EndOfSentence	_	_
«	O	O	O	O	O	O	_	_	_	_	_	_
Cela	O	O	O	O	O	O	_	_	EndOfLine	_	_	_
# segment_iiif_link = https://impresso-project.ch/api/proxy/iiif/IMP-1978-10-06-a-p0031/743,790,1331,854/full/0/default.jpg
démontre	O	O	O	O	O	O	_	_	_	_	_	_
bien	O	O	O	O	O	O	_	_	_	_	_	_
que	O	O	O	O	O	O	_	_	_	_	_	_
si	O	O	O	O	O	O	_	_	_	_	_	_
la	O	O	O	O	O	O	_	_	_	_	_	_
raison	O	O	O	O	O	O	_	_	_	_	_	_
était	O	O	O	O	O	O	_	_	EndOfLine	_	_	_
# segment_iiif_link = https://impresso-project.ch/api/proxy/iiif/IMP-1978-10-06-a-p0031/742,807,1328,871/full/0/default.jpg
présente	O	O	O	O	O	O	_	_	_	_	_	_
dans	O	O	O	O	O	O	_	_	_	_	_	_
l	O	O	O	O	O	O	_	_	NoSpaceAfter	_	_	_
'	O	O	O	O	O	O	_	_	NoSpaceAfter	_	_	_
isoloir	O	O	O	O	O	O	_	_	NoSpaceAfter	_	_	_
,	O	O	O	O	O	O	_	_	_	_	_	_
le	O	O	O	O	O	O	_	_	_	_	_	_
coeur	O	O	O	O	O	O	_	_	_	_	_	_
y	O	O	O	O	O	O	_	_	_	_	_	_
était	O	O	O	O	O	O	_	_	EndOfLine	_	_	_
# segment_iiif_link = https://impresso-project.ch/api/proxy/iiif/IMP-1978-10-06-a-p0031/743,824,1318,888/full/0/default.jpg
aussi	O	O	O	O	O	O	_	_	_	_	_	_
»	O	O	O	O	O	O	_	_	NoSpaceAfter	_	_	_
.	O	O	O	O	O	O	_	_	_	EndOfSentence	_	_
«	O	O	O	O	O	O	_	_	_	_	_	_
Mais	O	O	O	O	O	O	_	_	NoSpaceAfter	_	_	_
,	O	O	O	O	O	O	_	_	_	_	_	_
a	O	O	O	O	O	O	_	_	_	_	_	_
poursuivi	O	O	O	O	O	O	_	_	_	_	_	_
le	O	O	O	O	O	O	_	_	EndOfLine	_	_	_
# segment_iiif_link = https://impresso-project.ch/api/proxy/iiif/IMP-1978-10-06-a-p0031/743,842,1332,905/full/0/default.jpg
président	O	O	O	O	O	O	_	_	NoSpaceAfter	_	_	_
,	O	O	O	O	O	O	_	_	_	_	_	_
le	O	O	O	O	O	O	_	_	_	_	_	_
peuple	O	O	O	O	O	O	_	_	_	_	_	_
attend	O	O	O	O	O	O	_	_	_	_	_	_
de	O	O	O	O	O	O	_	_	_	_	_	_
nous	O	O	O	O	O	O	_	_	_	_	_	_
du	O	O	O	O	O	O	_	_	EndOfLine	_	_	_
# segment_iiif_link = https://impresso-project.ch/api/proxy/iiif/IMP-1978-10-06-a-p0031/742,858,1339,922/full/0/default.jpg
travail	O	O	O	O	O	O	_	_	_	_	_	_
—	O	O	O	O	O	O	_	_	_	_	_	_
il	O	O	O	O	O	O	_	_	_	_	_	_
est	O	O	O	O	O	O	_	_	_	_	_	_
immense	O	O	O	O	O	O	_	_	_	_	_	_
—	O	O	O	O	O	O	_	_	_	_	_	_
et	O	O	O	O	O	O	_	_	_	_	_	_
non	O	O	O	O	O	O	_	_	_	_	_	_
des	O	O	O	O	O	O	_	_	EndOfLine	_	_	_
# segment_iiif_link = https://impresso-project.ch/api/proxy/iiif/IMP-1978-10-06-a-p0031/743,875,1280,939/full/0/default.jpg
certificats	O	O	O	O	O	O	_	_	_	_	_	_
de	O	O	O	O	O	O	_	_	_	_	_	_
caoacité	O	O	O	O	O	O	_	_	_	_	_	_
ou	O	O	O	O	O	O	_	_	_	_	_	_
d	O	O	O	O	O	O	_	_	NoSpaceAfter	_	_	_
'	O	O	O	O	O	O	_	_	EndOfLine|NoSpaceAfter	_	_	_
# segment_iiif_link = https://impresso-project.ch/api/proxy/iiif/IMP-1978-10-06-a-p0031/742,893,1300,956/full/0/default.jpg
auto	O	O	O	O	O	O	_	_	NoSpaceAfter	_	_	_
-	O	O	O	O	O	O	_	_	NoSpaceAfter	_	_	_
satisfaction	O	O	O	O	O	O	_	_	NoSpaceAfter	_	_	_
.	O	O	O	O	O	O	_	_	_	_	_	_
Dès	O	O	O	O	O	O	_	_	_	_	_	_
lors	O	O	O	O	O	O	_	_	NoSpaceAfter	_	_	_
,	O	O	O	O	O	O	_	_	_	_	_	_
préférons	O	O	O	O	O	O	_	_	_	_	_	_
l	O	O	O	O	O	O	_	_	NoSpaceAfter	_	_	_
'	O	O	O	O	O	O	_	_	NoSpaceAfter	_	_	_
exemple	O	O	O	O	O	O	_	_	EndOfLine	_	_	_
# segment_iiif_link = https://impresso-project.ch/api/proxy/iiif/IMP-1978-10-06-a-p0031/742,909,1349,973/full/0/default.jpg
de	O	O	O	O	O	O	_	_	_	_	_	_
la	O	O	O	O	O	O	_	_	_	_	_	_
fourmi	O	O	O	O	O	O	_	_	_	_	_	_
à	O	O	O	O	O	O	_	_	_	_	_	_
celui	O	O	O	O	O	O	_	_	_	_	_	_
de	O	O	O	O	O	O	_	_	_	_	_	_
la	O	O	O	O	O	O	_	_	_	_	_	_
cigale	O	O	O	O	O	O	_	_	_	_	_	_
et	O	O	O	O	O	O	_	_	EndOfLine	_	_	_
# segment_iiif_link = https://impresso-project.ch/api/proxy/iiif/IMP-1978-10-06-a-p0031/742,926,1295,990/full/0/default.jpg
restons	O	O	O	O	O	O	_	_	_	_	_	_
unis	O	O	O	O	O	O	_	_	_	_	_	_
en	O	O	O	O	O	O	_	_	_	_	_	_
évacuant	O	O	O	O	O	O	_	_	_	_	_	_
tout	O	O	O	O	O	O	_	_	EndOfLine	_	_	_
# segment_iiif_link = https://impresso-project.ch/api/proxy/iiif/IMP-1978-10-06-a-p0031/742,944,1346,1008/full/0/default.jpg
électoralisme	O	O	O	O	O	O	_	_	NoSpaceAfter	_	_	_
,	O	O	O	O	O	O	_	_	_	_	_	_
afin	O	O	O	O	O	O	_	_	_	_	_	_
de	O	O	O	O	O	O	_	_	_	_	_	_
remettre	O	O	O	O	O	O	_	_	NoSpaceAfter	_	_	_
,	O	O	O	O	O	O	_	_	_	_	_	_
au	O	O	O	O	O	O	_	_	_	_	_	_
terme	O	O	O	O	O	O	_	_	_	_	_	_
de	O	O	O	O	O	O	_	_	EndOfLine	_	_	_
# segment_iiif_link = https://impresso-project.ch/api/proxy/iiif/IMP-1978-10-06-a-p0031/742,961,1322,1024/full/0/default.jpg
notre	O	O	O	O	O	O	_	_	_	_	_	_
mandat	O	O	O	O	O	O	_	_	NoSpaceAfter	_	_	_
,	O	O	O	O	O	O	_	_	_	_	_	_
au	O	O	O	O	O	O	_	_	_	_	_	_
peuple	O	O	O	O	O	O	_	_	_	_	_	_
et	O	O	O	O	O	O	_	_	_	_	_	_
à	O	O	O	O	O	O	_	_	_	_	_	_
ses	O	O	O	O	O	O	_	_	EndOfLine	_	_	_
# segment_iiif_link = https://impresso-project.ch/api/proxy/iiif/IMP-1978-10-06-a-p0031/742,978,1290,1042/full/0/default.jpg
autorités	O	O	O	O	O	O	_	_	NoSpaceAfter	_	_	_
,	O	O	O	O	O	O	_	_	_	_	_	_
un	O	O	O	O	O	O	_	_	_	_	_	_
bel	O	O	O	O	O	O	_	_	_	_	_	_
ouvrage	O	O	O	O	O	O	_	_	_	_	_	_
:	O	O	O	O	O	O	_	_	_	_	_	_
une	O	O	O	O	O	O	_	_	EndOfLine	_	_	_
# segment_iiif_link = https://impresso-project.ch/api/proxy/iiif/IMP-1978-10-06-a-p0031/1082,255,1679,318/full/0/default.jpg
organisation	O	O	O	O	O	O	_	_	_	_	_	_
étatique	O	O	O	O	O	O	_	_	_	_	_	_
plus	O	O	O	O	O	O	_	_	_	_	_	_
qu	O	O	O	O	O	O	_	_	NoSpaceAfter	_	_	_
'	O	O	O	O	O	O	_	_	NoSpaceAfter	_	_	_
esquissée	O	O	O	O	O	O	_	_	_	_	_	_
et	O	O	O	O	O	O	_	_	EndOfLine	_	_	_
# segment_iiif_link = https://impresso-project.ch/api/proxy/iiif/IMP-1978-10-06-a-p0031/1081,272,1613,336/full/0/default.jpg
répondant	O	O	O	O	O	O	_	_	_	_	_	_
à	O	O	O	O	O	O	_	_	_	_	_	_
l	O	O	O	O	O	O	_	_	NoSpaceAfter	_	_	_
'	O	O	O	O	O	O	_	_	NoSpaceAfter	_	_	_
attente	O	O	O	O	O	O	_	_	_	_	_	_
de	O	O	O	O	O	O	_	_	_	_	_	_
nos	O	O	O	O	O	O	_	_	EndOfLine	_	_	_
# segment_iiif_link = https://impresso-project.ch/api/proxy/iiif/IMP-1978-10-06-a-p0031/1082,289,1390,352/full/0/default.jpg
concitoyennes	O	O	O	O	O	O	_	_	_	_	_	_
et	O	O	O	O	O	O	_	_	_	_	_	_
concitoyens	O	O	O	O	O	O	_	_	_	_	_	_
»	O	O	O	O	O	O	_	_	NoSpaceAfter	_	_	_
.	O	O	O	O	O	O	_	_	EndOfLine	EndOfSentence	_	_
# segment_iiif_link = https://impresso-project.ch/api/proxy/iiif/IMP-1978-10-06-a-p0031/1122,320,1457,384/full/0/default.jpg
TRAVAUX	O	O	O	O	O	O	_	_	_	_	_	_
LÉGISLATIFS	O	O	O	O	O	O	_	_	EndOfLine	_	_	_
# segment_iiif_link = https://impresso-project.ch/api/proxy/iiif/IMP-1978-10-06-a-p0031/1099,344,1669,408/full/0/default.jpg
«	O	O	O	O	O	O	_	_	_	_	_	_
Les	O	O	O	O	O	O	_	_	_	_	_	_
lampions	O	O	O	O	O	O	_	_	_	_	_	_
se	O	O	O	O	O	O	_	_	_	_	_	_
sont	O	O	O	O	O	O	_	_	_	_	_	_
éteints	O	O	O	O	O	O	_	_	NoSpaceAfter	_	_	_
,	O	O	O	O	O	O	_	_	_	_	_	_
la	O	O	O	O	O	O	_	_	EndOfLine	_	_	_
# segment_iiif_link = https://impresso-project.ch/api/proxy/iiif/IMP-1978-10-06-a-p0031/1081,362,1699,425/full/0/default.jpg
fête	O	O	O	O	O	O	_	_	_	_	_	_
est	O	O	O	O	O	O	_	_	_	_	_	_
finie	O	O	O	O	O	O	_	_	NoSpaceAfter	_	_	_
.	O	O	O	O	O	O	_	_	_	_	_	_
Le	O	O	O	O	O	O	_	_	_	_	_	_
travail	O	O	O	O	O	O	_	_	_	_	_	_
recommence	O	O	O	O	O	O	_	_	NoSpaceAfter	_	_	_
,	O	O	O	O	O	O	_	_	EndOfLine	_	_	_
# segment_iiif_link = https://impresso-project.ch/api/proxy/iiif/IMP-1978-10-06-a-p0031/1081,378,1699,442/full/0/default.jpg
si	O	O	O	O	O	O	_	_	_	_	_	_
tant	O	O	O	O	O	O	_	_	_	_	_	_
est	O	O	O	O	O	O	_	_	_	_	_	_
qu	O	O	O	O	O	O	_	_	NoSpaceAfter	_	_	_
'	O	O	O	O	O	O	_	_	NoSpaceAfter	_	_	_
il	O	O	O	O	O	O	_	_	_	_	_	_
ait	O	O	O	O	O	O	_	_	_	_	_	_
été	O	O	O	O	O	O	_	_	_	_	_	_
interrompu	O	O	O	O	O	O	_	_	_	_	_	_
»	O	O	O	O	O	O	_	_	NoSpaceAfter	_	_	_
,	O	O	O	O	O	O	_	_	EndOfLine	_	_	_
# segment_iiif_link = https://impresso-project.ch/api/proxy/iiif/IMP-1978-10-06-a-p0031/1081,396,1700,459/full/0/default.jpg
a	O	O	O	O	O	O	_	_	_	_	_	_
déclaré	O	O	O	O	O	O	_	_	_	_	_	_
le	O	O	O	O	O	O	_	_	_	_	_	_
président	O	O	O	O	O	O	_	_	_	_	_	_
François	O	O	O	O	O	O	_	_	_	_	_	_
Lâchât	O	O	O	O	O	O	_	_	NoSpaceAfter	_	_	_
,	O	O	O	O	O	O	_	_	EndOfLine	_	_	_
# segment_iiif_link = https://impresso-project.ch/api/proxy/iiif/IMP-1978-10-06-a-p0031/1081,413,1611,477/full/0/default.jpg
à	O	O	O	O	O	O	_	_	_	_	_	_
l	O	O	O	O	O	O	_	_	NoSpaceAfter	_	_	_
'	O	O	O	O	O	O	_	_	NoSpaceAfter	_	_	_
ouverture	O	O	O	O	O	O	_	_	_	_	_	_
de	O	O	O	O	O	O	_	_	_	_	_	_
la	O	O	O	O	O	O	_	_	_	_	_	_
session	O	O	O	O	O	O	_	_	_	_	_	_
proprement	O	O	O	O	O	O	_	_	EndOfLine	_	_	_
# segment_iiif_link = https://impresso-project.ch/api/proxy/iiif/IMP-1978-10-06-a-p0031/1081,430,1667,494/full/0/default.jpg
dite	O	O	O	O	O	O	_	_	NoSpaceAfter	_	_	_
.	O	O	O	O	O	O	_	_	_	EndOfSentence	_	_
Les	O	O	O	O	O	O	_	_	_	_	_	_
députés	O	O	O	O	O	O	_	_	_	_	_	_
ont	O	O	O	O	O	O	_	_	_	_	_	_
poursuivi	O	O	O	O	O	O	_	_	_	_	_	_
la	O	O	O	O	O	O	_	_	_	_	_	_
mise	O	O	O	O	O	O	_	_	EndOfLine	_	_	_
# segment_iiif_link = https://impresso-project.ch/api/proxy/iiif/IMP-1978-10-06-a-p0031/1081,447,1699,511/full/0/default.jpg
sur	O	O	O	O	O	O	_	_	_	_	_	_
pied	O	O	O	O	O	O	_	_	_	_	_	_
de	O	O	O	O	O	O	_	_	_	_	_	_
la	O	O	O	O	O	O	_	_	_	_	_	_
législation	O	O	O	O	O	O	_	_	_	_	_	_
jurassienne	O	O	O	O	O	O	_	_	NoSpaceAfter	_	_	_
,	O	O	O	O	O	O	_	_	EndOfLine	_	_	_
# segment_iiif_link = https://impresso-project.ch/api/proxy/iiif/IMP-1978-10-06-a-p0031/1081,464,1669,528/full/0/default.jpg
en	O	O	O	O	O	O	_	_	_	_	_	_
réglant	O	O	O	O	O	O	_	_	_	_	_	_
notamment	O	O	O	O	O	O	_	_	_	_	_	_
le	O	O	O	O	O	O	_	_	_	_	_	_
droit	O	O	O	O	O	O	_	_	_	_	_	_
de	O	O	O	O	O	O	_	_	_	_	_	_
vote	O	O	O	O	O	O	_	_	EndOfLine	_	_	_
# segment_iiif_link = https://impresso-project.ch/api/proxy/iiif/IMP-1978-10-06-a-p0031/1081,482,1678,545/full/0/default.jpg
des	O	O	O	O	O	O	_	_	_	_	_	_
Jurassiens	O	O	O	O	O	O	_	_	_	_	_	_
de	O	O	O	O	O	O	_	_	_	_	_	_
l	O	O	O	O	O	O	_	_	NoSpaceAfter	_	_	_
'	O	O	O	O	O	O	_	_	NoSpaceAfter	_	_	_
extérieur	O	O	O	O	O	O	_	_	_	_	_	_
et	O	O	O	O	O	O	_	_	_	_	_	_
des	O	O	O	O	O	O	_	_	EndOfLine	_	_	_
# segment_iiif_link = https://impresso-project.ch/api/proxy/iiif/IMP-1978-10-06-a-p0031/1081,498,1229,562/full/0/default.jpg
étrangers	O	O	O	O	O	O	_	_	NoSpaceAfter	_	_	_
.	O	O	O	O	O	O	_	_	EndOfLine	EndOfSentence	_	_
# segment_iiif_link = https://impresso-project.ch/api/proxy/iiif/IMP-1978-10-06-a-p0031/1097,515,1629,579/full/0/default.jpg
Auparavant	O	O	O	O	O	O	_	_	NoSpaceAfter	_	_	_
,	O	O	O	O	O	O	_	_	_	_	_	_
l	O	O	O	O	O	O	_	_	NoSpaceAfter	_	_	_
'	O	O	O	O	O	O	_	_	NoSpaceAfter	_	_	_
assemblée	O	O	O	O	O	O	_	_	_	_	_	_
a	O	O	O	O	O	O	_	_	_	_	_	_
accepté	O	O	O	O	O	O	_	_	EndOfLine	_	_	_
# segment_iiif_link = https://impresso-project.ch/api/proxy/iiif/IMP-1978-10-06-a-p0031/1081,533,1682,597/full/0/default.jpg
un	O	O	O	O	O	O	_	_	_	_	_	_
décret	O	O	O	O	O	O	_	_	_	_	_	_
relatif	O	O	O	O	O	O	_	_	_	_	_	_
aux	O	O	O	O	O	O	_	_	_	_	_	_
modalités	O	O	O	O	O	O	_	_	_	_	_	_
du	O	O	O	O	O	O	_	_	EndOfLine	_	_	_
# segment_iiif_link = https://impresso-project.ch/api/proxy/iiif/IMP-1978-10-06-a-p0031/1080,550,1645,614/full/0/default.jpg
scrutin	O	O	O	O	O	O	_	_	_	_	_	_
du	O	O	O	O	O	O	_	_	_	_	_	_
5	O	O	O	O	O	O	_	_	_	_	_	_
novembre	O	O	O	O	O	O	_	_	_	_	_	_
1978	O	O	O	O	O	O	_	_	_	_	_	_
portant	O	O	O	O	O	O	_	_	EndOfLine	_	_	_
# segment_iiif_link = https://impresso-project.ch/api/proxy/iiif/IMP-1978-10-06-a-p0031/1081,567,1679,630/full/0/default.jpg
sur	O	O	O	O	O	O	_	_	_	_	_	_
une	O	O	O	O	O	O	_	_	_	_	_	_
partie	O	O	O	O	O	O	_	_	_	_	_	_
de	O	O	O	O	O	O	_	_	_	_	_	_
l	O	O	O	O	O	O	_	_	NoSpaceAfter	_	_	_
'	O	O	O	O	O	O	_	_	NoSpaceAfter	_	_	_
acte	O	O	O	O	O	O	_	_	_	_	_	_
législatif	O	O	O	O	O	O	_	_	NoSpaceAfter	_	_	_
.	O	O	O	O	O	O	_	_	_	EndOfSentence	_	_
On	O	O	O	O	O	O	_	_	EndOfLine	_	_	_
# segment_iiif_link = https://impresso-project.ch/api/proxy/iiif/IMP-1978-10-06-a-p0031/1081,584,1623,648/full/0/default.jpg
sait	O	O	O	O	O	O	_	_	_	_	_	_
que	O	O	O	O	O	O	_	_	_	_	_	_
le	O	O	O	O	O	O	_	_	_	_	_	_
Parlement	O	O	O	O	O	O	_	_	_	_	_	_
et	O	O	O	O	O	O	_	_	_	_	_	_
le	O	O	O	O	O	O	_	_	EndOfLine	_	_	_
# segment_iiif_link = https://impresso-project.ch/api/proxy/iiif/IMP-1978-10-06-a-p0031/1081,601,1690,665/full/0/default.jpg
gouvernement	O	O	O	O	O	O	_	_	_	_	_	_
jurassiens	O	O	O	O	O	O	_	_	_	_	_	_
devront	O	O	O	O	O	O	_	_	_	_	_	_
être	O	O	O	O	O	O	_	_	_	_	_	_
élus	O	O	O	O	O	O	_	_	_	_	_	_
le	O	O	O	O	O	O	_	_	EndOfLine	_	_	_
# segment_iiif_link = https://impresso-project.ch/api/proxy/iiif/IMP-1978-10-06-a-p0031/1082,618,1665,682/full/0/default.jpg
19	O	O	O	O	O	O	_	_	_	_	_	_
novembre	O	O	O	O	O	O	_	_	_	_	_	_
prochain	O	O	O	O	O	O	_	_	NoSpaceAfter	_	_	_
.	O	O	O	O	O	O	_	_	_	EndOfSentence	_	_
Il	O	O	O	O	O	O	_	_	_	_	_	_
importe	O	O	O	O	O	O	_	_	_	_	_	_
donc	O	O	O	O	O	O	_	_	EndOfLine	_	_	_
# segment_iiif_link = https://impresso-project.ch/api/proxy/iiif/IMP-1978-10-06-a-p0031/1081,635,1699,698/full/0/default.jpg
de	O	O	O	O	O	O	_	_	_	_	_	_
fixer	O	O	O	O	O	O	_	_	_	_	_	_
les	O	O	O	O	O	O	_	_	_	_	_	_
modalités	O	O	O	O	O	O	_	_	_	_	_	_
de	O	O	O	O	O	O	_	_	_	_	_	_
ces	O	O	O	O	O	O	_	_	_	_	_	_
élections	O	O	O	O	O	O	_	_	NoSpaceAfter	_	_	_
,	O	O	O	O	O	O	_	_	EndOfLine	_	_	_
# segment_iiif_link = https://impresso-project.ch/api/proxy/iiif/IMP-1978-10-06-a-p0031/1081,652,1664,716/full/0/default.jpg
notamment	O	O	O	O	O	O	_	_	_	_	_	_
en	O	O	O	O	O	O	_	_	_	_	_	_
ce	O	O	O	O	O	O	_	_	_	_	_	_
qui	O	O	O	O	O	O	_	_	_	_	_	_
concerne	O	O	O	O	O	O	_	_	_	_	_	_
le	O	O	O	O	O	O	_	_	_	_	_	_
droit	O	O	O	O	O	O	_	_	EndOfLine	_	_	_
# segment_iiif_link = https://impresso-project.ch/api/proxy/iiif/IMP-1978-10-06-a-p0031/1081,669,1682,733/full/0/default.jpg
de	O	O	O	O	O	O	_	_	_	_	_	_
vote	O	O	O	O	O	O	_	_	_	_	_	_
pour	O	O	O	O	O	O	_	_	_	_	_	_
les	O	O	O	O	O	O	_	_	_	_	_	_
citoyens	O	O	O	O	O	O	_	_	_	_	_	_
et	O	O	O	O	O	O	_	_	_	_	_	_
les	O	O	O	O	O	O	_	_	EndOfLine	_	_	_
# segment_iiif_link = https://impresso-project.ch/api/proxy/iiif/IMP-1978-10-06-a-p0031/1081,686,1678,750/full/0/default.jpg
citoyennes	O	O	O	O	O	O	_	_	_	_	_	_
âgés	O	O	O	O	O	O	_	_	_	_	_	_
de	O	O	O	O	O	O	_	_	_	_	_	_
18	O	O	O	O	O	O	_	_	_	_	_	_
ans	O	O	O	O	O	O	_	_	_	_	_	_
révolus	O	O	O	O	O	O	_	_	NoSpaceAfter	_	_	_
.	O	O	O	O	O	O	_	_	_	EndOfSentence	_	_
Un	O	O	O	O	O	O	_	_	EndOfLine	_	_	_
# segment_iiif_link = https://impresso-project.ch/api/proxy/iiif/IMP-1978-10-06-a-p0031/1081,703,1684,767/full/0/default.jpg
arrêté	O	O	O	O	O	O	_	_	_	_	_	_
concernant	O	O	O	O	O	O	_	_	_	_	_	_
les	O	O	O	O	O	O	_	_	_	_	_	_
adjudications	O	O	O	O	O	O	_	_	_	_	_	_
de	O	O	O	O	O	O	_	_	EndOfLine	_	_	_
# segment_iiif_link = https://impresso-project.ch/api/proxy/iiif/IMP-1978-10-06-a-p0031/1081,720,1693,784/full/0/default.jpg
travaux	O	O	O	O	O	O	_	_	_	_	_	_
ou	O	O	O	O	O	O	_	_	_	_	_	_
de	O	O	O	O	O	O	_	_	_	_	_	_
fournitures	O	O	O	O	O	O	_	_	_	_	_	_
de	O	O	O	O	O	O	_	_	_	_	_	_
l	O	O	O	O	O	O	_	_	NoSpaceAfter	_	_	_
'	O	O	O	O	O	O	_	_	NoSpaceAfter	_	_	_
Etat	O	O	O	O	O	O	_	_	_	_	_	_
a	O	O	O	O	O	O	_	_	EndOfLine	_	_	_
# segment_iiif_link = https://impresso-project.ch/api/proxy/iiif/IMP-1978-10-06-a-p0031/1081,737,1687,801/full/0/default.jpg
en	O	O	O	O	O	O	_	_	_	_	_	_
outre	O	O	O	O	O	O	_	_	_	_	_	_
été	O	O	O	O	O	O	_	_	_	_	_	_
adopté	O	O	O	O	O	O	_	_	_	_	_	_
pour	O	O	O	O	O	O	_	_	_	_	_	_
permettre	O	O	O	O	O	O	_	_	_	_	_	_
la	O	O	O	O	O	O	_	_	EndOfLine	_	_	_
# segment_iiif_link = https://impresso-project.ch/api/proxy/iiif/IMP-1978-10-06-a-p0031/1081,754,1677,818/full/0/default.jpg
mise	O	O	O	O	O	O	_	_	_	_	_	_
sur	O	O	O	O	O	O	_	_	_	_	_	_
pied	O	O	O	O	O	O	_	_	_	_	_	_
de	O	O	O	O	O	O	_	_	_	_	_	_
l	O	O	O	O	O	O	_	_	NoSpaceAfter	_	_	_
'	O	O	O	O	O	O	_	_	NoSpaceAfter	_	_	_
Administration	O	O	O	O	O	O	_	_	EndOfLine	_	_	_
# segment_iiif_link = https://impresso-project.ch/api/proxy/iiif/IMP-1978-10-06-a-p0031/1081,771,1228,835/full/0/default.jpg
jurassienne	O	O	O	O	O	O	_	_	NoSpaceAfter	_	_	_
.	O	O	O	O	O	O	_	_	EndOfLine	EndOfSentence	_	_
# segment_iiif_link = https://impresso-project.ch/api/proxy/iiif/IMP-1978-10-06-a-p0031/1097,788,1629,852/full/0/default.jpg
La	O	O	O	O	O	O	_	_	_	_	_	_
Constitution	O	O	O	O	O	O	_	_	_	_	_	_
jurassienne	O	O	O	O	O	O	_	_	_	_	_	_
prévoit	O	O	O	O	O	O	_	_	EndOfLine	_	_	_
# segment_iiif_link = https://impresso-project.ch/api/proxy/iiif/IMP-1978-10-06-a-p0031/1081,805,1665,869/full/0/default.jpg
que	O	O	O	O	O	O	_	_	_	_	_	_
la	O	O	O	O	O	O	_	_	_	_	_	_
loi	O	O	O	O	O	O	_	_	_	_	_	_
règle	O	O	O	O	O	O	_	_	_	_	_	_
l	O	O	O	O	O	O	_	_	NoSpaceAfter	_	_	_
'	O	O	O	O	O	O	_	_	NoSpaceAfter	_	_	_
octroi	O	O	O	O	O	O	_	_	_	_	_	_
de	O	O	O	O	O	O	_	_	_	_	_	_
droits	O	O	O	O	O	O	_	_	EndOfLine	_	_	_
# segment_iiif_link = https://impresso-project.ch/api/proxy/iiif/IMP-1978-10-06-a-p0031/1081,822,1697,886/full/0/default.jpg
politiques	O	O	O	O	O	O	_	_	_	_	_	_
aux	O	O	O	O	O	O	_	_	_	_	_	_
Jurassiens	O	O	O	O	O	O	_	_	_	_	_	_
de	O	O	O	O	O	O	_	_	_	_	_	_
l	O	O	O	O	O	O	_	_	NoSpaceAfter	_	_	_
'	O	O	O	O	O	O	_	_	NoSpaceAfter	_	_	_
extérieur	O	O	O	O	O	O	_	_	NoSpaceAfter	_	_	_
.	O	O	O	O	O	O	_	_	EndOfLine	EndOfSentence	_	_
# segment_iiif_link = https://impresso-project.ch/api/proxy/iiif/IMP-1978-10-06-a-p0031/1081,840,1676,903/full/0/default.jpg
Les	O	O	O	O	O	O	_	_	_	_	_	_
experts	O	O	O	O	O	O	_	_	_	_	_	_
sont	O	O	O	O	O	O	_	_	_	_	_	_
d	O	O	O	O	O	O	_	_	NoSpaceAfter	_	_	_
'	O	O	O	O	O	O	_	_	NoSpaceAfter	_	_	_
avis	O	O	O	O	O	O	_	_	_	_	_	_
différents	O	O	O	O	O	O	_	_	_	_	_	_
sur	O	O	O	O	O	O	_	_	EndOfLine	_	_	_
# segment_iiif_link = https://impresso-project.ch/api/proxy/iiif/IMP-1978-10-06-a-p0031/1080,857,1655,920/full/0/default.jpg
les	O	O	O	O	O	O	_	_	_	_	_	_
possibilités	O	O	O	O	O	O	_	_	_	_	_	_
en	O	O	O	O	O	O	_	_	_	_	_	_
la	O	O	O	O	O	O	_	_	_	_	_	_
matière	O	O	O	O	O	O	_	_	NoSpaceAfter	_	_	_
.	O	O	O	O	O	O	_	_	_	EndOfSentence	_	_
Après	O	O	O	O	O	O	_	_	EndOfLine	_	_	_
# segment_iiif_link = https://impresso-project.ch/api/proxy/iiif/IMP-1978-10-06-a-p0031/1080,874,1643,937/full/0/default.jpg
une	O	O	O	O	O	O	_	_	_	_	_	_
longue	O	O	O	O	O	O	_	_	_	_	_	_
discussion	O	O	O	O	O	O	_	_	_	_	_	_
et	O	O	O	O	O	O	_	_	_	_	_	_
une	O	O	O	O	O	O	_	_	EndOfLine	_	_	_
# segment_iiif_link = https://impresso-project.ch/api/proxy/iiif/IMP-1978-10-06-a-p0031/1080,891,1643,954/full/0/default.jpg
suspension	O	O	O	O	O	O	_	_	_	_	_	_
de	O	O	O	O	O	O	_	_	_	_	_	_
séance	O	O	O	O	O	O	_	_	NoSpaceAfter	_	_	_
,	O	O	O	O	O	O	_	_	_	_	_	_
l	O	O	O	O	O	O	_	_	NoSpaceAfter	_	_	_
'	O	O	O	O	O	O	_	_	NoSpaceAfter	_	_	_
assemblée	O	O	O	O	O	O	_	_	_	_	_	_
a	O	O	O	O	O	O	_	_	_	_	_	_
accepté	O	O	O	O	O	O	_	_	EndOfLine	_	_	_
# segment_iiif_link = https://impresso-project.ch/api/proxy/iiif/IMP-1978-10-06-a-p0031/1080,908,1533,972/full/0/default.jpg
une	O	O	O	O	O	O	_	_	_	_	_	_
proposition	O	O	O	O	O	O	_	_	_	_	_	_
démocrate	O	O	O	O	O	O	_	_	NoSpaceAfter	_	_	_
-	O	O	O	O	O	O	_	_	NoSpaceAfter	_	_	_
chrétienne	O	O	O	O	O	O	_	_	EndOfLine	_	_	_
# segment_iiif_link = https://impresso-project.ch/api/proxy/iiif/IMP-1978-10-06-a-p0031/1080,925,1664,988/full/0/default.jpg
visant	O	O	O	O	O	O	_	_	_	_	_	_
à	O	O	O	O	O	O	_	_	_	_	_	_
limiter	O	O	O	O	O	O	_	_	_	_	_	_
ces	O	O	O	O	O	O	_	_	_	_	_	_
droits	O	O	O	O	O	O	_	_	_	_	_	_
aux	O	O	O	O	O	O	_	_	_	_	_	_
seuls	O	O	O	O	O	O	_	_	EndOfLine	_	_	_
# segment_iiif_link = https://impresso-project.ch/api/proxy/iiif/IMP-1978-10-06-a-p0031/1080,942,1655,1006/full/0/default.jpg
Jurassiens	O	O	O	O	O	O	_	_	_	_	_	_
âgés	O	O	O	O	O	O	_	_	_	_	_	_
de	O	O	O	O	O	O	_	_	_	_	_	_
18	O	O	O	O	O	O	_	_	_	_	_	_
à	O	O	O	O	O	O	_	_	_	_	_	_
20	O	O	O	O	O	O	_	_	_	_	_	_
ans	O	O	O	O	O	O	_	_	_	_	_	_
et	O	O	O	O	O	O	_	_	EndOfLine	_	_	_
# segment_iiif_link = https://impresso-project.ch/api/proxy/iiif/IMP-1978-10-06-a-p0031/1080,959,1676,1023/full/0/default.jpg
domiciliés	O	O	O	O	O	O	_	_	_	_	_	_
dans	O	O	O	O	O	O	_	_	_	_	_	_
un	O	O	O	O	O	O	_	_	_	_	_	_
autre	O	O	O	O	O	O	_	_	_	_	_	_
canton	O	O	O	O	O	O	_	_	NoSpaceAfter	_	_	_
,	O	O	O	O	O	O	_	_	_	_	_	_
pour	O	O	O	O	O	O	_	_	EndOfLine	_	_	_
# segment_iiif_link = https://impresso-project.ch/api/proxy/iiif/IMP-1978-10-06-a-p0031/1080,976,1684,1040/full/0/default.jpg
autant	O	O	O	O	O	O	_	_	_	_	_	_
qu	O	O	O	O	O	O	_	_	NoSpaceAfter	_	_	_
'	O	O	O	O	O	O	_	_	NoSpaceAfter	_	_	_
ils	O	O	O	O	O	O	_	_	_	_	_	_
ne	O	O	O	O	O	O	_	_	_	_	_	_
disposent	O	O	O	O	O	O	_	_	_	_	_	_
pas	O	O	O	O	O	O	_	_	_	_	_	_
encore	O	O	O	O	O	O	_	_	_	_	_	_
de	O	O	O	O	O	O	_	_	EndOfLine	_	_	_
# segment_iiif_link = https://impresso-project.ch/api/proxy/iiif/IMP-1978-10-06-a-p0031/1419,256,2004,319/full/0/default.jpg
droit	O	O	O	O	O	O	_	_	_	_	_	_
de	O	O	O	O	O	O	_	_	_	_	_	_
vote	O	O	O	O	O	O	_	_	_	_	_	_
et	O	O	O	O	O	O	_	_	_	_	_	_
qu	O	O	O	O	O	O	_	_	NoSpaceAfter	_	_	_
'	O	O	O	O	O	O	_	_	NoSpaceAfter	_	_	_
ils	O	O	O	O	O	O	_	_	_	_	_	_
s	O	O	O	O	O	O	_	_	NoSpaceAfter	_	_	_
'	O	O	O	O	O	O	_	_	NoSpaceAfter	_	_	_
inscrivent	O	O	O	O	O	O	_	_	_	_	_	_
dans	O	O	O	O	O	O	_	_	EndOfLine	_	_	_
# segment_iiif_link = https://impresso-project.ch/api/proxy/iiif/IMP-1978-10-06-a-p0031/1419,272,2003,336/full/0/default.jpg
le	O	O	O	O	O	O	_	_	_	_	_	_
registre	O	O	O	O	O	O	_	_	_	_	_	_
des	O	O	O	O	O	O	_	_	_	_	_	_
électeurs	O	O	O	O	O	O	_	_	_	_	_	_
de	O	O	O	O	O	O	_	_	_	_	_	_
leur	O	O	O	O	O	O	_	_	EndOfLine	_	_	_
# segment_iiif_link = https://impresso-project.ch/api/proxy/iiif/IMP-1978-10-06-a-p0031/1419,290,1993,353/full/0/default.jpg
commune	O	O	O	O	O	O	_	_	_	_	_	_
d	O	O	O	O	O	O	_	_	NoSpaceAfter	_	_	_
'	O	O	O	O	O	O	_	_	NoSpaceAfter	_	_	_
origine	O	O	O	O	O	O	_	_	NoSpaceAfter	_	_	_
.	O	O	O	O	O	O	_	_	_	EndOfSentence	_	_
Une	O	O	O	O	O	O	_	_	_	_	_	_
proposition	O	O	O	O	O	O	_	_	_	_	_	_
visant	O	O	O	O	O	O	_	_	EndOfLine	_	_	_
# segment_iiif_link = https://impresso-project.ch/api/proxy/iiif/IMP-1978-10-06-a-p0031/1420,307,1977,371/full/0/default.jpg
à	O	O	O	O	O	O	_	_	_	_	_	_
les	O	O	O	O	O	O	_	_	_	_	_	_
étendre	O	O	O	O	O	O	_	_	_	_	_	_
également	O	O	O	O	O	O	_	_	_	_	_	_
aux	O	O	O	O	O	O	_	_	_	_	_	_
citoyens	O	O	O	O	O	O	_	_	EndOfLine	_	_	_
# segment_iiif_link = https://impresso-project.ch/api/proxy/iiif/IMP-1978-10-06-a-p0031/1420,324,1967,388/full/0/default.jpg
ayant	O	O	O	O	O	O	_	_	_	_	_	_
quitté	O	O	O	O	O	O	_	_	_	_	_	_
le	O	O	O	O	O	O	_	_	_	_	_	_
Jura	O	O	O	O	O	O	_	_	_	_	_	_
et	O	O	O	O	O	O	_	_	_	_	_	_
ne	O	O	O	O	O	O	_	_	_	_	_	_
disposant	O	O	O	O	O	O	_	_	EndOfLine	_	_	_
# segment_iiif_link = https://impresso-project.ch/api/proxy/iiif/IMP-1978-10-06-a-p0031/1419,341,2000,405/full/0/default.jpg
pas	O	O	O	O	O	O	_	_	_	_	_	_
encore	O	O	O	O	O	O	_	_	_	_	_	_
de	O	O	O	O	O	O	_	_	_	_	_	_
droit	O	O	O	O	O	O	_	_	_	_	_	_
dans	O	O	O	O	O	O	_	_	_	_	_	_
un	O	O	O	O	O	O	_	_	_	_	_	_
autre	O	O	O	O	O	O	_	_	EndOfLine	_	_	_
# segment_iiif_link = https://impresso-project.ch/api/proxy/iiif/IMP-1978-10-06-a-p0031/1420,358,1804,422/full/0/default.jpg
canton	O	O	O	O	O	O	_	_	_	_	_	_
a	O	O	O	O	O	O	_	_	_	_	_	_
été	O	O	O	O	O	O	_	_	_	_	_	_
abandonnée	O	O	O	O	O	O	_	_	NoSpaceAfter	_	_	_
.	O	O	O	O	O	O	_	_	EndOfLine	EndOfSentence	_	_
# segment_iiif_link = https://impresso-project.ch/api/proxy/iiif/IMP-1978-10-06-a-p0031/1481,389,1785,453/full/0/default.jpg
PLUSIEURS	O	O	O	O	O	O	_	_	_	_	_	_
DÉLAIS	O	O	O	O	O	O	_	_	EndOfLine	_	_	_
# segment_iiif_link = https://impresso-project.ch/api/proxy/iiif/IMP-1978-10-06-a-p0031/1436,414,2022,477/full/0/default.jpg
L	O	O	O	O	O	O	_	_	NoSpaceAfter	_	_	_
'	O	O	O	O	O	O	_	_	NoSpaceAfter	_	_	_
Assemblée	O	O	O	O	O	O	_	_	_	_	_	_
constituante	O	O	O	O	O	O	_	_	_	_	_	_
a	O	O	O	O	O	O	_	_	_	_	_	_
examiné	O	O	O	O	O	O	_	_	NoSpaceAfter	_	_	_
,	O	O	O	O	O	O	_	_	EndOfLine	_	_	_
# segment_iiif_link = https://impresso-project.ch/api/proxy/iiif/IMP-1978-10-06-a-p0031/1419,430,1993,494/full/0/default.jpg
l	O	O	O	O	O	O	_	_	NoSpaceAfter	_	_	_
'	O	O	O	O	O	O	_	_	NoSpaceAfter	_	_	_
après	O	O	O	O	O	O	_	_	NoSpaceAfter	_	_	_
-	O	O	O	O	O	O	_	_	NoSpaceAfter	_	_	_
midi	O	O	O	O	O	O	_	_	NoSpaceAfter	_	_	_
,	O	O	O	O	O	O	_	_	_	_	_	_
l	O	O	O	O	O	O	_	_	NoSpaceAfter	_	_	_
'	O	O	O	O	O	O	_	_	NoSpaceAfter	_	_	_
octroi	O	O	O	O	O	O	_	_	_	_	_	_
de	O	O	O	O	O	O	_	_	_	_	_	_
droits	O	O	O	O	O	O	_	_	EndOfLine	_	_	_
# segment_iiif_link = https://impresso-project.ch/api/proxy/iiif/IMP-1978-10-06-a-p0031/1419,447,1986,511/full/0/default.jpg
politiques	O	O	O	O	O	O	_	_	_	_	_	_
aux	O	O	O	O	O	O	_	_	_	_	_	_
étrangers	O	O	O	O	O	O	_	_	NoSpaceAfter	_	_	_
.	O	O	O	O	O	O	_	_	_	EndOfSentence	_	_
Le	O	O	O	O	O	O	_	_	_	_	_	_
parti	O	O	O	O	O	O	_	_	_	_	_	_
radical	O	O	O	O	O	O	_	_	EndOfLine	_	_	_
# segment_iiif_link = https://impresso-project.ch/api/proxy/iiif/IMP-1978-10-06-a-p0031/1419,465,2002,529/full/0/default.jpg
aurait	O	O	O	O	O	O	_	_	_	_	_	_
voulu	O	O	O	O	O	O	_	_	_	_	_	_
que	O	O	O	O	O	O	_	_	_	_	_	_
le	O	O	O	O	O	O	_	_	_	_	_	_
principe	O	O	O	O	O	O	_	_	_	_	_	_
soit	O	O	O	O	O	O	_	_	EndOfLine	_	_	_
# segment_iiif_link = https://impresso-project.ch/api/proxy/iiif/IMP-1978-10-06-a-p0031/1420,482,1968,545/full/0/default.jpg
indiqué	O	O	O	O	O	O	_	_	_	_	_	_
dans	O	O	O	O	O	O	_	_	_	_	_	_
la	O	O	O	O	O	O	_	_	_	_	_	_
loi	O	O	O	O	O	O	_	_	NoSpaceAfter	_	_	_
,	O	O	O	O	O	O	_	_	_	_	_	_
mais	O	O	O	O	O	O	_	_	_	_	_	_
que	O	O	O	O	O	O	_	_	_	_	_	_
les	O	O	O	O	O	O	_	_	_	_	_	_
modalités	O	O	O	O	O	O	_	_	EndOfLine	_	_	_
# segment_iiif_link = https://impresso-project.ch/api/proxy/iiif/IMP-1978-10-06-a-p0031/1418,499,2036,563/full/0/default.jpg
soient	O	O	O	O	O	O	_	_	_	_	_	_
réglées	O	O	O	O	O	O	_	_	_	_	_	_
dans	O	O	O	O	O	O	_	_	_	_	_	_
un	O	O	O	O	O	O	_	_	_	_	_	_
texte	O	O	O	O	O	O	_	_	_	_	_	_
spécial	O	O	O	O	O	O	_	_	NoSpaceAfter	_	_	_
.	O	O	O	O	O	O	_	_	EndOfLine	EndOfSentence	_	_
# segment_iiif_link = https://impresso-project.ch/api/proxy/iiif/IMP-1978-10-06-a-p0031/1419,516,2024,579/full/0/default.jpg
Sa	O	O	O	O	O	O	_	_	_	_	_	_
proposition	O	O	O	O	O	O	_	_	_	_	_	_
a	O	O	O	O	O	O	_	_	_	_	_	_
été	O	O	O	O	O	O	_	_	_	_	_	_
rejetée	O	O	O	O	O	O	_	_	_	_	_	_
par	O	O	O	O	O	O	_	_	_	_	_	_
27	O	O	O	O	O	O	_	_	EndOfLine	_	_	_
# segment_iiif_link = https://impresso-project.ch/api/proxy/iiif/IMP-1978-10-06-a-p0031/1419,533,2014,597/full/0/default.jpg
voix	O	O	O	O	O	O	_	_	_	_	_	_
contre	O	O	O	O	O	O	_	_	_	_	_	_
14	O	O	O	O	O	O	_	_	NoSpaceAfter	_	_	_
.	O	O	O	O	O	O	_	_	_	EndOfSentence	_	_
L	O	O	O	O	O	O	_	_	NoSpaceAfter	_	_	_
'	O	O	O	O	O	O	_	_	NoSpaceAfter	_	_	_
assemblée	O	O	O	O	O	O	_	_	_	_	_	_
n	O	O	O	O	O	O	_	_	NoSpaceAfter	_	_	_
'	O	O	O	O	O	O	_	_	NoSpaceAfter	_	_	_
a	O	O	O	O	O	O	_	_	_	_	_	_
pas	O	O	O	O	O	O	_	_	EndOfLine	_	_	_
# segment_iiif_link = https://impresso-project.ch/api/proxy/iiif/IMP-1978-10-06-a-p0031/1419,550,1981,614/full/0/default.jpg
voulu	O	O	O	O	O	O	_	_	NoSpaceAfter	_	_	_
'	O	O	O	O	O	O	_	_	_	_	_	_
octroyer	O	O	O	O	O	O	_	_	_	_	_	_
ces	O	O	O	O	O	O	_	_	_	_	_	_
droits	O	O	O	O	O	O	_	_	_	_	_	_
en	O	O	O	O	O	O	_	_	_	_	_	_
matière	O	O	O	O	O	O	_	_	EndOfLine	_	_	_
# segment_iiif_link = https://impresso-project.ch/api/proxy/iiif/IMP-1978-10-06-a-p0031/1419,567,2003,631/full/0/default.jpg
constitutionnelle	O	O	O	O	O	O	_	_	_	_	_	_
et	O	O	O	O	O	O	_	_	_	_	_	_
a	O	O	O	O	O	O	_	_	_	_	_	_
imposé	O	O	O	O	O	O	_	_	_	_	_	_
un	O	O	O	O	O	O	_	_	_	_	_	_
délai	O	O	O	O	O	O	_	_	EndOfLine	_	_	_
# segment_iiif_link = https://impresso-project.ch/api/proxy/iiif/IMP-1978-10-06-a-p0031/1419,584,2027,648/full/0/default.jpg
de	O	O	O	O	O	O	_	_	_	_	_	_
dix	O	O	O	O	O	O	_	_	_	_	_	_
ans	O	O	O	O	O	O	_	_	NoSpaceAfter	_	_	_
,	O	O	O	O	O	O	_	_	_	_	_	_
comme	O	O	O	O	O	O	_	_	_	_	_	_
le	O	O	O	O	O	O	_	_	_	_	_	_
souhaitait	O	O	O	O	O	O	_	_	_	_	_	_
le	O	O	O	O	O	O	_	_	EndOfLine	_	_	_
# segment_iiif_link = https://impresso-project.ch/api/proxy/iiif/IMP-1978-10-06-a-p0031/1419,600,1953,664/full/0/default.jpg
parti	O	O	O	O	O	O	_	_	_	_	_	_
radical	O	O	O	O	O	O	_	_	_	_	_	_
et	O	O	O	O	O	O	_	_	_	_	_	_
le	O	O	O	O	O	O	_	_	_	_	_	_
parti	O	O	O	O	O	O	_	_	EndOfLine	_	_	_
# segment_iiif_link = https://impresso-project.ch/api/proxy/iiif/IMP-1978-10-06-a-p0031/1419,618,2027,681/full/0/default.jpg
démocratechrétien	O	O	O	O	O	O	_	_	NoSpaceAfter	_	_	_
,	O	O	O	O	O	O	_	_	_	_	_	_
contre	O	O	O	O	O	O	_	_	_	_	_	_
le	O	O	O	O	O	O	_	_	_	_	_	_
parti	O	O	O	O	O	O	_	_	_	_	_	_
socialiste	O	O	O	O	O	O	_	_	_	_	_	_
et	O	O	O	O	O	O	_	_	_	_	_	_
le	O	O	O	O	O	O	_	_	EndOfLine	_	_	_
# segment_iiif_link = https://impresso-project.ch/api/proxy/iiif/IMP-1978-10-06-a-p0031/1419,634,2014,698/full/0/default.jpg
parti	O	O	O	O	O	O	_	_	_	_	_	_
chrétien	O	O	O	O	O	O	_	_	NoSpaceAfter	_	_	_
-	O	O	O	O	O	O	_	_	NoSpaceAfter	_	_	_
social	O	O	O	O	O	O	_	_	_	_	_	_
indépendant	O	O	O	O	O	O	_	_	NoSpaceAfter	_	_	_
,	O	O	O	O	O	O	_	_	_	_	_	_
qui	O	O	O	O	O	O	_	_	EndOfLine	_	_	_
# segment_iiif_link = https://impresso-project.ch/api/proxy/iiif/IMP-1978-10-06-a-p0031/1419,652,2014,716/full/0/default.jpg
souhaitaient	O	O	O	O	O	O	_	_	_	_	_	_
un	O	O	O	O	O	O	_	_	_	_	_	_
délai	O	O	O	O	O	O	_	_	_	_	_	_
de	O	O	O	O	O	O	_	_	_	_	_	_
cinq	O	O	O	O	O	O	_	_	_	_	_	_
ans	O	O	O	O	O	O	_	_	NoSpaceAfter	_	_	_
.	O	O	O	O	O	O	_	_	_	EndOfSentence	_	_
Ces	O	O	O	O	O	O	_	_	EndOfLine	_	_	_
# segment_iiif_link = https://impresso-project.ch/api/proxy/iiif/IMP-1978-10-06-a-p0031/1418,669,1962,733/full/0/default.jpg
droits	O	O	O	O	O	O	_	_	_	_	_	_
des	O	O	O	O	O	O	_	_	_	_	_	_
étrangers	O	O	O	O	O	O	_	_	_	_	_	_
seront	O	O	O	O	O	O	_	_	_	_	_	_
également	O	O	O	O	O	O	_	_	EndOfLine	_	_	_
# segment_iiif_link = https://impresso-project.ch/api/proxy/iiif/IMP-1978-10-06-a-p0031/1419,686,2016,750/full/0/default.jpg
valables	O	O	O	O	O	O	_	_	_	_	_	_
sur	O	O	O	O	O	O	_	_	_	_	_	_
le	O	O	O	O	O	O	_	_	_	_	_	_
plan	O	O	O	O	O	O	_	_	_	_	_	_
communal	O	O	O	O	O	O	_	_	NoSpaceAfter	_	_	_
,	O	O	O	O	O	O	_	_	_	_	_	_
a	O	O	O	O	O	O	_	_	_	_	_	_
_	O	O	O	O	O	O	_	_	NoSpaceAfter	_	_	_
'	O	O	O	O	O	O	_	_	_	_	_	_
ors	O	O	O	O	O	O	_	_	EndOfLine	_	_	_
# segment_iiif_link = https://impresso-project.ch/api/proxy/iiif/IMP-1978-10-06-a-p0031/1419,703,1987,767/full/0/default.jpg
que	O	O	O	O	O	O	_	_	_	_	_	_
les	O	O	O	O	O	O	_	_	_	_	_	_
démocrates	O	O	O	O	O	O	_	_	NoSpaceAfter	_	_	_
-	O	O	O	O	O	O	_	_	NoSpaceAfter	_	_	_
chrétiens	O	O	O	O	O	O	_	_	_	_	_	_
étaient	O	O	O	O	O	O	_	_	EndOfLine	_	_	_
# segment_iiif_link = https://impresso-project.ch/api/proxy/iiif/IMP-1978-10-06-a-p0031/1418,720,2002,784/full/0/default.jpg
opposés	O	O	O	O	O	O	_	_	_	_	_	_
à	O	O	O	O	O	O	_	_	_	_	_	_
ce	O	O	O	O	O	O	_	_	_	_	_	_
que	O	O	O	O	O	O	_	_	_	_	_	_
les	O	O	O	O	O	O	_	_	_	_	_	_
communes	O	O	O	O	O	O	_	_	_	_	_	_
aient	O	O	O	O	O	O	_	_	EndOfLine	_	_	_
# segment_iiif_link = https://impresso-project.ch/api/proxy/iiif/IMP-1978-10-06-a-p0031/1418,738,2004,801/full/0/default.jpg
la	O	O	O	O	O	O	_	_	_	_	_	_
compétence	O	O	O	O	O	O	_	_	_	_	_	_
de	O	O	O	O	O	O	_	_	_	_	_	_
les	O	O	O	O	O	O	_	_	_	_	_	_
introduire	O	O	O	O	O	O	_	_	NoSpaceAfter	_	_	_
.	O	O	O	O	O	O	_	_	_	EndOfSentence	_	_
Tous	O	O	O	O	O	O	_	_	EndOfLine	_	_	_
# segment_iiif_link = https://impresso-project.ch/api/proxy/iiif/IMP-1978-10-06-a-p0031/1418,754,2038,818/full/0/default.jpg
ces	O	O	O	O	O	O	_	_	_	_	_	_
droits	O	O	O	O	O	O	_	_	_	_	_	_
(	O	O	O	O	O	O	_	_	NoSpaceAfter	_	_	_
Jurassiens	O	O	O	O	O	O	_	_	_	_	_	_
de	O	O	O	O	O	O	_	_	_	_	_	_
l	O	O	O	O	O	O	_	_	NoSpaceAfter	_	_	_
'	O	O	O	O	O	O	_	_	NoSpaceAfter	_	_	_
extérieur	O	O	O	O	O	O	_	_	NoSpaceAfter	_	_	_
,	O	O	O	O	O	O	_	_	EndOfLine	_	_	_
# segment_iiif_link = https://impresso-project.ch/api/proxy/iiif/IMP-1978-10-06-a-p0031/1418,772,2032,835/full/0/default.jpg
Jurassiens	O	O	O	O	O	O	_	_	_	_	_	_
de	O	O	O	O	O	O	_	_	_	_	_	_
l	O	O	O	O	O	O	_	_	NoSpaceAfter	_	_	_
'	O	O	O	O	O	O	_	_	NoSpaceAfter	_	_	_
étranger	O	O	O	O	O	O	_	_	_	_	_	_
et	O	O	O	O	O	O	_	_	_	_	_	_
étrangers	O	O	O	O	O	O	_	_	NoSpaceAfter	_	_	_
)	O	O	O	O	O	O	_	_	EndOfLine	_	_	_
# segment_iiif_link = https://impresso-project.ch/api/proxy/iiif/IMP-1978-10-06-a-p0031/1418,789,2035,853/full/0/default.jpg
sont	O	O	O	O	O	O	_	_	_	_	_	_
soumis	O	O	O	O	O	O	_	_	_	_	_	_
à	O	O	O	O	O	O	_	_	_	_	_	_
un	O	O	O	O	O	O	_	_	_	_	_	_
délai	O	O	O	O	O	O	_	_	_	_	_	_
d	O	O	O	O	O	O	_	_	NoSpaceAfter	_	_	_
'	O	O	O	O	O	O	_	_	NoSpaceAfter	_	_	_
une	O	O	O	O	O	O	_	_	_	_	_	_
année	O	O	O	O	O	O	_	_	NoSpaceAfter	_	_	_
.	O	O	O	O	O	O	_	_	EndOfLine	EndOfSentence	_	_
# segment_iiif_link = https://impresso-project.ch/api/proxy/iiif/IMP-1978-10-06-a-p0031/1435,806,1990,869/full/0/default.jpg
Enfin	O	O	O	O	O	O	_	_	NoSpaceAfter	_	_	_
,	O	O	O	O	O	O	_	_	_	_	_	_
par	O	O	O	O	O	O	_	_	_	_	_	_
21	O	O	O	O	O	O	_	_	_	_	_	_
voix	O	O	O	O	O	O	_	_	_	_	_	_
contre	O	O	O	O	O	O	_	_	_	_	_	_
20	O	O	O	O	O	O	_	_	NoSpaceAfter	_	_	_
,	O	O	O	O	O	O	_	_	EndOfLine	_	_	_
# segment_iiif_link = https://impresso-project.ch/api/proxy/iiif/IMP-1978-10-06-a-p0031/1418,823,2011,887/full/0/default.jpg
l	O	O	O	O	O	O	_	_	NoSpaceAfter	_	_	_
'	O	O	O	O	O	O	_	_	NoSpaceAfter	_	_	_
assemblée	O	O	O	O	O	O	_	_	_	_	_	_
a	O	O	O	O	O	O	_	_	_	_	_	_
décidé	O	O	O	O	O	O	_	_	_	_	_	_
de	O	O	O	O	O	O	_	_	_	_	_	_
permettre	O	O	O	O	O	O	_	_	_	_	_	_
aux	O	O	O	O	O	O	_	_	EndOfLine	_	_	_
# segment_iiif_link = https://impresso-project.ch/api/proxy/iiif/IMP-1978-10-06-a-p0031/1418,840,1996,903/full/0/default.jpg
fonctionnaires	O	O	O	O	O	O	_	_	_	_	_	_
de	O	O	O	O	O	O	_	_	_	_	_	_
siéger	O	O	O	O	O	O	_	_	_	_	_	_
dès	O	O	O	O	O	O	_	_	_	_	_	_
le	O	O	O	O	O	O	_	_	_	_	_	_
début	O	O	O	O	O	O	_	_	EndOfLine	_	_	_
# segment_iiif_link = https://impresso-project.ch/api/proxy/iiif/IMP-1978-10-06-a-p0031/1418,857,1963,921/full/0/default.jpg
au	O	O	O	O	O	O	_	_	_	_	_	_
Parlement	O	O	O	O	O	O	_	_	NoSpaceAfter	_	_	_
,	O	O	O	O	O	O	_	_	_	_	_	_
alors	O	O	O	O	O	O	_	_	_	_	_	_
que	O	O	O	O	O	O	_	_	_	_	_	_
les	O	O	O	O	O	O	_	_	EndOfLine	_	_	_
# segment_iiif_link = https://impresso-project.ch/api/proxy/iiif/IMP-1978-10-06-a-p0031/1417,874,1968,938/full/0/default.jpg
chrétienssociaux	O	O	O	O	O	O	_	_	_	_	_	_
indépendants	O	O	O	O	O	O	_	_	_	_	_	_
et	O	O	O	O	O	O	_	_	_	_	_	_
les	O	O	O	O	O	O	_	_	EndOfLine	_	_	_
# segment_iiif_link = https://impresso-project.ch/api/proxy/iiif/IMP-1978-10-06-a-p0031/1418,891,1970,955/full/0/default.jpg
tes	O	O	O	O	O	O	_	_	NoSpaceAfter	_	_	_
-	O	O	O	O	O	O	_	_	NoSpaceAfter	_	_	_
chrétiens	O	O	O	O	O	O	_	_	_	_	_	_
auraient	O	O	O	O	O	O	_	_	_	_	_	_
voulu	O	O	O	O	O	O	_	_	EndOfLine	_	_	_
# segment_iiif_link = https://impresso-project.ch/api/proxy/iiif/IMP-1978-10-06-a-p0031/1418,908,2004,972/full/0/default.jpg
l	O	O	O	O	O	O	_	_	NoSpaceAfter	_	_	_
'	O	O	O	O	O	O	_	_	NoSpaceAfter	_	_	_
interdire	O	O	O	O	O	O	_	_	_	_	_	_
nendant	O	O	O	O	O	O	_	_	_	_	_	_
deux	O	O	O	O	O	O	_	_	_	_	_	_
législatures	O	O	O	O	O	O	_	_	NoSpaceAfter	_	_	_
,	O	O	O	O	O	O	_	_	_	_	_	_
soit	O	O	O	O	O	O	_	_	EndOfLine	_	_	_
# segment_iiif_link = https://impresso-project.ch/api/proxy/iiif/IMP-1978-10-06-a-p0031/1418,925,1892,989/full/0/default.jpg
pendant	O	O	O	O	O	O	_	_	_	_	_	_
la	O	O	O	O	O	O	_	_	_	_	_	_
mise	O	O	O	O	O	O	_	_	_	_	_	_
en	O	O	O	O	O	O	_	_	_	_	_	_
place	O	O	O	O	O	O	_	_	_	_	_	_
de	O	O	O	O	O	O	_	_	_	_	_	_
l	O	O	O	O	O	O	_	_	NoSpaceAfter	_	_	_
'	O	O	O	O	O	O	_	_	NoSpaceAfter	_	_	_
Etat	O	O	O	O	O	O	_	_	NoSpaceAfter	_	_	_
.	O	O	O	O	O	O	_	_	EndOfLine	EndOfSentence	_	_
# segment_iiif_link = https://impresso-project.ch/api/proxy/iiif/IMP-1978-10-06-a-p0031/1435,942,1997,1006/full/0/default.jpg
En	O	O	O	O	O	O	_	_	_	_	_	_
fin	O	O	O	O	O	O	_	_	_	_	_	_
de	O	O	O	O	O	O	_	_	_	_	_	_
séance	O	O	O	O	O	O	_	_	NoSpaceAfter	_	_	_
,	O	O	O	O	O	O	_	_	_	_	_	_
l	O	O	O	O	O	O	_	_	NoSpaceAfter	_	_	_
'	O	O	O	O	O	O	_	_	NoSpaceAfter	_	_	_
assemblée	O	O	O	O	O	O	_	_	_	_	_	_
a	O	O	O	O	O	O	_	_	EndOfLine	_	_	_
# segment_iiif_link = https://impresso-project.ch/api/proxy/iiif/IMP-1978-10-06-a-p0031/1418,959,1944,1023/full/0/default.jpg
encore	O	O	O	O	O	O	_	_	_	_	_	_
approuvé	O	O	O	O	O	O	_	_	_	_	_	_
la	O	O	O	O	O	O	_	_	_	_	_	_
loi	O	O	O	O	O	O	_	_	_	_	_	_
sur	O	O	O	O	O	O	_	_	_	_	_	_
l	O	O	O	O	O	O	_	_	NoSpaceAfter	_	_	_
'	O	O	O	O	O	O	_	_	NoSpaceAfter	_	_	_
organisation	O	O	O	O	O	O	_	_	EndOfLine	_	_	_
# segment_iiif_link = https://impresso-project.ch/api/proxy/iiif/IMP-1978-10-06-a-p0031/1417,976,1644,1040/full/0/default.jpg
judiciaire	O	O	O	O	O	O	_	_	NoSpaceAfter	_	_	_
,	O	O	O	O	O	O	_	_	_	_	_	_
(	O	O	O	O	O	O	_	_	NoSpaceAfter	_	_	_
ats	B-org	O	B-org.ent.pressagency.ATS-SDA	O	O	O	Q430109	_	NoSpaceAfter	_	LED0.00	_
)	O	O	O	O	O	O	_	_	EndOfLine	EndOfSentence	_	_

# language = fr
# newspaper = IMP
# date = 1979-08-06
# document_id = IMP-1979-08-06-a-i0135
# news-agency-as-source = _
# segment_iiif_link = https://impresso-project.ch/api/proxy/iiif/IMP-1979-08-06-a-p0012/85,224,1862,330/full/0/default.jpg
Médaille	O	O	O	O	O	O	_	_	_	_	_	_
de	O	O	O	O	O	O	_	_	_	_	_	_
bronze	O	O	O	O	O	O	_	_	_	_	_	_
pour	O	O	O	O	O	O	_	_	_	_	_	_
le	O	O	O	O	O	O	_	_	_	_	_	_
Loclois	O	O	O	O	O	O	_	_	_	_	_	_
J	O	O	O	O	O	O	_	_	_	_	_	_
.	O	O	O	O	O	O	_	_	NoSpaceAfter	EndOfSentence	_	_
-	O	O	O	O	O	O	_	_	NoSpaceAfter	_	_	_
M	O	O	O	O	O	O	_	_	NoSpaceAfter	_	_	_
.	O	O	O	O	O	O	_	_	_	EndOfSentence	_	_
Grezet	O	O	O	O	O	O	_	_	EndOfLine	_	_	_
# segment_iiif_link = https://impresso-project.ch/api/proxy/iiif/IMP-1979-08-06-a-p0012/84,286,1888,393/full/0/default.jpg
battu	O	O	O	O	O	O	_	_	_	_	_	_
au	O	O	O	O	O	O	_	_	_	_	_	_
sprint	O	O	O	O	O	O	_	_	_	_	_	_
par	O	O	O	O	O	O	_	_	_	_	_	_
Trinkler	O	O	O	O	O	O	_	_	_	_	_	_
(	O	O	O	O	O	O	_	_	NoSpaceAfter	_	_	_
champion	O	O	O	O	O	O	_	_	NoSpaceAfter	_	_	_
)	O	O	O	O	O	O	_	_	_	_	_	_
et	O	O	O	O	O	O	_	_	_	_	_	_
Blum	O	O	O	O	O	O	_	_	EndOfLine	_	_	_
# segment_iiif_link = https://impresso-project.ch/api/proxy/iiif/IMP-1979-08-06-a-p0012/86,181,1524,259/full/0/default.jpg
Les	O	O	O	O	O	O	_	_	_	_	_	_
championnats	O	O	O	O	O	O	_	_	_	_	_	_
suisses	O	O	O	O	O	O	_	_	_	_	_	_
sur	O	O	O	O	O	O	_	_	_	_	_	_
route	O	O	O	O	O	O	_	_	_	_	_	_
pour	O	O	O	O	O	O	_	_	_	_	_	_
amateurs	O	O	O	O	O	O	_	_	_	_	_	_
d	O	O	O	O	O	O	_	_	NoSpaceAfter	_	_	_
'	O	O	O	O	O	O	_	_	NoSpaceAfter	_	_	_
élite	O	O	O	O	O	O	_	_	EndOfLine	_	_	_
# segment_iiif_link = https://impresso-project.ch/api/proxy/iiif/IMP-1979-08-06-a-p0012/87,360,1371,425/full/0/default.jpg
De	O	O	O	O	O	O	_	_	_	_	_	_
très	O	O	O	O	O	O	_	_	_	_	_	_
loin	O	O	O	O	O	O	_	_	NoSpaceAfter	_	_	_
,	O	O	O	O	O	O	_	_	_	_	_	_
le	O	O	O	O	O	O	_	_	_	_	_	_
meilleur	O	O	O	O	O	O	_	_	_	_	_	_
amateur	O	O	O	O	O	O	_	_	NoSpaceAfter	_	_	_
-	O	O	O	O	O	O	_	_	NoSpaceAfter	_	_	_
élite	O	O	O	O	O	O	_	_	_	_	_	_
de	O	O	O	O	O	O	_	_	_	_	_	_
la	O	O	O	O	O	O	_	_	_	_	_	_
saison	O	O	O	O	O	O	_	_	NoSpaceAfter	_	_	_
,	O	O	O	O	O	O	_	_	_	_	_	_
avec	O	O	O	O	O	O	_	_	_	_	_	_
une	O	O	O	O	O	O	_	_	_	_	_	_
moisson	O	O	O	O	O	O	_	_	_	_	_	_
de	O	O	O	O	O	O	_	_	EndOfLine	_	_	_
# segment_iiif_link = https://impresso-project.ch/api/proxy/iiif/IMP-1979-08-06-a-p0012/86,381,1342,446/full/0/default.jpg
victoires	O	O	O	O	O	O	_	_	_	_	_	_
dont	O	O	O	O	O	O	_	_	_	_	_	_
entre	O	O	O	O	O	O	_	_	_	_	_	_
autres	O	O	O	O	O	O	_	_	_	_	_	_
le	O	O	O	O	O	O	_	_	_	_	_	_
Tour	O	O	O	O	O	O	_	_	_	_	_	_
de	O	O	O	O	O	O	_	_	_	_	_	_
Suisse	O	O	O	O	O	O	_	_	_	_	_	_
orientale	O	O	O	O	O	O	_	_	_	_	_	_
et	O	O	O	O	O	O	_	_	_	_	_	_
le	O	O	O	O	O	O	_	_	_	_	_	_
Grand	O	O	O	O	O	O	_	_	_	_	_	_
Prix	O	O	O	O	O	O	_	_	_	_	_	_
suisse	O	O	O	O	O	O	_	_	EndOfLine	_	_	_
# segment_iiif_link = https://impresso-project.ch/api/proxy/iiif/IMP-1979-08-06-a-p0012/84,401,1369,466/full/0/default.jpg
de	O	O	O	O	O	O	_	_	_	_	_	_
la	O	O	O	O	O	O	_	_	_	_	_	_
route	O	O	O	O	O	O	_	_	NoSpaceAfter	_	_	_
,	O	O	O	O	O	O	_	_	_	_	_	_
le	O	O	O	O	O	O	_	_	_	_	_	_
Zurichois	O	O	O	O	O	O	_	_	_	_	_	_
Richard	O	O	O	O	O	O	_	_	_	_	_	_
Trinkler	O	O	O	O	O	O	_	_	_	_	_	_
a	O	O	O	O	O	O	_	_	_	_	_	_
remporté	O	O	O	O	O	O	_	_	_	_	_	_
hier	O	O	O	O	O	O	_	_	_	_	_	_
à	O	O	O	O	O	O	_	_	_	_	_	_
Lugano	O	O	O	O	O	O	_	_	_	_	_	_
le	O	O	O	O	O	O	_	_	_	_	_	_
titre	O	O	O	O	O	O	_	_	_	_	_	_
de	O	O	O	O	O	O	_	_	EndOfLine	_	_	_
# segment_iiif_link = https://impresso-project.ch/api/proxy/iiif/IMP-1979-08-06-a-p0012/86,423,1343,488/full/0/default.jpg
champion	O	O	O	O	O	O	_	_	_	_	_	_
de	O	O	O	O	O	O	_	_	_	_	_	_
Suisse	O	O	O	O	O	O	_	_	_	_	_	_
sur	O	O	O	O	O	O	_	_	_	_	_	_
route	O	O	O	O	O	O	_	_	NoSpaceAfter	_	_	_
.	O	O	O	O	O	O	_	_	_	EndOfSentence	_	_
Il	O	O	O	O	O	O	_	_	_	_	_	_
a	O	O	O	O	O	O	_	_	_	_	_	_
devancé	O	O	O	O	O	O	_	_	_	_	_	_
au	O	O	O	O	O	O	_	_	_	_	_	_
sprint	O	O	O	O	O	O	_	_	_	_	_	_
Kilian	O	O	O	O	O	O	_	_	_	_	_	_
Blum	O	O	O	O	O	O	_	_	NoSpaceAfter	_	_	_
,	O	O	O	O	O	O	_	_	_	_	_	_
de	O	O	O	O	O	O	_	_	EndOfLine	_	_	_
# segment_iiif_link = https://impresso-project.ch/api/proxy/iiif/IMP-1979-08-06-a-p0012/86,444,1305,509/full/0/default.jpg
Pfaffnau	O	O	O	O	O	O	_	_	_	_	_	_
et	O	O	O	O	O	O	_	_	_	_	_	_
le	O	O	O	O	O	O	_	_	_	_	_	_
Loclois	O	O	O	O	O	O	_	_	_	_	_	_
Jean	O	O	O	O	O	O	_	_	NoSpaceAfter	_	_	_
-	O	O	O	O	O	O	_	_	NoSpaceAfter	_	_	_
Marie	O	O	O	O	O	O	_	_	_	_	_	_
Grezet	O	O	O	O	O	O	_	_	_	_	_	_
qui	O	O	O	O	O	O	_	_	_	_	_	_
a	O	O	O	O	O	O	_	_	_	_	_	_
accompli	O	O	O	O	O	O	_	_	_	_	_	_
une	O	O	O	O	O	O	_	_	_	_	_	_
course	O	O	O	O	O	O	_	_	EndOfLine	_	_	_
# segment_iiif_link = https://impresso-project.ch/api/proxy/iiif/IMP-1979-08-06-a-p0012/86,464,1364,529/full/0/default.jpg
extraordinaire	O	O	O	O	O	O	_	_	NoSpaceAfter	_	_	_
.	O	O	O	O	O	O	_	_	_	EndOfSentence	_	_
Pour	O	O	O	O	O	O	_	_	_	_	_	_
le	O	O	O	O	O	O	_	_	_	_	_	_
coureur	O	O	O	O	O	O	_	_	_	_	_	_
du	O	O	O	O	O	O	_	_	_	_	_	_
Vélo	O	O	O	O	O	O	_	_	NoSpaceAfter	_	_	_
-	O	O	O	O	O	O	_	_	NoSpaceAfter	_	_	_
Club	O	O	O	O	O	O	_	_	_	_	_	_
Edelweiss	O	O	O	O	O	O	_	_	NoSpaceAfter	_	_	_
,	O	O	O	O	O	O	_	_	_	_	_	_
âgé	O	O	O	O	O	O	_	_	_	_	_	_
à	O	O	O	O	O	O	_	_	_	_	_	_
peine	O	O	O	O	O	O	_	_	_	_	_	_
de	O	O	O	O	O	O	_	_	_	_	_	_
20	O	O	O	O	O	O	_	_	_	_	_	_
ans	O	O	O	O	O	O	_	_	NoSpaceAfter	_	_	_
,	O	O	O	O	O	O	_	_	_	_	_	_
et	O	O	O	O	O	O	_	_	_	_	_	_
qui	O	O	O	O	O	O	_	_	EndOfLine	_	_	_
# segment_iiif_link = https://impresso-project.ch/api/proxy/iiif/IMP-1979-08-06-a-p0012/85,485,1295,550/full/0/default.jpg
dispute	O	O	O	O	O	O	_	_	_	_	_	_
sa	O	O	O	O	O	O	_	_	_	_	_	_
première	O	O	O	O	O	O	_	_	_	_	_	_
saison	O	O	O	O	O	O	_	_	_	_	_	_
chez	O	O	O	O	O	O	_	_	_	_	_	_
les	O	O	O	O	O	O	_	_	_	_	_	_
amateurs	O	O	O	O	O	O	_	_	NoSpaceAfter	_	_	_
-	O	O	O	O	O	O	_	_	NoSpaceAfter	_	_	_
élites	O	O	O	O	O	O	_	_	NoSpaceAfter	_	_	_
,	O	O	O	O	O	O	_	_	_	_	_	_
c	O	O	O	O	O	O	_	_	NoSpaceAfter	_	_	_
'	O	O	O	O	O	O	_	_	NoSpaceAfter	_	_	_
est	O	O	O	O	O	O	_	_	_	_	_	_
une	O	O	O	O	O	O	_	_	_	_	_	_
magnifique	O	O	O	O	O	O	_	_	EndOfLine	_	_	_
# segment_iiif_link = https://impresso-project.ch/api/proxy/iiif/IMP-1979-08-06-a-p0012/86,506,1331,571/full/0/default.jpg
performance	O	O	O	O	O	O	_	_	_	_	_	_
qui	O	O	O	O	O	O	_	_	_	_	_	_
prouve	O	O	O	O	O	O	_	_	_	_	_	_
une	O	O	O	O	O	O	_	_	_	_	_	_
fois	O	O	O	O	O	O	_	_	_	_	_	_
de	O	O	O	O	O	O	_	_	_	_	_	_
plus	O	O	O	O	O	O	_	_	_	_	_	_
qu	O	O	O	O	O	O	_	_	NoSpaceAfter	_	_	_
'	O	O	O	O	O	O	_	_	NoSpaceAfter	_	_	_
il	O	O	O	O	O	O	_	_	_	_	_	_
est	O	O	O	O	O	O	_	_	_	_	_	_
bel	O	O	O	O	O	O	_	_	_	_	_	_
et	O	O	O	O	O	O	_	_	_	_	_	_
bien	O	O	O	O	O	O	_	_	_	_	_	_
l	O	O	O	O	O	O	_	_	NoSpaceAfter	_	_	_
'	O	O	O	O	O	O	_	_	NoSpaceAfter	_	_	_
un	O	O	O	O	O	O	_	_	_	_	_	_
des	O	O	O	O	O	O	_	_	_	_	_	_
grands	O	O	O	O	O	O	_	_	EndOfLine	_	_	_
# segment_iiif_link = https://impresso-project.ch/api/proxy/iiif/IMP-1979-08-06-a-p0012/85,527,1313,592/full/0/default.jpg
espoirs	O	O	O	O	O	O	_	_	_	_	_	_
du	O	O	O	O	O	O	_	_	_	_	_	_
cyclisme	O	O	O	O	O	O	_	_	_	_	_	_
helvétique	O	O	O	O	O	O	_	_	NoSpaceAfter	_	_	_
.	O	O	O	O	O	O	_	_	_	EndOfSentence	_	_
Suite	O	O	O	O	O	O	_	_	_	_	_	_
encore	O	O	O	O	O	O	_	_	_	_	_	_
à	O	O	O	O	O	O	_	_	_	_	_	_
cette	O	O	O	O	O	O	_	_	_	_	_	_
magnifique	O	O	O	O	O	O	_	_	_	_	_	_
troisième	O	O	O	O	O	O	_	_	EndOfLine	_	_	_
# segment_iiif_link = https://impresso-project.ch/api/proxy/iiif/IMP-1979-08-06-a-p0012/85,548,1354,613/full/0/default.jpg
place	O	O	O	O	O	O	_	_	NoSpaceAfter	_	_	_
,	O	O	O	O	O	O	_	_	_	_	_	_
Jean	O	O	O	O	O	O	_	_	NoSpaceAfter	_	_	_
-	O	O	O	O	O	O	_	_	NoSpaceAfter	_	_	_
Marie	O	O	O	O	O	O	_	_	_	_	_	_
Grezet	O	O	O	O	O	O	_	_	_	_	_	_
a	O	O	O	O	O	O	_	_	_	_	_	_
été	O	O	O	O	O	O	_	_	_	_	_	_
sélectionné	O	O	O	O	O	O	_	_	_	_	_	_
comme	O	O	O	O	O	O	_	_	_	_	_	_
réserviste	O	O	O	O	O	O	_	_	_	_	_	_
pour	O	O	O	O	O	O	_	_	_	_	_	_
les	O	O	O	O	O	O	_	_	EndOfLine	_	_	_
# segment_iiif_link = https://impresso-project.ch/api/proxy/iiif/IMP-1979-08-06-a-p0012/134,569,1226,634/full/0/default.jpg
prochains	O	O	O	O	O	O	_	_	_	_	_	_
championnats	O	O	O	O	O	O	_	_	_	_	_	_
du	O	O	O	O	O	O	_	_	_	_	_	_
monde	O	O	O	O	O	O	_	_	_	_	_	_
qui	O	O	O	O	O	O	_	_	_	_	_	_
auront	O	O	O	O	O	O	_	_	_	_	_	_
lieu	O	O	O	O	O	O	_	_	_	_	_	_
à	O	O	O	O	O	O	_	_	_	_	_	_
la	O	O	O	O	O	O	_	_	_	_	_	_
fin	O	O	O	O	O	O	_	_	_	_	_	_
du	O	O	O	O	O	O	_	_	_	_	_	_
mois	O	O	O	O	O	O	_	_	_	_	_	_
en	O	O	O	O	O	O	_	_	EndOfLine	_	_	_
# segment_iiif_link = https://impresso-project.ch/api/proxy/iiif/IMP-1979-08-06-a-p0012/370,589,529,654/full/0/default.jpg
Hollande	O	O	O	O	O	O	_	_	NoSpaceAfter	_	_	_
.	O	O	O	O	O	O	_	_	EndOfLine	EndOfSentence	_	_
# segment_iiif_link = https://impresso-project.ch/api/proxy/iiif/IMP-1979-08-06-a-p0012/134,639,499,703/full/0/default.jpg
De	O	O	O	O	O	O	_	_	_	_	_	_
notre	O	O	O	O	O	O	_	_	_	_	_	_
envoyé	O	O	O	O	O	O	_	_	_	_	_	_
spécial	O	O	O	O	O	O	_	_	EndOfLine	_	_	_
# segment_iiif_link = https://impresso-project.ch/api/proxy/iiif/IMP-1979-08-06-a-p0012/158,663,406,726/full/0/default.jpg
MICHEL	O	O	O	O	O	O	_	_	_	_	LED0.00	_
DERUNS	O	O	O	O	O	O	_	_	EndOfLine	_	LED0.00	_
# segment_iiif_link = https://impresso-project.ch/api/proxy/iiif/IMP-1979-08-06-a-p0012/82,718,469,782/full/0/default.jpg
LA	O	O	O	O	O	O	_	_	_	_	_	_
PREMIÈRE	O	O	O	O	O	O	_	_	_	_	_	_
ÉCHAPPÉE	O	O	O	O	O	O	_	_	EndOfLine	_	_	_
# segment_iiif_link = https://impresso-project.ch/api/proxy/iiif/IMP-1979-08-06-a-p0012/82,738,173,802/full/0/default.jpg
DÉCISIVE	O	O	O	O	O	O	_	_	EndOfLine	_	_	_
# segment_iiif_link = https://impresso-project.ch/api/proxy/iiif/IMP-1979-08-06-a-p0012/99,762,680,826/full/0/default.jpg
Disputés	O	O	O	O	O	O	_	_	_	_	_	_
sur	O	O	O	O	O	O	_	_	_	_	_	_
180	O	O	O	O	O	O	_	_	_	_	_	_
km	O	O	O	O	O	O	_	_	NoSpaceAfter	_	_	_
,	O	O	O	O	O	O	_	_	_	_	_	_
sur	O	O	O	O	O	O	_	_	_	_	_	_
le	O	O	O	O	O	O	_	_	EndOfLine	_	_	_
# segment_iiif_link = https://impresso-project.ch/api/proxy/iiif/IMP-1979-08-06-a-p0012/83,779,690,843/full/0/default.jpg
traditionnel	O	O	O	O	O	O	_	_	_	_	_	_
parcours	O	O	O	O	O	O	_	_	_	_	_	_
du	O	O	O	O	O	O	_	_	_	_	_	_
Grand	O	O	O	O	O	O	_	_	_	_	_	_
Prix	O	O	O	O	O	O	_	_	_	_	_	_
de	O	O	O	O	O	O	_	_	EndOfLine	_	_	_
# segment_iiif_link = https://impresso-project.ch/api/proxy/iiif/IMP-1979-08-06-a-p0012/83,796,684,860/full/0/default.jpg
Lugano	O	O	O	O	O	O	_	_	NoSpaceAfter	_	_	_
,	O	O	O	O	O	O	_	_	_	_	_	_
à	O	O	O	O	O	O	_	_	_	_	_	_
parcourir	O	O	O	O	O	O	_	_	_	_	_	_
12	O	O	O	O	O	O	_	_	_	_	_	_
fois	O	O	O	O	O	O	_	_	NoSpaceAfter	_	_	_
,	O	O	O	O	O	O	_	_	_	_	_	_
ces	O	O	O	O	O	O	_	_	EndOfLine	_	_	_
# segment_iiif_link = https://impresso-project.ch/api/proxy/iiif/IMP-1979-08-06-a-p0012/84,814,666,877/full/0/default.jpg
championnats	O	O	O	O	O	O	_	_	_	_	_	_
suisses	O	O	O	O	O	O	_	_	_	_	_	_
se	O	O	O	O	O	O	_	_	_	_	_	_
sont	O	O	O	O	O	O	_	_	_	_	_	_
joués	O	O	O	O	O	O	_	_	EndOfLine	_	_	_
# segment_iiif_link = https://impresso-project.ch/api/proxy/iiif/IMP-1979-08-06-a-p0012/83,830,637,894/full/0/default.jpg
rapidement	O	O	O	O	O	O	_	_	NoSpaceAfter	_	_	_
.	O	O	O	O	O	O	_	_	_	EndOfSentence	_	_
En	O	O	O	O	O	O	_	_	_	_	_	_
effet	O	O	O	O	O	O	_	_	_	_	_	_
la	O	O	O	O	O	O	_	_	_	_	_	_
première	O	O	O	O	O	O	_	_	EndOfLine	_	_	_
# segment_iiif_link = https://impresso-project.ch/api/proxy/iiif/IMP-1979-08-06-a-p0012/84,848,680,912/full/0/default.jpg
échappée	O	O	O	O	O	O	_	_	_	_	_	_
a	O	O	O	O	O	O	_	_	_	_	_	_
été	O	O	O	O	O	O	_	_	_	_	_	_
la	O	O	O	O	O	O	_	_	_	_	_	_
bonne	O	O	O	O	O	O	_	_	NoSpaceAfter	_	_	_
.	O	O	O	O	O	O	_	_	_	EndOfSentence	_	_
Elle	O	O	O	O	O	O	_	_	_	_	_	_
fut	O	O	O	O	O	O	_	_	EndOfLine	_	_	_
# segment_iiif_link = https://impresso-project.ch/api/proxy/iiif/IMP-1979-08-06-a-p0012/83,865,680,929/full/0/default.jpg
déclenchée	O	O	O	O	O	O	_	_	_	_	_	_
dans	O	O	O	O	O	O	_	_	_	_	_	_
la	O	O	O	O	O	O	_	_	_	_	_	_
côte	O	O	O	O	O	O	_	_	_	_	_	_
de	O	O	O	O	O	O	_	_	_	_	_	_
Sorengo	O	O	O	O	O	O	_	_	_	_	_	_
par	O	O	O	O	O	O	_	_	EndOfLine	_	_	_
# segment_iiif_link = https://impresso-project.ch/api/proxy/iiif/IMP-1979-08-06-a-p0012/84,882,653,946/full/0/default.jpg
le	O	O	O	O	O	O	_	_	_	_	_	_
Vaudois	O	O	O	O	O	O	_	_	_	_	_	_
Alain	O	O	O	O	O	O	_	_	_	_	_	_
Dallenbach	O	O	O	O	O	O	_	_	_	_	_	_
et	O	O	O	O	O	O	_	_	_	_	_	_
Robert	O	O	O	O	O	O	_	_	EndOfLine	_	_	_
# segment_iiif_link = https://impresso-project.ch/api/proxy/iiif/IMP-1979-08-06-a-p0012/83,899,659,963/full/0/default.jpg
Thannmann	O	O	O	O	O	O	_	_	NoSpaceAfter	_	_	_
,	O	O	O	O	O	O	_	_	_	_	_	_
après	O	O	O	O	O	O	_	_	_	_	_	_
10	O	O	O	O	O	O	_	_	_	_	_	_
km	O	O	O	O	O	O	_	_	_	_	_	_
de	O	O	O	O	O	O	_	_	_	_	_	_
course	O	O	O	O	O	O	_	_	EndOfLine	_	_	_
# segment_iiif_link = https://impresso-project.ch/api/proxy/iiif/IMP-1979-08-06-a-p0012/83,916,644,980/full/0/default.jpg
seulement	O	O	O	O	O	O	_	_	NoSpaceAfter	_	_	_
.	O	O	O	O	O	O	_	_	_	EndOfSentence	_	_
Très	O	O	O	O	O	O	_	_	_	_	_	_
vite	O	O	O	O	O	O	_	_	_	_	_	_
les	O	O	O	O	O	O	_	_	_	_	_	_
deux	O	O	O	O	O	O	_	_	_	_	_	_
hommes	O	O	O	O	O	O	_	_	EndOfLine	_	_	_
# segment_iiif_link = https://impresso-project.ch/api/proxy/iiif/IMP-1979-08-06-a-p0012/82,933,691,997/full/0/default.jpg
furent	O	O	O	O	O	O	_	_	_	_	_	_
rejoints	O	O	O	O	O	O	_	_	_	_	_	_
par	O	O	O	O	O	O	_	_	_	_	_	_
un	O	O	O	O	O	O	_	_	_	_	_	_
groupe	O	O	O	O	O	O	_	_	_	_	_	_
de	O	O	O	O	O	O	_	_	_	_	_	_
18	O	O	O	O	O	O	_	_	EndOfLine	_	_	_
# segment_iiif_link = https://impresso-project.ch/api/proxy/iiif/IMP-1979-08-06-a-p0012/83,950,659,1014/full/0/default.jpg
coureurs	O	O	O	O	O	O	_	_	_	_	_	_
dont	O	O	O	O	O	O	_	_	_	_	_	_
le	O	O	O	O	O	O	_	_	_	_	_	_
champion	O	O	O	O	O	O	_	_	_	_	_	_
de	O	O	O	O	O	O	_	_	_	_	_	_
Suisse	O	O	O	O	O	O	_	_	EndOfLine	_	_	_
# segment_iiif_link = https://impresso-project.ch/api/proxy/iiif/IMP-1979-08-06-a-p0012/83,968,658,1032/full/0/default.jpg
sortant	O	O	O	O	O	O	_	_	_	_	_	_
Urban	O	O	O	O	O	O	_	_	_	_	_	_
Fuchs	O	O	O	O	O	O	_	_	NoSpaceAfter	_	_	_
,	O	O	O	O	O	O	_	_	_	_	_	_
Blum	O	O	O	O	O	O	_	_	NoSpaceAfter	_	_	_
,	O	O	O	O	O	O	_	_	_	_	_	_
André	O	O	O	O	O	O	_	_	EndOfLine	_	_	_
# segment_iiif_link = https://impresso-project.ch/api/proxy/iiif/IMP-1979-08-06-a-p0012/83,985,655,1049/full/0/default.jpg
Massard	O	O	O	O	O	O	_	_	NoSpaceAfter	_	_	_
,	O	O	O	O	O	O	_	_	_	_	_	_
Urs	O	O	O	O	O	O	_	_	_	_	_	_
Groebli	O	O	O	O	O	O	_	_	NoSpaceAfter	_	_	_
,	O	O	O	O	O	O	_	_	_	_	_	_
Trinkler	O	O	O	O	O	O	_	_	NoSpaceAfter	_	_	_
,	O	O	O	O	O	O	_	_	_	_	_	_
Muller	O	O	O	O	O	O	_	_	EndOfLine	_	_	_
# segment_iiif_link = https://impresso-project.ch/api/proxy/iiif/IMP-1979-08-06-a-p0012/83,1002,699,1066/full/0/default.jpg
et	O	O	O	O	O	O	_	_	_	_	_	_
Jean	O	O	O	O	O	O	_	_	NoSpaceAfter	_	_	_
-	O	O	O	O	O	O	_	_	NoSpaceAfter	_	_	_
Marie	O	O	O	O	O	O	_	_	_	_	_	_
Grezet	O	O	O	O	O	O	_	_	NoSpaceAfter	_	_	_
.	O	O	O	O	O	O	_	_	_	EndOfSentence	_	_
Manquaient	O	O	O	O	O	O	_	_	_	_	_	_
à	O	O	O	O	O	O	_	_	EndOfLine	_	_	_
# segment_iiif_link = https://impresso-project.ch/api/proxy/iiif/IMP-1979-08-06-a-p0012/83,1019,650,1083/full/0/default.jpg
l	O	O	O	O	O	O	_	_	NoSpaceAfter	_	_	_
'	O	O	O	O	O	O	_	_	NoSpaceAfter	_	_	_
appel	O	O	O	O	O	O	_	_	_	_	_	_
le	O	O	O	O	O	O	_	_	_	_	_	_
champion	O	O	O	O	O	O	_	_	_	_	_	_
du	O	O	O	O	O	O	_	_	_	_	_	_
monde	O	O	O	O	O	O	_	_	_	_	_	_
Gilbert	O	O	O	O	O	O	_	_	EndOfLine	_	_	_
# segment_iiif_link = https://impresso-project.ch/api/proxy/iiif/IMP-1979-08-06-a-p0012/83,1036,652,1100/full/0/default.jpg
Glaus	O	O	O	O	O	O	_	_	NoSpaceAfter	_	_	_
,	O	O	O	O	O	O	_	_	_	_	_	_
Victor	O	O	O	O	O	O	_	_	_	_	_	_
Schraner	O	O	O	O	O	O	_	_	NoSpaceAfter	_	_	_
,	O	O	O	O	O	O	_	_	_	_	_	_
Robert	O	O	O	O	O	O	_	_	EndOfLine	_	_	_
# segment_iiif_link = https://impresso-project.ch/api/proxy/iiif/IMP-1979-08-06-a-p0012/83,1054,644,1117/full/0/default.jpg
Cattanêo	O	O	O	O	O	O	_	_	NoSpaceAfter	_	_	_
,	O	O	O	O	O	O	_	_	_	_	_	_
Jurg	O	O	O	O	O	O	_	_	_	_	_	_
Luchs	O	O	O	O	O	O	_	_	_	_	_	_
et	O	O	O	O	O	O	_	_	_	_	_	_
Kurt	O	O	O	O	O	O	_	_	EndOfLine	_	_	_
# segment_iiif_link = https://impresso-project.ch/api/proxy/iiif/IMP-1979-08-06-a-p0012/83,1070,653,1134/full/0/default.jpg
Ehrensberger	O	O	O	O	O	O	_	_	NoSpaceAfter	_	_	_
.	O	O	O	O	O	O	_	_	_	EndOfSentence	_	_
Rapidement	O	O	O	O	O	O	_	_	_	_	_	_
ce	O	O	O	O	O	O	_	_	_	_	_	_
groupe	O	O	O	O	O	O	_	_	EndOfLine	_	_	_
# segment_iiif_link = https://impresso-project.ch/api/proxy/iiif/IMP-1979-08-06-a-p0012/83,1087,668,1151/full/0/default.jpg
d	O	O	O	O	O	O	_	_	NoSpaceAfter	_	_	_
'	O	O	O	O	O	O	_	_	NoSpaceAfter	_	_	_
échappés	O	O	O	O	O	O	_	_	_	_	_	_
compta	O	O	O	O	O	O	_	_	_	_	_	_
plus	O	O	O	O	O	O	_	_	_	_	_	_
de	O	O	O	O	O	O	_	_	_	_	_	_
deux	O	O	O	O	O	O	_	_	EndOfLine	_	_	_
# segment_iiif_link = https://impresso-project.ch/api/proxy/iiif/IMP-1979-08-06-a-p0012/83,1104,705,1168/full/0/default.jpg
minutes	O	O	O	O	O	O	_	_	_	_	_	_
d	O	O	O	O	O	O	_	_	NoSpaceAfter	_	_	_
'	O	O	O	O	O	O	_	_	NoSpaceAfter	_	_	_
avance	O	O	O	O	O	O	_	_	NoSpaceAfter	_	_	_
.	O	O	O	O	O	O	_	_	_	EndOfSentence	_	_
A	O	O	O	O	O	O	_	_	_	_	_	_
l	O	O	O	O	O	O	_	_	NoSpaceAfter	_	_	_
'	O	O	O	O	O	O	_	_	NoSpaceAfter	_	_	_
arrière	O	O	O	O	O	O	_	_	NoSpaceAfter	_	_	_
,	O	O	O	O	O	O	_	_	_	_	_	_
en	O	O	O	O	O	O	_	_	_	_	_	_
effet	O	O	O	O	O	O	_	_	NoSpaceAfter	_	_	_
,	O	O	O	O	O	O	_	_	EndOfLine	_	_	_
# segment_iiif_link = https://impresso-project.ch/api/proxy/iiif/IMP-1979-08-06-a-p0012/83,1122,687,1186/full/0/default.jpg
le	O	O	O	O	O	O	_	_	_	_	_	_
peloton	O	O	O	O	O	O	_	_	_	_	_	_
ne	O	O	O	O	O	O	_	_	_	_	_	_
réagit	O	O	O	O	O	O	_	_	_	_	_	_
pas	O	O	O	O	O	O	_	_	NoSpaceAfter	_	_	_
,	O	O	O	O	O	O	_	_	_	_	_	_
si	O	O	O	O	O	O	_	_	_	_	_	_
bien	O	O	O	O	O	O	_	_	_	_	_	_
qu	O	O	O	O	O	O	_	_	NoSpaceAfter	_	_	_
'	O	O	O	O	O	O	_	_	NoSpaceAfter	_	_	_
au	O	O	O	O	O	O	_	_	_	_	_	_
fil	O	O	O	O	O	O	_	_	EndOfLine	_	_	_
# segment_iiif_link = https://impresso-project.ch/api/proxy/iiif/IMP-1979-08-06-a-p0012/83,1139,648,1203/full/0/default.jpg
des	O	O	O	O	O	O	_	_	_	_	_	_
tours	O	O	O	O	O	O	_	_	_	_	_	_
l	O	O	O	O	O	O	_	_	NoSpaceAfter	_	_	_
'	O	O	O	O	O	O	_	_	NoSpaceAfter	_	_	_
écart	O	O	O	O	O	O	_	_	_	_	_	_
se	O	O	O	O	O	O	_	_	_	_	_	_
creusa	O	O	O	O	O	O	_	_	NoSpaceAfter	_	_	_
.	O	O	O	O	O	O	_	_	_	EndOfSentence	_	_
Au	O	O	O	O	O	O	_	_	_	_	_	_
sixième	O	O	O	O	O	O	_	_	EndOfLine	_	_	_
# segment_iiif_link = https://impresso-project.ch/api/proxy/iiif/IMP-1979-08-06-a-p0012/82,1155,678,1219/full/0/default.jpg
passage	O	O	O	O	O	O	_	_	NoSpaceAfter	_	_	_
,	O	O	O	O	O	O	_	_	_	_	_	_
l	O	O	O	O	O	O	_	_	NoSpaceAfter	_	_	_
'	O	O	O	O	O	O	_	_	NoSpaceAfter	_	_	_
avance	O	O	O	O	O	O	_	_	_	_	_	_
des	O	O	O	O	O	O	_	_	_	_	_	_
hommes	O	O	O	O	O	O	_	_	_	_	_	_
de	O	O	O	O	O	O	_	_	_	_	_	_
tête	O	O	O	O	O	O	_	_	EndOfLine	_	_	_
# segment_iiif_link = https://impresso-project.ch/api/proxy/iiif/IMP-1979-08-06-a-p0012/82,1173,694,1237/full/0/default.jpg
qui	O	O	O	O	O	O	_	_	_	_	_	_
ont	O	O	O	O	O	O	_	_	_	_	_	_
su	O	O	O	O	O	O	_	_	_	_	_	_
parfaitement	O	O	O	O	O	O	_	_	_	_	_	_
s	O	O	O	O	O	O	_	_	NoSpaceAfter	_	_	_
'	O	O	O	O	O	O	_	_	NoSpaceAfter	_	_	_
entendre	O	O	O	O	O	O	_	_	NoSpaceAfter	_	_	_
,	O	O	O	O	O	O	_	_	_	_	_	_
se	O	O	O	O	O	O	_	_	EndOfLine	_	_	_
# segment_iiif_link = https://impresso-project.ch/api/proxy/iiif/IMP-1979-08-06-a-p0012/83,1190,690,1254/full/0/default.jpg
chiffrait	O	O	O	O	O	O	_	_	_	_	_	_
à	O	O	O	O	O	O	_	_	_	_	_	_
plus	O	O	O	O	O	O	_	_	_	_	_	_
de	O	O	O	O	O	O	_	_	_	_	_	_
cinq	O	O	O	O	O	O	_	_	_	_	_	_
minutes	O	O	O	O	O	O	_	_	NoSpaceAfter	_	_	_
.	O	O	O	O	O	O	_	_	_	EndOfSentence	_	_
A	O	O	O	O	O	O	_	_	_	_	_	_
ce	O	O	O	O	O	O	_	_	EndOfLine	_	_	_
# segment_iiif_link = https://impresso-project.ch/api/proxy/iiif/IMP-1979-08-06-a-p0012/423,621,1036,685/full/0/default.jpg
moment	O	O	O	O	O	O	_	_	NoSpaceAfter	_	_	_
-	O	O	O	O	O	O	_	_	NoSpaceAfter	_	_	_
là	O	O	O	O	O	O	_	_	_	_	_	_
la	O	O	O	O	O	O	_	_	_	_	_	_
course	O	O	O	O	O	O	_	_	_	_	_	_
était	O	O	O	O	O	O	_	_	_	_	_	_
jouée	O	O	O	O	O	O	_	_	_	_	_	_
et	O	O	O	O	O	O	_	_	_	_	_	_
le	O	O	O	O	O	O	_	_	EndOfLine	_	_	_
# segment_iiif_link = https://impresso-project.ch/api/proxy/iiif/IMP-1979-08-06-a-p0012/423,638,986,702/full/0/default.jpg
titre	O	O	O	O	O	O	_	_	_	_	_	_
allait	O	O	O	O	O	O	_	_	_	_	_	_
se	O	O	O	O	O	O	_	_	_	_	_	_
disputer	O	O	O	O	O	O	_	_	_	_	_	_
entre	O	O	O	O	O	O	_	_	_	_	_	_
les	O	O	O	O	O	O	_	_	_	_	_	_
hommes	O	O	O	O	O	O	_	_	EndOfLine	_	_	_
# segment_iiif_link = https://impresso-project.ch/api/proxy/iiif/IMP-1979-08-06-a-p0012/424,655,1008,719/full/0/default.jpg
qui	O	O	O	O	O	O	_	_	_	_	_	_
avaient	O	O	O	O	O	O	_	_	_	_	_	_
pu	O	O	O	O	O	O	_	_	_	_	_	_
prendre	O	O	O	O	O	O	_	_	_	_	_	_
le	O	O	O	O	O	O	_	_	_	_	_	_
bon	O	O	O	O	O	O	_	_	_	_	_	_
wagon	O	O	O	O	O	O	_	_	NoSpaceAfter	_	_	_
.	O	O	O	O	O	O	_	_	EndOfLine	EndOfSentence	_	_
# segment_iiif_link = https://impresso-project.ch/api/proxy/iiif/IMP-1979-08-06-a-p0012/423,680,878,757/full/0/default.jpg
GREZET	O	O	O	O	O	O	_	_	_	_	_	_
TENTE	O	O	O	O	O	O	_	_	_	_	_	_
SA	O	O	O	O	O	O	_	_	_	_	_	_
CHANCE	O	O	O	O	O	O	_	_	EndOfLine	_	_	_
# segment_iiif_link = https://impresso-project.ch/api/proxy/iiif/IMP-1979-08-06-a-p0012/440,708,986,772/full/0/default.jpg
A	O	O	O	O	O	O	_	_	_	_	_	_
60	O	O	O	O	O	O	_	_	_	_	_	_
km	O	O	O	O	O	O	_	_	_	_	_	_
de	O	O	O	O	O	O	_	_	_	_	_	_
l	O	O	O	O	O	O	_	_	NoSpaceAfter	_	_	_
'	O	O	O	O	O	O	_	_	NoSpaceAfter	_	_	_
arrivée	O	O	O	O	O	O	_	_	NoSpaceAfter	_	_	_
,	O	O	O	O	O	O	_	_	_	_	_	_
le	O	O	O	O	O	O	_	_	_	_	_	_
Loclois	O	O	O	O	O	O	_	_	EndOfLine	_	_	_
# segment_iiif_link = https://impresso-project.ch/api/proxy/iiif/IMP-1979-08-06-a-p0012/423,726,1028,790/full/0/default.jpg
Jean	O	O	O	O	O	O	_	_	NoSpaceAfter	_	_	_
-	O	O	O	O	O	O	_	_	NoSpaceAfter	_	_	_
Marie	O	O	O	O	O	O	_	_	_	_	_	_
Grezet	O	O	O	O	O	O	_	_	_	_	_	_
tenta	O	O	O	O	O	O	_	_	_	_	_	_
sa	O	O	O	O	O	O	_	_	_	_	_	_
chance	O	O	O	O	O	O	_	_	NoSpaceAfter	_	_	_
.	O	O	O	O	O	O	_	_	_	EndOfSentence	_	_
En	O	O	O	O	O	O	_	_	EndOfLine	_	_	_
# segment_iiif_link = https://impresso-project.ch/api/proxy/iiif/IMP-1979-08-06-a-p0012/423,743,1041,806/full/0/default.jpg
excellente	O	O	O	O	O	O	_	_	_	_	_	_
_	O	O	O	O	O	O	_	_	NoSpaceAfter	_	_	_
condition	O	O	O	O	O	O	_	_	_	_	_	_
physique	O	O	O	O	O	O	_	_	NoSpaceAfter	_	_	_
,	O	O	O	O	O	O	_	_	_	_	_	_
très	O	O	O	O	O	O	_	_	_	_	_	_
à	O	O	O	O	O	O	_	_	EndOfLine	_	_	_
# segment_iiif_link = https://impresso-project.ch/api/proxy/iiif/IMP-1979-08-06-a-p0012/423,760,996,824/full/0/default.jpg
l	O	O	O	O	O	O	_	_	NoSpaceAfter	_	_	_
'	O	O	O	O	O	O	_	_	NoSpaceAfter	_	_	_
aise	O	O	O	O	O	O	_	_	_	_	_	_
sur	O	O	O	O	O	O	_	_	_	_	_	_
ce	O	O	O	O	O	O	_	_	_	_	_	_
parcours	O	O	O	O	O	O	_	_	NoSpaceAfter	_	_	_
,	O	O	O	O	O	O	_	_	_	_	_	_
il	O	O	O	O	O	O	_	_	_	_	_	_
faussa	O	O	O	O	O	O	_	_	EndOfLine	_	_	_
# segment_iiif_link = https://impresso-project.ch/api/proxy/iiif/IMP-1979-08-06-a-p0012/423,777,991,841/full/0/default.jpg
compagnie	O	O	O	O	O	O	_	_	_	_	_	_
aux	O	O	O	O	O	O	_	_	_	_	_	_
hommes	O	O	O	O	O	O	_	_	_	_	_	_
de	O	O	O	O	O	O	_	_	_	_	_	_
tête	O	O	O	O	O	O	_	_	NoSpaceAfter	_	_	_
.	O	O	O	O	O	O	_	_	_	EndOfSentence	_	_
Durant	O	O	O	O	O	O	_	_	EndOfLine	_	_	_
# segment_iiif_link = https://impresso-project.ch/api/proxy/iiif/IMP-1979-08-06-a-p0012/423,794,1031,858/full/0/default.jpg
une	O	O	O	O	O	O	_	_	_	_	_	_
dizaine	O	O	O	O	O	O	_	_	_	_	_	_
de	O	O	O	O	O	O	_	_	_	_	_	_
kilomètres	O	O	O	O	O	O	_	_	NoSpaceAfter	_	_	_
,	O	O	O	O	O	O	_	_	_	_	_	_
il	O	O	O	O	O	O	_	_	_	_	_	_
compta	O	O	O	O	O	O	_	_	_	_	_	_
25	O	O	O	O	O	O	_	_	EndOfLine	_	_	_
# segment_iiif_link = https://impresso-project.ch/api/proxy/iiif/IMP-1979-08-06-a-p0012/423,811,983,875/full/0/default.jpg
secondes	O	O	O	O	O	O	_	_	_	_	_	_
d	O	O	O	O	O	O	_	_	NoSpaceAfter	_	_	_
'	O	O	O	O	O	O	_	_	NoSpaceAfter	_	_	_
avance	O	O	O	O	O	O	_	_	NoSpaceAfter	_	_	_
.	O	O	O	O	O	O	_	_	_	EndOfSentence	_	_
Mais	O	O	O	O	O	O	_	_	_	_	_	_
ne	O	O	O	O	O	O	_	_	_	_	_	_
pouvant	O	O	O	O	O	O	_	_	EndOfLine	_	_	_
# segment_iiif_link = https://impresso-project.ch/api/proxy/iiif/IMP-1979-08-06-a-p0012/422,828,990,892/full/0/default.jpg
creuser	O	O	O	O	O	O	_	_	_	_	_	_
davantage	O	O	O	O	O	O	_	_	_	_	_	_
l	O	O	O	O	O	O	_	_	NoSpaceAfter	_	_	_
'	O	O	O	O	O	O	_	_	NoSpaceAfter	_	_	_
écart	O	O	O	O	O	O	_	_	NoSpaceAfter	_	_	_
,	O	O	O	O	O	O	_	_	_	_	_	_
il	O	O	O	O	O	O	_	_	_	_	_	_
préféra	O	O	O	O	O	O	_	_	EndOfLine	_	_	_
# segment_iiif_link = https://impresso-project.ch/api/proxy/iiif/IMP-1979-08-06-a-p0012/422,845,1034,909/full/0/default.jpg
renoncer	O	O	O	O	O	O	_	_	_	_	_	_
et	O	O	O	O	O	O	_	_	_	_	_	_
garder	O	O	O	O	O	O	_	_	_	_	_	_
ses	O	O	O	O	O	O	_	_	_	_	_	_
forces	O	O	O	O	O	O	_	_	_	_	_	_
pour	O	O	O	O	O	O	_	_	_	_	_	_
la	O	O	O	O	O	O	_	_	EndOfLine	_	_	_
# segment_iiif_link = https://impresso-project.ch/api/proxy/iiif/IMP-1979-08-06-a-p0012/421,863,1048,926/full/0/default.jpg
fin	O	O	O	O	O	O	_	_	_	_	_	_
de	O	O	O	O	O	O	_	_	_	_	_	_
la	O	O	O	O	O	O	_	_	_	_	_	_
course	O	O	O	O	O	O	_	_	NoSpaceAfter	_	_	_
.	O	O	O	O	O	O	_	_	_	EndOfSentence	_	_
Dans	O	O	O	O	O	O	_	_	_	_	_	_
le	O	O	O	O	O	O	_	_	_	_	_	_
dernier	O	O	O	O	O	O	_	_	_	_	_	_
tour	O	O	O	O	O	O	_	_	NoSpaceAfter	_	_	_
,	O	O	O	O	O	O	_	_	EndOfLine	_	_	_
# segment_iiif_link = https://impresso-project.ch/api/proxy/iiif/IMP-1979-08-06-a-p0012/422,879,1012,943/full/0/default.jpg
Kilian	O	O	O	O	O	O	_	_	_	_	_	_
Blum	O	O	O	O	O	O	_	_	_	_	_	_
essaya	O	O	O	O	O	O	_	_	_	_	_	_
de	O	O	O	O	O	O	_	_	_	_	_	_
s	O	O	O	O	O	O	_	_	NoSpaceAfter	_	_	_
'	O	O	O	O	O	O	_	_	NoSpaceAfter	_	_	_
échapper	O	O	O	O	O	O	_	_	_	_	_	_
mais	O	O	O	O	O	O	_	_	EndOfLine	_	_	_
# segment_iiif_link = https://impresso-project.ch/api/proxy/iiif/IMP-1979-08-06-a-p0012/422,897,1021,961/full/0/default.jpg
en	O	O	O	O	O	O	_	_	_	_	_	_
vain	O	O	O	O	O	O	_	_	NoSpaceAfter	_	_	_
.	O	O	O	O	O	O	_	_	_	EndOfSentence	_	_
Si	O	O	O	O	O	O	_	_	_	_	_	_
bien	O	O	O	O	O	O	_	_	_	_	_	_
que	O	O	O	O	O	O	_	_	_	_	_	_
c	O	O	O	O	O	O	_	_	NoSpaceAfter	_	_	_
'	O	O	O	O	O	O	_	_	NoSpaceAfter	_	_	_
est	O	O	O	O	O	O	_	_	_	_	_	_
groupés	O	O	O	O	O	O	_	_	_	_	_	_
que	O	O	O	O	O	O	_	_	EndOfLine	_	_	_
# segment_iiif_link = https://impresso-project.ch/api/proxy/iiif/IMP-1979-08-06-a-p0012/422,914,987,977/full/0/default.jpg
les	O	O	O	O	O	O	_	_	_	_	_	_
hommes	O	O	O	O	O	O	_	_	_	_	_	_
de	O	O	O	O	O	O	_	_	_	_	_	_
tête	O	O	O	O	O	O	_	_	NoSpaceAfter	_	_	_
,	O	O	O	O	O	O	_	_	_	_	_	_
dont	O	O	O	O	O	O	_	_	_	_	_	_
le	O	O	O	O	O	O	_	_	_	_	_	_
nombre	O	O	O	O	O	O	_	_	EndOfLine	_	_	_
# segment_iiif_link = https://impresso-project.ch/api/proxy/iiif/IMP-1979-08-06-a-p0012/422,931,960,995/full/0/default.jpg
avait	O	O	O	O	O	O	_	_	_	_	_	_
été	O	O	O	O	O	O	_	_	_	_	_	_
réduit	O	O	O	O	O	O	_	_	_	_	_	_
à	O	O	O	O	O	O	_	_	_	_	_	_
13	O	O	O	O	O	O	_	_	_	_	_	_
unités	O	O	O	O	O	O	_	_	NoSpaceAfter	_	_	_
,	O	O	O	O	O	O	_	_	_	_	_	_
abordèrent	O	O	O	O	O	O	_	_	EndOfLine	_	_	_
# segment_iiif_link = https://impresso-project.ch/api/proxy/iiif/IMP-1979-08-06-a-p0012/422,948,1028,1012/full/0/default.jpg
pour	O	O	O	O	O	O	_	_	_	_	_	_
la	O	O	O	O	O	O	_	_	_	_	_	_
dernière	O	O	O	O	O	O	_	_	_	_	_	_
fois	O	O	O	O	O	O	_	_	_	_	_	_
la	O	O	O	O	O	O	_	_	_	_	_	_
côte	O	O	O	O	O	O	_	_	_	_	_	_
de	O	O	O	O	O	O	_	_	EndOfLine	_	_	_
# segment_iiif_link = https://impresso-project.ch/api/proxy/iiif/IMP-1979-08-06-a-p0012/422,965,1045,1029/full/0/default.jpg
Sorengo	O	O	O	O	O	O	_	_	NoSpaceAfter	_	_	_
.	O	O	O	O	O	O	_	_	_	EndOfSentence	_	_
A	O	O	O	O	O	O	_	_	_	_	_	_
200	O	O	O	O	O	O	_	_	_	_	_	_
mètres	O	O	O	O	O	O	_	_	_	_	_	_
de	O	O	O	O	O	O	_	_	_	_	_	_
l	O	O	O	O	O	O	_	_	NoSpaceAfter	_	_	_
'	O	O	O	O	O	O	_	_	NoSpaceAfter	_	_	_
arrivée	O	O	O	O	O	O	_	_	NoSpaceAfter	_	_	_
,	O	O	O	O	O	O	_	_	EndOfLine	_	_	_
# segment_iiif_link = https://impresso-project.ch/api/proxy/iiif/IMP-1979-08-06-a-p0012/422,982,1021,1046/full/0/default.jpg
Grezet	O	O	O	O	O	O	_	_	_	_	_	_
prit	O	O	O	O	O	O	_	_	_	_	_	_
le	O	O	O	O	O	O	_	_	_	_	_	_
commandement	O	O	O	O	O	O	_	_	_	_	_	_
des	O	O	O	O	O	O	_	_	EndOfLine	_	_	_
# segment_iiif_link = https://impresso-project.ch/api/proxy/iiif/IMP-1979-08-06-a-p0012/422,999,1027,1063/full/0/default.jpg
opérations	O	O	O	O	O	O	_	_	_	_	_	_
mais	O	O	O	O	O	O	_	_	_	_	_	_
il	O	O	O	O	O	O	_	_	_	_	_	_
ne	O	O	O	O	O	O	_	_	_	_	_	_
put	O	O	O	O	O	O	_	_	_	_	_	_
résister	O	O	O	O	O	O	_	_	_	_	_	_
au	O	O	O	O	O	O	_	_	EndOfLine	_	_	_
# segment_iiif_link = https://impresso-project.ch/api/proxy/iiif/IMP-1979-08-06-a-p0012/422,1016,1005,1080/full/0/default.jpg
retour	O	O	O	O	O	O	_	_	_	_	_	_
de	O	O	O	O	O	O	_	_	_	_	_	_
Trinkler	O	O	O	O	O	O	_	_	_	_	_	_
et	O	O	O	O	O	O	_	_	_	_	_	_
de	O	O	O	O	O	O	_	_	_	_	_	_
Blum	O	O	O	O	O	O	_	_	NoSpaceAfter	_	_	_
.	O	O	O	O	O	O	_	_	_	EndOfSentence	_	_
Blum	O	O	O	O	O	O	_	_	EndOfLine	_	_	_
# segment_iiif_link = https://impresso-project.ch/api/proxy/iiif/IMP-1979-08-06-a-p0012/422,1033,975,1097/full/0/default.jpg
semblait	O	O	O	O	O	O	_	_	_	_	_	_
bien	O	O	O	O	O	O	_	_	_	_	_	_
placé	O	O	O	O	O	O	_	_	_	_	_	_
pour	O	O	O	O	O	O	_	_	_	_	_	_
l	O	O	O	O	O	O	_	_	NoSpaceAfter	_	_	_
'	O	O	O	O	O	O	_	_	NoSpaceAfter	_	_	_
emporter	O	O	O	O	O	O	_	_	EndOfLine	_	_	_
# segment_iiif_link = https://impresso-project.ch/api/proxy/iiif/IMP-1979-08-06-a-p0012/422,1050,994,1115/full/0/default.jpg
lorsqu	O	O	O	O	O	O	_	_	NoSpaceAfter	_	_	_
'	O	O	O	O	O	O	_	_	NoSpaceAfter	_	_	_
il	O	O	O	O	O	O	_	_	_	_	_	_
cassa	O	O	O	O	O	O	_	_	_	_	_	_
la	O	O	O	O	O	O	_	_	_	_	_	_
courroie	O	O	O	O	O	O	_	_	_	_	_	_
de	O	O	O	O	O	O	_	_	_	_	_	_
sa	O	O	O	O	O	O	_	_	_	_	_	_
pédale	O	O	O	O	O	O	_	_	EndOfLine	_	_	_
# segment_iiif_link = https://impresso-project.ch/api/proxy/iiif/IMP-1979-08-06-a-p0012/422,1067,1043,1131/full/0/default.jpg
gauche	O	O	O	O	O	O	_	_	NoSpaceAfter	_	_	_
,	O	O	O	O	O	O	_	_	_	_	_	_
à	O	O	O	O	O	O	_	_	_	_	_	_
vingt	O	O	O	O	O	O	_	_	_	_	_	_
mètres	O	O	O	O	O	O	_	_	_	_	_	_
de	O	O	O	O	O	O	_	_	_	_	_	_
la	O	O	O	O	O	O	_	_	_	_	_	_
ligne	O	O	O	O	O	O	_	_	NoSpaceAfter	_	_	_
.	O	O	O	O	O	O	_	_	EndOfLine	EndOfSentence	_	_
# segment_iiif_link = https://impresso-project.ch/api/proxy/iiif/IMP-1979-08-06-a-p0012/422,1085,936,1149/full/0/default.jpg
Trinkler	O	O	O	O	O	O	_	_	_	_	_	_
le	O	O	O	O	O	O	_	_	_	_	_	_
battait	O	O	O	O	O	O	_	_	_	_	_	_
alors	O	O	O	O	O	O	_	_	_	_	_	_
sur	O	O	O	O	O	O	_	_	_	_	_	_
le	O	O	O	O	O	O	_	_	_	_	_	_
fil	O	O	O	O	O	O	_	_	NoSpaceAfter	_	_	_
.	O	O	O	O	O	O	_	_	EndOfLine	EndOfSentence	_	_
# segment_iiif_link = https://impresso-project.ch/api/proxy/iiif/IMP-1979-08-06-a-p0012/420,1113,775,1177/full/0/default.jpg
LE	O	O	O	O	O	O	_	_	_	_	_	_
LOCLOIS	O	O	O	O	O	O	_	_	_	_	_	_
SATISFAIT	O	O	O	O	O	O	_	_	EndOfLine	_	_	_
# segment_iiif_link = https://impresso-project.ch/api/proxy/iiif/IMP-1979-08-06-a-p0012/438,1138,984,1202/full/0/default.jpg
A	O	O	O	O	O	O	_	_	_	_	_	_
l	O	O	O	O	O	O	_	_	NoSpaceAfter	_	_	_
'	O	O	O	O	O	O	_	_	NoSpaceAfter	_	_	_
arrivée	O	O	O	O	O	O	_	_	NoSpaceAfter	_	_	_
,	O	O	O	O	O	O	_	_	_	_	_	_
vivement	O	O	O	O	O	O	_	_	_	_	_	_
éprouvé	O	O	O	O	O	O	_	_	NoSpaceAfter	_	_	_
,	O	O	O	O	O	O	_	_	EndOfLine	_	_	_
# segment_iiif_link = https://impresso-project.ch/api/proxy/iiif/IMP-1979-08-06-a-p0012/421,1155,993,1219/full/0/default.jpg
Jean	O	O	O	O	O	O	_	_	NoSpaceAfter	_	_	_
-	O	O	O	O	O	O	_	_	NoSpaceAfter	_	_	_
Marie	O	O	O	O	O	O	_	_	_	_	_	_
Grezet	O	O	O	O	O	O	_	_	_	_	_	_
affichait	O	O	O	O	O	O	_	_	_	_	_	_
un	O	O	O	O	O	O	_	_	_	_	_	_
sourire	O	O	O	O	O	O	_	_	EndOfLine	_	_	_
# segment_iiif_link = https://impresso-project.ch/api/proxy/iiif/IMP-1979-08-06-a-p0012/421,1172,988,1236/full/0/default.jpg
radieux	O	O	O	O	O	O	_	_	_	_	_	_
:	O	O	O	O	O	O	_	_	_	_	_	_
«	O	O	O	O	O	O	_	_	_	_	_	_
Je	O	O	O	O	O	O	_	_	_	_	_	_
suis	O	O	O	O	O	O	_	_	_	_	_	_
extrêmement	O	O	O	O	O	O	_	_	_	_	_	_
content	O	O	O	O	O	O	_	_	EndOfLine	_	_	_
# segment_iiif_link = https://impresso-project.ch/api/proxy/iiif/IMP-1979-08-06-a-p0012/421,1189,1026,1253/full/0/default.jpg
de	O	O	O	O	O	O	_	_	_	_	_	_
ma	O	O	O	O	O	O	_	_	_	_	_	_
performance	O	O	O	O	O	O	_	_	NoSpaceAfter	_	_	_
.	O	O	O	O	O	O	_	_	_	_	_	_
J	O	O	O	O	O	O	_	_	NoSpaceAfter	_	_	_
'	O	O	O	O	O	O	_	_	NoSpaceAfter	_	_	_
étais	O	O	O	O	O	O	_	_	_	_	_	_
dans	O	O	O	O	O	O	_	_	_	_	_	_
un	O	O	O	O	O	O	_	_	EndOfLine	_	_	_
# segment_iiif_link = https://impresso-project.ch/api/proxy/iiif/IMP-1979-08-06-a-p0012/421,1206,1028,1270/full/0/default.jpg
excellent	O	O	O	O	O	O	_	_	_	_	_	_
jour	O	O	O	O	O	O	_	_	NoSpaceAfter	_	_	_
.	O	O	O	O	O	O	_	_	_	_	_	_
Tout	O	O	O	O	O	O	_	_	_	_	_	_
au	O	O	O	O	O	O	_	_	_	_	_	_
long	O	O	O	O	O	O	_	_	_	_	_	_
de	O	O	O	O	O	O	_	_	EndOfLine	_	_	_
# segment_iiif_link = https://impresso-project.ch/api/proxy/iiif/IMP-1979-08-06-a-p0012/421,1223,1024,1287/full/0/default.jpg
l	O	O	O	O	O	O	_	_	NoSpaceAfter	_	_	_
'	O	O	O	O	O	O	_	_	NoSpaceAfter	_	_	_
épreuve	O	O	O	O	O	O	_	_	_	_	_	_
je	O	O	O	O	O	O	_	_	_	_	_	_
me	O	O	O	O	O	O	_	_	_	_	_	_
suis	O	O	O	O	O	O	_	_	_	_	_	_
senti	O	O	O	O	O	O	_	_	_	_	_	_
bien	O	O	O	O	O	O	_	_	NoSpaceAfter	_	_	_
.	O	O	O	O	O	O	_	_	_	_	_	_
C	O	O	O	O	O	O	_	_	NoSpaceAfter	_	_	_
'	O	O	O	O	O	O	_	_	NoSpaceAfter	_	_	_
est	O	O	O	O	O	O	_	_	EndOfLine	_	_	_
# segment_iiif_link = https://impresso-project.ch/api/proxy/iiif/IMP-1979-08-06-a-p0012/421,1241,1027,1305/full/0/default.jpg
d	O	O	O	O	O	O	_	_	NoSpaceAfter	_	_	_
'	O	O	O	O	O	O	_	_	NoSpaceAfter	_	_	_
ailleurs	O	O	O	O	O	O	_	_	_	_	_	_
la	O	O	O	O	O	O	_	_	_	_	_	_
raison	O	O	O	O	O	O	_	_	_	_	_	_
pour	O	O	O	O	O	O	_	_	_	_	_	_
laquelle	O	O	O	O	O	O	_	_	NoSpaceAfter	_	_	_
,	O	O	O	O	O	O	_	_	_	_	_	_
au	O	O	O	O	O	O	_	_	EndOfLine	_	_	_
# segment_iiif_link = https://impresso-project.ch/api/proxy/iiif/IMP-1979-08-06-a-p0012/421,1258,977,1321/full/0/default.jpg
huitième	O	O	O	O	O	O	_	_	_	_	_	_
tour	O	O	O	O	O	O	_	_	NoSpaceAfter	_	_	_
,	O	O	O	O	O	O	_	_	_	_	_	_
j	O	O	O	O	O	O	_	_	NoSpaceAfter	_	_	_
'	O	O	O	O	O	O	_	_	NoSpaceAfter	_	_	_
ai	O	O	O	O	O	O	_	_	_	_	_	_
démarré	O	O	O	O	O	O	_	_	EndOfLine	_	_	_
# segment_iiif_link = https://impresso-project.ch/api/proxy/iiif/IMP-1979-08-06-a-p0012/420,1275,1011,1339/full/0/default.jpg
relativement	O	O	O	O	O	O	_	_	_	_	_	_
facilement	O	O	O	O	O	O	_	_	NoSpaceAfter	_	_	_
.	O	O	O	O	O	O	_	_	_	_	_	_
Mais	O	O	O	O	O	O	_	_	_	_	_	_
l	O	O	O	O	O	O	_	_	NoSpaceAfter	_	_	_
'	O	O	O	O	O	O	_	_	NoSpaceAfter	_	_	_
arrivée	O	O	O	O	O	O	_	_	_	_	_	_
était	O	O	O	O	O	O	_	_	EndOfLine	_	_	_
# segment_iiif_link = https://impresso-project.ch/api/proxy/iiif/IMP-1979-08-06-a-p0012/420,1292,1032,1356/full/0/default.jpg
trop	O	O	O	O	O	O	_	_	_	_	_	_
loin	O	O	O	O	O	O	_	_	_	_	_	_
et	O	O	O	O	O	O	_	_	NoSpaceAfter	_	_	_
,	O	O	O	O	O	O	_	_	_	_	_	_
c	O	O	O	O	O	O	_	_	NoSpaceAfter	_	_	_
'	O	O	O	O	O	O	_	_	NoSpaceAfter	_	_	_
est	O	O	O	O	O	O	_	_	_	_	_	_
pourquoi	O	O	O	O	O	O	_	_	_	_	_	_
j	O	O	O	O	O	O	_	_	NoSpaceAfter	_	_	_
'	O	O	O	O	O	O	_	_	NoSpaceAfter	_	_	_
ai	O	O	O	O	O	O	_	_	EndOfLine	_	_	_
# segment_iiif_link = https://impresso-project.ch/api/proxy/iiif/IMP-1979-08-06-a-p0012/420,1309,1031,1373/full/0/default.jpg
finalement	O	O	O	O	O	O	_	_	_	_	_	_
décidé	O	O	O	O	O	O	_	_	_	_	_	_
de	O	O	O	O	O	O	_	_	_	_	_	_
renoncer	O	O	O	O	O	O	_	_	_	_	_	_
et	O	O	O	O	O	O	_	_	EndOfLine	_	_	_
# segment_iiif_link = https://impresso-project.ch/api/proxy/iiif/IMP-1979-08-06-a-p0012/421,1326,1003,1390/full/0/default.jpg
attendre	O	O	O	O	O	O	_	_	_	_	_	_
mes	O	O	O	O	O	O	_	_	_	_	_	_
adversaires	O	O	O	O	O	O	_	_	NoSpaceAfter	_	_	_
.	O	O	O	O	O	O	_	_	_	_	_	_
»	O	O	O	O	O	O	_	_	_	_	_	_
Cette	O	O	O	O	O	O	_	_	EndOfLine	_	_	_
# segment_iiif_link = https://impresso-project.ch/api/proxy/iiif/IMP-1979-08-06-a-p0012/421,1342,990,1406/full/0/default.jpg
médaille	O	O	O	O	O	O	_	_	_	_	_	_
de	O	O	O	O	O	O	_	_	_	_	_	_
bronze	O	O	O	O	O	O	_	_	_	_	_	_
est	O	O	O	O	O	O	_	_	_	_	_	_
de	O	O	O	O	O	O	_	_	_	_	_	_
bon	O	O	O	O	O	O	_	_	_	_	_	_
augure	O	O	O	O	O	O	_	_	EndOfLine	_	_	_
# segment_iiif_link = https://impresso-project.ch/api/proxy/iiif/IMP-1979-08-06-a-p0012/420,1360,963,1424/full/0/default.jpg
pour	O	O	O	O	O	O	_	_	_	_	_	_
Jean	O	O	O	O	O	O	_	_	NoSpaceAfter	_	_	_
-	O	O	O	O	O	O	_	_	NoSpaceAfter	_	_	_
Marie	O	O	O	O	O	O	_	_	_	_	_	_
Grezet	O	O	O	O	O	O	_	_	_	_	_	_
qui	O	O	O	O	O	O	_	_	NoSpaceAfter	_	_	_
,	O	O	O	O	O	O	_	_	EndOfLine	_	_	_
# segment_iiif_link = https://impresso-project.ch/api/proxy/iiif/IMP-1979-08-06-a-p0012/421,1377,1009,1441/full/0/default.jpg
rappelonsle	O	O	O	O	O	O	_	_	NoSpaceAfter	_	_	_
,	O	O	O	O	O	O	_	_	_	_	_	_
a	O	O	O	O	O	O	_	_	_	_	_	_
été	O	O	O	O	O	O	_	_	_	_	_	_
sélectionné	O	O	O	O	O	O	_	_	_	_	_	_
pour	O	O	O	O	O	O	_	_	_	_	_	_
le	O	O	O	O	O	O	_	_	_	_	_	_
Grand	O	O	O	O	O	O	_	_	_	_	_	_
Prix	O	O	O	O	O	O	_	_	EndOfLine	_	_	_
# segment_iiif_link = https://impresso-project.ch/api/proxy/iiif/IMP-1979-08-06-a-p0012/421,1394,1030,1458/full/0/default.jpg
Guillaume	O	O	O	O	O	O	_	_	_	_	_	_
Tell	O	O	O	O	O	O	_	_	_	_	_	_
qui	O	O	O	O	O	O	_	_	_	_	_	_
se	O	O	O	O	O	O	_	_	_	_	_	_
déroulera	O	O	O	O	O	O	_	_	_	_	_	_
la	O	O	O	O	O	O	_	_	EndOfLine	_	_	_
# segment_iiif_link = https://impresso-project.ch/api/proxy/iiif/IMP-1979-08-06-a-p0012/420,1411,996,1475/full/0/default.jpg
semaine	O	O	O	O	O	O	_	_	_	_	_	_
prochaine	O	O	O	O	O	O	_	_	NoSpaceAfter	_	_	_
.	O	O	O	O	O	O	_	_	_	EndOfSentence	_	_
Quant	O	O	O	O	O	O	_	_	_	_	_	_
aux	O	O	O	O	O	O	_	_	_	_	_	_
autres	O	O	O	O	O	O	_	_	EndOfLine	_	_	_
# segment_iiif_link = https://impresso-project.ch/api/proxy/iiif/IMP-1979-08-06-a-p0012/421,1428,1020,1492/full/0/default.jpg
concurrents	O	O	O	O	O	O	_	_	_	_	_	_
neuchâtelois	O	O	O	O	O	O	_	_	NoSpaceAfter	_	_	_
,	O	O	O	O	O	O	_	_	_	_	_	_
ils	O	O	O	O	O	O	_	_	_	_	_	_
ont	O	O	O	O	O	O	_	_	_	_	_	_
été	O	O	O	O	O	O	_	_	EndOfLine	_	_	_
# segment_iiif_link = https://impresso-project.ch/api/proxy/iiif/IMP-1979-08-06-a-p0012/765,360,1356,424/full/0/default.jpg
moins	O	O	O	O	O	O	_	_	_	_	_	_
heureux	O	O	O	O	O	O	_	_	NoSpaceAfter	_	_	_
,	O	O	O	O	O	O	_	_	_	_	_	_
puisqu	O	O	O	O	O	O	_	_	NoSpaceAfter	_	_	_
'	O	O	O	O	O	O	_	_	NoSpaceAfter	_	_	_
ils	O	O	O	O	O	O	_	_	_	_	_	_
ont	O	O	O	O	O	O	_	_	_	_	_	_
tous	O	O	O	O	O	O	_	_	EndOfLine	_	_	_
# segment_iiif_link = https://impresso-project.ch/api/proxy/iiif/IMP-1979-08-06-a-p0012/764,377,937,441/full/0/default.jpg
abandonné	O	O	O	O	O	O	_	_	NoSpaceAfter	_	_	_
.	O	O	O	O	O	O	_	_	EndOfLine	EndOfSentence	_	_
# segment_iiif_link = https://impresso-project.ch/api/proxy/iiif/IMP-1979-08-06-a-p0012/781,402,1358,466/full/0/default.jpg
1	O	O	O	O	O	O	_	_	NoSpaceAfter	_	_	_
.	O	O	O	O	O	O	_	_	_	_	_	_
Richard	O	O	O	O	O	O	_	_	_	_	_	_
Trinckler	O	O	O	O	O	O	_	_	_	_	_	_
(	O	O	O	O	O	O	_	_	NoSpaceAfter	_	_	_
Winterthour	O	O	O	O	O	O	_	_	NoSpaceAfter	_	_	_
)	O	O	O	O	O	O	_	_	_	_	_	_
12	O	O	O	O	O	O	_	_	EndOfLine	_	_	_
# segment_iiif_link = https://impresso-project.ch/api/proxy/iiif/IMP-1979-08-06-a-p0012/764,419,1322,482/full/0/default.jpg
tours	O	O	O	O	O	O	_	_	_	_	_	_
=	O	O	O	O	O	O	_	_	_	_	_	_
180	O	O	O	O	O	O	_	_	_	_	_	_
km	O	O	O	O	O	O	_	_	_	_	_	_
en	O	O	O	O	O	O	_	_	_	_	_	_
4	O	O	O	O	O	O	_	_	_	_	_	_
h	O	O	O	O	O	O	_	_	NoSpaceAfter	_	_	_
.	O	O	O	O	O	O	_	_	_	EndOfSentence	_	_
17	O	O	O	O	O	O	_	_	NoSpaceAfter	_	_	_
'	O	O	O	O	O	O	_	_	NoSpaceAfter	_	_	_
05	O	O	O	O	O	O	_	_	_	_	_	_
"	O	O	O	O	O	O	_	_	_	_	_	_
(	O	O	O	O	O	O	_	_	NoSpaceAfter	_	_	_
moyenne	O	O	O	O	O	O	_	_	EndOfLine	_	_	_
# segment_iiif_link = https://impresso-project.ch/api/proxy/iiif/IMP-1979-08-06-a-p0012/763,436,1378,499/full/0/default.jpg
42	O	O	O	O	O	O	_	_	_	_	_	_
km	O	O	O	O	O	O	_	_	NoSpaceAfter	_	_	_
.	O	O	O	O	O	O	_	_	_	_	_	_
009	O	O	O	O	O	O	_	_	_	_	_	_
)	O	O	O	O	O	O	_	_	NoSpaceAfter	_	_	_
;	O	O	O	O	O	O	_	_	_	EndOfSentence	_	_
2	O	O	O	O	O	O	_	_	NoSpaceAfter	_	_	_
.	O	O	O	O	O	O	_	_	_	_	_	_
Kilian	O	O	O	O	O	O	_	_	_	_	_	_
Blum	O	O	O	O	O	O	_	_	_	_	_	_
(	O	O	O	O	O	O	_	_	NoSpaceAfter	_	_	_
Pfaffnau	O	O	O	O	O	O	_	_	_	_	_	_
)	O	O	O	O	O	O	_	_	NoSpaceAfter	_	_	_
;	O	O	O	O	O	O	_	_	EndOfLine	EndOfSentence	_	_
# segment_iiif_link = https://impresso-project.ch/api/proxy/iiif/IMP-1979-08-06-a-p0012/763,453,1306,517/full/0/default.jpg
3	O	O	O	O	O	O	_	_	NoSpaceAfter	_	_	_
.	O	O	O	O	O	O	_	_	_	_	_	_
Jean	O	O	O	O	O	O	_	_	NoSpaceAfter	_	_	_
-	O	O	O	O	O	O	_	_	NoSpaceAfter	_	_	_
Marie	O	O	O	O	O	O	_	_	_	_	_	_
Grezet	O	O	O	O	O	O	_	_	_	_	_	_
(	O	O	O	O	O	O	_	_	NoSpaceAfter	_	_	_
La	O	O	O	O	O	O	_	_	EndOfLine	_	_	_
# segment_iiif_link = https://impresso-project.ch/api/proxy/iiif/IMP-1979-08-06-a-p0012/763,469,1330,533/full/0/default.jpg
Chaux	O	O	O	O	O	O	_	_	NoSpaceAfter	_	_	_
-	O	O	O	O	O	O	_	_	NoSpaceAfter	_	_	_
de	O	O	O	O	O	O	_	_	NoSpaceAfter	_	_	_
-	O	O	O	O	O	O	_	_	NoSpaceAfter	_	_	_
Fonds	O	O	O	O	O	O	_	_	NoSpaceAfter	_	_	_
)	O	O	O	O	O	O	_	_	NoSpaceAfter	_	_	_
,	O	O	O	O	O	O	_	_	_	_	_	_
même	O	O	O	O	O	O	_	_	_	_	_	_
temps	O	O	O	O	O	O	_	_	_	EndOfSentence	_	_
;	O	O	O	O	O	O	_	_	_	_	_	_
4	O	O	O	O	O	O	_	_	NoSpaceAfter	_	_	_
.	O	O	O	O	O	O	_	_	_	_	_	_
Urs	O	O	O	O	O	O	_	_	_	_	_	_
Groebli	O	O	O	O	O	O	_	_	EndOfLine	_	_	_
# segment_iiif_link = https://impresso-project.ch/api/proxy/iiif/IMP-1979-08-06-a-p0012/763,486,1343,550/full/0/default.jpg
(	O	O	O	O	O	O	_	_	NoSpaceAfter	_	_	_
Neftenbach	O	O	O	O	O	O	_	_	NoSpaceAfter	_	_	_
)	O	O	O	O	O	O	_	_	_	_	_	_
à	O	O	O	O	O	O	_	_	_	_	_	_
10	O	O	O	O	O	O	_	_	_	_	_	_
"	O	O	O	O	O	O	_	_	NoSpaceAfter	_	_	_
;	O	O	O	O	O	O	_	_	_	EndOfSentence	_	_
5	O	O	O	O	O	O	_	_	NoSpaceAfter	_	_	_
.	O	O	O	O	O	O	_	_	_	_	_	_
Urban	O	O	O	O	O	O	_	_	_	_	_	_
Fuchs	O	O	O	O	O	O	_	_	EndOfLine	_	_	_
# segment_iiif_link = https://impresso-project.ch/api/proxy/iiif/IMP-1979-08-06-a-p0012/764,503,1343,567/full/0/default.jpg
(	O	O	O	O	O	O	_	_	NoSpaceAfter	_	_	_
Cham	O	O	O	O	O	O	_	_	NoSpaceAfter	_	_	_
)	O	O	O	O	O	O	_	_	NoSpaceAfter	_	_	_
,	O	O	O	O	O	O	_	_	_	_	_	_
même	O	O	O	O	O	O	_	_	_	_	_	_
temps	O	O	O	O	O	O	_	_	_	EndOfSentence	_	_
;	O	O	O	O	O	O	_	_	_	_	_	_
6	O	O	O	O	O	O	_	_	NoSpaceAfter	_	_	_
.	O	O	O	O	O	O	_	_	_	_	_	_
Sigfried	O	O	O	O	O	O	_	_	EndOfLine	_	_	_
# segment_iiif_link = https://impresso-project.ch/api/proxy/iiif/IMP-1979-08-06-a-p0012/763,522,1330,585/full/0/default.jpg
Hekimi	O	O	O	O	O	O	_	_	_	_	_	_
(	O	O	O	O	O	O	_	_	NoSpaceAfter	_	_	_
Genève	O	O	O	O	O	O	_	_	NoSpaceAfter	_	_	_
)	O	O	O	O	O	O	_	_	_	_	_	_
à	O	O	O	O	O	O	_	_	_	_	_	_
13	O	O	O	O	O	O	_	_	_	_	_	_
"	O	O	O	O	O	O	_	_	NoSpaceAfter	_	_	_
;	O	O	O	O	O	O	_	_	_	EndOfSentence	_	_
7	O	O	O	O	O	O	_	_	NoSpaceAfter	_	_	_
.	O	O	O	O	O	O	_	_	_	_	_	_
Patrick	O	O	O	O	O	O	_	_	_	_	_	_
Novelle	O	O	O	O	O	O	_	_	EndOfLine	_	_	_
# segment_iiif_link = https://impresso-project.ch/api/proxy/iiif/IMP-1979-08-06-a-p0012/763,538,1339,602/full/0/default.jpg
(	O	O	O	O	O	O	_	_	NoSpaceAfter	_	_	_
Aire	O	O	O	O	O	O	_	_	_	_	_	_
la	O	O	O	O	O	O	_	_	_	_	_	_
Ville	O	O	O	O	O	O	_	_	NoSpaceAfter	_	_	_
)	O	O	O	O	O	O	_	_	NoSpaceAfter	_	_	_
,	O	O	O	O	O	O	_	_	_	_	_	_
même	O	O	O	O	O	O	_	_	_	_	_	_
temps	O	O	O	O	O	O	_	_	_	EndOfSentence	_	_
;	O	O	O	O	O	O	_	_	_	_	_	_
8	O	O	O	O	O	O	_	_	NoSpaceAfter	_	_	_
.	O	O	O	O	O	O	_	_	_	_	_	_
Eugen	O	O	O	O	O	O	_	_	EndOfLine	_	_	_
# segment_iiif_link = https://impresso-project.ch/api/proxy/iiif/IMP-1979-08-06-a-p0012/763,556,1334,619/full/0/default.jpg
Gaehwiler	O	O	O	O	O	O	_	_	_	_	_	_
(	O	O	O	O	O	O	_	_	NoSpaceAfter	_	_	_
Zurich	O	O	O	O	O	O	_	_	NoSpaceAfter	_	_	_
)	O	O	O	O	O	O	_	_	_	_	_	_
à	O	O	O	O	O	O	_	_	_	_	_	_
20	O	O	O	O	O	O	_	_	_	_	_	_
"	O	O	O	O	O	O	_	_	NoSpaceAfter	_	_	_
;	O	O	O	O	O	O	_	_	_	EndOfSentence	_	_
9	O	O	O	O	O	O	_	_	NoSpaceAfter	_	_	_
.	O	O	O	O	O	O	_	_	_	_	_	_
Robert	O	O	O	O	O	O	_	_	EndOfLine	_	_	_
# segment_iiif_link = https://impresso-project.ch/api/proxy/iiif/IMP-1979-08-06-a-p0012/762,572,1339,636/full/0/default.jpg
Thalmann	O	O	O	O	O	O	_	_	_	_	_	_
(	O	O	O	O	O	O	_	_	NoSpaceAfter	_	_	_
Pfaffnau	O	O	O	O	O	O	_	_	NoSpaceAfter	_	_	_
)	O	O	O	O	O	O	_	_	_	_	_	_
à	O	O	O	O	O	O	_	_	_	_	_	_
30	O	O	O	O	O	O	_	_	_	_	_	_
"	O	O	O	O	O	O	_	_	NoSpaceAfter	_	_	_
;	O	O	O	O	O	O	_	_	_	EndOfSentence	_	_
10	O	O	O	O	O	O	_	_	NoSpaceAfter	_	_	_
.	O	O	O	O	O	O	_	_	_	_	_	_
André	O	O	O	O	O	O	_	_	EndOfLine	_	_	_
# segment_iiif_link = https://impresso-project.ch/api/proxy/iiif/IMP-1979-08-06-a-p0012/762,590,1358,653/full/0/default.jpg
Massard	O	O	O	O	O	O	_	_	_	_	_	_
(	O	O	O	O	O	O	_	_	NoSpaceAfter	_	_	_
Bulle	O	O	O	O	O	O	_	_	NoSpaceAfter	_	_	_
)	O	O	O	O	O	O	_	_	_	_	_	_
à	O	O	O	O	O	O	_	_	_	_	_	_
35	O	O	O	O	O	O	_	_	_	_	_	_
"	O	O	O	O	O	O	_	_	NoSpaceAfter	_	_	_
;	O	O	O	O	O	O	_	_	_	EndOfSentence	_	_
11	O	O	O	O	O	O	_	_	NoSpaceAfter	_	_	_
.	O	O	O	O	O	O	_	_	_	_	_	_
Heinz	O	O	O	O	O	O	_	_	EndOfLine	_	_	_
# segment_iiif_link = https://impresso-project.ch/api/proxy/iiif/IMP-1979-08-06-a-p0012/762,607,1359,671/full/0/default.jpg
Siegenthaler	O	O	O	O	O	O	_	_	_	_	_	_
(	O	O	O	O	O	O	_	_	NoSpaceAfter	_	_	_
Winterthour	O	O	O	O	O	O	_	_	NoSpaceAfter	_	_	_
)	O	O	O	O	O	O	_	_	_	_	_	_
à	O	O	O	O	O	O	_	_	_	_	_	_
49	O	O	O	O	O	O	_	_	_	_	_	_
"	O	O	O	O	O	O	_	_	NoSpaceAfter	_	_	_
;	O	O	O	O	O	O	_	_	_	EndOfSentence	_	_
12	O	O	O	O	O	O	_	_	NoSpaceAfter	_	_	_
.	O	O	O	O	O	O	_	_	EndOfLine	_	_	_
# segment_iiif_link = https://impresso-project.ch/api/proxy/iiif/IMP-1979-08-06-a-p0012/762,624,1326,687/full/0/default.jpg
Daniel	O	O	O	O	O	O	_	_	_	_	_	_
Muller	O	O	O	O	O	O	_	_	_	_	_	_
(	O	O	O	O	O	O	_	_	NoSpaceAfter	_	_	_
Brugg	O	O	O	O	O	O	_	_	NoSpaceAfter	_	_	_
)	O	O	O	O	O	O	_	_	_	_	_	_
à	O	O	O	O	O	O	_	_	_	_	_	_
l	O	O	O	O	O	O	_	_	NoSpaceAfter	_	_	_
'	O	O	O	O	O	O	_	_	_	_	_	_
29	O	O	O	O	O	O	_	_	_	_	_	_
"	O	O	O	O	O	O	_	_	NoSpaceAfter	_	_	_
;	O	O	O	O	O	O	_	_	_	EndOfSentence	_	_
13	O	O	O	O	O	O	_	_	NoSpaceAfter	_	_	_
.	O	O	O	O	O	O	_	_	_	_	_	_
Georges	O	O	O	O	O	O	_	_	EndOfLine	_	_	_
# segment_iiif_link = https://impresso-project.ch/api/proxy/iiif/IMP-1979-08-06-a-p0012/762,641,1345,705/full/0/default.jpg
Luthi	O	O	O	O	O	O	_	_	_	_	_	_
(	O	O	O	O	O	O	_	_	NoSpaceAfter	_	_	_
Lausanne	O	O	O	O	O	O	_	_	NoSpaceAfter	_	_	_
)	O	O	O	O	O	O	_	_	_	_	_	_
à	O	O	O	O	O	O	_	_	_	_	_	_
2	O	O	O	O	O	O	_	_	NoSpaceAfter	_	_	_
'	O	O	O	O	O	O	_	_	NoSpaceAfter	_	_	_
40	O	O	O	O	O	O	_	_	_	_	_	_
"	O	O	O	O	O	O	_	_	NoSpaceAfter	_	_	_
;	O	O	O	O	O	O	_	_	_	EndOfSentence	_	_
14	O	O	O	O	O	O	_	_	NoSpaceAfter	_	_	_
.	O	O	O	O	O	O	_	_	_	_	_	_
Peter	O	O	O	O	O	O	_	_	EndOfLine	_	_	_
# segment_iiif_link = https://impresso-project.ch/api/proxy/iiif/IMP-1979-08-06-a-p0012/762,658,1383,722/full/0/default.jpg
Schaer	O	O	O	O	O	O	_	_	_	_	_	_
(	O	O	O	O	O	O	_	_	NoSpaceAfter	_	_	_
Frauenkappelen	O	O	O	O	O	O	_	_	NoSpaceAfter	_	_	_
)	O	O	O	O	O	O	_	_	NoSpaceAfter	_	_	_
,	O	O	O	O	O	O	_	_	_	_	_	_
même	O	O	O	O	O	O	_	_	_	_	_	_
temps	O	O	O	O	O	O	_	_	_	EndOfSentence	_	_
;	O	O	O	O	O	O	_	_	EndOfLine	_	_	_
# segment_iiif_link = https://impresso-project.ch/api/proxy/iiif/IMP-1979-08-06-a-p0012/763,676,1385,739/full/0/default.jpg
15	O	O	O	O	O	O	_	_	NoSpaceAfter	_	_	_
.	O	O	O	O	O	O	_	_	_	_	_	_
Viktor	O	O	O	O	O	O	_	_	_	_	_	_
Schraner	O	O	O	O	O	O	_	_	_	_	_	_
(	O	O	O	O	O	O	_	_	NoSpaceAfter	_	_	_
Gippingen	O	O	O	O	O	O	_	_	NoSpaceAfter	_	_	_
)	O	O	O	O	O	O	_	_	_	_	_	_
à	O	O	O	O	O	O	_	_	_	_	_	_
3	O	O	O	O	O	O	_	_	NoSpaceAfter	_	_	_
'	O	O	O	O	O	O	_	_	NoSpaceAfter	_	_	_
29	O	O	O	O	O	O	_	_	_	_	_	_
"	O	O	O	O	O	O	_	_	NoSpaceAfter	_	_	_
.	O	O	O	O	O	O	_	_	EndOfLine	EndOfSentence	_	_
# segment_iiif_link = https://impresso-project.ch/api/proxy/iiif/IMP-1979-08-06-a-p0012/1102,655,2334,719/full/0/default.jpg
Le	O	O	O	O	O	O	_	_	_	_	_	_
tierce	O	O	O	O	O	O	_	_	_	_	_	_
de	O	O	O	O	O	O	_	_	_	_	_	_
cette	O	O	O	O	O	O	_	_	_	_	_	_
épreuve	O	O	O	O	O	O	_	_	NoSpaceAfter	_	_	_
.	O	O	O	O	O	O	_	_	_	EndOfSentence	_	_
De	O	O	O	O	O	O	_	_	_	_	_	_
gauche	O	O	O	O	O	O	_	_	_	_	_	_
à	O	O	O	O	O	O	_	_	_	_	_	_
droite	O	O	O	O	O	O	_	_	NoSpaceAfter	_	_	_
,	O	O	O	O	O	O	_	_	_	_	_	_
Blum	O	O	O	O	O	O	_	_	NoSpaceAfter	_	_	_
,	O	O	O	O	O	O	_	_	_	_	_	_
Trinkler	O	O	O	O	O	O	_	_	_	_	_	_
et	O	O	O	O	O	O	_	_	_	_	_	_
Grezet	O	O	O	O	O	O	_	_	EndOfLine	_	_	_
# segment_iiif_link = https://impresso-project.ch/api/proxy/iiif/IMP-1979-08-06-a-p0012/1378,676,1566,740/full/0/default.jpg
(	O	O	O	O	O	O	_	_	NoSpaceAfter	_	_	_
bélino	O	O	O	O	O	O	_	_	_	_	_	_
AP	B-org	O	B-org.ent.pressagency.AP	O	O	O	_	_	NoSpaceAfter	_	_	_
)	O	O	O	O	O	O	_	_	EndOfLine	EndOfSentence	_	_

# language = fr
# newspaper = IMP
# date = 1985-06-25
# document_id = IMP-1985-06-25-a-i0025
# news-agency-as-source = Q430109
# segment_iiif_link = https://impresso-project.ch/api/proxy/iiif/IMP-1985-06-25-a-p0002/90,2139,550,2221/full/0/default.jpg
RFA	O	O	O	O	O	O	_	_	_	_	_	_
:	O	O	O	O	O	O	_	_	_	_	_	_
huit	O	O	O	O	O	O	_	_	_	_	_	_
ans	O	O	O	O	O	O	_	_	_	_	_	_
pour	O	O	O	O	O	O	_	_	EndOfLine	_	_	_
# segment_iiif_link = https://impresso-project.ch/api/proxy/iiif/IMP-1985-06-25-a-p0002/90,2169,575,2252/full/0/default.jpg
un	O	O	O	O	O	O	_	_	_	_	_	_
hold	O	O	O	O	O	O	_	_	NoSpaceAfter	_	_	_
-	O	O	O	O	O	O	_	_	NoSpaceAfter	_	_	_
up	O	O	O	O	O	O	_	_	_	_	_	_
en	O	O	O	O	O	O	_	_	_	_	_	_
Suisse	O	O	O	O	O	O	_	_	EndOfLine	_	_	_
# segment_iiif_link = https://impresso-project.ch/api/proxy/iiif/IMP-1985-06-25-a-p0002/107,2210,625,2274/full/0/default.jpg
Le	O	O	O	O	O	O	_	_	_	_	_	_
Tribunal	O	O	O	O	O	O	_	_	_	_	_	_
de	O	O	O	O	O	O	_	_	_	_	_	_
Traunstein	O	O	O	O	O	O	_	_	_	_	_	_
en	O	O	O	O	O	O	_	_	EndOfLine	_	_	_
# segment_iiif_link = https://impresso-project.ch/api/proxy/iiif/IMP-1985-06-25-a-p0002/90,2229,643,2293/full/0/default.jpg
Bavière	O	O	O	O	O	O	_	_	_	_	_	_
a	O	O	O	O	O	O	_	_	_	_	_	_
condamné	O	O	O	O	O	O	_	_	_	_	_	_
à	O	O	O	O	O	O	_	_	_	_	_	_
huit	O	O	O	O	O	O	_	_	_	_	_	_
ans	O	O	O	O	O	O	_	_	_	_	_	_
de	O	O	O	O	O	O	_	_	EndOfLine	_	_	_
# segment_iiif_link = https://impresso-project.ch/api/proxy/iiif/IMP-1985-06-25-a-p0002/90,2248,626,2311/full/0/default.jpg
prison	O	O	O	O	O	O	_	_	_	_	_	_
l	O	O	O	O	O	O	_	_	NoSpaceAfter	_	_	_
'	O	O	O	O	O	O	_	_	NoSpaceAfter	_	_	_
auteur	O	O	O	O	O	O	_	_	_	_	_	_
d	O	O	O	O	O	O	_	_	NoSpaceAfter	_	_	_
'	O	O	O	O	O	O	_	_	NoSpaceAfter	_	_	_
un	O	O	O	O	O	O	_	_	_	_	_	_
hold	O	O	O	O	O	O	_	_	NoSpaceAfter	_	_	_
-	O	O	O	O	O	O	_	_	NoSpaceAfter	_	_	_
up	O	O	O	O	O	O	_	_	EndOfLine	_	_	_
# segment_iiif_link = https://impresso-project.ch/api/proxy/iiif/IMP-1985-06-25-a-p0002/90,2266,585,2330/full/0/default.jpg
contre	O	O	O	O	O	O	_	_	_	_	_	_
une	O	O	O	O	O	O	_	_	_	_	_	_
bijouterie	O	O	O	O	O	O	_	_	_	_	_	_
sur	O	O	O	O	O	O	_	_	_	_	_	_
le	O	O	O	O	O	O	_	_	EndOfLine	_	_	_
# segment_iiif_link = https://impresso-project.ch/api/proxy/iiif/IMP-1985-06-25-a-p0002/90,2285,642,2349/full/0/default.jpg
Bûrgenstock	O	O	O	O	O	O	_	_	_	_	_	_
(	O	O	O	O	O	O	_	_	NoSpaceAfter	_	_	_
NW	O	O	O	O	O	O	_	_	NoSpaceAfter	_	_	_
)	O	O	O	O	O	O	_	_	NoSpaceAfter	_	_	_
.	O	O	O	O	O	O	_	_	_	EndOfSentence	_	_
Un	O	O	O	O	O	O	_	_	_	_	_	_
porte	O	O	O	O	O	O	_	_	NoSpaceAfter	_	_	_
-	O	O	O	O	O	O	_	_	NoSpaceAfter	_	_	_
parole	O	O	O	O	O	O	_	_	_	_	_	_
de	O	O	O	O	O	O	_	_	EndOfLine	_	_	_
# segment_iiif_link = https://impresso-project.ch/api/proxy/iiif/IMP-1985-06-25-a-p0002/90,2303,645,2367/full/0/default.jpg
cette	O	O	O	O	O	O	_	_	_	_	_	_
Cour	O	O	O	O	O	O	_	_	_	_	_	_
a	O	O	O	O	O	O	_	_	_	_	_	_
confirmé	O	O	O	O	O	O	_	_	_	_	_	_
hier	O	O	O	O	O	O	_	_	_	_	_	_
ce	O	O	O	O	O	O	_	_	EndOfLine	_	_	_
# segment_iiif_link = https://impresso-project.ch/api/proxy/iiif/IMP-1985-06-25-a-p0002/89,2322,527,2386/full/0/default.jpg
jugement	O	O	O	O	O	O	_	_	_	_	_	_
auprès	O	O	O	O	O	O	_	_	_	_	_	_
de	O	O	O	O	O	O	_	_	_	_	_	_
l	O	O	O	O	O	O	_	_	NoSpaceAfter	_	_	_
'	O	O	O	O	O	O	_	_	NoSpaceAfter	_	_	_
ATS	O	O	O	O	O	O	_	_	NoSpaceAfter	_	_	_
.	O	O	O	O	O	O	_	_	EndOfLine	EndOfSentence	_	_
# segment_iiif_link = https://impresso-project.ch/api/proxy/iiif/IMP-1985-06-25-a-p0002/108,2339,530,2403/full/0/default.jpg
Le	O	O	O	O	O	O	_	_	_	_	_	_
condamné	O	O	O	O	O	O	_	_	NoSpaceAfter	_	_	_
,	O	O	O	O	O	O	_	_	_	_	_	_
un	O	O	O	O	O	O	_	_	_	_	_	_
ressortissant	O	O	O	O	O	O	_	_	EndOfLine	_	_	_
# segment_iiif_link = https://impresso-project.ch/api/proxy/iiif/IMP-1985-06-25-a-p0002/90,2358,619,2422/full/0/default.jpg
allemand	O	O	O	O	O	O	_	_	_	_	_	_
âgé	O	O	O	O	O	O	_	_	_	_	_	_
de	O	O	O	O	O	O	_	_	_	_	_	_
58	O	O	O	O	O	O	_	_	_	_	_	_
ans	O	O	O	O	O	O	_	_	NoSpaceAfter	_	_	_
,	O	O	O	O	O	O	_	_	_	_	_	_
avait	O	O	O	O	O	O	_	_	EndOfLine	_	_	_
# segment_iiif_link = https://impresso-project.ch/api/proxy/iiif/IMP-1985-06-25-a-p0002/90,2377,578,2441/full/0/default.jpg
attaqué	O	O	O	O	O	O	_	_	_	_	_	_
avec	O	O	O	O	O	O	_	_	_	_	_	_
trois	O	O	O	O	O	O	_	_	_	_	_	_
complices	O	O	O	O	O	O	_	_	EndOfLine	_	_	_
# segment_iiif_link = https://impresso-project.ch/api/proxy/iiif/IMP-1985-06-25-a-p0002/90,2395,612,2459/full/0/default.jpg
d	O	O	O	O	O	O	_	_	NoSpaceAfter	_	_	_
'	O	O	O	O	O	O	_	_	NoSpaceAfter	_	_	_
origine	O	O	O	O	O	O	_	_	_	_	_	_
yougoslave	O	O	O	O	O	O	_	_	NoSpaceAfter	_	_	_
,	O	O	O	O	O	O	_	_	_	_	_	_
cette	O	O	O	O	O	O	_	_	EndOfLine	_	_	_
# segment_iiif_link = https://impresso-project.ch/api/proxy/iiif/IMP-1985-06-25-a-p0002/90,2414,598,2478/full/0/default.jpg
bijouterie	O	O	O	O	O	O	_	_	NoSpaceAfter	_	_	_
.	O	O	O	O	O	O	_	_	_	EndOfSentence	_	_
Les	O	O	O	O	O	O	_	_	_	_	_	_
quatre	O	O	O	O	O	O	_	_	_	_	_	_
hommes	O	O	O	O	O	O	_	_	_	_	_	_
avaient	O	O	O	O	O	O	_	_	EndOfLine	_	_	_
# segment_iiif_link = https://impresso-project.ch/api/proxy/iiif/IMP-1985-06-25-a-p0002/90,2432,641,2496/full/0/default.jpg
emporté	O	O	O	O	O	O	_	_	_	_	_	_
des	O	O	O	O	O	O	_	_	_	_	_	_
bijoux	O	O	O	O	O	O	_	_	_	_	_	_
pour	O	O	O	O	O	O	_	_	_	_	_	_
plus	O	O	O	O	O	O	_	_	_	_	_	_
d	O	O	O	O	O	O	_	_	NoSpaceAfter	_	_	_
'	O	O	O	O	O	O	_	_	NoSpaceAfter	_	_	_
un	O	O	O	O	O	O	_	_	EndOfLine	_	_	_
# segment_iiif_link = https://impresso-project.ch/api/proxy/iiif/IMP-1985-06-25-a-p0002/90,2450,378,2514/full/0/default.jpg
million	O	O	O	O	O	O	_	_	_	_	_	_
de	O	O	O	O	O	O	_	_	_	_	_	_
francs	O	O	O	O	O	O	_	_	NoSpaceAfter	_	_	_
.	O	O	O	O	O	O	_	_	EndOfLine	EndOfSentence	_	_
# segment_iiif_link = https://impresso-project.ch/api/proxy/iiif/IMP-1985-06-25-a-p0002/108,2469,628,2533/full/0/default.jpg
Ils	O	O	O	O	O	O	_	_	_	_	_	_
ont	O	O	O	O	O	O	_	_	_	_	_	_
été	O	O	O	O	O	O	_	_	_	_	_	_
arrêtés	O	O	O	O	O	O	_	_	_	_	_	_
peu	O	O	O	O	O	O	_	_	_	_	_	_
après	O	O	O	O	O	O	_	_	_	_	_	_
et	O	O	O	O	O	O	_	_	EndOfLine	_	_	_
# segment_iiif_link = https://impresso-project.ch/api/proxy/iiif/IMP-1985-06-25-a-p0002/91,2487,624,2551/full/0/default.jpg
leur	O	O	O	O	O	O	_	_	_	_	_	_
butin	O	O	O	O	O	O	_	_	_	_	_	_
a	O	O	O	O	O	O	_	_	_	_	_	_
été	O	O	O	O	O	O	_	_	_	_	_	_
récupéré	O	O	O	O	O	O	_	_	NoSpaceAfter	_	_	_
.	O	O	O	O	O	O	_	_	_	EndOfSentence	_	_
Le	O	O	O	O	O	O	_	_	_	_	_	_
chef	O	O	O	O	O	O	_	_	EndOfLine	_	_	_
# segment_iiif_link = https://impresso-project.ch/api/proxy/iiif/IMP-1985-06-25-a-p0002/91,2505,643,2569/full/0/default.jpg
de	O	O	O	O	O	O	_	_	_	_	_	_
la	O	O	O	O	O	O	_	_	_	_	_	_
bande	O	O	O	O	O	O	_	_	_	_	_	_
avait	O	O	O	O	O	O	_	_	_	_	_	_
pu	O	O	O	O	O	O	_	_	_	_	_	_
s	O	O	O	O	O	O	_	_	NoSpaceAfter	_	_	_
'	O	O	O	O	O	O	_	_	NoSpaceAfter	_	_	_
évader	O	O	O	O	O	O	_	_	_	_	_	_
de	O	O	O	O	O	O	_	_	EndOfLine	_	_	_
# segment_iiif_link = https://impresso-project.ch/api/proxy/iiif/IMP-1985-06-25-a-p0002/91,2524,624,2588/full/0/default.jpg
la	O	O	O	O	O	O	_	_	_	_	_	_
prison	O	O	O	O	O	O	_	_	_	_	_	_
de	O	O	O	O	O	O	_	_	_	_	_	_
Stansstad	O	O	O	O	O	O	_	_	NoSpaceAfter	_	_	_
.	O	O	O	O	O	O	_	_	_	EndOfSentence	_	_
Il	O	O	O	O	O	O	_	_	_	_	_	_
s	O	O	O	O	O	O	_	_	NoSpaceAfter	_	_	_
'	O	O	O	O	O	O	_	_	NoSpaceAfter	_	_	_
est	O	O	O	O	O	O	_	_	EndOfLine	_	_	_
# segment_iiif_link = https://impresso-project.ch/api/proxy/iiif/IMP-1985-06-25-a-p0002/91,2542,625,2606/full/0/default.jpg
rendu	O	O	O	O	O	O	_	_	_	_	_	_
par	O	O	O	O	O	O	_	_	_	_	_	_
la	O	O	O	O	O	O	_	_	_	_	_	_
suite	O	O	O	O	O	O	_	_	_	_	_	_
à	O	O	O	O	O	O	_	_	_	_	_	_
la	O	O	O	O	O	O	_	_	_	_	_	_
police	O	O	O	O	O	O	_	_	EndOfLine	_	_	_
# segment_iiif_link = https://impresso-project.ch/api/proxy/iiif/IMP-1985-06-25-a-p0002/91,2561,290,2625/full/0/default.jpg
allemande	O	O	O	O	O	O	_	_	_	_	_	_
_	O	O	O	O	O	O	_	_	NoSpaceAfter	_	_	_
,	O	O	O	O	O	O	_	_	_	_	_	_
(	O	O	O	O	O	O	_	_	NoSpaceAfter	_	_	_
ats	B-org	O	B-org.ent.pressagency.ATS-SDA	O	O	O	Q430109	_	NoSpaceAfter	_	LED0.00	_
)	O	O	O	O	O	O	_	_	EndOfLine	EndOfSentence	_	_

# language = fr
# newspaper = IMP
# date = 1995-09-22
# document_id = IMP-1995-09-22-a-i0034
# news-agency-as-source = Q40469
# segment_iiif_link = https://impresso-project.ch/api/proxy/iiif/IMP-1995-09-22-a-p0004/717,3003,1752,226/full/0/default.jpg
Du	O	O	O	O	O	O	_	_	_	_	_	_
jamais	O	O	O	O	O	O	_	_	_	_	_	_
vu	O	O	O	O	O	O	_	_	_	_	_	_
depuis	O	O	O	O	O	O	_	_	_	_	_	_
15	O	O	O	O	O	O	_	_	_	_	_	_
ans	O	O	O	O	O	O	_	_	_	_	_	_
!	O	O	O	O	O	O	_	_	EndOfLine	EndOfSentence	_	_
# segment_iiif_link = https://impresso-project.ch/api/proxy/iiif/IMP-1995-09-22-a-p0004/717,2899,570,141/full/0/default.jpg
Taux	O	O	O	O	O	O	_	_	_	_	_	_
d	O	O	O	O	O	O	_	_	NoSpaceAfter	_	_	_
'	O	O	O	O	O	O	_	_	NoSpaceAfter	_	_	_
escompte	O	O	O	O	O	O	_	_	EndOfLine	_	_	_
# segment_iiif_link = https://impresso-project.ch/api/proxy/iiif/IMP-1995-09-22-a-p0004/715,3222,529,74/full/0/default.jpg
Afin	O	O	O	O	O	O	_	_	_	_	_	_
de	O	O	O	O	O	O	_	_	_	_	_	_
contrer	O	O	O	O	O	O	_	_	_	_	_	_
la	O	O	O	O	O	O	_	_	_	_	_	_
hausse	O	O	O	O	O	O	_	_	_	_	_	_
du	O	O	O	O	O	O	_	_	EndOfLine	_	_	_
# segment_iiif_link = https://impresso-project.ch/api/proxy/iiif/IMP-1995-09-22-a-p0004/715,3263,531,74/full/0/default.jpg
franc	O	O	O	O	O	O	_	_	NoSpaceAfter	_	_	_
,	O	O	O	O	O	O	_	_	_	_	_	_
la	O	O	O	O	O	O	_	_	_	_	_	_
Banque	O	O	O	O	O	O	_	_	_	_	_	_
nationale	O	O	O	O	O	O	_	_	EndOfLine	_	_	_
# segment_iiif_link = https://impresso-project.ch/api/proxy/iiif/IMP-1995-09-22-a-p0004/717,3303,527,74/full/0/default.jpg
suisse	O	O	O	O	O	O	_	_	_	_	_	_
(	O	O	O	O	O	O	_	_	NoSpaceAfter	_	_	_
BNS	O	O	O	O	O	O	_	_	NoSpaceAfter	_	_	_
)	O	O	O	O	O	O	_	_	_	_	_	_
baisse	O	O	O	O	O	O	_	_	_	_	_	_
son	O	O	O	O	O	O	_	_	_	_	_	_
taux	O	O	O	O	O	O	_	_	EndOfLine	_	_	_
# segment_iiif_link = https://impresso-project.ch/api/proxy/iiif/IMP-1995-09-22-a-p0004/715,3343,531,74/full/0/default.jpg
d	O	O	O	O	O	O	_	_	NoSpaceAfter	_	_	_
'	O	O	O	O	O	O	_	_	NoSpaceAfter	_	_	_
escompte	O	O	O	O	O	O	_	_	_	_	_	_
d	O	O	O	O	O	O	_	_	NoSpaceAfter	_	_	_
'	O	O	O	O	O	O	_	_	NoSpaceAfter	_	_	_
un	O	O	O	O	O	O	_	_	_	_	_	_
demi	O	O	O	O	O	O	_	_	NoSpaceAfter	_	_	_
-	O	O	O	O	O	O	_	_	NoSpaceAfter	_	_	_
point	O	O	O	O	O	O	_	_	_	_	_	_
à	O	O	O	O	O	O	_	_	EndOfLine	_	_	_
# segment_iiif_link = https://impresso-project.ch/api/proxy/iiif/IMP-1995-09-22-a-p0004/715,3384,531,74/full/0/default.jpg
2	O	O	O	O	O	O	_	_	_	_	_	_
%	O	O	O	O	O	O	_	_	NoSpaceAfter	_	_	_
.	O	O	O	O	O	O	_	_	_	EndOfSentence	_	_
Il	O	O	O	O	O	O	_	_	_	_	_	_
a	O	O	O	O	O	O	_	_	_	_	_	_
ainsi	O	O	O	O	O	O	_	_	_	_	_	_
atteint	O	O	O	O	O	O	_	_	_	_	_	_
son	O	O	O	O	O	O	_	_	_	_	_	_
niveau	O	O	O	O	O	O	_	_	EndOfLine	_	_	_
# segment_iiif_link = https://impresso-project.ch/api/proxy/iiif/IMP-1995-09-22-a-p0004/715,3424,533,74/full/0/default.jpg
le	O	O	O	O	O	O	_	_	_	_	_	_
plus	O	O	O	O	O	O	_	_	_	_	_	_
bas	O	O	O	O	O	O	_	_	_	_	_	_
depuis	O	O	O	O	O	O	_	_	_	_	_	_
15	O	O	O	O	O	O	_	_	_	_	_	_
ans	O	O	O	O	O	O	_	_	NoSpaceAfter	_	_	_
.	O	O	O	O	O	O	_	_	_	EndOfSentence	_	_
Les	O	O	O	O	O	O	_	_	EndOfLine	_	_	_
# segment_iiif_link = https://impresso-project.ch/api/proxy/iiif/IMP-1995-09-22-a-p0004/715,3463,533,76/full/0/default.jpg
banques	O	O	O	O	O	O	_	_	_	_	_	_
n	O	O	O	O	O	O	_	_	NoSpaceAfter	_	_	_
'	O	O	O	O	O	O	_	_	NoSpaceAfter	_	_	_
ont	O	O	O	O	O	O	_	_	_	_	_	_
plus	O	O	O	O	O	O	_	_	_	_	_	_
aucune	O	O	O	O	O	O	_	_	EndOfLine	_	_	_
# segment_iiif_link = https://impresso-project.ch/api/proxy/iiif/IMP-1995-09-22-a-p0004/715,3505,533,74/full/0/default.jpg
raison	O	O	O	O	O	O	_	_	_	_	_	_
de	O	O	O	O	O	O	_	_	_	_	_	_
retarder	O	O	O	O	O	O	_	_	_	_	_	_
la	O	O	O	O	O	O	_	_	_	_	_	_
baisse	O	O	O	O	O	O	_	_	_	_	_	_
des	O	O	O	O	O	O	_	_	EndOfLine	_	_	_
# segment_iiif_link = https://impresso-project.ch/api/proxy/iiif/IMP-1995-09-22-a-p0004/717,3545,529,74/full/0/default.jpg
taux	O	O	O	O	O	O	_	_	_	_	_	_
hypothécaires	O	O	O	O	O	O	_	_	NoSpaceAfter	_	_	_
,	O	O	O	O	O	O	_	_	_	_	_	_
soulignent	O	O	O	O	O	O	_	_	EndOfLine	_	_	_
# segment_iiif_link = https://impresso-project.ch/api/proxy/iiif/IMP-1995-09-22-a-p0004/715,3584,533,76/full/0/default.jpg
avec	O	O	O	O	O	O	_	_	_	_	_	_
force	O	O	O	O	O	O	_	_	_	_	_	_
locataires	O	O	O	O	O	O	_	_	NoSpaceAfter	_	_	_
,	O	O	O	O	O	O	_	_	_	_	_	_
syndicats	O	O	O	O	O	O	_	_	EndOfLine	_	_	_
# segment_iiif_link = https://impresso-project.ch/api/proxy/iiif/IMP-1995-09-22-a-p0004/715,3626,533,74/full/0/default.jpg
et	O	O	O	O	O	O	_	_	_	_	_	_
propriétaires	O	O	O	O	O	O	_	_	NoSpaceAfter	_	_	_
.	O	O	O	O	O	O	_	_	_	EndOfSentence	_	_
Mais	O	O	O	O	O	O	_	_	_	_	_	_
les	O	O	O	O	O	O	_	_	EndOfLine	_	_	_
# segment_iiif_link = https://impresso-project.ch/api/proxy/iiif/IMP-1995-09-22-a-p0004/715,3665,531,74/full/0/default.jpg
grandes	O	O	O	O	O	O	_	_	_	_	_	_
banques	O	O	O	O	O	O	_	_	_	_	_	_
ne	O	O	O	O	O	O	_	_	_	_	_	_
l	O	O	O	O	O	O	_	_	NoSpaceAfter	_	_	_
'	O	O	O	O	O	O	_	_	NoSpaceAfter	_	_	_
entendent	O	O	O	O	O	O	_	_	_	_	_	_
pas	O	O	O	O	O	O	_	_	EndOfLine	_	_	_
# segment_iiif_link = https://impresso-project.ch/api/proxy/iiif/IMP-1995-09-22-a-p0004/1292,3224,531,74/full/0/default.jpg
de	O	O	O	O	O	O	_	_	_	_	_	_
cette	O	O	O	O	O	O	_	_	_	_	_	_
oreille	O	O	O	O	O	O	_	_	NoSpaceAfter	_	_	_
.	O	O	O	O	O	O	_	_	_	EndOfSentence	_	_
L	O	O	O	O	O	O	_	_	_	_	_	_
évolution	O	O	O	O	O	O	_	_	EndOfLine	_	_	_
# segment_iiif_link = https://impresso-project.ch/api/proxy/iiif/IMP-1995-09-22-a-p0004/1292,3263,531,74/full/0/default.jpg
enregistrée	O	O	O	O	O	O	_	_	_	_	_	_
par	O	O	O	O	O	O	_	_	_	_	_	_
la	O	O	O	O	O	O	_	_	_	_	_	_
monnaie	O	O	O	O	O	O	_	_	_	_	_	_
centrale	O	O	O	O	O	O	_	_	EndOfLine	_	_	_
# segment_iiif_link = https://impresso-project.ch/api/proxy/iiif/IMP-1995-09-22-a-p0004/1292,3303,531,74/full/0/default.jpg
en	O	O	O	O	O	O	_	_	_	_	_	_
cours	O	O	O	O	O	O	_	_	_	_	_	_
d	O	O	O	O	O	O	_	_	NoSpaceAfter	_	_	_
'	O	O	O	O	O	O	_	_	NoSpaceAfter	_	_	_
année	O	O	O	O	O	O	_	_	_	_	_	_
laisse	O	O	O	O	O	O	_	_	_	_	_	_
une	O	O	O	O	O	O	_	_	EndOfLine	_	_	_
# segment_iiif_link = https://impresso-project.ch/api/proxy/iiif/IMP-1995-09-22-a-p0004/1292,3345,533,74/full/0/default.jpg
marge	O	O	O	O	O	O	_	_	_	_	_	_
pour	O	O	O	O	O	O	_	_	_	_	_	_
une	O	O	O	O	O	O	_	_	_	_	_	_
nouvelle	O	O	O	O	O	O	_	_	_	_	_	_
baisse	O	O	O	O	O	O	_	_	EndOfLine	_	_	_
# segment_iiif_link = https://impresso-project.ch/api/proxy/iiif/IMP-1995-09-22-a-p0004/1292,3384,531,74/full/0/default.jpg
des	O	O	O	O	O	O	_	_	_	_	_	_
taux	O	O	O	O	O	O	_	_	_	_	_	_
d	O	O	O	O	O	O	_	_	NoSpaceAfter	_	_	_
'	O	O	O	O	O	O	_	_	NoSpaceAfter	_	_	_
intérêt	O	O	O	O	O	O	_	_	NoSpaceAfter	_	_	_
.	O	O	O	O	O	O	_	_	_	EndOfSentence	_	_
La	O	O	O	O	O	O	_	_	_	_	_	_
situation	O	O	O	O	O	O	_	_	EndOfLine	_	_	_
# segment_iiif_link = https://impresso-project.ch/api/proxy/iiif/IMP-1995-09-22-a-p0004/1292,3424,533,74/full/0/default.jpg
qui	O	O	O	O	O	O	_	_	_	_	_	_
règne	O	O	O	O	O	O	_	_	_	_	_	_
actuellement	O	O	O	O	O	O	_	_	_	_	_	_
sur	O	O	O	O	O	O	_	_	_	_	_	_
le	O	O	O	O	O	O	_	_	EndOfLine	_	_	_
# segment_iiif_link = https://impresso-project.ch/api/proxy/iiif/IMP-1995-09-22-a-p0004/1292,3465,531,74/full/0/default.jpg
marché	O	O	O	O	O	O	_	_	_	_	_	_
des	O	O	O	O	O	O	_	_	_	_	_	_
changes	O	O	O	O	O	O	_	_	_	_	_	_
incite	O	O	O	O	O	O	_	_	_	_	_	_
à	O	O	O	O	O	O	_	_	EndOfLine	_	_	_
# segment_iiif_link = https://impresso-project.ch/api/proxy/iiif/IMP-1995-09-22-a-p0004/1292,3505,531,74/full/0/default.jpg
utiliser	O	O	O	O	O	O	_	_	_	_	_	_
cette	O	O	O	O	O	O	_	_	_	_	_	_
marge	O	O	O	O	O	O	_	_	NoSpaceAfter	_	_	_
,	O	O	O	O	O	O	_	_	_	_	_	_
a	O	O	O	O	O	O	_	_	_	_	_	_
indiqué	O	O	O	O	O	O	_	_	_	_	_	_
hier	O	O	O	O	O	O	_	_	EndOfLine	_	_	_
# segment_iiif_link = https://impresso-project.ch/api/proxy/iiif/IMP-1995-09-22-a-p0004/1292,3545,133,74/full/0/default.jpg
la	O	O	O	O	O	O	_	_	_	_	_	_
BNS	O	O	O	O	O	O	_	_	NoSpaceAfter	_	_	_
.	O	O	O	O	O	O	_	_	EndOfLine	EndOfSentence	_	_
# segment_iiif_link = https://impresso-project.ch/api/proxy/iiif/IMP-1995-09-22-a-p0004/1331,3584,492,76/full/0/default.jpg
Ces	O	O	O	O	O	O	_	_	_	_	_	_
derniers	O	O	O	O	O	O	_	_	_	_	_	_
mois	O	O	O	O	O	O	_	_	NoSpaceAfter	_	_	_
,	O	O	O	O	O	O	_	_	_	_	_	_
la	O	O	O	O	O	O	_	_	_	_	_	_
BNS	O	O	O	O	O	O	_	_	EndOfLine	_	_	_
# segment_iiif_link = https://impresso-project.ch/api/proxy/iiif/IMP-1995-09-22-a-p0004/1292,3626,531,74/full/0/default.jpg
s	O	O	O	O	O	O	_	_	NoSpaceAfter	_	_	_
'	O	O	O	O	O	O	_	_	NoSpaceAfter	_	_	_
est	O	O	O	O	O	O	_	_	_	_	_	_
vu	O	O	O	O	O	O	_	_	_	_	_	_
reprocher	O	O	O	O	O	O	_	_	_	_	_	_
à	O	O	O	O	O	O	_	_	_	_	_	_
plusieurs	O	O	O	O	O	O	_	_	EndOfLine	_	_	_
# segment_iiif_link = https://impresso-project.ch/api/proxy/iiif/IMP-1995-09-22-a-p0004/1292,3665,531,74/full/0/default.jpg
reprises	O	O	O	O	O	O	_	_	_	_	_	_
par	O	O	O	O	O	O	_	_	_	_	_	_
l	O	O	O	O	O	O	_	_	NoSpaceAfter	_	_	_
'	O	O	O	O	O	O	_	_	NoSpaceAfter	_	_	_
industrie	O	O	O	O	O	O	_	_	_	_	_	_
d	O	O	O	O	O	O	_	_	NoSpaceAfter	_	_	_
'	O	O	O	O	O	O	_	_	EndOfLine|NoSpaceAfter	_	_	_
# segment_iiif_link = https://impresso-project.ch/api/proxy/iiif/IMP-1995-09-22-a-p0004/1867,3224,529,74/full/0/default.jpg
exportation	O	O	O	O	O	O	_	_	_	_	_	_
et	O	O	O	O	O	O	_	_	_	_	_	_
les	O	O	O	O	O	O	_	_	_	_	_	_
syndicats	O	O	O	O	O	O	_	_	_	_	_	_
de	O	O	O	O	O	O	_	_	_	_	_	_
ne	O	O	O	O	O	O	_	_	_	_	_	_
rien	O	O	O	O	O	O	_	_	EndOfLine	_	_	_
# segment_iiif_link = https://impresso-project.ch/api/proxy/iiif/IMP-1995-09-22-a-p0004/1867,3263,529,74/full/0/default.jpg
entreprendre	O	O	O	O	O	O	_	_	_	_	_	_
pour	O	O	O	O	O	O	_	_	_	_	_	_
contrer	O	O	O	O	O	O	_	_	_	_	_	_
la	O	O	O	O	O	O	_	_	EndOfLine	_	_	_
# segment_iiif_link = https://impresso-project.ch/api/proxy/iiif/IMP-1995-09-22-a-p0004/1867,3303,529,76/full/0/default.jpg
hausse	O	O	O	O	O	O	_	_	_	_	_	_
du	O	O	O	O	O	O	_	_	_	_	_	_
franc	O	O	O	O	O	O	_	_	NoSpaceAfter	_	_	_
.	O	O	O	O	O	O	_	_	_	EndOfSentence	_	_
Locataires	O	O	O	O	O	O	_	_	_	_	_	_
et	O	O	O	O	O	O	_	_	EndOfLine	_	_	_
# segment_iiif_link = https://impresso-project.ch/api/proxy/iiif/IMP-1995-09-22-a-p0004/1860,3345,538,74/full/0/default.jpg
_	O	O	O	O	O	O	_	_	NoSpaceAfter	_	_	_
propriétaires	O	O	O	O	O	O	_	_	_	_	_	_
sont	O	O	O	O	O	O	_	_	_	_	_	_
unanimes	O	O	O	O	O	O	_	_	_	_	_	_
:	O	O	O	O	O	O	_	_	_	_	_	_
les	O	O	O	O	O	O	_	_	EndOfLine	_	_	_
# segment_iiif_link = https://impresso-project.ch/api/proxy/iiif/IMP-1995-09-22-a-p0004/1867,3384,531,74/full/0/default.jpg
taux	O	O	O	O	O	O	_	_	_	_	_	_
hypothécaires	O	O	O	O	O	O	_	_	_	_	_	_
doivent	O	O	O	O	O	O	_	_	EndOfLine	_	_	_
# segment_iiif_link = https://impresso-project.ch/api/proxy/iiif/IMP-1995-09-22-a-p0004/1867,3424,529,74/full/0/default.jpg
enfin	O	O	O	O	O	O	_	_	_	_	_	_
baisser	O	O	O	O	O	O	_	_	NoSpaceAfter	_	_	_
.	O	O	O	O	O	O	_	_	_	EndOfSentence	_	_
Les	O	O	O	O	O	O	_	_	_	_	_	_
banques	O	O	O	O	O	O	_	_	_	_	_	_
n	O	O	O	O	O	O	_	_	NoSpaceAfter	_	_	_
'	O	O	O	O	O	O	_	_	NoSpaceAfter	_	_	_
ont	O	O	O	O	O	O	_	_	EndOfLine	_	_	_
# segment_iiif_link = https://impresso-project.ch/api/proxy/iiif/IMP-1995-09-22-a-p0004/1867,3465,531,74/full/0/default.jpg
plus	O	O	O	O	O	O	_	_	_	_	_	_
aucune	O	O	O	O	O	O	_	_	_	_	_	_
excuse	O	O	O	O	O	O	_	_	_	_	_	_
à	O	O	O	O	O	O	_	_	_	_	_	_
faire	O	O	O	O	O	O	_	_	EndOfLine	_	_	_
# segment_iiif_link = https://impresso-project.ch/api/proxy/iiif/IMP-1995-09-22-a-p0004/1867,3505,531,76/full/0/default.jpg
valoiri	O	O	O	O	O	O	_	_	_	_	_	_
souligne	O	O	O	O	O	O	_	_	_	_	_	_
un	O	O	O	O	O	O	_	_	_	_	_	_
porte	O	O	O	O	O	O	_	_	NoSpaceAfter	_	_	_
-	O	O	O	O	O	O	_	_	NoSpaceAfter	_	_	_
parole	O	O	O	O	O	O	_	_	_	_	_	_
de	O	O	O	O	O	O	_	_	EndOfLine	_	_	_
# segment_iiif_link = https://impresso-project.ch/api/proxy/iiif/IMP-1995-09-22-a-p0004/1867,3545,529,74/full/0/default.jpg
l	O	O	O	O	O	O	_	_	NoSpaceAfter	_	_	_
'	O	O	O	O	O	O	_	_	NoSpaceAfter	_	_	_
Association	O	O	O	O	O	O	_	_	_	_	_	_
suisse	O	O	O	O	O	O	_	_	_	_	_	_
des	O	O	O	O	O	O	_	_	EndOfLine	_	_	_
# segment_iiif_link = https://impresso-project.ch/api/proxy/iiif/IMP-1995-09-22-a-p0004/1867,3584,528,76/full/0/default.jpg
locataires	O	O	O	O	O	O	_	_	_	_	_	_
(	O	O	O	O	O	O	_	_	NoSpaceAfter	_	_	_
ASLOCA	O	O	O	O	O	O	_	_	NoSpaceAfter	_	_	_
)	O	O	O	O	O	O	_	_	NoSpaceAfter	_	_	_
.	O	O	O	O	O	O	_	_	_	EndOfSentence	_	_
Il	O	O	O	O	O	O	_	_	_	_	_	_
faut	O	O	O	O	O	O	_	_	_	_	_	_
que	O	O	O	O	O	O	_	_	EndOfLine	_	_	_
# segment_iiif_link = https://impresso-project.ch/api/proxy/iiif/IMP-1995-09-22-a-p0004/1867,3626,529,74/full/0/default.jpg
Monsieur	O	O	O	O	O	O	_	_	_	_	_	_
Prix	O	O	O	O	O	O	_	_	_	_	_	_
intervienne	O	O	O	O	O	O	_	_	EndOfLine	_	_	_
# segment_iiif_link = https://impresso-project.ch/api/proxy/iiif/IMP-1995-09-22-a-p0004/1867,3665,529,74/full/0/default.jpg
auprès	O	O	O	O	O	O	_	_	_	_	_	_
des	O	O	O	O	O	O	_	_	_	_	_	_
banques	O	O	O	O	O	O	_	_	NoSpaceAfter	_	_	_
,	O	O	O	O	O	O	_	_	_	_	_	_
souligne	O	O	O	O	O	O	_	_	_	_	_	_
Serge	O	O	O	O	O	O	_	_	EndOfLine	_	_	_
# segment_iiif_link = https://impresso-project.ch/api/proxy/iiif/IMP-1995-09-22-a-p0004/2442,3224,531,74/full/0/default.jpg
Gaillard	O	O	O	O	O	O	_	_	NoSpaceAfter	_	_	_
,	O	O	O	O	O	O	_	_	_	_	_	_
porte	O	O	O	O	O	O	_	_	NoSpaceAfter	_	_	_
-	O	O	O	O	O	O	_	_	NoSpaceAfter	_	_	_
parole	O	O	O	O	O	O	_	_	_	_	_	_
de	O	O	O	O	O	O	_	_	EndOfLine	_	_	_
# segment_iiif_link = https://impresso-project.ch/api/proxy/iiif/IMP-1995-09-22-a-p0004/2442,3263,530,74/full/0/default.jpg
l	O	O	O	O	O	O	_	_	NoSpaceAfter	_	_	_
'	O	O	O	O	O	O	_	_	NoSpaceAfter	_	_	_
Union	O	O	O	O	O	O	_	_	_	_	_	_
syndicale	O	O	O	O	O	O	_	_	_	_	_	_
suisse	O	O	O	O	O	O	_	_	_	_	_	_
(	O	O	O	O	O	O	_	_	NoSpaceAfter	_	_	_
USS	O	O	O	O	O	O	_	_	NoSpaceAfter	_	_	_
)	O	O	O	O	O	O	_	_	NoSpaceAfter	_	_	_
.	O	O	O	O	O	O	_	_	EndOfLine	EndOfSentence	_	_
# segment_iiif_link = https://impresso-project.ch/api/proxy/iiif/IMP-1995-09-22-a-p0004/2442,3303,529,76/full/0/default.jpg
De	O	O	O	O	O	O	_	_	_	_	_	_
leur	O	O	O	O	O	O	_	_	_	_	_	_
côté	O	O	O	O	O	O	_	_	NoSpaceAfter	_	_	_
,	O	O	O	O	O	O	_	_	_	_	_	_
les	O	O	O	O	O	O	_	_	_	_	_	_
grandes	O	O	O	O	O	O	_	_	EndOfLine	_	_	_
# segment_iiif_link = https://impresso-project.ch/api/proxy/iiif/IMP-1995-09-22-a-p0004/2442,3345,531,74/full/0/default.jpg
banques	O	O	O	O	O	O	_	_	_	_	_	_
ont	O	O	O	O	O	O	_	_	_	_	_	_
réaffirmé	O	O	O	O	O	O	_	_	_	_	_	_
hier	O	O	O	O	O	O	_	_	_	_	_	_
que	O	O	O	O	O	O	_	_	_	_	_	_
le	O	O	O	O	O	O	_	_	EndOfLine	_	_	_
# segment_iiif_link = https://impresso-project.ch/api/proxy/iiif/IMP-1995-09-22-a-p0004/2442,3384,527,74/full/0/default.jpg
taux	O	O	O	O	O	O	_	_	_	_	_	_
d	O	O	O	O	O	O	_	_	NoSpaceAfter	_	_	_
'	O	O	O	O	O	O	_	_	NoSpaceAfter	_	_	_
escompte	O	O	O	O	O	O	_	_	_	_	_	_
n	O	O	O	O	O	O	_	_	NoSpaceAfter	_	_	_
'	O	O	O	O	O	O	_	_	NoSpaceAfter	_	_	_
influençait	O	O	O	O	O	O	_	_	EndOfLine	_	_	_
# segment_iiif_link = https://impresso-project.ch/api/proxy/iiif/IMP-1995-09-22-a-p0004/2442,3426,531,74/full/0/default.jpg
pas	O	O	O	O	O	O	_	_	_	_	_	_
directement	O	O	O	O	O	O	_	_	_	_	_	_
les	O	O	O	O	O	O	_	_	_	_	_	_
taux	O	O	O	O	O	O	_	_	EndOfLine	_	_	_
# segment_iiif_link = https://impresso-project.ch/api/proxy/iiif/IMP-1995-09-22-a-p0004/2442,3465,528,74/full/0/default.jpg
hypothécaires	O	O	O	O	O	O	_	_	NoSpaceAfter	_	_	_
.	O	O	O	O	O	O	_	_	_	EndOfSentence	_	_
Nous	O	O	O	O	O	O	_	_	_	_	_	_
n	O	O	O	O	O	O	_	_	NoSpaceAfter	_	_	_
'	O	O	O	O	O	O	_	_	NoSpaceAfter	_	_	_
avons	O	O	O	O	O	O	_	_	_	_	_	_
pas	O	O	O	O	O	O	_	_	_	_	_	_
une	O	O	O	O	O	O	_	_	EndOfLine	_	_	_
# segment_iiif_link = https://impresso-project.ch/api/proxy/iiif/IMP-1995-09-22-a-p0004/2442,3505,531,74/full/0/default.jpg
mauvaise	O	O	O	O	O	O	_	_	_	_	_	_
marge	O	O	O	O	O	O	_	_	NoSpaceAfter	_	_	_
,	O	O	O	O	O	O	_	_	_	_	_	_
mais	O	O	O	O	O	O	_	_	_	_	_	_
elle	O	O	O	O	O	O	_	_	_	_	_	_
n	O	O	O	O	O	O	_	_	NoSpaceAfter	_	_	_
'	O	O	O	O	O	O	_	_	EndOfLine|NoSpaceAfter	_	_	_
# segment_iiif_link = https://impresso-project.ch/api/proxy/iiif/IMP-1995-09-22-a-p0004/2442,3545,531,74/full/0/default.jpg
atteint	O	O	O	O	O	O	_	_	_	_	_	_
pas	O	O	O	O	O	O	_	_	_	_	_	_
encore	O	O	O	O	O	O	_	_	_	_	_	_
un	O	O	O	O	O	O	_	_	_	_	_	_
niveau	O	O	O	O	O	O	_	_	EndOfLine	_	_	_
# segment_iiif_link = https://impresso-project.ch/api/proxy/iiif/IMP-1995-09-22-a-p0004/2442,3584,531,76/full/0/default.jpg
permettant	O	O	O	O	O	O	_	_	_	_	_	_
de	O	O	O	O	O	O	_	_	_	_	_	_
parler	O	O	O	O	O	O	_	_	_	_	_	_
d	O	O	O	O	O	O	_	_	NoSpaceAfter	_	_	_
'	O	O	O	O	O	O	_	_	NoSpaceAfter	_	_	_
une	O	O	O	O	O	O	_	_	_	_	_	_
baisse	O	O	O	O	O	O	_	_	EndOfLine	_	_	_
# segment_iiif_link = https://impresso-project.ch/api/proxy/iiif/IMP-1995-09-22-a-p0004/2442,3626,529,74/full/0/default.jpg
des	O	O	O	O	O	O	_	_	_	_	_	_
taux	O	O	O	O	O	O	_	_	NoSpaceAfter	_	_	_
,	O	O	O	O	O	O	_	_	_	_	_	_
a	O	O	O	O	O	O	_	_	_	_	_	_
déclaré	O	O	O	O	O	O	_	_	_	_	_	_
un	O	O	O	O	O	O	_	_	EndOfLine	_	_	_
# segment_iiif_link = https://impresso-project.ch/api/proxy/iiif/IMP-1995-09-22-a-p0004/2442,3665,324,76/full/0/default.jpg
porte	O	O	O	O	O	O	_	_	NoSpaceAfter	_	_	_
-	O	O	O	O	O	O	_	_	NoSpaceAfter	_	_	_
parole	O	O	O	O	O	O	_	_	_	_	_	_
de	O	O	O	O	O	O	_	_	_	_	_	_
la	O	O	O	O	O	O	_	_	_	_	_	_
SBS	O	O	O	O	O	O	_	_	NoSpaceAfter	_	_	_
.	O	O	O	O	O	O	_	_	_	EndOfSentence	_	_
(	O	O	O	O	O	O	_	_	NoSpaceAfter	_	_	_
ap	B-org	O	B-org.ent.pressagency.AP	O	O	O	Q40469	_	NoSpaceAfter	_	LED0.00	_
)	O	O	O	O	O	O	_	_	EndOfLine	EndOfSentence	_	_

# language = fr
# newspaper = IMP
# date = 1998-11-19
# document_id = IMP-1998-11-19-a-i0127
# news-agency-as-source = Q430109
# segment_iiif_link = https://impresso-project.ch/api/proxy/iiif/IMP-1998-11-19-a-p0015/1867,2650,374,101/full/0/default.jpg
Conjoncture	O	O	O	O	O	O	_	_	EndOfLine	_	_	_
# segment_iiif_link = https://impresso-project.ch/api/proxy/iiif/IMP-1998-11-19-a-p0015/1867,2712,383,103/full/0/default.jpg
Pierre	O	O	O	O	O	O	_	_	_	_	_	_
Dubois	O	O	O	O	O	O	_	_	EndOfLine	_	_	_
# segment_iiif_link = https://impresso-project.ch/api/proxy/iiif/IMP-1998-11-19-a-p0015/1867,2779,254,103/full/0/default.jpg
remplacé	O	O	O	O	O	O	_	_	EndOfLine	_	_	_
# segment_iiif_link = https://impresso-project.ch/api/proxy/iiif/IMP-1998-11-19-a-p0015/1906,2876,487,71/full/0/default.jpg
La	O	O	O	O	O	O	_	_	_	_	_	_
conseillère	O	O	O	O	O	O	_	_	_	_	_	_
d	O	O	O	O	O	O	_	_	NoSpaceAfter	_	_	_
'	O	O	O	O	O	O	_	_	NoSpaceAfter	_	_	_
Etat	O	O	O	O	O	O	_	_	EndOfLine	_	_	_
# segment_iiif_link = https://impresso-project.ch/api/proxy/iiif/IMP-1998-11-19-a-p0015/1867,2918,524,71/full/0/default.jpg
tessinoise	O	O	O	O	O	O	_	_	_	_	_	_
Marina	O	O	O	O	O	O	_	_	_	_	_	_
Masoni	O	O	O	O	O	O	_	_	_	_	_	_
siégera	O	O	O	O	O	O	_	_	EndOfLine	_	_	_
# segment_iiif_link = https://impresso-project.ch/api/proxy/iiif/IMP-1998-11-19-a-p0015/1867,2959,524,71/full/0/default.jpg
désormais	O	O	O	O	O	O	_	_	_	_	_	_
à	O	O	O	O	O	O	_	_	_	_	_	_
la	O	O	O	O	O	O	_	_	_	_	_	_
Commission	O	O	O	O	O	O	_	_	EndOfLine	_	_	_
# segment_iiif_link = https://impresso-project.ch/api/proxy/iiif/IMP-1998-11-19-a-p0015/1865,3003,523,68/full/0/default.jpg
pour	O	O	O	O	O	O	_	_	_	_	_	_
les	O	O	O	O	O	O	_	_	_	_	_	_
questions	O	O	O	O	O	O	_	_	EndOfLine	_	_	_
# segment_iiif_link = https://impresso-project.ch/api/proxy/iiif/IMP-1998-11-19-a-p0015/1867,3045,524,68/full/0/default.jpg
conjoncturelles	O	O	O	O	O	O	_	_	NoSpaceAfter	_	_	_
.	O	O	O	O	O	O	_	_	_	EndOfSentence	_	_
Le	O	O	O	O	O	O	_	_	_	_	_	_
Conseil	O	O	O	O	O	O	_	_	_	_	_	_
fédéral	O	O	O	O	O	O	_	_	_	_	_	_
y	O	O	O	O	O	O	_	_	_	_	_	_
a	O	O	O	O	O	O	_	_	EndOfLine	_	_	_
# segment_iiif_link = https://impresso-project.ch/api/proxy/iiif/IMP-1998-11-19-a-p0015/1865,3086,526,68/full/0/default.jpg
aussi	O	O	O	O	O	O	_	_	_	_	_	_
élu	O	O	O	O	O	O	_	_	_	_	_	_
hier	O	O	O	O	O	O	_	_	_	_	_	_
le	O	O	O	O	O	O	_	_	_	_	_	_
secrétaire	O	O	O	O	O	O	_	_	_	_	_	_
de	O	O	O	O	O	O	_	_	EndOfLine	_	_	_
# segment_iiif_link = https://impresso-project.ch/api/proxy/iiif/IMP-1998-11-19-a-p0015/1865,3125,528,71/full/0/default.jpg
l	O	O	O	O	O	O	_	_	NoSpaceAfter	_	_	_
'	O	O	O	O	O	O	_	_	NoSpaceAfter	_	_	_
Union	O	O	O	O	O	O	_	_	_	_	_	_
suisse	O	O	O	O	O	O	_	_	_	_	_	_
des	O	O	O	O	O	O	_	_	_	_	_	_
arts	O	O	O	O	O	O	_	_	_	_	_	_
et	O	O	O	O	O	O	_	_	EndOfLine	_	_	_
# segment_iiif_link = https://impresso-project.ch/api/proxy/iiif/IMP-1998-11-19-a-p0015/1865,3169,526,68/full/0/default.jpg
métiers	O	O	O	O	O	O	_	_	_	_	_	_
(	O	O	O	O	O	O	_	_	NoSpaceAfter	_	_	_
Usam	O	O	O	O	O	O	_	_	NoSpaceAfter	_	_	_
)	O	O	O	O	O	O	_	_	_	_	_	_
Marco	O	O	O	O	O	O	_	_	_	_	_	_
Taddei	O	O	O	O	O	O	_	_	_	_	_	_
et	O	O	O	O	O	O	_	_	EndOfLine	_	_	_
# segment_iiif_link = https://impresso-project.ch/api/proxy/iiif/IMP-1998-11-19-a-p0015/1865,3211,523,68/full/0/default.jpg
Martin	O	O	O	O	O	O	_	_	_	_	_	_
Maurer	O	O	O	O	O	O	_	_	NoSpaceAfter	_	_	_
,	O	O	O	O	O	O	_	_	_	_	_	_
de	O	O	O	O	O	O	_	_	_	_	_	_
la	O	O	O	O	O	O	_	_	_	_	_	_
direction	O	O	O	O	O	O	_	_	EndOfLine	_	_	_
# segment_iiif_link = https://impresso-project.ch/api/proxy/iiif/IMP-1998-11-19-a-p0015/1865,3252,526,68/full/0/default.jpg
de	O	O	O	O	O	O	_	_	_	_	_	_
l	O	O	O	O	O	O	_	_	NoSpaceAfter	_	_	_
'	O	O	O	O	O	O	_	_	NoSpaceAfter	_	_	_
Association	O	O	O	O	O	O	_	_	_	_	_	_
suisse	O	O	O	O	O	O	_	_	_	_	_	_
des	O	O	O	O	O	O	_	_	EndOfLine	_	_	_
# segment_iiif_link = https://impresso-project.ch/api/proxy/iiif/IMP-1998-11-19-a-p0015/1867,3294,295,68/full/0/default.jpg
banquiers	O	O	O	O	O	O	_	_	_	_	_	_
(	O	O	O	O	O	O	_	_	NoSpaceAfter	_	_	_
ASB	O	O	O	O	O	O	_	_	NoSpaceAfter	_	_	_
)	O	O	O	O	O	O	_	_	NoSpaceAfter	_	_	_
.	O	O	O	O	O	O	_	_	EndOfLine	EndOfSentence	_	_
# segment_iiif_link = https://impresso-project.ch/api/proxy/iiif/IMP-1998-11-19-a-p0015/1906,3335,487,71/full/0/default.jpg
Les	O	O	O	O	O	O	_	_	_	_	_	_
trois	O	O	O	O	O	O	_	_	_	_	_	_
nouveaux	O	O	O	O	O	O	_	_	EndOfLine	_	_	_
# segment_iiif_link = https://impresso-project.ch/api/proxy/iiif/IMP-1998-11-19-a-p0015/1865,3377,526,68/full/0/default.jpg
membres	O	O	O	O	O	O	_	_	_	_	_	_
siégeront	O	O	O	O	O	O	_	_	_	_	_	_
jusqu	O	O	O	O	O	O	_	_	NoSpaceAfter	_	_	_
'	O	O	O	O	O	O	_	_	NoSpaceAfter	_	_	_
à	O	O	O	O	O	O	_	_	_	_	_	_
la	O	O	O	O	O	O	_	_	_	_	_	_
fin	O	O	O	O	O	O	_	_	_	_	_	_
de	O	O	O	O	O	O	_	_	EndOfLine	_	_	_
# segment_iiif_link = https://impresso-project.ch/api/proxy/iiif/IMP-1998-11-19-a-p0015/1865,3418,526,71/full/0/default.jpg
la	O	O	O	O	O	O	_	_	_	_	_	_
période	O	O	O	O	O	O	_	_	_	_	_	_
législative	O	O	O	O	O	O	_	_	_	_	_	_
en	O	O	O	O	O	O	_	_	_	_	_	_
2000	O	O	O	O	O	O	_	_	NoSpaceAfter	_	_	_
.	O	O	O	O	O	O	_	_	EndOfLine	EndOfSentence	_	_
# segment_iiif_link = https://impresso-project.ch/api/proxy/iiif/IMP-1998-11-19-a-p0015/1865,3460,526,68/full/0/default.jpg
Ils	O	O	O	O	O	O	_	_	_	_	_	_
remplacent	O	O	O	O	O	O	_	_	NoSpaceAfter	_	_	_
'	O	O	O	O	O	O	_	_	_	_	_	_
les	O	O	O	O	O	O	_	_	_	_	_	_
sortants	O	O	O	O	O	O	_	_	EndOfLine	_	_	_
# segment_iiif_link = https://impresso-project.ch/api/proxy/iiif/IMP-1998-11-19-a-p0015/1865,3502,524,71/full/0/default.jpg
Pierre	O	O	O	O	O	O	_	_	_	_	_	_
Dubois	O	O	O	O	O	O	_	_	NoSpaceAfter	_	_	_
,	O	O	O	O	O	O	_	_	_	_	_	_
ex	O	O	O	O	O	O	_	_	NoSpaceAfter	_	_	_
-	O	O	O	O	O	O	_	_	NoSpaceAfter	_	_	_
conseiller	O	O	O	O	O	O	_	_	EndOfLine	_	_	_
# segment_iiif_link = https://impresso-project.ch/api/proxy/iiif/IMP-1998-11-19-a-p0015/1865,3543,525,68/full/0/default.jpg
d	O	O	O	O	O	O	_	_	NoSpaceAfter	_	_	_
'	O	O	O	O	O	O	_	_	NoSpaceAfter	_	_	_
Etat	O	O	O	O	O	O	_	_	_	_	_	_
neuchâtelois	O	O	O	O	O	O	_	_	_	_	_	_
;	O	O	O	O	O	O	_	_	_	_	_	_
Kurt	O	O	O	O	O	O	_	_	EndOfLine	_	_	_
# segment_iiif_link = https://impresso-project.ch/api/proxy/iiif/IMP-1998-11-19-a-p0015/1865,3587,523,68/full/0/default.jpg
Gleller	O	O	O	O	O	O	_	_	NoSpaceAfter	_	_	_
,	O	O	O	O	O	O	_	_	_	_	_	_
de	O	O	O	O	O	O	_	_	_	_	_	_
F	O	O	O	O	O	O	_	_	_	_	_	_
Usam	O	O	O	O	O	O	_	_	NoSpaceAfter	_	_	_
,	O	O	O	O	O	O	_	_	_	_	_	_
et	O	O	O	O	O	O	_	_	_	_	_	_
Niklaus	O	O	O	O	O	O	_	_	EndOfLine	_	_	_
# segment_iiif_link = https://impresso-project.ch/api/proxy/iiif/IMP-1998-11-19-a-p0015/1865,3628,316,68/full/0/default.jpg
Blattner	O	O	O	O	O	O	_	_	NoSpaceAfter	_	_	_
,	O	O	O	O	O	O	_	_	_	_	_	_
de	O	O	O	O	O	O	_	_	_	_	_	_
l	O	O	O	O	O	O	_	_	NoSpaceAfter	_	_	_
'	O	O	O	O	O	O	_	_	NoSpaceAfter	_	_	_
ASB	O	O	O	O	O	O	_	_	NoSpaceAfter	_	_	_
.	O	O	O	O	O	O	_	_	EndOfLine	EndOfSentence	_	_
# segment_iiif_link = https://impresso-project.ch/api/proxy/iiif/IMP-1998-11-19-a-p0015/1904,3670,482,68/full/0/default.jpg
Le	O	O	O	O	O	O	_	_	_	_	_	_
Conseil	O	O	O	O	O	O	_	_	_	_	_	_
fédéral	O	O	O	O	O	O	_	_	_	_	_	_
a	O	O	O	O	O	O	_	_	_	_	_	_
aussi	O	O	O	O	O	O	_	_	EndOfLine	_	_	_
# segment_iiif_link = https://impresso-project.ch/api/proxy/iiif/IMP-1998-11-19-a-p0015/1865,3712,526,68/full/0/default.jpg
pris	O	O	O	O	O	O	_	_	_	_	_	_
connaissance	O	O	O	O	O	O	_	_	_	_	_	_
de	O	O	O	O	O	O	_	_	_	_	_	_
la	O	O	O	O	O	O	_	_	EndOfLine	_	_	_
# segment_iiif_link = https://impresso-project.ch/api/proxy/iiif/IMP-1998-11-19-a-p0015/1865,3753,524,68/full/0/default.jpg
démission	O	O	O	O	O	O	_	_	_	_	_	_
de	O	O	O	O	O	O	_	_	_	_	_	_
l	O	O	O	O	O	O	_	_	NoSpaceAfter	_	_	_
'	O	O	O	O	O	O	_	_	NoSpaceAfter	_	_	_
ancien	O	O	O	O	O	O	_	_	_	_	_	_
conseiller	O	O	O	O	O	O	_	_	EndOfLine	_	_	_
# segment_iiif_link = https://impresso-project.ch/api/proxy/iiif/IMP-1998-11-19-a-p0015/1865,3795,528,68/full/0/default.jpg
d	O	O	O	O	O	O	_	_	NoSpaceAfter	_	_	_
'	O	O	O	O	O	O	_	_	NoSpaceAfter	_	_	_
Etat	O	O	O	O	O	O	_	_	_	_	_	_
appenzellois	O	O	O	O	O	O	_	_	_	_	_	_
Mans	O	O	O	O	O	O	_	_	EndOfLine	_	_	_
# segment_iiif_link = https://impresso-project.ch/api/proxy/iiif/IMP-1998-11-19-a-p0015/1862,3836,528,68/full/0/default.jpg
Walter	O	O	O	O	O	O	_	_	_	_	_	_
Schmid	O	O	O	O	O	O	_	_	NoSpaceAfter	_	_	_
.	O	O	O	O	O	O	_	_	_	EndOfSentence	_	_
Sa	O	O	O	O	O	O	_	_	_	_	_	_
succession	O	O	O	O	O	O	_	_	_	_	_	_
est	O	O	O	O	O	O	_	_	EndOfLine	_	_	_
# segment_iiif_link = https://impresso-project.ch/api/proxy/iiif/IMP-1998-11-19-a-p0015/1865,3878,525,71/full/0/default.jpg
encore	O	O	O	O	O	O	_	_	_	_	_	_
ouverte	O	O	O	O	O	O	_	_	NoSpaceAfter	_	_	_
.	O	O	O	O	O	O	_	_	_	EndOfSentence	_	_
La	O	O	O	O	O	O	_	_	EndOfLine	_	_	_
# segment_iiif_link = https://impresso-project.ch/api/proxy/iiif/IMP-1998-11-19-a-p0015/1865,3919,521,71/full/0/default.jpg
commission	O	O	O	O	O	O	_	_	_	_	_	_
débat	O	O	O	O	O	O	_	_	_	_	_	_
de	O	O	O	O	O	O	_	_	_	_	_	_
la	O	O	O	O	O	O	_	_	_	_	_	_
situation	O	O	O	O	O	O	_	_	EndOfLine	_	_	_
# segment_iiif_link = https://impresso-project.ch/api/proxy/iiif/IMP-1998-11-19-a-p0015/1862,3961,529,68/full/0/default.jpg
conjoncturelle	O	O	O	O	O	O	_	_	_	_	_	_
et	O	O	O	O	O	O	_	_	_	_	_	_
avance	O	O	O	O	O	O	_	_	_	_	_	_
des	O	O	O	O	O	O	_	_	EndOfLine	_	_	_
# segment_iiif_link = https://impresso-project.ch/api/proxy/iiif/IMP-1998-11-19-a-p0015/1865,4005,528,68/full/0/default.jpg
prévisions	O	O	O	O	O	O	_	_	_	_	_	_
pour	O	O	O	O	O	O	_	_	_	_	_	_
l	O	O	O	O	O	O	_	_	NoSpaceAfter	_	_	_
'	O	O	O	O	O	O	_	_	NoSpaceAfter	_	_	_
année	O	O	O	O	O	O	_	_	_	_	_	_
à	O	O	O	O	O	O	_	_	EndOfLine	_	_	_
# segment_iiif_link = https://impresso-project.ch/api/proxy/iiif/IMP-1998-11-19-a-p0015/1865,4046,525,68/full/0/default.jpg
venir	O	O	O	O	O	O	_	_	NoSpaceAfter	_	_	_
.	O	O	O	O	O	O	_	_	_	EndOfSentence	_	_
Elle	O	O	O	O	O	O	_	_	_	_	_	_
publie	O	O	O	O	O	O	_	_	_	_	_	_
régulièrement	O	O	O	O	O	O	_	_	EndOfLine	_	_	_
# segment_iiif_link = https://impresso-project.ch/api/proxy/iiif/IMP-1998-11-19-a-p0015/1862,4088,294,68/full/0/default.jpg
des	O	O	O	O	O	O	_	_	_	_	_	_
rapports	O	O	O	O	O	O	_	_	NoSpaceAfter	_	_	_
.	O	O	O	O	O	O	_	_	_	EndOfSentence	_	_
/	O	O	O	O	O	O	_	_	_	_	_	_
ats	B-org	O	B-org.ent.pressagency.ATS-SDA	O	O	O	Q430109	_	EndOfLine	EndOfSentence	LED0.00	_

# language = fr
# newspaper = JDG
# date = 1852-09-18
# document_id = JDG-1852-09-18-a-i0006
# news-agency-as-source = _
# segment_iiif_link = https://impresso-project.ch/api/proxy/iiif/JDG-1852-09-18-a-p0001/112,506,973,46/full/0/default.jpg
Ce	O	O	O	O	O	O	_	_	_	_	_	_
journal	O	O	O	O	O	O	_	_	_	_	_	_
paraît	O	O	O	O	O	O	_	_	_	_	_	_
tous	O	O	O	O	O	O	_	_	_	_	_	_
le	O	O	O	O	O	O	_	_	_	_	_	_
»	O	O	O	O	O	O	_	_	_	_	_	_
matins	O	O	O	O	O	O	_	_	NoSpaceAfter	_	_	_
,	O	O	O	O	O	O	_	_	_	_	_	_
'	O	O	O	O	O	O	_	_	NoSpaceAfter	_	_	_
excepta	O	O	O	O	O	O	_	_	_	_	_	_
le	O	O	O	O	O	O	_	_	_	_	_	_
lundi	O	O	O	O	O	O	_	_	NoSpaceAfter	_	_	_
.	O	O	O	O	O	O	_	_	_	_	_	_
Tout	O	O	O	O	O	O	_	_	_	_	_	_
ce	O	O	O	O	O	O	_	_	_	_	_	_
qui	O	O	O	O	O	O	_	_	_	_	_	_
concerne	O	O	O	O	O	O	_	_	_	_	_	_
la	O	O	O	O	O	O	_	_	_	_	_	_
rédaction	O	O	O	O	O	O	_	_	_	_	_	_
doit	O	O	O	O	O	O	_	_	EndOfLine	_	_	_
# segment_iiif_link = https://impresso-project.ch/api/proxy/iiif/JDG-1852-09-18-a-p0001/84,530,1001,46/full/0/default.jpg
être	O	O	O	O	O	O	_	_	_	_	_	_
adressé	O	O	O	O	O	O	_	_	_	_	_	_
an	O	O	O	O	O	O	_	_	_	_	_	_
bureau	O	O	O	O	O	O	_	_	_	_	_	_
(	O	O	O	O	O	O	_	_	NoSpaceAfter	_	_	_
de	O	O	O	O	O	O	_	_	_	_	_	_
8	O	O	O	O	O	O	_	_	_	_	_	_
heures	O	O	O	O	O	O	_	_	_	_	_	_
à	O	O	O	O	O	O	_	_	_	_	_	_
toidi	O	O	O	O	O	O	_	_	NoSpaceAfter	_	_	_
)	O	O	O	O	O	O	_	_	NoSpaceAfter	_	_	_
,	O	O	O	O	O	O	_	_	_	_	_	_
impr	O	O	O	O	O	O	_	_	NoSpaceAfter	_	_	_
.	O	O	O	O	O	O	_	_	_	_	_	_
F	O	O	O	O	O	O	_	_	NoSpaceAfter	_	_	_
.	O	O	O	O	O	O	_	_	_	_	_	_
Ramboz	O	O	O	O	O	O	_	_	_	_	_	_
et	O	O	O	O	O	O	_	_	_	_	_	_
O	O	O	O	O	O	O	_	_	NoSpaceAfter	_	_	_
,	O	O	O	O	O	O	_	_	_	_	_	_
rue	O	O	O	O	O	O	_	_	_	_	_	_
de	O	O	O	O	O	O	_	_	_	_	_	_
l	O	O	O	O	O	O	_	_	NoSpaceAfter	_	_	_
'	O	O	O	O	O	O	_	_	NoSpaceAfter	_	_	_
hôtel	O	O	O	O	O	O	_	_	NoSpaceAfter	_	_	_
-	O	O	O	O	O	O	_	_	NoSpaceAfter	_	_	_
de	O	O	O	O	O	O	_	_	NoSpaceAfter	_	_	_
-	O	O	O	O	O	O	_	_	NoSpaceAfter	_	_	_
ville	O	O	O	O	O	O	_	_	NoSpaceAfter	_	_	_
.	O	O	O	O	O	O	_	_	_	_	_	_
—	O	O	O	O	O	O	_	_	_	_	_	_
On	O	O	O	O	O	O	_	_	EndOfLine	_	_	_
# segment_iiif_link = https://impresso-project.ch/api/proxy/iiif/JDG-1852-09-18-a-p0001/84,556,1002,44/full/0/default.jpg
rîçoit	O	O	O	O	O	O	_	_	NoSpaceAfter	_	_	_
'	O	O	O	O	O	O	_	_	NoSpaceAfter	_	_	_
les	O	O	O	O	O	O	_	_	_	_	_	_
abonnements	O	O	O	O	O	O	_	_	_	_	_	_
et	O	O	O	O	O	O	_	_	_	_	_	_
les	O	O	O	O	O	O	_	_	_	_	_	_
annonces	O	O	O	O	O	O	_	_	_	_	_	_
chez	O	O	O	O	O	O	_	_	_	_	_	_
Joël	O	O	O	O	O	O	_	_	_	_	_	_
CHEUBULIEZ	O	O	O	O	O	O	_	_	NoSpaceAfter	_	_	_
,	O	O	O	O	O	O	_	_	_	_	_	_
libraire	O	O	O	O	O	O	_	_	NoSpaceAfter	_	_	_
,	O	O	O	O	O	O	_	_	_	_	_	_
au	O	O	O	O	O	O	_	_	_	_	_	_
haut	O	O	O	O	O	O	_	_	_	_	_	_
delaCité	O	O	O	O	O	O	_	_	NoSpaceAfter	_	_	_
.	O	O	O	O	O	O	_	_	_	_	_	_
—	O	O	O	O	O	O	_	_	NoSpaceAfter	_	_	_
Suiwe	O	O	O	O	O	O	_	_	NoSpaceAfter	_	_	_
,	O	O	O	O	O	O	_	_	EndOfLine	_	_	_
# segment_iiif_link = https://impresso-project.ch/api/proxy/iiif/JDG-1852-09-18-a-p0001/84,580,1001,46/full/0/default.jpg
a	O	O	O	O	O	O	_	_	_	_	_	_
ix	O	O	O	O	O	O	_	_	_	_	_	_
bureaux	O	O	O	O	O	O	_	_	_	_	_	_
des	O	O	O	O	O	O	_	_	NoSpaceAfter	_	_	_
'	O	O	O	O	O	O	_	_	NoSpaceAfter	_	_	_
Postes	O	O	O	O	O	O	_	_	NoSpaceAfter	_	_	_
,	O	O	O	O	O	O	_	_	_	_	_	_
—	O	O	O	O	O	O	_	_	_	_	_	_
à	O	O	O	O	O	O	_	_	_	_	_	_
Paris	O	O	O	O	O	O	_	_	NoSpaceAfter	_	_	_
,	O	O	O	O	O	O	_	_	_	_	_	_
à	O	O	O	O	O	O	_	_	_	_	_	_
l	O	O	O	O	O	O	_	_	NoSpaceAfter	_	_	_
'	O	O	O	O	O	O	_	_	NoSpaceAfter	_	_	_
office	O	O	O	O	O	O	_	_	_	_	_	_
IJEJOLIVET	O	O	O	O	O	O	_	_	_	_	_	_
et	O	O	O	O	O	O	_	_	_	_	_	_
C	O	O	O	O	O	O	_	_	_	_	_	_
'	O	O	O	O	O	O	_	_	NoSpaceAfter	_	_	_
"	O	O	O	O	O	O	_	_	NoSpaceAfter	_	_	_
,	O	O	O	O	O	O	_	_	_	_	_	_
rue	O	O	O	O	O	O	_	_	_	_	_	_
Notre	O	O	O	O	O	O	_	_	NoSpaceAfter	_	_	_
-	O	O	O	O	O	O	_	_	NoSpaceAfter	_	_	_
Dame	O	O	O	O	O	O	_	_	NoSpaceAfter	_	_	_
-	O	O	O	O	O	O	_	_	NoSpaceAfter	_	_	_
dés	O	O	O	O	O	O	_	_	NoSpaceAfter	_	_	_
-	O	O	O	O	O	O	_	_	NoSpaceAfter	_	_	_
Victoires	O	O	O	O	O	O	_	_	NoSpaceAfter	_	_	_
,	O	O	O	O	O	O	_	_	_	_	_	_
23	O	O	O	O	O	O	_	_	NoSpaceAfter	_	_	_
,	O	O	O	O	O	O	_	_	EndOfLine	_	_	_
# segment_iiif_link = https://impresso-project.ch/api/proxy/iiif/JDG-1852-09-18-a-p0001/84,603,1001,46/full/0/default.jpg
et	O	O	O	O	O	O	_	_	_	_	_	_
chez	O	O	O	O	O	O	_	_	_	_	_	_
M	O	O	O	O	O	O	_	_	NoSpaceAfter	_	_	_
.	O	O	O	O	O	O	_	_	_	_	_	_
HAVAS	O	O	O	O	O	O	_	_	NoSpaceAfter	_	_	_
,	O	O	O	O	O	O	_	_	_	_	_	_
rue	O	O	O	O	O	O	_	_	_	_	_	_
J	O	O	O	O	O	O	_	_	_	_	_	_
.	O	O	O	O	O	O	_	_	NoSpaceAfter	EndOfSentence	_	_
-	O	O	O	O	O	O	_	_	NoSpaceAfter	_	_	_
J	O	O	O	O	O	O	_	_	NoSpaceAfter	_	_	_
.	O	O	O	O	O	O	_	_	_	EndOfSentence	_	_
Rousseau	O	O	O	O	O	O	_	_	NoSpaceAfter	_	_	_
,	O	O	O	O	O	O	_	_	_	_	_	_
n	O	O	O	O	O	O	_	_	NoSpaceAfter	_	_	_
°	O	O	O	O	O	O	_	_	_	_	_	_
3	O	O	O	O	O	O	_	_	NoSpaceAfter	_	_	_
.	O	O	O	O	O	O	_	_	_	EndOfSentence	_	_
—	O	O	O	O	O	O	_	_	_	_	_	_
Pour	O	O	O	O	O	O	_	_	_	_	_	_
l	O	O	O	O	O	O	_	_	NoSpaceAfter	_	_	_
'	O	O	O	O	O	O	_	_	NoSpaceAfter	_	_	_
Angleterre	O	O	O	O	O	O	_	_	NoSpaceAfter	_	_	_
,	O	O	O	O	O	O	_	_	_	_	_	_
chez	O	O	O	O	O	O	_	_	_	_	_	_
M	O	O	O	O	O	O	_	_	NoSpaceAfter	_	_	_
.	O	O	O	O	O	O	_	_	_	_	_	_
DE	O	O	O	O	O	O	_	_	_	_	_	_
BEKMARDY	O	O	O	O	O	O	_	_	NoSpaceAfter	_	_	_
,	O	O	O	O	O	O	_	_	_	_	_	_
ageut	O	O	O	O	O	O	_	_	NoSpaceAfter	_	_	_
,	O	O	O	O	O	O	_	_	EndOfLine	_	_	_
# segment_iiif_link = https://impresso-project.ch/api/proxy/iiif/JDG-1852-09-18-a-p0001/86,629,2052,44/full/0/default.jpg
20	O	O	O	O	O	O	_	_	NoSpaceAfter	_	_	_
,	O	O	O	O	O	O	_	_	_	_	_	_
John	O	O	O	O	O	O	_	_	_	_	_	_
Street	O	O	O	O	O	O	_	_	NoSpaceAfter	_	_	_
,	O	O	O	O	O	O	_	_	_	_	_	_
Adelphi	O	O	O	O	O	O	_	_	NoSpaceAfter	_	_	_
,	O	O	O	O	O	O	_	_	_	_	_	_
London	O	O	O	O	O	O	_	_	NoSpaceAfter	_	_	_
.	O	O	O	O	O	O	_	_	_	EndOfSentence	_	_
Pour	O	O	O	O	O	O	_	_	_	_	_	_
toute	O	O	O	O	O	O	_	_	_	_	_	_
la	O	O	O	O	O	O	_	_	_	_	_	_
Suisse	O	O	O	O	O	O	_	_	_	_	_	_
un	O	O	O	O	O	O	_	_	_	_	_	_
an	O	O	O	O	O	O	_	_	_	_	_	_
2	O	O	O	O	O	O	_	_	_	_	_	_
Sfr	O	O	O	O	O	O	_	_	NoSpaceAfter	_	_	_
.	O	O	O	O	O	O	_	_	_	EndOfSentence	_	_
F	O	O	O	O	O	O	_	_	NoSpaceAfter	_	_	_
.	O	O	O	O	O	O	_	_	_	_	_	_
—	O	O	O	O	O	O	_	_	_	_	_	_
6	O	O	O	O	O	O	_	_	_	_	_	_
mois	O	O	O	O	O	O	_	_	_	_	_	_
Ufr	O	O	O	O	O	O	_	_	NoSpaceAfter	_	_	_
.	O	O	O	O	O	O	_	_	_	EndOfSentence	_	_
F	O	O	O	O	O	O	_	_	NoSpaceAfter	_	_	_
.	O	O	O	O	O	O	_	_	_	_	_	_
—	O	O	O	O	O	O	_	_	_	_	_	_
3	O	O	O	O	O	O	_	_	_	_	_	_
mois	O	O	O	O	O	O	_	_	_	_	_	_
7	O	O	O	O	O	O	_	_	_	_	_	_
fr	O	O	O	O	O	O	_	_	NoSpaceAfter	_	_	_
.	O	O	O	O	O	O	_	_	_	EndOfSentence	_	_
T	O	O	O	O	O	O	_	_	NoSpaceAfter	_	_	_
.	O	O	O	O	O	O	_	_	_	_	_	_
50	O	O	O	O	O	O	_	_	_	_	_	_
on	O	O	O	O	O	O	_	_	_	_	_	_
mois	O	O	O	O	O	O	_	_	_	_	_	_
3	O	O	O	O	O	O	_	_	_	_	_	_
tt	O	O	O	O	O	O	_	_	NoSpaceAfter	_	_	_
.	O	O	O	O	O	O	_	_	_	EndOfSentence	_	_
P	O	O	O	O	O	O	_	_	NoSpaceAfter	_	_	_
.	O	O	O	O	O	O	_	_	_	_	_	_
—	O	O	O	O	O	O	_	_	EndOfLine	_	_	_
# segment_iiif_link = https://impresso-project.ch/api/proxy/iiif/JDG-1852-09-18-a-p0001/1133,530,1014,44/full/0/default.jpg
P	O	O	O	O	O	O	_	_	NoSpaceAfter	_	_	_
'	O	O	O	O	O	O	_	_	_	_	_	_
France	O	O	O	O	O	O	_	_	_	_	_	_
et	O	O	O	O	O	O	_	_	_	_	_	_
Et	O	O	O	O	O	O	_	_	NoSpaceAfter	_	_	_
.	O	O	O	O	O	O	_	_	_	EndOfSentence	_	_
Sardes	O	O	O	O	O	O	_	_	_	_	_	_
(	O	O	O	O	O	O	_	_	NoSpaceAfter	_	_	_
fr	O	O	O	O	O	O	_	_	NoSpaceAfter	_	_	_
.	O	O	O	O	O	O	_	_	NoSpaceAfter	_	_	_
)	O	O	O	O	O	O	_	_	NoSpaceAfter	_	_	_
.	O	O	O	O	O	O	_	_	_	EndOfSentence	_	_
41	O	O	O	O	O	O	_	_	_	_	_	_
—	O	O	O	O	O	O	_	_	_	_	_	_
-	O	O	O	O	O	O	_	_	NoSpaceAfter	_	_	_
22	O	O	O	O	O	O	_	_	NoSpaceAfter	_	_	_
.	O	O	O	O	O	O	_	_	_	EndOfSentence	_	_
—	O	O	O	O	O	O	_	_	NoSpaceAfter	_	_	_
.	O	O	O	O	O	O	_	_	_	EndOfSentence	_	_
12	O	O	O	O	O	O	_	_	_	_	_	_
—	O	O	O	O	O	O	_	_	NoSpaceAfter	_	_	_
.	O	O	O	O	O	O	_	_	_	EndOfSentence	_	_
4	O	O	O	O	O	O	_	_	NoSpaceAfter	_	_	_
-	O	O	O	O	O	O	_	_	NoSpaceAfter	_	_	_
30	O	O	O	O	O	O	_	_	EndOfLine	_	_	_
# segment_iiif_link = https://impresso-project.ch/api/proxy/iiif/JDG-1852-09-18-a-p0001/1133,554,1003,46/full/0/default.jpg
Pour	O	O	O	O	O	O	_	_	_	_	_	_
la	O	O	O	O	O	O	_	_	_	_	_	_
Toscane	O	O	O	O	O	O	_	_	_	_	_	_
58	O	O	O	O	O	O	_	_	_	_	_	_
—	O	O	O	O	O	O	_	_	NoSpaceAfter	_	_	_
.	O	O	O	O	O	O	_	_	_	EndOfSentence	_	_
30	O	O	O	O	O	O	_	_	_	_	_	_
»	O	O	O	O	O	O	_	_	NoSpaceAfter	_	_	_
'	O	O	O	O	O	O	_	_	NoSpaceAfter	_	_	_
—	O	O	O	O	O	O	_	_	NoSpaceAfter	_	_	_
'	O	O	O	O	O	O	_	_	NoSpaceAfter	_	_	_
{	O	O	O	O	O	O	_	_	NoSpaceAfter	_	_	_
6	O	O	O	O	O	O	_	_	_	_	_	_
»	O	O	O	O	O	O	_	_	_	_	_	_
—	O	O	O	O	O	O	_	_	NoSpaceAfter	_	_	_
.	O	O	O	O	O	O	_	_	NoSpaceAfter	EndOfSentence	_	_
-	O	O	O	O	O	O	_	_	NoSpaceAfter	_	_	_
*	O	O	O	O	O	O	_	_	NoSpaceAfter	_	_	_
.	O	O	O	O	O	O	_	_	_	EndOfSentence	_	_
V	O	O	O	O	O	O	_	_	_	_	_	_
—	O	O	O	O	O	O	_	_	EndOfLine	_	_	_
# segment_iiif_link = https://impresso-project.ch/api/proxy/iiif/JDG-1852-09-18-a-p0001/1131,578,1015,46/full/0/default.jpg
Pour	O	O	O	O	O	O	_	_	_	_	_	_
les	O	O	O	O	O	O	_	_	_	_	_	_
Etats	O	O	O	O	O	O	_	_	_	_	_	_
Romains	O	O	O	O	O	O	_	_	_	_	_	_
.	O	O	O	O	O	O	_	_	NoSpaceAfter	_	_	_
.	O	O	O	O	O	O	_	_	NoSpaceAfter	_	_	_
.	O	O	O	O	O	O	_	_	_	_	_	_
72	O	O	O	O	O	O	_	_	NoSpaceAfter	_	_	_
'	O	O	O	O	O	O	_	_	NoSpaceAfter	_	_	_
.	O	O	O	O	O	O	_	_	_	EndOfSentence	_	_
—	O	O	O	O	O	O	_	_	_	_	_	_
38	O	O	O	O	O	O	_	_	NoSpaceAfter	_	_	_
.	O	O	O	O	O	O	_	_	_	EndOfSentence	_	_
—	O	O	O	O	O	O	_	_	_	_	_	_
ÎO	O	O	O	O	O	O	_	_	NoSpaceAfter	_	_	_
'	O	O	O	O	O	O	_	_	NoSpaceAfter	_	_	_
—	O	O	O	O	O	O	_	_	NoSpaceAfter	_	_	_
.	O	O	O	O	O	O	_	_	_	EndOfSentence	_	_
—	O	O	O	O	O	O	_	_	NoSpaceAfter	_	_	_
.	O	O	O	O	O	O	_	_	_	EndOfSentence	_	_
_	O	O	O	O	O	O	_	_	EndOfLine	_	_	_
# segment_iiif_link = https://impresso-project.ch/api/proxy/iiif/JDG-1852-09-18-a-p0001/1157,602,993,46/full/0/default.jpg
PRIX	O	O	O	O	O	O	_	_	_	_	_	_
DES	O	O	O	O	O	O	_	_	_	_	_	_
ANNONCES	O	O	O	O	O	O	_	_	_	_	_	_
:	O	O	O	O	O	O	_	_	_	_	_	_
pour	O	O	O	O	O	O	_	_	_	_	_	_
nue	O	O	O	O	O	O	_	_	_	_	_	_
insertion	O	O	O	O	O	O	_	_	NoSpaceAfter	_	_	_
,	O	O	O	O	O	O	_	_	_	_	_	_
ÏO	O	O	O	O	O	O	_	_	_	_	_	_
centimes	O	O	O	O	O	O	_	_	_	_	_	_
la	O	O	O	O	O	O	_	_	_	_	_	_
ligne	O	O	O	O	O	O	_	_	_	_	_	_
;	O	O	O	O	O	O	_	_	_	_	_	_
(	O	O	O	O	O	O	_	_	NoSpaceAfter	_	_	_
pour	O	O	O	O	O	O	_	_	_	_	_	_
dix	O	O	O	O	O	O	_	_	_	_	_	_
insortions	O	O	O	O	O	O	_	_	_	_	_	_
au	O	O	O	O	O	O	_	_	_	_	_	_
moins	O	O	O	O	O	O	_	_	NoSpaceAfter	_	_	_
,	O	O	O	O	O	O	_	_	EndOfLine	_	_	_
# segment_iiif_link = https://impresso-project.ch/api/proxy/iiif/JDG-1852-09-18-a-p0001/1133,627,993,46/full/0/default.jpg
iScent	O	O	O	O	O	O	_	_	NoSpaceAfter	_	_	_
.	O	O	O	O	O	O	_	_	_	EndOfSentence	_	_
et	O	O	O	O	O	O	_	_	_	_	_	_
pour	O	O	O	O	O	O	_	_	_	_	_	_
vingt	O	O	O	O	O	O	_	_	_	_	_	_
iiisertiona	O	O	O	O	O	O	_	_	_	_	_	_
et	O	O	O	O	O	O	_	_	_	_	_	_
au	O	O	O	O	O	O	_	_	NoSpaceAfter	_	_	_
-	O	O	O	O	O	O	_	_	NoSpaceAfter	_	_	_
dessus	O	O	O	O	O	O	_	_	NoSpaceAfter	_	_	_
,	O	O	O	O	O	O	_	_	_	_	_	_
lî	O	O	O	O	O	O	_	_	_	_	_	_
cent	O	O	O	O	O	O	_	_	NoSpaceAfter	_	_	_
.	O	O	O	O	O	O	_	_	_	EndOfSentence	_	_
—	O	O	O	O	O	O	_	_	NoSpaceAfter	_	_	_
PRIX	O	O	O	O	O	O	_	_	_	_	_	_
DU	O	O	O	O	O	O	_	_	_	_	_	_
NUMÉUO	O	O	O	O	O	O	_	_	_	_	_	_
nu	O	O	O	O	O	O	_	_	_	_	_	_
JOURNAL	O	O	O	O	O	O	_	_	_	_	_	_
:	O	O	O	O	O	O	_	_	_	_	_	_
23	O	O	O	O	O	O	_	_	_	_	_	_
cent	O	O	O	O	O	O	_	_	NoSpaceAfter	_	_	_
.	O	O	O	O	O	O	_	_	EndOfLine	EndOfSentence	_	_

# language = fr
# newspaper = JDG
# date = 1853-02-02
# document_id = JDG-1853-02-02-a-i0001
# news-agency-as-source = _
# segment_iiif_link = https://impresso-project.ch/api/proxy/iiif/JDG-1853-02-02-a-p0001/139,125,1101,53/full/0/default.jpg
Mercredi	O	O	O	O	O	O	_	_	_	_	_	_
*	O	O	O	O	O	O	_	_	_	_	_	_
Février	O	O	O	O	O	O	_	_	_	_	_	_
1	O	O	O	O	O	O	_	_	_	_	_	_
*	O	O	O	O	O	O	_	_	_	_	_	_
08	O	O	O	O	O	O	_	_	NoSpaceAfter	_	_	_
.	O	O	O	O	O	O	_	_	_	EndOfSentence	_	_
POST	O	O	O	O	O	O	_	_	_	_	_	_
TENTERASLUX	O	O	O	O	O	O	_	_	NoSpaceAfter	_	_	_
.	O	O	O	O	O	O	_	_	EndOfLine	EndOfSentence	_	_
# segment_iiif_link = https://impresso-project.ch/api/proxy/iiif/JDG-1853-02-02-a-p0001/917,130,1037,49/full/0/default.jpg
Nous	O	O	O	O	O	O	_	_	_	_	_	_
maintiendrons	O	O	O	O	O	O	_	_	NoSpaceAfter	_	_	_
.	O	O	O	O	O	O	_	_	NoSpaceAfter	EndOfSentence	_	_
'	O	O	O	O	O	O	_	_	NoSpaceAfter	_	_	_
IV	O	O	O	O	O	O	_	_	_	_	_	_
9	O	O	O	O	O	O	_	_	_	_	_	_
V	O	O	O	O	O	O	_	_	NoSpaceAfter	_	_	_
.	O	O	O	O	O	O	_	_	_	_	_	_
—	O	O	O	O	O	O	_	_	NoSpaceAfter	_	_	_
Vingt	O	O	O	O	O	O	_	_	NoSpaceAfter	_	_	_
-	O	O	O	O	O	O	_	_	NoSpaceAfter	_	_	_
quatrième	O	O	O	O	O	O	_	_	_	_	_	_
Année	O	O	O	O	O	O	_	_	NoSpaceAfter	_	_	_
.	O	O	O	O	O	O	_	_	EndOfLine	EndOfSentence	_	_
# segment_iiif_link = https://impresso-project.ch/api/proxy/iiif/JDG-1853-02-02-a-p0001/270,220,1545,214/full/0/default.jpg
JOURNAL	O	O	O	O	O	O	_	_	_	_	_	_
DE	O	O	O	O	O	O	_	_	_	_	_	_
GENEVE	O	O	O	O	O	O	_	_	EndOfLine	_	_	_
# segment_iiif_link = https://impresso-project.ch/api/proxy/iiif/JDG-1853-02-02-a-p0001/469,405,1158,77/full/0/default.jpg
NATIONAL	O	O	O	O	O	O	_	_	NoSpaceAfter	_	_	_
,	O	O	O	O	O	O	_	_	_	_	_	_
POLITIQUE	O	O	O	O	O	O	_	_	_	_	_	_
ET	O	O	O	O	O	O	_	_	_	_	_	_
LITTERAIRE	O	O	O	O	O	O	_	_	NoSpaceAfter	_	_	_
.	O	O	O	O	O	O	_	_	EndOfLine	EndOfSentence	_	_
# segment_iiif_link = https://impresso-project.ch/api/proxy/iiif/JDG-1853-02-02-a-p0001/130,524,894,46/full/0/default.jpg
Ce	O	O	O	O	O	O	_	_	_	_	_	_
Jonrnal	O	O	O	O	O	O	_	_	_	_	_	_
paraît	O	O	O	O	O	O	_	_	_	_	_	_
ton	O	O	O	O	O	O	_	_	_	_	_	_
»	O	O	O	O	O	O	_	_	_	_	_	_
le	O	O	O	O	O	O	_	_	_	_	_	_
*	O	O	O	O	O	O	_	_	_	_	_	_
mâtin	O	O	O	O	O	O	_	_	_	_	_	_
»	O	O	O	O	O	O	_	_	NoSpaceAfter	_	_	_
,	O	O	O	O	O	O	_	_	_	_	_	_
exoept	O	O	O	O	O	O	_	_	_	_	_	_
*	O	O	O	O	O	O	_	_	_	_	_	_
le	O	O	O	O	O	O	_	_	_	_	_	_
lundi	O	O	O	O	O	O	_	_	NoSpaceAfter	_	_	_
.	O	O	O	O	O	O	_	_	_	EndOfSentence	_	_
Tout	O	O	O	O	O	O	_	_	_	_	_	_
o	O	O	O	O	O	O	_	_	_	_	_	_
«	O	O	O	O	O	O	_	_	_	_	_	_
qui	O	O	O	O	O	O	_	_	_	_	_	_
concerne	O	O	O	O	O	O	_	_	_	_	_	_
la	O	O	O	O	O	O	_	_	_	_	_	_
réaction	O	O	O	O	O	O	_	_	_	_	_	_
doit	O	O	O	O	O	O	_	_	EndOfLine	_	_	_
# segment_iiif_link = https://impresso-project.ch/api/proxy/iiif/JDG-1853-02-02-a-p0001/108,548,917,44/full/0/default.jpg
être	O	O	O	O	O	O	_	_	_	_	_	_
adressé	O	O	O	O	O	O	_	_	_	_	_	_
an	O	O	O	O	O	O	_	_	_	_	_	_
bureau	O	O	O	O	O	O	_	_	_	_	_	_
(	O	O	O	O	O	O	_	_	NoSpaceAfter	_	_	_
de	O	O	O	O	O	O	_	_	_	_	_	_
8	O	O	O	O	O	O	_	_	_	_	_	_
heure	O	O	O	O	O	O	_	_	_	_	_	_
»	O	O	O	O	O	O	_	_	_	_	_	_
à	O	O	O	O	O	O	_	_	_	_	_	_
midi	O	O	O	O	O	O	_	_	NoSpaceAfter	_	_	_
)	O	O	O	O	O	O	_	_	NoSpaceAfter	_	_	_
,	O	O	O	O	O	O	_	_	_	_	_	_
impr	O	O	O	O	O	O	_	_	NoSpaceAfter	_	_	_
.	O	O	O	O	O	O	_	_	_	EndOfSentence	_	_
F	O	O	O	O	O	O	_	_	NoSpaceAfter	_	_	_
.	O	O	O	O	O	O	_	_	_	_	_	_
Ramboi	O	O	O	O	O	O	_	_	_	_	_	_
et	O	O	O	O	O	O	_	_	_	_	_	_
(	O	O	O	O	O	O	_	_	NoSpaceAfter	_	_	_
?	O	O	O	O	O	O	_	_	NoSpaceAfter	EndOfSentence	_	_
«	O	O	O	O	O	O	_	_	NoSpaceAfter	_	_	_
,	O	O	O	O	O	O	_	_	_	_	_	_
rue	O	O	O	O	O	O	_	_	_	_	_	_
de	O	O	O	O	O	O	_	_	_	_	_	_
1	O	O	O	O	O	O	_	_	NoSpaceAfter	_	_	_
-	O	O	O	O	O	O	_	_	NoSpaceAfter	_	_	_
hôtel	O	O	O	O	O	O	_	_	NoSpaceAfter	_	_	_
-	O	O	O	O	O	O	_	_	NoSpaceAfter	_	_	_
de	O	O	O	O	O	O	_	_	NoSpaceAfter	_	_	_
-	O	O	O	O	O	O	_	_	NoSpaceAfter	_	_	_
fille	O	O	O	O	O	O	_	_	NoSpaceAfter	_	_	_
.	O	O	O	O	O	O	_	_	_	_	_	_
—	O	O	O	O	O	O	_	_	_	_	_	_
0	O	O	O	O	O	O	_	_	_	_	_	_
»	O	O	O	O	O	O	_	_	EndOfLine	_	_	_
# segment_iiif_link = https://impresso-project.ch/api/proxy/iiif/JDG-1853-02-02-a-p0001/106,572,922,44/full/0/default.jpg
reçoit	O	O	O	O	O	O	_	_	_	_	_	_
les	O	O	O	O	O	O	_	_	_	_	_	_
abonnement	O	O	O	O	O	O	_	_	_	_	_	_
!	O	O	O	O	O	O	_	_	_	_	_	_
et	O	O	O	O	O	O	_	_	_	_	_	_
les	O	O	O	O	O	O	_	_	_	_	_	_
annonce	O	O	O	O	O	O	_	_	_	_	_	_
»	O	O	O	O	O	O	_	_	_	_	_	_
ehei	O	O	O	O	O	O	_	_	_	_	_	_
laël	O	O	O	O	O	O	_	_	_	_	_	_
CHEMBLIÏZ	O	O	O	O	O	O	_	_	NoSpaceAfter	_	_	_
,	O	O	O	O	O	O	_	_	_	_	_	_
libraire	O	O	O	O	O	O	_	_	NoSpaceAfter	_	_	_
,	O	O	O	O	O	O	_	_	_	_	_	_
au	O	O	O	O	O	O	_	_	_	_	_	_
haut	O	O	O	O	O	O	_	_	_	_	_	_
de	O	O	O	O	O	O	_	_	_	_	_	_
la	O	O	O	O	O	O	_	_	_	_	_	_
Cité	O	O	O	O	O	O	_	_	NoSpaceAfter	_	_	_
.	O	O	O	O	O	O	_	_	_	EndOfSentence	_	_
—	O	O	O	O	O	O	_	_	NoSpaceAfter	_	_	_
Swtu	O	O	O	O	O	O	_	_	NoSpaceAfter	_	_	_
,	O	O	O	O	O	O	_	_	EndOfLine	_	_	_
# segment_iiif_link = https://impresso-project.ch/api/proxy/iiif/JDG-1853-02-02-a-p0001/108,594,924,46/full/0/default.jpg
aux	O	O	O	O	O	O	_	_	_	_	_	_
bureaux	O	O	O	O	O	O	_	_	_	_	_	_
de	O	O	O	O	O	O	_	_	_	_	_	_
»	O	O	O	O	O	O	_	_	_	_	_	_
Poste	O	O	O	O	O	O	_	_	_	_	_	_
»	O	O	O	O	O	O	_	_	_	_	_	_
—	O	O	O	O	O	O	_	_	_	_	_	_
m	O	O	O	O	O	O	_	_	_	_	_	_
Paru	O	O	O	O	O	O	_	_	_	_	_	_
»	O	O	O	O	O	O	_	_	_	_	_	_
l	O	O	O	O	O	O	_	_	NoSpaceAfter	_	_	_
'	O	O	O	O	O	O	_	_	NoSpaceAfter	_	_	_
office	O	O	O	O	O	O	_	_	_	_	_	_
LEJOUTBI	O	O	O	O	O	O	_	_	_	_	_	_
et	O	O	O	O	O	O	_	_	_	_	_	_
C	O	O	O	O	O	O	_	_	NoSpaceAfter	_	_	_
"	O	O	O	O	O	O	_	_	NoSpaceAfter	_	_	_
,	O	O	O	O	O	O	_	_	_	_	_	_
rue	O	O	O	O	O	O	_	_	_	_	_	_
Notre	O	O	O	O	O	O	_	_	NoSpaceAfter	_	_	_
-	O	O	O	O	O	O	_	_	NoSpaceAfter	_	_	_
Dame	O	O	O	O	O	O	_	_	NoSpaceAfter	_	_	_
-	O	O	O	O	O	O	_	_	NoSpaceAfter	_	_	_
de	O	O	O	O	O	O	_	_	_	_	_	_
«	O	O	O	O	O	O	_	_	_	_	_	_
-	O	O	O	O	O	O	_	_	NoSpaceAfter	_	_	_
Victoire	O	O	O	O	O	O	_	_	_	_	_	_
»	O	O	O	O	O	O	_	_	NoSpaceAfter	_	_	_
,	O	O	O	O	O	O	_	_	_	_	_	_
13	O	O	O	O	O	O	_	_	NoSpaceAfter	_	_	_
,	O	O	O	O	O	O	_	_	EndOfLine	_	_	_
# segment_iiif_link = https://impresso-project.ch/api/proxy/iiif/JDG-1853-02-02-a-p0001/108,620,929,44/full/0/default.jpg
et	O	O	O	O	O	O	_	_	_	_	_	_
dus	O	O	O	O	O	O	_	_	_	_	_	_
M	O	O	O	O	O	O	_	_	NoSpaceAfter	_	_	_
.	O	O	O	O	O	O	_	_	_	_	_	_
HAVAS	O	O	O	O	O	O	_	_	NoSpaceAfter	_	_	_
,	O	O	O	O	O	O	_	_	_	_	_	_
rue	O	O	O	O	O	O	_	_	_	_	_	_
J	O	O	O	O	O	O	_	_	_	_	_	_
.	O	O	O	O	O	O	_	_	NoSpaceAfter	EndOfSentence	_	_
-	O	O	O	O	O	O	_	_	NoSpaceAfter	_	_	_
J	O	O	O	O	O	O	_	_	NoSpaceAfter	_	_	_
.	O	O	O	O	O	O	_	_	_	EndOfSentence	_	_
Rousseau	O	O	O	O	O	O	_	_	NoSpaceAfter	_	_	_
,	O	O	O	O	O	O	_	_	_	_	_	_
n	O	O	O	O	O	O	_	_	_	_	_	_
»	O	O	O	O	O	O	_	_	_	_	_	_
»	O	O	O	O	O	O	_	_	NoSpaceAfter	_	_	_
.	O	O	O	O	O	O	_	_	NoSpaceAfter	EndOfSentence	_	_
-	O	O	O	O	O	O	_	_	NoSpaceAfter	_	_	_
Pour	O	O	O	O	O	O	_	_	_	_	_	_
l	O	O	O	O	O	O	_	_	NoSpaceAfter	_	_	_
'	O	O	O	O	O	O	_	_	NoSpaceAfter	_	_	_
Anglettrn	O	O	O	O	O	O	_	_	NoSpaceAfter	_	_	_
,	O	O	O	O	O	O	_	_	_	_	_	_
ohé	O	O	O	O	O	O	_	_	_	_	_	_
*	O	O	O	O	O	O	_	_	_	_	_	_
M	O	O	O	O	O	O	_	_	NoSpaceAfter	_	_	_
.	O	O	O	O	O	O	_	_	_	_	_	_
Di	O	O	O	O	O	O	_	_	_	_	_	_
BnxiMT	O	O	O	O	O	O	_	_	NoSpaceAfter	_	_	_
,	O	O	O	O	O	O	_	_	_	_	_	_
agent	O	O	O	O	O	O	_	_	NoSpaceAfter	_	_	_
,	O	O	O	O	O	O	_	_	EndOfLine	_	_	_
# segment_iiif_link = https://impresso-project.ch/api/proxy/iiif/JDG-1853-02-02-a-p0001/108,647,1496,44/full/0/default.jpg
30	O	O	O	O	O	O	_	_	NoSpaceAfter	_	_	_
,	O	O	O	O	O	O	_	_	_	_	_	_
John	O	O	O	O	O	O	_	_	_	_	_	_
Street	O	O	O	O	O	O	_	_	NoSpaceAfter	_	_	_
,	O	O	O	O	O	O	_	_	_	_	_	_
Adelphi	O	O	O	O	O	O	_	_	NoSpaceAfter	_	_	_
,	O	O	O	O	O	O	_	_	_	_	_	_
London	O	O	O	O	O	O	_	_	NoSpaceAfter	_	_	_
.	O	O	O	O	O	O	_	_	_	EndOfSentence	_	_
Pour	O	O	O	O	O	O	_	_	_	_	_	_
toute	O	O	O	O	O	O	_	_	_	_	_	_
la	O	O	O	O	O	O	_	_	_	_	_	_
Suisse	O	O	O	O	O	O	_	_	_	_	_	_
unaniSfr	O	O	O	O	O	O	_	_	NoSpaceAfter	_	_	_
.	O	O	O	O	O	O	_	_	_	EndOfSentence	_	_
F	O	O	O	O	O	O	_	_	NoSpaceAfter	_	_	_
.	O	O	O	O	O	O	_	_	_	_	_	_
—	O	O	O	O	O	O	_	_	_	_	_	_
6	O	O	O	O	O	O	_	_	_	_	_	_
moisl	O	O	O	O	O	O	_	_	_	_	_	_
4	O	O	O	O	O	O	_	_	_	_	_	_
fr	O	O	O	O	O	O	_	_	EndOfLine	_	_	_
# segment_iiif_link = https://impresso-project.ch/api/proxy/iiif/JDG-1853-02-02-a-p0001/1067,532,341,44/full/0/default.jpg
pr	O	O	O	O	O	O	_	_	_	_	_	_
France	O	O	O	O	O	O	_	_	_	_	_	_
etEt	O	O	O	O	O	O	_	_	NoSpaceAfter	_	_	_
.	O	O	O	O	O	O	_	_	_	EndOfSentence	_	_
Sardes	O	O	O	O	O	O	_	_	_	_	_	_
(	O	O	O	O	O	O	_	_	NoSpaceAfter	_	_	_
fr	O	O	O	O	O	O	_	_	NoSpaceAfter	_	_	_
.	O	O	O	O	O	O	_	_	NoSpaceAfter	_	_	_
)	O	O	O	O	O	O	_	_	_	_	_	_
41	O	O	O	O	O	O	_	_	EndOfLine	_	_	_
# segment_iiif_link = https://impresso-project.ch/api/proxy/iiif/JDG-1853-02-02-a-p0001/1067,554,337,46/full/0/default.jpg
Pour	O	O	O	O	O	O	_	_	_	_	_	_
la	O	O	O	O	O	O	_	_	_	_	_	_
Toscane	O	O	O	O	O	O	_	_	_	_	_	_
.	O	O	O	O	O	O	_	_	NoSpaceAfter	_	_	_
.	O	O	O	O	O	O	_	_	NoSpaceAfter	_	_	_
.	O	O	O	O	O	O	_	_	NoSpaceAfter	_	_	_
.	O	O	O	O	O	O	_	_	NoSpaceAfter	EndOfSentence	_	_
.	O	O	O	O	O	O	_	_	NoSpaceAfter	_	_	_
.	O	O	O	O	O	O	_	_	NoSpaceAfter	_	_	_
.	O	O	O	O	O	O	_	_	NoSpaceAfter	_	_	_
.	O	O	O	O	O	O	_	_	_	EndOfSentence	_	_
SB	O	O	O	O	O	O	_	_	EndOfLine	_	_	_
# segment_iiif_link = https://impresso-project.ch/api/proxy/iiif/JDG-1853-02-02-a-p0001/1067,578,338,44/full/0/default.jpg
pr	O	O	O	O	O	O	_	_	_	_	_	_
l	O	O	O	O	O	O	_	_	NoSpaceAfter	_	_	_
'	O	O	O	O	O	O	_	_	NoSpaceAfter	_	_	_
Union	O	O	O	O	O	O	_	_	_	_	_	_
post	O	O	O	O	O	O	_	_	NoSpaceAfter	_	_	_
.	O	O	O	O	O	O	_	_	_	EndOfSentence	_	_
allemande	O	O	O	O	O	O	_	_	NoSpaceAfter	_	_	_
.	O	O	O	O	O	O	_	_	_	EndOfSentence	_	_
47	O	O	O	O	O	O	_	_	EndOfLine	_	_	_
# segment_iiif_link = https://impresso-project.ch/api/proxy/iiif/JDG-1853-02-02-a-p0001/1067,602,513,46/full/0/default.jpg
Pour	O	O	O	O	O	O	_	_	_	_	_	_
les	O	O	O	O	O	O	_	_	_	_	_	_
Etats	O	O	O	O	O	O	_	_	_	_	_	_
Romain	O	O	O	O	O	O	_	_	_	_	_	_
»	O	O	O	O	O	O	_	_	_	_	_	_
.	O	O	O	O	O	O	_	_	NoSpaceAfter	EndOfSentence	_	_
.	O	O	O	O	O	O	_	_	_	EndOfSentence	_	_
72	O	O	O	O	O	O	_	_	_	_	_	_
32	O	O	O	O	O	O	_	_	EndOfLine	_	_	_
# segment_iiif_link = https://impresso-project.ch/api/proxy/iiif/JDG-1853-02-02-a-p0001/1553,550,26,46/full/0/default.jpg
30	O	O	O	O	O	O	_	_	EndOfLine	_	_	_
# segment_iiif_link = https://impresso-project.ch/api/proxy/iiif/JDG-1853-02-02-a-p0001/1553,574,24,46/full/0/default.jpg
25	O	O	O	O	O	O	_	_	EndOfLine	_	_	_
# segment_iiif_link = https://impresso-project.ch/api/proxy/iiif/JDG-1853-02-02-a-p0001/1553,598,215,46/full/0/default.jpg
38	O	O	O	O	O	O	_	_	_	_	_	_
F	O	O	O	O	O	O	_	_	NoSpaceAfter	_	_	_
.	O	O	O	O	O	O	_	_	NoSpaceAfter	EndOfSentence	_	_
-	O	O	O	O	O	O	_	_	NoSpaceAfter	_	_	_
3	O	O	O	O	O	O	_	_	_	_	_	_
moi	O	O	O	O	O	O	_	_	_	_	_	_
»	O	O	O	O	O	O	_	_	_	_	_	_
7	O	O	O	O	O	O	_	_	_	_	_	_
ft	O	O	O	O	O	O	_	_	NoSpaceAfter	_	_	_
,	O	O	O	O	O	O	_	_	EndOfLine	_	_	_
# segment_iiif_link = https://impresso-project.ch/api/proxy/iiif/JDG-1853-02-02-a-p0001/1637,526,103,44/full/0/default.jpg
_	O	O	O	O	O	O	_	_	NoSpaceAfter	_	_	_
.	O	O	O	O	O	O	_	_	_	EndOfSentence	_	_
13	O	O	O	O	O	O	_	_	EndOfLine	_	_	_
# segment_iiif_link = https://impresso-project.ch/api/proxy/iiif/JDG-1853-02-02-a-p0001/1635,548,103,46/full/0/default.jpg
—	O	O	O	O	O	O	_	_	NoSpaceAfter	_	_	_
.	O	O	O	O	O	O	_	_	_	EndOfSentence	_	_
1	O	O	O	O	O	O	_	_	_	_	_	_
S	O	O	O	O	O	O	_	_	EndOfLine	_	_	_
# segment_iiif_link = https://impresso-project.ch/api/proxy/iiif/JDG-1853-02-02-a-p0001/1634,574,352,44/full/0/default.jpg
—	O	O	O	O	O	O	_	_	NoSpaceAfter	_	_	_
.	O	O	O	O	O	O	_	_	_	EndOfSentence	_	_
13	O	O	O	O	O	O	_	_	_	_	_	_
10	O	O	O	O	O	O	_	_	_	_	_	_
r	O	O	O	O	O	O	_	_	EndOfLine	_	_	_
# segment_iiif_link = https://impresso-project.ch/api/proxy/iiif/JDG-1853-02-02-a-p0001/1091,624,912,44/full/0/default.jpg
PRIX	O	O	O	O	O	O	_	_	_	_	_	_
DES	O	O	O	O	O	O	_	_	_	_	_	_
AiwoitCKS	O	O	O	O	O	O	_	_	_	_	_	_
:	O	O	O	O	O	O	_	_	_	_	_	_
pour	O	O	O	O	O	O	_	_	_	_	_	_
«	O	O	O	O	O	O	_	_	_	_	_	_
ne	O	O	O	O	O	O	_	_	_	_	_	_
insertion	O	O	O	O	O	O	_	_	NoSpaceAfter	_	_	_
,	O	O	O	O	O	O	_	_	_	_	_	_
M	O	O	O	O	O	O	_	_	_	_	_	_
centime	O	O	O	O	O	O	_	_	_	_	_	_
»	O	O	O	O	O	O	_	_	_	_	_	_
la	O	O	O	O	O	O	_	_	_	_	_	_
ligne	O	O	O	O	O	O	_	_	_	_	_	_
;	O	O	O	O	O	O	_	_	_	_	_	_
pour	O	O	O	O	O	O	_	_	_	_	_	_
dix	O	O	O	O	O	O	_	_	_	_	_	_
insertion	O	O	O	O	O	O	_	_	_	_	_	_
»	O	O	O	O	O	O	_	_	_	_	_	_
im	O	O	O	O	O	O	_	_	_	_	_	_
moii	O	O	O	O	O	O	_	_	_	_	_	_
»	O	O	O	O	O	O	_	_	NoSpaceAfter	_	_	_
,	O	O	O	O	O	O	_	_	EndOfLine	_	_	_
# segment_iiif_link = https://impresso-project.ch/api/proxy/iiif/JDG-1853-02-02-a-p0001/1063,647,914,44/full/0/default.jpg
15	O	O	O	O	O	O	_	_	_	_	_	_
cent	O	O	O	O	O	O	_	_	NoSpaceAfter	_	_	_
,	O	O	O	O	O	O	_	_	_	_	_	_
et	O	O	O	O	O	O	_	_	_	_	_	_
pour	O	O	O	O	O	O	_	_	_	_	_	_
Yinfrt	O	O	O	O	O	O	_	_	_	_	_	_
iuiertion	O	O	O	O	O	O	_	_	_	_	_	_
»	O	O	O	O	O	O	_	_	_	_	_	_
et	O	O	O	O	O	O	_	_	_	_	_	_
an	O	O	O	O	O	O	_	_	NoSpaceAfter	_	_	_
-	O	O	O	O	O	O	_	_	NoSpaceAfter	_	_	_
dessus	O	O	O	O	O	O	_	_	NoSpaceAfter	_	_	_
,	O	O	O	O	O	O	_	_	_	_	_	_
1	O	O	O	O	O	O	_	_	NoSpaceAfter	_	_	_
)	O	O	O	O	O	O	_	_	_	_	_	_
cent	O	O	O	O	O	O	_	_	NoSpaceAfter	_	_	_
.	O	O	O	O	O	O	_	_	_	EndOfSentence	_	_
—	O	O	O	O	O	O	_	_	NoSpaceAfter	_	_	_
PRIX	O	O	O	O	O	O	_	_	_	_	_	_
DO	O	O	O	O	O	O	_	_	_	_	_	_
HUÏÉRO	O	O	O	O	O	O	_	_	_	_	_	_
DU	O	O	O	O	O	O	_	_	_	_	_	_
JOURNAL	O	O	O	O	O	O	_	_	_	_	_	_
:	O	O	O	O	O	O	_	_	_	_	_	_
IS	O	O	O	O	O	O	_	_	_	_	_	_
cent	O	O	O	O	O	O	_	_	NoSpaceAfter	_	_	_
.	O	O	O	O	O	O	_	_	EndOfLine	EndOfSentence	_	_
# segment_iiif_link = https://impresso-project.ch/api/proxy/iiif/JDG-1853-02-02-a-p0001/308,737,163,48/full/0/default.jpg
itTtlMLIGlIDB	O	O	O	O	O	O	_	_	EndOfLine	_	_	_
# segment_iiif_link = https://impresso-project.ch/api/proxy/iiif/JDG-1853-02-02-a-p0001/244,781,302,48/full/0/default.jpg
de	O	O	O	O	O	O	_	_	_	_	_	_
Janvier	O	O	O	O	O	O	_	_	_	_	_	_
1853	O	O	O	O	O	O	_	_	NoSpaceAfter	_	_	_
.	O	O	O	O	O	O	_	_	_	EndOfSentence	_	_
•	O	O	O	O	O	O	_	_	_	_	_	_
•	O	O	O	O	O	O	_	_	NoSpaceAfter	_	_	_
<	O	O	O	O	O	O	_	_	NoSpaceAfter	_	_	_
'	O	O	O	O	O	O	_	_	NoSpaceAfter	_	_	_
Bit	O	O	O	O	O	O	_	_	_	_	_	_
.	O	O	O	O	O	O	_	_	NoSpaceAfter	EndOfSentence	_	_
.	O	O	O	O	O	O	_	_	EndOfLine	EndOfSentence	_	_
# segment_iiif_link = https://impresso-project.ch/api/proxy/iiif/JDG-1853-02-02-a-p0001/521,788,351,49/full/0/default.jpg
51	O	O	O	O	O	O	_	_	_	_	_	_
BA	O	O	O	O	O	O	_	_	_	_	_	_
10	O	O	O	O	O	O	_	_	_	_	_	_
HTU	O	O	O	O	O	O	_	_	_	_	_	_
rédiil	O	O	O	O	O	O	_	_	_	_	_	_
à	O	O	O	O	O	O	_	_	_	_	_	_
«	O	O	O	O	O	O	_	_	NoSpaceAfter	_	_	_
'	O	O	O	O	O	O	_	_	NoSpaceAfter	_	_	_
.	O	O	O	O	O	O	_	_	EndOfLine	_	_	_
# segment_iiif_link = https://impresso-project.ch/api/proxy/iiif/JDG-1853-02-02-a-p0001/576,737,84,48/full/0/default.jpg
8	O	O	O	O	O	O	_	_	_	_	_	_
k	O	O	O	O	O	O	_	_	NoSpaceAfter	_	_	_
.	O	O	O	O	O	O	_	_	_	_	_	_
di	O	O	O	O	O	O	_	_	_	_	_	_
«	O	O	O	O	O	O	_	_	NoSpaceAfter	_	_	_
.	O	O	O	O	O	O	_	_	EndOfLine	_	_	_
# segment_iiif_link = https://impresso-project.ch/api/proxy/iiif/JDG-1853-02-02-a-p0001/588,790,150,44/full/0/default.jpg
724,19	O	O	O	O	O	O	_	_	_	_	_	_
lidi	O	O	O	O	O	O	_	_	NoSpaceAfter	_	_	_
.	O	O	O	O	O	O	_	_	EndOfLine	_	_	_
# segment_iiif_link = https://impresso-project.ch/api/proxy/iiif/JDG-1853-02-02-a-p0001/684,774,35,38/full/0/default.jpg
«	O	O	O	O	O	O	_	_	_	_	_	_
ill	O	O	O	O	O	O	_	_	NoSpaceAfter	_	_	_
•	O	O	O	O	O	O	_	_	EndOfLine|NoSpaceAfter	_	_	_
# segment_iiif_link = https://impresso-project.ch/api/proxy/iiif/JDG-1853-02-02-a-p0001/686,788,173,46/full/0/default.jpg
'	O	O	O	O	O	O	_	_	NoSpaceAfter	_	_	_
725,07	O	O	O	O	O	O	_	_	_	_	_	_
4	O	O	O	O	O	O	_	_	_	_	_	_
k	O	O	O	O	O	O	_	_	NoSpaceAfter	_	_	_
.	O	O	O	O	O	O	_	_	_	_	_	_
ai	O	O	O	O	O	O	_	_	_	_	_	_
»	O	O	O	O	O	O	_	_	NoSpaceAfter	_	_	_
.	O	O	O	O	O	O	_	_	EndOfLine	EndOfSentence	_	_
# segment_iiif_link = https://impresso-project.ch/api/proxy/iiif/JDG-1853-02-02-a-p0001/796,765,45,44/full/0/default.jpg
in	O	O	O	O	O	O	_	_	_	_	_	_
»	O	O	O	O	O	O	_	_	NoSpaceAfter	_	_	_
.	O	O	O	O	O	O	_	_	EndOfLine	EndOfSentence	_	_
# segment_iiif_link = https://impresso-project.ch/api/proxy/iiif/JDG-1853-02-02-a-p0001/781,787,161,44/full/0/default.jpg
725,33	O	O	O	O	O	O	_	_	_	_	_	_
8	O	O	O	O	O	O	_	_	_	_	_	_
k	O	O	O	O	O	O	_	_	NoSpaceAfter	_	_	_
.	O	O	O	O	O	O	_	_	_	EndOfSentence	_	_
dm	O	O	O	O	O	O	_	_	EndOfLine	_	_	_
# segment_iiif_link = https://impresso-project.ch/api/proxy/iiif/JDG-1853-02-02-a-p0001/878,785,527,46/full/0/default.jpg
726,31	O	O	O	O	O	O	_	_	_	_	_	_
IlinUTDU	O	O	O	O	O	O	_	_	_	_	_	_
M	O	O	O	O	O	O	_	_	_	_	_	_
mm	O	O	O	O	O	O	_	_	_	_	_	_
CMTlfiUM	O	O	O	O	O	O	_	_	_	_	_	_
»	O	O	O	O	O	O	_	_	NoSpaceAfter	_	_	_
.	O	O	O	O	O	O	_	_	EndOfLine	EndOfSentence	_	_
# segment_iiif_link = https://impresso-project.ch/api/proxy/iiif/JDG-1853-02-02-a-p0001/970,732,63,49/full/0/default.jpg
Sk	O	O	O	O	O	O	_	_	NoSpaceAfter	_	_	_
.	O	O	O	O	O	O	_	_	_	EndOfSentence	_	_
m	O	O	O	O	O	O	_	_	NoSpaceAfter	_	_	_
.	O	O	O	O	O	O	_	_	EndOfLine	EndOfSentence	_	_
# segment_iiif_link = https://impresso-project.ch/api/proxy/iiif/JDG-1853-02-02-a-p0001/975,781,232,49/full/0/default.jpg
+	O	O	O	O	O	O	_	_	_	_	_	_
2,8	O	O	O	O	O	O	_	_	_	_	_	_
llidi	O	O	O	O	O	O	_	_	NoSpaceAfter	_	_	_
.	O	O	O	O	O	O	_	_	_	EndOfSentence	_	_
4	O	O	O	O	O	O	_	_	_	_	_	_
k	O	O	O	O	O	O	_	_	NoSpaceAfter	_	_	_
.	O	O	O	O	O	O	_	_	_	EndOfSentence	_	_
dus	O	O	O	O	O	O	_	_	NoSpaceAfter	_	_	_
.	O	O	O	O	O	O	_	_	EndOfLine	EndOfSentence	_	_
# segment_iiif_link = https://impresso-project.ch/api/proxy/iiif/JDG-1853-02-02-a-p0001/1060,783,238,49/full/0/default.jpg
\	O	O	O	O	O	O	_	_	_	_	_	_
6,7	O	O	O	O	O	O	_	_	_	_	_	_
i	O	O	O	O	O	O	_	_	NoSpaceAfter	_	_	_
,	O	O	O	O	O	O	_	_	_	_	_	_
6,5	O	O	O	O	O	O	_	_	_	_	_	_
8	O	O	O	O	O	O	_	_	_	_	_	_
h	O	O	O	O	O	O	_	_	NoSpaceAfter	_	_	_
.	O	O	O	O	O	O	_	_	_	EndOfSentence	_	_
dus	O	O	O	O	O	O	_	_	NoSpaceAfter	_	_	_
.	O	O	O	O	O	O	_	_	EndOfLine	EndOfSentence	_	_
# segment_iiif_link = https://impresso-project.ch/api/proxy/iiif/JDG-1853-02-02-a-p0001/1228,783,299,46/full/0/default.jpg
\	O	O	O	O	O	O	_	_	_	_	_	_
5,1	O	O	O	O	O	O	_	_	_	_	_	_
linii	O	O	O	O	O	O	_	_	_	_	_	_
1,9	O	O	O	O	O	O	_	_	_	_	_	_
luiann	O	O	O	O	O	O	_	_	_	_	_	_
7,2	O	O	O	O	O	O	_	_	_	_	_	_
KiU	O	O	O	O	O	O	_	_	EndOfLine	_	_	_
# segment_iiif_link = https://impresso-project.ch/api/proxy/iiif/JDG-1853-02-02-a-p0001/1480,710,64,38/full/0/default.jpg
«	O	O	O	O	O	O	_	_	_	_	_	_
Uns	O	O	O	O	O	O	_	_	_	_	_	_
Ui	O	O	O	O	O	O	_	_	EndOfLine	_	_	_
# segment_iiif_link = https://impresso-project.ch/api/proxy/iiif/JDG-1853-02-02-a-p0001/1489,726,148,48/full/0/default.jpg
24	O	O	O	O	O	O	_	_	_	_	_	_
k	O	O	O	O	O	O	_	_	NoSpaceAfter	_	_	_
.	O	O	O	O	O	O	_	_	_	_	_	_
mi	O	O	O	O	O	O	_	_	EndOfLine	_	_	_
# segment_iiif_link = https://impresso-project.ch/api/proxy/iiif/JDG-1853-02-02-a-p0001/1577,722,83,49/full/0/default.jpg
diMniit	O	O	O	O	O	O	_	_	NoSpaceAfter	_	_	_
.	O	O	O	O	O	O	_	_	EndOfLine	_	_	_
# segment_iiif_link = https://impresso-project.ch/api/proxy/iiif/JDG-1853-02-02-a-p0001/1568,779,377,44/full/0/default.jpg
N	O	O	O	O	O	O	_	_	NoSpaceAfter	_	_	_
-	O	O	O	O	O	O	_	_	NoSpaceAfter	_	_	_
N	O	O	O	O	O	O	_	_	NoSpaceAfter	_	_	_
-	O	O	O	O	O	O	_	_	NoSpaceAfter	_	_	_
E	O	O	O	O	O	O	_	_	NoSpaceAfter	_	_	_
,	O	O	O	O	O	O	_	_	_	_	_	_
2	O	O	O	O	O	O	_	_	_	_	_	_
N	O	O	O	O	O	O	_	_	NoSpaceAfter	_	_	_
.	O	O	O	O	O	O	_	_	_	_	_	_
B	O	O	O	O	O	O	_	_	NoSpaceAfter	_	_	_
.	O	O	O	O	O	O	_	_	_	_	_	_
La	O	O	O	O	O	O	_	_	_	_	_	_
foret	O	O	O	O	O	O	_	_	_	_	_	_
dm	O	O	O	O	O	O	_	_	_	_	_	_
rem	O	O	O	O	O	O	_	_	EndOfLine	_	_	_
# segment_iiif_link = https://impresso-project.ch/api/proxy/iiif/JDG-1853-02-02-a-p0001/1694,710,253,44/full/0/default.jpg
«	O	O	O	O	O	O	_	_	_	_	_	_
t	O	O	O	O	O	O	_	_	_	_	_	_
imiiqué	O	O	O	O	O	O	_	_	_	_	_	_
»	O	O	O	O	O	O	_	_	_	_	_	_
par	O	O	O	O	O	O	_	_	_	_	_	_
le	O	O	O	O	O	O	_	_	_	_	_	_
»	O	O	O	O	O	O	_	_	_	_	_	_
ckifre	O	O	O	O	O	O	_	_	_	_	_	_
»	O	O	O	O	O	O	_	_	EndOfLine	_	_	_
# segment_iiif_link = https://impresso-project.ch/api/proxy/iiif/JDG-1853-02-02-a-p0001/1694,734,253,44/full/0/default.jpg
qui	O	O	O	O	O	O	_	_	_	_	_	_
accvmpagneit	O	O	O	O	O	O	_	_	_	_	_	_
le	O	O	O	O	O	O	_	_	_	_	_	_
»	O	O	O	O	O	O	_	_	EndOfLine	_	_	_
# segment_iiif_link = https://impresso-project.ch/api/proxy/iiif/JDG-1853-02-02-a-p0001/1694,756,255,46/full/0/default.jpg
dénomination	O	O	O	O	O	O	_	_	_	_	_	_
»	O	O	O	O	O	O	_	_	_	_	_	_
d	O	O	O	O	O	O	_	_	_	_	_	_
«	O	O	O	O	O	O	_	_	_	_	_	_
rent	O	O	O	O	O	O	_	_	_	_	_	_
:	O	O	O	O	O	O	_	_	_	_	_	_
S	O	O	O	O	O	O	_	_	EndOfLine	_	_	_
# segment_iiif_link = https://impresso-project.ch/api/proxy/iiif/JDG-1853-02-02-a-p0001/1696,779,255,44/full/0/default.jpg
étant	O	O	O	O	O	O	_	_	_	_	_	_
le	O	O	O	O	O	O	_	_	_	_	_	_
maximum	O	O	O	O	O	O	_	_	NoSpaceAfter	_	_	_
,	O	O	O	O	O	O	_	_	_	_	_	_
et	O	O	O	O	O	O	_	_	_	_	_	_
1	O	O	O	O	O	O	_	_	_	_	_	_
*	O	O	O	O	O	O	_	_	EndOfLine	_	_	_
# segment_iiif_link = https://impresso-project.ch/api/proxy/iiif/JDG-1853-02-02-a-p0001/1694,801,65,44/full/0/default.jpg
calme	O	O	O	O	O	O	_	_	NoSpaceAfter	_	_	_
.	O	O	O	O	O	O	_	_	EndOfLine	EndOfSentence	_	_

# language = fr
# newspaper = JDG
# date = 1856-12-21
# document_id = JDG-1856-12-21-a-i0004
# news-agency-as-source = _
# segment_iiif_link = https://impresso-project.ch/api/proxy/iiif/JDG-1856-12-21-a-p0001/246,86,1972,58/full/0/default.jpg
On	O	O	O	O	O	O	_	_	_	_	_	_
peut	O	O	O	O	O	O	_	_	_	_	_	_
fabofmer	O	O	O	O	O	O	_	_	_	_	_	_
à	O	O	O	O	O	O	_	_	_	_	_	_
tout	O	O	O	O	O	O	_	_	_	_	_	_
»	O	O	O	O	O	O	_	_	NoSpaceAfter	_	_	_
»	O	O	O	O	O	O	_	_	_	_	_	_
U	O	O	O	O	O	O	_	_	_	_	_	_
*	O	O	O	O	O	O	_	_	_	_	_	_
époqueê	O	O	O	O	O	O	_	_	_	_	_	_
en	O	O	O	O	O	O	_	_	_	_	_	_
fcuLresscmt	O	O	O	O	O	O	_	_	_	_	_	_
directement	O	O	O	O	O	O	_	_	_	_	_	_
à	O	O	O	O	O	O	_	_	_	_	_	_
la	O	O	O	O	O	O	_	_	_	_	_	_
librairie	O	O	O	O	O	O	_	_	_	_	_	_
de	O	O	O	O	O	O	_	_	_	_	_	_
J	O	O	O	O	O	O	_	_	NoSpaceAfter	_	_	_
.	O	O	O	O	O	O	_	_	_	_	_	_
Cherbuliex	O	O	O	O	O	O	_	_	_	_	_	_
,	O	O	O	O	O	O	_	_	NoSpaceAfter	_	_	_
,	O	O	O	O	O	O	_	_	_	_	_	_
à	O	O	O	O	O	O	_	_	_	_	_	_
Genève	O	O	O	O	O	O	_	_	NoSpaceAfter	_	_	_
.	O	O	O	O	O	O	_	_	EndOfLine	EndOfSentence	_	_
# segment_iiif_link = https://impresso-project.ch/api/proxy/iiif/JDG-1856-12-21-a-p0001/138,167,1287,60/full/0/default.jpg
Dimanche	O	O	O	O	O	O	_	_	_	_	_	_
«	O	O	O	O	O	O	_	_	_	_	_	_
1	O	O	O	O	O	O	_	_	_	_	_	_
Hécenibre	O	O	O	O	O	O	_	_	_	_	_	_
POST	O	O	O	O	O	O	_	_	_	_	_	_
TENEBRAS	O	O	O	O	O	O	_	_	_	_	_	_
LUX	O	O	O	O	O	O	_	_	EndOfLine	_	_	_
# segment_iiif_link = https://impresso-project.ch/api/proxy/iiif/JDG-1856-12-21-a-p0001/1100,178,1232,49/full/0/default.jpg
Nova	O	O	O	O	O	O	_	_	_	_	_	_
maintiendrons	O	O	O	O	O	O	_	_	_	_	_	_
/	O	O	O	O	O	O	_	_	_	_	_	_
JV	O	O	O	O	O	O	_	_	NoSpaceAfter	_	_	_
°	O	O	O	O	O	O	_	_	_	_	_	_
30	O	O	O	O	O	O	_	_	_	_	_	_
»	O	O	O	O	O	O	_	_	NoSpaceAfter	_	_	_
.	O	O	O	O	O	O	_	_	_	EndOfSentence	_	_
—	O	O	O	O	O	O	_	_	_	_	_	_
Vingt	O	O	O	O	O	O	_	_	NoSpaceAfter	_	_	_
-	O	O	O	O	O	O	_	_	NoSpaceAfter	_	_	_
septième	O	O	O	O	O	O	_	_	_	_	_	_
Année	O	O	O	O	O	O	_	_	NoSpaceAfter	_	_	_
.	O	O	O	O	O	O	_	_	EndOfLine	EndOfSentence	_	_
# segment_iiif_link = https://impresso-project.ch/api/proxy/iiif/JDG-1856-12-21-a-p0001/363,266,1752,212/full/0/default.jpg
JOURNAL	O	O	O	O	O	O	_	_	_	_	_	_
DE	O	O	O	O	O	O	_	_	_	_	_	_
GENEVE	O	O	O	O	O	O	_	_	EndOfLine	_	_	_
# segment_iiif_link = https://impresso-project.ch/api/proxy/iiif/JDG-1856-12-21-a-p0001/654,436,1161,80/full/0/default.jpg
NATIONAL	O	O	O	O	O	O	_	_	NoSpaceAfter	_	_	_
,	O	O	O	O	O	O	_	_	_	_	_	_
POLITIQUE	O	O	O	O	O	O	_	_	_	_	_	_
ET	O	O	O	O	O	O	_	_	_	_	_	_
LITTÉRAIRE	O	O	O	O	O	O	_	_	NoSpaceAfter	_	_	_
.	O	O	O	O	O	O	_	_	EndOfLine	EndOfSentence	_	_
# segment_iiif_link = https://impresso-project.ch/api/proxy/iiif/JDG-1856-12-21-a-p0001/169,550,1050,46/full/0/default.jpg
Ce	O	O	O	O	O	O	_	_	_	_	_	_
JonrnBl	O	O	O	O	O	O	_	_	_	_	_	_
p	O	O	O	O	O	O	_	_	_	_	_	_
»	O	O	O	O	O	O	_	_	_	_	_	_
r	O	O	O	O	O	O	_	_	_	_	_	_
»	O	O	O	O	O	O	_	_	_	_	_	_
ît	O	O	O	O	O	O	_	_	_	_	_	_
tous	O	O	O	O	O	O	_	_	_	_	_	_
les	O	O	O	O	O	O	_	_	_	_	_	_
matins	O	O	O	O	O	O	_	_	NoSpaceAfter	_	_	_
,	O	O	O	O	O	O	_	_	_	_	_	_
excepté	O	O	O	O	O	O	_	_	_	_	_	_
le	O	O	O	O	O	O	_	_	_	_	_	_
lundi	O	O	O	O	O	O	_	_	NoSpaceAfter	_	_	_
.	O	O	O	O	O	O	_	_	_	EndOfSentence	_	_
Tout	O	O	O	O	O	O	_	_	_	_	_	_
ce	O	O	O	O	O	O	_	_	_	_	_	_
qui	O	O	O	O	O	O	_	_	_	_	_	_
concerne	O	O	O	O	O	O	_	_	_	_	_	_
la	O	O	O	O	O	O	_	_	_	_	_	_
rédaction	O	O	O	O	O	O	_	_	_	_	_	_
doit	O	O	O	O	O	O	_	_	_	_	_	_
être	O	O	O	O	O	O	_	_	EndOfLine	_	_	_
# segment_iiif_link = https://impresso-project.ch/api/proxy/iiif/JDG-1856-12-21-a-p0001/141,576,1078,44/full/0/default.jpg
rirenti	O	O	O	O	O	O	_	_	_	_	_	_
autmreau	O	O	O	O	O	O	_	_	_	_	_	_
(	O	O	O	O	O	O	_	_	NoSpaceAfter	_	_	_
de	O	O	O	O	O	O	_	_	_	_	_	_
8	O	O	O	O	O	O	_	_	_	_	_	_
heurei	O	O	O	O	O	O	_	_	_	_	_	_
à	O	O	O	O	O	O	_	_	_	_	_	_
midi	O	O	O	O	O	O	_	_	NoSpaceAfter	_	_	_
)	O	O	O	O	O	O	_	_	NoSpaceAfter	_	_	_
,	O	O	O	O	O	O	_	_	_	_	_	_
imprimerie	O	O	O	O	O	O	_	_	_	_	_	_
RAMBOZ	O	O	O	O	O	O	_	_	_	_	_	_
et	O	O	O	O	O	O	_	_	_	_	_	_
SCBUCHARDT	O	O	O	O	O	O	_	_	NoSpaceAfter	_	_	_
,	O	O	O	O	O	O	_	_	_	_	_	_
rue	O	O	O	O	O	O	_	_	_	_	_	_
de	O	O	O	O	O	O	_	_	_	_	_	_
l	O	O	O	O	O	O	_	_	NoSpaceAfter	_	_	_
'	O	O	O	O	O	O	_	_	NoSpaceAfter	_	_	_
Hotet	O	O	O	O	O	O	_	_	NoSpaceAfter	_	_	_
-	O	O	O	O	O	O	_	_	NoSpaceAfter	_	_	_
de	O	O	O	O	O	O	_	_	NoSpaceAfter	_	_	_
-	O	O	O	O	O	O	_	_	NoSpaceAfter	_	_	_
Ville	O	O	O	O	O	O	_	_	EndOfLine	_	_	_
# segment_iiif_link = https://impresso-project.ch/api/proxy/iiif/JDG-1856-12-21-a-p0001/141,600,1079,46/full/0/default.jpg
.	O	O	O	O	O	O	_	_	NoSpaceAfter	EndOfSentence	_	_
-	O	O	O	O	O	O	_	_	NoSpaceAfter	_	_	_
On	O	O	O	O	O	O	_	_	_	_	_	_
reçoit	O	O	O	O	O	O	_	_	_	_	_	_
les	O	O	O	O	O	O	_	_	_	_	_	_
abonnements	O	O	O	O	O	O	_	_	_	_	_	_
et	O	O	O	O	O	O	_	_	_	_	_	_
lei	O	O	O	O	O	O	_	_	_	_	_	_
annonces	O	O	O	O	O	O	_	_	_	_	_	_
chez	O	O	O	O	O	O	_	_	_	_	_	_
Joël	O	O	O	O	O	O	_	_	_	_	_	_
CHEKBULIEZ	O	O	O	O	O	O	_	_	NoSpaceAfter	_	_	_
,	O	O	O	O	O	O	_	_	_	_	_	_
libraire	O	O	O	O	O	O	_	_	NoSpaceAfter	_	_	_
,	O	O	O	O	O	O	_	_	_	_	_	_
an	O	O	O	O	O	O	_	_	_	_	_	_
haut	O	O	O	O	O	O	_	_	_	_	_	_
de	O	O	O	O	O	O	_	_	_	_	_	_
la	O	O	O	O	O	O	_	_	_	_	_	_
Cité	O	O	O	O	O	O	_	_	NoSpaceAfter	_	_	_
.	O	O	O	O	O	O	_	_	_	EndOfSentence	_	_
—	O	O	O	O	O	O	_	_	EndOfLine	_	_	_
# segment_iiif_link = https://impresso-project.ch/api/proxy/iiif/JDG-1856-12-21-a-p0001/141,624,1080,46/full/0/default.jpg
ïuitèi	O	O	O	O	O	O	_	_	_	_	_	_
anx	O	O	O	O	O	O	_	_	_	_	_	_
bureaux	O	O	O	O	O	O	_	_	_	_	_	_
des	O	O	O	O	O	O	_	_	_	_	_	_
Postes	O	O	O	O	O	O	_	_	NoSpaceAfter	_	_	_
,	O	O	O	O	O	O	_	_	_	_	_	_
—	O	O	O	O	O	O	_	_	_	_	_	_
i	O	O	O	O	O	O	_	_	_	_	_	_
Paris	O	O	O	O	O	O	_	_	NoSpaceAfter	_	_	_
,	O	O	O	O	O	O	_	_	_	_	_	_
chez	O	O	O	O	O	O	_	_	_	_	_	_
Joël	O	O	O	O	O	O	_	_	_	_	_	_
CHERBULIEZ	O	O	O	O	O	O	_	_	NoSpaceAfter	_	_	_
,	O	O	O	O	O	O	_	_	_	_	_	_
libraire	O	O	O	O	O	O	_	_	NoSpaceAfter	_	_	_
,	O	O	O	O	O	O	_	_	_	_	_	_
rue	O	O	O	O	O	O	_	_	_	_	_	_
de	O	O	O	O	O	O	_	_	_	_	_	_
la	O	O	O	O	O	O	_	_	_	_	_	_
Monnaie	O	O	O	O	O	O	_	_	NoSpaceAfter	_	_	_
,	O	O	O	O	O	O	_	_	_	_	_	_
n	O	O	O	O	O	O	_	_	_	_	_	_
»	O	O	O	O	O	O	_	_	_	_	_	_
10	O	O	O	O	O	O	_	_	NoSpaceAfter	_	_	_
,	O	O	O	O	O	O	_	_	EndOfLine	_	_	_
# segment_iiif_link = https://impresso-project.ch/api/proxy/iiif/JDG-1856-12-21-a-p0001/150,647,1070,46/full/0/default.jpg
t	O	O	O	O	O	O	_	_	_	_	_	_
«	O	O	O	O	O	O	_	_	_	_	_	_
he	O	O	O	O	O	O	_	_	_	_	_	_
«	O	O	O	O	O	O	_	_	_	_	_	_
M	O	O	O	O	O	O	_	_	NoSpaceAfter	_	_	_
.	O	O	O	O	O	O	_	_	_	_	_	_
HAVAS	O	O	O	O	O	O	_	_	NoSpaceAfter	_	_	_
,	O	O	O	O	O	O	_	_	_	_	_	_
me	O	O	O	O	O	O	_	_	_	_	_	_
J	O	O	O	O	O	O	_	_	_	_	_	_
.	O	O	O	O	O	O	_	_	NoSpaceAfter	_	_	_
-	O	O	O	O	O	O	_	_	NoSpaceAfter	_	_	_
J	O	O	O	O	O	O	_	_	NoSpaceAfter	_	_	_
.	O	O	O	O	O	O	_	_	_	_	_	_
Rouwean	O	O	O	O	O	O	_	_	NoSpaceAfter	_	_	_
,	O	O	O	O	O	O	_	_	_	_	_	_
3	O	O	O	O	O	O	_	_	NoSpaceAfter	_	_	_
.	O	O	O	O	O	O	_	_	_	_	_	_
—	O	O	O	O	O	O	_	_	_	_	_	_
Pour	O	O	O	O	O	O	_	_	_	_	_	_
l	O	O	O	O	O	O	_	_	NoSpaceAfter	_	_	_
'	O	O	O	O	O	O	_	_	NoSpaceAfter	_	_	_
Angleterre	O	O	O	O	O	O	_	_	NoSpaceAfter	_	_	_
,	O	O	O	O	O	O	_	_	_	_	_	_
chc	O	O	O	O	O	O	_	_	_	_	_	_
»	O	O	O	O	O	O	_	_	_	_	_	_
M	O	O	O	O	O	O	_	_	NoSpaceAfter	_	_	_
.	O	O	O	O	O	O	_	_	_	_	_	_
Di	O	O	O	O	O	O	_	_	_	_	_	_
BERNARDT	O	O	O	O	O	O	_	_	NoSpaceAfter	_	_	_
,	O	O	O	O	O	O	_	_	_	_	_	_
agent	O	O	O	O	O	O	_	_	NoSpaceAfter	_	_	_
,	O	O	O	O	O	O	_	_	_	_	_	_
10	O	O	O	O	O	O	_	_	NoSpaceAfter	_	_	_
,	O	O	O	O	O	O	_	_	_	_	_	_
John	O	O	O	O	O	O	_	_	EndOfLine	_	_	_
# segment_iiif_link = https://impresso-project.ch/api/proxy/iiif/JDG-1856-12-21-a-p0001/143,677,2211,46/full/0/default.jpg
Street	O	O	O	O	O	O	_	_	NoSpaceAfter	_	_	_
,	O	O	O	O	O	O	_	_	_	_	_	_
Adelphi	O	O	O	O	O	O	_	_	NoSpaceAfter	_	_	_
,	O	O	O	O	O	O	_	_	_	_	_	_
London	O	O	O	O	O	O	_	_	NoSpaceAfter	_	_	_
.	O	O	O	O	O	O	_	_	_	EndOfSentence	_	_
Pour	O	O	O	O	O	O	_	_	_	_	_	_
toute	O	O	O	O	O	O	_	_	_	_	_	_
la	O	O	O	O	O	O	_	_	_	_	_	_
Suisse	O	O	O	O	O	O	_	_	NoSpaceAfter	_	_	_
.	O	O	O	O	O	O	_	_	NoSpaceAfter	_	_	_
.	O	O	O	O	O	O	_	_	NoSpaceAfter	_	_	_
.	O	O	O	O	O	O	_	_	NoSpaceAfter	_	_	_
.	O	O	O	O	O	O	_	_	NoSpaceAfter	EndOfSentence	_	_
.	O	O	O	O	O	O	_	_	NoSpaceAfter	_	_	_
'	O	O	O	O	O	O	_	_	NoSpaceAfter	_	_	_
.	O	O	O	O	O	O	_	_	_	EndOfSentence	_	_
un	O	O	O	O	O	O	_	_	_	_	_	_
an	O	O	O	O	O	O	_	_	_	_	_	_
28	O	O	O	O	O	O	_	_	_	_	_	_
fr	O	O	O	O	O	O	_	_	NoSpaceAfter	_	_	_
.	O	O	O	O	O	O	_	_	_	EndOfSentence	_	_
—	O	O	O	O	O	O	_	_	NoSpaceAfter	_	_	_
6	O	O	O	O	O	O	_	_	_	_	_	_
mois	O	O	O	O	O	O	_	_	_	_	_	_
14	O	O	O	O	O	O	_	_	_	_	_	_
fr	O	O	O	O	O	O	_	_	NoSpaceAfter	_	_	_
.	O	O	O	O	O	O	_	_	_	EndOfSentence	_	_
—	O	O	O	O	O	O	_	_	_	_	_	_
3	O	O	O	O	O	O	_	_	_	_	_	_
moi	O	O	O	O	O	O	_	_	_	_	_	_
»	O	O	O	O	O	O	_	_	_	_	_	_
7	O	O	O	O	O	O	_	_	_	_	_	_
fi	O	O	O	O	O	O	_	_	NoSpaceAfter	_	_	_
-	O	O	O	O	O	O	_	_	NoSpaceAfter	_	_	_
,	O	O	O	O	O	O	_	_	_	_	_	_
SI	O	O	O	O	O	O	_	_	NoSpaceAfter	_	_	_
)	O	O	O	O	O	O	_	_	_	_	_	_
nn	O	O	O	O	O	O	_	_	_	_	_	_
mois	O	O	O	O	O	O	_	_	_	_	_	_
3	O	O	O	O	O	O	_	_	_	_	_	_
tt	O	O	O	O	O	O	_	_	NoSpaceAfter	_	_	_
.	O	O	O	O	O	O	_	_	_	EndOfSentence	_	_
—	O	O	O	O	O	O	_	_	EndOfLine	_	_	_
# segment_iiif_link = https://impresso-project.ch/api/proxy/iiif/JDG-1856-12-21-a-p0001/1267,567,1076,46/full/0/default.jpg
Pour	O	O	O	O	O	O	_	_	_	_	_	_
la	O	O	O	O	O	O	_	_	_	_	_	_
France	O	O	O	O	O	O	_	_	_	_	_	_
etles	O	O	O	O	O	O	_	_	_	_	_	_
États	O	O	O	O	O	O	_	_	_	_	_	_
Sardes	O	O	O	O	O	O	_	_	_	_	_	_
(	O	O	O	O	O	O	_	_	NoSpaceAfter	_	_	_
fr	O	O	O	O	O	O	_	_	NoSpaceAfter	_	_	_
.	O	O	O	O	O	O	_	_	NoSpaceAfter	_	_	_
)	O	O	O	O	O	O	_	_	_	_	_	_
>	O	O	O	O	O	O	_	_	_	_	_	_
41	O	O	O	O	O	O	_	_	NoSpaceAfter	_	_	_
.	O	O	O	O	O	O	_	_	_	EndOfSentence	_	_
—	O	O	O	O	O	O	_	_	NoSpaceAfter	_	_	_
.	O	O	O	O	O	O	_	_	_	EndOfSentence	_	_
22	O	O	O	O	O	O	_	_	_	_	_	_
»	O	O	O	O	O	O	_	_	NoSpaceAfter	_	_	_
—	O	O	O	O	O	O	_	_	NoSpaceAfter	_	_	_
.	O	O	O	O	O	O	_	_	_	EndOfSentence	_	_
12	O	O	O	O	O	O	_	_	NoSpaceAfter	_	_	_
.	O	O	O	O	O	O	_	_	_	EndOfSentence	_	_
—	O	O	O	O	O	O	_	_	NoSpaceAfter	_	_	_
,	O	O	O	O	O	O	_	_	_	_	_	_
4.50	O	O	O	O	O	O	_	_	EndOfLine	_	_	_
# segment_iiif_link = https://impresso-project.ch/api/proxy/iiif/JDG-1856-12-21-a-p0001/1267,592,1063,46/full/0/default.jpg
Pour	O	O	O	O	O	O	_	_	_	_	_	_
la	O	O	O	O	O	O	_	_	_	_	_	_
Toscane	O	O	O	O	O	O	_	_	_	_	_	_
56	O	O	O	O	O	O	_	_	_	_	_	_
«	O	O	O	O	O	O	_	_	_	_	_	_
—	O	O	O	O	O	O	_	_	_	_	_	_
30	O	O	O	O	O	O	_	_	NoSpaceAfter	_	_	_
.	O	O	O	O	O	O	_	_	_	_	_	_
—	O	O	O	O	O	O	_	_	_	_	_	_
»	O	O	O	O	O	O	_	_	_	_	_	_
16	O	O	O	O	O	O	_	_	_	_	_	_
»	O	O	O	O	O	O	_	_	_	_	_	_
—	O	O	O	O	O	O	_	_	_	_	_	_
>	O	O	O	O	O	O	_	_	_	_	_	_
—	O	O	O	O	O	O	_	_	_	_	_	_
>	O	O	O	O	O	O	_	_	_	_	_	_
_	O	O	O	O	O	O	_	_	EndOfLine	_	_	_
# segment_iiif_link = https://impresso-project.ch/api/proxy/iiif/JDG-1856-12-21-a-p0001/1269,616,1062,44/full/0/default.jpg
Pour	O	O	O	O	O	O	_	_	_	_	_	_
l	O	O	O	O	O	O	_	_	NoSpaceAfter	_	_	_
'	O	O	O	O	O	O	_	_	NoSpaceAfter	_	_	_
Union	O	O	O	O	O	O	_	_	_	_	_	_
postale	O	O	O	O	O	O	_	_	_	_	_	_
allemande	O	O	O	O	O	O	_	_	NoSpaceAfter	_	_	_
.	O	O	O	O	O	O	_	_	_	EndOfSentence	_	_
.	O	O	O	O	O	O	_	_	NoSpaceAfter	_	_	_
.	O	O	O	O	O	O	_	_	_	EndOfSentence	_	_
»	O	O	O	O	O	O	_	_	_	_	_	_
47	O	O	O	O	O	O	_	_	_	_	_	_
»	O	O	O	O	O	O	_	_	_	_	_	_
—	O	O	O	O	O	O	_	_	_	_	_	_
25	O	O	O	O	O	O	_	_	NoSpaceAfter	_	_	_
.	O	O	O	O	O	O	_	_	_	EndOfSentence	_	_
—	O	O	O	O	O	O	_	_	_	_	_	_
>	O	O	O	O	O	O	_	_	_	_	_	_
13	O	O	O	O	O	O	_	_	_	_	_	_
—	O	O	O	O	O	O	_	_	_	_	_	_
>	O	O	O	O	O	O	_	_	_	_	_	_
—	O	O	O	O	O	O	_	_	NoSpaceAfter	_	_	_
,	O	O	O	O	O	O	_	_	_	_	_	_
_	O	O	O	O	O	O	_	_	EndOfLine	_	_	_
# segment_iiif_link = https://impresso-project.ch/api/proxy/iiif/JDG-1856-12-21-a-p0001/1267,640,1063,46/full/0/default.jpg
Pour	O	O	O	O	O	O	_	_	_	_	_	_
l	O	O	O	O	O	O	_	_	NoSpaceAfter	_	_	_
'	O	O	O	O	O	O	_	_	NoSpaceAfter	_	_	_
Angleterre	O	O	O	O	O	O	_	_	_	_	_	_
.	O	O	O	O	O	O	_	_	NoSpaceAfter	_	_	_
.	O	O	O	O	O	O	_	_	NoSpaceAfter	_	_	_
.	O	O	O	O	O	O	_	_	NoSpaceAfter	_	_	_
.	O	O	O	O	O	O	_	_	_	EndOfSentence	_	_
.	O	O	O	O	O	O	_	_	NoSpaceAfter	_	_	_
.	O	O	O	O	O	O	_	_	_	EndOfSentence	_	_
»	O	O	O	O	O	O	_	_	_	_	_	_
80	O	O	O	O	O	O	_	_	_	_	_	_
«	O	O	O	O	O	O	_	_	_	_	_	_
—	O	O	O	O	O	O	_	_	_	_	_	_
»	O	O	O	O	O	O	_	_	_	_	_	_
41	O	O	O	O	O	O	_	_	_	_	_	_
»	O	O	O	O	O	O	_	_	NoSpaceAfter	_	_	_
—	O	O	O	O	O	O	_	_	NoSpaceAfter	_	_	_
.	O	O	O	O	O	O	_	_	_	EndOfSentence	_	_
22	O	O	O	O	O	O	_	_	_	_	_	_
»	O	O	O	O	O	O	_	_	_	_	_	_
—	O	O	O	O	O	O	_	_	NoSpaceAfter	_	_	_
.	O	O	O	O	O	O	_	_	_	EndOfSentence	_	_
—	O	O	O	O	O	O	_	_	NoSpaceAfter	_	_	_
.	O	O	O	O	O	O	_	_	_	EndOfSentence	_	_
—	O	O	O	O	O	O	_	_	EndOfLine	_	_	_
# segment_iiif_link = https://impresso-project.ch/api/proxy/iiif/JDG-1856-12-21-a-p0001/1269,666,1068,46/full/0/default.jpg
Prix	O	O	O	O	O	O	_	_	_	_	_	_
des	O	O	O	O	O	O	_	_	_	_	_	_
Annonces	O	O	O	O	O	O	_	_	_	_	_	_
:	O	O	O	O	O	O	_	_	_	_	_	_
20	O	O	O	O	O	O	_	_	_	_	_	_
«	O	O	O	O	O	O	_	_	_	_	_	_
ent	O	O	O	O	O	O	_	_	NoSpaceAfter	_	_	_
.	O	O	O	O	O	O	_	_	_	EndOfSentence	_	_
la	O	O	O	O	O	O	_	_	_	_	_	_
ligne	O	O	O	O	O	O	_	_	NoSpaceAfter	_	_	_
.	O	O	O	O	O	O	_	_	_	EndOfSentence	_	_
—	O	O	O	O	O	O	_	_	NoSpaceAfter	_	_	_
Prix	O	O	O	O	O	O	_	_	_	_	_	_
du	O	O	O	O	O	O	_	_	_	_	_	_
N	O	O	O	O	O	O	_	_	NoSpaceAfter	_	_	_
°	O	O	O	O	O	O	_	_	_	_	_	_
du	O	O	O	O	O	O	_	_	_	_	_	_
journal	O	O	O	O	O	O	_	_	_	_	_	_
:	O	O	O	O	O	O	_	_	_	_	_	_
25	O	O	O	O	O	O	_	_	_	_	_	_
cent	O	O	O	O	O	O	_	_	NoSpaceAfter	_	_	_
.	O	O	O	O	O	O	_	_	_	EndOfSentence	_	_
—	O	O	O	O	O	O	_	_	NoSpaceAfter	_	_	_
tes	O	O	O	O	O	O	_	_	_	_	_	_
annoncée	O	O	O	O	O	O	_	_	_	_	_	_
se	O	O	O	O	O	O	_	_	_	_	_	_
paient	O	O	O	O	O	O	_	_	_	_	_	_
d	O	O	O	O	O	O	_	_	NoSpaceAfter	_	_	_
'	O	O	O	O	O	O	_	_	NoSpaceAfter	_	_	_
avance	O	O	O	O	O	O	_	_	NoSpaceAfter	_	_	_
.	O	O	O	O	O	O	_	_	EndOfLine	EndOfSentence	_	_

# language = fr
# newspaper = JDG
# date = 1859-05-02
# document_id = JDG-1859-05-02-a-i0001
# news-agency-as-source = _
# segment_iiif_link = https://impresso-project.ch/api/proxy/iiif/JDG-1859-05-02-a-p0001/143,247,227,47/full/0/default.jpg
ÉD	O	O	O	O	O	O	_	_	_	_	_	_
R	O	O	O	O	O	O	_	_	_	_	_	_
\	O	O	O	O	O	O	_	_	_	_	_	_
TIO	O	O	O	O	O	O	_	_	_	_	_	_
l	O	O	O	O	O	O	_	_	_	_	_	_
\	O	O	O	O	O	O	_	_	NoSpaceAfter	_	_	_
.	O	O	O	O	O	O	_	_	_	EndOfSentence	_	_
T	O	O	O	O	O	O	_	_	_	_	_	_
~	O	O	O	O	O	O	_	_	_	_	_	_
UISSE	O	O	O	O	O	O	_	_	EndOfLine	_	_	_
# segment_iiif_link = https://impresso-project.ch/api/proxy/iiif/JDG-1859-05-02-a-p0001/81,246,225,49/full/0/default.jpg
CO	O	O	O	O	O	O	_	_	_	_	_	_
NF	O	O	O	O	O	O	_	_	_	_	_	_
~	O	O	O	O	O	O	_	_	_	_	_	_
1	O	O	O	O	O	O	_	_	_	_	_	_
~	O	O	O	O	O	O	_	_	_	_	_	_
1,1	O	O	O	O	O	O	_	_	NoSpaceAfter	_	_	_
'	O	O	O	O	O	O	_	_	NoSpaceAfter	_	_	_
(	O	O	O	O	O	O	_	_	NoSpaceAfter	_	_	_
u	O	O	O	O	O	O	_	_	EndOfLine	_	_	_
# segment_iiif_link = https://impresso-project.ch/api/proxy/iiif/JDG-1859-05-02-a-p0001/51,285,376,39/full/0/default.jpg
~	O	O	O	O	O	O	_	_	_	_	_	_
fi	O	O	O	O	O	O	_	_	_	_	_	_
s	O	O	O	O	O	O	_	_	NoSpaceAfter	_	_	_
'	O	O	O	O	O	O	_	_	NoSpaceAfter	_	_	_
est	O	O	O	O	O	O	_	_	_	_	_	_
formé	O	O	O	O	O	O	_	_	_	_	_	_
à	O	O	O	O	O	O	_	_	_	_	_	_
Vienne	O	O	O	O	O	O	_	_	_	_	_	_
une	O	O	O	O	O	O	_	_	_	_	_	_
société	O	O	O	O	O	O	_	_	_	_	_	_
suisse	O	O	O	O	O	O	_	_	_	_	_	_
de	O	O	O	O	O	O	_	_	_	_	_	_
secours	O	O	O	O	O	O	_	_	NoSpaceAfter	_	_	_
,	O	O	O	O	O	O	_	_	_	_	_	_
a	O	O	O	O	O	O	_	_	EndOfLine	_	_	_
# segment_iiif_link = https://impresso-project.ch/api/proxy/iiif/JDG-1859-05-02-a-p0001/33,303,406,39/full/0/default.jpg
.	O	O	O	O	O	O	_	_	_	EndOfSentence	_	_
la	O	O	O	O	O	O	_	_	_	_	_	_
tête	O	O	O	O	O	O	_	_	_	_	_	_
de	O	O	O	O	O	O	_	_	_	_	_	_
laquelle	O	O	O	O	O	O	_	_	_	_	_	_
nous	O	O	O	O	O	O	_	_	_	_	_	_
voyous	O	O	O	O	O	O	_	_	_	_	_	_
figurer	O	O	O	O	O	O	_	_	_	_	_	_
le	O	O	O	O	O	O	_	_	_	_	_	_
nom	O	O	O	O	O	O	_	_	_	_	_	_
de	O	O	O	O	O	O	_	_	_	_	_	_
notre	O	O	O	O	O	O	_	_	_	_	_	_
chargé	O	O	O	O	O	O	_	_	_	_	_	_
;	O	O	O	O	O	O	_	_	EndOfLine	_	_	_
# segment_iiif_link = https://impresso-project.ch/api/proxy/iiif/JDG-1859-05-02-a-p0001/37,322,402,40/full/0/default.jpg
d	O	O	O	O	O	O	_	_	NoSpaceAfter	_	_	_
'	O	O	O	O	O	O	_	_	NoSpaceAfter	_	_	_
affaires	O	O	O	O	O	O	_	_	NoSpaceAfter	_	_	_
,	O	O	O	O	O	O	_	_	_	_	_	_
M	O	O	O	O	O	O	_	_	NoSpaceAfter	_	_	_
.	O	O	O	O	O	O	_	_	_	_	_	_
Steiger	O	O	O	O	O	O	_	_	NoSpaceAfter	_	_	_
.	O	O	O	O	O	O	_	_	_	EndOfSentence	_	_
Lor	O	O	O	O	O	O	_	_	_	_	_	_
~	O	O	O	O	O	O	_	_	_	_	_	_
de	O	O	O	O	O	O	_	_	_	_	_	_
l	O	O	O	O	O	O	_	_	_	_	_	_
~	O	O	O	O	O	O	_	_	_	_	_	_
preUli	O	O	O	O	O	O	_	_	_	_	_	_
~	O	O	O	O	O	O	_	_	_	_	_	_
I	O	O	O	O	O	O	_	_	NoSpaceAfter	_	_	_
'	O	O	O	O	O	O	_	_	NoSpaceAfter	_	_	_
e	O	O	O	O	O	O	_	_	_	_	_	_
réunion	O	O	O	O	O	O	_	_	NoSpaceAfter	_	_	_
,	O	O	O	O	O	O	_	_	_	_	_	_
de	O	O	O	O	O	O	_	_	_	_	_	_
n	O	O	O	O	O	O	_	_	_	_	_	_
~	O	O	O	O	O	O	_	_	_	_	_	_
s	O	O	O	O	O	O	_	_	EndOfLine	_	_	_
# segment_iiif_link = https://impresso-project.ch/api/proxy/iiif/JDG-1859-05-02-a-p0001/37,344,399,39/full/0/default.jpg
compatriotes	O	O	O	O	O	O	_	_	_	_	_	_
pour	O	O	O	O	O	O	_	_	_	_	_	_
sc	O	O	O	O	O	O	_	_	_	_	_	_
c	O	O	O	O	O	O	_	_	NoSpaceAfter	_	_	_
,	O	O	O	O	O	O	_	_	_	_	_	_
onstltller	O	O	O	O	O	O	_	_	NoSpaceAfter	_	_	_
,	O	O	O	O	O	O	_	_	_	_	_	_
Ils	O	O	O	O	O	O	_	_	_	_	_	_
avertirent	O	O	O	O	O	O	_	_	_	_	_	_
la	O	O	O	O	O	O	_	_	_	_	_	_
police	O	O	O	O	O	O	_	_	_	_	_	_
~	O	O	O	O	O	O	_	_	_	_	_	_
Ul	O	O	O	O	O	O	_	_	NoSpaceAfter	_	_	_
,	O	O	O	O	O	O	_	_	EndOfLine	_	_	_
# segment_iiif_link = https://impresso-project.ch/api/proxy/iiif/JDG-1859-05-02-a-p0001/38,365,399,39/full/0/default.jpg
4	O	O	O	O	O	O	_	_	_	_	_	_
an	O	O	O	O	O	O	_	_	_	_	_	_
~	O	O	O	O	O	O	_	_	_	_	_	_
la	O	O	O	O	O	O	_	_	_	_	_	_
règle	O	O	O	O	O	O	_	_	_	_	_	_
;	O	O	O	O	O	O	_	_	_	_	_	_
a	O	O	O	O	O	O	_	_	_	_	_	_
le	O	O	O	O	O	O	_	_	_	_	_	_
droit	O	O	O	O	O	O	_	_	_	_	_	_
d	O	O	O	O	O	O	_	_	NoSpaceAfter	_	_	_
'	O	O	O	O	O	O	_	_	NoSpaceAfter	_	_	_
envoyCl	O	O	O	O	O	O	_	_	NoSpaceAfter	_	_	_
'	O	O	O	O	O	O	_	_	NoSpaceAfter	_	_	_
desagents	O	O	O	O	O	O	_	_	_	_	_	_
pour	O	O	O	O	O	O	_	_	_	_	_	_
la	O	O	O	O	O	O	_	_	EndOfLine	_	_	_
# segment_iiif_link = https://impresso-project.ch/api/proxy/iiif/JDG-1859-05-02-a-p0001/38,383,404,39/full/0/default.jpg
surveillancede	O	O	O	O	O	O	_	_	_	_	_	_
toutes	O	O	O	O	O	O	_	_	_	_	_	_
les	O	O	O	O	O	O	_	_	_	_	_	_
assembées	O	O	O	O	O	O	_	_	NoSpaceAfter	_	_	_
.	O	O	O	O	O	O	_	_	_	EndOfSentence	_	_
Mais	O	O	O	O	O	O	_	_	_	_	_	_
le	O	O	O	O	O	O	_	_	_	_	_	_
gouvernement	O	O	O	O	O	O	_	_	_	_	_	_
fit	O	O	O	O	O	O	_	_	EndOfLine	_	_	_
# segment_iiif_link = https://impresso-project.ch/api/proxy/iiif/JDG-1859-05-02-a-p0001/38,403,399,39/full/0/default.jpg
répondreimmédiatement	O	O	O	O	O	O	_	_	_	_	_	_
qu	O	O	O	O	O	O	_	_	NoSpaceAfter	_	_	_
'	O	O	O	O	O	O	_	_	NoSpaceAfter	_	_	_
il	O	O	O	O	O	O	_	_	_	_	_	_
ferait	O	O	O	O	O	O	_	_	_	_	_	_
une	O	O	O	O	O	O	_	_	_	_	_	_
except	O	O	O	O	O	O	_	_	_	_	_	_
;	O	O	O	O	O	O	_	_	_	_	_	_
ion	O	O	O	O	O	O	_	_	_	_	_	_
en	O	O	O	O	O	O	_	_	_	_	_	_
faveur	O	O	O	O	O	O	_	_	EndOfLine	_	_	_
# segment_iiif_link = https://impresso-project.ch/api/proxy/iiif/JDG-1859-05-02-a-p0001/39,417,401,40/full/0/default.jpg
d	O	O	O	O	O	O	_	_	NoSpaceAfter	_	_	_
'	O	O	O	O	O	O	_	_	NoSpaceAfter	_	_	_
S	O	O	O	O	O	O	_	_	NoSpaceAfter	_	_	_
.	O	O	O	O	O	O	_	_	_	EndOfSentence	_	_
l	O	O	O	O	O	O	_	_	NoSpaceAfter	_	_	_
'	O	O	O	O	O	O	_	_	NoSpaceAfter	_	_	_
'	O	O	O	O	O	O	_	_	NoSpaceAfter	_	_	_
t	O	O	O	O	O	O	_	_	_	_	_	_
d	O	O	O	O	O	O	_	_	NoSpaceAfter	_	_	_
'	O	O	O	O	O	O	_	_	NoSpaceAfter	_	_	_
ordre	O	O	O	O	O	O	_	_	_	_	_	_
et	O	O	O	O	O	O	_	_	_	_	_	_
leur	O	O	O	O	O	O	_	_	_	_	_	_
caractère	O	O	O	O	O	O	_	_	_	_	_	_
étaut	O	O	O	O	O	O	_	_	_	_	_	_
une	O	O	O	O	O	O	_	_	EndOfLine	_	_	_
# segment_iiif_link = https://impresso-project.ch/api/proxy/iiif/JDG-1859-05-02-a-p0001/42,431,403,39/full/0/default.jpg
,	O	O	O	O	O	O	_	_	_	_	_	_
es	O	O	O	O	O	O	_	_	_	_	_	_
msses	O	O	O	O	O	O	_	_	NoSpaceAfter	_	_	_
,	O	O	O	O	O	O	_	_	_	_	_	_
eur	O	O	O	O	O	O	_	_	_	_	_	_
eSP	O	O	O	O	O	O	_	_	_	_	_	_
~	O	O	O	O	O	O	_	_	_	_	_	_
1	O	O	O	O	O	O	_	_	NoSpaceAfter	_	_	_
,	O	O	O	O	O	O	_	_	NoSpaceAfter	_	_	_
'	O	O	O	O	O	O	_	_	NoSpaceAfter	_	_	_
.	O	O	O	O	O	O	_	_	NoSpaceAfter	EndOfSentence	_	_
,	O	O	O	O	O	O	_	_	NoSpaceAfter	_	_	_
'	O	O	O	O	O	O	_	_	NoSpaceAfter	_	_	_
.	O	O	O	O	O	O	_	_	_	EndOfSentence	_	_
l	O	O	O	O	O	O	_	_	NoSpaceAfter	_	_	_
'	O	O	O	O	O	O	_	_	NoSpaceAfter	_	_	_
ssem	O	O	O	O	O	O	_	_	_	_	_	_
_	O	O	O	O	O	O	_	_	EndOfLine	_	_	_
# segment_iiif_link = https://impresso-project.ch/api/proxy/iiif/JDG-1859-05-02-a-p0001/38,445,404,39/full/0/default.jpg
~	O	O	O	O	O	O	_	_	_	_	_	_
rllntie	O	O	O	O	O	O	_	_	_	_	_	_
sulhsante	O	O	O	O	O	O	_	_	_	_	_	_
qu	O	O	O	O	O	O	_	_	_	_	_	_
Il	O	O	O	O	O	O	_	_	_	_	_	_
ne	O	O	O	O	O	O	_	_	_	_	_	_
se	O	O	O	O	O	O	_	_	_	_	_	_
pass	O	O	O	O	O	O	_	_	_	_	_	_
~	O	O	O	O	O	O	_	_	_	_	_	_
r	O	O	O	O	O	O	_	_	_	_	_	_
!	O	O	O	O	O	O	_	_	_	_	_	_
llt	O	O	O	O	O	O	_	_	_	_	_	_
rien	O	O	O	O	O	O	_	_	_	_	_	_
dans	O	O	O	O	O	O	_	_	_	_	_	_
cura	O	O	O	O	O	O	_	_	NoSpaceAfter	_	_	_
,	O	O	O	O	O	O	_	_	EndOfLine	_	_	_
# segment_iiif_link = https://impresso-project.ch/api/proxy/iiif/JDG-1859-05-02-a-p0001/35,462,404,40/full/0/default.jpg
l	O	O	O	O	O	O	_	_	_	_	_	_
>	O	O	O	O	O	O	_	_	_	_	_	_
lée	O	O	O	O	O	O	_	_	_	_	_	_
de	O	O	O	O	O	O	_	_	_	_	_	_
contraire	O	O	O	O	O	O	_	_	_	_	_	_
à	O	O	O	O	O	O	_	_	_	_	_	_
l	O	O	O	O	O	O	_	_	NoSpaceAfter	_	_	_
'	O	O	O	O	O	O	_	_	NoSpaceAfter	_	_	_
ordre	O	O	O	O	O	O	_	_	_	_	_	_
pubhc	O	O	O	O	O	O	_	_	NoSpaceAfter	_	_	_
.	O	O	O	O	O	O	_	_	_	EndOfSentence	_	_
Le	O	O	O	O	O	O	_	_	_	_	_	_
Bunâ	O	O	O	O	O	O	_	_	NoSpaceAfter	_	_	_
,	O	O	O	O	O	O	_	_	_	_	_	_
auquel	O	O	O	O	O	O	_	_	_	_	_	_
nous	O	O	O	O	O	O	_	_	EndOfLine	_	_	_
# segment_iiif_link = https://impresso-project.ch/api/proxy/iiif/JDG-1859-05-02-a-p0001/38,480,399,40/full/0/default.jpg
empruntons	O	O	O	O	O	O	_	_	_	_	_	_
ces	O	O	O	O	O	O	_	_	_	_	_	_
détails	O	O	O	O	O	O	_	_	NoSpaceAfter	_	_	_
,	O	O	O	O	O	O	_	_	_	_	_	_
ajoute	O	O	O	O	O	O	_	_	_	_	_	_
que	O	O	O	O	O	O	_	_	_	_	_	_
celte	O	O	O	O	O	O	_	_	_	_	_	_
marque	O	O	O	O	O	O	_	_	_	_	_	_
de	O	O	O	O	O	O	_	_	_	_	_	_
faveur	O	O	O	O	O	O	_	_	EndOfLine	_	_	_
# segment_iiif_link = https://impresso-project.ch/api/proxy/iiif/JDG-1859-05-02-a-p0001/38,497,271,39/full/0/default.jpg
a	O	O	O	O	O	O	_	_	_	_	_	_
ét	O	O	O	O	O	O	_	_	_	_	_	_
'	O	O	O	O	O	O	_	_	NoSpaceAfter	_	_	_
t	O	O	O	O	O	O	_	_	_	_	_	_
è	O	O	O	O	O	O	_	_	NoSpaceAfter	_	_	_
'	O	O	O	O	O	O	_	_	NoSpaceAfter	_	_	_
'	O	O	O	O	O	O	_	_	NoSpaceAfter	_	_	_
préciée	O	O	O	O	O	O	_	_	_	_	_	_
par	O	O	O	O	O	O	_	_	_	_	_	_
nos	O	O	O	O	O	O	_	_	_	_	_	_
compatriotes	O	O	O	O	O	O	_	_	NoSpaceAfter	_	_	_
.	O	O	O	O	O	O	_	_	EndOfLine	EndOfSentence	_	_
# segment_iiif_link = https://impresso-project.ch/api/proxy/iiif/JDG-1859-05-02-a-p0001/44,510,73,40/full/0/default.jpg
,	O	O	O	O	O	O	_	_	_	_	_	_
e	O	O	O	O	O	O	_	_	_	_	_	_
s	O	O	O	O	O	O	_	_	NoSpaceAfter	_	_	_
-	O	O	O	O	O	O	_	_	NoSpaceAfter	_	_	_
ap	O	O	O	O	O	O	_	_	EndOfLine	_	_	_
# segment_iiif_link = https://impresso-project.ch/api/proxy/iiif/JDG-1859-05-02-a-p0001/44,530,386,39/full/0/default.jpg
,	O	O	O	O	O	O	_	_	_	_	_	_
B	O	O	O	O	O	O	_	_	_	_	_	_
L	O	O	O	O	O	O	_	_	_	_	_	_
f	O	O	O	O	O	O	_	_	NoSpaceAfter	_	_	_
'	O	O	O	O	O	O	_	_	NoSpaceAfter	_	_	_
t	O	O	O	O	O	O	_	_	_	_	_	_
de	O	O	O	O	O	O	_	_	_	_	_	_
I	O	O	O	O	O	O	_	_	_	_	_	_
tteurs	O	O	O	O	O	O	_	_	_	_	_	_
a	O	O	O	O	O	O	_	_	_	_	_	_
eu	O	O	O	O	O	O	_	_	_	_	_	_
lieu	O	O	O	O	O	O	_	_	_	_	_	_
comme	O	O	O	O	O	O	_	_	_	_	_	_
de	O	O	O	O	O	O	_	_	_	_	_	_
coutume	O	O	O	O	O	O	_	_	EndOfLine	_	_	_
# segment_iiif_link = https://impresso-project.ch/api/proxy/iiif/JDG-1859-05-02-a-p0001/44,547,398,34/full/0/default.jpg
"	O	O	O	O	O	O	_	_	_	_	_	_
ERNE	O	O	O	O	O	O	_	_	_	_	_	_
,	O	O	O	O	O	O	_	_	NoSpaceAfter	_	_	_
-	O	O	O	O	O	O	_	_	_	_	_	_
a	O	O	O	O	O	O	_	_	_	EndOfSentence	_	_
e	O	O	O	O	O	O	_	_	NoSpaceAfter	_	_	_
.	O	O	O	O	O	O	_	_	_	_	_	_
e	O	O	O	O	O	O	_	_	_	_	_	_
es	O	O	O	O	O	O	_	_	_	_	_	_
u	O	O	O	O	O	O	_	_	_	_	_	_
:	O	O	O	O	O	O	_	_	_	_	_	_
"	O	O	O	O	O	O	_	_	_	_	_	_
"	O	O	O	O	O	O	_	_	_	_	_	_
de	O	O	O	O	O	O	_	_	EndOfLine	_	_	_
# segment_iiif_link = https://impresso-project.ch/api/proxy/iiif/JDG-1859-05-02-a-p0001/40,555,373,42/full/0/default.jpg
à	O	O	O	O	O	O	_	_	_	_	_	_
Berne	O	O	O	O	O	O	_	_	_	_	_	_
le	O	O	O	O	O	O	_	_	_	_	_	_
lundi	O	O	O	O	O	O	_	_	_	_	_	_
après	O	O	O	O	O	O	_	_	_	_	_	_
Pâques	O	O	O	O	O	O	_	_	NoSpaceAfter	_	_	_
,	O	O	O	O	O	O	_	_	_	_	_	_
Les	O	O	O	O	O	O	_	_	_	_	_	_
robustes	O	O	O	O	O	O	_	_	_	_	_	_
champions	O	O	O	O	O	O	_	_	EndOfLine	_	_	_
# segment_iiif_link = https://impresso-project.ch/api/proxy/iiif/JDG-1859-05-02-a-p0001/40,574,393,40/full/0/default.jpg
l	O	O	O	O	O	O	_	_	NoSpaceAfter	_	_	_
'	O	O	O	O	O	O	_	_	NoSpaceAfter	_	_	_
Emme	O	O	O	O	O	O	_	_	_	_	_	_
:	O	O	O	O	O	O	_	_	_	_	_	_
'	O	O	O	O	O	O	_	_	NoSpaceAfter	_	_	_
tbal	O	O	O	O	O	O	_	_	_	_	_	_
cf	O	O	O	O	O	O	_	_	_	_	_	_
de	O	O	O	O	O	O	_	_	_	_	_	_
l	O	O	O	O	O	O	_	_	NoSpaceAfter	_	_	_
'	O	O	O	O	O	O	_	_	NoSpaceAfter	_	_	_
Obedand	O	O	O	O	O	O	_	_	_	_	_	_
s	O	O	O	O	O	O	_	_	NoSpaceAfter	_	_	_
'	O	O	O	O	O	O	_	_	NoSpaceAfter	_	_	_
étaient	O	O	O	O	O	O	_	_	_	_	_	_
donné	O	O	O	O	O	O	_	_	_	_	_	_
rendez	O	O	O	O	O	O	_	_	NoSpaceAfter	_	_	_
-	O	O	O	O	O	O	_	_	NoSpaceAfter	_	_	_
vous	O	O	O	O	O	O	_	_	EndOfLine	_	_	_
# segment_iiif_link = https://impresso-project.ch/api/proxy/iiif/JDG-1859-05-02-a-p0001/41,594,399,39/full/0/default.jpg
en	O	O	O	O	O	O	_	_	NoSpaceAfter	_	_	_
,	O	O	O	O	O	O	_	_	_	_	_	_
grand	O	O	O	O	O	O	_	_	NoSpaceAfter	_	_	_
-	O	O	O	O	O	O	_	_	NoSpaceAfter	_	_	_
nombre	O	O	O	O	O	O	_	_	_	_	_	_
sur	O	O	O	O	O	O	_	_	_	_	_	_
l	O	O	O	O	O	O	_	_	_	_	_	_
:	O	O	O	O	O	O	_	_	NoSpaceAfter	_	_	_
-	O	O	O	O	O	O	_	_	NoSpaceAfter	_	_	_
s	O	O	O	O	O	O	_	_	_	_	_	_
Petits	O	O	O	O	O	O	_	_	NoSpaceAfter	_	_	_
-	O	O	O	O	O	O	_	_	NoSpaceAfter	_	_	_
Remparts	O	O	O	O	O	O	_	_	_	_	_	_
.	O	O	O	O	O	O	_	_	NoSpaceAfter	EndOfSentence	_	_
,	O	O	O	O	O	O	_	_	_	_	_	_
et	O	O	O	O	O	O	_	_	_	_	_	_
m	O	O	O	O	O	O	_	_	NoSpaceAfter	_	_	_
,	O	O	O	O	O	O	_	_	_	_	_	_
algré	O	O	O	O	O	O	_	_	_	_	_	_
une	O	O	O	O	O	O	_	_	EndOfLine	_	_	_
# segment_iiif_link = https://impresso-project.ch/api/proxy/iiif/JDG-1859-05-02-a-p0001/41,610,400,40/full/0/default.jpg
plUie	O	O	O	O	O	O	_	_	_	_	_	_
battante	O	O	O	O	O	O	_	_	_	_	_	_
ils	O	O	O	O	O	O	_	_	_	_	_	_
ont	O	O	O	O	O	O	_	_	_	_	_	_
fait	O	O	O	O	O	O	_	_	NoSpaceAfter	_	_	_
,	O	O	O	O	O	O	_	_	_	_	_	_
dans	O	O	O	O	O	O	_	_	_	_	_	_
leur	O	O	O	O	O	O	_	_	_	_	_	_
exercice	O	O	O	O	O	O	_	_	_	_	_	_
national	O	O	O	O	O	O	_	_	NoSpaceAfter	_	_	_
,	O	O	O	O	O	O	_	_	_	_	_	_
des	O	O	O	O	O	O	_	_	EndOfLine	_	_	_
# segment_iiif_link = https://impresso-project.ch/api/proxy/iiif/JDG-1859-05-02-a-p0001/74,626,359,39/full/0/default.jpg
,	O	O	O	O	O	O	_	_	NoSpaceAfter	_	_	_
.	O	O	O	O	O	O	_	_	_	EndOfSentence	_	_
d	O	O	O	O	O	O	_	_	_	_	_	_
I	O	O	O	O	O	O	_	_	_	_	_	_
se	O	O	O	O	O	O	_	_	_	_	_	_
Plusieurs	O	O	O	O	O	O	_	_	_	_	_	_
étrangers	O	O	O	O	O	O	_	_	EndOfLine	_	_	_
# segment_iiif_link = https://impresso-project.ch/api/proxy/iiif/JDG-1859-05-02-a-p0001/40,639,400,39/full/0/default.jpg
prOdiges	O	O	O	O	O	O	_	_	_	_	_	_
de	O	O	O	O	O	O	_	_	_	_	_	_
vIgueur	O	O	O	O	O	O	_	_	_	_	_	_
et	O	O	O	O	O	O	_	_	_	_	_	_
e	O	O	O	O	O	O	_	_	NoSpaceAfter	_	_	_
,	O	O	O	O	O	O	_	_	_	_	_	_
soup	O	O	O	O	O	O	_	_	_	_	_	_
cs	O	O	O	O	O	O	_	_	NoSpaceAfter	_	_	_
.	O	O	O	O	O	O	_	_	NoSpaceAfter	EndOfSentence	_	_
.	O	O	O	O	O	O	_	_	_	EndOfSentence	_	_
t	O	O	O	O	O	O	_	_	NoSpaceAfter	_	_	_
'	O	O	O	O	O	O	_	_	EndOfLine|NoSpaceAfter	_	_	_
# segment_iiif_link = https://impresso-project.ch/api/proxy/iiif/JDG-1859-05-02-a-p0001/40,653,404,40/full/0/default.jpg
assistaient	O	O	O	O	O	O	_	_	_	_	_	_
à	O	O	O	O	O	O	_	_	_	_	_	_
ce	O	O	O	O	O	O	_	_	_	_	_	_
combat	O	O	O	O	O	O	_	_	_	_	_	_
d	O	O	O	O	O	O	_	_	NoSpaceAfter	_	_	_
'	O	O	O	O	O	O	_	_	NoSpaceAfter	_	_	_
athlètes	O	O	O	O	O	O	_	_	NoSpaceAfter	_	_	_
,	O	O	O	O	O	O	_	_	_	_	_	_
et	O	O	O	O	O	O	_	_	_	_	_	_
Ils	O	O	O	O	O	O	_	_	_	_	_	_
auront	O	O	O	O	O	O	_	_	_	_	_	_
rempor	O	O	O	O	O	O	_	_	_	_	_	_
e	O	O	O	O	O	O	_	_	EndOfLine	_	_	_
# segment_iiif_link = https://impresso-project.ch/api/proxy/iiif/JDG-1859-05-02-a-p0001/40,673,307,39/full/0/default.jpg
unè	O	O	O	O	O	O	_	_	_	_	_	_
haute	O	O	O	O	O	O	_	_	_	_	_	_
idée	O	O	O	O	O	O	_	_	_	_	_	_
de	O	O	O	O	O	O	_	_	_	_	_	_
la	O	O	O	O	O	O	_	_	_	_	_	_
force	O	O	O	O	O	O	_	_	_	_	_	_
de	O	O	O	O	O	O	_	_	_	_	_	_
nos	O	O	O	O	O	O	_	_	_	_	_	_
montagnards	O	O	O	O	O	O	_	_	NoSpaceAfter	_	_	_
.	O	O	O	O	O	O	_	_	EndOfLine	EndOfSentence	_	_
# segment_iiif_link = https://impresso-project.ch/api/proxy/iiif/JDG-1859-05-02-a-p0001/54,692,387,38/full/0/default.jpg
N	O	O	O	O	O	O	_	_	_	_	_	_
Nous	O	O	O	O	O	O	_	_	_	_	_	_
avons	O	O	O	O	O	O	_	_	_	_	_	_
déji	O	O	O	O	O	O	_	_	_	_	_	_
parlé	O	O	O	O	O	O	_	_	_	_	_	_
de	O	O	O	O	O	O	_	_	_	_	_	_
l	O	O	O	O	O	O	_	_	NoSpaceAfter	_	_	_
'	O	O	O	O	O	O	_	_	NoSpaceAfter	_	_	_
expédition	O	O	O	O	O	O	_	_	_	_	_	_
que	O	O	O	O	O	O	_	_	EndOfLine	_	_	_
# segment_iiif_link = https://impresso-project.ch/api/proxy/iiif/JDG-1859-05-02-a-p0001/44,711,395,34/full/0/default.jpg
;	O	O	O	O	O	O	_	_	_	_	_	_
~	O	O	O	O	O	O	_	_	NoSpaceAfter	_	_	_
.	O	O	O	O	O	O	_	_	_	EndOfSentence	_	_
uCIIATEL	O	O	O	O	O	O	_	_	_	_	_	_
.	O	O	O	O	O	O	_	_	NoSpaceAfter	EndOfSentence	_	_
:	O	O	O	O	O	O	_	_	NoSpaceAfter	_	_	_
-	O	O	O	O	O	O	_	_	NoSpaceAfter	_	_	_
,	O	O	O	O	O	O	_	_	_	_	_	_
d	O	O	O	O	O	O	_	_	NoSpaceAfter	_	_	_
'	O	O	O	O	O	O	_	_	NoSpaceAfter	_	_	_
Ln	O	O	O	O	O	O	_	_	NoSpaceAfter	_	_	_
'	O	O	O	O	O	O	_	_	NoSpaceAfter	_	_	_
ver	O	O	O	O	O	O	_	_	_	_	_	_
dans	O	O	O	O	O	O	_	_	_	_	_	_
l	O	O	O	O	O	O	_	_	NoSpaceAfter	_	_	_
'	O	O	O	O	O	O	_	_	NoSpaceAfter	_	_	_
Asie	O	O	O	O	O	O	_	_	EndOfLine	_	_	_
# segment_iiif_link = https://impresso-project.ch/api/proxy/iiif/JDG-1859-05-02-a-p0001/39,719,352,40/full/0/default.jpg
orien	O	O	O	O	O	O	_	_	NoSpaceAfter	_	_	_
-	O	O	O	O	O	O	_	_	NoSpaceAfter	_	_	_
I	O	O	O	O	O	O	_	_	NoSpaceAfter	_	_	_
,	O	O	O	O	O	O	_	_	_	_	_	_
UOlOn	O	O	O	O	O	O	_	_	_	_	_	_
borlogerese	O	O	O	O	O	O	_	_	_	_	_	_
propose	O	O	O	O	O	O	_	_	NoSpaceAfter	_	_	_
.	O	O	O	O	O	O	_	_	_	EndOfSentence	_	_
e	O	O	O	O	O	O	_	_	_	_	_	_
\	O	O	O	O	O	O	_	_	_	_	_	_
0	O	O	O	O	O	O	_	_	_	_	_	_
_	O	O	O	O	O	O	_	_	NoSpaceAfter	_	_	_
,	O	O	O	O	O	O	_	_	_	_	_	_
l	O	O	O	O	O	O	_	_	EndOfLine	_	_	_
# segment_iiif_link = https://impresso-project.ch/api/proxy/iiif/JDG-1859-05-02-a-p0001/40,737,401,38/full/0/default.jpg
tale	O	O	O	O	O	O	_	_	_	_	_	_
pour	O	O	O	O	O	O	_	_	_	_	_	_
y	O	O	O	O	O	O	_	_	_	_	_	_
nouer	O	O	O	O	O	O	_	_	_	_	_	_
des	O	O	O	O	O	O	_	_	_	_	_	_
relations	O	O	O	O	O	O	_	_	_	_	_	_
de	O	O	O	O	O	O	_	_	_	_	_	_
commerce	O	O	O	O	O	O	_	_	_	_	_	_
et	O	O	O	O	O	O	_	_	_	_	_	_
à	O	O	O	O	O	O	_	_	_	_	_	_
la	O	O	O	O	O	O	_	_	_	_	_	_
tete	O	O	O	O	O	O	_	_	EndOfLine	_	_	_
# segment_iiif_link = https://impresso-project.ch/api/proxy/iiif/JDG-1859-05-02-a-p0001/40,754,403,40/full/0/default.jpg
dèlaquelJe	O	O	O	O	O	O	_	_	_	_	_	_
est	O	O	O	O	O	O	_	_	_	_	_	_
1	O	O	O	O	O	O	_	_	_	_	_	_
\	O	O	O	O	O	O	_	_	_	_	_	_
1	O	O	O	O	O	O	_	_	NoSpaceAfter	_	_	_
.	O	O	O	O	O	O	_	_	_	EndOfSentence	_	_
le	O	O	O	O	O	O	_	_	_	_	_	_
Dr	O	O	O	O	O	O	_	_	_	_	_	_
Lindau	O	O	O	O	O	O	_	_	NoSpaceAfter	_	_	_
.	O	O	O	O	O	O	_	_	_	EndOfSentence	_	_
Nous	O	O	O	O	O	O	_	_	_	_	_	_
apprenons	O	O	O	O	O	O	_	_	NoSpaceAfter	_	_	_
,	O	O	O	O	O	O	_	_	_	_	_	_
par	O	O	O	O	O	O	_	_	_	_	_	_
les	O	O	O	O	O	O	_	_	EndOfLine	_	_	_
# segment_iiif_link = https://impresso-project.ch/api/proxy/iiif/JDG-1859-05-02-a-p0001/38,773,404,37/full/0/default.jpg
'	O	O	O	O	O	O	_	_	NoSpaceAfter	_	_	_
J	O	O	O	O	O	O	_	_	NoSpaceAfter	_	_	_
'	O	O	O	O	O	O	_	_	NoSpaceAfter	_	_	_
o	O	O	O	O	O	O	_	_	NoSpaceAfter	_	_	_
.	O	O	O	O	O	O	_	_	_	EndOfSentence	_	_
d	O	O	O	O	O	O	_	_	NoSpaceAfter	_	_	_
.	O	O	O	O	O	O	_	_	_	_	_	_
la	O	O	O	O	O	O	_	_	_	_	_	_
SU	O	O	O	O	O	O	_	_	NoSpaceAfter	_	_	_
'	O	O	O	O	O	O	_	_	NoSpaceAfter	_	_	_
I	O	O	O	O	O	O	_	_	NoSpaceAfter	_	_	_
,	O	O	O	O	O	O	_	_	_	_	_	_
SS"allemande	O	O	O	O	O	O	_	_	_	_	_	_
que	O	O	O	O	O	O	_	_	NoSpaceAfter	_	_	_
,	O	O	O	O	O	O	_	_	_	_	_	_
selon	O	O	O	O	O	O	_	_	_	_	_	_
toute	O	O	O	O	O	O	_	_	EndOfLine	_	_	_
# segment_iiif_link = https://impresso-project.ch/api/proxy/iiif/JDG-1859-05-02-a-p0001/52,784,225,38/full/0/default.jpg
appaurnaux	O	O	O	O	O	O	_	_	_	_	_	_
eua	O	O	O	O	O	O	_	_	NoSpaceAfter	_	_	_
.	O	O	O	O	O	O	_	_	_	_	_	_
'	O	O	O	O	O	O	_	_	NoSpaceAfter	_	_	_
"	O	O	O	O	O	O	_	_	NoSpaceAfter	_	_	_
,	O	O	O	O	O	O	_	_	NoSpaceAfter	_	_	_
,	O	O	O	O	O	O	_	_	EndOfLine	_	_	_
# segment_iiif_link = https://impresso-project.ch/api/proxy/iiif/JDG-1859-05-02-a-p0001/45,788,399,40/full/0/default.jpg
.	O	O	O	O	O	O	_	_	NoSpaceAfter	_	_	_
.	O	O	O	O	O	O	_	_	_	_	_	_
"	O	O	O	O	O	O	_	_	NoSpaceAfter	_	_	_
'	O	O	O	O	O	O	_	_	_	_	_	_
,	O	O	O	O	O	O	_	_	NoSpaceAfter	_	_	_
.	O	O	O	O	O	O	_	_	_	_	_	_
"	O	O	O	O	O	O	_	_	NoSpaceAfter	_	_	_
d	O	O	O	O	O	O	_	_	_	_	_	_
,	O	O	O	O	O	O	_	_	NoSpaceAfter	_	_	_
.	O	O	O	O	O	O	_	_	_	EndOfSentence	_	_
l	O	O	O	O	O	O	_	_	_	_	_	_
'	O	O	O	O	O	O	_	_	NoSpaceAfter	_	_	_
o"agc	O	O	O	O	O	O	_	_	_	_	_	_
sur	O	O	O	O	O	O	_	_	_	_	_	_
le	O	O	O	O	O	O	_	_	_	_	_	_
bâtiment	O	O	O	O	O	O	_	_	_	_	_	_
et	O	O	O	O	O	O	_	_	_	_	_	_
sous	O	O	O	O	O	O	_	_	_	_	_	_
les	O	O	O	O	O	O	_	_	EndOfLine	_	_	_
# segment_iiif_link = https://impresso-project.ch/api/proxy/iiif/JDG-1859-05-02-a-p0001/40,798,333,40/full/0/default.jpg
rence	O	O	O	O	O	O	_	_	NoSpaceAfter	_	_	_
,	O	O	O	O	O	O	_	_	_	_	_	_
M	O	O	O	O	O	O	_	_	NoSpaceAfter	_	_	_
.	O	O	O	O	O	O	_	_	_	_	_	_
Lm	O	O	O	O	O	O	_	_	_	_	_	_
au	O	O	O	O	O	O	_	_	_	_	_	_
rera	O	O	O	O	O	O	_	_	NoSpaceAfter	_	_	_
,	O	O	O	O	O	O	_	_	_	_	_	_
e	O	O	O	O	O	O	_	_	NoSpaceAfter	_	_	_
,	O	O	O	O	O	O	_	_	_	_	_	_
J	O	O	O	O	O	O	_	_	NoSpaceAfter	_	_	_
'	O	O	O	O	O	O	_	_	NoSpaceAfter	_	_	_
,	O	O	O	O	O	O	_	_	_	_	_	_
"	O	O	O	O	O	O	_	_	EndOfLine	_	_	_
# segment_iiif_link = https://impresso-project.ch/api/proxy/iiif/JDG-1859-05-02-a-p0001/41,815,403,39/full/0/default.jpg
auspices	O	O	O	O	O	O	_	_	_	_	_	_
du	O	O	O	O	O	O	_	_	_	_	_	_
consulque	O	O	O	O	O	O	_	_	NoSpaceAfter	_	_	_
.	O	O	O	O	O	O	_	_	_	EndOfSentence	_	_
le	O	O	O	O	O	O	_	_	_	_	_	_
gou	O	O	O	O	O	O	_	_	_	_	_	_
~	O	O	O	O	O	O	_	_	_	_	_	_
erne	O	O	O	O	O	O	_	_	_	_	_	_
~	O	O	O	O	O	O	_	_	_	_	_	_
ent	O	O	O	O	O	O	_	_	_	_	_	_
français	O	O	O	O	O	O	_	_	_	_	_	_
envoie	O	O	O	O	O	O	_	_	_	_	_	_
au	O	O	O	O	O	O	_	_	EndOfLine	_	_	_
# segment_iiif_link = https://impresso-project.ch/api/proxy/iiif/JDG-1859-05-02-a-p0001/40,833,404,39/full/0/default.jpg
Japon	O	O	O	O	O	O	_	_	_	_	_	_
'	O	O	O	O	O	O	_	_	NoSpaceAfter	_	_	_
des	O	O	O	O	O	O	_	_	_	_	_	_
négociations	O	O	O	O	O	O	_	_	_	_	_	_
auraient	O	O	O	O	O	O	_	_	_	_	_	_
lieu	O	O	O	O	O	O	_	_	_	_	_	_
à	O	O	O	O	O	O	_	_	_	_	_	_
ce	O	O	O	O	O	O	_	_	_	_	_	_
sujet	O	O	O	O	O	O	_	_	_	_	_	_
avec	O	O	O	O	O	O	_	_	_	_	_	_
les	O	O	O	O	O	O	_	_	EndOfLine	_	_	_
# segment_iiif_link = https://impresso-project.ch/api/proxy/iiif/JDG-1859-05-02-a-p0001/39,852,238,39/full/0/default.jpg
idtol	O	O	O	O	O	O	_	_	NoSpaceAfter	_	_	_
'	O	O	O	O	O	O	_	_	NoSpaceAfter	_	_	_
itesfrançaises	O	O	O	O	O	O	_	_	NoSpaceAfter	_	_	_
.	O	O	O	O	O	O	_	_	_	EndOfSentence	_	_
-	O	O	O	O	O	O	_	_	NoSpaceAfter	_	_	_
-	O	O	O	O	O	O	_	_	_	_	_	_
_	O	O	O	O	O	O	_	_	_	_	_	_
w	O	O	O	O	O	O	_	_	_	_	_	_
_	O	O	O	O	O	O	_	_	EndOfLine|NoSpaceAfter	EndOfSentence	_	_

# language = fr
# newspaper = JDG
# date = 1885-11-01
# document_id = JDG-1885-11-01-a-i0021
# news-agency-as-source = _
# segment_iiif_link = https://impresso-project.ch/api/proxy/iiif/JDG-1885-11-01-a-p0002/1431,2351,68,37/full/0/default.jpg
EGYPTE	O	O	O	O	O	O	_	_	EndOfLine	_	_	_
# segment_iiif_link = https://impresso-project.ch/api/proxy/iiif/JDG-1885-11-01-a-p0002/1335,2383,248,36/full/0/default.jpg
Le	O	O	O	O	O	O	_	_	_	_	_	_
Times	O	O	O	O	O	O	_	_	_	_	_	_
publie	O	O	O	O	O	O	_	_	_	_	_	_
la	O	O	O	O	O	O	_	_	_	_	_	_
dépêche	O	O	O	O	O	O	_	_	_	_	_	_
suivante	O	O	O	O	O	O	_	_	_	_	_	_
:	O	O	O	O	O	O	_	_	EndOfLine	_	_	_
# segment_iiif_link = https://impresso-project.ch/api/proxy/iiif/JDG-1885-11-01-a-p0002/1456,2404,136,36/full/0/default.jpg
Assouan	O	O	O	O	O	O	_	_	NoSpaceAfter	_	_	_
,	O	O	O	O	O	O	_	_	_	_	_	_
30	O	O	O	O	O	O	_	_	_	_	_	_
octobre	O	O	O	O	O	O	_	_	NoSpaceAfter	_	_	_
.	O	O	O	O	O	O	_	_	EndOfLine	EndOfSentence	_	_
# segment_iiif_link = https://impresso-project.ch/api/proxy/iiif/JDG-1885-11-01-a-p0002/1335,2421,271,35/full/0/default.jpg
Des	O	O	O	O	O	O	_	_	_	_	_	_
forces	O	O	O	O	O	O	_	_	_	_	_	_
considérables	O	O	O	O	O	O	_	_	_	_	_	_
d	O	O	O	O	O	O	_	_	NoSpaceAfter	_	_	_
'	O	O	O	O	O	O	_	_	NoSpaceAfter	_	_	_
insurgés	O	O	O	O	O	O	_	_	_	_	_	_
sont	O	O	O	O	O	O	_	_	EndOfLine	_	_	_
# segment_iiif_link = https://impresso-project.ch/api/proxy/iiif/JDG-1885-11-01-a-p0002/1320,2437,286,35/full/0/default.jpg
parties	O	O	O	O	O	O	_	_	_	_	_	_
d	O	O	O	O	O	O	_	_	NoSpaceAfter	_	_	_
'	O	O	O	O	O	O	_	_	NoSpaceAfter	_	_	_
Omdurman	O	O	O	O	O	O	_	_	NoSpaceAfter	_	_	_
,	O	O	O	O	O	O	_	_	_	_	_	_
allant	O	O	O	O	O	O	_	_	_	_	_	_
à	O	O	O	O	O	O	_	_	_	_	_	_
Abou	O	O	O	O	O	O	_	_	NoSpaceAfter	_	_	_
-	O	O	O	O	O	O	_	_	NoSpaceAfter	_	_	_
hamed	O	O	O	O	O	O	_	_	NoSpaceAfter	_	_	_
.	O	O	O	O	O	O	_	_	EndOfLine	EndOfSentence	_	_
# segment_iiif_link = https://impresso-project.ch/api/proxy/iiif/JDG-1885-11-01-a-p0002/1334,2451,272,36/full/0/default.jpg
L	O	O	O	O	O	O	_	_	NoSpaceAfter	_	_	_
'	O	O	O	O	O	O	_	_	NoSpaceAfter	_	_	_
es	O	O	O	O	O	O	_	_	_	_	_	_
religieuses	O	O	O	O	O	O	_	_	_	_	_	_
arrivées	O	O	O	O	O	O	_	_	_	_	_	_
récemment	O	O	O	O	O	O	_	_	_	_	_	_
de	O	O	O	O	O	O	_	_	EndOfLine	_	_	_
# segment_iiif_link = https://impresso-project.ch/api/proxy/iiif/JDG-1885-11-01-a-p0002/1320,2466,286,36/full/0/default.jpg
Khartoum	O	O	O	O	O	O	_	_	_	_	_	_
disent	O	O	O	O	O	O	_	_	_	_	_	_
que	O	O	O	O	O	O	_	_	_	_	_	_
les	O	O	O	O	O	O	_	_	_	_	_	_
insurgés	O	O	O	O	O	O	_	_	_	_	_	_
ont	O	O	O	O	O	O	_	_	EndOfLine	_	_	_
# segment_iiif_link = https://impresso-project.ch/api/proxy/iiif/JDG-1885-11-01-a-p0002/1319,2480,288,36/full/0/default.jpg
certainement	O	O	O	O	O	O	_	_	_	_	_	_
le	O	O	O	O	O	O	_	_	_	_	_	_
projet	O	O	O	O	O	O	_	_	_	_	_	_
d	O	O	O	O	O	O	_	_	NoSpaceAfter	_	_	_
'	O	O	O	O	O	O	_	_	NoSpaceAfter	_	_	_
attaquer	O	O	O	O	O	O	_	_	_	_	_	_
la	O	O	O	O	O	O	_	_	EndOfLine	_	_	_
# segment_iiif_link = https://impresso-project.ch/api/proxy/iiif/JDG-1885-11-01-a-p0002/1319,2495,287,35/full/0/default.jpg
Basse	O	O	O	O	O	O	_	_	NoSpaceAfter	_	_	_
-	O	O	O	O	O	O	_	_	NoSpaceAfter	_	_	_
Egypte	O	O	O	O	O	O	_	_	_	_	_	_
;	O	O	O	O	O	O	_	_	NoSpaceAfter	_	_	_
*	O	O	O	O	O	O	_	_	_	_	_	_
îeifr	O	O	O	O	O	O	_	_	_	_	_	_
cri	O	O	O	O	O	O	_	_	_	_	_	_
est	O	O	O	O	O	O	_	_	_	_	_	_
maintenant	O	O	O	O	O	O	_	_	_	_	_	_
:	O	O	O	O	O	O	_	_	_	_	_	_
a	O	O	O	O	O	O	_	_	_	_	_	_
Au	O	O	O	O	O	O	_	_	EndOfLine	_	_	_
# segment_iiif_link = https://impresso-project.ch/api/proxy/iiif/JDG-1885-11-01-a-p0002/1318,2509,283,36/full/0/default.jpg
Caire	O	O	O	O	O	O	_	_	_	_	_	_
!	O	O	O	O	O	O	_	_	_	EndOfSentence	_	_
»	O	O	O	O	O	O	_	_	_	_	_	_
t	O	O	O	O	O	O	_	_	_	_	_	_
<	O	O	O	O	O	O	_	_	_	_	_	_
«	O	O	O	O	O	O	_	_	NoSpaceAfter	_	_	_
-	O	O	O	O	O	O	_	_	NoSpaceAfter	_	_	_
'	O	O	O	O	O	O	_	_	NoSpaceAfter	_	_	_
-	O	O	O	O	O	O	_	_	NoSpaceAfter	_	_	_
"	O	O	O	O	O	O	_	_	NoSpaceAfter	_	_	_
'	O	O	O	O	O	O	_	_	NoSpaceAfter	_	_	_
-	O	O	O	O	O	O	_	_	NoSpaceAfter	_	_	_
"	O	O	O	O	O	O	_	_	_	_	_	_
'	O	O	O	O	O	O	_	_	NoSpaceAfter	_	_	_
vv	O	O	O	O	O	O	_	_	_	_	_	_
<	O	O	O	O	O	O	_	_	NoSpaceAfter	_	_	_
\	O	O	O	O	O	O	_	_	_	_	_	_
j	O	O	O	O	O	O	_	_	_	_	_	_
r	O	O	O	O	O	O	_	_	_	_	_	_
^	O	O	O	O	O	O	_	_	_	_	_	_
i	O	O	O	O	O	O	_	_	NoSpaceAfter	_	_	_
-	O	O	O	O	O	O	_	_	NoSpaceAfter	_	_	_
ao	O	O	O	O	O	O	_	_	EndOfLine	_	_	_
# segment_iiif_link = https://impresso-project.ch/api/proxy/iiif/JDG-1885-11-01-a-p0002/1642,69,275,35/full/0/default.jpg
Sir	O	O	O	O	O	O	_	_	_	_	_	_
Henry	O	O	O	O	O	O	_	_	_	_	_	_
Drummond	O	O	O	O	O	O	_	_	_	_	_	_
Wolff	O	O	O	O	O	O	_	_	_	_	_	_
a	O	O	O	O	O	O	_	_	_	_	_	_
eu	O	O	O	O	O	O	_	_	EndOfLine	_	_	_
# segment_iiif_link = https://impresso-project.ch/api/proxy/iiif/JDG-1885-11-01-a-p0002/1627,84,288,36/full/0/default.jpg
vendredi	O	O	O	O	O	O	_	_	_	_	_	_
matin	O	O	O	O	O	O	_	_	NoSpaceAfter	_	_	_
,	O	O	O	O	O	O	_	_	_	_	_	_
avec	O	O	O	O	O	O	_	_	_	_	_	_
le	O	O	O	O	O	O	_	_	_	_	_	_
khédive	O	O	O	O	O	O	_	_	NoSpaceAfter	_	_	_
,	O	O	O	O	O	O	_	_	_	_	_	_
une	O	O	O	O	O	O	_	_	_	_	_	_
entrevue	O	O	O	O	O	O	_	_	_	_	_	_
qui	O	O	O	O	O	O	_	_	EndOfLine	_	_	_
# segment_iiif_link = https://impresso-project.ch/api/proxy/iiif/JDG-1885-11-01-a-p0002/1628,99,289,36/full/0/default.jpg
a	O	O	O	O	O	O	_	_	_	_	_	_
été	O	O	O	O	O	O	_	_	_	_	_	_
très	O	O	O	O	O	O	_	_	_	_	_	_
cordiale	O	O	O	O	O	O	_	_	NoSpaceAfter	_	_	_
.	O	O	O	O	O	O	_	_	_	EndOfSentence	_	_
Le	O	O	O	O	O	O	_	_	_	_	_	_
sujet	O	O	O	O	O	O	_	_	_	_	_	_
de	O	O	O	O	O	O	_	_	_	_	_	_
la	O	O	O	O	O	O	_	_	EndOfLine	_	_	_
# segment_iiif_link = https://impresso-project.ch/api/proxy/iiif/JDG-1885-11-01-a-p0002/1628,114,288,36/full/0/default.jpg
conversation	O	O	O	O	O	O	_	_	_	_	_	_
a	O	O	O	O	O	O	_	_	_	_	_	_
porté	O	O	O	O	O	O	_	_	_	_	_	_
sur	O	O	O	O	O	O	_	_	_	_	_	_
la	O	O	O	O	O	O	_	_	_	_	_	_
situation	O	O	O	O	O	O	_	_	_	_	_	_
de	O	O	O	O	O	O	_	_	_	_	_	_
la	O	O	O	O	O	O	_	_	_	_	_	_
politique	O	O	O	O	O	O	_	_	EndOfLine	_	_	_
# segment_iiif_link = https://impresso-project.ch/api/proxy/iiif/JDG-1885-11-01-a-p0002/1628,129,60,36/full/0/default.jpg
générale	O	O	O	O	O	O	_	_	NoSpaceAfter	_	_	_
.	O	O	O	O	O	O	_	_	EndOfLine	EndOfSentence	_	_
# segment_iiif_link = https://impresso-project.ch/api/proxy/iiif/JDG-1885-11-01-a-p0002/1642,145,274,36/full/0/default.jpg
La	O	O	O	O	O	O	_	_	_	_	_	_
date	O	O	O	O	O	O	_	_	_	_	_	_
de	O	O	O	O	O	O	_	_	_	_	_	_
réception	O	O	O	O	O	O	_	_	_	_	_	_
officielle	O	O	O	O	O	O	_	_	_	_	_	_
de	O	O	O	O	O	O	_	_	_	_	_	_
sir	O	O	O	O	O	O	_	_	_	_	_	_
D	O	O	O	O	O	O	_	_	NoSpaceAfter	_	_	_
.	O	O	O	O	O	O	_	_	EndOfLine	_	_	_
# segment_iiif_link = https://impresso-project.ch/api/proxy/iiif/JDG-1885-11-01-a-p0002/1628,160,288,36/full/0/default.jpg
Wolff	O	O	O	O	O	O	_	_	_	_	_	_
par	O	O	O	O	O	O	_	_	_	_	_	_
le	O	O	O	O	O	O	_	_	_	_	_	_
khédive	O	O	O	O	O	O	_	_	_	_	_	_
au	O	O	O	O	O	O	_	_	_	_	_	_
palais	O	O	O	O	O	O	_	_	_	_	_	_
d	O	O	O	O	O	O	_	_	NoSpaceAfter	_	_	_
'	O	O	O	O	O	O	_	_	NoSpaceAfter	_	_	_
Abdin	O	O	O	O	O	O	_	_	_	_	_	_
n	O	O	O	O	O	O	_	_	NoSpaceAfter	_	_	_
'	O	O	O	O	O	O	_	_	NoSpaceAfter	_	_	_
est	O	O	O	O	O	O	_	_	EndOfLine	_	_	_
# segment_iiif_link = https://impresso-project.ch/api/proxy/iiif/JDG-1885-11-01-a-p0002/1627,175,110,36/full/0/default.jpg
pas	O	O	O	O	O	O	_	_	_	_	_	_
encore	O	O	O	O	O	O	_	_	_	_	_	_
fixée	O	O	O	O	O	O	_	_	NoSpaceAfter	_	_	_
.	O	O	O	O	O	O	_	_	EndOfLine	EndOfSentence	_	_
# segment_iiif_link = https://impresso-project.ch/api/proxy/iiif/JDG-1885-11-01-a-p0002/1642,191,273,36/full/0/default.jpg
Le	O	O	O	O	O	O	_	_	_	_	_	_
ministère	O	O	O	O	O	O	_	_	_	_	_	_
égyptien	O	O	O	O	O	O	_	_	_	_	_	_
et	O	O	O	O	O	O	_	_	_	_	_	_
la	O	O	O	O	O	O	_	_	_	_	_	_
population	O	O	O	O	O	O	_	_	EndOfLine	_	_	_
# segment_iiif_link = https://impresso-project.ch/api/proxy/iiif/JDG-1885-11-01-a-p0002/1627,207,289,35/full/0/default.jpg
arabe	O	O	O	O	O	O	_	_	_	_	_	_
attendent	O	O	O	O	O	O	_	_	_	_	_	_
impatiemment	O	O	O	O	O	O	_	_	_	_	_	_
l	O	O	O	O	O	O	_	_	NoSpaceAfter	_	_	_
'	O	O	O	O	O	O	_	_	NoSpaceAfter	_	_	_
arrivée	O	O	O	O	O	O	_	_	_	_	_	_
du	O	O	O	O	O	O	_	_	EndOfLine	_	_	_
# segment_iiif_link = https://impresso-project.ch/api/proxy/iiif/JDG-1885-11-01-a-p0002/1628,222,288,36/full/0/default.jpg
commissaire	O	O	O	O	O	O	_	_	_	_	_	_
ottoman	O	O	O	O	O	O	_	_	NoSpaceAfter	_	_	_
.	O	O	O	O	O	O	_	_	_	EndOfSentence	_	_
Jusque	O	O	O	O	O	O	_	_	NoSpaceAfter	_	_	_
-	O	O	O	O	O	O	_	_	NoSpaceAfter	_	_	_
là	O	O	O	O	O	O	_	_	_	_	_	_
aucun	O	O	O	O	O	O	_	_	EndOfLine	_	_	_
# segment_iiif_link = https://impresso-project.ch/api/proxy/iiif/JDG-1885-11-01-a-p0002/1628,237,204,36/full/0/default.jpg
travail	O	O	O	O	O	O	_	_	_	_	_	_
sérieux	O	O	O	O	O	O	_	_	_	_	_	_
ne	O	O	O	O	O	O	_	_	_	_	_	_
sera	O	O	O	O	O	O	_	_	_	_	_	_
commencé	O	O	O	O	O	O	_	_	NoSpaceAfter	_	_	_
.	O	O	O	O	O	O	_	_	EndOfLine	EndOfSentence	_	_

# language = fr
# newspaper = JDG
# date = 1888-08-19
# document_id = JDG-1888-08-19-a-i0012
# news-agency-as-source = Q2826560
# segment_iiif_link = https://impresso-project.ch/api/proxy/iiif/JDG-1888-08-19-a-p0002/765,302,56,36/full/0/default.jpg
ITALIE	O	O	O	O	O	O	_	_	EndOfLine	_	_	_
# segment_iiif_link = https://impresso-project.ch/api/proxy/iiif/JDG-1888-08-19-a-p0002/684,327,234,35/full/0/default.jpg
Le	O	O	O	O	O	O	_	_	_	_	_	_
traité	O	O	O	O	O	O	_	_	_	_	_	_
de	O	O	O	O	O	O	_	_	_	_	_	_
commerce	O	O	O	O	O	O	_	_	_	_	_	_
franco	O	O	O	O	O	O	_	_	NoSpaceAfter	_	_	_
-	O	O	O	O	O	O	_	_	NoSpaceAfter	_	_	_
italien	O	O	O	O	O	O	_	_	NoSpaceAfter	_	_	_
.	O	O	O	O	O	O	_	_	EndOfLine	EndOfSentence	_	_
# segment_iiif_link = https://impresso-project.ch/api/proxy/iiif/JDG-1888-08-19-a-p0002/672,347,270,35/full/0/default.jpg
On	O	O	O	O	O	O	_	_	_	_	_	_
lit	O	O	O	O	O	O	_	_	_	_	_	_
aux	O	O	O	O	O	O	_	_	_	_	_	_
dernières	O	O	O	O	O	O	_	_	_	_	_	_
nouvelles	O	O	O	O	O	O	_	_	_	_	_	_
de	O	O	O	O	O	O	_	_	EndOfLine	_	_	_
# segment_iiif_link = https://impresso-project.ch/api/proxy/iiif/JDG-1888-08-19-a-p0002/657,362,27,36/full/0/default.jpg
YItalie	O	O	O	O	O	O	_	_	_	_	_	_
:	O	O	O	O	O	O	_	_	EndOfLine	_	_	_
# segment_iiif_link = https://impresso-project.ch/api/proxy/iiif/JDG-1888-08-19-a-p0002/672,377,272,36/full/0/default.jpg
D	O	O	O	O	O	O	_	_	NoSpaceAfter	_	_	_
'	O	O	O	O	O	O	_	_	NoSpaceAfter	_	_	_
après	O	O	O	O	O	O	_	_	_	_	_	_
une	O	O	O	O	O	O	_	_	_	_	_	_
dépêche	O	O	O	O	O	O	_	_	_	_	_	_
venue	O	O	O	O	O	O	_	_	_	_	_	_
hier	O	O	O	O	O	O	_	_	_	_	_	_
de	O	O	O	O	O	O	_	_	EndOfLine	_	_	_
# segment_iiif_link = https://impresso-project.ch/api/proxy/iiif/JDG-1888-08-19-a-p0002/656,392,288,36/full/0/default.jpg
Paris	O	O	O	O	O	O	_	_	NoSpaceAfter	_	_	_
,	O	O	O	O	O	O	_	_	_	_	_	_
c	O	O	O	O	O	O	_	_	NoSpaceAfter	_	_	_
'	O	O	O	O	O	O	_	_	NoSpaceAfter	_	_	_
est	O	O	O	O	O	O	_	_	_	_	_	_
aujourd	O	O	O	O	O	O	_	_	NoSpaceAfter	_	_	_
'	O	O	O	O	O	O	_	_	NoSpaceAfter	_	_	_
hui	O	O	O	O	O	O	_	_	_	_	_	_
qu	O	O	O	O	O	O	_	_	NoSpaceAfter	_	_	_
'	O	O	O	O	O	O	_	_	NoSpaceAfter	_	_	_
a	O	O	O	O	O	O	_	_	_	_	_	_
dû	O	O	O	O	O	O	_	_	_	_	_	_
arriver	O	O	O	O	O	O	_	_	_	_	_	_
à	O	O	O	O	O	O	_	_	EndOfLine	_	_	_
# segment_iiif_link = https://impresso-project.ch/api/proxy/iiif/JDG-1888-08-19-a-p0002/656,407,288,36/full/0/default.jpg
l	O	O	O	O	O	O	_	_	NoSpaceAfter	_	_	_
'	O	O	O	O	O	O	_	_	NoSpaceAfter	_	_	_
ambassade	O	O	O	O	O	O	_	_	_	_	_	_
française	O	O	O	O	O	O	_	_	_	_	_	_
à	O	O	O	O	O	O	_	_	_	_	_	_
Rome	O	O	O	O	O	O	_	_	_	_	_	_
la	O	O	O	O	O	O	_	_	_	_	_	_
réponse	O	O	O	O	O	O	_	_	EndOfLine	_	_	_
# segment_iiif_link = https://impresso-project.ch/api/proxy/iiif/JDG-1888-08-19-a-p0002/657,423,287,35/full/0/default.jpg
du	O	O	O	O	O	O	_	_	_	_	_	_
gouvernement	O	O	O	O	O	O	_	_	_	_	_	_
de	O	O	O	O	O	O	_	_	_	_	_	_
la	O	O	O	O	O	O	_	_	_	_	_	_
République	O	O	O	O	O	O	_	_	_	_	_	_
aux	O	O	O	O	O	O	_	_	EndOfLine	_	_	_
# segment_iiif_link = https://impresso-project.ch/api/proxy/iiif/JDG-1888-08-19-a-p0002/658,438,287,36/full/0/default.jpg
nières	O	O	O	O	O	O	_	_	_	_	_	_
propositions	O	O	O	O	O	O	_	_	_	_	_	_
faites	O	O	O	O	O	O	_	_	_	_	_	_
par	O	O	O	O	O	O	_	_	_	_	_	_
le	O	O	O	O	O	O	_	_	EndOfLine	_	_	_
# segment_iiif_link = https://impresso-project.ch/api/proxy/iiif/JDG-1888-08-19-a-p0002/657,453,287,36/full/0/default.jpg
gouvernement	O	O	O	O	O	O	_	_	_	_	_	_
italien	O	O	O	O	O	O	_	_	_	_	_	_
relatives	O	O	O	O	O	O	_	_	_	_	_	_
au	O	O	O	O	O	O	_	_	_	_	_	_
nouveau	O	O	O	O	O	O	_	_	_	_	_	_
traité	O	O	O	O	O	O	_	_	_	_	_	_
de	O	O	O	O	O	O	_	_	EndOfLine	_	_	_
# segment_iiif_link = https://impresso-project.ch/api/proxy/iiif/JDG-1888-08-19-a-p0002/657,468,71,36/full/0/default.jpg
commerce	O	O	O	O	O	O	_	_	NoSpaceAfter	_	_	_
.	O	O	O	O	O	O	_	_	EndOfLine	EndOfSentence	_	_
# segment_iiif_link = https://impresso-project.ch/api/proxy/iiif/JDG-1888-08-19-a-p0002/672,485,273,35/full/0/default.jpg
La	O	O	O	O	O	O	_	_	_	_	_	_
France	O	O	O	O	O	O	_	_	NoSpaceAfter	_	_	_
,	O	O	O	O	O	O	_	_	_	_	_	_
d	O	O	O	O	O	O	_	_	NoSpaceAfter	_	_	_
'	O	O	O	O	O	O	_	_	NoSpaceAfter	_	_	_
après	O	O	O	O	O	O	_	_	_	_	_	_
cette	O	O	O	O	O	O	_	_	_	_	_	_
dépêche	O	O	O	O	O	O	_	_	NoSpaceAfter	_	_	_
,	O	O	O	O	O	O	_	_	_	_	_	_
se	O	O	O	O	O	O	_	_	EndOfLine	_	_	_
# segment_iiif_link = https://impresso-project.ch/api/proxy/iiif/JDG-1888-08-19-a-p0002/658,500,287,36/full/0/default.jpg
bornerait	O	O	O	O	O	O	_	_	_	_	_	_
à	O	O	O	O	O	O	_	_	_	_	_	_
demander	O	O	O	O	O	O	_	_	_	_	_	_
le	O	O	O	O	O	O	_	_	_	_	_	_
retour	O	O	O	O	O	O	_	_	_	_	_	_
pur	O	O	O	O	O	O	_	_	_	_	_	_
et	O	O	O	O	O	O	_	_	_	_	_	_
simple	O	O	O	O	O	O	_	_	EndOfLine	_	_	_
# segment_iiif_link = https://impresso-project.ch/api/proxy/iiif/JDG-1888-08-19-a-p0002/658,515,118,36/full/0/default.jpg
au	O	O	O	O	O	O	_	_	_	_	_	_
traité	O	O	O	O	O	O	_	_	_	_	_	_
de	O	O	O	O	O	O	_	_	_	_	_	_
1881	O	O	O	O	O	O	_	_	NoSpaceAfter	_	_	_
.	O	O	O	O	O	O	_	_	EndOfLine	EndOfSentence	_	_
# segment_iiif_link = https://impresso-project.ch/api/proxy/iiif/JDG-1888-08-19-a-p0002/672,531,273,35/full/0/default.jpg
Une	O	O	O	O	O	O	_	_	_	_	_	_
réponse	O	O	O	O	O	O	_	_	_	_	_	_
semblable	O	O	O	O	O	O	_	_	_	_	_	_
faite	O	O	O	O	O	O	_	_	_	_	_	_
à	O	O	O	O	O	O	_	_	_	_	_	_
l	O	O	O	O	O	O	_	_	NoSpaceAfter	_	_	_
'	O	O	O	O	O	O	_	_	NoSpaceAfter	_	_	_
Italie	O	O	O	O	O	O	_	_	EndOfLine	_	_	_
# segment_iiif_link = https://impresso-project.ch/api/proxy/iiif/JDG-1888-08-19-a-p0002/658,546,287,36/full/0/default.jpg
équivaut	O	O	O	O	O	O	_	_	_	_	_	_
à	O	O	O	O	O	O	_	_	_	_	_	_
un	O	O	O	O	O	O	_	_	_	_	_	_
refus	O	O	O	O	O	O	_	_	_	_	_	_
de	O	O	O	O	O	O	_	_	_	_	_	_
continuer	O	O	O	O	O	O	_	_	_	_	_	_
les	O	O	O	O	O	O	_	_	EndOfLine	_	_	_
# segment_iiif_link = https://impresso-project.ch/api/proxy/iiif/JDG-1888-08-19-a-p0002/658,561,55,36/full/0/default.jpg
négociations	O	O	O	O	O	O	_	_	NoSpaceAfter	_	_	_
.	O	O	O	O	O	O	_	_	EndOfLine	EndOfSentence	_	_
# segment_iiif_link = https://impresso-project.ch/api/proxy/iiif/JDG-1888-08-19-a-p0002/673,577,273,36/full/0/default.jpg
On	O	O	O	O	O	O	_	_	_	_	_	_
ne	O	O	O	O	O	O	_	_	_	_	_	_
peut	O	O	O	O	O	O	_	_	NoSpaceAfter	_	_	_
,	O	O	O	O	O	O	_	_	_	_	_	_
en	O	O	O	O	O	O	_	_	_	_	_	_
effet	O	O	O	O	O	O	_	_	NoSpaceAfter	_	_	_
,	O	O	O	O	O	O	_	_	_	_	_	_
supposer	O	O	O	O	O	O	_	_	_	_	_	_
que	O	O	O	O	O	O	_	_	_	_	_	_
notre	O	O	O	O	O	O	_	_	EndOfLine	_	_	_
# segment_iiif_link = https://impresso-project.ch/api/proxy/iiif/JDG-1888-08-19-a-p0002/658,592,288,36/full/0/default.jpg
gouvernement	O	O	O	O	O	O	_	_	_	_	_	_
accepte	O	O	O	O	O	O	_	_	NoSpaceAfter	_	_	_
,	O	O	O	O	O	O	_	_	_	_	_	_
après	O	O	O	O	O	O	_	_	_	_	_	_
une	O	O	O	O	O	O	_	_	_	_	_	_
année	O	O	O	O	O	O	_	_	_	_	_	_
de	O	O	O	O	O	O	_	_	EndOfLine	_	_	_
# segment_iiif_link = https://impresso-project.ch/api/proxy/iiif/JDG-1888-08-19-a-p0002/658,607,287,36/full/0/default.jpg
tiraillements	O	O	O	O	O	O	_	_	NoSpaceAfter	_	_	_
,	O	O	O	O	O	O	_	_	_	_	_	_
de	O	O	O	O	O	O	_	_	_	_	_	_
retourner	O	O	O	O	O	O	_	_	_	_	_	_
à	O	O	O	O	O	O	_	_	_	_	_	_
ce	O	O	O	O	O	O	_	_	_	_	_	_
traité	O	O	O	O	O	O	_	_	_	_	_	_
qu	O	O	O	O	O	O	_	_	NoSpaceAfter	_	_	_
'	O	O	O	O	O	O	_	_	NoSpaceAfter	_	_	_
il	O	O	O	O	O	O	_	_	EndOfLine	_	_	_
# segment_iiif_link = https://impresso-project.ch/api/proxy/iiif/JDG-1888-08-19-a-p0002/658,623,288,35/full/0/default.jpg
a	O	O	O	O	O	O	_	_	_	_	_	_
dénoncé	O	O	O	O	O	O	_	_	_	_	_	_
le	O	O	O	O	O	O	_	_	_	_	_	_
premier	O	O	O	O	O	O	_	_	_	_	_	_
parce	O	O	O	O	O	O	_	_	_	_	_	_
qu	O	O	O	O	O	O	_	_	NoSpaceAfter	_	_	_
'	O	O	O	O	O	O	_	_	NoSpaceAfter	_	_	_
il	O	O	O	O	O	O	_	_	_	_	_	_
le	O	O	O	O	O	O	_	_	EndOfLine	_	_	_
# segment_iiif_link = https://impresso-project.ch/api/proxy/iiif/JDG-1888-08-19-a-p0002/658,638,288,36/full/0/default.jpg
dérait	O	O	O	O	O	O	_	_	_	_	_	_
comme	O	O	O	O	O	O	_	_	_	_	_	_
nuisible	O	O	O	O	O	O	_	_	_	_	_	_
aux	O	O	O	O	O	O	_	_	_	_	_	_
intérêts	O	O	O	O	O	O	_	_	EndOfLine	_	_	_
# segment_iiif_link = https://impresso-project.ch/api/proxy/iiif/JDG-1888-08-19-a-p0002/658,653,206,36/full/0/default.jpg
industriels	O	O	O	O	O	O	_	_	_	_	_	_
et	O	O	O	O	O	O	_	_	_	_	_	_
commerciaux	O	O	O	O	O	O	_	_	_	_	_	_
du	O	O	O	O	O	O	_	_	_	_	_	_
pays	O	O	O	O	O	O	_	_	NoSpaceAfter	_	_	_
.	O	O	O	O	O	O	_	_	EndOfLine	EndOfSentence	_	_
# segment_iiif_link = https://impresso-project.ch/api/proxy/iiif/JDG-1888-08-19-a-p0002/674,694,272,36/full/0/default.jpg
On	O	O	O	O	O	O	_	_	_	_	_	_
télégraphie	I-org	O	I-org.ent.pressagency.ATS-SDA	O	O	O	_	_	_	_	_	_
de	O	O	O	O	O	O	_	_	_	_	_	_
Rome	O	O	O	O	O	O	_	_	_	_	_	_
à	O	O	O	O	O	O	_	_	_	_	_	_
l	O	O	O	O	O	O	_	_	NoSpaceAfter	_	_	_
'	O	O	O	O	O	O	_	_	NoSpaceAfter	_	_	_
Agence	B-org	O	B-org.ent.pressagency.Havas	O	O	O	_	_	EndOfLine	_	LED0.00	_
# segment_iiif_link = https://impresso-project.ch/api/proxy/iiif/JDG-1888-08-19-a-p0002/658,709,28,36/full/0/default.jpg
Bavas	O	O	O	O	O	O	_	_	_	_	LED0.00	_
:	O	O	O	O	O	O	_	_	EndOfLine	_	_	_
# segment_iiif_link = https://impresso-project.ch/api/proxy/iiif/JDG-1888-08-19-a-p0002/673,725,274,35/full/0/default.jpg
Dans	O	O	O	O	O	O	_	_	_	_	_	_
sa	O	O	O	O	O	O	_	_	_	_	_	_
réponse	O	O	O	O	O	O	_	_	_	_	_	_
à	O	O	O	O	O	O	_	_	_	_	_	_
la	O	O	O	O	O	O	_	_	_	_	_	_
note	O	O	O	O	O	O	_	_	_	_	_	_
de	O	O	O	O	O	O	_	_	_	_	_	_
M	O	O	O	O	O	O	_	_	NoSpaceAfter	_	_	_
.	O	O	O	O	O	O	_	_	_	_	_	_
Crispi	O	O	O	O	O	O	_	_	EndOfLine	_	_	_
# segment_iiif_link = https://impresso-project.ch/api/proxy/iiif/JDG-1888-08-19-a-p0002/659,740,288,36/full/0/default.jpg
sur	O	O	O	O	O	O	_	_	_	_	_	_
l	O	O	O	O	O	O	_	_	NoSpaceAfter	_	_	_
'	O	O	O	O	O	O	_	_	NoSpaceAfter	_	_	_
incident	O	O	O	O	O	O	_	_	_	_	_	_
de	O	O	O	O	O	O	_	_	_	_	_	_
Zoulah	O	O	O	O	O	O	_	_	NoSpaceAfter	_	_	_
,	O	O	O	O	O	O	_	_	_	_	_	_
la	O	O	O	O	O	O	_	_	_	_	_	_
Russie	O	O	O	O	O	O	_	_	EndOfLine	_	_	_
# segment_iiif_link = https://impresso-project.ch/api/proxy/iiif/JDG-1888-08-19-a-p0002/659,755,288,36/full/0/default.jpg
subordonne	O	O	O	O	O	O	_	_	_	_	_	_
la	O	O	O	O	O	O	_	_	_	_	_	_
question	O	O	O	O	O	O	_	_	_	_	_	_
des	O	O	O	O	O	O	_	_	_	_	_	_
capitulations	O	O	O	O	O	O	_	_	_	_	_	_
à	O	O	O	O	O	O	_	_	_	_	_	_
celle	O	O	O	O	O	O	_	_	EndOfLine	_	_	_
# segment_iiif_link = https://impresso-project.ch/api/proxy/iiif/JDG-1888-08-19-a-p0002/660,770,287,36/full/0/default.jpg
de	O	O	O	O	O	O	_	_	_	_	_	_
souveraineté	O	O	O	O	O	O	_	_	_	_	_	_
et	O	O	O	O	O	O	_	_	_	_	_	_
la	O	O	O	O	O	O	_	_	_	_	_	_
question	O	O	O	O	O	O	_	_	_	_	_	_
même	O	O	O	O	O	O	_	_	_	_	_	_
de	O	O	O	O	O	O	_	_	EndOfLine	_	_	_
# segment_iiif_link = https://impresso-project.ch/api/proxy/iiif/JDG-1888-08-19-a-p0002/659,785,288,36/full/0/default.jpg
veraineté	O	O	O	O	O	O	_	_	_	_	_	_
à	O	O	O	O	O	O	_	_	_	_	_	_
la	O	O	O	O	O	O	_	_	_	_	_	_
réponse	O	O	O	O	O	O	_	_	_	_	_	_
et	O	O	O	O	O	O	_	_	_	_	_	_
à	O	O	O	O	O	O	_	_	_	_	_	_
la	O	O	O	O	O	O	_	_	_	_	_	_
conclusion	O	O	O	O	O	O	_	_	_	_	_	_
de	O	O	O	O	O	O	_	_	EndOfLine	_	_	_
# segment_iiif_link = https://impresso-project.ch/api/proxy/iiif/JDG-1888-08-19-a-p0002/660,801,58,35/full/0/default.jpg
la	O	O	O	O	O	O	_	_	_	_	_	_
Porte	O	O	O	O	O	O	_	_	NoSpaceAfter	_	_	_
.	O	O	O	O	O	O	_	_	EndOfLine	EndOfSentence	_	_
# segment_iiif_link = https://impresso-project.ch/api/proxy/iiif/JDG-1888-08-19-a-p0002/674,817,274,36/full/0/default.jpg
Si	O	O	O	O	O	O	_	_	_	_	_	_
la	O	O	O	O	O	O	_	_	_	_	_	_
Porte	O	O	O	O	O	O	_	_	_	_	_	_
reconnaît	O	O	O	O	O	O	_	_	_	_	_	_
la	O	O	O	O	O	O	_	_	_	_	_	_
validité	O	O	O	O	O	O	_	_	_	_	_	_
de	O	O	O	O	O	O	_	_	_	_	_	_
la	O	O	O	O	O	O	_	_	EndOfLine	_	_	_
# segment_iiif_link = https://impresso-project.ch/api/proxy/iiif/JDG-1888-08-19-a-p0002/660,832,286,36/full/0/default.jpg
prétention	O	O	O	O	O	O	_	_	_	_	_	_
de	O	O	O	O	O	O	_	_	_	_	_	_
l	O	O	O	O	O	O	_	_	NoSpaceAfter	_	_	_
'	O	O	O	O	O	O	_	_	NoSpaceAfter	_	_	_
Italie	O	O	O	O	O	O	_	_	NoSpaceAfter	_	_	_
,	O	O	O	O	O	O	_	_	_	_	_	_
la	O	O	O	O	O	O	_	_	_	_	_	_
Russie	O	O	O	O	O	O	_	_	_	_	_	_
la	O	O	O	O	O	O	_	_	_	_	_	_
reconnaît	O	O	O	O	O	O	_	_	EndOfLine	_	_	_
# segment_iiif_link = https://impresso-project.ch/api/proxy/iiif/JDG-1888-08-19-a-p0002/660,847,287,36/full/0/default.jpg
également	O	O	O	O	O	O	_	_	_	_	_	_
;	O	O	O	O	O	O	_	_	_	_	_	_
mais	O	O	O	O	O	O	_	_	_	_	_	_
si	O	O	O	O	O	O	_	_	NoSpaceAfter	_	_	_
,	O	O	O	O	O	O	_	_	_	_	_	_
comme	O	O	O	O	O	O	_	_	_	_	_	_
on	O	O	O	O	O	O	_	_	_	_	_	_
le	O	O	O	O	O	O	_	_	_	_	_	_
sait	O	O	O	O	O	O	_	_	EndOfLine	_	_	_
# segment_iiif_link = https://impresso-project.ch/api/proxy/iiif/JDG-1888-08-19-a-p0002/660,863,287,35/full/0/default.jpg
d	O	O	O	O	O	O	_	_	NoSpaceAfter	_	_	_
'	O	O	O	O	O	O	_	_	NoSpaceAfter	_	_	_
ailleurs	O	O	O	O	O	O	_	_	NoSpaceAfter	_	_	_
,	O	O	O	O	O	O	_	_	_	_	_	_
la	O	O	O	O	O	O	_	_	_	_	_	_
Porte	O	O	O	O	O	O	_	_	_	_	_	_
proteste	O	O	O	O	O	O	_	_	NoSpaceAfter	_	_	_
,	O	O	O	O	O	O	_	_	_	_	_	_
la	O	O	O	O	O	O	_	_	_	_	_	_
Russie	O	O	O	O	O	O	_	_	_	_	_	_
appuie	O	O	O	O	O	O	_	_	EndOfLine	_	_	_
# segment_iiif_link = https://impresso-project.ch/api/proxy/iiif/JDG-1888-08-19-a-p0002/660,878,287,36/full/0/default.jpg
sa	O	O	O	O	O	O	_	_	_	_	_	_
protestation	O	O	O	O	O	O	_	_	NoSpaceAfter	_	_	_
.	O	O	O	O	O	O	_	_	_	EndOfSentence	_	_
Il	O	O	O	O	O	O	_	_	_	_	_	_
est	O	O	O	O	O	O	_	_	_	_	_	_
à	O	O	O	O	O	O	_	_	_	_	_	_
remarquer	O	O	O	O	O	O	_	_	_	_	_	_
que	O	O	O	O	O	O	_	_	NoSpaceAfter	_	_	_
,	O	O	O	O	O	O	_	_	EndOfLine	_	_	_
# segment_iiif_link = https://impresso-project.ch/api/proxy/iiif/JDG-1888-08-19-a-p0002/660,893,288,36/full/0/default.jpg
dans	O	O	O	O	O	O	_	_	_	_	_	_
cette	O	O	O	O	O	O	_	_	_	_	_	_
réponse	O	O	O	O	O	O	_	_	NoSpaceAfter	_	_	_
,	O	O	O	O	O	O	_	_	_	_	_	_
la	O	O	O	O	O	O	_	_	_	_	_	_
Russie	O	O	O	O	O	O	_	_	_	_	_	_
se	O	O	O	O	O	O	_	_	_	_	_	_
rencontre	O	O	O	O	O	O	_	_	EndOfLine	_	_	_
# segment_iiif_link = https://impresso-project.ch/api/proxy/iiif/JDG-1888-08-19-a-p0002/660,908,287,36/full/0/default.jpg
avec	O	O	O	O	O	O	_	_	_	_	_	_
la	O	O	O	O	O	O	_	_	_	_	_	_
Porte	O	O	O	O	O	O	_	_	_	_	_	_
pour	O	O	O	O	O	O	_	_	_	_	_	_
rectifier	O	O	O	O	O	O	_	_	_	_	_	_
le	O	O	O	O	O	O	_	_	_	_	_	_
raisonnement	O	O	O	O	O	O	_	_	EndOfLine	_	_	_
# segment_iiif_link = https://impresso-project.ch/api/proxy/iiif/JDG-1888-08-19-a-p0002/660,923,287,36/full/0/default.jpg
de	O	O	O	O	O	O	_	_	_	_	_	_
M	O	O	O	O	O	O	_	_	NoSpaceAfter	_	_	_
.	O	O	O	O	O	O	_	_	_	_	_	_
Crispi	O	O	O	O	O	O	_	_	_	_	_	_
sur	O	O	O	O	O	O	_	_	_	_	_	_
l	O	O	O	O	O	O	_	_	NoSpaceAfter	_	_	_
'	O	O	O	O	O	O	_	_	NoSpaceAfter	_	_	_
appréciation	O	O	O	O	O	O	_	_	_	_	_	_
de	O	O	O	O	O	O	_	_	_	_	_	_
l	O	O	O	O	O	O	_	_	NoSpaceAfter	_	_	_
'	O	O	O	O	O	O	_	_	NoSpaceAfter	_	_	_
article	O	O	O	O	O	O	_	_	EndOfLine	_	_	_
# segment_iiif_link = https://impresso-project.ch/api/proxy/iiif/JDG-1888-08-19-a-p0002/662,939,285,35/full/0/default.jpg
10	O	O	O	O	O	O	_	_	_	_	_	_
de	O	O	O	O	O	O	_	_	_	_	_	_
la	O	O	O	O	O	O	_	_	_	_	_	_
convention	O	O	O	O	O	O	_	_	_	_	_	_
de	O	O	O	O	O	O	_	_	_	_	_	_
Suez	O	O	O	O	O	O	_	_	NoSpaceAfter	_	_	_
.	O	O	O	O	O	O	_	_	_	EndOfSentence	_	_
Comme	O	O	O	O	O	O	_	_	_	_	_	_
la	O	O	O	O	O	O	_	_	EndOfLine	_	_	_
# segment_iiif_link = https://impresso-project.ch/api/proxy/iiif/JDG-1888-08-19-a-p0002/660,954,288,36/full/0/default.jpg
Porte	O	O	O	O	O	O	_	_	NoSpaceAfter	_	_	_
,	O	O	O	O	O	O	_	_	_	_	_	_
la	O	O	O	O	O	O	_	_	_	_	_	_
Russie	O	O	O	O	O	O	_	_	_	_	_	_
fait	O	O	O	O	O	O	_	_	_	_	_	_
observer	O	O	O	O	O	O	_	_	_	_	_	_
que	O	O	O	O	O	O	_	_	NoSpaceAfter	_	_	_
,	O	O	O	O	O	O	_	_	_	_	_	_
la	O	O	O	O	O	O	_	_	_	_	_	_
côte	O	O	O	O	O	O	_	_	EndOfLine	_	_	_
# segment_iiif_link = https://impresso-project.ch/api/proxy/iiif/JDG-1888-08-19-a-p0002/661,969,287,36/full/0/default.jpg
occidentale	O	O	O	O	O	O	_	_	_	_	_	_
de	O	O	O	O	O	O	_	_	_	_	_	_
la	O	O	O	O	O	O	_	_	_	_	_	_
mer	O	O	O	O	O	O	_	_	_	_	_	_
Rouge	O	O	O	O	O	O	_	_	_	_	_	_
faisant	O	O	O	O	O	O	_	_	_	_	_	_
partie	O	O	O	O	O	O	_	_	EndOfLine	_	_	_
# segment_iiif_link = https://impresso-project.ch/api/proxy/iiif/JDG-1888-08-19-a-p0002/661,984,287,36/full/0/default.jpg
du	O	O	O	O	O	O	_	_	_	_	_	_
territoire	O	O	O	O	O	O	_	_	_	_	_	_
égyptien	O	O	O	O	O	O	_	_	_	_	_	_
sous	O	O	O	O	O	O	_	_	_	_	_	_
la	O	O	O	O	O	O	_	_	_	_	_	_
vassalité	O	O	O	O	O	O	_	_	_	_	_	_
de	O	O	O	O	O	O	_	_	EndOfLine	_	_	_
# segment_iiif_link = https://impresso-project.ch/api/proxy/iiif/JDG-1888-08-19-a-p0002/660,999,287,36/full/0/default.jpg
la	O	O	O	O	O	O	_	_	_	_	_	_
Porte	O	O	O	O	O	O	_	_	NoSpaceAfter	_	_	_
,	O	O	O	O	O	O	_	_	_	_	_	_
l	O	O	O	O	O	O	_	_	NoSpaceAfter	_	_	_
'	O	O	O	O	O	O	_	_	NoSpaceAfter	_	_	_
article	O	O	O	O	O	O	_	_	_	_	_	_
de	O	O	O	O	O	O	_	_	_	_	_	_
la	O	O	O	O	O	O	_	_	_	_	_	_
convention	O	O	O	O	O	O	_	_	_	_	_	_
de	O	O	O	O	O	O	_	_	_	_	_	_
Suez	O	O	O	O	O	O	_	_	NoSpaceAfter	_	_	_
,	O	O	O	O	O	O	_	_	EndOfLine	_	_	_
# segment_iiif_link = https://impresso-project.ch/api/proxy/iiif/JDG-1888-08-19-a-p0002/661,1015,288,35/full/0/default.jpg
qui	O	O	O	O	O	O	_	_	_	_	_	_
vise	O	O	O	O	O	O	_	_	_	_	_	_
la	O	O	O	O	O	O	_	_	_	_	_	_
souveraineté	O	O	O	O	O	O	_	_	_	_	_	_
directe	O	O	O	O	O	O	_	_	NoSpaceAfter	_	_	_
,	O	O	O	O	O	O	_	_	_	_	_	_
ne	O	O	O	O	O	O	_	_	_	_	_	_
peut	O	O	O	O	O	O	_	_	_	_	_	_
être	O	O	O	O	O	O	_	_	EndOfLine	_	_	_
# segment_iiif_link = https://impresso-project.ch/api/proxy/iiif/JDG-1888-08-19-a-p0002/661,1030,288,36/full/0/default.jpg
appliqué	O	O	O	O	O	O	_	_	_	_	_	_
dans	O	O	O	O	O	O	_	_	_	_	_	_
un	O	O	O	O	O	O	_	_	_	_	_	_
cas	O	O	O	O	O	O	_	_	_	_	_	_
de	O	O	O	O	O	O	_	_	_	_	_	_
souveraineté	O	O	O	O	O	O	_	_	EndOfLine	_	_	_
# segment_iiif_link = https://impresso-project.ch/api/proxy/iiif/JDG-1888-08-19-a-p0002/661,1045,38,36/full/0/default.jpg
indirecte	O	O	O	O	O	O	_	_	NoSpaceAfter	_	_	_
.	O	O	O	O	O	O	_	_	EndOfLine	EndOfSentence	_	_
# segment_iiif_link = https://impresso-project.ch/api/proxy/iiif/JDG-1888-08-19-a-p0002/675,1083,273,36/full/0/default.jpg
D	O	O	O	O	O	O	_	_	NoSpaceAfter	_	_	_
'	O	O	O	O	O	O	_	_	NoSpaceAfter	_	_	_
après	O	O	O	O	O	O	_	_	_	_	_	_
les	O	O	O	O	O	O	_	_	_	_	_	_
bruits	O	O	O	O	O	O	_	_	_	_	_	_
qui	O	O	O	O	O	O	_	_	_	_	_	_
circulent	O	O	O	O	O	O	_	_	_	_	_	_
dans	O	O	O	O	O	O	_	_	_	_	_	_
les	O	O	O	O	O	O	_	_	EndOfLine	_	_	_
# segment_iiif_link = https://impresso-project.ch/api/proxy/iiif/JDG-1888-08-19-a-p0002/661,1098,287,36/full/0/default.jpg
cercles	O	O	O	O	O	O	_	_	_	_	_	_
militaires	O	O	O	O	O	O	_	_	_	_	_	_
et	O	O	O	O	O	O	_	_	_	_	_	_
politiques	O	O	O	O	O	O	_	_	_	_	_	_
de	O	O	O	O	O	O	_	_	_	_	_	_
Rome	O	O	O	O	O	O	_	_	NoSpaceAfter	_	_	_
,	O	O	O	O	O	O	_	_	_	_	_	_
le	O	O	O	O	O	O	_	_	EndOfLine	_	_	_
# segment_iiif_link = https://impresso-project.ch/api/proxy/iiif/JDG-1888-08-19-a-p0002/662,1113,287,36/full/0/default.jpg
général	O	O	O	O	O	O	_	_	_	_	_	_
Baldissera	O	O	O	O	O	O	_	_	_	_	_	_
serait	O	O	O	O	O	O	_	_	_	_	_	_
déchargé	O	O	O	O	O	O	_	_	_	_	_	_
du	O	O	O	O	O	O	_	_	EndOfLine	_	_	_
# segment_iiif_link = https://impresso-project.ch/api/proxy/iiif/JDG-1888-08-19-a-p0002/661,1129,286,35/full/0/default.jpg
commandement	O	O	O	O	O	O	_	_	_	_	_	_
en	O	O	O	O	O	O	_	_	_	_	_	_
chef	O	O	O	O	O	O	_	_	_	_	_	_
des	O	O	O	O	O	O	_	_	_	_	_	_
troupes	O	O	O	O	O	O	_	_	_	_	_	_
italiennes	O	O	O	O	O	O	_	_	EndOfLine	_	_	_
# segment_iiif_link = https://impresso-project.ch/api/proxy/iiif/JDG-1888-08-19-a-p0002/661,1144,286,36/full/0/default.jpg
en	O	O	O	O	O	O	_	_	_	_	_	_
Afrique	O	O	O	O	O	O	_	_	NoSpaceAfter	_	_	_
.	O	O	O	O	O	O	_	_	_	EndOfSentence	_	_
On	O	O	O	O	O	O	_	_	_	_	_	_
ignore	O	O	O	O	O	O	_	_	_	_	_	_
encore	O	O	O	O	O	O	_	_	_	_	_	_
quel	O	O	O	O	O	O	_	_	_	_	_	_
sera	O	O	O	O	O	O	_	_	_	_	_	_
son	O	O	O	O	O	O	_	_	EndOfLine	_	_	_
# segment_iiif_link = https://impresso-project.ch/api/proxy/iiif/JDG-1888-08-19-a-p0002/661,1159,72,36/full/0/default.jpg
successeur	O	O	O	O	O	O	_	_	NoSpaceAfter	_	_	_
.	O	O	O	O	O	O	_	_	EndOfLine	EndOfSentence	_	_

# language = fr
# newspaper = JDG
# date = 1895-02-12
# document_id = JDG-1895-02-12-a-i0037
# news-agency-as-source = Q130879
# segment_iiif_link = https://impresso-project.ch/api/proxy/iiif/JDG-1895-02-12-a-p0003/392,335,148,55/full/0/default.jpg
Turquie	O	O	O	O	O	O	_	_	EndOfLine	_	_	_
# segment_iiif_link = https://impresso-project.ch/api/proxy/iiif/JDG-1895-02-12-a-p0003/150,385,680,55/full/0/default.jpg
—	O	O	O	O	O	O	_	_	_	_	_	_
L	O	O	O	O	O	O	_	_	NoSpaceAfter	_	_	_
'	O	O	O	O	O	O	_	_	NoSpaceAfter	_	_	_
agence	O	O	O	O	O	O	_	_	_	_	_	_
Reuter	B-org	O	B-org.ent.pressagency.Reuters	O	O	O	Q130879	_	_	_	LED0.00	_
a	O	O	O	O	O	O	_	_	_	_	_	_
communiqué	O	O	O	O	O	O	_	_	_	_	_	_
aux	O	O	O	O	O	O	_	_	EndOfLine	_	_	_
# segment_iiif_link = https://impresso-project.ch/api/proxy/iiif/JDG-1895-02-12-a-p0003/110,422,720,58/full/0/default.jpg
journaux	O	O	O	O	O	O	_	_	_	_	_	_
de	O	O	O	O	O	O	_	_	_	_	_	_
Londres	O	O	O	O	O	O	_	_	_	_	_	_
l	O	O	O	O	O	O	_	_	NoSpaceAfter	_	_	_
'	O	O	O	O	O	O	_	_	NoSpaceAfter	_	_	_
information	O	O	O	O	O	O	_	_	_	_	_	_
suivante	O	O	O	O	O	O	_	_	_	_	_	_
:	O	O	O	O	O	O	_	_	EndOfLine	_	_	_
# segment_iiif_link = https://impresso-project.ch/api/proxy/iiif/JDG-1895-02-12-a-p0003/145,468,685,55/full/0/default.jpg
La	O	O	O	O	O	O	_	_	_	_	_	_
question	O	O	O	O	O	O	_	_	_	_	_	_
de	O	O	O	O	O	O	_	_	_	_	_	_
savoir	O	O	O	O	O	O	_	_	_	_	_	_
s	O	O	O	O	O	O	_	_	NoSpaceAfter	_	_	_
'	O	O	O	O	O	O	_	_	NoSpaceAfter	_	_	_
il	O	O	O	O	O	O	_	_	_	_	_	_
sera	O	O	O	O	O	O	_	_	_	_	_	_
permis	O	O	O	O	O	O	_	_	_	_	_	_
aux	O	O	O	O	O	O	_	_	EndOfLine	_	_	_
# segment_iiif_link = https://impresso-project.ch/api/proxy/iiif/JDG-1895-02-12-a-p0003/110,500,720,55/full/0/default.jpg
correspondants	O	O	O	O	O	O	_	_	_	_	_	_
des	O	O	O	O	O	O	_	_	_	_	_	_
journaux	O	O	O	O	O	O	_	_	_	_	_	_
étrangers	O	O	O	O	O	O	_	_	_	_	_	_
de	O	O	O	O	O	O	_	_	_	_	_	_
voyager	O	O	O	O	O	O	_	_	EndOfLine	_	_	_
# segment_iiif_link = https://impresso-project.ch/api/proxy/iiif/JDG-1895-02-12-a-p0003/110,532,718,55/full/0/default.jpg
en	O	O	O	O	O	O	_	_	_	_	_	_
Arménie	O	O	O	O	O	O	_	_	NoSpaceAfter	_	_	_
,	O	O	O	O	O	O	_	_	_	_	_	_
question	O	O	O	O	O	O	_	_	_	_	_	_
au	O	O	O	O	O	O	_	_	_	_	_	_
sujet	O	O	O	O	O	O	_	_	_	_	_	_
de	O	O	O	O	O	O	_	_	_	_	_	_
laquelle	O	O	O	O	O	O	_	_	_	_	_	_
sir	O	O	O	O	O	O	_	_	EndOfLine	_	_	_
# segment_iiif_link = https://impresso-project.ch/api/proxy/iiif/JDG-1895-02-12-a-p0003/110,565,720,55/full/0/default.jpg
Philip	O	O	O	O	O	O	_	_	_	_	_	_
Currie	O	O	O	O	O	O	_	_	_	_	_	_
a	O	O	O	O	O	O	_	_	_	_	_	_
négocié	O	O	O	O	O	O	_	_	_	_	_	_
récemment	O	O	O	O	O	O	_	_	_	_	_	_
avec	O	O	O	O	O	O	_	_	_	_	_	_
le	O	O	O	O	O	O	_	_	EndOfLine	_	_	_
# segment_iiif_link = https://impresso-project.ch/api/proxy/iiif/JDG-1895-02-12-a-p0003/110,598,720,58/full/0/default.jpg
gouvernement	O	O	O	O	O	O	_	_	_	_	_	_
ottoman	O	O	O	O	O	O	_	_	NoSpaceAfter	_	_	_
,	O	O	O	O	O	O	_	_	_	_	_	_
est	O	O	O	O	O	O	_	_	_	_	_	_
maintenant	O	O	O	O	O	O	_	_	_	_	_	_
réglée	O	O	O	O	O	O	_	_	NoSpaceAfter	_	_	_
.	O	O	O	O	O	O	_	_	_	EndOfSentence	_	_
La	O	O	O	O	O	O	_	_	EndOfLine	_	_	_
# segment_iiif_link = https://impresso-project.ch/api/proxy/iiif/JDG-1895-02-12-a-p0003/110,632,720,55/full/0/default.jpg
Porte	O	O	O	O	O	O	_	_	_	_	_	_
permettra	O	O	O	O	O	O	_	_	_	_	_	_
aux	O	O	O	O	O	O	_	_	_	_	_	_
journalistes	O	O	O	O	O	O	_	_	_	_	_	_
étrangers	O	O	O	O	O	O	_	_	_	_	_	_
de	O	O	O	O	O	O	_	_	EndOfLine	_	_	_
# segment_iiif_link = https://impresso-project.ch/api/proxy/iiif/JDG-1895-02-12-a-p0003/110,665,718,55/full/0/default.jpg
voyager	O	O	O	O	O	O	_	_	_	_	_	_
dans	O	O	O	O	O	O	_	_	_	_	_	_
toutes	O	O	O	O	O	O	_	_	_	_	_	_
provinces	O	O	O	O	O	O	_	_	_	_	_	_
de	O	O	O	O	O	O	_	_	_	_	_	_
l	O	O	O	O	O	O	_	_	NoSpaceAfter	_	_	_
'	O	O	O	O	O	O	_	_	NoSpaceAfter	_	_	_
Asie	O	O	O	O	O	O	_	_	_	_	_	_
mineure	O	O	O	O	O	O	_	_	NoSpaceAfter	_	_	_
,	O	O	O	O	O	O	_	_	EndOfLine	_	_	_
# segment_iiif_link = https://impresso-project.ch/api/proxy/iiif/JDG-1895-02-12-a-p0003/110,698,720,55/full/0/default.jpg
à	O	O	O	O	O	O	_	_	_	_	_	_
l	O	O	O	O	O	O	_	_	NoSpaceAfter	_	_	_
'	O	O	O	O	O	O	_	_	NoSpaceAfter	_	_	_
exception	O	O	O	O	O	O	_	_	_	_	_	_
de	O	O	O	O	O	O	_	_	_	_	_	_
celle	O	O	O	O	O	O	_	_	_	_	_	_
de	O	O	O	O	O	O	_	_	_	_	_	_
Billis	O	O	O	O	O	O	_	_	NoSpaceAfter	_	_	_
.	O	O	O	O	O	O	_	_	_	EndOfSentence	_	_
Cette	O	O	O	O	O	O	_	_	_	_	_	_
exception	O	O	O	O	O	O	_	_	NoSpaceAfter	_	_	_
,	O	O	O	O	O	O	_	_	EndOfLine	_	_	_
# segment_iiif_link = https://impresso-project.ch/api/proxy/iiif/JDG-1895-02-12-a-p0003/110,730,720,55/full/0/default.jpg
cependant	O	O	O	O	O	O	_	_	NoSpaceAfter	_	_	_
,	O	O	O	O	O	O	_	_	_	_	_	_
ne	O	O	O	O	O	O	_	_	_	_	_	_
restera	O	O	O	O	O	O	_	_	_	_	_	_
en	O	O	O	O	O	O	_	_	_	_	_	_
vigueur	O	O	O	O	O	O	_	_	_	_	_	_
que	O	O	O	O	O	O	_	_	_	_	_	_
pendant	O	O	O	O	O	O	_	_	_	_	_	_
le	O	O	O	O	O	O	_	_	EndOfLine	_	_	_
# segment_iiif_link = https://impresso-project.ch/api/proxy/iiif/JDG-1895-02-12-a-p0003/110,762,728,58/full/0/default.jpg
temps	O	O	O	O	O	O	_	_	_	_	_	_
que	O	O	O	O	O	O	_	_	_	_	_	_
la	O	O	O	O	O	O	_	_	_	_	_	_
commission	O	O	O	O	O	O	_	_	_	_	_	_
d	O	O	O	O	O	O	_	_	NoSpaceAfter	_	_	_
'	O	O	O	O	O	O	_	_	NoSpaceAfter	_	_	_
enquête	O	O	O	O	O	O	_	_	_	_	_	_
siégera	O	O	O	O	O	O	_	_	_	_	_	_
il	O	O	O	O	O	O	_	_	EndOfLine	_	_	_
# segment_iiif_link = https://impresso-project.ch/api/proxy/iiif/JDG-1895-02-12-a-p0003/110,798,120,55/full/0/default.jpg
Mouseh	O	O	O	O	O	O	_	_	NoSpaceAfter	_	_	_
.	O	O	O	O	O	O	_	_	EndOfLine	EndOfSentence	_	_
# segment_iiif_link = https://impresso-project.ch/api/proxy/iiif/JDG-1895-02-12-a-p0003/150,875,680,55/full/0/default.jpg
Londres	O	O	O	O	O	O	_	_	NoSpaceAfter	_	_	_
,	O	O	O	O	O	O	_	_	_	_	_	_
10	O	O	O	O	O	O	_	_	NoSpaceAfter	_	_	_
.	O	O	O	O	O	O	_	_	_	EndOfSentence	_	_
—	O	O	O	O	O	O	_	_	_	_	_	_
Une	O	O	O	O	O	O	_	_	_	_	_	_
dépêche	O	O	O	O	O	O	_	_	_	_	_	_
de	O	O	O	O	O	O	_	_	EndOfLine	_	_	_
# segment_iiif_link = https://impresso-project.ch/api/proxy/iiif/JDG-1895-02-12-a-p0003/110,912,720,55/full/0/default.jpg
Constantinople	O	O	O	O	O	O	_	_	_	_	_	_
au	O	O	O	O	O	O	_	_	_	_	_	_
Dailij	O	O	O	O	O	O	_	_	_	_	_	_
News	O	O	O	O	O	O	_	_	_	_	_	_
annonce	O	O	O	O	O	O	_	_	_	_	_	_
que	O	O	O	O	O	O	_	_	_	_	_	_
plusieurs	O	O	O	O	O	O	_	_	EndOfLine	_	_	_
# segment_iiif_link = https://impresso-project.ch/api/proxy/iiif/JDG-1895-02-12-a-p0003/110,950,720,55/full/0/default.jpg
classes	O	O	O	O	O	O	_	_	_	_	_	_
de	O	O	O	O	O	O	_	_	_	_	_	_
la	O	O	O	O	O	O	_	_	_	_	_	_
réserve	O	O	O	O	O	O	_	_	_	_	_	_
ont	O	O	O	O	O	O	_	_	_	_	_	_
été	O	O	O	O	O	O	_	_	_	_	_	_
rappelées	O	O	O	O	O	O	_	_	_	_	_	_
sous	O	O	O	O	O	O	_	_	EndOfLine	_	_	_
# segment_iiif_link = https://impresso-project.ch/api/proxy/iiif/JDG-1895-02-12-a-p0003/110,988,210,55/full/0/default.jpg
les	O	O	O	O	O	O	_	_	_	_	_	_
drapeaux	O	O	O	O	O	O	_	_	NoSpaceAfter	_	_	_
.	O	O	O	O	O	O	_	_	EndOfLine	EndOfSentence	_	_

# language = fr
# newspaper = JDG
# date = 1902-07-18
# document_id = JDG-1902-07-18-a-i0086
# news-agency-as-source = _
# segment_iiif_link = https://impresso-project.ch/api/proxy/iiif/JDG-1902-07-18-a-p0004/2908,96,262,77/full/0/default.jpg
Annonces	O	O	O	O	O	O	_	_	EndOfLine	_	_	_
# segment_iiif_link = https://impresso-project.ch/api/proxy/iiif/JDG-1902-07-18-a-p0004/2932,158,612,77/full/0/default.jpg
locales	O	O	O	O	O	O	_	_	_	_	_	_
à	O	O	O	O	O	O	_	_	_	_	_	_
centimes	O	O	O	O	O	O	_	_	_	_	_	_
le	O	O	O	O	O	O	_	_	_	_	_	_
mot	O	O	O	O	O	O	_	_	EndOfLine	_	_	_
# segment_iiif_link = https://impresso-project.ch/api/proxy/iiif/JDG-1902-07-18-a-p0004/2930,228,279,62/full/0/default.jpg
DEMANDES	O	O	O	O	O	O	_	_	_	_	_	_
DE	O	O	O	O	O	O	_	_	_	_	_	_
PUCES	O	O	O	O	O	O	_	_	EndOfLine	_	_	_
# segment_iiif_link = https://impresso-project.ch/api/proxy/iiif/JDG-1902-07-18-a-p0004/3254,286,-18,44/full/0/default.jpg
OHomme	O	O	O	O	O	O	_	_	_	_	_	_
31	O	O	O	O	O	O	_	_	_	_	_	_
ans	O	O	O	O	O	O	_	_	NoSpaceAfter	_	_	_
,	O	O	O	O	O	O	_	_	_	_	_	_
désirerait	O	O	O	O	O	O	_	_	EndOfLine	_	_	_
# segment_iiif_link = https://impresso-project.ch/api/proxy/iiif/JDG-1902-07-18-a-p0004/2954,306,284,46/full/0/default.jpg
tmp	O	O	O	O	O	O	_	_	NoSpaceAfter	_	_	_
'	O	O	O	O	O	O	_	_	NoSpaceAfter	_	_	_
oi	O	O	O	O	O	O	_	_	_	_	_	_
comme	O	O	O	O	O	O	_	_	_	_	_	_
guçon	O	O	O	O	O	O	_	_	_	_	_	_
de	O	O	O	O	O	O	_	_	EndOfLine	_	_	_
# segment_iiif_link = https://impresso-project.ch/api/proxy/iiif/JDG-1902-07-18-a-p0004/2963,328,273,46/full/0/default.jpg
recettes	O	O	O	O	O	O	_	_	NoSpaceAfter	_	_	_
,	O	O	O	O	O	O	_	_	_	_	_	_
encaisseur	O	O	O	O	O	O	_	_	_	_	_	_
ou	O	O	O	O	O	O	_	_	EndOfLine	_	_	_
# segment_iiif_link = https://impresso-project.ch/api/proxy/iiif/JDG-1902-07-18-a-p0004/2911,350,327,46/full/0/default.jpg
magasinier	O	O	O	O	O	O	_	_	NoSpaceAfter	_	_	_
.	O	O	O	O	O	O	_	_	_	EndOfSentence	_	_
Excellentes	O	O	O	O	O	O	_	_	EndOfLine	_	_	_
# segment_iiif_link = https://impresso-project.ch/api/proxy/iiif/JDG-1902-07-18-a-p0004/2911,370,319,46/full/0/default.jpg
renças	O	O	O	O	O	O	_	_	NoSpaceAfter	_	_	_
.	O	O	O	O	O	O	_	_	_	EndOfSentence	_	_
Eîrire	O	O	O	O	O	O	_	_	_	_	_	_
on	O	O	O	O	O	O	_	_	_	_	_	_
se	O	O	O	O	O	O	_	_	_	_	_	_
rensti	O	O	O	O	O	O	_	_	EndOfLine	_	_	_
# segment_iiif_link = https://impresso-project.ch/api/proxy/iiif/JDG-1902-07-18-a-p0004/2911,392,327,46/full/0/default.jpg
gner	O	O	O	O	O	O	_	_	NoSpaceAfter	_	_	_
,	O	O	O	O	O	O	_	_	_	_	_	_
Bureau	O	O	O	O	O	O	_	_	_	_	_	_
de	O	O	O	O	O	O	_	_	_	_	_	_
U	O	O	O	O	O	O	_	_	_	_	_	_
Feuille	O	O	O	O	O	O	_	_	EndOfLine	_	_	_
# segment_iiif_link = https://impresso-project.ch/api/proxy/iiif/JDG-1902-07-18-a-p0004/2913,414,325,46/full/0/default.jpg
d	O	O	O	O	O	O	_	_	NoSpaceAfter	_	_	_
'	O	O	O	O	O	O	_	_	NoSpaceAfter	_	_	_
Aviri	O	O	O	O	O	O	_	_	NoSpaceAfter	_	_	_
,	O	O	O	O	O	O	_	_	_	_	_	_
rue	O	O	O	O	O	O	_	_	_	_	_	_
du	O	O	O	O	O	O	_	_	_	_	_	_
Vieux	O	O	O	O	O	O	_	_	NoSpaceAfter	_	_	_
-	O	O	O	O	O	O	_	_	NoSpaceAfter	_	_	_
Collège	O	O	O	O	O	O	_	_	NoSpaceAfter	_	_	_
,	O	O	O	O	O	O	_	_	EndOfLine	_	_	_
# segment_iiif_link = https://impresso-project.ch/api/proxy/iiif/JDG-1902-07-18-a-p0004/2913,436,161,46/full/0/default.jpg
4	O	O	O	O	O	O	_	_	NoSpaceAfter	_	_	_
,	O	O	O	O	O	O	_	_	_	_	_	_
sous	O	O	O	O	O	O	_	_	_	_	_	_
n	O	O	O	O	O	O	_	_	_	_	_	_
«	O	O	O	O	O	O	_	_	_	_	_	_
ItO	O	O	O	O	O	O	_	_	NoSpaceAfter	_	_	_
.	O	O	O	O	O	O	_	_	EndOfLine	_	_	_
# segment_iiif_link = https://impresso-project.ch/api/proxy/iiif/JDG-1902-07-18-a-p0004/3260,466,-20,60/full/0/default.jpg
PïTjemms	O	O	O	O	O	O	_	_	_	_	_	_
de	O	O	O	O	O	O	_	_	_	_	_	_
chambre	O	O	O	O	O	O	_	_	EndOfLine	_	_	_
# segment_iiif_link = https://impresso-project.ch/api/proxy/iiif/JDG-1902-07-18-a-p0004/2920,502,314,46/full/0/default.jpg
connaish	O	O	O	O	O	O	_	_	_	_	_	_
sant	O	O	O	O	O	O	_	_	_	_	_	_
parfaiiemect	O	O	O	O	O	O	_	_	_	_	_	_
le	O	O	O	O	O	O	_	_	_	_	_	_
ser	O	O	O	O	O	O	_	_	EndOfLine	_	_	_
# segment_iiif_link = https://impresso-project.ch/api/proxy/iiif/JDG-1902-07-18-a-p0004/2952,524,289,46/full/0/default.jpg
vice	O	O	O	O	O	O	_	_	_	_	_	_
et	O	O	O	O	O	O	_	_	_	_	_	_
la	O	O	O	O	O	O	_	_	_	_	_	_
couture	O	O	O	O	O	O	_	_	_	_	_	_
et	O	O	O	O	O	O	_	_	_	_	_	_
ayant	O	O	O	O	O	O	_	_	EndOfLine	_	_	_
# segment_iiif_link = https://impresso-project.ch/api/proxy/iiif/JDG-1902-07-18-a-p0004/2915,546,327,46/full/0/default.jpg
liibituda	O	O	O	O	O	O	_	_	_	_	_	_
d	O	O	O	O	O	O	_	_	_	_	_	_
«	O	O	O	O	O	O	_	_	_	_	_	_
voy	O	O	O	O	O	O	_	_	_	_	_	_
:	O	O	O	O	O	O	_	_	_	_	_	_
g	O	O	O	O	O	O	_	_	_	_	_	_
>	O	O	O	O	O	O	_	_	_	_	_	_
r	O	O	O	O	O	O	_	_	NoSpaceAfter	_	_	_
,	O	O	O	O	O	O	_	_	_	_	_	_
clé	O	O	O	O	O	O	_	_	_	_	_	_
ire	O	O	O	O	O	O	_	_	EndOfLine	_	_	_
# segment_iiif_link = https://impresso-project.ch/api/proxy/iiif/JDG-1902-07-18-a-p0004/2917,568,324,46/full/0/default.jpg
p	O	O	O	O	O	O	_	_	NoSpaceAfter	_	_	_
'	O	O	O	O	O	O	_	_	NoSpaceAfter	_	_	_
a	O	O	O	O	O	O	_	_	_	_	_	_
^	O	O	O	O	O	O	_	_	_	_	_	_
e	O	O	O	O	O	O	_	_	_	_	_	_
(	O	O	O	O	O	O	_	_	NoSpaceAfter	_	_	_
'	O	O	O	O	O	O	_	_	NoSpaceAfter	_	_	_
ans	O	O	O	O	O	O	_	_	_	_	_	_
famille	O	O	O	O	O	O	_	_	_	_	_	_
étraigère	O	O	O	O	O	O	_	_	EndOfLine	_	_	_
# segment_iiif_link = https://impresso-project.ch/api/proxy/iiif/JDG-1902-07-18-a-p0004/2915,590,327,46/full/0/default.jpg
on	O	O	O	O	O	O	_	_	_	_	_	_
dama	O	O	O	O	O	O	_	_	_	_	_	_
seule	O	O	O	O	O	O	_	_	NoSpaceAfter	_	_	_
.	O	O	O	O	O	O	_	_	_	_	_	_
Excellents	O	O	O	O	O	O	_	_	_	_	_	_
c	O	O	O	O	O	O	_	_	EndOfLine	_	_	_
# segment_iiif_link = https://impresso-project.ch/api/proxy/iiif/JDG-1902-07-18-a-p0004/2917,612,325,46/full/0/default.jpg
irtifliats	O	O	O	O	O	O	_	_	_	_	_	_
à	O	O	O	O	O	O	_	_	_	_	_	_
disposiiion	O	O	O	O	O	O	_	_	NoSpaceAfter	_	_	_
.	O	O	O	O	O	O	_	_	_	_	_	_
Alress	O	O	O	O	O	O	_	_	NoSpaceAfter	_	_	_
.	O	O	O	O	O	O	_	_	EndOfLine	_	_	_
# segment_iiif_link = https://impresso-project.ch/api/proxy/iiif/JDG-1902-07-18-a-p0004/2917,634,322,46/full/0/default.jpg
offres	O	O	O	O	O	O	_	_	_	_	_	_
s	O	O	O	O	O	O	_	_	_	_	_	_
.	O	O	O	O	O	O	_	_	NoSpaceAfter	_	_	_
-	O	O	O	O	O	O	_	_	_	_	_	_
vc	O	O	O	O	O	O	_	_	_	_	_	_
6	O	O	O	O	O	O	_	_	_	_	_	_
S	O	O	O	O	O	O	_	_	_	_	_	_
08	O	O	O	O	O	O	_	_	_	_	_	_
X	O	O	O	O	O	O	_	_	NoSpaceAfter	_	_	_
,	O	O	O	O	O	O	_	_	_	_	_	_
à	O	O	O	O	O	O	_	_	EndOfLine	_	_	_
# segment_iiif_link = https://impresso-project.ch/api/proxy/iiif/JDG-1902-07-18-a-p0004/2919,656,322,46/full/0/default.jpg
Hugon	O	O	O	O	O	O	_	_	NoSpaceAfter	_	_	_
-	O	O	O	O	O	O	_	_	NoSpaceAfter	_	_	_
:	O	O	O	O	O	O	_	_	_	_	_	_
teinct	O	O	O	O	O	O	_	_	_	_	_	_
Vt	O	O	O	O	O	O	_	_	_	_	_	_
g	O	O	O	O	O	O	_	_	_	_	_	_
er	O	O	O	O	O	O	_	_	NoSpaceAfter	_	_	_
,	O	O	O	O	O	O	_	_	_	_	_	_
Genève	O	O	O	O	O	O	_	_	NoSpaceAfter	_	_	_
.	O	O	O	O	O	O	_	_	_	_	_	_
<	O	O	O	O	O	O	_	_	_	_	_	_
877	O	O	O	O	O	O	_	_	EndOfLine	_	_	_
# segment_iiif_link = https://impresso-project.ch/api/proxy/iiif/JDG-1902-07-18-a-p0004/2955,704,248,62/full/0/default.jpg
OFFRES	O	O	O	O	O	O	_	_	_	_	_	_
DE	O	O	O	O	O	O	_	_	_	_	_	_
PLACES	O	O	O	O	O	O	_	_	EndOfLine	_	_	_
# segment_iiif_link = https://impresso-project.ch/api/proxy/iiif/JDG-1902-07-18-a-p0004/2919,756,316,44/full/0/default.jpg
On	O	O	O	O	O	O	_	_	_	_	_	_
demande	O	O	O	O	O	O	_	_	_	_	_	_
apprentie	O	O	O	O	O	O	_	_	_	_	_	_
lin	O	O	O	O	O	O	_	_	EndOfLine	_	_	_
# segment_iiif_link = https://impresso-project.ch/api/proxy/iiif/JDG-1902-07-18-a-p0004/2957,776,286,46/full/0/default.jpg
gè	O	O	O	O	O	O	_	_	_	_	_	_
^	O	O	O	O	O	O	_	_	_	_	_	_
e	O	O	O	O	O	O	_	_	_	_	_	_
et	O	O	O	O	O	O	_	_	_	_	_	_
cor	O	O	O	O	O	O	_	_	_	_	_	_
fictions	O	O	O	O	O	O	_	_	NoSpaceAfter	_	_	_
.	O	O	O	O	O	O	_	_	_	_	_	_
Rue	O	O	O	O	O	O	_	_	EndOfLine	_	_	_
# segment_iiif_link = https://impresso-project.ch/api/proxy/iiif/JDG-1902-07-18-a-p0004/2957,798,239,44/full/0/default.jpg
Volt	O	O	O	O	O	O	_	_	NoSpaceAfter	_	_	_
&	O	O	O	O	O	O	_	_	NoSpaceAfter	_	_	_
ir	O	O	O	O	O	O	_	_	_	_	_	_
*	O	O	O	O	O	O	_	_	NoSpaceAfter	_	_	_
»	O	O	O	O	O	O	_	_	NoSpaceAfter	_	_	_
,	O	O	O	O	O	O	_	_	_	_	_	_
11	O	O	O	O	O	O	_	_	NoSpaceAfter	_	_	_
,	O	O	O	O	O	O	_	_	_	_	_	_
Cormiir	O	O	O	O	O	O	_	_	NoSpaceAfter	_	_	_
.	O	O	O	O	O	O	_	_	EndOfLine	EndOfSentence	_	_
# segment_iiif_link = https://impresso-project.ch/api/proxy/iiif/JDG-1902-07-18-a-p0004/2948,838,266,60/full/0/default.jpg
DEMANDES	O	O	O	O	O	O	_	_	_	_	_	_
DIVERSES	O	O	O	O	O	O	_	_	EndOfLine	_	_	_
# segment_iiif_link = https://impresso-project.ch/api/proxy/iiif/JDG-1902-07-18-a-p0004/2919,895,319,44/full/0/default.jpg
On	O	O	O	O	O	O	_	_	_	_	_	_
demande	O	O	O	O	O	O	_	_	_	_	_	_
à	O	O	O	O	O	O	_	_	_	_	_	_
louer	O	O	O	O	O	O	_	_	_	_	_	_
un	O	O	O	O	O	O	_	_	_	_	_	_
ap	O	O	O	O	O	O	_	_	EndOfLine	_	_	_
# segment_iiif_link = https://impresso-project.ch/api/proxy/iiif/JDG-1902-07-18-a-p0004/2957,915,285,46/full/0/default.jpg
parlement	O	O	O	O	O	O	_	_	NoSpaceAfter	_	_	_
,	O	O	O	O	O	O	_	_	_	_	_	_
à	O	O	O	O	O	O	_	_	_	_	_	_
la	O	O	O	O	O	O	_	_	_	_	_	_
campa	O	O	O	O	O	O	_	_	NoSpaceAfter	_	_	_
'	O	O	O	O	O	O	_	_	EndOfLine|NoSpaceAfter	_	_	_
# segment_iiif_link = https://impresso-project.ch/api/proxy/iiif/JDG-1902-07-18-a-p0004/2959,937,286,46/full/0/default.jpg
gac	O	O	O	O	O	O	_	_	NoSpaceAfter	_	_	_
,	O	O	O	O	O	O	_	_	_	_	_	_
de	O	O	O	O	O	O	_	_	_	_	_	_
5	O	O	O	O	O	O	_	_	_	_	_	_
ou	O	O	O	O	O	O	_	_	_	_	_	_
6	O	O	O	O	O	O	_	_	_	_	_	_
pièces	O	O	O	O	O	O	_	_	NoSpaceAfter	_	_	_
,	O	O	O	O	O	O	_	_	_	_	_	_
dai	O	O	O	O	O	O	_	_	_	_	_	_
s	O	O	O	O	O	O	_	_	EndOfLine	_	_	_
# segment_iiif_link = https://impresso-project.ch/api/proxy/iiif/JDG-1902-07-18-a-p0004/2919,959,317,46/full/0/default.jpg
la	O	O	O	O	O	O	_	_	_	_	_	_
rive	O	O	O	O	O	O	_	_	_	_	_	_
gtuctip	O	O	O	O	O	O	_	_	NoSpaceAfter	_	_	_
,	O	O	O	O	O	O	_	_	_	_	_	_
pour	O	O	O	O	O	O	_	_	_	_	_	_
piraon	O	O	O	O	O	O	_	_	EndOfLine	_	_	_
# segment_iiif_link = https://impresso-project.ch/api/proxy/iiif/JDG-1902-07-18-a-p0004/3265,992,-28,35/full/0/default.jpg
Pne	O	O	O	O	O	O	_	_	_	_	_	_
sans	O	O	O	O	O	O	_	_	_	_	_	_
enfant	O	O	O	O	O	O	_	_	_	_	_	_
?	O	O	O	O	O	O	_	_	NoSpaceAfter	EndOfSentence	_	_
,	O	O	O	O	O	O	_	_	_	_	_	_
pour	O	O	O	O	O	O	_	_	_	_	_	_
de	O	O	O	O	O	O	_	_	_	_	_	_
s	O	O	O	O	O	O	_	_	NoSpaceAfter	_	_	_
-	O	O	O	O	O	O	_	_	NoSpaceAfter	_	_	_
i	O	O	O	O	O	O	_	_	EndOfLine	_	_	_
# segment_iiif_link = https://impresso-project.ch/api/proxy/iiif/JDG-1902-07-18-a-p0004/2920,1003,325,46/full/0/default.jpg
te	O	O	O	O	O	O	_	_	NoSpaceAfter	_	_	_
,	O	O	O	O	O	O	_	_	_	_	_	_
automne	O	O	O	O	O	O	_	_	_	_	_	_
ou	O	O	O	O	O	O	_	_	_	_	_	_
r	O	O	O	O	O	O	_	_	NoSpaceAfter	_	_	_
.	O	O	O	O	O	O	_	_	_	EndOfSentence	_	_
rintcmps	O	O	O	O	O	O	_	_	EndOfLine	_	_	_
# segment_iiif_link = https://impresso-project.ch/api/proxy/iiif/JDG-1902-07-18-a-p0004/2920,1025,334,46/full/0/default.jpg
prochain	O	O	O	O	O	O	_	_	NoSpaceAfter	_	_	_
.	O	O	O	O	O	O	_	_	_	EndOfSentence	_	_
Ecrire	O	O	O	O	O	O	_	_	_	_	_	_
M	O	O	O	O	O	O	_	_	NoSpaceAfter	_	_	_
"	O	O	O	O	O	O	_	_	_	_	_	_
«	O	O	O	O	O	O	_	_	_	_	_	_
A	O	O	O	O	O	O	_	_	NoSpaceAfter	_	_	_
.	O	O	O	O	O	O	_	_	EndOfLine	_	_	_
# segment_iiif_link = https://impresso-project.ch/api/proxy/iiif/JDG-1902-07-18-a-p0004/2920,1047,323,46/full/0/default.jpg
oèrat	O	O	O	O	O	O	_	_	NoSpaceAfter	_	_	_
,	O	O	O	O	O	O	_	_	_	_	_	_
15	O	O	O	O	O	O	_	_	NoSpaceAfter	_	_	_
,	O	O	O	O	O	O	_	_	_	_	_	_
boulevard	O	O	O	O	O	O	_	_	_	_	_	_
du	O	O	O	O	O	O	_	_	_	_	_	_
Pont	O	O	O	O	O	O	_	_	EndOfLine	_	_	_
# segment_iiif_link = https://impresso-project.ch/api/proxy/iiif/JDG-1902-07-18-a-p0004/2920,1069,563,46/full/0/default.jpg
d	O	O	O	O	O	O	_	_	NoSpaceAfter	_	_	_
'	O	O	O	O	O	O	_	_	NoSpaceAfter	_	_	_
Arve	O	O	O	O	O	O	_	_	NoSpaceAfter	_	_	_
.	O	O	O	O	O	O	_	_	_	_	_	_
49	O	O	O	O	O	O	_	_	NoSpaceAfter	_	_	_
,	O	O	O	O	O	O	_	_	NoSpaceAfter	_	_	_
'	O	O	O	O	O	O	_	_	NoSpaceAfter	_	_	_
5	O	O	O	O	O	O	_	_	_	_	_	_
A	O	O	O	O	O	O	_	_	_	_	_	_
VEID	O	O	O	O	O	O	_	_	_	_	_	_
8	O	O	O	O	O	O	_	_	_	_	_	_
Ê	O	O	O	O	O	O	_	_	EndOfLine	_	_	_
# segment_iiif_link = https://impresso-project.ch/api/proxy/iiif/JDG-1902-07-18-a-p0004/3285,284,295,46/full/0/default.jpg
ccasion	O	O	O	O	O	O	_	_	_	_	_	_
exceptionnelle	O	O	O	O	O	O	_	_	NoSpaceAfter	_	_	_
.	O	O	O	O	O	O	_	_	_	_	_	_
A	O	O	O	O	O	O	_	_	EndOfLine	_	_	_
# segment_iiif_link = https://impresso-project.ch/api/proxy/iiif/JDG-1902-07-18-a-p0004/3304,306,274,46/full/0/default.jpg
vendre	O	O	O	O	O	O	_	_	_	_	_	_
moitié	O	O	O	O	O	O	_	_	_	_	_	_
du	O	O	O	O	O	O	_	_	_	_	_	_
jrix	O	O	O	O	O	O	_	_	EndOfLine	_	_	_
# segment_iiif_link = https://impresso-project.ch/api/proxy/iiif/JDG-1902-07-18-a-p0004/3293,328,288,46/full/0/default.jpg
payé	O	O	O	O	O	O	_	_	_	_	_	_
magnifique	O	O	O	O	O	O	_	_	EndOfLine	_	_	_
# segment_iiif_link = https://impresso-project.ch/api/proxy/iiif/JDG-1902-07-18-a-p0004/3256,350,297,46/full/0/default.jpg
automobile	O	O	O	O	O	O	_	_	_	_	_	_
fermé	O	O	O	O	O	O	_	_	NoSpaceAfter	_	_	_
,	O	O	O	O	O	O	_	_	_	_	_	_
peu	O	O	O	O	O	O	_	_	_	_	_	_
roulé	O	O	O	O	O	O	_	_	NoSpaceAfter	_	_	_
,	O	O	O	O	O	O	_	_	_	_	_	_
3	O	O	O	O	O	O	_	_	_	_	_	_
p	O	O	O	O	O	O	_	_	NoSpaceAfter	_	_	_
'	O	O	O	O	O	O	_	_	NoSpaceAfter	_	_	_
ac	O	O	O	O	O	O	_	_	EndOfLine	_	_	_
# segment_iiif_link = https://impresso-project.ch/api/proxy/iiif/JDG-1902-07-18-a-p0004/3256,372,294,46/full/0/default.jpg
conviendrait	O	O	O	O	O	O	_	_	_	_	_	_
pour	O	O	O	O	O	O	_	_	_	_	_	_
dccte	O	O	O	O	O	O	_	_	EndOfLine	_	_	_
# segment_iiif_link = https://impresso-project.ch/api/proxy/iiif/JDG-1902-07-18-a-p0004/3258,394,301,46/full/0/default.jpg
S	O	O	O	O	O	O	_	_	NoSpaceAfter	_	_	_
'	O	O	O	O	O	O	_	_	NoSpaceAfter	_	_	_
adr	O	O	O	O	O	O	_	_	NoSpaceAfter	_	_	_
.	O	O	O	O	O	O	_	_	_	_	_	_
MM	O	O	O	O	O	O	_	_	NoSpaceAfter	_	_	_
.	O	O	O	O	O	O	_	_	_	_	_	_
rouHu	O	O	O	O	O	O	_	_	_	_	_	_
£	O	O	O	O	O	O	_	_	_	_	_	_
t	O	O	O	O	O	O	_	_	EndOfLine	_	_	_
# segment_iiif_link = https://impresso-project.ch/api/proxy/iiif/JDG-1902-07-18-a-p0004/3256,416,324,46/full/0/default.jpg
Brin	O	O	O	O	O	O	_	_	NoSpaceAfter	_	_	_
-	O	O	O	O	O	O	_	_	NoSpaceAfter	_	_	_
9	O	O	O	O	O	O	_	_	NoSpaceAfter	_	_	_
,	O	O	O	O	O	O	_	_	_	_	_	_
rue	O	O	O	O	O	O	_	_	_	_	_	_
du	O	O	O	O	O	O	_	_	_	_	_	_
Commerce	O	O	O	O	O	O	_	_	NoSpaceAfter	_	_	_
.	O	O	O	O	O	O	_	_	_	_	_	_
4320	O	O	O	O	O	O	_	_	EndOfLine	_	_	_
# segment_iiif_link = https://impresso-project.ch/api/proxy/iiif/JDG-1902-07-18-a-p0004/3287,464,295,48/full/0/default.jpg
ô	O	O	O	O	O	O	_	_	_	_	_	_
peib	O	O	O	O	O	O	_	_	_	_	_	_
j	O	O	O	O	O	O	_	_	_	_	_	_
parcelle	O	O	O	O	O	O	_	_	_	_	_	_
10	O	O	O	O	O	O	_	_	NoSpaceAfter	_	_	_
.	O	O	O	O	O	O	_	_	_	_	_	_
COJ	O	O	O	O	O	O	_	_	_	_	_	_
m	O	O	O	O	O	O	_	_	NoSpaceAfter	_	_	_
.	O	O	O	O	O	O	_	_	_	_	_	_
c	O	O	O	O	O	O	_	_	NoSpaceAfter	_	_	_
,	O	O	O	O	O	O	_	_	EndOfLine	_	_	_
# segment_iiif_link = https://impresso-project.ch/api/proxy/iiif/JDG-1902-07-18-a-p0004/3298,512,286,44/full/0/default.jpg
entier	O	O	O	O	O	O	_	_	_	_	_	_
*	O	O	O	O	O	O	_	_	_	_	_	_
m	O	O	O	O	O	O	_	_	_	_	_	_
»	O	O	O	O	O	O	_	_	_	_	_	_
nt	O	O	O	O	O	O	_	_	_	_	_	_
p	O	O	O	O	O	O	_	_	_	_	_	_
aniée	O	O	O	O	O	O	_	_	NoSpaceAfter	_	_	_
.	O	O	O	O	O	O	_	_	EndOfLine	EndOfSentence	_	_
# segment_iiif_link = https://impresso-project.ch/api/proxy/iiif/JDG-1902-07-18-a-p0004/3260,532,322,46/full/0/default.jpg
situation	O	O	O	O	O	O	_	_	_	_	_	_
élevée	O	O	O	O	O	O	_	_	NoSpaceAfter	_	_	_
.	O	O	O	O	O	O	_	_	_	EndOfSentence	_	_
B	O	O	O	O	O	O	_	_	_	_	_	_
>	O	O	O	O	O	O	_	_	_	_	_	_
n	O	O	O	O	O	O	_	_	_	_	_	_
air	O	O	O	O	O	O	_	_	NoSpaceAfter	_	_	_
.	O	O	O	O	O	O	_	_	_	EndOfSentence	_	_
Vue	O	O	O	O	O	O	_	_	EndOfLine	_	_	_
# segment_iiif_link = https://impresso-project.ch/api/proxy/iiif/JDG-1902-07-18-a-p0004/3262,554,320,46/full/0/default.jpg
magniflqie	O	O	O	O	O	O	_	_	NoSpaceAfter	_	_	_
.	O	O	O	O	O	O	_	_	_	EndOfSentence	_	_
E	O	O	O	O	O	O	_	_	NoSpaceAfter	_	_	_
.	O	O	O	O	O	O	_	_	_	_	_	_
u	O	O	O	O	O	O	_	_	NoSpaceAfter	_	_	_
,	O	O	O	O	O	O	_	_	_	_	_	_
g	O	O	O	O	O	O	_	_	_	_	_	_
z	O	O	O	O	O	O	_	_	NoSpaceAfter	_	_	_
,	O	O	O	O	O	O	_	_	EndOfLine	_	_	_
# segment_iiif_link = https://impresso-project.ch/api/proxy/iiif/JDG-1902-07-18-a-p0004/3262,576,322,46/full/0/default.jpg
tricité	O	O	O	O	O	O	_	_	NoSpaceAfter	_	_	_
.	O	O	O	O	O	O	_	_	_	EndOfSentence	_	_
T	O	O	O	O	O	O	_	_	_	_	_	_
mtfs	O	O	O	O	O	O	_	_	_	_	_	_
ficilitès	O	O	O	O	O	O	_	_	EndOfLine	_	_	_
# segment_iiif_link = https://impresso-project.ch/api/proxy/iiif/JDG-1902-07-18-a-p0004/3262,598,301,46/full/0/default.jpg
P	O	O	O	O	O	O	_	_	NoSpaceAfter	_	_	_
'	O	O	O	O	O	O	_	_	NoSpaceAfter	_	_	_
fement	O	O	O	O	O	O	_	_	NoSpaceAfter	_	_	_
.	O	O	O	O	O	O	_	_	_	EndOfSentence	_	_
J	O	O	O	O	O	O	_	_	NoSpaceAfter	_	_	_
.	O	O	O	O	O	O	_	_	_	_	_	_
G	O	O	O	O	O	O	_	_	NoSpaceAfter	_	_	_
,	O	O	O	O	O	O	_	_	_	_	_	_
ciîe	O	O	O	O	O	O	_	_	_	_	_	_
R	O	O	O	O	O	O	_	_	NoSpaceAfter	_	_	_
.	O	O	O	O	O	O	_	_	_	_	_	_
ve	O	O	O	O	O	O	_	_	_	_	_	_
3359	O	O	O	O	O	O	_	_	NoSpaceAfter	_	_	_
.	O	O	O	O	O	O	_	_	EndOfLine	EndOfSentence	_	_
# segment_iiif_link = https://impresso-project.ch/api/proxy/iiif/JDG-1902-07-18-a-p0004/3364,649,126,66/full/0/default.jpg
A	O	O	O	O	O	O	_	_	_	_	_	_
LOUER	O	O	O	O	O	O	_	_	EndOfLine	_	_	_
# segment_iiif_link = https://impresso-project.ch/api/proxy/iiif/JDG-1902-07-18-a-p0004/3274,704,313,51/full/0/default.jpg
»	O	O	O	O	O	O	_	_	_	_	_	_
locer	O	O	O	O	O	O	_	_	_	_	_	_
rue	O	O	O	O	O	O	_	_	_	_	_	_
dechantepou	O	O	O	O	O	O	_	_	NoSpaceAfter	_	_	_
'	O	O	O	O	O	O	_	_	NoSpaceAfter	_	_	_
et	O	O	O	O	O	O	_	_	NoSpaceAfter	_	_	_
,	O	O	O	O	O	O	_	_	EndOfLine	_	_	_
# segment_iiif_link = https://impresso-project.ch/api/proxy/iiif/JDG-1902-07-18-a-p0004/3263,726,323,49/full/0/default.jpg
J	O	O	O	O	O	O	_	_	_	_	_	_
\	O	O	O	O	O	O	_	_	_	_	_	_
9	O	O	O	O	O	O	_	_	NoSpaceAfter	_	_	_
,	O	O	O	O	O	O	_	_	_	_	_	_
maison	O	O	O	O	O	O	_	_	_	_	_	_
neuve	O	O	O	O	O	O	_	_	NoSpaceAfter	_	_	_
,	O	O	O	O	O	O	_	_	_	_	_	_
en	O	O	O	O	O	O	_	_	_	_	_	_
face	O	O	O	O	O	O	_	_	EndOfLine	_	_	_
# segment_iiif_link = https://impresso-project.ch/api/proxy/iiif/JDG-1902-07-18-a-p0004/3307,748,279,49/full/0/default.jpg
la	O	O	O	O	O	O	_	_	_	_	_	_
noa	O	O	O	O	O	O	_	_	_	_	_	_
?	O	O	O	O	O	O	_	_	_	EndOfSentence	_	_
e	O	O	O	O	O	O	_	_	NoSpaceAfter	_	_	_
'	O	O	O	O	O	O	_	_	NoSpaceAfter	_	_	_
.	O	O	O	O	O	O	_	_	_	EndOfSentence	_	_
la	O	O	O	O	O	O	_	_	_	_	_	_
pine	O	O	O	O	O	O	_	_	NoSpaceAfter	_	_	_
,	O	O	O	O	O	O	_	_	_	_	_	_
vaste	O	O	O	O	O	O	_	_	EndOfLine	_	_	_
# segment_iiif_link = https://impresso-project.ch/api/proxy/iiif/JDG-1902-07-18-a-p0004/3263,770,324,49/full/0/default.jpg
entresol	O	O	O	O	O	O	_	_	_	_	_	_
avfc	O	O	O	O	O	O	_	_	_	_	_	_
appartement	O	O	O	O	O	O	_	_	NoSpaceAfter	_	_	_
,	O	O	O	O	O	O	_	_	EndOfLine	_	_	_
# segment_iiif_link = https://impresso-project.ch/api/proxy/iiif/JDG-1902-07-18-a-p0004/3263,792,323,51/full/0/default.jpg
pour	O	O	O	O	O	O	_	_	_	_	_	_
bareanx	O	O	O	O	O	O	_	_	NoSpaceAfter	_	_	_
,	O	O	O	O	O	O	_	_	_	_	_	_
magasins	O	O	O	O	O	O	_	_	_	_	_	_
on	O	O	O	O	O	O	_	_	EndOfLine	_	_	_
# segment_iiif_link = https://impresso-project.ch/api/proxy/iiif/JDG-1902-07-18-a-p0004/3263,814,323,49/full/0/default.jpg
restaurant	O	O	O	O	O	O	_	_	NoSpaceAfter	_	_	_
.	O	O	O	O	O	O	_	_	_	EndOfSentence	_	_
Divisible	O	O	O	O	O	O	_	_	_	_	_	_
au	O	O	O	O	O	O	_	_	EndOfLine	_	_	_
# segment_iiif_link = https://impresso-project.ch/api/proxy/iiif/JDG-1902-07-18-a-p0004/3263,836,323,49/full/0/default.jpg
besoin	O	O	O	O	O	O	_	_	NoSpaceAfter	_	_	_
.	O	O	O	O	O	O	_	_	_	EndOfSentence	_	_
S	O	O	O	O	O	O	_	_	NoSpaceAfter	_	_	_
'	O	O	O	O	O	O	_	_	NoSpaceAfter	_	_	_
adresser	O	O	O	O	O	O	_	_	_	_	_	_
à	O	O	O	O	O	O	_	_	_	_	_	_
Mil	O	O	O	O	O	O	_	_	NoSpaceAfter	_	_	_
.	O	O	O	O	O	O	_	_	EndOfLine	EndOfSentence	_	_
# segment_iiif_link = https://impresso-project.ch/api/proxy/iiif/JDG-1902-07-18-a-p0004/3263,858,323,49/full/0/default.jpg
Térond	O	O	O	O	O	O	_	_	_	_	_	_
et	O	O	O	O	O	O	_	_	_	_	_	_
Christin	O	O	O	O	O	O	_	_	NoSpaceAfter	_	_	_
,	O	O	O	O	O	O	_	_	_	_	_	_
60	O	O	O	O	O	O	_	_	NoSpaceAfter	_	_	_
,	O	O	O	O	O	O	_	_	_	_	_	_
rue	O	O	O	O	O	O	_	_	_	_	_	_
du	O	O	O	O	O	O	_	_	EndOfLine	_	_	_
# segment_iiif_link = https://impresso-project.ch/api/proxy/iiif/JDG-1902-07-18-a-p0004/3263,878,325,49/full/0/default.jpg
Stacd	O	O	O	O	O	O	_	_	NoSpaceAfter	_	_	_
.	O	O	O	O	O	O	_	_	_	EndOfSentence	_	_
4873	O	O	O	O	O	O	_	_	EndOfLine	_	_	_
# segment_iiif_link = https://impresso-project.ch/api/proxy/iiif/JDG-1902-07-18-a-p0004/3293,937,265,62/full/0/default.jpg
ANNONCES	O	O	O	O	O	O	_	_	_	_	_	_
DIVERSES	O	O	O	O	O	O	_	_	EndOfLine	_	_	_
# segment_iiif_link = https://impresso-project.ch/api/proxy/iiif/JDG-1902-07-18-a-p0004/2937,1117,651,62/full/0/default.jpg
A	O	O	O	O	O	O	_	_	_	_	_	_
VENDRE	O	O	O	O	O	O	_	_	_	_	_	_
OU	O	O	O	O	O	O	_	_	_	_	_	_
A	O	O	O	O	O	O	_	_	_	_	_	_
LOUER	O	O	O	O	O	O	_	_	_	_	_	_
D	O	O	O	O	O	O	_	_	_	_	_	_
ension	O	O	O	O	O	O	_	_	NoSpaceAfter	_	_	_
-	O	O	O	O	O	O	_	_	NoSpaceAfter	_	_	_
famille	O	O	O	O	O	O	_	_	_	_	_	_
«	O	O	O	O	O	O	_	_	_	_	_	_
Le	O	O	O	O	O	O	_	_	_	_	_	_
Caprice	O	O	O	O	O	O	_	_	_	_	_	_
»	O	O	O	O	O	O	_	_	EndOfLine	_	_	_
# segment_iiif_link = https://impresso-project.ch/api/proxy/iiif/JDG-1902-07-18-a-p0004/3300,1012,288,49/full/0/default.jpg
à	O	O	O	O	O	O	_	_	_	_	_	_
Sacoann	O	O	O	O	O	O	_	_	_	_	_	_
Pommier	O	O	O	O	O	O	_	_	NoSpaceAfter	_	_	_
.	O	O	O	O	O	O	_	_	EndOfLine	EndOfSentence	_	_
# segment_iiif_link = https://impresso-project.ch/api/proxy/iiif/JDG-1902-07-18-a-p0004/3311,1034,278,49/full/0/default.jpg
Confort	O	O	O	O	O	O	_	_	_	_	_	_
mrderne	O	O	O	O	O	O	_	_	NoSpaceAfter	_	_	_
.	O	O	O	O	O	O	_	_	_	EndOfSentence	_	_
Boa	O	O	O	O	O	O	_	_	_	_	_	_
air	O	O	O	O	O	O	_	_	NoSpaceAfter	_	_	_
.	O	O	O	O	O	O	_	_	EndOfLine	EndOfSentence	_	_
# segment_iiif_link = https://impresso-project.ch/api/proxy/iiif/JDG-1902-07-18-a-p0004/3263,1056,327,49/full/0/default.jpg
Prix	O	O	O	O	O	O	_	_	_	_	_	_
modéré	O	O	O	O	O	O	_	_	NoSpaceAfter	_	_	_
.	O	O	O	O	O	O	_	_	_	EndOfSentence	_	_
4.84	O	O	O	O	O	O	_	_	EndOfLine	_	_	_
# segment_iiif_link = https://impresso-project.ch/api/proxy/iiif/JDG-1902-07-18-a-p0004/3296,1106,293,49/full/0/default.jpg
ans	O	O	O	O	O	O	_	_	_	_	_	_
petit	O	O	O	O	O	O	_	_	_	_	_	_
pensiornat	O	O	O	O	O	O	_	_	_	_	_	_
on	O	O	O	O	O	O	_	_	_	_	_	_
(	O	O	O	O	O	O	_	_	EndOfLine|NoSpaceAfter	_	_	_
# segment_iiif_link = https://impresso-project.ch/api/proxy/iiif/JDG-1902-07-18-a-p0004/3306,1128,283,49/full/0/default.jpg
f	O	O	O	O	O	O	_	_	NoSpaceAfter	_	_	_
-	O	O	O	O	O	O	_	_	NoSpaceAfter	_	_	_
Ire	O	O	O	O	O	O	_	_	_	_	_	_
i	O	O	O	O	O	O	_	_	_	_	_	_
himbre	O	O	O	O	O	O	_	_	_	_	_	_
tt	O	O	O	O	O	O	_	_	_	_	_	_
p	O	O	O	O	O	O	_	_	_	_	_	_
ns	O	O	O	O	O	O	_	_	NoSpaceAfter	_	_	_
'	O	O	O	O	O	O	_	_	NoSpaceAfter	_	_	_
oa	O	O	O	O	O	O	_	_	_	_	_	_
i	O	O	O	O	O	O	_	_	EndOfLine	_	_	_
# segment_iiif_link = https://impresso-project.ch/api/proxy/iiif/JDG-1902-07-18-a-p0004/3306,1150,284,49/full/0/default.jpg
dfmoisil	O	O	O	O	O	O	_	_	_	_	_	_
;	O	O	O	O	O	O	_	_	_	_	_	_
e	O	O	O	O	O	O	_	_	_	_	_	_
initruitp	O	O	O	O	O	O	_	_	NoSpaceAfter	_	_	_
,	O	O	O	O	O	O	_	_	_	_	_	_
de	O	O	O	O	O	O	_	_	EndOfLine	_	_	_
# segment_iiif_link = https://impresso-project.ch/api/proxy/iiif/JDG-1902-07-18-a-p0004/3265,1172,325,49/full/0/default.jpg
Ja"gu	O	O	O	O	O	O	_	_	NoSpaceAfter	_	_	_
"	O	O	O	O	O	O	_	_	NoSpaceAfter	_	_	_
)	O	O	O	O	O	O	_	_	_	_	_	_
trarçaisp	O	O	O	O	O	O	_	_	NoSpaceAfter	_	_	_
,	O	O	O	O	O	O	_	_	_	_	_	_
en	O	O	O	O	O	O	_	_	_	_	_	_
ichangs	O	O	O	O	O	O	_	_	EndOfLine	_	_	_
# segment_iiif_link = https://impresso-project.ch/api/proxy/iiif/JDG-1902-07-18-a-p0004/3265,1192,325,51/full/0/default.jpg
de	O	O	O	O	O	O	_	_	_	_	_	_
12	O	O	O	O	O	O	_	_	_	_	_	_
Irçous	O	O	O	O	O	O	_	_	_	_	_	_
pu	O	O	O	O	O	O	_	_	NoSpaceAfter	_	_	_
'	O	O	O	O	O	O	_	_	NoSpaceAfter	_	_	_
Mma	O	O	O	O	O	O	_	_	NoSpaceAfter	_	_	_
'	O	O	O	O	O	O	_	_	NoSpaceAfter	_	_	_
ine	O	O	O	O	O	O	_	_	NoSpaceAfter	_	_	_
.	O	O	O	O	O	O	_	_	EndOfLine	EndOfSentence	_	_
# segment_iiif_link = https://impresso-project.ch/api/proxy/iiif/JDG-1902-07-18-a-p0004/3265,1214,325,51/full/0/default.jpg
Ecrire	O	O	O	O	O	O	_	_	_	_	_	_
sous	O	O	O	O	O	O	_	_	_	_	_	_
Q	O	O	O	O	O	O	_	_	_	_	_	_
64	O	O	O	O	O	O	_	_	_	_	_	_
*	O	O	O	O	O	O	_	_	_	_	_	_
7	O	O	O	O	O	O	_	_	_	_	_	_
x	O	O	O	O	O	O	_	_	NoSpaceAfter	_	_	_
,	O	O	O	O	O	O	_	_	_	_	_	_
à	O	O	O	O	O	O	_	_	_	_	_	_
l	O	O	O	O	O	O	_	_	NoSpaceAfter	_	_	_
'	O	O	O	O	O	O	_	_	NoSpaceAfter	_	_	_
ag	O	O	O	O	O	O	_	_	_	_	_	_
*	O	O	O	O	O	O	_	_	EndOfLine	_	_	_
# segment_iiif_link = https://impresso-project.ch/api/proxy/iiif/JDG-1902-07-18-a-p0004/2932,1172,307,49/full/0/default.jpg
nâ	O	O	O	O	O	O	_	_	_	_	_	_
\	O	O	O	O	O	O	_	_	_	_	_	_
en	O	O	O	O	O	O	_	_	_	_	_	_
1	O	O	O	O	O	O	_	_	_	_	_	_
reoulouerj	O	O	O	O	O	O	_	_	_	_	_	_
>	O	O	O	O	O	O	_	_	_	_	_	_
llec	O	O	O	O	O	O	_	_	_	_	_	_
m	O	O	O	O	O	O	_	_	EndOfLine	_	_	_
# segment_iiif_link = https://impresso-project.ch/api/proxy/iiif/JDG-1902-07-18-a-p0004/2922,1192,324,49/full/0/default.jpg
'	O	O	O	O	O	O	_	_	NoSpaceAfter	_	_	_
Ai	O	O	O	O	O	O	_	_	_	_	_	_
pagaeomb	O	O	O	O	O	O	_	_	_	_	_	_
«	O	O	O	O	O	O	_	_	_	_	_	_
g	O	O	O	O	O	O	_	_	NoSpaceAfter	_	_	_
,	O	O	O	O	O	O	_	_	_	_	_	_
e	O	O	O	O	O	O	_	_	NoSpaceAfter	_	_	_
.	O	O	O	O	O	O	_	_	_	_	_	_
villa	O	O	O	O	O	O	_	_	_	_	_	_
il	O	O	O	O	O	O	_	_	EndOfLine	_	_	_
# segment_iiif_link = https://impresso-project.ch/api/proxy/iiif/JDG-1902-07-18-a-p0004/2924,1214,349,49/full/0/default.jpg
*	O	O	O	O	O	O	_	_	NoSpaceAfter	_	_	_
-	O	O	O	O	O	O	_	_	NoSpaceAfter	_	_	_
'	O	O	O	O	O	O	_	_	NoSpaceAfter	_	_	_
ÇTÈ	O	O	O	O	O	O	_	_	_	_	_	_
^	O	O	O	O	O	O	_	_	_	_	_	_
e	O	O	O	O	O	O	_	_	_	_	_	_
?	O	O	O	O	O	O	_	_	NoSpaceAfter	_	_	_
,	O	O	O	O	O	O	_	_	_	_	_	_
f	O	O	O	O	O	O	_	_	_	_	_	_
au	O	O	O	O	O	O	_	_	NoSpaceAfter	_	_	_
.	O	O	O	O	O	O	_	_	_	_	_	_
g	O	O	O	O	O	O	_	_	_	_	_	_
z	O	O	O	O	O	O	_	_	_	_	_	_
L	O	O	O	O	O	O	_	_	_	_	_	_
s	O	O	O	O	O	O	_	_	_	_	_	_
Sor	O	O	O	O	O	O	_	_	NoSpaceAfter	_	_	_
-	O	O	O	O	O	O	_	_	NoSpaceAfter	_	_	_
.	O	O	O	O	O	O	_	_	EndOfLine	_	_	_
# segment_iiif_link = https://impresso-project.ch/api/proxy/iiif/JDG-1902-07-18-a-p0004/2922,1236,670,51/full/0/default.jpg
»	O	O	O	O	O	O	_	_	_	_	_	_
W	O	O	O	O	O	O	_	_	NoSpaceAfter	_	_	_
.	O	O	O	O	O	O	_	_	_	_	_	_
rs	O	O	O	O	O	O	_	_	_	_	_	_
"	O	O	O	O	O	O	_	_	NoSpaceAfter	_	_	_
)	O	O	O	O	O	O	_	_	_	_	_	_
'	O	O	O	O	O	O	_	_	NoSpaceAfter	_	_	_
c	O	O	O	O	O	O	_	_	NoSpaceAfter	_	_	_
'	O	O	O	O	O	O	_	_	NoSpaceAfter	_	_	_
iemin	O	O	O	O	O	O	_	_	_	_	_	_
deia	O	O	O	O	O	O	_	_	_	_	_	_
MonUgift	O	O	O	O	O	O	_	_	NoSpaceAfter	_	_	_
,	O	O	O	O	O	O	_	_	NoSpaceAfter	_	_	_
'	O	O	O	O	O	O	_	_	NoSpaceAfter	_	_	_
ce	O	O	O	O	O	O	_	_	_	_	_	_
H	O	O	O	O	O	O	_	_	_	_	_	_
asenttein	O	O	O	O	O	O	_	_	_	_	_	_
&	O	O	O	O	O	O	_	_	_	_	_	_
Vôgler	O	O	O	O	O	O	_	_	NoSpaceAfter	_	_	_
,	O	O	O	O	O	O	_	_	EndOfLine	_	_	_
# segment_iiif_link = https://impresso-project.ch/api/proxy/iiif/JDG-1902-07-18-a-p0004/2922,1258,667,49/full/0/default.jpg
Ch	O	O	O	O	O	O	_	_	NoSpaceAfter	_	_	_
'	O	O	O	O	O	O	_	_	NoSpaceAfter	_	_	_
ê	O	O	O	O	O	O	_	_	_	_	_	_
ie	O	O	O	O	O	O	_	_	_	_	_	_
Eoageries	O	O	O	O	O	O	_	_	NoSpaceAfter	_	_	_
.	O	O	O	O	O	O	_	_	_	EndOfSentence	_	_
49.8	O	O	O	O	O	O	_	_	_	_	_	_
nève	O	O	O	O	O	O	_	_	NoSpaceAfter	_	_	_
.	O	O	O	O	O	O	_	_	_	EndOfSentence	_	_
4894	O	O	O	O	O	O	_	_	EndOfLine	_	_	_
# segment_iiif_link = https://impresso-project.ch/api/proxy/iiif/JDG-1902-07-18-a-p0004/2952,1296,636,49/full/0/default.jpg
N	O	O	O	O	O	O	_	_	NoSpaceAfter	_	_	_
.	O	O	O	O	O	O	_	_	_	_	_	_
B	O	O	O	O	O	O	_	_	NoSpaceAfter	_	_	_
.	O	O	O	O	O	O	_	_	_	_	_	_
Ces	O	O	O	O	O	O	_	_	_	_	_	_
annonces	O	O	O	O	O	O	_	_	_	_	_	_
ne	O	O	O	O	O	O	_	_	_	_	_	_
sont	O	O	O	O	O	O	_	_	_	_	_	_
reçues	O	O	O	O	O	O	_	_	_	_	_	_
que	O	O	O	O	O	O	_	_	_	_	_	_
pour	O	O	O	O	O	O	_	_	EndOfLine	_	_	_
# segment_iiif_link = https://impresso-project.ch/api/proxy/iiif/JDG-1902-07-18-a-p0004/2922,1331,528,49/full/0/default.jpg
les	O	O	O	O	O	O	_	_	_	_	_	_
numéros	O	O	O	O	O	O	_	_	_	_	_	_
des	O	O	O	O	O	O	_	_	_	_	_	_
mardis	O	O	O	O	O	O	_	_	_	_	_	_
et	O	O	O	O	O	O	_	_	_	_	_	_
vendredis	O	O	O	O	O	O	_	_	NoSpaceAfter	_	_	_
.	O	O	O	O	O	O	_	_	EndOfLine	EndOfSentence	_	_

# language = fr
# newspaper = JDG
# date = 1914-09-04
# document_id = JDG-1914-09-04-a-i0022
# news-agency-as-source = Q552226, Q2826560
# segment_iiif_link = https://impresso-project.ch/api/proxy/iiif/JDG-1914-09-04-a-p0002/2275,3150,4,49/full/0/default.jpg
j	O	O	O	O	O	O	_	_	EndOfLine	_	_	_
# segment_iiif_link = https://impresso-project.ch/api/proxy/iiif/JDG-1914-09-04-a-p0002/2275,3205,4,51/full/0/default.jpg
i	O	O	O	O	O	O	_	_	EndOfLine	_	_	_
# segment_iiif_link = https://impresso-project.ch/api/proxy/iiif/JDG-1914-09-04-a-p0002/1943,3619,301,40/full/0/default.jpg
1	O	O	O	O	O	O	_	_	_	_	_	_
.	O	O	O	O	O	O	_	_	NoSpaceAfter	EndOfSentence	_	_
.	O	O	O	O	O	O	_	_	_	EndOfSentence	_	_
Paiis	O	O	O	O	O	O	_	_	_	_	_	_
;	O	O	O	O	O	O	_	_	_	_	_	_
3	O	O	O	O	O	O	_	_	NoSpaceAfter	_	_	_
.	O	O	O	O	O	O	_	_	_	EndOfSentence	_	_
septembre	O	O	O	O	O	O	_	_	NoSpaceAfter	_	_	_
.	O	O	O	O	O	O	_	_	EndOfLine	EndOfSentence	_	_
# segment_iiif_link = https://impresso-project.ch/api/proxy/iiif/JDG-1914-09-04-a-p0002/1773,3669,501,49/full/0/default.jpg
Le	O	O	O	O	O	O	_	_	_	_	_	_
président	O	O	O	O	O	O	_	_	_	_	_	_
de	O	O	O	O	O	O	_	_	_	_	_	_
la	O	O	O	O	O	O	_	_	_	_	_	_
république	O	O	O	O	O	O	_	_	_	_	_	_
et	O	O	O	O	O	O	_	_	_	_	_	_
le	O	O	O	O	O	O	_	_	EndOfLine	_	_	_
# segment_iiif_link = https://impresso-project.ch/api/proxy/iiif/JDG-1914-09-04-a-p0002/1745,3704,528,51/full/0/default.jpg
président	O	O	O	O	O	O	_	_	_	_	_	_
du	O	O	O	O	O	O	_	_	_	_	_	_
gouvernement	O	O	O	O	O	O	_	_	_	_	_	_
ont	O	O	O	O	O	O	_	_	_	_	_	_
décidé	O	O	O	O	O	O	_	_	EndOfLine	_	_	_
# segment_iiif_link = https://impresso-project.ch/api/proxy/iiif/JDG-1914-09-04-a-p0002/1745,3736,385,51/full/0/default.jpg
d	O	O	O	O	O	O	_	_	NoSpaceAfter	_	_	_
'	O	O	O	O	O	O	_	_	NoSpaceAfter	_	_	_
adresser	O	O	O	O	O	O	_	_	_	_	_	_
au	O	O	O	O	O	O	_	_	_	_	_	_
pays	O	O	O	O	O	O	_	_	_	_	_	_
le	O	O	O	O	O	O	_	_	_	_	_	_
manifeste	O	O	O	O	O	O	_	_	_	_	_	_
suivant	O	O	O	O	O	O	_	_	_	_	_	_
:	O	O	O	O	O	O	_	_	EndOfLine	_	_	_
# segment_iiif_link = https://impresso-project.ch/api/proxy/iiif/JDG-1914-09-04-a-p0002/1859,3773,121,49/full/0/default.jpg
Français	O	O	O	O	O	O	_	_	_	_	_	_
!	O	O	O	O	O	O	_	_	EndOfLine	EndOfSentence	_	_
# segment_iiif_link = https://impresso-project.ch/api/proxy/iiif/JDG-1914-09-04-a-p0002/1776,3802,517,51/full/0/default.jpg
Bepuis	O	O	O	O	O	O	_	_	_	_	_	_
plusieurs	O	O	O	O	O	O	_	_	_	_	_	_
semaines	O	O	O	O	O	O	_	_	_	_	_	_
des	O	O	O	O	O	O	_	_	_	_	_	_
combats	O	O	O	O	O	O	_	_	EndOfLine	_	_	_
# segment_iiif_link = https://impresso-project.ch/api/proxy/iiif/JDG-1914-09-04-a-p0002/1773,3828,494,51/full/0/default.jpg
,	O	O	O	O	O	O	_	_	NoSpaceAfter	_	_	_
.	O	O	O	O	O	O	_	_	NoSpaceAfter	EndOfSentence	_	_
.	O	O	O	O	O	O	_	_	NoSpaceAfter	_	_	_
,	O	O	O	O	O	O	_	_	NoSpaceAfter	_	_	_
,	O	O	O	O	O	O	_	_	_	_	_	_
!	O	O	O	O	O	O	_	_	NoSpaceAfter	EndOfSentence	_	_
,	O	O	O	O	O	O	_	_	_	_	_	_
„	O	O	O	O	O	O	_	_	_	_	_	_
.	O	O	O	O	O	O	_	_	NoSpaceAfter	EndOfSentence	_	_
.	O	O	O	O	O	O	_	_	_	EndOfSentence	_	_
„	O	O	O	O	O	O	_	_	_	_	_	_
,	O	O	O	O	O	O	_	_	NoSpaceAfter	_	_	_
,	O	O	O	O	O	O	_	_	NoSpaceAfter	_	_	_
.	O	O	O	O	O	O	_	_	NoSpaceAfter	_	_	_
.	O	O	O	O	O	O	_	_	NoSpaceAfter	_	_	_
.	O	O	O	O	O	O	_	_	_	_	_	_
*	O	O	O	O	O	O	_	_	_	_	_	_
.	O	O	O	O	O	O	_	_	NoSpaceAfter	_	_	_
.	O	O	O	O	O	O	_	_	NoSpaceAfter	_	_	_
.	O	O	O	O	O	O	_	_	NoSpaceAfter	_	_	_
.	O	O	O	O	O	O	_	_	NoSpaceAfter	EndOfSentence	_	_
,	O	O	O	O	O	O	_	_	_	_	_	_
„	O	O	O	O	O	O	_	_	_	_	_	_
.	O	O	O	O	O	O	_	_	NoSpaceAfter	EndOfSentence	_	_
,	O	O	O	O	O	O	_	_	_	_	_	_
„	O	O	O	O	O	O	_	_	NoSpaceAfter	_	_	_
„	O	O	O	O	O	O	_	_	NoSpaceAfter	_	_	_
'	O	O	O	O	O	O	_	_	NoSpaceAfter	_	_	_
,	O	O	O	O	O	O	_	_	_	_	_	_
„	O	O	O	O	O	O	_	_	NoSpaceAfter	_	_	_
,	O	O	O	O	O	O	_	_	_	_	_	_
„	O	O	O	O	O	O	_	_	EndOfLine	_	_	_
# segment_iiif_link = https://impresso-project.ch/api/proxy/iiif/JDG-1914-09-04-a-p0002/1749,4347,526,49/full/0/default.jpg
temps	O	O	O	O	O	O	_	_	_	_	_	_
sur	O	O	O	O	O	O	_	_	_	_	_	_
ic	O	O	O	O	O	O	_	_	_	_	_	_
reste	O	O	O	O	O	O	_	_	_	_	_	_
du	O	O	O	O	O	O	_	_	_	_	_	_
territoire	O	O	O	O	O	O	_	_	NoSpaceAfter	_	_	_
.	O	O	O	O	O	O	_	_	_	EndOfSentence	_	_
Sans	O	O	O	O	O	O	_	_	_	_	_	_
paix	O	O	O	O	O	O	_	_	NoSpaceAfter	_	_	_
,	O	O	O	O	O	O	_	_	EndOfLine	_	_	_
# segment_iiif_link = https://impresso-project.ch/api/proxy/iiif/JDG-1914-09-04-a-p0002/1745,3848,528,49/full/0/default.jpg
acharnés	O	O	O	O	O	O	_	_	_	_	_	_
mettent	O	O	O	O	O	O	_	_	_	_	_	_
aux	O	O	O	O	O	O	_	_	_	_	_	_
prises	O	O	O	O	O	O	_	_	_	_	_	_
nos	O	O	O	O	O	O	_	_	_	_	_	_
troupes	O	O	O	O	O	O	_	_	EndOfLine	_	_	_
# segment_iiif_link = https://impresso-project.ch/api/proxy/iiif/JDG-1914-09-04-a-p0002/1747,3880,528,51/full/0/default.jpg
héroïques	O	O	O	O	O	O	_	_	_	_	_	_
et	O	O	O	O	O	O	_	_	_	_	_	_
l	O	O	O	O	O	O	_	_	NoSpaceAfter	_	_	_
'	O	O	O	O	O	O	_	_	NoSpaceAfter	_	_	_
armée	O	O	O	O	O	O	_	_	_	_	_	_
ennemie	O	O	O	O	O	O	_	_	NoSpaceAfter	_	_	_
.	O	O	O	O	O	O	_	_	_	EndOfSentence	_	_
La	O	O	O	O	O	O	_	_	_	_	_	_
vaillance	O	O	O	O	O	O	_	_	EndOfLine	_	_	_
# segment_iiif_link = https://impresso-project.ch/api/proxy/iiif/JDG-1914-09-04-a-p0002/1747,3909,523,49/full/0/default.jpg
de	O	O	O	O	O	O	_	_	_	_	_	_
nos	O	O	O	O	O	O	_	_	_	_	_	_
soldats	O	O	O	O	O	O	_	_	_	_	_	_
leur	O	O	O	O	O	O	_	_	_	_	_	_
valut	O	O	O	O	O	O	_	_	NoSpaceAfter	_	_	_
,	O	O	O	O	O	O	_	_	_	_	_	_
sur	O	O	O	O	O	O	_	_	_	_	_	_
plusieurs	O	O	O	O	O	O	_	_	EndOfLine	_	_	_
# segment_iiif_link = https://impresso-project.ch/api/proxy/iiif/JDG-1914-09-04-a-p0002/1747,3936,527,49/full/0/default.jpg
points	O	O	O	O	O	O	_	_	NoSpaceAfter	_	_	_
,	O	O	O	O	O	O	_	_	_	_	_	_
des	O	O	O	O	O	O	_	_	_	_	_	_
avantages	O	O	O	O	O	O	_	_	_	_	_	_
marqués	O	O	O	O	O	O	_	_	NoSpaceAfter	_	_	_
,	O	O	O	O	O	O	_	_	_	_	_	_
mais	O	O	O	O	O	O	_	_	_	_	_	_
au	O	O	O	O	O	O	_	_	EndOfLine	_	_	_
# segment_iiif_link = https://impresso-project.ch/api/proxy/iiif/JDG-1914-09-04-a-p0002/1747,3968,531,49/full/0/default.jpg
nord	O	O	O	O	O	O	_	_	NoSpaceAfter	_	_	_
,	O	O	O	O	O	O	_	_	_	_	_	_
la	O	O	O	O	O	O	_	_	_	_	_	_
poussée	O	O	O	O	O	O	_	_	_	_	_	_
des	O	O	O	O	O	O	_	_	_	_	_	_
forces	O	O	O	O	O	O	_	_	_	_	_	_
allemandes	O	O	O	O	O	O	_	_	_	_	_	_
nous	O	O	O	O	O	O	_	_	EndOfLine	_	_	_
# segment_iiif_link = https://impresso-project.ch/api/proxy/iiif/JDG-1914-09-04-a-p0002/1747,3999,328,49/full/0/default.jpg
contraignit	O	O	O	O	O	O	_	_	_	_	_	_
do	O	O	O	O	O	O	_	_	_	_	_	_
nous	O	O	O	O	O	O	_	_	_	_	_	_
replier	O	O	O	O	O	O	_	_	NoSpaceAfter	_	_	_
.	O	O	O	O	O	O	_	_	EndOfLine	EndOfSentence	_	_
# segment_iiif_link = https://impresso-project.ch/api/proxy/iiif/JDG-1914-09-04-a-p0002/1776,4028,500,49/full/0/default.jpg
Cette	O	O	O	O	O	O	_	_	_	_	_	_
situation	O	O	O	O	O	O	_	_	_	_	_	_
impose	O	O	O	O	O	O	_	_	_	_	_	_
aux	O	O	O	O	O	O	_	_	_	_	_	_
présidents	O	O	O	O	O	O	_	_	_	_	_	_
de	O	O	O	O	O	O	_	_	EndOfLine	_	_	_
# segment_iiif_link = https://impresso-project.ch/api/proxy/iiif/JDG-1914-09-04-a-p0002/1747,4057,526,49/full/0/default.jpg
la	O	O	O	O	O	O	_	_	_	_	_	_
république	O	O	O	O	O	O	_	_	_	_	_	_
et	O	O	O	O	O	O	_	_	_	_	_	_
du	O	O	O	O	O	O	_	_	_	_	_	_
gouvernement	O	O	O	O	O	O	_	_	_	_	_	_
une	O	O	O	O	O	O	_	_	EndOfLine	_	_	_
# segment_iiif_link = https://impresso-project.ch/api/proxy/iiif/JDG-1914-09-04-a-p0002/1749,4096,523,49/full/0/default.jpg
décision	O	O	O	O	O	O	_	_	_	_	_	_
douloureuse	O	O	O	O	O	O	_	_	NoSpaceAfter	_	_	_
.	O	O	O	O	O	O	_	_	_	EndOfSentence	_	_
Pour	O	O	O	O	O	O	_	_	_	_	_	_
veiller	O	O	O	O	O	O	_	_	_	_	_	_
au	O	O	O	O	O	O	_	_	_	_	_	_
salut	O	O	O	O	O	O	_	_	EndOfLine	_	_	_
# segment_iiif_link = https://impresso-project.ch/api/proxy/iiif/JDG-1914-09-04-a-p0002/1749,4125,524,49/full/0/default.jpg
national	O	O	O	O	O	O	_	_	NoSpaceAfter	_	_	_
,	O	O	O	O	O	O	_	_	_	_	_	_
les	O	O	O	O	O	O	_	_	_	_	_	_
pouvoirs	O	O	O	O	O	O	_	_	_	_	_	_
publics	O	O	O	O	O	O	_	_	_	_	_	_
ont	O	O	O	O	O	O	_	_	_	_	_	_
le	O	O	O	O	O	O	_	_	_	_	_	_
devoir	O	O	O	O	O	O	_	_	EndOfLine	_	_	_
# segment_iiif_link = https://impresso-project.ch/api/proxy/iiif/JDG-1914-09-04-a-p0002/1749,4156,527,49/full/0/default.jpg
de	O	O	O	O	O	O	_	_	_	_	_	_
s	O	O	O	O	O	O	_	_	NoSpaceAfter	_	_	_
'	O	O	O	O	O	O	_	_	NoSpaceAfter	_	_	_
éloigner	O	O	O	O	O	O	_	_	_	_	_	_
pour	O	O	O	O	O	O	_	_	_	_	_	_
un	O	O	O	O	O	O	_	_	_	_	_	_
instant	O	O	O	O	O	O	_	_	_	_	_	_
de	O	O	O	O	O	O	_	_	_	_	_	_
la	O	O	O	O	O	O	_	_	_	_	_	_
ville	O	O	O	O	O	O	_	_	_	_	_	_
do	O	O	O	O	O	O	_	_	EndOfLine	_	_	_
# segment_iiif_link = https://impresso-project.ch/api/proxy/iiif/JDG-1914-09-04-a-p0002/1749,4188,529,51/full/0/default.jpg
Paris	O	O	O	O	O	O	_	_	NoSpaceAfter	_	_	_
.	O	O	O	O	O	O	_	_	_	EndOfSentence	_	_
Sous	O	O	O	O	O	O	_	_	_	_	_	_
le	O	O	O	O	O	O	_	_	_	_	_	_
commandement	O	O	O	O	O	O	_	_	_	_	_	_
d	O	O	O	O	O	O	_	_	NoSpaceAfter	_	_	_
'	O	O	O	O	O	O	_	_	NoSpaceAfter	_	_	_
un	O	O	O	O	O	O	_	_	_	_	_	_
chef	O	O	O	O	O	O	_	_	EndOfLine	_	_	_
# segment_iiif_link = https://impresso-project.ch/api/proxy/iiif/JDG-1914-09-04-a-p0002/1747,4219,530,49/full/0/default.jpg
émincut	O	O	O	O	O	O	_	_	NoSpaceAfter	_	_	_
,	O	O	O	O	O	O	_	_	_	_	_	_
l	O	O	O	O	O	O	_	_	NoSpaceAfter	_	_	_
'	O	O	O	O	O	O	_	_	NoSpaceAfter	_	_	_
armée	O	O	O	O	O	O	_	_	_	_	_	_
française	O	O	O	O	O	O	_	_	NoSpaceAfter	_	_	_
,	O	O	O	O	O	O	_	_	_	_	_	_
pleine	O	O	O	O	O	O	_	_	_	_	_	_
de	O	O	O	O	O	O	_	_	EndOfLine	_	_	_
# segment_iiif_link = https://impresso-project.ch/api/proxy/iiif/JDG-1914-09-04-a-p0002/1749,4252,525,49/full/0/default.jpg
courag	O	O	O	O	O	O	_	_	_	_	_	_
«	O	O	O	O	O	O	_	_	_	_	_	_
et	O	O	O	O	O	O	_	_	_	_	_	_
d	O	O	O	O	O	O	_	_	NoSpaceAfter	_	_	_
'	O	O	O	O	O	O	_	_	NoSpaceAfter	_	_	_
entrain	O	O	O	O	O	O	_	_	_	_	_	_
défendra	O	O	O	O	O	O	_	_	NoSpaceAfter	_	_	_
,	O	O	O	O	O	O	_	_	_	_	_	_
contre	O	O	O	O	O	O	_	_	EndOfLine	_	_	_
# segment_iiif_link = https://impresso-project.ch/api/proxy/iiif/JDG-1914-09-04-a-p0002/1749,4286,525,49/full/0/default.jpg
scw	O	O	O	O	O	O	_	_	NoSpaceAfter	_	_	_
.	O	O	O	O	O	O	_	_	NoSpaceAfter	_	_	_
'	O	O	O	O	O	O	_	_	NoSpaceAfter	_	_	_
»	O	O	O	O	O	O	_	_	_	_	_	_
capitale	O	O	O	O	O	O	_	_	_	_	_	_
et	O	O	O	O	O	O	_	_	_	_	_	_
ta	O	O	O	O	O	O	_	_	_	_	_	_
patriotique	O	O	O	O	O	O	_	_	_	_	_	_
population	O	O	O	O	O	O	_	_	NoSpaceAfter	_	_	_
.	O	O	O	O	O	O	_	_	EndOfLine	EndOfSentence	_	_
# segment_iiif_link = https://impresso-project.ch/api/proxy/iiif/JDG-1914-09-04-a-p0002/1749,4316,525,51/full/0/default.jpg
Mais	O	O	O	O	O	O	_	_	_	_	_	_
la	O	O	O	O	O	O	_	_	_	_	_	_
«	O	O	O	O	O	O	_	_	NoSpaceAfter	_	_	_
«	O	O	O	O	O	O	_	_	_	_	_	_
erre	O	O	O	O	O	O	_	_	_	_	_	_
doit	O	O	O	O	O	O	_	_	_	_	_	_
se	O	O	O	O	O	O	_	_	_	_	_	_
poursuivre	O	O	O	O	O	O	_	_	_	_	_	_
en	O	O	O	O	O	O	_	_	_	_	_	_
même	O	O	O	O	O	O	_	_	EndOfLine	_	_	_
# segment_iiif_link = https://impresso-project.ch/api/proxy/iiif/JDG-1914-09-04-a-p0002/1771,3423,308,95/full/0/default.jpg
Le	O	O	O	O	O	O	_	_	_	_	_	_
giftpiint	O	O	O	O	O	O	_	_	EndOfLine	_	_	_
# segment_iiif_link = https://impresso-project.ch/api/proxy/iiif/JDG-1914-09-04-a-p0002/2262,431,531,49/full/0/default.jpg
des	O	O	O	O	O	O	_	_	_	_	_	_
recrues	O	O	O	O	O	O	_	_	_	_	_	_
nous	O	O	O	O	O	O	_	_	_	_	_	_
assure	O	O	O	O	O	O	_	_	_	_	_	_
pour	O	O	O	O	O	O	_	_	_	_	_	_
demain	O	O	O	O	O	O	_	_	_	_	_	_
de	O	O	O	O	O	O	_	_	EndOfLine	_	_	_
# segment_iiif_link = https://impresso-project.ch/api/proxy/iiif/JDG-1914-09-04-a-p0002/2260,460,531,49/full/0/default.jpg
nouvelles	O	O	O	O	O	O	_	_	_	_	_	_
ressources	O	O	O	O	O	O	_	_	_	_	_	_
d	O	O	O	O	O	O	_	_	NoSpaceAfter	_	_	_
'	O	O	O	O	O	O	_	_	NoSpaceAfter	_	_	_
hommes	O	O	O	O	O	O	_	_	_	_	_	_
énergiques	O	O	O	O	O	O	_	_	NoSpaceAfter	_	_	_
,	O	O	O	O	O	O	_	_	EndOfLine	_	_	_
# segment_iiif_link = https://impresso-project.ch/api/proxy/iiif/JDG-1914-09-04-a-p0002/2292,492,500,49/full/0/default.jpg
Durer	O	O	O	O	O	O	_	_	_	_	_	_
et	O	O	O	O	O	O	_	_	_	_	_	_
combattre	O	O	O	O	O	O	_	_	_	_	_	_
!	O	O	O	O	O	O	_	_	_	_	_	_
tel	O	O	O	O	O	O	_	_	_	_	_	_
doit	O	O	O	O	O	O	_	_	_	_	_	_
être	O	O	O	O	O	O	_	_	_	_	_	_
le	O	O	O	O	O	O	_	_	EndOfLine	_	_	_
# segment_iiif_link = https://impresso-project.ch/api/proxy/iiif/JDG-1914-09-04-a-p0002/2262,521,535,49/full/0/default.jpg
mot	O	O	O	O	O	O	_	_	_	_	_	_
d	O	O	O	O	O	O	_	_	NoSpaceAfter	_	_	_
'	O	O	O	O	O	O	_	_	NoSpaceAfter	_	_	_
ordre	O	O	O	O	O	O	_	_	_	_	_	_
des	O	O	O	O	O	O	_	_	_	_	_	_
armées	O	O	O	O	O	O	_	_	_	_	_	_
alliéesanglaise	O	O	O	O	O	O	_	_	NoSpaceAfter	_	_	_
,	O	O	O	O	O	O	_	_	_	_	_	_
russe	O	O	O	O	O	O	_	_	NoSpaceAfter	_	_	_
,	O	O	O	O	O	O	_	_	EndOfLine	_	_	_
# segment_iiif_link = https://impresso-project.ch/api/proxy/iiif/JDG-1914-09-04-a-p0002/2262,550,225,49/full/0/default.jpg
{	O	O	O	O	O	O	_	_	NoSpaceAfter	_	_	_
,	O	O	O	O	O	O	_	_	_	_	_	_
eîge	O	O	O	O	O	O	_	_	_	_	_	_
et	O	O	O	O	O	O	_	_	_	_	_	_
française	O	O	O	O	O	O	_	_	NoSpaceAfter	_	_	_
.	O	O	O	O	O	O	_	_	EndOfLine	_	_	_
# segment_iiif_link = https://impresso-project.ch/api/proxy/iiif/JDG-1914-09-04-a-p0002/2262,303,528,49/full/0/default.jpg
Aucune	O	O	O	O	O	O	_	_	_	_	_	_
de	O	O	O	O	O	O	_	_	_	_	_	_
nos	O	O	O	O	O	O	_	_	_	_	_	_
années	O	O	O	O	O	O	_	_	_	_	_	_
n	O	O	O	O	O	O	_	_	NoSpaceAfter	_	_	_
'	O	O	O	O	O	O	_	_	NoSpaceAfter	_	_	_
est	O	O	O	O	O	O	_	_	_	_	_	_
entamée	O	O	O	O	O	O	_	_	_	_	_	_
;	O	O	O	O	O	O	_	_	_	_	_	_
si	O	O	O	O	O	O	_	_	EndOfLine	_	_	_
# segment_iiif_link = https://impresso-project.ch/api/proxy/iiif/JDG-1914-09-04-a-p0002/2262,334,530,49/full/0/default.jpg
quelques	O	O	O	O	O	O	_	_	NoSpaceAfter	_	_	_
-	O	O	O	O	O	O	_	_	NoSpaceAfter	_	_	_
unes	O	O	O	O	O	O	_	_	_	_	_	_
d	O	O	O	O	O	O	_	_	NoSpaceAfter	_	_	_
'	O	O	O	O	O	O	_	_	NoSpaceAfter	_	_	_
entre	O	O	O	O	O	O	_	_	_	_	_	_
elles	O	O	O	O	O	O	_	_	_	_	_	_
ont	O	O	O	O	O	O	_	_	_	_	_	_
subi	O	O	O	O	O	O	_	_	_	_	_	_
des	O	O	O	O	O	O	_	_	EndOfLine	_	_	_
# segment_iiif_link = https://impresso-project.ch/api/proxy/iiif/JDG-1914-09-04-a-p0002/2260,365,531,49/full/0/default.jpg
pertes	O	O	O	O	O	O	_	_	_	_	_	_
trop	O	O	O	O	O	O	_	_	_	_	_	_
sensibles	O	O	O	O	O	O	_	_	NoSpaceAfter	_	_	_
,	O	O	O	O	O	O	_	_	_	_	_	_
les	O	O	O	O	O	O	_	_	_	_	_	_
vides	O	O	O	O	O	O	_	_	_	_	_	_
furent	O	O	O	O	O	O	_	_	EndOfLine	_	_	_
# segment_iiif_link = https://impresso-project.ch/api/proxy/iiif/JDG-1914-09-04-a-p0002/2262,396,529,49/full/0/default.jpg
immédiatement	O	O	O	O	O	O	_	_	_	_	_	_
comblés	O	O	O	O	O	O	_	_	_	_	_	_
par	O	O	O	O	O	O	_	_	_	_	_	_
les	O	O	O	O	O	O	_	_	_	_	_	_
dépôts	O	O	O	O	O	O	_	_	_	_	_	_
et	O	O	O	O	O	O	_	_	_	_	_	_
l	O	O	O	O	O	O	_	_	NoSpaceAfter	_	_	_
'	O	O	O	O	O	O	_	_	NoSpaceAfter	_	_	_
appel	O	O	O	O	O	O	_	_	EndOfLine	_	_	_
# segment_iiif_link = https://impresso-project.ch/api/proxy/iiif/JDG-1914-09-04-a-p0002/2294,583,499,51/full/0/default.jpg
Durer	O	O	O	O	O	O	_	_	_	_	_	_
et	O	O	O	O	O	O	_	_	_	_	_	_
combattre	O	O	O	O	O	O	_	_	_	_	_	_
pendant	O	O	O	O	O	O	_	_	_	_	_	_
que	O	O	O	O	O	O	_	_	_	_	_	_
sur	O	O	O	O	O	O	_	_	EndOfLine	_	_	_
# segment_iiif_link = https://impresso-project.ch/api/proxy/iiif/JDG-1914-09-04-a-p0002/2262,625,522,40/full/0/default.jpg
mcr	O	O	O	O	O	O	_	_	_	_	_	_
IeS	O	O	O	O	O	O	_	_	NoSpaceAfter	_	_	_
.	O	O	O	O	O	O	_	_	_	_	_	_
"	O	O	O	O	O	O	_	_	_	_	_	_
?	O	O	O	O	O	O	_	_	_	_	_	_
lais	O	O	O	O	O	O	_	_	_	_	_	_
"	O	O	O	O	O	O	_	_	_	_	_	_
OHS	O	O	O	O	O	O	_	_	_	_	_	_
aident	O	O	O	O	O	O	_	_	_	_	_	_
à	O	O	O	O	O	O	_	_	NoSpaceAfter	_	_	_
.	O	O	O	O	O	O	_	_	_	_	_	_
P	O	O	O	O	O	O	_	_	NoSpaceAfter	_	_	_
'	O	O	O	O	O	O	_	_	NoSpaceAfter	_	_	_
?	O	O	O	O	O	O	_	_	EndOfLine	_	_	_
# segment_iiif_link = https://impresso-project.ch/api/proxy/iiif/JDG-1914-09-04-a-p0002/2262,655,532,49/full/0/default.jpg
communications	O	O	O	O	O	O	_	_	_	_	_	_
de	O	O	O	O	O	O	_	_	_	_	_	_
nos	O	O	O	O	O	O	_	_	_	_	_	_
ennemis	O	O	O	O	O	O	_	_	_	_	_	_
avec	O	O	O	O	O	O	_	_	_	_	_	_
le	O	O	O	O	O	O	_	_	EndOfLine	_	_	_
# segment_iiif_link = https://impresso-project.ch/api/proxy/iiif/JDG-1914-09-04-a-p0002/2260,678,92,49/full/0/default.jpg
monde	O	O	O	O	O	O	_	_	NoSpaceAfter	_	_	_
.	O	O	O	O	O	O	_	_	EndOfLine	_	_	_
# segment_iiif_link = https://impresso-project.ch/api/proxy/iiif/JDG-1914-09-04-a-p0002/2294,710,500,49/full/0/default.jpg
Durer	O	O	O	O	O	O	_	_	_	_	_	_
et	O	O	O	O	O	O	_	_	_	_	_	_
combattre	O	O	O	O	O	O	_	_	NoSpaceAfter	_	_	_
,	O	O	O	O	O	O	_	_	_	_	_	_
pendant	O	O	O	O	O	O	_	_	_	_	_	_
que	O	O	O	O	O	O	_	_	_	_	_	_
les	O	O	O	O	O	O	_	_	EndOfLine	_	_	_
# segment_iiif_link = https://impresso-project.ch/api/proxy/iiif/JDG-1914-09-04-a-p0002/2268,803,89,51/full/0/default.jpg
décisif	O	O	O	O	O	O	_	_	_	_	_	_
!	O	O	O	O	O	O	_	_	EndOfLine	_	_	_
# segment_iiif_link = https://impresso-project.ch/api/proxy/iiif/JDG-1914-09-04-a-p0002/2295,834,501,49/full/0/default.jpg
C	O	O	O	O	O	O	_	_	NoSpaceAfter	_	_	_
'	O	O	O	O	O	O	_	_	NoSpaceAfter	_	_	_
est	O	O	O	O	O	O	_	_	_	_	_	_
au	O	O	O	O	O	O	_	_	_	_	_	_
gouvernement	O	O	O	O	O	O	_	_	_	_	_	_
de	O	O	O	O	O	O	_	_	_	_	_	_
la	O	O	O	O	O	O	_	_	_	_	_	_
république	O	O	O	O	O	O	_	_	EndOfLine	_	_	_
# segment_iiif_link = https://impresso-project.ch/api/proxy/iiif/JDG-1914-09-04-a-p0002/2268,866,528,51/full/0/default.jpg
qu	O	O	O	O	O	O	_	_	NoSpaceAfter	_	_	_
'	O	O	O	O	O	O	_	_	NoSpaceAfter	_	_	_
il	O	O	O	O	O	O	_	_	_	_	_	_
appartient	O	O	O	O	O	O	_	_	_	_	_	_
de	O	O	O	O	O	O	_	_	_	_	_	_
diriger	O	O	O	O	O	O	_	_	_	_	_	_
cette	O	O	O	O	O	O	_	_	_	_	_	_
résistance	O	O	O	O	O	O	_	_	EndOfLine	_	_	_
# segment_iiif_link = https://impresso-project.ch/api/proxy/iiif/JDG-1914-09-04-a-p0002/2266,743,528,49/full/0/default.jpg
Russes	O	O	O	O	O	O	_	_	_	_	_	_
continuent	O	O	O	O	O	O	_	_	_	_	_	_
à	O	O	O	O	O	O	_	_	_	_	_	_
avancer	O	O	O	O	O	O	_	_	_	_	_	_
pour	O	O	O	O	O	O	_	_	_	_	_	_
porter	O	O	O	O	O	O	_	_	EndOfLine	_	_	_
# segment_iiif_link = https://impresso-project.ch/api/proxy/iiif/JDG-1914-09-04-a-p0002/2264,772,530,49/full/0/default.jpg
au	O	O	O	O	O	O	_	_	_	_	_	_
cœurjdcJ	O	O	O	O	O	O	_	_	NoSpaceAfter	_	_	_
'	O	O	O	O	O	O	_	_	NoSpaceAfter	_	_	_
empire	O	O	O	O	O	O	_	_	_	_	_	_
d	O	O	O	O	O	O	_	_	NoSpaceAfter	_	_	_
'	O	O	O	O	O	O	_	_	NoSpaceAfter	_	_	_
Allemagne	O	O	O	O	O	O	_	_	_	_	_	_
un	O	O	O	O	O	O	_	_	_	_	_	_
coup	O	O	O	O	O	O	_	_	EndOfLine	_	_	_
# segment_iiif_link = https://impresso-project.ch/api/proxy/iiif/JDG-1914-09-04-a-p0002/2268,882,528,31/full/0/default.jpg
H	O	O	O	O	O	O	_	_	_	_	_	_
*	O	O	O	O	O	O	_	_	NoSpaceAfter	_	_	_
*	O	O	O	O	O	O	_	_	NoSpaceAfter	_	_	_
*	O	O	O	O	O	O	_	_	_	_	_	_
t"J	O	O	O	O	O	O	_	_	_	_	_	_
*	O	O	O	O	O	O	_	_	_	_	_	_
JH	O	O	O	O	O	O	_	_	_	_	_	_
*	O	O	O	O	O	O	_	_	_	_	_	_
*	O	O	O	O	O	O	_	_	NoSpaceAfter	_	_	_
.	O	O	O	O	O	O	_	_	_	_	_	_
LIVKl	O	O	O	O	O	O	_	_	_	_	_	_
V	O	O	O	O	O	O	_	_	_	_	_	_
*	O	O	O	O	O	O	_	_	NoSpaceAfter	_	_	_
*	O	O	O	O	O	O	_	_	_	_	_	_
V	O	O	O	O	O	O	_	_	_	_	_	_
»	O	O	O	O	O	O	_	_	NoSpaceAfter	_	_	_
«	O	O	O	O	O	O	_	_	NoSpaceAfter	_	_	_
»	O	O	O	O	O	O	_	_	NoSpaceAfter	_	_	_
»	O	O	O	O	O	O	_	_	_	_	_	_
J	O	O	O	O	O	O	_	_	_	_	_	_
^	O	O	O	O	O	O	_	_	NoSpaceAfter	_	_	_
^	O	O	O	O	O	O	_	_	NoSpaceAfter	_	_	_
/	O	O	O	O	O	O	_	_	_	_	_	_
l	O	O	O	O	O	O	_	_	NoSpaceAfter	_	_	_
.	O	O	O	O	O	O	_	_	_	EndOfSentence	_	_
W	O	O	O	O	O	O	_	_	_	_	_	_
»	O	O	O	O	O	O	_	_	_	_	_	_
UV	O	O	O	O	O	O	_	_	_	_	_	_
A	O	O	O	O	O	O	_	_	_	_	_	_
^	O	O	O	O	O	O	_	_	NoSpaceAfter	_	_	_
/	O	O	O	O	O	O	_	_	_	_	_	_
vJ	O	O	O	O	O	O	_	_	NoSpaceAfter	_	_	_
.	O	O	O	O	O	O	_	_	_	EndOfSentence	_	_
Bki	O	O	O	O	O	O	_	_	_	_	_	_
«	O	O	O	O	O	O	_	_	_	_	_	_
-	O	O	O	O	O	O	_	_	NoSpaceAfter	_	_	_
l	O	O	O	O	O	O	_	_	_	_	_	_
*	O	O	O	O	O	O	_	_	_	_	_	_
uvf	O	O	O	O	O	O	_	_	_	_	_	_
\	O	O	O	O	O	O	_	_	_	_	_	_
j	O	O	O	O	O	O	_	_	EndOfLine	_	_	_
# segment_iiif_link = https://impresso-project.ch/api/proxy/iiif/JDG-1914-09-04-a-p0002/2262,904,532,38/full/0/default.jpg
Opiniatrc	O	O	O	O	O	O	_	_	NoSpaceAfter	_	_	_
.	O	O	O	O	O	O	_	_	_	EndOfSentence	_	_
Partout	O	O	O	O	O	O	_	_	NoSpaceAfter	_	_	_
,	O	O	O	O	O	O	_	_	_	_	_	_
pour	O	O	O	O	O	O	_	_	_	_	_	_
notreindépendance	O	O	O	O	O	O	_	_	NoSpaceAfter	_	_	_
,	O	O	O	O	O	O	_	_	EndOfLine	_	_	_
# segment_iiif_link = https://impresso-project.ch/api/proxy/iiif/JDG-1914-09-04-a-p0002/2266,1181,189,40/full/0/default.jpg
consfantes	O	O	O	O	O	O	_	_	_	_	_	_
avee	O	O	O	O	O	O	_	_	EndOfLine	_	_	_
# segment_iiif_link = https://impresso-project.ch/api/proxy/iiif/JDG-1914-09-04-a-p0002/2266,928,530,51/full/0/default.jpg
ies	O	O	O	O	O	O	_	_	_	_	_	_
Français	O	O	O	O	O	O	_	_	_	_	_	_
se	O	O	O	O	O	O	_	_	_	_	_	_
lèveront	O	O	O	O	O	O	_	_	NoSpaceAfter	_	_	_
,	O	O	O	O	O	O	_	_	_	_	_	_
mais	O	O	O	O	O	O	_	_	_	_	_	_
pour	O	O	O	O	O	O	_	_	_	_	_	_
donner	O	O	O	O	O	O	_	_	EndOfLine	_	_	_
# segment_iiif_link = https://impresso-project.ch/api/proxy/iiif/JDG-1914-09-04-a-p0002/2266,961,531,49/full/0/default.jpg
à	O	O	O	O	O	O	_	_	_	_	_	_
la	O	O	O	O	O	O	_	_	_	_	_	_
lutte	O	O	O	O	O	O	_	_	_	_	_	_
formidable	O	O	O	O	O	O	_	_	_	_	_	_
tout	O	O	O	O	O	O	_	_	_	_	_	_
son	O	O	O	O	O	O	_	_	_	_	_	_
élan	O	O	O	O	O	O	_	_	_	_	_	_
et	O	O	O	O	O	O	_	_	_	_	_	_
toute	O	O	O	O	O	O	_	_	EndOfLine	_	_	_
# segment_iiif_link = https://impresso-project.ch/api/proxy/iiif/JDG-1914-09-04-a-p0002/2266,990,532,51/full/0/default.jpg
son	O	O	O	O	O	O	_	_	_	_	_	_
efficacité	O	O	O	O	O	O	_	_	NoSpaceAfter	_	_	_
,	O	O	O	O	O	O	_	_	_	_	_	_
il	O	O	O	O	O	O	_	_	_	_	_	_
est	O	O	O	O	O	O	_	_	_	_	_	_
indispensable	O	O	O	O	O	O	_	_	_	_	_	_
que	O	O	O	O	O	O	_	_	_	_	_	_
le	O	O	O	O	O	O	_	_	EndOfLine	_	_	_
# segment_iiif_link = https://impresso-project.ch/api/proxy/iiif/JDG-1914-09-04-a-p0002/2266,1023,432,49/full/0/default.jpg
gouvernement	O	O	O	O	O	O	_	_	_	_	_	_
demeure	O	O	O	O	O	O	_	_	_	_	_	_
libre	O	O	O	O	O	O	_	_	_	_	_	_
d	O	O	O	O	O	O	_	_	NoSpaceAfter	_	_	_
'	O	O	O	O	O	O	_	_	NoSpaceAfter	_	_	_
agir	O	O	O	O	O	O	_	_	NoSpaceAfter	_	_	_
.	O	O	O	O	O	O	_	_	EndOfLine	EndOfSentence	_	_
# segment_iiif_link = https://impresso-project.ch/api/proxy/iiif/JDG-1914-09-04-a-p0002/2297,1054,500,49/full/0/default.jpg
A	O	O	O	O	O	O	_	_	_	_	_	_
ia	O	O	O	O	O	O	_	_	_	_	_	_
demande	O	O	O	O	O	O	_	_	_	_	_	_
de	O	O	O	O	O	O	_	_	_	_	_	_
l	O	O	O	O	O	O	_	_	NoSpaceAfter	_	_	_
'	O	O	O	O	O	O	_	_	NoSpaceAfter	_	_	_
autorité	O	O	O	O	O	O	_	_	_	_	_	_
militaire	O	O	O	O	O	O	_	_	NoSpaceAfter	_	_	_
,	O	O	O	O	O	O	_	_	EndOfLine	_	_	_
# segment_iiif_link = https://impresso-project.ch/api/proxy/iiif/JDG-1914-09-04-a-p0002/2266,1086,530,49/full/0/default.jpg
ïc	O	O	O	O	O	O	_	_	_	_	_	_
gouvernement	O	O	O	O	O	O	_	_	_	_	_	_
a	O	O	O	O	O	O	_	_	_	_	_	_
donc	O	O	O	O	O	O	_	_	_	_	_	_
transporté	O	O	O	O	O	O	_	_	EndOfLine	_	_	_
# segment_iiif_link = https://impresso-project.ch/api/proxy/iiif/JDG-1914-09-04-a-p0002/2270,1117,527,49/full/0/default.jpg
tanément	O	O	O	O	O	O	_	_	_	_	_	_
sa	O	O	O	O	O	O	_	_	_	_	_	_
résidence	O	O	O	O	O	O	_	_	_	_	_	_
sur	O	O	O	O	O	O	_	_	_	_	_	_
un	O	O	O	O	O	O	_	_	_	_	_	_
point	O	O	O	O	O	O	_	_	_	_	_	_
du	O	O	O	O	O	O	_	_	EndOfLine	_	_	_
# segment_iiif_link = https://impresso-project.ch/api/proxy/iiif/JDG-1914-09-04-a-p0002/2268,1148,532,49/full/0/default.jpg
territoire	O	O	O	O	O	O	_	_	_	_	_	_
où	O	O	O	O	O	O	_	_	_	_	_	_
il	O	O	O	O	O	O	_	_	_	_	_	_
puisse	O	O	O	O	O	O	_	_	_	_	_	_
rester	O	O	O	O	O	O	_	_	_	_	_	_
en	O	O	O	O	O	O	_	_	_	_	_	_
relations	O	O	O	O	O	O	_	_	EndOfLine	_	_	_
# segment_iiif_link = https://impresso-project.ch/api/proxy/iiif/JDG-1914-09-04-a-p0002/2614,1179,105,49/full/0/default.jpg
du	O	O	O	O	O	O	_	_	_	_	_	_
pays	O	O	O	O	O	O	_	_	NoSpaceAfter	_	_	_
.	O	O	O	O	O	O	_	_	EndOfLine	EndOfSentence	_	_
# segment_iiif_link = https://impresso-project.ch/api/proxy/iiif/JDG-1914-09-04-a-p0002/2270,1203,529,40/full/0/default.jpg
!	O	O	O	O	O	O	_	_	_	EndOfSentence	_	_
II	O	O	O	O	O	O	_	_	_	_	_	_
invite	O	O	O	O	O	O	_	_	_	_	_	_
les	O	O	O	O	O	O	_	_	_	_	_	_
membres	O	O	O	O	O	O	_	_	_	_	_	_
du	O	O	O	O	O	O	_	_	_	_	_	_
Parlement	O	O	O	O	O	O	_	_	_	_	_	_
âne	O	O	O	O	O	O	_	_	EndOfLine	_	_	_
# segment_iiif_link = https://impresso-project.ch/api/proxy/iiif/JDG-1914-09-04-a-p0002/2259,209,531,49/full/0/default.jpg
ni	O	O	O	O	O	O	_	_	_	_	_	_
trêve	O	O	O	O	O	O	_	_	NoSpaceAfter	_	_	_
,	O	O	O	O	O	O	_	_	_	_	_	_
sans	O	O	O	O	O	O	_	_	_	_	_	_
arrêt	O	O	O	O	O	O	_	_	_	_	_	_
ni	O	O	O	O	O	O	_	_	_	_	_	_
défaillance	O	O	O	O	O	O	_	_	NoSpaceAfter	_	_	_
,	O	O	O	O	O	O	_	_	_	_	_	_
elle	O	O	O	O	O	O	_	_	EndOfLine	_	_	_
# segment_iiif_link = https://impresso-project.ch/api/proxy/iiif/JDG-1914-09-04-a-p0002/2259,238,532,49/full/0/default.jpg
continuera	O	O	O	O	O	O	_	_	_	_	_	_
la	O	O	O	O	O	O	_	_	_	_	_	_
lutte	O	O	O	O	O	O	_	_	_	_	_	_
sacrée	O	O	O	O	O	O	_	_	_	_	_	_
pour	O	O	O	O	O	O	_	_	_	_	_	_
l	O	O	O	O	O	O	_	_	NoSpaceAfter	_	_	_
'	O	O	O	O	O	O	_	_	NoSpaceAfter	_	_	_
honneur	O	O	O	O	O	O	_	_	EndOfLine	_	_	_
# segment_iiif_link = https://impresso-project.ch/api/proxy/iiif/JDG-1914-09-04-a-p0002/2262,272,528,49/full/0/default.jpg
de	O	O	O	O	O	O	_	_	_	_	_	_
la	O	O	O	O	O	O	_	_	_	_	_	_
nation	O	O	O	O	O	O	_	_	_	_	_	_
et	O	O	O	O	O	O	_	_	_	_	_	_
la	O	O	O	O	O	O	_	_	_	_	_	_
réparation	O	O	O	O	O	O	_	_	_	_	_	_
du	O	O	O	O	O	O	_	_	_	_	_	_
droit	O	O	O	O	O	O	_	_	_	_	_	_
violé	O	O	O	O	O	O	_	_	NoSpaceAfter	_	_	_
.	O	O	O	O	O	O	_	_	EndOfLine	EndOfSentence	_	_
# segment_iiif_link = https://impresso-project.ch/api/proxy/iiif/JDG-1914-09-04-a-p0002/2270,1241,530,49/full/0/default.jpg
Jias	O	O	O	O	O	O	_	_	_	_	_	_
se	O	O	O	O	O	O	_	_	_	_	_	_
tenir	O	O	O	O	O	O	_	_	_	_	_	_
éloignés	O	O	O	O	O	O	_	_	_	_	_	_
de	O	O	O	O	O	O	_	_	_	_	_	_
lui	O	O	O	O	O	O	_	_	_	_	_	_
pour	O	O	O	O	O	O	_	_	_	_	_	_
pouvoir	O	O	O	O	O	O	_	_	EndOfLine	_	_	_
# segment_iiif_link = https://impresso-project.ch/api/proxy/iiif/JDG-1914-09-04-a-p0002/2264,1272,523,40/full/0/default.jpg
former	O	O	O	O	O	O	_	_	_	_	_	_
avec	O	O	O	O	O	O	_	_	_	_	_	_
Ienrs	O	O	O	O	O	O	_	_	_	_	_	_
collègues	O	O	O	O	O	O	_	_	_	_	_	_
un	O	O	O	O	O	O	_	_	_	_	_	_
faisceau	O	O	O	O	O	O	_	_	EndOfLine	_	_	_
# segment_iiif_link = https://impresso-project.ch/api/proxy/iiif/JDG-1914-09-04-a-p0002/2277,1307,210,49/full/0/default.jpg
fl	O	O	O	O	O	O	_	_	NoSpaceAfter	_	_	_
'	O	O	O	O	O	O	_	_	NoSpaceAfter	_	_	_
unfté	O	O	O	O	O	O	_	_	_	_	_	_
nationale	O	O	O	O	O	O	_	_	NoSpaceAfter	_	_	_
.	O	O	O	O	O	O	_	_	EndOfLine	EndOfSentence	_	_
# segment_iiif_link = https://impresso-project.ch/api/proxy/iiif/JDG-1914-09-04-a-p0002/2299,1337,500,49/full/0/default.jpg
Le	O	O	O	O	O	O	_	_	_	_	_	_
gouvernement	O	O	O	O	O	O	_	_	_	_	_	_
ne	O	O	O	O	O	O	_	_	_	_	_	_
quitte	O	O	O	O	O	O	_	_	_	_	_	_
Paris	O	O	O	O	O	O	_	_	_	_	_	_
qu	O	O	O	O	O	O	_	_	NoSpaceAfter	_	_	_
'	O	O	O	O	O	O	_	_	NoSpaceAfter	_	_	_
après	O	O	O	O	O	O	_	_	EndOfLine	_	_	_
# segment_iiif_link = https://impresso-project.ch/api/proxy/iiif/JDG-1914-09-04-a-p0002/2272,1366,529,49/full/0/default.jpg
avoir	O	O	O	O	O	O	_	_	_	_	_	_
assuré	O	O	O	O	O	O	_	_	_	_	_	_
ia	O	O	O	O	O	O	_	_	_	_	_	_
défense	O	O	O	O	O	O	_	_	_	_	_	_
de	O	O	O	O	O	O	_	_	_	_	_	_
la	O	O	O	O	O	O	_	_	_	_	_	_
ville	O	O	O	O	O	O	_	_	_	_	_	_
et	O	O	O	O	O	O	_	_	_	_	_	_
du	O	O	O	O	O	O	_	_	EndOfLine	_	_	_
# segment_iiif_link = https://impresso-project.ch/api/proxy/iiif/JDG-1914-09-04-a-p0002/2270,1395,530,49/full/0/default.jpg
camp	O	O	O	O	O	O	_	_	_	_	_	_
retranché	O	O	O	O	O	O	_	_	_	_	_	_
par	O	O	O	O	O	O	_	_	_	_	_	_
tous	O	O	O	O	O	O	_	_	_	_	_	_
les	O	O	O	O	O	O	_	_	_	_	_	_
moyens	O	O	O	O	O	O	_	_	_	_	_	_
qui	O	O	O	O	O	O	_	_	EndOfLine	_	_	_
# segment_iiif_link = https://impresso-project.ch/api/proxy/iiif/JDG-1914-09-04-a-p0002/2270,1423,252,49/full/0/default.jpg
gf	O	O	O	O	O	O	_	_	_	_	_	_
;	O	O	O	O	O	O	_	_	_	_	_	_
en	O	O	O	O	O	O	_	_	_	_	_	_
gon	O	O	O	O	O	O	_	_	_	_	_	_
pouvoir	O	O	O	O	O	O	_	_	NoSpaceAfter	_	_	_
.	O	O	O	O	O	O	_	_	EndOfLine	EndOfSentence	_	_
# segment_iiif_link = https://impresso-project.ch/api/proxy/iiif/JDG-1914-09-04-a-p0002/2301,1452,229,49/full/0/default.jpg
n	O	O	O	O	O	O	_	_	NoSpaceAfter	_	_	_
'	O	O	O	O	O	O	_	_	NoSpaceAfter	_	_	_
sait	O	O	O	O	O	O	_	_	_	_	_	_
qu	O	O	O	O	O	O	_	_	NoSpaceAfter	_	_	_
'	O	O	O	O	O	O	_	_	NoSpaceAfter	_	_	_
il	O	O	O	O	O	O	_	_	_	_	_	_
n	O	O	O	O	O	O	_	_	NoSpaceAfter	_	_	_
'	O	O	O	O	O	O	_	_	NoSpaceAfter	_	_	_
a	O	O	O	O	O	O	_	_	_	_	_	_
pas	O	O	O	O	O	O	_	_	EndOfLine	_	_	_
# segment_iiif_link = https://impresso-project.ch/api/proxy/iiif/JDG-1914-09-04-a-p0002/2383,1460,426,51/full/0/default.jpg
qu	O	O	O	O	O	O	_	_	NoSpaceAfter	_	_	_
'	O	O	O	O	O	O	_	_	NoSpaceAfter	_	_	_
il	O	O	O	O	O	O	_	_	_	_	_	_
n	O	O	O	O	O	O	_	_	NoSpaceAfter	_	_	_
'	O	O	O	O	O	O	_	_	NoSpaceAfter	_	_	_
a	O	O	O	O	O	O	_	_	_	_	_	_
pas	O	O	O	O	O	O	_	_	_	_	_	_
besoin	O	O	O	O	O	O	_	_	_	_	_	_
de	O	O	O	O	O	O	_	_	EndOfLine	_	_	_
# segment_iiif_link = https://impresso-project.ch/api/proxy/iiif/JDG-1914-09-04-a-p0002/2272,1492,529,49/full/0/default.jpg
recommander	O	O	O	O	O	O	_	_	_	_	_	_
à	O	O	O	O	O	O	_	_	_	_	_	_
l	O	O	O	O	O	O	_	_	NoSpaceAfter	_	_	_
'	O	O	O	O	O	O	_	_	NoSpaceAfter	_	_	_
admirable	O	O	O	O	O	O	_	_	_	_	_	_
population	O	O	O	O	O	O	_	_	_	_	_	_
parisienne	O	O	O	O	O	O	_	_	EndOfLine	_	_	_
# segment_iiif_link = https://impresso-project.ch/api/proxy/iiif/JDG-1914-09-04-a-p0002/2272,1522,530,51/full/0/default.jpg
le	O	O	O	O	O	O	_	_	_	_	_	_
calme	O	O	O	O	O	O	_	_	NoSpaceAfter	_	_	_
,	O	O	O	O	O	O	_	_	_	_	_	_
la	O	O	O	O	O	O	_	_	_	_	_	_
résolution	O	O	O	O	O	O	_	_	_	_	_	_
et	O	O	O	O	O	O	_	_	_	_	_	_
le	O	O	O	O	O	O	_	_	_	_	_	_
sang	O	O	O	O	O	O	_	_	NoSpaceAfter	_	_	_
-	O	O	O	O	O	O	_	_	NoSpaceAfter	_	_	_
froid	O	O	O	O	O	O	_	_	NoSpaceAfter	_	_	_
.	O	O	O	O	O	O	_	_	_	EndOfSentence	_	_
Elle	O	O	O	O	O	O	_	_	EndOfLine	_	_	_
# segment_iiif_link = https://impresso-project.ch/api/proxy/iiif/JDG-1914-09-04-a-p0002/2273,1555,529,49/full/0/default.jpg
montre	O	O	O	O	O	O	_	_	_	_	_	_
tous	O	O	O	O	O	O	_	_	_	_	_	_
les	O	O	O	O	O	O	_	_	_	_	_	_
jours	O	O	O	O	O	O	_	_	_	_	_	_
qu	O	O	O	O	O	O	_	_	NoSpaceAfter	_	_	_
'	O	O	O	O	O	O	_	_	NoSpaceAfter	_	_	_
elle	O	O	O	O	O	O	_	_	_	_	_	_
est	O	O	O	O	O	O	_	_	_	_	_	_
à	O	O	O	O	O	O	_	_	_	_	_	_
la	O	O	O	O	O	O	_	_	_	_	_	_
hauteur	O	O	O	O	O	O	_	_	EndOfLine	_	_	_
# segment_iiif_link = https://impresso-project.ch/api/proxy/iiif/JDG-1914-09-04-a-p0002/2275,1584,291,51/full/0/default.jpg
des	O	O	O	O	O	O	_	_	_	_	_	_
plus	O	O	O	O	O	O	_	_	_	_	_	_
grands	O	O	O	O	O	O	_	_	_	_	_	_
devoirs	O	O	O	O	O	O	_	_	NoSpaceAfter	_	_	_
.	O	O	O	O	O	O	_	_	EndOfLine	EndOfSentence	_	_
# segment_iiif_link = https://impresso-project.ch/api/proxy/iiif/JDG-1914-09-04-a-p0002/2303,1617,498,49/full/0/default.jpg
Français	O	O	O	O	O	O	_	_	_	_	_	_
!	O	O	O	O	O	O	_	_	_	EndOfSentence	_	_
Soyons	O	O	O	O	O	O	_	_	_	_	_	_
dignes	O	O	O	O	O	O	_	_	_	_	_	_
de	O	O	O	O	O	O	_	_	_	_	_	_
ces	O	O	O	O	O	O	_	_	_	_	_	_
tragiques	O	O	O	O	O	O	_	_	EndOfLine	_	_	_
# segment_iiif_link = https://impresso-project.ch/api/proxy/iiif/JDG-1914-09-04-a-p0002/2273,1648,179,49/full/0/default.jpg
circonstances	O	O	O	O	O	O	_	_	_	_	_	_
!	O	O	O	O	O	O	_	_	EndOfLine	EndOfSentence	_	_
# segment_iiif_link = https://impresso-project.ch/api/proxy/iiif/JDG-1914-09-04-a-p0002/2304,1680,499,49/full/0/default.jpg
Nous	O	O	O	O	O	O	_	_	_	_	_	_
obtiendrons	O	O	O	O	O	O	_	_	_	_	_	_
la	O	O	O	O	O	O	_	_	_	_	_	_
victoire	O	O	O	O	O	O	_	_	_	_	_	_
finale	O	O	O	O	O	O	_	_	_	_	_	_
;	O	O	O	O	O	O	_	_	_	_	_	_
nous	O	O	O	O	O	O	_	_	EndOfLine	_	_	_
# segment_iiif_link = https://impresso-project.ch/api/proxy/iiif/JDG-1914-09-04-a-p0002/2273,1711,530,49/full/0/default.jpg
l	O	O	O	O	O	O	_	_	NoSpaceAfter	_	_	_
'	O	O	O	O	O	O	_	_	NoSpaceAfter	_	_	_
obtiendrons	O	O	O	O	O	O	_	_	_	_	_	_
par	O	O	O	O	O	O	_	_	_	_	_	_
notre	O	O	O	O	O	O	_	_	_	_	_	_
volonté	O	O	O	O	O	O	_	_	_	_	_	_
inlassable	O	O	O	O	O	O	_	_	NoSpaceAfter	_	_	_
,	O	O	O	O	O	O	_	_	EndOfLine	_	_	_
# segment_iiif_link = https://impresso-project.ch/api/proxy/iiif/JDG-1914-09-04-a-p0002/2275,1742,528,49/full/0/default.jpg
par	O	O	O	O	O	O	_	_	_	_	_	_
notre	O	O	O	O	O	O	_	_	_	_	_	_
endurance	O	O	O	O	O	O	_	_	_	_	_	_
et	O	O	O	O	O	O	_	_	_	_	_	_
par	O	O	O	O	O	O	_	_	_	_	_	_
notre	O	O	O	O	O	O	_	_	_	_	_	_
ténacité	O	O	O	O	O	O	_	_	NoSpaceAfter	_	_	_
.	O	O	O	O	O	O	_	_	EndOfLine	EndOfSentence	_	_
# segment_iiif_link = https://impresso-project.ch/api/proxy/iiif/JDG-1914-09-04-a-p0002/2304,1773,499,49/full/0/default.jpg
Une	O	O	O	O	O	O	_	_	_	_	_	_
nation	O	O	O	O	O	O	_	_	_	_	_	_
qui	O	O	O	O	O	O	_	_	_	_	_	_
ne	O	O	O	O	O	O	_	_	_	_	_	_
veut	O	O	O	O	O	O	_	_	_	_	_	_
pas	O	O	O	O	O	O	_	_	_	_	_	_
périr	O	O	O	O	O	O	_	_	NoSpaceAfter	_	_	_
,	O	O	O	O	O	O	_	_	_	_	_	_
et	O	O	O	O	O	O	_	_	_	_	_	_
qui	O	O	O	O	O	O	_	_	NoSpaceAfter	_	_	_
,	O	O	O	O	O	O	_	_	EndOfLine	_	_	_
# segment_iiif_link = https://impresso-project.ch/api/proxy/iiif/JDG-1914-09-04-a-p0002/2277,1804,526,51/full/0/default.jpg
pour	O	O	O	O	O	O	_	_	_	_	_	_
vivre	O	O	O	O	O	O	_	_	NoSpaceAfter	_	_	_
,	O	O	O	O	O	O	_	_	_	_	_	_
ne	O	O	O	O	O	O	_	_	_	_	_	_
recule	O	O	O	O	O	O	_	_	_	_	_	_
ni	O	O	O	O	O	O	_	_	_	_	_	_
devant	O	O	O	O	O	O	_	_	_	_	_	_
la	O	O	O	O	O	O	_	_	_	_	_	_
souffrance	O	O	O	O	O	O	_	_	EndOfLine	_	_	_
# segment_iiif_link = https://impresso-project.ch/api/proxy/iiif/JDG-1914-09-04-a-p0002/2272,1834,529,40/full/0/default.jpg
ni	O	O	O	O	O	O	_	_	_	_	_	_
devant	O	O	O	O	O	O	_	_	_	_	_	_
les	O	O	O	O	O	O	_	_	_	_	_	_
sacriîïces	O	O	O	O	O	O	_	_	_	_	_	_
est	O	O	O	O	O	O	_	_	_	_	_	_
sûre	O	O	O	O	O	O	_	_	_	_	_	_
de	O	O	O	O	O	O	_	_	_	_	_	_
vaincre	O	O	O	O	O	O	_	_	NoSpaceAfter	_	_	_
.	O	O	O	O	O	O	_	_	EndOfLine	EndOfSentence	_	_
# segment_iiif_link = https://impresso-project.ch/api/proxy/iiif/JDG-1914-09-04-a-p0002/2303,1870,500,49/full/0/default.jpg
Suivent	O	O	O	O	O	O	_	_	_	_	_	_
les	O	O	O	O	O	O	_	_	_	_	_	_
signatures	O	O	O	O	O	O	_	_	_	_	_	_
de	O	O	O	O	O	O	_	_	_	_	_	_
M	O	O	O	O	O	O	_	_	NoSpaceAfter	_	_	_
.	O	O	O	O	O	O	_	_	_	_	_	_
Poincaré	O	O	O	O	O	O	_	_	EndOfLine	_	_	_
# segment_iiif_link = https://impresso-project.ch/api/proxy/iiif/JDG-1914-09-04-a-p0002/2277,1900,300,51/full/0/default.jpg
et	O	O	O	O	O	O	_	_	_	_	_	_
de	O	O	O	O	O	O	_	_	_	_	_	_
tous	O	O	O	O	O	O	_	_	_	_	_	_
les	O	O	O	O	O	O	_	_	_	_	_	_
ministres	O	O	O	O	O	O	_	_	NoSpaceAfter	_	_	_
.	O	O	O	O	O	O	_	_	EndOfLine	EndOfSentence	_	_
# segment_iiif_link = https://impresso-project.ch/api/proxy/iiif/JDG-1914-09-04-a-p0002/2532,1932,238,49/full/0/default.jpg
Paris	O	O	O	O	O	O	_	_	_	_	_	_
3	O	O	O	O	O	O	_	_	_	_	_	_
septembre	O	O	O	O	O	O	_	_	EndOfLine	_	_	_
# segment_iiif_link = https://impresso-project.ch/api/proxy/iiif/JDG-1914-09-04-a-p0002/2304,1971,390,40/full/0/default.jpg
Comme	O	O	O	O	O	O	_	_	_	_	_	_
le	O	O	O	O	O	O	_	_	_	_	_	_
manifeste	O	O	O	O	O	O	_	_	EndOfLine	_	_	_
# segment_iiif_link = https://impresso-project.ch/api/proxy/iiif/JDG-1914-09-04-a-p0002/2277,2098,15,31/full/0/default.jpg
3	O	O	O	O	O	O	_	_	NoSpaceAfter	_	_	_
,	O	O	O	O	O	O	_	_	EndOfLine	_	_	_
# segment_iiif_link = https://impresso-project.ch/api/proxy/iiif/JDG-1914-09-04-a-p0002/2282,2000,526,38/full/0/default.jpg
ne	O	O	O	O	O	O	_	_	_	_	_	_
=	O	O	O	O	O	O	_	_	_	_	_	_
;	O	O	O	O	O	O	_	_	_	_	_	_
î	O	O	O	O	O	O	_	_	_	_	_	_
>	O	O	O	O	O	O	_	_	_	_	_	_
=	O	O	O	O	O	O	_	_	_	_	_	_
£	O	O	O	O	O	O	_	_	_	_	_	_
«	O	O	O	O	O	O	_	_	_	_	_	_
^	O	O	O	O	O	O	_	_	_	_	_	_
a	O	O	O	O	O	O	_	_	_	_	_	_
<	O	O	O	O	O	O	_	_	_	_	_	_
Œdé	O	O	O	O	O	O	_	_	EndOfLine	_	_	_
# segment_iiif_link = https://impresso-project.ch/api/proxy/iiif/JDG-1914-09-04-a-p0002/2273,2033,525,40/full/0/default.jpg
que	O	O	O	O	O	O	_	_	_	_	_	_
jes	O	O	O	O	O	O	_	_	_	_	_	_
pcmvoi	O	O	O	O	O	O	_	_	_	_	_	_
publics	O	O	O	O	O	O	_	_	_	_	_	_
transportent	O	O	O	O	O	O	_	_	_	_	_	_
leur	O	O	O	O	O	O	_	_	EndOfLine	_	_	_
# segment_iiif_link = https://impresso-project.ch/api/proxy/iiif/JDG-1914-09-04-a-p0002/2275,2057,530,49/full/0/default.jpg
résidence	O	O	O	O	O	O	_	_	_	_	_	_
hors	O	O	O	O	O	O	_	_	_	_	_	_
de	O	O	O	O	O	O	_	_	_	_	_	_
Paris	O	O	O	O	O	O	_	_	NoSpaceAfter	_	_	_
.	O	O	O	O	O	O	_	_	_	_	_	_
L	O	O	O	O	O	O	_	_	NoSpaceAfter	_	_	_
'	O	O	O	O	O	O	_	_	NoSpaceAfter	_	_	_
autorité	O	O	O	O	O	O	_	_	_	_	_	_
militaire	O	O	O	O	O	O	_	_	EndOfLine	_	_	_
# segment_iiif_link = https://impresso-project.ch/api/proxy/iiif/JDG-1914-09-04-a-p0002/2310,2085,495,49/full/0/default.jpg
fait	O	O	O	O	O	O	_	_	_	_	_	_
remarquer	O	O	O	O	O	O	_	_	_	_	_	_
au	O	O	O	O	O	O	_	_	_	_	_	_
gouvernement	O	O	O	O	O	O	_	_	_	_	_	_
qu	O	O	O	O	O	O	_	_	NoSpaceAfter	_	_	_
'	O	O	O	O	O	O	_	_	NoSpaceAfter	_	_	_
il	O	O	O	O	O	O	_	_	EndOfLine	_	_	_
# segment_iiif_link = https://impresso-project.ch/api/proxy/iiif/JDG-1914-09-04-a-p0002/2277,2112,530,49/full/0/default.jpg
serait	O	O	O	O	O	O	_	_	_	_	_	_
préférable	O	O	O	O	O	O	_	_	_	_	_	_
que	O	O	O	O	O	O	_	_	_	_	_	_
les	O	O	O	O	O	O	_	_	_	_	_	_
pouvoirs	O	O	O	O	O	O	_	_	_	_	_	_
publics	O	O	O	O	O	O	_	_	EndOfLine	_	_	_
# segment_iiif_link = https://impresso-project.ch/api/proxy/iiif/JDG-1914-09-04-a-p0002/2279,2140,528,49/full/0/default.jpg
fussent	O	O	O	O	O	O	_	_	_	_	_	_
transférés	O	O	O	O	O	O	_	_	_	_	_	_
dans	O	O	O	O	O	O	_	_	_	_	_	_
une	O	O	O	O	O	O	_	_	_	_	_	_
autre	O	O	O	O	O	O	_	_	_	_	_	_
ville	O	O	O	O	O	O	_	_	NoSpaceAfter	_	_	_
,	O	O	O	O	O	O	_	_	_	_	_	_
au	O	O	O	O	O	O	_	_	EndOfLine	_	_	_
# segment_iiif_link = https://impresso-project.ch/api/proxy/iiif/JDG-1914-09-04-a-p0002/2279,2169,530,49/full/0/default.jpg
moment	O	O	O	O	O	O	_	_	_	_	_	_
où	O	O	O	O	O	O	_	_	_	_	_	_
Paris	O	O	O	O	O	O	_	_	_	_	_	_
va	O	O	O	O	O	O	_	_	_	_	_	_
devenir	O	O	O	O	O	O	_	_	_	_	_	_
une	O	O	O	O	O	O	_	_	_	_	_	_
sorte	O	O	O	O	O	O	_	_	_	_	_	_
de	O	O	O	O	O	O	_	_	EndOfLine	_	_	_
# segment_iiif_link = https://impresso-project.ch/api/proxy/iiif/JDG-1914-09-04-a-p0002/2277,2196,528,49/full/0/default.jpg
pivot	O	O	O	O	O	O	_	_	_	_	_	_
de	O	O	O	O	O	O	_	_	_	_	_	_
manœuvres	O	O	O	O	O	O	_	_	_	_	_	_
pour	O	O	O	O	O	O	_	_	_	_	_	_
les	O	O	O	O	O	O	_	_	_	_	_	_
armées	O	O	O	O	O	O	_	_	_	_	_	_
en	O	O	O	O	O	O	_	_	EndOfLine	_	_	_
# segment_iiif_link = https://impresso-project.ch/api/proxy/iiif/JDG-1914-09-04-a-p0002/2277,2230,529,49/full/0/default.jpg
présence	O	O	O	O	O	O	_	_	NoSpaceAfter	_	_	_
,	O	O	O	O	O	O	_	_	_	_	_	_
_	O	O	O	O	O	O	_	_	_	_	_	_
sans	O	O	O	O	O	O	_	_	_	_	_	_
parler	O	O	O	O	O	O	_	_	_	_	_	_
de	O	O	O	O	O	O	_	_	_	_	_	_
l	O	O	O	O	O	O	_	_	NoSpaceAfter	_	_	_
'	O	O	O	O	O	O	_	_	NoSpaceAfter	_	_	_
attaque	O	O	O	O	O	O	_	_	_	_	_	_
que	O	O	O	O	O	O	_	_	EndOfLine	_	_	_
# segment_iiif_link = https://impresso-project.ch/api/proxy/iiif/JDG-1914-09-04-a-p0002/2277,2252,534,49/full/0/default.jpg
1	O	O	O	O	O	O	_	_	_	_	_	_
"	O	O	O	O	O	O	_	_	_	_	_	_
armée	O	O	O	O	O	O	_	_	_	_	_	_
allemande	O	O	O	O	O	O	_	_	_	_	_	_
pourrait	O	O	O	O	O	O	_	_	_	_	_	_
être	O	O	O	O	O	O	_	_	_	_	_	_
tentée	O	O	O	O	O	O	_	_	_	_	_	_
de	O	O	O	O	O	O	_	_	EndOfLine	_	_	_
# segment_iiif_link = https://impresso-project.ch/api/proxy/iiif/JDG-1914-09-04-a-p0002/2279,2279,528,49/full/0/default.jpg
diriger	O	O	O	O	O	O	_	_	_	_	_	_
brusquement	O	O	O	O	O	O	_	_	_	_	_	_
contre	O	O	O	O	O	O	_	_	_	_	_	_
le	O	O	O	O	O	O	_	_	_	_	_	_
camp	O	O	O	O	O	O	_	_	EndOfLine	_	_	_
# segment_iiif_link = https://impresso-project.ch/api/proxy/iiif/JDG-1914-09-04-a-p0002/2279,2308,95,49/full/0/default.jpg
tranché	O	O	O	O	O	O	_	_	NoSpaceAfter	_	_	_
.	O	O	O	O	O	O	_	_	EndOfLine	_	_	_
# segment_iiif_link = https://impresso-project.ch/api/proxy/iiif/JDG-1914-09-04-a-p0002/2306,2336,502,51/full/0/default.jpg
Il	O	O	O	O	O	O	_	_	_	_	_	_
n	O	O	O	O	O	O	_	_	NoSpaceAfter	_	_	_
'	O	O	O	O	O	O	_	_	NoSpaceAfter	_	_	_
est	O	O	O	O	O	O	_	_	_	_	_	_
pas	O	O	O	O	O	O	_	_	_	_	_	_
douteux	O	O	O	O	O	O	_	_	_	_	_	_
pour	O	O	O	O	O	O	_	_	_	_	_	_
les	O	O	O	O	O	O	_	_	_	_	_	_
'	O	O	O	O	O	O	_	_	NoSpaceAfter	_	_	_
militaires	O	O	O	O	O	O	_	_	EndOfLine	_	_	_
# segment_iiif_link = https://impresso-project.ch/api/proxy/iiif/JDG-1914-09-04-a-p0002/2343,2358,429,38/full/0/default.jpg
T	O	O	O	O	O	O	_	_	_	_	_	_
»	O	O	O	O	O	O	_	_	_	_	_	_
*	O	O	O	O	O	O	_	_	_	_	_	_
-	O	O	O	O	O	O	_	_	NoSpaceAfter	_	_	_
i	O	O	O	O	O	O	_	_	_	_	_	_
i	O	O	O	O	O	O	_	_	NoSpaceAfter	_	_	_
,	O	O	O	O	O	O	_	_	EndOfLine	_	_	_
# segment_iiif_link = https://impresso-project.ch/api/proxy/iiif/JDG-1914-09-04-a-p0002/2279,2376,513,49/full/0/default.jpg
q	O	O	O	O	O	O	_	_	_	_	_	_
f	O	O	O	O	O	O	_	_	_	_	_	_
f	O	O	O	O	O	O	_	_	_	_	_	_
?	O	O	O	O	O	O	_	_	NoSpaceAfter	_	_	_
'	O	O	O	O	O	O	_	_	NoSpaceAfter	_	_	_
.	O	O	O	O	O	O	_	_	_	EndOfSentence	_	_
f	O	O	O	O	O	O	_	_	_	_	_	_
P	O	O	O	O	O	O	_	_	NoSpaceAfter	_	_	_
,	O	O	O	O	O	O	_	_	NoSpaceAfter	_	_	_
]	O	O	O	O	O	O	_	_	NoSpaceAfter	_	_	_
°	O	O	O	O	O	O	_	_	NoSpaceAfter	_	_	_
-	O	O	O	O	O	O	_	_	NoSpaceAfter	_	_	_
?	O	O	O	O	O	O	_	_	NoSpaceAfter	EndOfSentence	_	_
-	O	O	O	O	O	O	_	_	NoSpaceAfter	_	_	_
T	O	O	O	O	O	O	_	_	_	_	_	_
xe	O	O	O	O	O	O	_	_	EndOfLine	_	_	_
# segment_iiif_link = https://impresso-project.ch/api/proxy/iiif/JDG-1914-09-04-a-p0002/2279,2402,524,49/full/0/default.jpg
^	O	O	O	O	O	O	_	_	NoSpaceAfter	_	_	_
^	O	O	O	O	O	O	_	_	_	_	_	_
duc	O	O	O	O	O	O	_	_	_	_	_	_
l	O	O	O	O	O	O	_	_	_	_	_	_
graviteront	O	O	O	O	O	O	_	_	NoSpaceAfter	_	_	_
.	O	O	O	O	O	O	_	_	_	EndOfSentence	_	_
les	O	O	O	O	O	O	_	_	_	_	_	_
armées	O	O	O	O	O	O	_	_	NoSpaceAfter	_	_	_
.	O	O	O	O	O	O	_	_	_	EndOfSentence	_	_
La	O	O	O	O	O	O	_	_	EndOfLine	_	_	_
# segment_iiif_link = https://impresso-project.ch/api/proxy/iiif/JDG-1914-09-04-a-p0002/2279,2424,528,49/full/0/default.jpg
conséquence	O	O	O	O	O	O	_	_	_	_	_	_
parut	O	O	O	O	O	O	_	_	_	_	_	_
que	O	O	O	O	O	O	_	_	_	_	_	_
Pans	O	O	O	O	O	O	_	_	_	_	_	_
devait	O	O	O	O	O	O	_	_	_	_	_	_
revêtir	O	O	O	O	O	O	_	_	EndOfLine	_	_	_
# segment_iiif_link = https://impresso-project.ch/api/proxy/iiif/JDG-1914-09-04-a-p0002/2277,2450,528,38/full/0/default.jpg
un	O	O	O	O	O	O	_	_	NoSpaceAfter	_	_	_
.	O	O	O	O	O	O	_	_	_	EndOfSentence	_	_
caractère	O	O	O	O	O	O	_	_	_	_	_	_
presque	O	O	O	O	O	O	_	_	_	_	_	_
exclusivement	O	O	O	O	O	O	_	_	EndOfLine	_	_	_
# segment_iiif_link = https://impresso-project.ch/api/proxy/iiif/JDG-1914-09-04-a-p0002/2290,2482,169,38/full/0/default.jpg
taire	O	O	O	O	O	O	_	_	_	_	_	_
>	O	O	O	O	O	O	_	_	_	_	_	_
\	O	O	O	O	O	O	_	_	_	_	_	_
"	O	O	O	O	O	O	Q2826560	_	NoSpaceAfter	_	Transcript:Havas|LED0.20	_
-	O	O	O	O	O	O	Q2826560	_	NoSpaceAfter	_	Transcript:Havas|LED0.20	_
avas	O	O	O	O	O	O	Q2826560	_	NoSpaceAfter	_	Transcript:Havas|LED0.20	_
)	O	O	O	O	O	O	_	_	NoSpaceAfter	_	_	_
-	O	O	O	O	O	O	_	_	EndOfLine|NoSpaceAfter	_	_	_
# segment_iiif_link = https://impresso-project.ch/api/proxy/iiif/JDG-1914-09-04-a-p0002/2282,2658,525,49/full/0/default.jpg
et	O	O	O	O	O	O	_	_	_	_	_	_
le	O	O	O	O	O	O	_	_	_	_	_	_
gouvcrneaieaS	O	O	O	O	O	O	_	_	_	_	_	_
ont	O	O	O	O	O	O	_	_	_	_	_	_
quitté	O	O	O	O	O	O	_	_	_	_	_	_
Paris	O	O	O	O	O	O	_	_	_	_	_	_
celte	O	O	O	O	O	O	_	_	EndOfLine	_	_	_
# segment_iiif_link = https://impresso-project.ch/api/proxy/iiif/JDG-1914-09-04-a-p0002/2292,2686,247,49/full/0/default.jpg
nuit	O	O	O	O	O	O	_	_	_	_	_	_
pour	O	O	O	O	O	O	_	_	_	_	_	_
Bordeaux	O	O	O	O	O	O	_	_	NoSpaceAfter	_	_	_
,	O	O	O	O	O	O	_	_	EndOfLine	_	_	_
# segment_iiif_link = https://impresso-project.ch/api/proxy/iiif/JDG-1914-09-04-a-p0002/2310,2714,497,51/full/0/default.jpg
Le	O	O	O	O	O	O	_	_	_	_	_	_
priace	O	O	O	O	O	O	_	_	_	_	_	_
Rutpoli	O	O	O	O	O	O	_	_	_	_	_	_
restera	O	O	O	O	O	O	_	_	_	_	_	_
à	O	O	O	O	O	O	_	_	_	_	_	_
l	O	O	O	O	O	O	_	_	NoSpaceAfter	_	_	_
'	O	O	O	O	O	O	_	_	NoSpaceAfter	_	_	_
ambassade	O	O	O	O	O	O	_	_	EndOfLine	_	_	_
# segment_iiif_link = https://impresso-project.ch/api/proxy/iiif/JDG-1914-09-04-a-p0002/2284,2743,524,49/full/0/default.jpg
d	O	O	O	O	O	O	_	_	NoSpaceAfter	_	_	_
'	O	O	O	O	O	O	_	_	NoSpaceAfter	_	_	_
Italie	O	O	O	O	O	O	_	_	_	_	_	_
pour	O	O	O	O	O	O	_	_	_	_	_	_
y	O	O	O	O	O	O	_	_	_	_	_	_
représenter	O	O	O	O	O	O	_	_	_	_	_	_
M	O	O	O	O	O	O	_	_	_	_	_	_
Tiitoni	O	O	O	O	O	O	_	_	NoSpaceAfter	_	_	_
,	O	O	O	O	O	O	_	_	_	_	_	_
q	O	O	O	O	O	O	_	_	_	_	_	_
»	O	O	O	O	O	O	_	_	_	_	_	_
i	O	O	O	O	O	O	_	_	EndOfLine	_	_	_
# segment_iiif_link = https://impresso-project.ch/api/proxy/iiif/JDG-1914-09-04-a-p0002/2282,2770,526,49/full/0/default.jpg
accompagna	O	O	O	O	O	O	_	_	_	_	_	_
!	O	O	O	O	O	O	_	_	_	_	_	_
e	O	O	O	O	O	O	_	_	_	_	_	_
gouvernement	O	O	O	O	O	O	_	_	_	_	_	_
à	O	O	O	O	O	O	_	_	_	_	_	_
Bordeaux	O	O	O	O	O	O	_	_	_	_	_	_
;	O	O	O	O	O	O	_	_	EndOfLine	_	_	_
# segment_iiif_link = https://impresso-project.ch/api/proxy/iiif/JDG-1914-09-04-a-p0002/2282,2798,529,51/full/0/default.jpg
par	O	O	O	O	O	O	_	_	_	_	_	_
contre	O	O	O	O	O	O	_	_	_	_	_	_
l	O	O	O	O	O	O	_	_	NoSpaceAfter	_	_	_
'	O	O	O	O	O	O	_	_	NoSpaceAfter	_	_	_
ambassadeur	O	O	O	O	O	O	_	_	_	_	_	_
des	O	O	O	O	O	O	_	_	_	_	_	_
Etats	O	O	O	O	O	O	_	_	_	_	_	_
Unis	O	O	O	O	O	O	_	_	EndOfLine	_	_	_
# segment_iiif_link = https://impresso-project.ch/api/proxy/iiif/JDG-1914-09-04-a-p0002/2284,2827,525,49/full/0/default.jpg
maintiendra	O	O	O	O	O	O	_	_	_	_	_	_
sa	O	O	O	O	O	O	_	_	_	_	_	_
résidence	O	O	O	O	O	O	_	_	_	_	_	_
dans	O	O	O	O	O	O	_	_	_	_	_	_
ïa	O	O	O	O	O	O	_	_	_	_	_	_
capita	O	O	O	O	O	O	_	_	NoSpaceAfter	_	_	_
'	O	O	O	O	O	O	_	_	NoSpaceAfter	_	_	_
e	O	O	O	O	O	O	_	_	EndOfLine	_	_	_
# segment_iiif_link = https://impresso-project.ch/api/proxy/iiif/JDG-1914-09-04-a-p0002/2286,2855,524,49/full/0/default.jpg
française	O	O	O	O	O	O	_	_	_	_	_	_
pour	O	O	O	O	O	O	_	_	_	_	_	_
y	O	O	O	O	O	O	_	_	_	_	_	_
protéger	O	O	O	O	O	O	_	_	_	_	_	_
les	O	O	O	O	O	O	_	_	_	_	_	_
ressortissants	O	O	O	O	O	O	_	_	EndOfLine	_	_	_
# segment_iiif_link = https://impresso-project.ch/api/proxy/iiif/JDG-1914-09-04-a-p0002/2275,2884,313,49/full/0/default.jpg
jets	O	O	O	O	O	O	_	_	_	_	_	_
nations	O	O	O	O	O	O	_	_	_	_	_	_
belligérantes	O	O	O	O	O	O	_	_	NoSpaceAfter	_	_	_
,	O	O	O	O	O	O	_	_	EndOfLine	_	_	_
# segment_iiif_link = _
# segment_iiif_link = https://impresso-project.ch/api/proxy/iiif/JDG-1914-09-04-a-p0002/2550,2596,231,49/full/0/default.jpg
Paris	O	O	O	O	O	O	_	_	NoSpaceAfter	_	_	_
,	O	O	O	O	O	O	_	_	_	_	_	_
S	O	O	O	O	O	O	_	_	_	_	_	_
septembre	O	O	O	O	O	O	_	_	NoSpaceAfter	_	_	_
.	O	O	O	O	O	O	_	_	EndOfLine	_	_	_
# segment_iiif_link = https://impresso-project.ch/api/proxy/iiif/JDG-1914-09-04-a-p0002/2310,2631,350,49/full/0/default.jpg
(	O	O	O	O	O	O	_	_	NoSpaceAfter	_	_	_
liavas	O	O	O	O	O	O	Q2826560	_	NoSpaceAfter	_	Transcript:Havas|LED0.33	_
.	O	O	O	O	O	O	_	_	NoSpaceAfter	_	_	_
)	O	O	O	O	O	O	_	_	_	_	_	_
l	O	O	O	O	O	O	_	_	NoSpaceAfter	_	_	_
.	O	O	O	O	O	O	_	_	_	_	_	_
e	O	O	O	O	O	O	_	_	_	_	_	_
prési	O	O	O	O	O	O	_	_	NoSpaceAfter	_	_	_
-	O	O	O	O	O	O	_	_	NoSpaceAfter	_	_	_
knt	O	O	O	O	O	O	_	_	_	_	_	_
de	O	O	O	O	O	O	_	_	_	_	_	_
la	O	O	O	O	O	O	_	_	EndOfLine	_	_	_
# segment_iiif_link = https://impresso-project.ch/api/proxy/iiif/JDG-1914-09-04-a-p0002/2284,3014,528,53/full/0/default.jpg
Batailla	O	O	O	O	O	O	_	_	_	_	_	_
d	O	O	O	O	O	O	_	_	_	_	_	_
®	O	O	O	O	O	O	_	_	_	_	_	_
France	O	O	O	O	O	O	_	_	EndOfLine	_	_	_
# segment_iiif_link = https://impresso-project.ch/api/proxy/iiif/JDG-1914-09-04-a-p0002/2543,3088,245,49/full/0/default.jpg
B	O	O	O	O	O	O	_	_	_	_	_	_
«	O	O	O	O	O	O	_	_	_	_	_	_
rlia	O	O	O	O	O	O	_	_	NoSpaceAfter	_	_	_
,	O	O	O	O	O	O	_	_	_	_	_	_
3	O	O	O	O	O	O	_	_	_	_	_	_
ssptembre	O	O	O	O	O	O	_	_	NoSpaceAfter	_	_	_
.	O	O	O	O	O	O	_	_	EndOfLine	_	_	_
# segment_iiif_link = https://impresso-project.ch/api/proxy/iiif/JDG-1914-09-04-a-p0002/2321,3120,493,51/full/0/default.jpg
(	O	O	O	O	O	O	_	_	NoSpaceAfter	_	_	_
Wolff	O	O	O	O	O	O	Q552226	_	NoSpaceAfter	_	LED0.00	_
)	O	O	O	O	O	O	_	_	NoSpaceAfter	_	_	_
.	O	O	O	O	O	O	_	_	_	_	_	_
Les	O	O	O	O	O	O	_	_	_	_	_	_
correspoEdacts	O	O	O	O	O	O	_	_	_	_	_	_
de	O	O	O	O	O	O	_	_	_	_	_	_
guérie	O	O	O	O	O	O	_	_	EndOfLine	_	_	_
# segment_iiif_link = https://impresso-project.ch/api/proxy/iiif/JDG-1914-09-04-a-p0002/2286,3150,525,49/full/0/default.jpg
mandent	O	O	O	O	O	O	_	_	_	_	_	_
du	O	O	O	O	O	O	_	_	_	_	_	_
quartier	O	O	O	O	O	O	_	_	_	_	_	_
général	O	O	O	O	O	O	_	_	NoSpaceAfter	_	_	_
,	O	O	O	O	O	O	_	_	_	_	_	_
au	O	O	O	O	O	O	_	_	_	_	_	_
sujet	O	O	O	O	O	O	_	_	_	_	_	_
de	O	O	O	O	O	O	_	_	EndOfLine	_	_	_
# segment_iiif_link = https://impresso-project.ch/api/proxy/iiif/JDG-1914-09-04-a-p0002/2290,3177,531,49/full/0/default.jpg
l	O	O	O	O	O	O	_	_	NoSpaceAfter	_	_	_
'	O	O	O	O	O	O	_	_	NoSpaceAfter	_	_	_
importance	O	O	O	O	O	O	_	_	_	_	_	_
de	O	O	O	O	O	O	_	_	_	_	_	_
la	O	O	O	O	O	O	_	_	_	_	_	_
victoire	O	O	O	O	O	O	_	_	_	_	_	_
remportée	O	O	O	O	O	O	_	_	_	_	_	_
à	O	O	O	O	O	O	_	_	_	_	_	_
St	O	O	O	O	O	O	_	_	EndOfLine	_	_	_
# segment_iiif_link = https://impresso-project.ch/api/proxy/iiif/JDG-1914-09-04-a-p0002/2286,3205,526,51/full/0/default.jpg
Quentin	O	O	O	O	O	O	_	_	_	_	_	_
le	O	O	O	O	O	O	_	_	_	_	_	_
31	O	O	O	O	O	O	_	_	_	_	_	_
août	O	O	O	O	O	O	_	_	_	_	_	_
par	O	O	O	O	O	O	_	_	_	_	_	_
le	O	O	O	O	O	O	_	_	_	_	_	_
lieutenant	O	O	O	O	O	O	_	_	EndOfLine	_	_	_
# segment_iiif_link = https://impresso-project.ch/api/proxy/iiif/JDG-1914-09-04-a-p0002/2292,3234,520,49/full/0/default.jpg
rai	O	O	O	O	O	O	_	_	_	_	_	_
von	O	O	O	O	O	O	_	_	_	_	_	_
Bû	O	O	O	O	O	O	_	_	_	_	_	_
!	O	O	O	O	O	O	_	_	_	_	_	_
ow	O	O	O	O	O	O	_	_	NoSpaceAfter	_	_	_
,	O	O	O	O	O	O	_	_	_	_	_	_
que	O	O	O	O	O	O	_	_	_	_	_	_
les	O	O	O	O	O	O	_	_	_	_	_	_
Allemands	O	O	O	O	O	O	_	_	_	_	_	_
avaient	O	O	O	O	O	O	_	_	EndOfLine	_	_	_
# segment_iiif_link = https://impresso-project.ch/api/proxy/iiif/JDG-1914-09-04-a-p0002/2288,3262,523,49/full/0/default.jpg
devant	O	O	O	O	O	O	_	_	_	_	_	_
eux	O	O	O	O	O	O	_	_	_	_	_	_
à	O	O	O	O	O	O	_	_	_	_	_	_
St	O	O	O	O	O	O	_	_	NoSpaceAfter	_	_	_
-	O	O	O	O	O	O	_	_	NoSpaceAfter	_	_	_
Quentio	O	O	O	O	O	O	_	_	_	_	_	_
quatre	O	O	O	O	O	O	_	_	_	_	_	_
corps	O	O	O	O	O	O	_	_	EndOfLine	_	_	_
# segment_iiif_link = https://impresso-project.ch/api/proxy/iiif/JDG-1914-09-04-a-p0002/2288,3289,517,51/full/0/default.jpg
mée	O	O	O	O	O	O	_	_	_	_	_	_
français	O	O	O	O	O	O	_	_	_	_	_	_
et	O	O	O	O	O	O	_	_	_	_	_	_
trois	O	O	O	O	O	O	_	_	_	_	_	_
divisions	O	O	O	O	O	O	_	_	_	_	_	_
d	O	O	O	O	O	O	_	_	_	_	_	_
«	O	O	O	O	O	O	_	_	_	_	_	_
réserves	O	O	O	O	O	O	_	_	EndOfLine	_	_	_
# segment_iiif_link = https://impresso-project.ch/api/proxy/iiif/JDG-1914-09-04-a-p0002/2288,3318,522,49/full/0/default.jpg
Ces	O	O	O	O	O	O	_	_	_	_	_	_
forces	O	O	O	O	O	O	_	_	_	_	_	_
ont	O	O	O	O	O	O	_	_	_	_	_	_
été	O	O	O	O	O	O	_	_	_	_	_	_
complètement	O	O	O	O	O	O	_	_	_	_	_	_
battues	O	O	O	O	O	O	_	_	_	_	_	_
et	O	O	O	O	O	O	_	_	EndOfLine	_	_	_
# segment_iiif_link = https://impresso-project.ch/api/proxy/iiif/JDG-1914-09-04-a-p0002/2288,3346,526,49/full/0/default.jpg
sont	O	O	O	O	O	O	_	_	_	_	_	_
maintenant	O	O	O	O	O	O	_	_	_	_	_	_
poursuivies	O	O	O	O	O	O	_	_	_	_	_	_
avec	O	O	O	O	O	O	_	_	_	_	_	_
énergie	O	O	O	O	O	O	_	_	NoSpaceAfter	_	_	_
.	O	O	O	O	O	O	_	_	EndOfLine	_	_	_
# segment_iiif_link = https://impresso-project.ch/api/proxy/iiif/JDG-1914-09-04-a-p0002/2288,3374,527,51/full/0/default.jpg
La	O	O	O	O	O	O	_	_	_	_	_	_
bataille	O	O	O	O	O	O	_	_	_	_	_	_
a	O	O	O	O	O	O	_	_	_	_	_	_
été	O	O	O	O	O	O	_	_	_	_	_	_
chaude	O	O	O	O	O	O	_	_	_	_	_	_
et	O	O	O	O	O	O	_	_	_	_	_	_
a	O	O	O	O	O	O	_	_	_	_	_	_
duré	O	O	O	O	O	O	_	_	_	_	_	_
deux	O	O	O	O	O	O	_	_	EndOfLine	_	_	_
# segment_iiif_link = https://impresso-project.ch/api/proxy/iiif/JDG-1914-09-04-a-p0002/2288,3403,524,49/full/0/default.jpg
jours	O	O	O	O	O	O	_	_	NoSpaceAfter	_	_	_
.	O	O	O	O	O	O	_	_	_	_	_	_
L	O	O	O	O	O	O	_	_	NoSpaceAfter	_	_	_
'	O	O	O	O	O	O	_	_	NoSpaceAfter	_	_	_
avance	O	O	O	O	O	O	_	_	_	_	_	_
concentrique	O	O	O	O	O	O	_	_	_	_	_	_
de	O	O	O	O	O	O	_	_	_	_	_	_
l	O	O	O	O	O	O	_	_	NoSpaceAfter	_	_	_
'	O	O	O	O	O	O	_	_	NoSpaceAfter	_	_	_
armée	O	O	O	O	O	O	_	_	EndOfLine	_	_	_
# segment_iiif_link = https://impresso-project.ch/api/proxy/iiif/JDG-1914-09-04-a-p0002/2288,3430,526,49/full/0/default.jpg
allemande	O	O	O	O	O	O	_	_	_	_	_	_
de	O	O	O	O	O	O	_	_	_	_	_	_
l	O	O	O	O	O	O	_	_	NoSpaceAfter	_	_	_
'	O	O	O	O	O	O	_	_	NoSpaceAfter	_	_	_
ouest	O	O	O	O	O	O	_	_	_	_	_	_
se	O	O	O	O	O	O	_	_	_	_	_	_
continue	O	O	O	O	O	O	_	_	_	_	_	_
sans	O	O	O	O	O	O	_	_	EndOfLine	_	_	_
# segment_iiif_link = https://impresso-project.ch/api/proxy/iiif/JDG-1914-09-04-a-p0002/2290,3458,524,51/full/0/default.jpg
interruption	O	O	O	O	O	O	_	_	NoSpaceAfter	_	_	_
,	O	O	O	O	O	O	_	_	_	_	_	_
Chaque	O	O	O	O	O	O	_	_	_	_	_	_
jour	O	O	O	O	O	O	_	_	_	_	_	_
elle	O	O	O	O	O	O	_	_	_	_	_	_
obtient	O	O	O	O	O	O	_	_	_	_	_	_
as	O	O	O	O	O	O	_	_	EndOfLine	_	_	_
# segment_iiif_link = https://impresso-project.ch/api/proxy/iiif/JDG-1914-09-04-a-p0002/2292,3487,521,49/full/0/default.jpg
nouveaux	O	O	O	O	O	O	_	_	_	_	_	_
succès	O	O	O	O	O	O	_	_	NoSpaceAfter	_	_	_
,	O	O	O	O	O	O	_	_	_	_	_	_
qui	O	O	O	O	O	O	_	_	_	_	_	_
toutefois	O	O	O	O	O	O	_	_	_	_	_	_
ne	O	O	O	O	O	O	_	_	_	_	_	_
sont	O	O	O	O	O	O	_	_	_	_	_	_
pas	O	O	O	O	O	O	_	_	EndOfLine	_	_	_
# segment_iiif_link = https://impresso-project.ch/api/proxy/iiif/JDG-1914-09-04-a-p0002/2290,3515,524,49/full/0/default.jpg
noncés	O	O	O	O	O	O	_	_	_	_	_	_
avant	O	O	O	O	O	O	_	_	_	_	_	_
qu	O	O	O	O	O	O	_	_	NoSpaceAfter	_	_	_
'	O	O	O	O	O	O	_	_	NoSpaceAfter	_	_	_
ils	O	O	O	O	O	O	_	_	_	_	_	_
soient	O	O	O	O	O	O	_	_	_	_	_	_
reconnus	O	O	O	O	O	O	_	_	_	_	_	_
décisifs	O	O	O	O	O	O	_	_	EndOfLine	_	_	_
# segment_iiif_link = https://impresso-project.ch/api/proxy/iiif/JDG-1914-09-04-a-p0002/2288,3544,526,49/full/0/default.jpg
pour	O	O	O	O	O	O	_	_	_	_	_	_
la	O	O	O	O	O	O	_	_	_	_	_	_
suite	O	O	O	O	O	O	_	_	_	_	_	_
des	O	O	O	O	O	O	_	_	_	_	_	_
opérations	O	O	O	O	O	O	_	_	_	_	_	_
sur	O	O	O	O	O	O	_	_	_	_	_	_
cette	O	O	O	O	O	O	_	_	_	_	_	_
partie	O	O	O	O	O	O	_	_	EndOfLine	_	_	_
# segment_iiif_link = https://impresso-project.ch/api/proxy/iiif/JDG-1914-09-04-a-p0002/2290,3572,285,49/full/0/default.jpg
du	O	O	O	O	O	O	_	_	_	_	_	_
théâtre	O	O	O	O	O	O	_	_	_	_	_	_
de	O	O	O	O	O	O	_	_	_	_	_	_
la	O	O	O	O	O	O	_	_	_	_	_	_
guerre	O	O	O	O	O	O	_	_	NoSpaceAfter	_	_	_
.	O	O	O	O	O	O	_	_	EndOfLine	_	_	_
# segment_iiif_link = https://impresso-project.ch/api/proxy/iiif/JDG-1914-09-04-a-p0002/2317,3704,499,51/full/0/default.jpg
^	O	O	O	O	O	O	_	_	_	_	_	_
0	O	O	O	O	O	O	_	_	_	_	_	_
^	O	O	O	O	O	O	_	_	_	_	_	_
^	O	O	O	O	O	O	_	_	_	_	_	_
Ttmp	O	O	O	O	O	O	_	_	_	_	_	_
^	O	O	O	O	O	O	_	_	_	_	_	_
Tlm	O	O	O	O	O	O	_	_	_	_	_	_
^	O	O	O	O	O	O	_	_	_	_	_	_
ce	O	O	O	O	O	O	_	_	_	_	_	_
pÔM	O	O	O	O	O	O	_	_	_	_	_	_
démon	O	O	O	O	O	O	_	_	_	_	_	_
"	O	O	O	O	O	O	_	_	EndOfLine	_	_	_
# segment_iiif_link = https://impresso-project.ch/api/proxy/iiif/JDG-1914-09-04-a-p0002/2290,3749,524,38/full/0/default.jpg
tre	O	O	O	O	O	O	_	_	_	_	_	_
bien	O	O	O	O	O	O	_	_	_	_	_	_
clairement	O	O	O	O	O	O	_	_	_	_	_	_
qusl	O	O	O	O	O	O	_	_	_	_	_	_
développement	O	O	O	O	O	O	_	_	_	_	_	_
eut	O	O	O	O	O	O	_	_	EndOfLine	_	_	_
# segment_iiif_link = https://impresso-project.ch/api/proxy/iiif/JDG-1914-09-04-a-p0002/2292,3773,517,49/full/0/default.jpg
P	O	O	O	O	O	O	_	_	_	_	_	_
"	O	O	O	O	O	O	_	_	_	_	_	_
s	O	O	O	O	O	O	_	_	_	_	_	_
lçs	O	O	O	O	O	O	_	_	_	_	_	_
ev	O	O	O	O	O	O	_	_	_	_	_	_
énements	O	O	O	O	O	O	_	_	NoSpaceAfter	_	_	_
.	O	O	O	O	O	O	_	_	_	_	_	_
Le	O	O	O	O	O	O	_	_	_	_	_	_
chef	O	O	O	O	O	O	_	_	_	_	_	_
suprême	O	O	O	O	O	O	_	_	_	_	_	_
de	O	O	O	O	O	O	_	_	EndOfLine	_	_	_
# segment_iiif_link = https://impresso-project.ch/api/proxy/iiif/JDG-1914-09-04-a-p0002/2294,3802,522,51/full/0/default.jpg
l	O	O	O	O	O	O	_	_	NoSpaceAfter	_	_	_
'	O	O	O	O	O	O	_	_	NoSpaceAfter	_	_	_
ar	O	O	O	O	O	O	_	_	NoSpaceAfter	_	_	_
'	O	O	O	O	O	O	_	_	NoSpaceAfter	_	_	_
ft	O	O	O	O	O	O	_	_	_	_	_	_
e	O	O	O	O	O	O	_	_	_	_	_	_
p	O	O	O	O	O	O	_	_	_	_	_	_
a	O	O	O	O	O	O	_	_	_	_	_	_
j	O	O	O	O	O	O	_	_	_	_	_	_
!	O	O	O	O	O	O	_	_	_	_	_	_
K	O	O	O	O	O	O	_	_	_	_	_	_
mand	O	O	O	O	O	O	_	_	_	_	_	_
^	O	O	O	O	O	O	_	_	_	_	_	_
stea	O	O	O	O	O	O	_	_	_	_	_	_
territoire	O	O	O	O	O	O	_	_	_	_	_	_
français	O	O	O	O	O	O	_	_	NoSpaceAfter	_	_	_
,	O	O	O	O	O	O	_	_	_	_	_	_
ce	O	O	O	O	O	O	_	_	EndOfLine	_	_	_
# segment_iiif_link = https://impresso-project.ch/api/proxy/iiif/JDG-1914-09-04-a-p0002/2292,3828,521,51/full/0/default.jpg
t	O	O	O	O	O	O	_	_	_	_	_	_
*	O	O	O	O	O	O	_	_	_	_	_	_
li	O	O	O	O	O	O	_	_	_	_	_	_
ej	O	O	O	O	O	O	_	_	_	_	_	_
t	O	O	O	O	O	O	_	_	_	_	_	_
bien	O	O	O	O	O	O	_	_	_	_	_	_
significatif	O	O	O	O	O	O	_	_	NoSpaceAfter	_	_	_
.	O	O	O	O	O	O	_	_	_	_	_	_
Il	O	O	O	O	O	O	_	_	_	_	_	_
démontre	O	O	O	O	O	O	_	_	_	_	_	_
que	O	O	O	O	O	O	_	_	EndOfLine	_	_	_
# segment_iiif_link = https://impresso-project.ch/api/proxy/iiif/JDG-1914-09-04-a-p0002/2317,3599,499,49/full/0/default.jpg
Le	O	O	O	O	O	O	_	_	_	_	_	_
Lokal	O	O	O	O	O	O	_	_	_	_	_	_
Anzeiger	O	O	O	O	O	O	_	_	_	_	_	_
écrit	O	O	O	O	O	O	_	_	_	_	_	_
au	O	O	O	O	O	O	_	_	_	_	_	_
sujet	O	O	O	O	O	O	_	_	_	_	_	_
de	O	O	O	O	O	O	_	_	_	_	_	_
la	O	O	O	O	O	O	_	_	EndOfLine	_	_	_
# segment_iiif_link = https://impresso-project.ch/api/proxy/iiif/JDG-1914-09-04-a-p0002/2290,3628,526,49/full/0/default.jpg
présence	O	O	O	O	O	O	_	_	_	_	_	_
de	O	O	O	O	O	O	_	_	_	_	_	_
l	O	O	O	O	O	O	_	_	NoSpaceAfter	_	_	_
'	O	O	O	O	O	O	_	_	NoSpaceAfter	_	_	_
empereur	O	O	O	O	O	O	_	_	_	_	_	_
sur	O	O	O	O	O	O	_	_	_	_	_	_
le	O	O	O	O	O	O	_	_	_	_	_	_
théâtre	O	O	O	O	O	O	_	_	_	_	_	_
des	O	O	O	O	O	O	_	_	EndOfLine	_	_	_
# segment_iiif_link = https://impresso-project.ch/api/proxy/iiif/JDG-1914-09-04-a-p0002/2290,3656,102,49/full/0/default.jpg
opérations	O	O	O	O	O	O	_	_	_	_	_	_
:	O	O	O	O	O	O	_	_	EndOfLine	_	_	_
# segment_iiif_link = https://impresso-project.ch/api/proxy/iiif/JDG-1914-09-04-a-p0002/2319,3685,495,49/full/0/default.jpg
<	O	O	O	O	O	O	_	_	_	_	_	_
Pour	O	O	O	O	O	O	_	_	_	_	_	_
toute	O	O	O	O	O	O	_	_	_	_	_	_
personne	O	O	O	O	O	O	_	_	_	_	_	_
non	O	O	O	O	O	O	_	_	_	_	_	_
préve	O	O	O	O	O	O	_	_	_	_	_	_
»	O	O	O	O	O	O	_	_	_	_	_	_
tîe	O	O	O	O	O	O	_	_	NoSpaceAfter	_	_	_
,	O	O	O	O	O	O	_	_	_	_	_	_
la	O	O	O	O	O	O	_	_	EndOfLine	_	_	_
# segment_iiif_link = https://impresso-project.ch/api/proxy/iiif/JDG-1914-09-04-a-p0002/2290,3848,528,49/full/0/default.jpg
:	O	O	O	O	O	O	_	_	_	_	_	_
noas	O	O	O	O	O	O	_	_	_	_	_	_
pouvons	O	O	O	O	O	O	_	_	_	_	_	_
être	O	O	O	O	O	O	_	_	_	_	_	_
sûrs	O	O	O	O	O	O	_	_	_	_	_	_
que	O	O	O	O	O	O	_	_	_	_	_	_
même	O	O	O	O	O	O	_	_	_	_	_	_
si	O	O	O	O	O	O	_	_	_	_	_	_
nous	O	O	O	O	O	O	_	_	EndOfLine	_	_	_
# segment_iiif_link = https://impresso-project.ch/api/proxy/iiif/JDG-1914-09-04-a-p0002/2297,3880,519,51/full/0/default.jpg
éprouvons	O	O	O	O	O	O	_	_	_	_	_	_
dwieveisnous	O	O	O	O	O	O	_	_	NoSpaceAfter	_	_	_
-	O	O	O	O	O	O	_	_	NoSpaceAfter	_	_	_
n	O	O	O	O	O	O	_	_	NoSpaceAfter	_	_	_
'	O	O	O	O	O	O	_	_	NoSpaceAfter	_	_	_
abaDdonnerons	O	O	O	O	O	O	_	_	EndOfLine	_	_	_
# segment_iiif_link = https://impresso-project.ch/api/proxy/iiif/JDG-1914-09-04-a-p0002/2292,3909,522,49/full/0/default.jpg
pas	O	O	O	O	O	O	_	_	_	_	_	_
ce	O	O	O	O	O	O	_	_	_	_	_	_
que	O	O	O	O	O	O	_	_	_	_	_	_
BOUS	O	O	O	O	O	O	_	_	_	_	_	_
avens	O	O	O	O	O	O	_	_	_	_	_	_
obtenu	O	O	O	O	O	O	_	_	_	_	_	_
jusqu	O	O	O	O	O	O	_	_	NoSpaceAfter	_	_	_
'	O	O	O	O	O	O	_	_	NoSpaceAfter	_	_	_
à	O	O	O	O	O	O	_	_	_	_	_	_
ce	O	O	O	O	O	O	_	_	EndOfLine	_	_	_
# segment_iiif_link = https://impresso-project.ch/api/proxy/iiif/JDG-1914-09-04-a-p0002/2292,3936,56,49/full/0/default.jpg
jour	O	O	O	O	O	O	_	_	NoSpaceAfter	_	_	_
.	O	O	O	O	O	O	_	_	EndOfLine	EndOfSentence	_	_
# segment_iiif_link = https://impresso-project.ch/api/proxy/iiif/JDG-1914-09-04-a-p0002/2319,3968,497,49/full/0/default.jpg
«	O	O	O	O	O	O	_	_	_	_	_	_
Jamais	O	O	O	O	O	O	_	_	_	_	_	_
l	O	O	O	O	O	O	_	_	NoSpaceAfter	_	_	_
'	O	O	O	O	O	O	_	_	NoSpaceAfter	_	_	_
empereur	O	O	O	O	O	O	_	_	_	_	_	_
ne	O	O	O	O	O	O	_	_	_	_	_	_
serait	O	O	O	O	O	O	_	_	_	_	_	_
allé	O	O	O	O	O	O	_	_	_	_	_	_
en	O	O	O	O	O	O	_	_	EndOfLine	_	_	_
# segment_iiif_link = https://impresso-project.ch/api/proxy/iiif/JDG-1914-09-04-a-p0002/2292,3999,522,49/full/0/default.jpg
France	O	O	O	O	O	O	_	_	_	_	_	_
si	O	O	O	O	O	O	_	_	_	_	_	_
ies	O	O	O	O	O	O	_	_	_	_	_	_
organes	O	O	O	O	O	O	_	_	_	_	_	_
responsables	O	O	O	O	O	O	_	_	EndOfLine	_	_	_
# segment_iiif_link = https://impresso-project.ch/api/proxy/iiif/JDG-1914-09-04-a-p0002/2292,4028,522,49/full/0/default.jpg
geaisnt	O	O	O	O	O	O	_	_	_	_	_	_
!	O	O	O	O	O	O	_	_	_	_	_	_
a	O	O	O	O	O	O	_	_	_	_	_	_
possibilité	O	O	O	O	O	O	_	_	_	_	_	_
de	O	O	O	O	O	O	_	_	_	_	_	_
voir	O	O	O	O	O	O	_	_	_	_	_	_
l	O	O	O	O	O	O	_	_	NoSpaceAfter	_	_	_
'	O	O	O	O	O	O	_	_	NoSpaceAfter	_	_	_
armée	O	O	O	O	O	O	_	_	EndOfLine	_	_	_
# segment_iiif_link = https://impresso-project.ch/api/proxy/iiif/JDG-1914-09-04-a-p0002/2292,4057,524,49/full/0/default.jpg
mande	O	O	O	O	O	O	_	_	_	_	_	_
rejeté	O	O	O	O	O	O	_	_	_	_	_	_
*	O	O	O	O	O	O	_	_	_	_	_	_
au	O	O	O	O	O	O	_	_	_	_	_	_
delà	O	O	O	O	O	O	_	_	_	_	_	_
de	O	O	O	O	O	O	_	_	_	_	_	_
la	O	O	O	O	O	O	_	_	_	_	_	_
frontière	O	O	O	O	O	O	_	_	NoSpaceAfter	_	_	_
.	O	O	O	O	O	O	_	_	_	_	_	_
La	O	O	O	O	O	O	_	_	EndOfLine	_	_	_
# segment_iiif_link = https://impresso-project.ch/api/proxy/iiif/JDG-1914-09-04-a-p0002/2292,4096,515,49/full/0/default.jpg
^	O	O	O	O	O	O	_	_	_	_	_	_
™	O	O	O	O	O	O	_	_	NoSpaceAfter	_	_	_
.	O	O	O	O	O	O	_	_	_	_	_	_
jLL	O	O	O	O	O	O	_	_	_	_	_	_
^	O	O	O	O	O	O	_	_	NoSpaceAfter	_	_	_
?	O	O	O	O	O	O	_	_	_	_	_	_
5	O	O	O	O	O	O	_	_	NoSpaceAfter	_	_	_
,	O	O	O	O	O	O	_	_	_	_	_	_
î	O	O	O	O	O	O	_	_	_	_	_	_
;	O	O	O	O	O	O	_	_	_	_	_	_
!	O	O	O	O	O	O	_	_	_	_	_	_
u	O	O	O	O	O	O	_	_	_	_	_	_
mii	O	O	O	O	O	O	_	_	_	_	_	_
!	O	O	O	O	O	O	_	_	_	_	_	_
_	O	O	O	O	O	O	_	_	NoSpaceAfter	_	_	_
.	O	O	O	O	O	O	_	_	_	_	_	_
A	O	O	O	O	O	O	_	_	_	_	_	_
_	O	O	O	O	O	O	_	_	_	_	_	_
!	O	O	O	O	O	O	_	_	EndOfLine	_	_	_
# segment_iiif_link = https://impresso-project.ch/api/proxy/iiif/JDG-1914-09-04-a-p0002/2294,4167,298,49/full/0/default.jpg
jeriisgne	O	O	O	O	O	O	_	_	_	_	_	_
aussi	O	O	O	O	O	O	_	_	_	_	_	_
bi	O	O	O	O	O	O	_	_	_	_	_	_
<	O	O	O	O	O	O	_	_	_	_	_	_
-	O	O	O	O	O	O	_	_	NoSpaceAfter	_	_	_
n	O	O	O	O	O	O	_	_	_	_	_	_
qu	O	O	O	O	O	O	_	_	NoSpaceAfter	_	_	_
'	O	O	O	O	O	O	_	_	NoSpaceAfter	_	_	_
à	O	O	O	O	O	O	_	_	_	_	_	_
i	O	O	O	O	O	O	_	_	EndOfLine	_	_	_
# segment_iiif_link = https://impresso-project.ch/api/proxy/iiif/JDG-1914-09-04-a-p0002/2294,4347,174,49/full/0/default.jpg
à	O	O	O	O	O	O	_	_	_	_	_	_
BaU	O	O	O	O	O	O	_	_	_	_	_	_
»	O	O	O	O	O	O	_	_	_	_	_	_
par	O	O	O	O	O	O	_	_	_	_	_	_
la	O	O	O	O	O	O	_	_	EndOfLine	_	_	_
# segment_iiif_link = https://impresso-project.ch/api/proxy/iiif/JDG-1914-09-04-a-p0002/2383,4215,404,55/full/0/default.jpg
Socialistes	O	O	O	O	O	O	_	_	_	_	_	_
Milan	O	O	O	O	O	O	_	_	NoSpaceAfter	_	_	_
,	O	O	O	O	O	O	_	_	_	_	_	_
3	O	O	O	O	O	O	_	_	_	_	_	_
septembre	O	O	O	O	O	O	_	_	NoSpaceAfter	_	_	_
.	O	O	O	O	O	O	_	_	EndOfLine	EndOfSentence	_	_
# segment_iiif_link = https://impresso-project.ch/api/proxy/iiif/JDG-1914-09-04-a-p0002/2319,4286,499,49/full/0/default.jpg
H	O	O	O	O	O	O	_	_	_	_	_	_
est	O	O	O	O	O	O	_	_	_	_	_	_
fans	I-pers	O	I-pers.ind.articleauthor	O	O	O	_	_	_	_	_	_
:	O	O	O	O	O	O	_	_	_	_	_	_
WIR	I-pers	O	I-pers.ind.articleauthor	O	O	O	_	_	NoSpaceAfter	_	_	_
,	O	O	O	O	O	O	_	_	_	_	_	_
cor	O	O	O	O	O	O	_	_	_	_	_	_
/	O	O	O	O	O	O	_	_	NoSpaceAfter	_	_	_
.	O	O	O	O	O	O	_	_	_	EndOfSentence	_	_
œe	O	O	O	O	O	O	_	_	_	_	_	_
on	O	O	O	O	O	O	_	_	_	_	_	_
l	O	O	O	O	O	O	_	_	NoSpaceAfter	_	_	_
'	O	O	O	O	O	O	_	_	NoSpaceAfter	_	_	_
a	O	O	O	O	O	O	_	_	_	_	_	_
annoncé	O	O	O	O	O	O	_	_	NoSpaceAfter	_	_	_
,	O	O	O	O	O	O	_	_	_	_	_	_
les	O	O	O	O	O	O	_	_	EndOfLine	_	_	_
# segment_iiif_link = https://impresso-project.ch/api/proxy/iiif/JDG-1914-09-04-a-p0002/2292,4316,526,51/full/0/default.jpg
bureaux	O	O	O	O	O	O	_	_	_	_	_	_
du	O	O	O	O	O	O	_	_	_	_	_	_
Vo	O	O	O	O	O	O	_	_	NoSpaceAfter	_	_	_
-	O	O	O	O	O	O	_	_	NoSpaceAfter	_	_	_
wàrts	O	O	O	O	O	O	_	_	_	_	_	_
aient	O	O	O	O	O	O	_	_	_	_	_	_
;	O	O	O	O	O	O	_	_	_	_	_	_
éfé	O	O	O	O	O	O	_	_	_	_	_	_
saccagés	O	O	O	O	O	O	_	_	EndOfLine	_	_	_
# segment_iiif_link = https://impresso-project.ch/api/proxy/iiif/JDG-1914-09-04-a-p0002/2809,209,527,51/full/0/default.jpg
près	O	O	O	O	O	O	_	_	_	_	_	_
une	O	O	O	O	O	O	_	_	_	_	_	_
dépêche	O	O	O	O	O	O	_	_	_	_	_	_
du	O	O	O	O	O	O	_	_	_	_	_	_
Secolo	O	O	O	O	O	O	_	_	NoSpaceAfter	_	_	_
,	O	O	O	O	O	O	_	_	_	_	_	_
l	O	O	O	O	O	O	_	_	NoSpaceAfter	_	_	_
'	O	O	O	O	O	O	_	_	NoSpaceAfter	_	_	_
harmonie	O	O	O	O	O	O	_	_	_	_	_	_
la	O	O	O	O	O	O	_	_	EndOfLine	_	_	_
# segment_iiif_link = https://impresso-project.ch/api/proxy/iiif/JDG-1914-09-04-a-p0002/2810,238,529,49/full/0/default.jpg
plus	O	O	O	O	O	O	_	_	_	_	_	_
parfaite	O	O	O	O	O	O	_	_	_	_	_	_
règne	O	O	O	O	O	O	_	_	_	_	_	_
entre	O	O	O	O	O	O	_	_	_	_	_	_
les	O	O	O	O	O	O	_	_	_	_	_	_
socialistes	O	O	O	O	O	O	_	_	NoSpaceAfter	_	_	_
,	O	O	O	O	O	O	_	_	EndOfLine	_	_	_
# segment_iiif_link = https://impresso-project.ch/api/proxy/iiif/JDG-1914-09-04-a-p0002/2812,266,525,49/full/0/default.jpg
mée	O	O	O	O	O	O	_	_	_	_	_	_
et	O	O	O	O	O	O	_	_	_	_	_	_
le	O	O	O	O	O	O	_	_	_	_	_	_
pouvoir	O	O	O	O	O	O	_	_	NoSpaceAfter	_	_	_
.	O	O	O	O	O	O	_	_	_	EndOfSentence	_	_
Dès	O	O	O	O	O	O	_	_	_	_	_	_
la	O	O	O	O	O	O	_	_	_	_	_	_
déclaration	O	O	O	O	O	O	_	_	_	_	_	_
de	O	O	O	O	O	O	_	_	EndOfLine	_	_	_
# segment_iiif_link = https://impresso-project.ch/api/proxy/iiif/JDG-1914-09-04-a-p0002/2810,294,527,51/full/0/default.jpg
guerre	O	O	O	O	O	O	_	_	NoSpaceAfter	_	_	_
,	O	O	O	O	O	O	_	_	_	_	_	_
la	O	O	O	O	O	O	_	_	_	_	_	_
veate	O	O	O	O	O	O	_	_	_	_	_	_
des	O	O	O	O	O	O	_	_	_	_	_	_
journaux	O	O	O	O	O	O	_	_	_	_	_	_
socialistes	O	O	O	O	O	O	_	_	_	_	_	_
a	O	O	O	O	O	O	_	_	EndOfLine	_	_	_
# segment_iiif_link = https://impresso-project.ch/api/proxy/iiif/JDG-1914-09-04-a-p0002/2810,323,529,49/full/0/default.jpg
été	O	O	O	O	O	O	_	_	_	_	_	_
autorisés	O	O	O	O	O	O	_	_	_	_	_	_
dans	O	O	O	O	O	O	_	_	_	_	_	_
les	O	O	O	O	O	O	_	_	_	_	_	_
gares	O	O	O	O	O	O	_	_	_	_	_	_
et	O	O	O	O	O	O	_	_	_	_	_	_
le	O	O	O	O	O	O	_	_	_	_	_	_
Vorwarls	O	O	O	O	O	O	_	_	EndOfLine	_	_	_
# segment_iiif_link = https://impresso-project.ch/api/proxy/iiif/JDG-1914-09-04-a-p0002/2810,350,529,49/full/0/default.jpg
publie	O	O	O	O	O	O	_	_	_	_	_	_
une	O	O	O	O	O	O	_	_	_	_	_	_
lettre	O	O	O	O	O	O	_	_	_	_	_	_
du	O	O	O	O	O	O	_	_	_	_	_	_
ministre	O	O	O	O	O	O	_	_	_	_	_	_
de	O	O	O	O	O	O	_	_	_	_	_	_
la	O	O	O	O	O	O	_	_	_	_	_	_
guerre	O	O	O	O	O	O	_	_	EndOfLine	_	_	_
# segment_iiif_link = https://impresso-project.ch/api/proxy/iiif/JDG-1914-09-04-a-p0002/2810,378,526,51/full/0/default.jpg
annonçant	O	O	O	O	O	O	_	_	_	_	_	_
qpe	O	O	O	O	O	O	_	_	_	_	_	_
la	O	O	O	O	O	O	_	_	_	_	_	_
iectare	O	O	O	O	O	O	_	_	_	_	_	_
des	O	O	O	O	O	O	_	_	_	_	_	_
journaux	O	O	O	O	O	O	_	_	_	_	_	_
et	O	O	O	O	O	O	_	_	EndOfLine	_	_	_
# segment_iiif_link = https://impresso-project.ch/api/proxy/iiif/JDG-1914-09-04-a-p0002/2810,407,528,49/full/0/default.jpg
ouvrages	O	O	O	O	O	O	_	_	_	_	_	_
socialistes	O	O	O	O	O	O	_	_	_	_	_	_
est	O	O	O	O	O	O	_	_	_	_	_	_
désormais	O	O	O	O	O	O	_	_	_	_	_	_
permise	O	O	O	O	O	O	_	_	EndOfLine	_	_	_
# segment_iiif_link = https://impresso-project.ch/api/proxy/iiif/JDG-1914-09-04-a-p0002/2823,435,198,49/full/0/default.jpg
Sans	O	O	O	O	O	O	_	_	_	_	_	_
les	O	O	O	O	O	O	_	_	_	_	_	_
casernes	O	O	O	O	O	O	_	_	NoSpaceAfter	_	_	_
.	O	O	O	O	O	O	_	_	EndOfLine	EndOfSentence	_	_

# language = fr
# newspaper = JDG
# date = 1915-12-31
# document_id = JDG-1915-12-31-a-i0013
# news-agency-as-source = Q552226
# segment_iiif_link = https://impresso-project.ch/api/proxy/iiif/JDG-1915-12-31-a-p0002/2722,375,673,82/full/0/default.jpg
La	O	O	O	O	O	O	_	_	_	_	_	_
vie	O	O	O	O	O	O	_	_	_	_	_	_
économique	O	O	O	O	O	O	_	_	_	_	_	_
à	O	O	O	O	O	O	_	_	_	_	_	_
Berlin	O	O	O	O	O	O	_	_	EndOfLine	_	_	_
# segment_iiif_link = https://impresso-project.ch/api/proxy/iiif/JDG-1915-12-31-a-p0002/2702,488,748,58/full/0/default.jpg
Un	O	O	O	O	O	O	_	_	_	_	_	_
de	O	O	O	O	O	O	_	_	_	_	_	_
nos	O	O	O	O	O	O	_	_	_	_	_	_
concitoyens	O	O	O	O	O	O	_	_	_	_	_	_
qui	O	O	O	O	O	O	_	_	_	_	_	_
vient	O	O	O	O	O	O	_	_	_	_	_	_
de	O	O	O	O	O	O	_	_	_	_	_	_
séjourner	O	O	O	O	O	O	_	_	EndOfLine	_	_	_
# segment_iiif_link = https://impresso-project.ch/api/proxy/iiif/JDG-1915-12-31-a-p0002/2662,522,788,55/full/0/default.jpg
en	O	O	O	O	O	O	_	_	_	_	_	_
Allemagne	O	O	O	O	O	O	_	_	_	_	_	_
nous	O	O	O	O	O	O	_	_	_	_	_	_
communique	O	O	O	O	O	O	_	_	_	_	_	_
les	O	O	O	O	O	O	_	_	_	_	_	_
impressions	O	O	O	O	O	O	_	_	EndOfLine	_	_	_
# segment_iiif_link = https://impresso-project.ch/api/proxy/iiif/JDG-1915-12-31-a-p0002/2665,558,175,55/full/0/default.jpg
que	O	O	O	O	O	O	_	_	_	_	_	_
voici	O	O	O	O	O	O	_	_	_	_	_	_
:	O	O	O	O	O	O	_	_	EndOfLine	_	_	_
# segment_iiif_link = https://impresso-project.ch/api/proxy/iiif/JDG-1915-12-31-a-p0002/2702,602,748,58/full/0/default.jpg
On	O	O	O	O	O	O	_	_	_	_	_	_
a	O	O	O	O	O	O	_	_	_	_	_	_
beaucoup	O	O	O	O	O	O	_	_	_	_	_	_
parlé	O	O	O	O	O	O	_	_	_	_	_	_
de	O	O	O	O	O	O	_	_	_	_	_	_
la	O	O	O	O	O	O	_	_	_	_	_	_
«	O	O	O	O	O	O	_	_	_	_	_	_
vie	O	O	O	O	O	O	_	_	_	_	_	_
chère	O	O	O	O	O	O	_	_	_	_	_	_
»	O	O	O	O	O	O	_	_	_	_	_	_
en	O	O	O	O	O	O	_	_	EndOfLine	_	_	_
# segment_iiif_link = https://impresso-project.ch/api/proxy/iiif/JDG-1915-12-31-a-p0002/2662,640,788,55/full/0/default.jpg
Allemagne	O	O	O	O	O	O	_	_	NoSpaceAfter	_	_	_
,	O	O	O	O	O	O	_	_	_	_	_	_
à	O	O	O	O	O	O	_	_	_	_	_	_
Berlin	O	O	O	O	O	O	_	_	_	_	_	_
en	O	O	O	O	O	O	_	_	_	_	_	_
particulier	O	O	O	O	O	O	_	_	NoSpaceAfter	_	_	_
,	O	O	O	O	O	O	_	_	_	_	_	_
et	O	O	O	O	O	O	_	_	_	_	_	_
ce	O	O	O	O	O	O	_	_	_	_	_	_
sujet	O	O	O	O	O	O	_	_	EndOfLine	_	_	_
# segment_iiif_link = https://impresso-project.ch/api/proxy/iiif/JDG-1915-12-31-a-p0002/2665,678,787,55/full/0/default.jpg
a	O	O	O	O	O	O	_	_	_	_	_	_
donné	O	O	O	O	O	O	_	_	_	_	_	_
lieu	O	O	O	O	O	O	_	_	NoSpaceAfter	_	_	_
,	O	O	O	O	O	O	_	_	_	_	_	_
depuis	O	O	O	O	O	O	_	_	_	_	_	_
bien	O	O	O	O	O	O	_	_	_	_	_	_
des	O	O	O	O	O	O	_	_	_	_	_	_
mois	O	O	O	O	O	O	_	_	NoSpaceAfter	_	_	_
,	O	O	O	O	O	O	_	_	_	_	_	_
aux	O	O	O	O	O	O	_	_	EndOfLine	_	_	_
# segment_iiif_link = https://impresso-project.ch/api/proxy/iiif/JDG-1915-12-31-a-p0002/2665,715,785,55/full/0/default.jpg
exagérations	O	O	O	O	O	O	_	_	_	_	_	_
les	O	O	O	O	O	O	_	_	_	_	_	_
plus	O	O	O	O	O	O	_	_	_	_	_	_
contradictoires	O	O	O	O	O	O	_	_	NoSpaceAfter	_	_	_
,	O	O	O	O	O	O	_	_	_	_	_	_
j	O	O	O	O	O	O	_	_	_	_	_	_
e	O	O	O	O	O	O	_	_	_	_	_	_
voudrais	O	O	O	O	O	O	_	_	NoSpaceAfter	_	_	_
,	O	O	O	O	O	O	_	_	EndOfLine	_	_	_
# segment_iiif_link = https://impresso-project.ch/api/proxy/iiif/JDG-1915-12-31-a-p0002/2665,752,787,55/full/0/default.jpg
en	O	O	O	O	O	O	_	_	_	_	_	_
me	O	O	O	O	O	O	_	_	_	_	_	_
basant	O	O	O	O	O	O	_	_	_	_	_	_
sur	O	O	O	O	O	O	_	_	_	_	_	_
des	O	O	O	O	O	O	_	_	_	_	_	_
expériences	O	O	O	O	O	O	_	_	_	_	_	_
personnelles	O	O	O	O	O	O	_	_	NoSpaceAfter	_	_	_
,	O	O	O	O	O	O	_	_	EndOfLine	_	_	_
# segment_iiif_link = https://impresso-project.ch/api/proxy/iiif/JDG-1915-12-31-a-p0002/2665,788,787,58/full/0/default.jpg
apporter	O	O	O	O	O	O	_	_	_	_	_	_
quelques	O	O	O	O	O	O	_	_	_	_	_	_
données	O	O	O	O	O	O	_	_	_	_	_	_
précises	O	O	O	O	O	O	_	_	_	_	_	_
sur	O	O	O	O	O	O	_	_	_	_	_	_
la	O	O	O	O	O	O	_	_	EndOfLine	_	_	_
# segment_iiif_link = https://impresso-project.ch/api/proxy/iiif/JDG-1915-12-31-a-p0002/2665,825,788,55/full/0/default.jpg
situation	O	O	O	O	O	O	_	_	_	_	_	_
telle	O	O	O	O	O	O	_	_	_	_	_	_
qu	O	O	O	O	O	O	_	_	NoSpaceAfter	_	_	_
'	O	O	O	O	O	O	_	_	NoSpaceAfter	_	_	_
elle	O	O	O	O	O	O	_	_	_	_	_	_
existe	O	O	O	O	O	O	_	_	_	_	_	_
après	O	O	O	O	O	O	_	_	_	_	_	_
ces	O	O	O	O	O	O	_	_	_	_	_	_
seize	O	O	O	O	O	O	_	_	_	_	_	_
premiers	O	O	O	O	O	O	_	_	EndOfLine	_	_	_
# segment_iiif_link = https://impresso-project.ch/api/proxy/iiif/JDG-1915-12-31-a-p0002/2665,862,261,55/full/0/default.jpg
mois	O	O	O	O	O	O	_	_	_	_	_	_
de	O	O	O	O	O	O	_	_	_	_	_	_
guerre	O	O	O	O	O	O	_	_	NoSpaceAfter	_	_	_
.	O	O	O	O	O	O	_	_	EndOfLine	EndOfSentence	_	_
# segment_iiif_link = https://impresso-project.ch/api/proxy/iiif/JDG-1915-12-31-a-p0002/2702,900,748,55/full/0/default.jpg
Sans	O	O	O	O	O	O	_	_	_	_	_	_
parler	O	O	O	O	O	O	_	_	_	_	_	_
du	O	O	O	O	O	O	_	_	_	_	_	_
premier	O	O	O	O	O	O	_	_	_	_	_	_
affolement	O	O	O	O	O	O	_	_	_	_	_	_
qui	O	O	O	O	O	O	_	_	_	_	_	_
suivit	O	O	O	O	O	O	_	_	EndOfLine	_	_	_
# segment_iiif_link = https://impresso-project.ch/api/proxy/iiif/JDG-1915-12-31-a-p0002/2662,938,791,55/full/0/default.jpg
immédiatement	O	O	O	O	O	O	_	_	_	_	_	_
la	O	O	O	O	O	O	_	_	_	_	_	_
déclaration	O	O	O	O	O	O	_	_	_	_	_	_
de	O	O	O	O	O	O	_	_	_	_	_	_
guerre	O	O	O	O	O	O	_	_	NoSpaceAfter	_	_	_
,	O	O	O	O	O	O	_	_	EndOfLine	_	_	_
# segment_iiif_link = https://impresso-project.ch/api/proxy/iiif/JDG-1915-12-31-a-p0002/2665,975,787,55/full/0/default.jpg
affolement	O	O	O	O	O	O	_	_	_	_	_	_
que	O	O	O	O	O	O	_	_	_	_	_	_
rien	O	O	O	O	O	O	_	_	_	_	_	_
ne	O	O	O	O	O	O	_	_	_	_	_	_
justifiait	O	O	O	O	O	O	_	_	_	_	_	_
et	O	O	O	O	O	O	_	_	_	_	_	_
qui	O	O	O	O	O	O	_	_	NoSpaceAfter	_	_	_
,	O	O	O	O	O	O	_	_	_	_	_	_
du	O	O	O	O	O	O	_	_	_	_	_	_
reste	O	O	O	O	O	O	_	_	NoSpaceAfter	_	_	_
,	O	O	O	O	O	O	_	_	_	_	_	_
se	O	O	O	O	O	O	_	_	EndOfLine	_	_	_
# segment_iiif_link = https://impresso-project.ch/api/proxy/iiif/JDG-1915-12-31-a-p0002/2665,1012,788,55/full/0/default.jpg
calma	O	O	O	O	O	O	_	_	_	_	_	_
bientôt	O	O	O	O	O	O	_	_	NoSpaceAfter	_	_	_
,	O	O	O	O	O	O	_	_	_	_	_	_
il	O	O	O	O	O	O	_	_	_	_	_	_
y	O	O	O	O	O	O	_	_	_	_	_	_
a	O	O	O	O	O	O	_	_	_	_	_	_
lieu	O	O	O	O	O	O	_	_	_	_	_	_
de	O	O	O	O	O	O	_	_	_	_	_	_
distinguer	O	O	O	O	O	O	_	_	_	_	_	_
le	O	O	O	O	O	O	_	_	EndOfLine	_	_	_
# segment_iiif_link = https://impresso-project.ch/api/proxy/iiif/JDG-1915-12-31-a-p0002/2665,1048,785,58/full/0/default.jpg
renchérissement	O	O	O	O	O	O	_	_	_	_	_	_
excessif	O	O	O	O	O	O	_	_	NoSpaceAfter	_	_	_
,	O	O	O	O	O	O	_	_	_	_	_	_
inutile	O	O	O	O	O	O	_	_	NoSpaceAfter	_	_	_
,	O	O	O	O	O	O	_	_	_	_	_	_
de	O	O	O	O	O	O	_	_	_	_	_	_
certains	O	O	O	O	O	O	_	_	_	_	_	_
articles	O	O	O	O	O	O	_	_	NoSpaceAfter	_	_	_
,	O	O	O	O	O	O	_	_	EndOfLine	_	_	_
# segment_iiif_link = https://impresso-project.ch/api/proxy/iiif/JDG-1915-12-31-a-p0002/2665,1085,788,55/full/0/default.jpg
à	O	O	O	O	O	O	_	_	_	_	_	_
la	O	O	O	O	O	O	_	_	_	_	_	_
faveur	O	O	O	O	O	O	_	_	_	_	_	_
des	O	O	O	O	O	O	_	_	_	_	_	_
prix	O	O	O	O	O	O	_	_	_	_	_	_
usuraires	O	O	O	O	O	O	_	_	_	_	_	_
imposés	O	O	O	O	O	O	_	_	_	_	_	_
par	O	O	O	O	O	O	_	_	_	_	_	_
les	O	O	O	O	O	O	_	_	EndOfLine	_	_	_
# segment_iiif_link = https://impresso-project.ch/api/proxy/iiif/JDG-1915-12-31-a-p0002/2665,1122,788,55/full/0/default.jpg
producteurs	O	O	O	O	O	O	_	_	_	_	_	_
et	O	O	O	O	O	O	_	_	_	_	_	_
marchands	O	O	O	O	O	O	_	_	_	_	_	_
de	O	O	O	O	O	O	_	_	_	_	_	_
gros	O	O	O	O	O	O	_	_	NoSpaceAfter	_	_	_
,	O	O	O	O	O	O	_	_	_	_	_	_
et	O	O	O	O	O	O	_	_	_	_	_	_
le	O	O	O	O	O	O	_	_	EndOfLine	_	_	_
# segment_iiif_link = https://impresso-project.ch/api/proxy/iiif/JDG-1915-12-31-a-p0002/2665,1160,788,55/full/0/default.jpg
renchérissement	O	O	O	O	O	O	_	_	_	_	_	_
réel	O	O	O	O	O	O	_	_	NoSpaceAfter	_	_	_
,	O	O	O	O	O	O	_	_	_	_	_	_
inévitable	O	O	O	O	O	O	_	_	NoSpaceAfter	_	_	_
,	O	O	O	O	O	O	_	_	_	_	_	_
qui	O	O	O	O	O	O	_	_	NoSpaceAfter	_	_	_
,	O	O	O	O	O	O	_	_	_	_	_	_
lui	O	O	O	O	O	O	_	_	NoSpaceAfter	_	_	_
,	O	O	O	O	O	O	_	_	_	_	_	_
ne	O	O	O	O	O	O	_	_	_	_	_	_
se	O	O	O	O	O	O	_	_	_	_	_	_
fait	O	O	O	O	O	O	_	_	_	_	_	_
sentir	O	O	O	O	O	O	_	_	EndOfLine	_	_	_
# segment_iiif_link = https://impresso-project.ch/api/proxy/iiif/JDG-1915-12-31-a-p0002/2665,1198,788,55/full/0/default.jpg
de	O	O	O	O	O	O	_	_	_	_	_	_
façon	O	O	O	O	O	O	_	_	_	_	_	_
grave	O	O	O	O	O	O	_	_	_	_	_	_
que	O	O	O	O	O	O	_	_	_	_	_	_
depuis	O	O	O	O	O	O	_	_	_	_	_	_
un	O	O	O	O	O	O	_	_	_	_	_	_
temps	O	O	O	O	O	O	_	_	EndOfLine	_	_	_
# segment_iiif_link = https://impresso-project.ch/api/proxy/iiif/JDG-1915-12-31-a-p0002/2665,1232,788,58/full/0/default.jpg
relativement	O	O	O	O	O	O	_	_	_	_	_	_
court	O	O	O	O	O	O	_	_	NoSpaceAfter	_	_	_
.	O	O	O	O	O	O	_	_	_	EndOfSentence	_	_
Sa	O	O	O	O	O	O	_	_	_	_	_	_
progression	O	O	O	O	O	O	_	_	_	_	_	_
est	O	O	O	O	O	O	_	_	_	_	_	_
lente	O	O	O	O	O	O	_	_	NoSpaceAfter	_	_	_
,	O	O	O	O	O	O	_	_	_	_	_	_
mais	O	O	O	O	O	O	_	_	_	_	_	_
d	O	O	O	O	O	O	_	_	NoSpaceAfter	_	_	_
'	O	O	O	O	O	O	_	_	NoSpaceAfter	_	_	_
une	O	O	O	O	O	O	_	_	EndOfLine	_	_	_
# segment_iiif_link = https://impresso-project.ch/api/proxy/iiif/JDG-1915-12-31-a-p0002/2665,1270,623,55/full/0/default.jpg
régularité	O	O	O	O	O	O	_	_	_	_	_	_
inquiétante	O	O	O	O	O	O	_	_	_	_	_	_
et	O	O	O	O	O	O	_	_	_	_	_	_
significative	O	O	O	O	O	O	_	_	NoSpaceAfter	_	_	_
.	O	O	O	O	O	O	_	_	EndOfLine	EndOfSentence	_	_
# segment_iiif_link = https://impresso-project.ch/api/proxy/iiif/JDG-1915-12-31-a-p0002/2705,1310,748,55/full/0/default.jpg
Il	O	O	O	O	O	O	_	_	_	_	_	_
ne	O	O	O	O	O	O	_	_	_	_	_	_
s	O	O	O	O	O	O	_	_	NoSpaceAfter	_	_	_
'	O	O	O	O	O	O	_	_	NoSpaceAfter	_	_	_
agit	O	O	O	O	O	O	_	_	_	_	_	_
du	O	O	O	O	O	O	_	_	_	_	_	_
reste	O	O	O	O	O	O	_	_	_	_	_	_
pas	O	O	O	O	O	O	_	_	_	_	_	_
seulement	O	O	O	O	O	O	_	_	_	_	_	_
de	O	O	O	O	O	O	_	_	EndOfLine	_	_	_
# segment_iiif_link = https://impresso-project.ch/api/proxy/iiif/JDG-1915-12-31-a-p0002/2665,1348,788,55/full/0/default.jpg
renchérissement	O	O	O	O	O	O	_	_	NoSpaceAfter	_	_	_
,	O	O	O	O	O	O	_	_	_	_	_	_
mais	O	O	O	O	O	O	_	_	_	_	_	_
surtout	O	O	O	O	O	O	_	_	NoSpaceAfter	_	_	_
,	O	O	O	O	O	O	_	_	_	_	_	_
et	O	O	O	O	O	O	_	_	_	_	_	_
de	O	O	O	O	O	O	_	_	_	_	_	_
plus	O	O	O	O	O	O	_	_	_	_	_	_
en	O	O	O	O	O	O	_	_	_	_	_	_
plus	O	O	O	O	O	O	_	_	NoSpaceAfter	_	_	_
,	O	O	O	O	O	O	_	_	_	_	_	_
de	O	O	O	O	O	O	_	_	EndOfLine	_	_	_
# segment_iiif_link = https://impresso-project.ch/api/proxy/iiif/JDG-1915-12-31-a-p0002/2665,1382,787,58/full/0/default.jpg
la	O	O	O	O	O	O	_	_	_	_	_	_
quasi	O	O	O	O	O	O	_	_	NoSpaceAfter	_	_	_
-	O	O	O	O	O	O	_	_	NoSpaceAfter	_	_	_
impossibilité	O	O	O	O	O	O	_	_	_	_	_	_
de	O	O	O	O	O	O	_	_	_	_	_	_
se	O	O	O	O	O	O	_	_	_	_	_	_
procurer	O	O	O	O	O	O	_	_	_	_	_	_
certaines	O	O	O	O	O	O	_	_	EndOfLine	_	_	_
# segment_iiif_link = https://impresso-project.ch/api/proxy/iiif/JDG-1915-12-31-a-p0002/2665,1420,791,55/full/0/default.jpg
denrées	O	O	O	O	O	O	_	_	_	_	_	_
de	O	O	O	O	O	O	_	_	_	_	_	_
première	O	O	O	O	O	O	_	_	_	_	_	_
nécessité	O	O	O	O	O	O	_	_	_	_	_	_
!	O	O	O	O	O	O	_	_	_	EndOfSentence	_	_
Cet	O	O	O	O	O	O	_	_	_	_	_	_
état	O	O	O	O	O	O	_	_	_	_	_	_
de	O	O	O	O	O	O	_	_	EndOfLine	_	_	_
# segment_iiif_link = https://impresso-project.ch/api/proxy/iiif/JDG-1915-12-31-a-p0002/2668,1458,787,55/full/0/default.jpg
choses	O	O	O	O	O	O	_	_	_	_	_	_
se	O	O	O	O	O	O	_	_	_	_	_	_
fait	O	O	O	O	O	O	_	_	_	_	_	_
sentir	O	O	O	O	O	O	_	_	_	_	_	_
surtout	O	O	O	O	O	O	_	_	_	_	_	_
en	O	O	O	O	O	O	_	_	_	_	_	_
ce	O	O	O	O	O	O	_	_	_	_	_	_
qui	O	O	O	O	O	O	_	_	_	_	_	_
concerne	O	O	O	O	O	O	_	_	EndOfLine	_	_	_
# segment_iiif_link = https://impresso-project.ch/api/proxy/iiif/JDG-1915-12-31-a-p0002/2665,1495,791,55/full/0/default.jpg
le	O	O	O	O	O	O	_	_	_	_	_	_
beurre	O	O	O	O	O	O	_	_	_	_	_	_
et	O	O	O	O	O	O	_	_	_	_	_	_
la	O	O	O	O	O	O	_	_	_	_	_	_
graisse	O	O	O	O	O	O	_	_	_	_	_	_
:	O	O	O	O	O	O	_	_	_	_	_	_
le	O	O	O	O	O	O	_	_	_	_	_	_
beurre	O	O	O	O	O	O	_	_	_	_	_	_
monta	O	O	O	O	O	O	_	_	_	_	_	_
jusqu	O	O	O	O	O	O	_	_	NoSpaceAfter	_	_	_
'	O	O	O	O	O	O	_	_	NoSpaceAfter	_	_	_
à	O	O	O	O	O	O	_	_	EndOfLine	_	_	_
# segment_iiif_link = https://impresso-project.ch/api/proxy/iiif/JDG-1915-12-31-a-p0002/2668,1532,789,55/full/0/default.jpg
3	O	O	O	O	O	O	_	_	_	_	_	_
mk	O	O	O	O	O	O	_	_	NoSpaceAfter	_	_	_
.	O	O	O	O	O	O	_	_	_	EndOfSentence	_	_
la	O	O	O	O	O	O	_	_	_	_	_	_
livre	O	O	O	O	O	O	_	_	_	_	_	_
et	O	O	O	O	O	O	_	_	_	_	_	_
menaçait	O	O	O	O	O	O	_	_	_	_	_	_
de	O	O	O	O	O	O	_	_	_	_	_	_
monter	O	O	O	O	O	O	_	_	_	_	_	_
encore	O	O	O	O	O	O	_	_	EndOfLine	_	_	_
# segment_iiif_link = https://impresso-project.ch/api/proxy/iiif/JDG-1915-12-31-a-p0002/2668,1568,784,58/full/0/default.jpg
lorsque	O	O	O	O	O	O	_	_	_	_	_	_
l	O	O	O	O	O	O	_	_	NoSpaceAfter	_	_	_
'	O	O	O	O	O	O	_	_	NoSpaceAfter	_	_	_
Etat	O	O	O	O	O	O	_	_	_	_	_	_
intervint	O	O	O	O	O	O	_	_	_	_	_	_
et	O	O	O	O	O	O	_	_	_	_	_	_
fixa	O	O	O	O	O	O	_	_	_	_	_	_
le	O	O	O	O	O	O	_	_	_	_	_	_
prix	O	O	O	O	O	O	_	_	_	_	_	_
maximum	O	O	O	O	O	O	_	_	EndOfLine	_	_	_
# segment_iiif_link = https://impresso-project.ch/api/proxy/iiif/JDG-1915-12-31-a-p0002/2668,1605,785,55/full/0/default.jpg
à	O	O	O	O	O	O	_	_	_	_	_	_
2	O	O	O	O	O	O	_	_	_	_	_	_
mk	O	O	O	O	O	O	_	_	NoSpaceAfter	_	_	_
.	O	O	O	O	O	O	_	_	_	EndOfSentence	_	_
55	O	O	O	O	O	O	_	_	NoSpaceAfter	_	_	_
.	O	O	O	O	O	O	_	_	_	EndOfSentence	_	_
Le	O	O	O	O	O	O	_	_	_	_	_	_
lard	O	O	O	O	O	O	_	_	NoSpaceAfter	_	_	_
,	O	O	O	O	O	O	_	_	_	_	_	_
d	O	O	O	O	O	O	_	_	NoSpaceAfter	_	_	_
'	O	O	O	O	O	O	_	_	NoSpaceAfter	_	_	_
autre	O	O	O	O	O	O	_	_	_	_	_	_
part	O	O	O	O	O	O	_	_	NoSpaceAfter	_	_	_
,	O	O	O	O	O	O	_	_	_	_	_	_
se	O	O	O	O	O	O	_	_	_	_	_	_
maintint	O	O	O	O	O	O	_	_	EndOfLine	_	_	_
# segment_iiif_link = https://impresso-project.ch/api/proxy/iiif/JDG-1915-12-31-a-p0002/2668,1642,624,55/full/0/default.jpg
au	O	O	O	O	O	O	_	_	_	_	_	_
prix	O	O	O	O	O	O	_	_	_	_	_	_
exorbitant	O	O	O	O	O	O	_	_	_	_	_	_
de	O	O	O	O	O	O	_	_	_	_	_	_
3	O	O	O	O	O	O	_	_	_	_	_	_
mk	O	O	O	O	O	O	_	_	NoSpaceAfter	_	_	_
.	O	O	O	O	O	O	_	_	_	EndOfSentence	_	_
40	O	O	O	O	O	O	_	_	_	_	_	_
la	O	O	O	O	O	O	_	_	_	_	_	_
livre	O	O	O	O	O	O	_	_	NoSpaceAfter	_	_	_
.	O	O	O	O	O	O	_	_	EndOfLine	EndOfSentence	_	_
# segment_iiif_link = https://impresso-project.ch/api/proxy/iiif/JDG-1915-12-31-a-p0002/2705,1682,747,55/full/0/default.jpg
Même	O	O	O	O	O	O	_	_	_	_	_	_
intervention	O	O	O	O	O	O	_	_	_	_	_	_
de	O	O	O	O	O	O	_	_	_	_	_	_
l	O	O	O	O	O	O	_	_	NoSpaceAfter	_	_	_
'	O	O	O	O	O	O	_	_	NoSpaceAfter	_	_	_
Etat	O	O	O	O	O	O	_	_	_	_	_	_
pour	O	O	O	O	O	O	_	_	_	_	_	_
îa	O	O	O	O	O	O	_	_	_	_	_	_
von	O	O	O	O	O	O	_	_	_	_	_	_
t	O	O	O	O	O	O	_	_	EndOfLine	_	_	_
# segment_iiif_link = https://impresso-project.ch/api/proxy/iiif/JDG-1915-12-31-a-p0002/2668,1718,787,58/full/0/default.jpg
de	O	O	O	O	O	O	_	_	_	_	_	_
la	O	O	O	O	O	O	_	_	_	_	_	_
viande	O	O	O	O	O	O	_	_	_	_	_	_
de	O	O	O	O	O	O	_	_	_	_	_	_
porc	O	O	O	O	O	O	_	_	NoSpaceAfter	_	_	_
,	O	O	O	O	O	O	_	_	_	_	_	_
dont	O	O	O	O	O	O	_	_	_	_	_	_
le	O	O	O	O	O	O	_	_	_	_	_	_
prix	O	O	O	O	O	O	_	_	_	_	_	_
avait	O	O	O	O	O	O	_	_	_	_	_	_
plus	O	O	O	O	O	O	_	_	EndOfLine	_	_	_
# segment_iiif_link = https://impresso-project.ch/api/proxy/iiif/JDG-1915-12-31-a-p0002/2668,1755,784,55/full/0/default.jpg
que	O	O	O	O	O	O	_	_	_	_	_	_
doublé	O	O	O	O	O	O	_	_	NoSpaceAfter	_	_	_
.	O	O	O	O	O	O	_	_	_	EndOfSentence	_	_
L	O	O	O	O	O	O	_	_	NoSpaceAfter	_	_	_
'	O	O	O	O	O	O	_	_	NoSpaceAfter	_	_	_
autorité	O	O	O	O	O	O	_	_	_	_	_	_
imposa	O	O	O	O	O	O	_	_	_	_	_	_
alors	O	O	O	O	O	O	_	_	_	_	_	_
le	O	O	O	O	O	O	_	_	_	_	_	_
prix	O	O	O	O	O	O	_	_	EndOfLine	_	_	_
# segment_iiif_link = https://impresso-project.ch/api/proxy/iiif/JDG-1915-12-31-a-p0002/2668,1792,785,55/full/0/default.jpg
unique	O	O	O	O	O	O	_	_	_	_	_	_
de	O	O	O	O	O	O	_	_	_	_	_	_
1	O	O	O	O	O	O	_	_	_	_	_	_
mk	O	O	O	O	O	O	_	_	NoSpaceAfter	_	_	_
.	O	O	O	O	O	O	_	_	_	EndOfSentence	_	_
40	O	O	O	O	O	O	_	_	_	_	_	_
la	O	O	O	O	O	O	_	_	_	_	_	_
livre	O	O	O	O	O	O	_	_	_	_	_	_
et	O	O	O	O	O	O	_	_	NoSpaceAfter	_	_	_
.	O	O	O	O	O	O	_	_	NoSpaceAfter	_	_	_
.	O	O	O	O	O	O	_	_	NoSpaceAfter	_	_	_
.	O	O	O	O	O	O	_	_	_	_	_	_
du	O	O	O	O	O	O	_	_	_	_	_	_
jour	O	O	O	O	O	O	_	_	_	_	_	_
au	O	O	O	O	O	O	_	_	EndOfLine	_	_	_
# segment_iiif_link = https://impresso-project.ch/api/proxy/iiif/JDG-1915-12-31-a-p0002/2668,1830,785,55/full/0/default.jpg
lendemain	O	O	O	O	O	O	_	_	_	_	_	_
il	O	O	O	O	O	O	_	_	_	_	_	_
n	O	O	O	O	O	O	_	_	NoSpaceAfter	_	_	_
'	O	O	O	O	O	O	_	_	NoSpaceAfter	_	_	_
y	O	O	O	O	O	O	_	_	_	_	_	_
eut	O	O	O	O	O	O	_	_	_	_	_	_
plus	O	O	O	O	O	O	_	_	_	_	_	_
moyen	O	O	O	O	O	O	_	_	_	_	_	_
de	O	O	O	O	O	O	_	_	_	_	_	_
se	O	O	O	O	O	O	_	_	_	_	_	_
procurer	O	O	O	O	O	O	_	_	_	_	_	_
un	O	O	O	O	O	O	_	_	EndOfLine	_	_	_
# segment_iiif_link = https://impresso-project.ch/api/proxy/iiif/JDG-1915-12-31-a-p0002/2668,1868,787,55/full/0/default.jpg
seul	O	O	O	O	O	O	_	_	_	_	_	_
morceau	O	O	O	O	O	O	_	_	_	_	_	_
du	O	O	O	O	O	O	_	_	_	_	_	_
précieux	O	O	O	O	O	O	_	_	_	_	_	_
animal	O	O	O	O	O	O	_	_	NoSpaceAfter	_	_	_
.	O	O	O	O	O	O	_	_	_	EndOfSentence	_	_
Que	O	O	O	O	O	O	_	_	_	_	_	_
s	O	O	O	O	O	O	_	_	NoSpaceAfter	_	_	_
'	O	O	O	O	O	O	_	_	NoSpaceAfter	_	_	_
était	O	O	O	O	O	O	_	_	NoSpaceAfter	_	_	_
-	O	O	O	O	O	O	_	_	NoSpaceAfter	_	_	_
il	O	O	O	O	O	O	_	_	EndOfLine	_	_	_
# segment_iiif_link = https://impresso-project.ch/api/proxy/iiif/JDG-1915-12-31-a-p0002/2668,1902,787,58/full/0/default.jpg
passé	O	O	O	O	O	O	_	_	_	_	_	_
?	O	O	O	O	O	O	_	_	_	EndOfSentence	_	_
Les	O	O	O	O	O	O	_	_	_	_	_	_
propriétaires	O	O	O	O	O	O	_	_	_	_	_	_
de	O	O	O	O	O	O	_	_	_	_	_	_
bétail	O	O	O	O	O	O	_	_	_	_	_	_
et	O	O	O	O	O	O	_	_	_	_	_	_
les	O	O	O	O	O	O	_	_	EndOfLine	_	_	_
# segment_iiif_link = https://impresso-project.ch/api/proxy/iiif/JDG-1915-12-31-a-p0002/2670,1940,785,55/full/0/default.jpg
marchands	O	O	O	O	O	O	_	_	_	_	_	_
de	O	O	O	O	O	O	_	_	_	_	_	_
gros	O	O	O	O	O	O	_	_	_	_	_	_
refusaient	O	O	O	O	O	O	_	_	_	_	_	_
tout	O	O	O	O	O	O	_	_	_	_	_	_
simplement	O	O	O	O	O	O	_	_	_	_	_	_
de	O	O	O	O	O	O	_	_	EndOfLine	_	_	_
# segment_iiif_link = https://impresso-project.ch/api/proxy/iiif/JDG-1915-12-31-a-p0002/2668,1978,786,55/full/0/default.jpg
livrer	O	O	O	O	O	O	_	_	_	_	_	_
leur	O	O	O	O	O	O	_	_	_	_	_	_
marchandise	O	O	O	O	O	O	_	_	NoSpaceAfter	_	_	_
,	O	O	O	O	O	O	_	_	_	_	_	_
n	O	O	O	O	O	O	_	_	NoSpaceAfter	_	_	_
'	O	O	O	O	O	O	_	_	NoSpaceAfter	_	_	_
y	O	O	O	O	O	O	_	_	_	_	_	_
trouvant	O	O	O	O	O	O	_	_	_	_	_	_
plus	O	O	O	O	O	O	_	_	_	_	_	_
leur	O	O	O	O	O	O	_	_	EndOfLine	_	_	_
# segment_iiif_link = https://impresso-project.ch/api/proxy/iiif/JDG-1915-12-31-a-p0002/2670,2015,787,55/full/0/default.jpg
compte	O	O	O	O	O	O	_	_	_	_	_	_
!	O	O	O	O	O	O	_	_	_	EndOfSentence	_	_
Merveilleux	O	O	O	O	O	O	_	_	_	_	_	_
patriotisme	O	O	O	O	O	O	_	_	NoSpaceAfter	_	_	_
,	O	O	O	O	O	O	_	_	_	_	_	_
n	O	O	O	O	O	O	_	_	NoSpaceAfter	_	_	_
'	O	O	O	O	O	O	_	_	NoSpaceAfter	_	_	_
est	O	O	O	O	O	O	_	_	NoSpaceAfter	_	_	_
-	O	O	O	O	O	O	_	_	NoSpaceAfter	_	_	_
il	O	O	O	O	O	O	_	_	_	_	_	_
pas	O	O	O	O	O	O	_	_	EndOfLine	_	_	_
# segment_iiif_link = https://impresso-project.ch/api/proxy/iiif/JDG-1915-12-31-a-p0002/2670,2052,785,55/full/0/default.jpg
vrai	O	O	O	O	O	O	_	_	_	_	_	_
?	O	O	O	O	O	O	_	_	_	EndOfSentence	_	_
Et	O	O	O	O	O	O	_	_	_	_	_	_
la	O	O	O	O	O	O	_	_	_	_	_	_
situation	O	O	O	O	O	O	_	_	_	_	_	_
dure	O	O	O	O	O	O	_	_	_	_	_	_
encore	O	O	O	O	O	O	_	_	_	_	_	_
et	O	O	O	O	O	O	_	_	_	_	_	_
rien	O	O	O	O	O	O	_	_	_	_	_	_
n	O	O	O	O	O	O	_	_	NoSpaceAfter	_	_	_
'	O	O	O	O	O	O	_	_	NoSpaceAfter	_	_	_
est	O	O	O	O	O	O	_	_	EndOfLine	_	_	_
# segment_iiif_link = https://impresso-project.ch/api/proxy/iiif/JDG-1915-12-31-a-p0002/2670,2088,785,58/full/0/default.jpg
tenté	O	O	O	O	O	O	_	_	_	_	_	_
pour	O	O	O	O	O	O	_	_	_	_	_	_
y	O	O	O	O	O	O	_	_	_	_	_	_
remédier	O	O	O	O	O	O	_	_	NoSpaceAfter	_	_	_
,	O	O	O	O	O	O	_	_	_	_	_	_
si	O	O	O	O	O	O	_	_	_	_	_	_
bien	O	O	O	O	O	O	_	_	_	_	_	_
que	O	O	O	O	O	O	_	_	_	_	_	_
quiconque	O	O	O	O	O	O	_	_	EndOfLine	_	_	_
# segment_iiif_link = https://impresso-project.ch/api/proxy/iiif/JDG-1915-12-31-a-p0002/2670,2125,786,55/full/0/default.jpg
y	O	O	O	O	O	O	_	_	_	_	_	_
réfléchit	O	O	O	O	O	O	_	_	_	_	_	_
est	O	O	O	O	O	O	_	_	_	_	_	_
amené	O	O	O	O	O	O	_	_	_	_	_	_
à	O	O	O	O	O	O	_	_	_	_	_	_
conclure	O	O	O	O	O	O	_	_	_	_	_	_
que	O	O	O	O	O	O	_	_	_	_	_	_
l	O	O	O	O	O	O	_	_	NoSpaceAfter	_	_	_
'	O	O	O	O	O	O	_	_	NoSpaceAfter	_	_	_
Etat	O	O	O	O	O	O	_	_	_	_	_	_
y	O	O	O	O	O	O	_	_	EndOfLine	_	_	_
# segment_iiif_link = https://impresso-project.ch/api/proxy/iiif/JDG-1915-12-31-a-p0002/2670,2162,785,55/full/0/default.jpg
trouve	O	O	O	O	O	O	_	_	_	_	_	_
lui	O	O	O	O	O	O	_	_	NoSpaceAfter	_	_	_
-	O	O	O	O	O	O	_	_	NoSpaceAfter	_	_	_
même	O	O	O	O	O	O	_	_	_	_	_	_
son	O	O	O	O	O	O	_	_	_	_	_	_
compte	O	O	O	O	O	O	_	_	NoSpaceAfter	_	_	_
,	O	O	O	O	O	O	_	_	_	_	_	_
soit	O	O	O	O	O	O	_	_	_	_	_	_
la	O	O	O	O	O	O	_	_	_	_	_	_
réduction	O	O	O	O	O	O	_	_	EndOfLine	_	_	_
# segment_iiif_link = https://impresso-project.ch/api/proxy/iiif/JDG-1915-12-31-a-p0002/2670,2200,550,55/full/0/default.jpg
de	O	O	O	O	O	O	_	_	_	_	_	_
la	O	O	O	O	O	O	_	_	_	_	_	_
consommation	O	O	O	O	O	O	_	_	_	_	_	_
au	O	O	O	O	O	O	_	_	_	_	_	_
minimum	O	O	O	O	O	O	_	_	NoSpaceAfter	_	_	_
.	O	O	O	O	O	O	_	_	EndOfLine	EndOfSentence	_	_
# segment_iiif_link = https://impresso-project.ch/api/proxy/iiif/JDG-1915-12-31-a-p0002/2708,2240,747,55/full/0/default.jpg
Les	O	O	O	O	O	O	_	_	_	_	_	_
plus	O	O	O	O	O	O	_	_	_	_	_	_
atteints	O	O	O	O	O	O	_	_	_	_	_	_
par	O	O	O	O	O	O	_	_	_	_	_	_
la	O	O	O	O	O	O	_	_	_	_	_	_
situation	O	O	O	O	O	O	_	_	_	_	_	_
actuelle	O	O	O	O	O	O	_	_	_	_	_	_
sont	O	O	O	O	O	O	_	_	NoSpaceAfter	_	_	_
,	O	O	O	O	O	O	_	_	EndOfLine	_	_	_
# segment_iiif_link = https://impresso-project.ch/api/proxy/iiif/JDG-1915-12-31-a-p0002/2670,2278,786,55/full/0/default.jpg
sans	O	O	O	O	O	O	_	_	_	_	_	_
contredit	O	O	O	O	O	O	_	_	NoSpaceAfter	_	_	_
,	O	O	O	O	O	O	_	_	_	_	_	_
les	O	O	O	O	O	O	_	_	_	_	_	_
tenanciers	O	O	O	O	O	O	_	_	_	_	_	_
de	O	O	O	O	O	O	_	_	_	_	_	_
restaurants	O	O	O	O	O	O	_	_	_	_	_	_
;	O	O	O	O	O	O	_	_	_	_	_	_
à	O	O	O	O	O	O	_	_	EndOfLine	_	_	_
# segment_iiif_link = https://impresso-project.ch/api/proxy/iiif/JDG-1915-12-31-a-p0002/2670,2312,785,58/full/0/default.jpg
qui	O	O	O	O	O	O	_	_	_	_	_	_
il	O	O	O	O	O	O	_	_	_	_	_	_
n	O	O	O	O	O	O	_	_	NoSpaceAfter	_	_	_
'	O	O	O	O	O	O	_	_	NoSpaceAfter	_	_	_
est	O	O	O	O	O	O	_	_	_	_	_	_
plus	O	O	O	O	O	O	_	_	_	_	_	_
permis	O	O	O	O	O	O	_	_	_	_	_	_
que	O	O	O	O	O	O	_	_	_	_	_	_
deux	O	O	O	O	O	O	_	_	_	_	_	_
jours	O	O	O	O	O	O	_	_	_	_	_	_
par	O	O	O	O	O	O	_	_	EndOfLine	_	_	_
# segment_iiif_link = https://impresso-project.ch/api/proxy/iiif/JDG-1915-12-31-a-p0002/2670,2350,785,55/full/0/default.jpg
semaine	O	O	O	O	O	O	_	_	_	_	_	_
d	O	O	O	O	O	O	_	_	NoSpaceAfter	_	_	_
'	O	O	O	O	O	O	_	_	NoSpaceAfter	_	_	_
offrir	O	O	O	O	O	O	_	_	_	_	_	_
à	O	O	O	O	O	O	_	_	_	_	_	_
leurs	O	O	O	O	O	O	_	_	_	_	_	_
clients	O	O	O	O	O	O	_	_	_	_	_	_
des	O	O	O	O	O	O	_	_	_	_	_	_
menus	O	O	O	O	O	O	_	_	EndOfLine	_	_	_
# segment_iiif_link = https://impresso-project.ch/api/proxy/iiif/JDG-1915-12-31-a-p0002/2670,2388,786,55/full/0/default.jpg
normaux	O	O	O	O	O	O	_	_	NoSpaceAfter	_	_	_
.	O	O	O	O	O	O	_	_	_	EndOfSentence	_	_
Les	O	O	O	O	O	O	_	_	_	_	_	_
autres	O	O	O	O	O	O	_	_	_	_	_	_
jours	O	O	O	O	O	O	_	_	NoSpaceAfter	_	_	_
,	O	O	O	O	O	O	_	_	_	_	_	_
ou	O	O	O	O	O	O	_	_	_	_	_	_
bien	O	O	O	O	O	O	_	_	_	_	_	_
il	O	O	O	O	O	O	_	_	_	_	_	_
leur	O	O	O	O	O	O	_	_	_	_	_	_
est	O	O	O	O	O	O	_	_	EndOfLine	_	_	_
# segment_iiif_link = https://impresso-project.ch/api/proxy/iiif/JDG-1915-12-31-a-p0002/2670,2425,785,55/full/0/default.jpg
interdit	O	O	O	O	O	O	_	_	_	_	_	_
de	O	O	O	O	O	O	_	_	_	_	_	_
cuire	O	O	O	O	O	O	_	_	_	_	_	_
quoi	O	O	O	O	O	O	_	_	_	_	_	_
que	O	O	O	O	O	O	_	_	_	_	_	_
ce	O	O	O	O	O	O	_	_	_	_	_	_
soit	O	O	O	O	O	O	_	_	_	_	_	_
dans	O	O	O	O	O	O	_	_	_	_	_	_
de	O	O	O	O	O	O	_	_	_	_	_	_
la	O	O	O	O	O	O	_	_	_	_	_	_
graisse	O	O	O	O	O	O	_	_	NoSpaceAfter	_	_	_
,	O	O	O	O	O	O	_	_	EndOfLine	_	_	_
# segment_iiif_link = https://impresso-project.ch/api/proxy/iiif/JDG-1915-12-31-a-p0002/2670,2462,785,55/full/0/default.jpg
ou	O	O	O	O	O	O	_	_	_	_	_	_
bien	O	O	O	O	O	O	_	_	_	_	_	_
ils	O	O	O	O	O	O	_	_	_	_	_	_
doivent	O	O	O	O	O	O	_	_	_	_	_	_
s	O	O	O	O	O	O	_	_	NoSpaceAfter	_	_	_
'	O	O	O	O	O	O	_	_	NoSpaceAfter	_	_	_
en	O	O	O	O	O	O	_	_	_	_	_	_
tenir	O	O	O	O	O	O	_	_	_	_	_	_
aux	O	O	O	O	O	O	_	_	_	_	_	_
légumes	O	O	O	O	O	O	_	_	NoSpaceAfter	_	_	_
,	O	O	O	O	O	O	_	_	_	_	_	_
œufs	O	O	O	O	O	O	_	_	EndOfLine	_	_	_
# segment_iiif_link = https://impresso-project.ch/api/proxy/iiif/JDG-1915-12-31-a-p0002/2670,2498,172,58/full/0/default.jpg
et	O	O	O	O	O	O	_	_	_	_	_	_
poisson	O	O	O	O	O	O	_	_	NoSpaceAfter	_	_	_
.	O	O	O	O	O	O	_	_	EndOfLine	EndOfSentence	_	_
# segment_iiif_link = https://impresso-project.ch/api/proxy/iiif/JDG-1915-12-31-a-p0002/2708,2538,748,55/full/0/default.jpg
Les	O	O	O	O	O	O	_	_	_	_	_	_
boucheries	O	O	O	O	O	O	_	_	NoSpaceAfter	_	_	_
,	O	O	O	O	O	O	_	_	_	_	_	_
charcuteries	O	O	O	O	O	O	_	_	_	_	_	_
et	O	O	O	O	O	O	_	_	_	_	_	_
autres	O	O	O	O	O	O	_	_	_	_	_	_
débits	O	O	O	O	O	O	_	_	EndOfLine	_	_	_
# segment_iiif_link = https://impresso-project.ch/api/proxy/iiif/JDG-1915-12-31-a-p0002/2670,2572,786,58/full/0/default.jpg
de	O	O	O	O	O	O	_	_	_	_	_	_
viande	O	O	O	O	O	O	_	_	_	_	_	_
fraîche	O	O	O	O	O	O	_	_	_	_	_	_
ou	O	O	O	O	O	O	_	_	_	_	_	_
conservée	O	O	O	O	O	O	_	_	_	_	_	_
sont	O	O	O	O	O	O	_	_	_	_	_	_
fermés	O	O	O	O	O	O	_	_	_	_	_	_
le	O	O	O	O	O	O	_	_	EndOfLine	_	_	_
# segment_iiif_link = https://impresso-project.ch/api/proxy/iiif/JDG-1915-12-31-a-p0002/2670,2610,787,55/full/0/default.jpg
mardi	O	O	O	O	O	O	_	_	_	_	_	_
et	O	O	O	O	O	O	_	_	_	_	_	_
le	O	O	O	O	O	O	_	_	_	_	_	_
vendredi	O	O	O	O	O	O	_	_	NoSpaceAfter	_	_	_
,	O	O	O	O	O	O	_	_	_	_	_	_
ce	O	O	O	O	O	O	_	_	_	_	_	_
qui	O	O	O	O	O	O	_	_	NoSpaceAfter	_	_	_
,	O	O	O	O	O	O	_	_	_	_	_	_
au	O	O	O	O	O	O	_	_	_	_	_	_
dire	O	O	O	O	O	O	_	_	_	_	_	_
de	O	O	O	O	O	O	_	_	_	_	_	_
beaucoup	O	O	O	O	O	O	_	_	EndOfLine	_	_	_
# segment_iiif_link = https://impresso-project.ch/api/proxy/iiif/JDG-1915-12-31-a-p0002/2670,2648,786,55/full/0/default.jpg
de	O	O	O	O	O	O	_	_	_	_	_	_
gens	O	O	O	O	O	O	_	_	_	_	_	_
de	O	O	O	O	O	O	_	_	_	_	_	_
la	O	O	O	O	O	O	_	_	_	_	_	_
partie	O	O	O	O	O	O	_	_	NoSpaceAfter	_	_	_
,	O	O	O	O	O	O	_	_	_	_	_	_
est	O	O	O	O	O	O	_	_	_	_	_	_
un	O	O	O	O	O	O	_	_	_	_	_	_
acheminement	O	O	O	O	O	O	_	_	_	_	_	_
au	O	O	O	O	O	O	_	_	EndOfLine	_	_	_
# segment_iiif_link = https://impresso-project.ch/api/proxy/iiif/JDG-1915-12-31-a-p0002/2670,2685,785,55/full/0/default.jpg
rationnement	O	O	O	O	O	O	_	_	NoSpaceAfter	_	_	_
,	O	O	O	O	O	O	_	_	_	_	_	_
sous	O	O	O	O	O	O	_	_	_	_	_	_
forme	O	O	O	O	O	O	_	_	_	_	_	_
de	O	O	O	O	O	O	_	_	_	_	_	_
«	O	O	O	O	O	O	_	_	_	_	_	_
Fleischkarte	O	O	O	O	O	O	_	_	_	_	_	_
»	O	O	O	O	O	O	_	_	NoSpaceAfter	_	_	_
,	O	O	O	O	O	O	_	_	EndOfLine	_	_	_
# segment_iiif_link = https://impresso-project.ch/api/proxy/iiif/JDG-1915-12-31-a-p0002/2670,2722,795,55/full/0/default.jpg
comme	O	O	O	O	O	O	_	_	_	_	_	_
c	O	O	O	O	O	O	_	_	NoSpaceAfter	_	_	_
'	O	O	O	O	O	O	_	_	NoSpaceAfter	_	_	_
est	O	O	O	O	O	O	_	_	_	_	_	_
déjà	O	O	O	O	O	O	_	_	_	_	_	_
le	O	O	O	O	O	O	_	_	_	_	_	_
cas	O	O	O	O	O	O	_	_	_	_	_	_
pour	O	O	O	O	O	O	_	_	_	_	_	_
le	O	O	O	O	O	O	_	_	_	_	_	_
pain	O	O	O	O	O	O	_	_	_	_	_	_
et	O	O	O	O	O	O	_	_	_	_	_	_
le	O	O	O	O	O	O	_	_	_	_	_	_
lait	O	O	O	O	O	O	_	_	NoSpaceAfter	_	_	_
.	O	O	O	O	O	O	_	_	NoSpaceAfter	EndOfSentence	_	_
,	O	O	O	O	O	O	_	_	EndOfLine	_	_	_
# segment_iiif_link = https://impresso-project.ch/api/proxy/iiif/JDG-1915-12-31-a-p0002/2690,2758,780,58/full/0/default.jpg
'	O	O	O	O	O	O	_	_	NoSpaceAfter	_	_	_
Les	O	O	O	O	O	O	_	_	_	_	_	_
journaux	O	O	O	O	O	O	_	_	_	_	_	_
invitent	O	O	O	O	O	O	_	_	_	_	_	_
Je	O	O	O	O	O	O	_	_	NoSpaceAfter	_	_	_
.	O	O	O	O	O	O	_	_	_	_	_	_
public	O	O	O	O	O	O	_	_	NoSpaceAfter	_	_	_
,	O	O	O	O	O	O	_	_	NoSpaceAfter	_	_	_
,	O	O	O	O	O	O	_	_	_	_	_	_
aua	O	O	O	O	O	O	_	_	NoSpaceAfter	_	_	_
.	O	O	O	O	O	O	_	_	_	_	_	_
ao	O	O	O	O	O	O	_	_	_	_	_	_
8	O	O	O	O	O	O	_	_	_	_	_	_
Mkl	O	O	O	O	O	O	_	_	EndOfLine	_	_	_
# segment_iiif_link = https://impresso-project.ch/api/proxy/iiif/JDG-1915-12-31-a-p0002/2670,2795,782,55/full/0/default.jpg
la	O	O	O	O	O	O	_	_	_	_	_	_
patrie	O	O	O	O	O	O	_	_	NoSpaceAfter	_	_	_
,	O	O	O	O	O	O	_	_	_	_	_	_
à	O	O	O	O	O	O	_	_	_	_	_	_
respecter	O	O	O	O	O	O	_	_	_	_	_	_
l	O	O	O	O	O	O	_	_	NoSpaceAfter	_	_	_
'	O	O	O	O	O	O	_	_	NoSpaceAfter	_	_	_
esprit	O	O	O	O	O	O	_	_	_	_	_	_
de	O	O	O	O	O	O	_	_	_	_	_	_
cette	O	O	O	O	O	O	_	_	_	_	_	_
disposition	O	O	O	O	O	O	_	_	EndOfLine	_	_	_
# segment_iiif_link = https://impresso-project.ch/api/proxy/iiif/JDG-1915-12-31-a-p0002/2670,2832,782,55/full/0/default.jpg
légale	O	O	O	O	O	O	_	_	_	_	_	_
et	O	O	O	O	O	O	_	_	_	_	_	_
a	O	O	O	O	O	O	_	_	_	_	_	_
se	O	O	O	O	O	O	_	_	_	_	_	_
contenter	O	O	O	O	O	O	_	_	NoSpaceAfter	_	_	_
,	O	O	O	O	O	O	_	_	_	_	_	_
aux	O	O	O	O	O	O	_	_	_	_	_	_
jours	O	O	O	O	O	O	_	_	_	_	_	_
prescrits	O	O	O	O	O	O	_	_	NoSpaceAfter	_	_	_
,	O	O	O	O	O	O	_	_	_	_	_	_
des	O	O	O	O	O	O	_	_	EndOfLine	_	_	_
# segment_iiif_link = https://impresso-project.ch/api/proxy/iiif/JDG-1915-12-31-a-p0002/2670,2870,787,55/full/0/default.jpg
denrées	O	O	O	O	O	O	_	_	_	_	_	_
autorisées	O	O	O	O	O	O	_	_	NoSpaceAfter	_	_	_
.	O	O	O	O	O	O	_	_	_	_	_	_
Mais	O	O	O	O	O	O	_	_	_	_	_	_
le	O	O	O	O	O	O	_	_	_	_	_	_
poisson	O	O	O	O	O	O	_	_	_	_	_	_
et	O	O	O	O	O	O	_	_	_	_	_	_
les	O	O	O	O	O	O	_	_	_	_	_	_
œufs	O	O	O	O	O	O	_	_	EndOfLine	_	_	_
# segment_iiif_link = https://impresso-project.ch/api/proxy/iiif/JDG-1915-12-31-a-p0002/2670,2908,782,55/full/0/default.jpg
sont	O	O	O	O	O	O	_	_	_	_	_	_
également	O	O	O	O	O	O	_	_	_	_	_	_
hors	O	O	O	O	O	O	_	_	_	_	_	_
de	O	O	O	O	O	O	_	_	_	_	_	_
prix	O	O	O	O	O	O	_	_	NoSpaceAfter	_	_	_
.	O	O	O	O	O	O	_	_	_	_	_	_
Certains	O	O	O	O	O	O	_	_	_	_	_	_
Berlinois	O	O	O	O	O	O	_	_	EndOfLine	_	_	_
# segment_iiif_link = https://impresso-project.ch/api/proxy/iiif/JDG-1915-12-31-a-p0002/2670,2942,783,58/full/0/default.jpg
font	O	O	O	O	O	O	_	_	_	_	_	_
chaque	O	O	O	O	O	O	_	_	_	_	_	_
lundi	O	O	O	O	O	O	_	_	_	_	_	_
et	O	O	O	O	O	O	_	_	_	_	_	_
chaque	O	O	O	O	O	O	_	_	_	_	_	_
jeudi	O	O	O	O	O	O	_	_	NoSpaceAfter	_	_	_
,	O	O	O	O	O	O	_	_	_	_	_	_
les	O	O	O	O	O	O	_	_	EndOfLine	_	_	_
# segment_iiif_link = https://impresso-project.ch/api/proxy/iiif/JDG-1915-12-31-a-p0002/2670,2980,782,55/full/0/default.jpg
provisions	O	O	O	O	O	O	_	_	_	_	_	_
de	O	O	O	O	O	O	_	_	_	_	_	_
viande	O	O	O	O	O	O	_	_	_	_	_	_
et	O	O	O	O	O	O	_	_	_	_	_	_
de	O	O	O	O	O	O	_	_	_	_	_	_
charcuterie	O	O	O	O	O	O	_	_	_	_	_	_
dont	O	O	O	O	O	O	_	_	_	_	_	_
ils	O	O	O	O	O	O	_	_	_	_	_	_
ont	O	O	O	O	O	O	_	_	EndOfLine	_	_	_
# segment_iiif_link = https://impresso-project.ch/api/proxy/iiif/JDG-1915-12-31-a-p0002/2670,3018,788,55/full/0/default.jpg
besoin	O	O	O	O	O	O	_	_	_	_	_	_
pour	O	O	O	O	O	O	_	_	_	_	_	_
traverser	O	O	O	O	O	O	_	_	_	_	_	_
sans	O	O	O	O	O	O	_	_	_	_	_	_
famine	O	O	O	O	O	O	_	_	_	_	_	_
les	O	O	O	O	O	O	_	_	_	_	_	_
jours	O	O	O	O	O	O	_	_	EndOfLine	_	_	_
# segment_iiif_link = https://impresso-project.ch/api/proxy/iiif/JDG-1915-12-31-a-p0002/2670,3055,788,55/full/0/default.jpg
maigres	O	O	O	O	O	O	_	_	_	_	_	_
qui	O	O	O	O	O	O	_	_	_	_	_	_
leur	O	O	O	O	O	O	_	_	_	_	_	_
sont	O	O	O	O	O	O	_	_	_	_	_	_
imposés	O	O	O	O	O	O	_	_	NoSpaceAfter	_	_	_
.	O	O	O	O	O	O	_	_	_	_	_	_
On	O	O	O	O	O	O	_	_	_	_	_	_
avait	O	O	O	O	O	O	_	_	_	_	_	_
sans	O	O	O	O	O	O	_	_	EndOfLine	_	_	_
# segment_iiif_link = https://impresso-project.ch/api/proxy/iiif/JDG-1915-12-31-a-p0002/2670,3092,682,55/full/0/default.jpg
doute	O	O	O	O	O	O	_	_	_	_	_	_
trop	O	O	O	O	O	O	_	_	_	_	_	_
présumé	O	O	O	O	O	O	_	_	_	_	_	_
de	O	O	O	O	O	O	_	_	_	_	_	_
leur	O	O	O	O	O	O	_	_	_	_	_	_
patriotisme	O	O	O	O	O	O	_	_	_	_	_	_
!	O	O	O	O	O	O	_	_	EndOfLine	_	_	_
# segment_iiif_link = https://impresso-project.ch/api/proxy/iiif/JDG-1915-12-31-a-p0002/2712,3132,746,55/full/0/default.jpg
Les	O	O	O	O	O	O	_	_	_	_	_	_
légumes	O	O	O	O	O	O	_	_	_	_	_	_
de	O	O	O	O	O	O	_	_	_	_	_	_
leur	O	O	O	O	O	O	_	_	_	_	_	_
côté	O	O	O	O	O	O	_	_	_	_	_	_
—	O	O	O	O	O	O	_	_	_	_	_	_
sauf	O	O	O	O	O	O	_	_	_	_	_	_
les	O	O	O	O	O	O	_	_	_	_	_	_
pommes	O	O	O	O	O	O	_	_	EndOfLine	_	_	_
# segment_iiif_link = https://impresso-project.ch/api/proxy/iiif/JDG-1915-12-31-a-p0002/2670,3168,786,58/full/0/default.jpg
de	O	O	O	O	O	O	_	_	_	_	_	_
terre	O	O	O	O	O	O	_	_	_	_	_	_
qui	O	O	O	O	O	O	_	_	_	_	_	_
sont	O	O	O	O	O	O	_	_	_	_	_	_
de	O	O	O	O	O	O	_	_	_	_	_	_
qualité	O	O	O	O	O	O	_	_	_	_	_	_
très	O	O	O	O	O	O	_	_	_	_	_	_
inférieure	O	O	O	O	O	O	_	_	_	_	_	_
(	O	O	O	O	O	O	_	_	NoSpaceAfter	_	_	_
gut	O	O	O	O	O	O	_	_	EndOfLine	_	_	_
# segment_iiif_link = https://impresso-project.ch/api/proxy/iiif/JDG-1915-12-31-a-p0002/2795,3168,10,58/full/0/default.jpg
,	O	O	O	O	O	O	_	_	EndOfLine	_	_	_
# segment_iiif_link = https://impresso-project.ch/api/proxy/iiif/JDG-1915-12-31-a-p0002/2670,3205,785,55/full/0/default.jpg
fiir	O	O	O	O	O	O	_	_	_	_	_	_
die	O	O	O	O	O	O	_	_	_	_	_	_
Schwtine	O	O	O	O	O	O	_	_	NoSpaceAfter	_	_	_
,	O	O	O	O	O	O	_	_	_	_	_	_
comme	O	O	O	O	O	O	_	_	_	_	_	_
on	O	O	O	O	O	O	_	_	_	_	_	_
dit	O	O	O	O	O	O	_	_	_	_	_	_
ici	O	O	O	O	O	O	_	_	NoSpaceAfter	_	_	_
)	O	O	O	O	O	O	_	_	_	_	_	_
—	O	O	O	O	O	O	_	_	_	_	_	_
ont	O	O	O	O	O	O	_	_	_	_	_	_
suivi	O	O	O	O	O	O	_	_	EndOfLine	_	_	_
# segment_iiif_link = https://impresso-project.ch/api/proxy/iiif/JDG-1915-12-31-a-p0002/2670,3242,788,55/full/0/default.jpg
la	O	O	O	O	O	O	_	_	_	_	_	_
hausse	O	O	O	O	O	O	_	_	_	_	_	_
générale	O	O	O	O	O	O	_	_	NoSpaceAfter	_	_	_
,	O	O	O	O	O	O	_	_	_	_	_	_
variant	O	O	O	O	O	O	_	_	NoSpaceAfter	_	_	_
,	O	O	O	O	O	O	_	_	_	_	_	_
sans	O	O	O	O	O	O	_	_	_	_	_	_
exagération	O	O	O	O	O	O	_	_	NoSpaceAfter	_	_	_
,	O	O	O	O	O	O	_	_	EndOfLine	_	_	_
# segment_iiif_link = https://impresso-project.ch/api/proxy/iiif/JDG-1915-12-31-a-p0002/2672,3280,786,55/full/0/default.jpg
entre	O	O	O	O	O	O	_	_	_	_	_	_
50	O	O	O	O	O	O	_	_	_	_	_	_
et	O	O	O	O	O	O	_	_	_	_	_	_
100	O	O	O	O	O	O	_	_	_	_	_	_
%	O	O	O	O	O	O	_	_	_	_	_	_
au	O	O	O	O	O	O	_	_	NoSpaceAfter	_	_	_
-	O	O	O	O	O	O	_	_	NoSpaceAfter	_	_	_
dessus	O	O	O	O	O	O	_	_	_	_	_	_
du	O	O	O	O	O	O	_	_	_	_	_	_
prix	O	O	O	O	O	O	_	_	_	_	_	_
normal	O	O	O	O	O	O	_	_	NoSpaceAfter	_	_	_
.	O	O	O	O	O	O	_	_	EndOfLine	_	_	_
# segment_iiif_link = https://impresso-project.ch/api/proxy/iiif/JDG-1915-12-31-a-p0002/2710,3320,748,55/full/0/default.jpg
La	O	O	O	O	O	O	_	_	_	_	_	_
crise	O	O	O	O	O	O	_	_	_	_	_	_
sévit	O	O	O	O	O	O	_	_	_	_	_	_
de	O	O	O	O	O	O	_	_	_	_	_	_
façon	O	O	O	O	O	O	_	_	_	_	_	_
spécialement	O	O	O	O	O	O	_	_	EndOfLine	_	_	_
# segment_iiif_link = https://impresso-project.ch/api/proxy/iiif/JDG-1915-12-31-a-p0002/2672,3358,788,55/full/0/default.jpg
sensible	O	O	O	O	O	O	_	_	_	_	_	_
pour	O	O	O	O	O	O	_	_	_	_	_	_
le	O	O	O	O	O	O	_	_	_	_	_	_
lait	O	O	O	O	O	O	_	_	NoSpaceAfter	_	_	_
.	O	O	O	O	O	O	_	_	_	_	_	_
L	O	O	O	O	O	O	_	_	NoSpaceAfter	_	_	_
'	O	O	O	O	O	O	_	_	NoSpaceAfter	_	_	_
Etat	O	O	O	O	O	O	_	_	_	_	_	_
commença	O	O	O	O	O	O	_	_	_	_	_	_
par	O	O	O	O	O	O	_	_	_	_	_	_
interdira	O	O	O	O	O	O	_	_	EndOfLine	_	_	_
# segment_iiif_link = https://impresso-project.ch/api/proxy/iiif/JDG-1915-12-31-a-p0002/2675,3392,788,58/full/0/default.jpg
la	O	O	O	O	O	O	_	_	_	_	_	_
vente	O	O	O	O	O	O	_	_	_	_	_	_
de	O	O	O	O	O	O	_	_	_	_	_	_
la	O	O	O	O	O	O	_	_	_	_	_	_
crème	O	O	O	O	O	O	_	_	NoSpaceAfter	_	_	_
,	O	O	O	O	O	O	_	_	_	_	_	_
puis	O	O	O	O	O	O	_	_	_	_	_	_
fut	O	O	O	O	O	O	_	_	_	_	_	_
introduite	O	O	O	O	O	O	_	_	_	_	_	_
la	O	O	O	O	O	O	_	_	NoSpaceAfter	_	_	_
'	O	O	O	O	O	O	_	_	EndOfLine	_	_	_
# segment_iiif_link = https://impresso-project.ch/api/proxy/iiif/JDG-1915-12-31-a-p0002/2675,3430,788,55/full/0/default.jpg
«	O	O	O	O	O	O	_	_	_	_	_	_
Milchkarte	O	O	O	O	O	O	_	_	_	_	_	_
»	O	O	O	O	O	O	_	_	NoSpaceAfter	_	_	_
,	O	O	O	O	O	O	_	_	_	_	_	_
à	O	O	O	O	O	O	_	_	_	_	_	_
laquelle	O	O	O	O	O	O	_	_	_	_	_	_
n	O	O	O	O	O	O	_	_	NoSpaceAfter	_	_	_
'	O	O	O	O	O	O	_	_	NoSpaceAfter	_	_	_
ont	O	O	O	O	O	O	_	_	_	_	_	_
droit	O	O	O	O	O	O	_	_	_	_	_	_
que	O	O	O	O	O	O	_	_	_	_	_	_
les	O	O	O	O	O	O	_	_	EndOfLine	_	_	_
# segment_iiif_link = https://impresso-project.ch/api/proxy/iiif/JDG-1915-12-31-a-p0002/2672,3468,782,55/full/0/default.jpg
familles	O	O	O	O	O	O	_	_	_	_	_	_
ayant	O	O	O	O	O	O	_	_	_	_	_	_
des	O	O	O	O	O	O	_	_	_	_	_	_
enfants	O	O	O	O	O	O	_	_	_	_	_	_
en	O	O	O	O	O	O	_	_	_	_	_	_
bas	O	O	O	O	O	O	_	_	_	_	_	_
âge	O	O	O	O	O	O	_	_	NoSpaceAfter	_	_	_
.	O	O	O	O	O	O	_	_	_	EndOfSentence	_	_
Les	O	O	O	O	O	O	_	_	EndOfLine	_	_	_
# segment_iiif_link = https://impresso-project.ch/api/proxy/iiif/JDG-1915-12-31-a-p0002/2675,3505,782,55/full/0/default.jpg
autres	O	O	O	O	O	O	_	_	_	_	_	_
ménages	O	O	O	O	O	O	_	_	NoSpaceAfter	_	_	_
,	O	O	O	O	O	O	_	_	_	_	_	_
et	O	O	O	O	O	O	_	_	_	_	_	_
ils	O	O	O	O	O	O	_	_	_	_	_	_
sont	O	O	O	O	O	O	_	_	_	_	_	_
légion	O	O	O	O	O	O	_	_	NoSpaceAfter	_	_	_
,	O	O	O	O	O	O	_	_	_	_	_	_
ne	O	O	O	O	O	O	_	_	_	_	_	_
peuvent	O	O	O	O	O	O	_	_	EndOfLine	_	_	_
# segment_iiif_link = https://impresso-project.ch/api/proxy/iiif/JDG-1915-12-31-a-p0002/2675,3542,783,55/full/0/default.jpg
acheter	O	O	O	O	O	O	_	_	_	_	_	_
du	O	O	O	O	O	O	_	_	_	_	_	_
lait	O	O	O	O	O	O	_	_	_	_	_	_
que	O	O	O	O	O	O	_	_	_	_	_	_
passé	O	O	O	O	O	O	_	_	_	_	_	_
dix	O	O	O	O	O	O	_	_	_	_	_	_
heures	O	O	O	O	O	O	_	_	_	_	_	_
du	O	O	O	O	O	O	_	_	_	_	_	_
matin	O	O	O	O	O	O	_	_	_	_	_	_
.	O	O	O	O	O	O	_	_	NoSpaceAfter	EndOfSentence	_	_
,	O	O	O	O	O	O	_	_	NoSpaceAfter	_	_	_
.	O	O	O	O	O	O	_	_	NoSpaceAfter	EndOfSentence	_	_
.	O	O	O	O	O	O	_	_	EndOfLine	EndOfSentence	_	_
# segment_iiif_link = https://impresso-project.ch/api/proxy/iiif/JDG-1915-12-31-a-p0002/2675,3578,782,58/full/0/default.jpg
s	O	O	O	O	O	O	_	_	NoSpaceAfter	_	_	_
'	O	O	O	O	O	O	_	_	NoSpaceAfter	_	_	_
il	O	O	O	O	O	O	_	_	_	_	_	_
en	O	O	O	O	O	O	_	_	_	_	_	_
reste	O	O	O	O	O	O	_	_	NoSpaceAfter	_	_	_
.	O	O	O	O	O	O	_	_	_	EndOfSentence	_	_
Depuis	O	O	O	O	O	O	_	_	_	_	_	_
quelques	O	O	O	O	O	O	_	_	_	_	_	_
semaines	O	O	O	O	O	O	_	_	NoSpaceAfter	_	_	_
,	O	O	O	O	O	O	_	_	_	_	_	_
la	O	O	O	O	O	O	_	_	EndOfLine	_	_	_
# segment_iiif_link = https://impresso-project.ch/api/proxy/iiif/JDG-1915-12-31-a-p0002/2675,3615,782,55/full/0/default.jpg
production	O	O	O	O	O	O	_	_	_	_	_	_
du	O	O	O	O	O	O	_	_	_	_	_	_
beurre	O	O	O	O	O	O	_	_	_	_	_	_
est	O	O	O	O	O	O	_	_	_	_	_	_
devenue	O	O	O	O	O	O	_	_	_	_	_	_
notoirement	O	O	O	O	O	O	_	_	EndOfLine	_	_	_
# segment_iiif_link = https://impresso-project.ch/api/proxy/iiif/JDG-1915-12-31-a-p0002/2672,3652,785,55/full/0/default.jpg
insuffisante	O	O	O	O	O	O	_	_	NoSpaceAfter	_	_	_
.	O	O	O	O	O	O	_	_	_	EndOfSentence	_	_
Cette	O	O	O	O	O	O	_	_	_	_	_	_
précieuse	O	O	O	O	O	O	_	_	_	_	_	_
denrée	O	O	O	O	O	O	_	_	_	_	_	_
ne	O	O	O	O	O	O	_	_	_	_	_	_
se	O	O	O	O	O	O	_	_	_	_	_	_
trouve	O	O	O	O	O	O	_	_	EndOfLine	_	_	_
# segment_iiif_link = https://impresso-project.ch/api/proxy/iiif/JDG-1915-12-31-a-p0002/2672,3690,785,55/full/0/default.jpg
plus	O	O	O	O	O	O	_	_	_	_	_	_
que	O	O	O	O	O	O	_	_	_	_	_	_
chez	O	O	O	O	O	O	_	_	_	_	_	_
les	O	O	O	O	O	O	_	_	_	_	_	_
gros	O	O	O	O	O	O	_	_	_	_	_	_
commerçants	O	O	O	O	O	O	_	_	_	_	_	_
qui	O	O	O	O	O	O	_	_	_	_	_	_
la	O	O	O	O	O	O	_	_	EndOfLine	_	_	_
# segment_iiif_link = https://impresso-project.ch/api/proxy/iiif/JDG-1915-12-31-a-p0002/2672,3728,790,55/full/0/default.jpg
fabriquent	O	O	O	O	O	O	_	_	_	_	_	_
eux	O	O	O	O	O	O	_	_	NoSpaceAfter	_	_	_
-	O	O	O	O	O	O	_	_	NoSpaceAfter	_	_	_
mêmes	O	O	O	O	O	O	_	_	NoSpaceAfter	_	_	_
.	O	O	O	O	O	O	_	_	_	EndOfSentence	_	_
Quant	O	O	O	O	O	O	_	_	_	_	_	_
au	O	O	O	O	O	O	_	_	_	_	_	_
client	O	O	O	O	O	O	_	_	NoSpaceAfter	_	_	_
,	O	O	O	O	O	O	_	_	_	_	_	_
il	O	O	O	O	O	O	_	_	_	_	_	_
rie	O	O	O	O	O	O	_	_	_	_	_	_
petit	O	O	O	O	O	O	_	_	NoSpaceAfter	_	_	_
,	O	O	O	O	O	O	_	_	EndOfLine	_	_	_
# segment_iiif_link = https://impresso-project.ch/api/proxy/iiif/JDG-1915-12-31-a-p0002/2672,3762,786,58/full/0/default.jpg
en	O	O	O	O	O	O	_	_	_	_	_	_
obtenir	O	O	O	O	O	O	_	_	_	_	_	_
que	O	O	O	O	O	O	_	_	_	_	_	_
par	O	O	O	O	O	O	_	_	_	_	_	_
petites	O	O	O	O	O	O	_	_	_	_	_	_
quantités	O	O	O	O	O	O	_	_	_	_	_	_
a	O	O	O	O	O	O	_	_	_	_	_	_
la	O	O	O	O	O	O	_	_	EndOfLine	_	_	_
# segment_iiif_link = https://impresso-project.ch/api/proxy/iiif/JDG-1915-12-31-a-p0002/2670,3800,787,55/full/0/default.jpg
fois	O	O	O	O	O	O	_	_	NoSpaceAfter	_	_	_
.	O	O	O	O	O	O	_	_	NoSpaceAfter	_	_	_
.	O	O	O	O	O	O	_	_	NoSpaceAfter	_	_	_
.	O	O	O	O	O	O	_	_	_	EndOfSentence	_	_
On	O	O	O	O	O	O	_	_	_	_	_	_
parle	O	O	O	O	O	O	_	_	_	_	_	_
du	O	O	O	O	O	O	_	_	_	_	_	_
reste	O	O	O	O	O	O	_	_	_	_	_	_
de	O	O	O	O	O	O	_	_	_	_	_	_
la	O	O	O	O	O	O	_	_	_	_	_	_
Èutferkarie	O	O	O	O	O	O	_	_	NoSpaceAfter	_	_	_
.	O	O	O	O	O	O	_	_	_	EndOfSentence	_	_
pror	O	O	O	O	O	O	_	_	EndOfLine	_	_	_
# segment_iiif_link = https://impresso-project.ch/api/proxy/iiif/JDG-1915-12-31-a-p0002/2672,3838,790,55/full/0/default.jpg
chaîne	O	O	O	O	O	O	_	_	_	_	_	_
!	O	O	O	O	O	O	_	_	_	_	_	_
i	O	O	O	O	O	O	_	_	EndOfLine	_	_	_
# segment_iiif_link = https://impresso-project.ch/api/proxy/iiif/JDG-1915-12-31-a-p0002/2710,3880,747,55/full/0/default.jpg
Si	O	O	O	O	O	O	_	_	_	_	_	_
donc	O	O	O	O	O	O	_	_	_	_	_	_
on	O	O	O	O	O	O	_	_	_	_	_	_
ne	O	O	O	O	O	O	_	_	_	_	_	_
peut	O	O	O	O	O	O	_	_	_	_	_	_
parler	O	O	O	O	O	O	_	_	_	_	_	_
de	O	O	O	O	O	O	_	_	_	_	_	_
famine	O	O	O	O	O	O	_	_	_	_	_	_
ou	O	O	O	O	O	O	_	_	_	_	_	_
de	O	O	O	O	O	O	_	_	EndOfLine	_	_	_
# segment_iiif_link = https://impresso-project.ch/api/proxy/iiif/JDG-1915-12-31-a-p0002/2672,3918,786,55/full/0/default.jpg
pénurie	O	O	O	O	O	O	_	_	_	_	_	_
complète	O	O	O	O	O	O	_	_	NoSpaceAfter	_	_	_
,	O	O	O	O	O	O	_	_	_	_	_	_
il	O	O	O	O	O	O	_	_	_	_	_	_
y	O	O	O	O	O	O	_	_	_	_	_	_
a	O	O	O	O	O	O	_	_	_	_	_	_
loin	O	O	O	O	O	O	_	_	_	_	_	_
cependant	O	O	O	O	O	O	_	_	_	_	_	_
de	O	O	O	O	O	O	_	_	_	_	_	_
la	O	O	O	O	O	O	_	_	EndOfLine	_	_	_
# segment_iiif_link = https://impresso-project.ch/api/proxy/iiif/JDG-1915-12-31-a-p0002/2672,3952,786,58/full/0/default.jpg
situation	O	O	O	O	O	O	_	_	_	_	_	_
rassurante	O	O	O	O	O	O	_	_	_	_	_	_
à	O	O	O	O	O	O	_	_	_	_	_	_
laquelle	O	O	O	O	O	O	_	_	_	_	_	_
la	O	O	O	O	O	O	_	_	_	_	_	_
presse	O	O	O	O	O	O	_	_	EndOfLine	_	_	_
# segment_iiif_link = https://impresso-project.ch/api/proxy/iiif/JDG-1915-12-31-a-p0002/2672,3990,785,55/full/0/default.jpg
allemande	O	O	O	O	O	O	_	_	_	_	_	_
voudrait	O	O	O	O	O	O	_	_	_	_	_	_
faire	O	O	O	O	O	O	_	_	_	_	_	_
croire	O	O	O	O	O	O	_	_	NoSpaceAfter	_	_	_
.	O	O	O	O	O	O	_	_	_	EndOfSentence	_	_
L	O	O	O	O	O	O	_	_	NoSpaceAfter	_	_	_
'	O	O	O	O	O	O	_	_	NoSpaceAfter	_	_	_
Allemand	O	O	O	O	O	O	_	_	_	_	_	_
aime	O	O	O	O	O	O	_	_	EndOfLine	_	_	_
# segment_iiif_link = https://impresso-project.ch/api/proxy/iiif/JDG-1915-12-31-a-p0002/2672,4028,786,55/full/0/default.jpg
à	O	O	O	O	O	O	_	_	_	_	_	_
manger	O	O	O	O	O	O	_	_	_	_	_	_
et	O	O	O	O	O	O	_	_	_	_	_	_
surtout	O	O	O	O	O	O	_	_	_	_	_	_
à	O	O	O	O	O	O	_	_	_	_	_	_
manger	O	O	O	O	O	O	_	_	_	_	_	_
beaucoup	O	O	O	O	O	O	_	_	NoSpaceAfter	_	_	_
,	O	O	O	O	O	O	_	_	_	_	_	_
et	O	O	O	O	O	O	_	_	EndOfLine	_	_	_
# segment_iiif_link = https://impresso-project.ch/api/proxy/iiif/JDG-1915-12-31-a-p0002/2672,4065,786,55/full/0/default.jpg
s	O	O	O	O	O	O	_	_	NoSpaceAfter	_	_	_
'	O	O	O	O	O	O	_	_	NoSpaceAfter	_	_	_
il	O	O	O	O	O	O	_	_	_	_	_	_
est	O	O	O	O	O	O	_	_	_	_	_	_
atteint	O	O	O	O	O	O	_	_	_	_	_	_
dans	O	O	O	O	O	O	_	_	_	_	_	_
cette	O	O	O	O	O	O	_	_	_	_	_	_
fonction	O	O	O	O	O	O	_	_	_	_	_	_
essentielle	O	O	O	O	O	O	_	_	NoSpaceAfter	_	_	_
,	O	O	O	O	O	O	_	_	EndOfLine	_	_	_
# segment_iiif_link = https://impresso-project.ch/api/proxy/iiif/JDG-1915-12-31-a-p0002/2672,4102,786,55/full/0/default.jpg
son	O	O	O	O	O	O	_	_	_	_	_	_
patriotisme	O	O	O	O	O	O	_	_	_	_	_	_
risque	O	O	O	O	O	O	_	_	_	_	_	_
fort	O	O	O	O	O	O	_	_	_	_	_	_
de	O	O	O	O	O	O	_	_	_	_	_	_
s	O	O	O	O	O	O	_	_	NoSpaceAfter	_	_	_
'	O	O	O	O	O	O	_	_	NoSpaceAfter	_	_	_
en	O	O	O	O	O	O	_	_	_	_	_	_
ressentir	O	O	O	O	O	O	_	_	NoSpaceAfter	_	_	_
,	O	O	O	O	O	O	_	_	EndOfLine	_	_	_
# segment_iiif_link = https://impresso-project.ch/api/proxy/iiif/JDG-1915-12-31-a-p0002/2672,4138,786,58/full/0/default.jpg
à	O	O	O	O	O	O	_	_	_	_	_	_
preuve	O	O	O	O	O	O	_	_	_	_	_	_
les	O	O	O	O	O	O	_	_	_	_	_	_
émeutes	O	O	O	O	O	O	_	_	_	_	_	_
qui	O	O	O	O	O	O	_	_	NoSpaceAfter	_	_	_
,	O	O	O	O	O	O	_	_	_	_	_	_
à	O	O	O	O	O	O	_	_	_	_	_	_
plus	O	O	O	O	O	O	_	_	_	_	_	_
d	O	O	O	O	O	O	_	_	NoSpaceAfter	_	_	_
'	O	O	O	O	O	O	_	_	NoSpaceAfter	_	_	_
une	O	O	O	O	O	O	_	_	_	_	_	_
reprise	O	O	O	O	O	O	_	_	NoSpaceAfter	_	_	_
,	O	O	O	O	O	O	_	_	EndOfLine	_	_	_
# segment_iiif_link = https://impresso-project.ch/api/proxy/iiif/JDG-1915-12-31-a-p0002/2672,4175,785,55/full/0/default.jpg
ont	O	O	O	O	O	O	_	_	_	_	_	_
déjà	O	O	O	O	O	O	_	_	_	_	_	_
éclaté	O	O	O	O	O	O	_	_	_	_	_	_
dans	O	O	O	O	O	O	_	_	_	_	_	_
les	O	O	O	O	O	O	_	_	_	_	_	_
quartiers	O	O	O	O	O	O	_	_	_	_	_	_
populaires	O	O	O	O	O	O	_	_	EndOfLine	_	_	_
# segment_iiif_link = https://impresso-project.ch/api/proxy/iiif/JDG-1915-12-31-a-p0002/2672,4212,796,55/full/0/default.jpg
de	O	O	O	O	O	O	_	_	_	_	_	_
Berlin	O	O	O	O	O	O	_	_	NoSpaceAfter	_	_	_
.	O	O	O	O	O	O	_	_	_	EndOfSentence	_	_
Il	O	O	O	O	O	O	_	_	_	_	_	_
est	O	O	O	O	O	O	_	_	_	_	_	_
vrai	O	O	O	O	O	O	_	_	_	_	_	_
que	O	O	O	O	O	O	_	_	_	_	_	_
l	O	O	O	O	O	O	_	_	NoSpaceAfter	_	_	_
'	O	O	O	O	O	O	_	_	NoSpaceAfter	_	_	_
agence	O	O	O	O	O	O	_	_	_	_	_	_
Wolff	O	O	O	O	O	O	Q552226	_	_	_	LED0.00	_
a	O	O	O	O	O	O	_	_	_	_	_	_
omis	O	O	O	O	O	O	_	_	_	_	_	_
;	O	O	O	O	O	O	_	_	EndOfLine	_	_	_
# segment_iiif_link = https://impresso-project.ch/api/proxy/iiif/JDG-1915-12-31-a-p0002/2672,4250,216,55/full/0/default.jpg
d	O	O	O	O	O	O	_	_	NoSpaceAfter	_	_	_
'	O	O	O	O	O	O	_	_	NoSpaceAfter	_	_	_
en	O	O	O	O	O	O	_	_	_	_	_	_
parler	O	O	O	O	O	O	_	_	_	_	_	_
!	O	O	O	O	O	O	_	_	EndOfLine	EndOfSentence	_	_
# segment_iiif_link = https://impresso-project.ch/api/proxy/iiif/JDG-1915-12-31-a-p0002/2710,4292,745,55/full/0/default.jpg
Quant	O	O	O	O	O	O	_	_	_	_	_	_
aux	O	O	O	O	O	O	_	_	_	_	_	_
autres	O	O	O	O	O	O	_	_	_	_	_	_
denrées	O	O	O	O	O	O	_	_	_	_	_	_
:	O	O	O	O	O	O	_	_	_	_	_	_
savons	O	O	O	O	O	O	_	_	NoSpaceAfter	_	_	_
,	O	O	O	O	O	O	_	_	_	_	_	_
cuirs	O	O	O	O	O	O	_	_	NoSpaceAfter	_	_	_
,	O	O	O	O	O	O	_	_	EndOfLine	_	_	_
# segment_iiif_link = https://impresso-project.ch/api/proxy/iiif/JDG-1915-12-31-a-p0002/2670,4330,788,55/full/0/default.jpg
papier	O	O	O	O	O	O	_	_	NoSpaceAfter	_	_	_
,	O	O	O	O	O	O	_	_	_	_	_	_
laines	O	O	O	O	O	O	_	_	NoSpaceAfter	_	_	_
,	O	O	O	O	O	O	_	_	_	_	_	_
bougies	O	O	O	O	O	O	_	_	NoSpaceAfter	_	_	_
,	O	O	O	O	O	O	_	_	_	_	_	_
caoutchouc	O	O	O	O	O	O	_	_	NoSpaceAfter	_	_	_
,	O	O	O	O	O	O	_	_	_	_	_	_
etc	O	O	O	O	O	O	_	_	_	_	_	_
.	O	O	O	O	O	O	_	_	NoSpaceAfter	EndOfSentence	_	_
,	O	O	O	O	O	O	_	_	_	_	_	_
elles	O	O	O	O	O	O	_	_	EndOfLine	_	_	_
# segment_iiif_link = https://impresso-project.ch/api/proxy/iiif/JDG-1915-12-31-a-p0002/2670,4368,782,55/full/0/default.jpg
subissent	O	O	O	O	O	O	_	_	_	_	_	_
aussi	O	O	O	O	O	O	_	_	_	_	_	_
une	O	O	O	O	O	O	_	_	_	_	_	_
augmentation	O	O	O	O	O	O	_	_	_	_	_	_
de	O	O	O	O	O	O	_	_	_	_	_	_
prix	O	O	O	O	O	O	_	_	EndOfLine	_	_	_
# segment_iiif_link = https://impresso-project.ch/api/proxy/iiif/JDG-1915-12-31-a-p0002/2672,4402,794,58/full/0/default.jpg
considérable	O	O	O	O	O	O	_	_	NoSpaceAfter	_	_	_
,	O	O	O	O	O	O	_	_	_	_	_	_
dépassant	O	O	O	O	O	O	_	_	_	_	_	_
parfois	O	O	O	O	O	O	_	_	_	_	_	_
le	O	O	O	O	O	O	_	_	_	_	_	_
100	O	O	O	O	O	O	_	_	_	_	_	_
%	O	O	O	O	O	O	_	_	NoSpaceAfter	_	_	_
.	O	O	O	O	O	O	_	_	_	EndOfSentence	_	_
Il	O	O	O	O	O	O	_	_	NoSpaceAfter	_	_	_
,	O	O	O	O	O	O	_	_	EndOfLine	_	_	_
# segment_iiif_link = https://impresso-project.ch/api/proxy/iiif/JDG-1915-12-31-a-p0002/2672,4440,783,55/full/0/default.jpg
n	O	O	O	O	O	O	_	_	NoSpaceAfter	_	_	_
'	O	O	O	O	O	O	_	_	NoSpaceAfter	_	_	_
est	O	O	O	O	O	O	_	_	_	_	_	_
pas	O	O	O	O	O	O	_	_	_	_	_	_
de	O	O	O	O	O	O	_	_	_	_	_	_
mon	O	O	O	O	O	O	_	_	_	_	_	_
ressort	O	O	O	O	O	O	_	_	_	_	_	_
d	O	O	O	O	O	O	_	_	NoSpaceAfter	_	_	_
'	O	O	O	O	O	O	_	_	NoSpaceAfter	_	_	_
expliquer	O	O	O	O	O	O	_	_	_	_	_	_
ces	O	O	O	O	O	O	_	_	EndOfLine	_	_	_
# segment_iiif_link = https://impresso-project.ch/api/proxy/iiif/JDG-1915-12-31-a-p0002/2672,4478,783,55/full/0/default.jpg
hausses	O	O	O	O	O	O	_	_	_	_	_	_
souvent	O	O	O	O	O	O	_	_	_	_	_	_
extraordinaires	O	O	O	O	O	O	_	_	NoSpaceAfter	_	_	_
,	O	O	O	O	O	O	_	_	_	_	_	_
et	O	O	O	O	O	O	_	_	_	_	_	_
je	O	O	O	O	O	O	_	_	_	_	_	_
me	O	O	O	O	O	O	_	_	_	_	_	_
contente	O	O	O	O	O	O	_	_	EndOfLine	_	_	_
# segment_iiif_link = https://impresso-project.ch/api/proxy/iiif/JDG-1915-12-31-a-p0002/2672,4515,294,55/full/0/default.jpg
de	O	O	O	O	O	O	_	_	_	_	_	_
signaler	O	O	O	O	O	O	_	_	_	_	_	_
le	O	O	O	O	O	O	_	_	_	_	_	_
fait	O	O	O	O	O	O	_	_	NoSpaceAfter	_	_	_
.	O	O	O	O	O	O	_	_	EndOfLine	EndOfSentence	_	_

# language = fr
# newspaper = JDG
# date = 1916-09-10
# document_id = JDG-1916-09-10-a-i0025
# news-agency-as-source = unk
# segment_iiif_link = https://impresso-project.ch/api/proxy/iiif/JDG-1916-09-10-a-p0003/1468,462,270,51/full/0/default.jpg
EN	O	O	O	O	O	O	_	_	_	_	_	_
ALLEMAGNE	O	O	O	O	O	O	_	_	EndOfLine	_	_	_
# segment_iiif_link = https://impresso-project.ch/api/proxy/iiif/JDG-1916-09-10-a-p0003/1439,526,349,48/full/0/default.jpg
Les	O	O	O	O	O	O	_	_	_	_	_	_
socialistes	O	O	O	O	O	O	_	_	_	_	_	_
aunexioaislrs	O	O	O	O	O	O	_	_	EndOfLine	_	_	_
# segment_iiif_link = https://impresso-project.ch/api/proxy/iiif/JDG-1916-09-10-a-p0003/1604,561,261,49/full/0/default.jpg
Berlin	O	O	O	O	O	O	_	_	NoSpaceAfter	_	_	_
,	O	O	O	O	O	O	_	_	_	_	_	_
9	O	O	O	O	O	O	_	_	_	_	_	_
septembre	O	O	O	O	O	O	_	_	NoSpaceAfter	_	_	_
.	O	O	O	O	O	O	_	_	_	EndOfSentence	_	_
*	O	O	O	O	O	O	_	_	EndOfLine	_	_	_
# segment_iiif_link = https://impresso-project.ch/api/proxy/iiif/JDG-1916-09-10-a-p0003/1346,596,542,48/full/0/default.jpg
Le	O	O	O	O	O	O	_	_	_	_	_	_
député	O	O	O	O	O	O	_	_	_	_	_	_
socialiste	O	O	O	O	O	O	_	_	_	_	_	_
Haenisch	B-org	O	B-org.ent.pressagency.Havas	O	O	O	_	_	_	_	_	_
e	O	O	O	O	O	O	_	_	NoSpaceAfter	_	_	_
'	O	O	O	O	O	O	_	_	NoSpaceAfter	_	_	_
crit	O	O	O	O	O	O	_	_	_	_	_	_
dans	O	O	O	O	O	O	_	_	_	_	_	_
le	O	O	O	O	O	O	_	_	EndOfLine	_	_	_
# segment_iiif_link = https://impresso-project.ch/api/proxy/iiif/JDG-1916-09-10-a-p0003/1318,624,136,49/full/0/default.jpg
Vorwaerts	O	O	O	O	O	O	_	_	_	_	_	_
:	O	O	O	O	O	O	_	_	EndOfLine	_	_	_
# segment_iiif_link = https://impresso-project.ch/api/proxy/iiif/JDG-1916-09-10-a-p0003/1346,655,543,48/full/0/default.jpg
II	O	O	O	O	O	O	_	_	_	_	_	_
me	O	O	O	O	O	O	_	_	_	_	_	_
semble	O	O	O	O	O	O	_	_	_	_	_	_
que	O	O	O	O	O	O	_	_	_	_	_	_
c	O	O	O	O	O	O	_	_	NoSpaceAfter	_	_	_
'	O	O	O	O	O	O	_	_	NoSpaceAfter	_	_	_
est	O	O	O	O	O	O	_	_	_	_	_	_
vraiment	O	O	O	O	O	O	_	_	_	_	_	_
trop	O	O	O	O	O	O	_	_	_	_	_	_
exiger	O	O	O	O	O	O	_	_	EndOfLine	_	_	_
# segment_iiif_link = https://impresso-project.ch/api/proxy/iiif/JDG-1916-09-10-a-p0003/1318,678,572,48/full/0/default.jpg
que	O	O	O	O	O	O	_	_	_	_	_	_
de	O	O	O	O	O	O	_	_	_	_	_	_
vouloir	O	O	O	O	O	O	_	_	_	_	_	_
que	O	O	O	O	O	O	_	_	_	_	_	_
l	O	O	O	O	O	O	_	_	NoSpaceAfter	_	_	_
'	O	O	O	O	O	O	_	_	NoSpaceAfter	_	_	_
Allemagne	O	O	O	O	O	O	_	_	_	_	_	_
renie	O	O	O	O	O	O	_	_	EndOfLine	_	_	_
# segment_iiif_link = https://impresso-project.ch/api/proxy/iiif/JDG-1916-09-10-a-p0003/1318,702,570,48/full/0/default.jpg
solennellement	O	O	O	O	O	O	_	_	_	_	_	_
toute	O	O	O	O	O	O	_	_	_	_	_	_
visée	O	O	O	O	O	O	_	_	_	_	_	_
d	O	O	O	O	O	O	_	_	NoSpaceAfter	_	_	_
'	O	O	O	O	O	O	_	_	NoSpaceAfter	_	_	_
annexion	O	O	O	O	O	O	_	_	_	_	_	_
au	O	O	O	O	O	O	_	_	_	_	_	_
moment	O	O	O	O	O	O	_	_	EndOfLine	_	_	_
# segment_iiif_link = https://impresso-project.ch/api/proxy/iiif/JDG-1916-09-10-a-p0003/1320,728,568,48/full/0/default.jpg
même	O	O	O	O	O	O	_	_	_	_	_	_
où	O	O	O	O	O	O	_	_	_	_	_	_
tout	O	O	O	O	O	O	_	_	_	_	_	_
son	O	O	O	O	O	O	_	_	_	_	_	_
domaine	O	O	O	O	O	O	_	_	_	_	_	_
colonial	O	O	O	O	O	O	_	_	NoSpaceAfter	_	_	_
,	O	O	O	O	O	O	_	_	_	_	_	_
y	O	O	O	O	O	O	_	_	_	_	_	_
compris	O	O	O	O	O	O	_	_	_	_	_	_
le	O	O	O	O	O	O	_	_	EndOfLine	_	_	_
# segment_iiif_link = https://impresso-project.ch/api/proxy/iiif/JDG-1916-09-10-a-p0003/1320,752,568,48/full/0/default.jpg
précieux	O	O	O	O	O	O	_	_	_	_	_	_
Tsin	O	O	O	O	O	O	_	_	_	_	_	_
Tao	O	O	O	O	O	O	_	_	NoSpaceAfter	_	_	_
,	O	O	O	O	O	O	_	_	_	_	_	_
lui	O	O	O	O	O	O	_	_	_	_	_	_
a	O	O	O	O	O	O	_	_	_	_	_	_
été	O	O	O	O	O	O	_	_	_	_	_	_
arraché	O	O	O	O	O	O	_	_	_	_	_	_
par	O	O	O	O	O	O	_	_	_	_	_	_
les	O	O	O	O	O	O	_	_	EndOfLine	_	_	_
# segment_iiif_link = https://impresso-project.ch/api/proxy/iiif/JDG-1916-09-10-a-p0003/1318,778,278,48/full/0/default.jpg
annexions	O	O	O	O	O	O	_	_	_	_	_	_
des	O	O	O	O	O	O	_	_	_	_	_	_
ennemis	O	O	O	O	O	O	_	_	NoSpaceAfter	_	_	_
.	O	O	O	O	O	O	_	_	EndOfLine	EndOfSentence	_	_
# segment_iiif_link = https://impresso-project.ch/api/proxy/iiif/JDG-1916-09-10-a-p0003/1503,842,206,55/full/0/default.jpg
En	O	O	O	O	O	O	_	_	_	_	_	_
Hollande	O	O	O	O	O	O	_	_	EndOfLine	_	_	_
# segment_iiif_link = https://impresso-project.ch/api/proxy/iiif/JDG-1916-09-10-a-p0003/1463,886,279,49/full/0/default.jpg
La	O	O	O	O	O	O	_	_	_	_	_	_
htndwchr	O	O	O	O	O	O	_	_	_	_	_	_
eu	O	O	O	O	O	O	_	_	_	_	_	_
congé	O	O	O	O	O	O	_	_	EndOfLine	_	_	_
# segment_iiif_link = https://impresso-project.ch/api/proxy/iiif/JDG-1916-09-10-a-p0003/1566,919,295,48/full/0/default.jpg
La	O	O	O	O	O	O	_	_	_	_	_	_
Haye	O	O	O	O	O	O	_	_	NoSpaceAfter	_	_	_
,	O	O	O	O	O	O	_	_	_	_	_	_
9	O	O	O	O	O	O	_	_	_	_	_	_
septembre	O	O	O	O	O	O	_	_	NoSpaceAfter	_	_	_
.	O	O	O	O	O	O	_	_	_	EndOfSentence	_	_
*	O	O	O	O	O	O	_	_	EndOfLine	_	_	_
# segment_iiif_link = https://impresso-project.ch/api/proxy/iiif/JDG-1916-09-10-a-p0003/1344,954,542,48/full/0/default.jpg
(	O	O	O	O	O	O	_	_	NoSpaceAfter	_	_	_
Officiel	O	O	O	O	O	O	_	_	NoSpaceAfter	_	_	_
)	O	O	O	O	O	O	_	_	_	_	_	_
Les	O	O	O	O	O	O	_	_	_	_	_	_
hommes	O	O	O	O	O	O	_	_	NoSpaceAfter	_	_	_
,	O	O	O	O	O	O	_	_	_	_	_	_
sous	O	O	O	O	O	O	_	_	NoSpaceAfter	_	_	_
-	O	O	O	O	O	O	_	_	NoSpaceAfter	_	_	_
officiers	O	O	O	O	O	O	_	_	_	_	_	_
et	O	O	O	O	O	O	_	_	EndOfLine	_	_	_
# segment_iiif_link = https://impresso-project.ch/api/proxy/iiif/JDG-1916-09-10-a-p0003/1316,981,572,48/full/0/default.jpg
officiers	O	O	O	O	O	O	_	_	_	_	_	_
de	O	O	O	O	O	O	_	_	_	_	_	_
la	O	O	O	O	O	O	_	_	_	_	_	_
landwehr	O	O	O	O	O	O	_	_	_	_	_	_
recevraient	O	O	O	O	O	O	_	_	_	_	_	_
un	O	O	O	O	O	O	_	_	_	_	_	_
congé	O	O	O	O	O	O	_	_	_	_	_	_
illimité	O	O	O	O	O	O	_	_	EndOfLine	_	_	_
# segment_iiif_link = https://impresso-project.ch/api/proxy/iiif/JDG-1916-09-10-a-p0003/1316,1008,377,48/full/0/default.jpg
à	O	O	O	O	O	O	_	_	_	_	_	_
partir	O	O	O	O	O	O	_	_	_	_	_	_
du	O	O	O	O	O	O	_	_	_	_	_	_
29	O	O	O	O	O	O	_	_	_	_	_	_
septembre	O	O	O	O	O	O	_	_	EndOfLine	_	_	_
# segment_iiif_link = https://impresso-project.ch/api/proxy/iiif/JDG-1916-09-10-a-p0003/1371,1049,466,49/full/0/default.jpg
1915	O	O	O	O	O	O	_	_	NoSpaceAfter	_	_	_
-	O	O	O	O	O	O	_	_	NoSpaceAfter	_	_	_
Un	O	O	O	O	O	O	_	_	_	_	_	_
zeppelin	O	O	O	O	O	O	_	_	_	_	_	_
survole	O	O	O	O	O	O	_	_	_	_	_	_
une	O	O	O	O	O	O	_	_	_	_	_	_
ile	O	O	O	O	O	O	_	_	_	_	_	_
hollandaise	O	O	O	O	O	O	_	_	EndOfLine	_	_	_
# segment_iiif_link = https://impresso-project.ch/api/proxy/iiif/JDG-1916-09-10-a-p0003/1538,1082,321,49/full/0/default.jpg
Amsterdam	O	O	O	O	O	O	_	_	NoSpaceAfter	_	_	_
,	O	O	O	O	O	O	_	_	_	_	_	_
9	O	O	O	O	O	O	_	_	_	_	_	_
septembre	O	O	O	O	O	O	_	_	NoSpaceAfter	_	_	_
.	O	O	O	O	O	O	_	_	_	EndOfSentence	_	_
*	O	O	O	O	O	O	_	_	EndOfLine	_	_	_
# segment_iiif_link = https://impresso-project.ch/api/proxy/iiif/JDG-1916-09-10-a-p0003/1342,1117,545,48/full/0/default.jpg
On	O	O	O	O	O	O	_	_	_	_	_	_
mande	O	O	O	O	O	O	_	_	_	_	_	_
de	O	O	O	O	O	O	_	_	_	_	_	_
Schiermonnikoog	O	O	O	O	O	O	_	_	_	_	_	_
au	O	O	O	O	O	O	_	_	EndOfLine	_	_	_
# segment_iiif_link = https://impresso-project.ch/api/proxy/iiif/JDG-1916-09-10-a-p0003/1318,1142,567,49/full/0/default.jpg
Télégraaf	O	O	O	O	O	O	_	_	_	_	_	_
:	O	O	O	O	O	O	_	_	_	_	_	_
«	O	O	O	O	O	O	_	_	_	_	_	_
Un	O	O	O	O	O	O	_	_	_	_	_	_
zeppelin	O	O	O	O	O	O	_	_	_	_	_	_
a	O	O	O	O	O	O	_	_	_	_	_	_
suivolé	O	O	O	O	O	O	_	_	_	_	_	_
l	O	O	O	O	O	O	_	_	NoSpaceAfter	_	_	_
'	O	O	O	O	O	O	_	_	NoSpaceAfter	_	_	_
île	O	O	O	O	O	O	_	_	_	_	_	_
ce	O	O	O	O	O	O	_	_	_	_	_	_
matin	O	O	O	O	O	O	_	_	EndOfLine	_	_	_
# segment_iiif_link = https://impresso-project.ch/api/proxy/iiif/JDG-1916-09-10-a-p0003/1318,1172,565,48/full/0/default.jpg
venant	O	O	O	O	O	O	_	_	_	_	_	_
du	O	O	O	O	O	O	_	_	_	_	_	_
nord	O	O	O	O	O	O	_	_	NoSpaceAfter	_	_	_
-	O	O	O	O	O	O	_	_	NoSpaceAfter	_	_	_
ouest	O	O	O	O	O	O	_	_	_	_	_	_
;	O	O	O	O	O	O	_	_	_	_	_	_
l	O	O	O	O	O	O	_	_	NoSpaceAfter	_	_	_
'	O	O	O	O	O	O	_	_	NoSpaceAfter	_	_	_
appareil	O	O	O	O	O	O	_	_	_	_	_	_
volait	O	O	O	O	O	O	_	_	_	_	_	_
bas	O	O	O	O	O	O	_	_	NoSpaceAfter	_	_	_
.	O	O	O	O	O	O	_	_	EndOfLine	_	_	_
# segment_iiif_link = https://impresso-project.ch/api/proxy/iiif/JDG-1916-09-10-a-p0003/1344,1197,537,49/full/0/default.jpg
Les	O	O	O	O	O	O	_	_	_	_	_	_
soldats	O	O	O	O	O	O	_	_	_	_	_	_
hollandais	O	O	O	O	O	O	_	_	_	_	_	_
le	O	O	O	O	O	O	_	_	_	_	_	_
canonnèrent	O	O	O	O	O	O	_	_	_	_	_	_
;	O	O	O	O	O	O	_	_	_	_	_	_
il	O	O	O	O	O	O	_	_	EndOfLine	_	_	_
# segment_iiif_link = https://impresso-project.ch/api/proxy/iiif/JDG-1916-09-10-a-p0003/1316,1225,566,49/full/0/default.jpg
semble	O	O	O	O	O	O	_	_	_	_	_	_
avoir	O	O	O	O	O	O	_	_	_	_	_	_
été	O	O	O	O	O	O	_	_	_	_	_	_
atteint	O	O	O	O	O	O	_	_	_	_	_	_
près	O	O	O	O	O	O	_	_	_	_	_	_
du	O	O	O	O	O	O	_	_	_	_	_	_
gouvernail	O	O	O	O	O	O	_	_	NoSpaceAfter	_	_	_
,	O	O	O	O	O	O	_	_	EndOfLine	_	_	_
# segment_iiif_link = https://impresso-project.ch/api/proxy/iiif/JDG-1916-09-10-a-p0003/1316,1252,568,49/full/0/default.jpg
mais	O	O	O	O	O	O	_	_	_	_	_	_
le	O	O	O	O	O	O	_	_	_	_	_	_
manque	O	O	O	O	O	O	_	_	_	_	_	_
de	O	O	O	O	O	O	_	_	_	_	_	_
canons	O	O	O	O	O	O	_	_	_	_	_	_
anti	O	O	O	O	O	O	_	_	_	_	_	_
aériens	O	O	O	O	O	O	_	_	EndOfLine	_	_	_
# segment_iiif_link = https://impresso-project.ch/api/proxy/iiif/JDG-1916-09-10-a-p0003/1316,1280,567,49/full/0/default.jpg
empêcha	O	O	O	O	O	O	_	_	_	_	_	_
un	O	O	O	O	O	O	_	_	_	_	_	_
tir	O	O	O	O	O	O	_	_	_	_	_	_
précis	O	O	O	O	O	O	_	_	NoSpaceAfter	_	_	_
.	O	O	O	O	O	O	_	_	_	_	_	_
Le	O	O	O	O	O	O	_	_	_	_	_	_
zeppelin	O	O	O	O	O	O	_	_	_	_	_	_
a	O	O	O	O	O	O	_	_	_	_	_	_
disparu	O	O	O	O	O	O	_	_	_	_	_	_
dans	O	O	O	O	O	O	_	_	EndOfLine	_	_	_
# segment_iiif_link = https://impresso-project.ch/api/proxy/iiif/JDG-1916-09-10-a-p0003/1318,1307,336,48/full/0/default.jpg
la	O	O	O	O	O	O	_	_	_	_	_	_
diiection	O	O	O	O	O	O	_	_	_	_	_	_
du	O	O	O	O	O	O	_	_	_	_	_	_
nord	O	O	O	O	O	O	_	_	_	_	_	_
ouest	O	O	O	O	O	O	_	_	NoSpaceAfter	_	_	_
.	O	O	O	O	O	O	_	_	_	_	_	_
»	O	O	O	O	O	O	_	_	EndOfLine	_	_	_
# segment_iiif_link = https://impresso-project.ch/api/proxy/iiif/JDG-1916-09-10-a-p0003/1362,1351,481,55/full/0/default.jpg
Le	O	O	O	O	O	O	_	_	_	_	_	_
Danemark	O	O	O	O	O	O	_	_	_	_	_	_
s	O	O	O	O	O	O	_	_	NoSpaceAfter	_	_	_
'	O	O	O	O	O	O	_	_	NoSpaceAfter	_	_	_
agite	O	O	O	O	O	O	_	_	_	_	_	_
aussi	O	O	O	O	O	O	_	_	EndOfLine	_	_	_
# segment_iiif_link = https://impresso-project.ch/api/proxy/iiif/JDG-1916-09-10-a-p0003/1544,1394,317,48/full/0/default.jpg
Copenhague	O	O	O	O	O	O	_	_	NoSpaceAfter	_	_	_
,	O	O	O	O	O	O	_	_	_	_	_	_
9	O	O	O	O	O	O	_	_	_	_	_	_
septembre	O	O	O	O	O	O	_	_	NoSpaceAfter	_	_	_
.	O	O	O	O	O	O	_	_	EndOfLine	EndOfSentence	_	_
# segment_iiif_link = https://impresso-project.ch/api/proxy/iiif/JDG-1916-09-10-a-p0003/1344,1426,542,49/full/0/default.jpg
Une	O	O	O	O	O	O	_	_	_	_	_	_
polémique	O	O	O	O	O	O	_	_	_	_	_	_
s	O	O	O	O	O	O	_	_	NoSpaceAfter	_	_	_
'	O	O	O	O	O	O	_	_	NoSpaceAfter	_	_	_
est	O	O	O	O	O	O	_	_	_	_	_	_
engagée	O	O	O	O	O	O	_	_	_	_	_	_
depuis	O	O	O	O	O	O	_	_	_	_	_	_
peu	O	O	O	O	O	O	_	_	EndOfLine	_	_	_
# segment_iiif_link = https://impresso-project.ch/api/proxy/iiif/JDG-1916-09-10-a-p0003/1316,1454,572,49/full/0/default.jpg
dans	O	O	O	O	O	O	_	_	_	_	_	_
la	O	O	O	O	O	O	_	_	_	_	_	_
presse	O	O	O	O	O	O	_	_	_	_	_	_
danoise	O	O	O	O	O	O	_	_	_	_	_	_
au	O	O	O	O	O	O	_	_	_	_	_	_
sujet	O	O	O	O	O	O	_	_	_	_	_	_
du	O	O	O	O	O	O	_	_	_	_	_	_
Sieswig	O	O	O	O	O	O	_	_	NoSpaceAfter	_	_	_
.	O	O	O	O	O	O	_	_	_	EndOfSentence	_	_
Les	O	O	O	O	O	O	_	_	EndOfLine	_	_	_
# segment_iiif_link = https://impresso-project.ch/api/proxy/iiif/JDG-1916-09-10-a-p0003/1316,1482,571,49/full/0/default.jpg
journaux	O	O	O	O	O	O	_	_	_	_	_	_
de	O	O	O	O	O	O	_	_	_	_	_	_
droite	O	O	O	O	O	O	_	_	_	_	_	_
suggèrent	O	O	O	O	O	O	_	_	_	_	_	_
que	O	O	O	O	O	O	_	_	_	_	_	_
le	O	O	O	O	O	O	_	_	_	_	_	_
sort	O	O	O	O	O	O	_	_	_	_	_	_
de	O	O	O	O	O	O	_	_	EndOfLine	_	_	_
# segment_iiif_link = https://impresso-project.ch/api/proxy/iiif/JDG-1916-09-10-a-p0003/1314,1509,572,49/full/0/default.jpg
cette	O	O	O	O	O	O	_	_	_	_	_	_
vieille	O	O	O	O	O	O	_	_	_	_	_	_
province	O	O	O	O	O	O	_	_	_	_	_	_
danoise	O	O	O	O	O	O	_	_	_	_	_	_
annexée	O	O	O	O	O	O	_	_	_	_	_	_
à	O	O	O	O	O	O	_	_	_	_	_	_
la	O	O	O	O	O	O	_	_	EndOfLine	_	_	_
# segment_iiif_link = https://impresso-project.ch/api/proxy/iiif/JDG-1916-09-10-a-p0003/1316,1536,569,49/full/0/default.jpg
Prusse	O	O	O	O	O	O	_	_	_	_	_	_
pourrait	O	O	O	O	O	O	_	_	_	_	_	_
être	O	O	O	O	O	O	_	_	_	_	_	_
remis	O	O	O	O	O	O	_	_	_	_	_	_
en	O	O	O	O	O	O	_	_	_	_	_	_
question	O	O	O	O	O	O	_	_	_	_	_	_
à	O	O	O	O	O	O	_	_	_	_	_	_
l	O	O	O	O	O	O	_	_	NoSpaceAfter	_	_	_
'	O	O	O	O	O	O	_	_	NoSpaceAfter	_	_	_
issue	O	O	O	O	O	O	_	_	EndOfLine	_	_	_
# segment_iiif_link = https://impresso-project.ch/api/proxy/iiif/JDG-1916-09-10-a-p0003/1314,1564,571,49/full/0/default.jpg
des	O	O	O	O	O	O	_	_	_	_	_	_
hostilités	O	O	O	O	O	O	_	_	NoSpaceAfter	_	_	_
,	O	O	O	O	O	O	_	_	_	_	_	_
et	O	O	O	O	O	O	_	_	_	_	_	_
les	O	O	O	O	O	O	_	_	_	_	_	_
journaux	O	O	O	O	O	O	_	_	_	_	_	_
socialistes	O	O	O	O	O	O	_	_	EndOfLine	_	_	_
# segment_iiif_link = https://impresso-project.ch/api/proxy/iiif/JDG-1916-09-10-a-p0003/1314,1592,422,49/full/0/default.jpg
combattent	O	O	O	O	O	O	_	_	_	_	_	_
vigoureusement	O	O	O	O	O	O	_	_	_	_	_	_
cette	O	O	O	O	O	O	_	_	_	_	_	_
idée	O	O	O	O	O	O	_	_	NoSpaceAfter	_	_	_
.	O	O	O	O	O	O	_	_	EndOfLine	EndOfSentence	_	_
# segment_iiif_link = https://impresso-project.ch/api/proxy/iiif/JDG-1916-09-10-a-p0003/1342,1619,540,49/full/0/default.jpg
C	O	O	O	O	O	O	_	_	NoSpaceAfter	_	_	_
'	O	O	O	O	O	O	_	_	NoSpaceAfter	_	_	_
est	O	O	O	O	O	O	_	_	_	_	_	_
sans	O	O	O	O	O	O	_	_	_	_	_	_
doute	O	O	O	O	O	O	_	_	_	_	_	_
dans	O	O	O	O	O	O	_	_	_	_	_	_
la	O	O	O	O	O	O	_	_	_	_	_	_
crainte	O	O	O	O	O	O	_	_	_	_	_	_
de	O	O	O	O	O	O	_	_	EndOfLine	_	_	_
# segment_iiif_link = https://impresso-project.ch/api/proxy/iiif/JDG-1916-09-10-a-p0003/1313,1648,573,48/full/0/default.jpg
l	O	O	O	O	O	O	_	_	NoSpaceAfter	_	_	_
'	O	O	O	O	O	O	_	_	NoSpaceAfter	_	_	_
extension	O	O	O	O	O	O	_	_	_	_	_	_
que	O	O	O	O	O	O	_	_	_	_	_	_
celte	O	O	O	O	O	O	_	_	_	_	_	_
discussion	O	O	O	O	O	O	_	_	_	_	_	_
pourrait	O	O	O	O	O	O	_	_	_	_	_	_
prendre	O	O	O	O	O	O	_	_	_	_	_	_
lors	O	O	O	O	O	O	_	_	EndOfLine	_	_	_
# segment_iiif_link = https://impresso-project.ch/api/proxy/iiif/JDG-1916-09-10-a-p0003/1314,1674,571,49/full/0/default.jpg
des	O	O	O	O	O	O	_	_	_	_	_	_
élections	O	O	O	O	O	O	_	_	_	_	_	_
générales	O	O	O	O	O	O	_	_	_	_	_	_
que	O	O	O	O	O	O	_	_	_	_	_	_
les	O	O	O	O	O	O	_	_	_	_	_	_
modérés	O	O	O	O	O	O	_	_	EndOfLine	_	_	_
# segment_iiif_link = https://impresso-project.ch/api/proxy/iiif/JDG-1916-09-10-a-p0003/1313,1702,572,49/full/0/default.jpg
préconisent	O	O	O	O	O	O	_	_	_	_	_	_
de	O	O	O	O	O	O	_	_	_	_	_	_
nouveau	O	O	O	O	O	O	_	_	_	_	_	_
la	O	O	O	O	O	O	_	_	_	_	_	_
formation	O	O	O	O	O	O	_	_	_	_	_	_
d	O	O	O	O	O	O	_	_	NoSpaceAfter	_	_	_
'	O	O	O	O	O	O	_	_	NoSpaceAfter	_	_	_
un	O	O	O	O	O	O	_	_	_	_	_	_
ministère	O	O	O	O	O	O	_	_	EndOfLine	_	_	_
# segment_iiif_link = https://impresso-project.ch/api/proxy/iiif/JDG-1916-09-10-a-p0003/1313,1731,572,48/full/0/default.jpg
de	O	O	O	O	O	O	_	_	_	_	_	_
concentration	O	O	O	O	O	O	_	_	_	_	_	_
On	O	O	O	O	O	O	_	_	_	_	_	_
croit	O	O	O	O	O	O	_	_	_	_	_	_
que	O	O	O	O	O	O	_	_	_	_	_	_
le	O	O	O	O	O	O	_	_	_	_	_	_
gouvernement	O	O	O	O	O	O	_	_	EndOfLine	_	_	_
# segment_iiif_link = https://impresso-project.ch/api/proxy/iiif/JDG-1916-09-10-a-p0003/1314,1758,571,48/full/0/default.jpg
actuel	O	O	O	O	O	O	_	_	_	_	_	_
accepte	O	O	O	O	O	O	_	_	_	_	_	_
cette	O	O	O	O	O	O	_	_	_	_	_	_
combinaison	O	O	O	O	O	O	_	_	NoSpaceAfter	_	_	_
,	O	O	O	O	O	O	_	_	_	_	_	_
à	O	O	O	O	O	O	_	_	_	_	_	_
condition	O	O	O	O	O	O	_	_	EndOfLine	_	_	_
# segment_iiif_link = https://impresso-project.ch/api/proxy/iiif/JDG-1916-09-10-a-p0003/1314,1784,571,48/full/0/default.jpg
qu	O	O	O	O	O	O	_	_	NoSpaceAfter	_	_	_
'	O	O	O	O	O	O	_	_	NoSpaceAfter	_	_	_
une	O	O	O	O	O	O	_	_	_	_	_	_
solution	O	O	O	O	O	O	_	_	_	_	_	_
soit	O	O	O	O	O	O	_	_	_	_	_	_
apportée	O	O	O	O	O	O	_	_	_	_	_	_
le	O	O	O	O	O	O	_	_	_	_	_	_
plus	O	O	O	O	O	O	_	_	_	_	_	_
tôt	O	O	O	O	O	O	_	_	EndOfLine	_	_	_
# segment_iiif_link = https://impresso-project.ch/api/proxy/iiif/JDG-1916-09-10-a-p0003/1313,1812,570,49/full/0/default.jpg
possible	O	O	O	O	O	O	_	_	_	_	_	_
à	O	O	O	O	O	O	_	_	_	_	_	_
la	O	O	O	O	O	O	_	_	_	_	_	_
question	O	O	O	O	O	O	_	_	_	_	_	_
de	O	O	O	O	O	O	_	_	_	_	_	_
la	O	O	O	O	O	O	_	_	_	_	_	_
vente	O	O	O	O	O	O	_	_	_	_	_	_
des	O	O	O	O	O	O	_	_	_	_	_	_
Antilles	O	O	O	O	O	O	_	_	EndOfLine	_	_	_
# segment_iiif_link = https://impresso-project.ch/api/proxy/iiif/JDG-1916-09-10-a-p0003/1314,1837,568,49/full/0/default.jpg
danoises	O	O	O	O	O	O	_	_	_	_	_	_
aux	O	O	O	O	O	O	_	_	_	_	_	_
Etats	O	O	O	O	O	O	_	_	NoSpaceAfter	_	_	_
-	O	O	O	O	O	O	_	_	NoSpaceAfter	_	_	_
Unis	O	O	O	O	O	O	_	_	NoSpaceAfter	_	_	_
.	O	O	O	O	O	O	_	_	_	EndOfSentence	_	_
Une	O	O	O	O	O	O	_	_	_	_	_	_
proposition	O	O	O	O	O	O	_	_	EndOfLine	_	_	_
# segment_iiif_link = https://impresso-project.ch/api/proxy/iiif/JDG-1916-09-10-a-p0003/1313,1866,568,48/full/0/default.jpg
transactionnelle	O	O	O	O	O	O	_	_	NoSpaceAfter	_	_	_
,	O	O	O	O	O	O	_	_	_	_	_	_
élaborée	O	O	O	O	O	O	_	_	_	_	_	_
par	O	O	O	O	O	O	_	_	_	_	_	_
les	O	O	O	O	O	O	_	_	_	_	_	_
conservateurs	O	O	O	O	O	O	_	_	_	_	_	_
et	O	O	O	O	O	O	_	_	EndOfLine	_	_	_
# segment_iiif_link = https://impresso-project.ch/api/proxy/iiif/JDG-1916-09-10-a-p0003/1314,1892,569,49/full/0/default.jpg
appuyée	O	O	O	O	O	O	_	_	_	_	_	_
par	O	O	O	O	O	O	_	_	_	_	_	_
les	O	O	O	O	O	O	_	_	_	_	_	_
groupes	O	O	O	O	O	O	_	_	_	_	_	_
de	O	O	O	O	O	O	_	_	_	_	_	_
gauche	O	O	O	O	O	O	_	_	_	_	_	_
a	O	O	O	O	O	O	_	_	_	_	_	_
été	O	O	O	O	O	O	_	_	EndOfLine	_	_	_
# segment_iiif_link = https://impresso-project.ch/api/proxy/iiif/JDG-1916-09-10-a-p0003/1314,1920,569,48/full/0/default.jpg
soumise	O	O	O	O	O	O	_	_	_	_	_	_
"	O	O	O	O	O	O	_	_	NoSpaceAfter	_	_	_
à	O	O	O	O	O	O	_	_	_	_	_	_
la	O	O	O	O	O	O	_	_	_	_	_	_
délégation	O	O	O	O	O	O	_	_	_	_	_	_
des	O	O	O	O	O	O	_	_	_	_	_	_
différents	O	O	O	O	O	O	_	_	_	_	_	_
partis	O	O	O	O	O	O	_	_	NoSpaceAfter	_	_	_
,	O	O	O	O	O	O	_	_	_	_	_	_
mais	O	O	O	O	O	O	_	_	EndOfLine	_	_	_
# segment_iiif_link = https://impresso-project.ch/api/proxy/iiif/JDG-1916-09-10-a-p0003/1313,1947,568,49/full/0/default.jpg
la	O	O	O	O	O	O	_	_	_	_	_	_
crise	O	O	O	O	O	O	_	_	_	_	_	_
reste	O	O	O	O	O	O	_	_	_	_	_	_
ouverte	O	O	O	O	O	O	_	_	_	_	_	_
sans	O	O	O	O	O	O	_	_	_	_	_	_
qu	O	O	O	O	O	O	_	_	NoSpaceAfter	_	_	_
'	O	O	O	O	O	O	_	_	NoSpaceAfter	_	_	_
on	O	O	O	O	O	O	_	_	_	_	_	_
puisse	O	O	O	O	O	O	_	_	_	_	_	_
encore	O	O	O	O	O	O	_	_	EndOfLine	_	_	_
# segment_iiif_link = https://impresso-project.ch/api/proxy/iiif/JDG-1916-09-10-a-p0003/1316,1976,539,48/full/0/default.jpg
prévoir	O	O	O	O	O	O	_	_	NoSpaceAfter	_	_	_
.	O	O	O	O	O	O	_	_	_	EndOfSentence	_	_
son	O	O	O	O	O	O	_	_	_	_	_	_
issue	O	O	O	O	O	O	_	_	NoSpaceAfter	_	_	_
.	O	O	O	O	O	O	_	_	NoSpaceAfter	EndOfSentence	_	_
'	O	O	O	O	O	O	_	_	NoSpaceAfter	_	_	_
-	O	O	O	O	O	O	_	_	NoSpaceAfter	_	_	_
.	O	O	O	O	O	O	_	_	NoSpaceAfter	EndOfSentence	_	_
-	O	O	O	O	O	O	_	_	NoSpaceAfter	_	_	_
.	O	O	O	O	O	O	_	_	NoSpaceAfter	EndOfSentence	_	_
'	O	O	O	O	O	O	_	_	NoSpaceAfter	_	_	_
(	O	O	O	O	O	O	_	_	NoSpaceAfter	_	_	_
Temps	O	O	O	O	O	O	_	_	NoSpaceAfter	_	LED0.00	_
.	O	O	O	O	O	O	_	_	NoSpaceAfter	_	_	_
)	O	O	O	O	O	O	_	_	EndOfLine	_	_	_
# segment_iiif_link = https://impresso-project.ch/api/proxy/iiif/JDG-1916-09-10-a-p0003/1382,2017,413,57/full/0/default.jpg
,	O	O	O	O	O	O	_	_	_	_	_	_
Les	O	O	O	O	O	O	_	_	_	_	_	_
Antilles	O	O	O	O	O	O	_	_	_	_	_	_
danoises	O	O	O	O	O	O	_	_	EndOfLine	_	_	_
# segment_iiif_link = https://impresso-project.ch/api/proxy/iiif/JDG-1916-09-10-a-p0003/1536,2057,323,49/full/0/default.jpg
Copenhague	O	O	O	O	O	O	_	_	NoSpaceAfter	_	_	_
,	O	O	O	O	O	O	_	_	_	_	_	_
9	O	O	O	O	O	O	_	_	_	_	_	_
septembre	O	O	O	O	O	O	_	_	NoSpaceAfter	_	_	_
.	O	O	O	O	O	O	_	_	_	EndOfSentence	_	_
*	O	O	O	O	O	O	_	_	EndOfLine	_	_	_
# segment_iiif_link = https://impresso-project.ch/api/proxy/iiif/JDG-1916-09-10-a-p0003/1340,2092,542,48/full/0/default.jpg
Le	O	O	O	O	O	O	_	_	_	_	_	_
buieau	O	O	O	O	O	O	_	_	_	_	_	_
Ritzau	O	O	O	O	O	O	_	_	_	_	_	_
annonce	O	O	O	O	O	O	_	_	_	_	_	_
:	O	O	O	O	O	O	_	_	_	_	_	_
«	O	O	O	O	O	O	_	_	_	_	_	_
Comme	O	O	O	O	O	O	_	_	_	_	_	_
aucun	O	O	O	O	O	O	_	_	EndOfLine	_	_	_
# segment_iiif_link = https://impresso-project.ch/api/proxy/iiif/JDG-1916-09-10-a-p0003/1313,2120,571,49/full/0/default.jpg
des	O	O	O	O	O	O	_	_	_	_	_	_
autres	O	O	O	O	O	O	_	_	_	_	_	_
partis	O	O	O	O	O	O	_	_	_	_	_	_
n	O	O	O	O	O	O	_	_	NoSpaceAfter	_	_	_
'	O	O	O	O	O	O	_	_	NoSpaceAfter	_	_	_
a	O	O	O	O	O	O	_	_	_	_	_	_
adhéré	O	O	O	O	O	O	_	_	_	_	_	_
à	O	O	O	O	O	O	_	_	_	_	_	_
la	O	O	O	O	O	O	_	_	_	_	_	_
proposition	O	O	O	O	O	O	_	_	_	_	_	_
des	O	O	O	O	O	O	_	_	EndOfLine	_	_	_
# segment_iiif_link = https://impresso-project.ch/api/proxy/iiif/JDG-1916-09-10-a-p0003/1314,2147,570,49/full/0/default.jpg
conservateurs	O	O	O	O	O	O	_	_	_	_	_	_
et	O	O	O	O	O	O	_	_	_	_	_	_
du	O	O	O	O	O	O	_	_	_	_	_	_
parti	O	O	O	O	O	O	_	_	_	_	_	_
populaire	O	O	O	O	O	O	_	_	NoSpaceAfter	_	_	_
,	O	O	O	O	O	O	_	_	_	_	_	_
les	O	O	O	O	O	O	_	_	EndOfLine	_	_	_
# segment_iiif_link = https://impresso-project.ch/api/proxy/iiif/JDG-1916-09-10-a-p0003/1313,2176,572,48/full/0/default.jpg
pourparlers	O	O	O	O	O	O	_	_	_	_	_	_
relatifs	O	O	O	O	O	O	_	_	_	_	_	_
à	O	O	O	O	O	O	_	_	_	_	_	_
la	O	O	O	O	O	O	_	_	_	_	_	_
formation	O	O	O	O	O	O	_	_	_	_	_	_
d	O	O	O	O	O	O	_	_	NoSpaceAfter	_	_	_
'	O	O	O	O	O	O	_	_	NoSpaceAfter	_	_	_
un	O	O	O	O	O	O	_	_	_	_	_	_
ministère	O	O	O	O	O	O	_	_	EndOfLine	_	_	_
# segment_iiif_link = https://impresso-project.ch/api/proxy/iiif/JDG-1916-09-10-a-p0003/1313,2204,574,49/full/0/default.jpg
de	O	O	O	O	O	O	_	_	_	_	_	_
coalition	O	O	O	O	O	O	_	_	_	_	_	_
ont	O	O	O	O	O	O	_	_	_	_	_	_
été	O	O	O	O	O	O	_	_	_	_	_	_
suspendus	O	O	O	O	O	O	_	_	_	_	_	_
hier	O	O	O	O	O	O	_	_	_	_	_	_
soir	O	O	O	O	O	O	_	_	NoSpaceAfter	_	_	_
.	O	O	O	O	O	O	_	_	_	_	_	_
La	O	O	O	O	O	O	_	_	EndOfLine	_	_	_
# segment_iiif_link = https://impresso-project.ch/api/proxy/iiif/JDG-1916-09-10-a-p0003/1314,2231,570,48/full/0/default.jpg
prochaine	O	O	O	O	O	O	_	_	_	_	_	_
séance	O	O	O	O	O	O	_	_	_	_	_	_
du	O	O	O	O	O	O	_	_	_	_	_	_
Folketing	O	O	O	O	O	O	_	_	_	_	_	_
aura	O	O	O	O	O	O	_	_	_	_	_	_
lieu	O	O	O	O	O	O	_	_	_	_	_	_
mardi	O	O	O	O	O	O	_	_	_	_	_	_
pour	O	O	O	O	O	O	_	_	EndOfLine	_	_	_
# segment_iiif_link = https://impresso-project.ch/api/proxy/iiif/JDG-1916-09-10-a-p0003/1313,2259,572,49/full/0/default.jpg
la	O	O	O	O	O	O	_	_	_	_	_	_
discussion	O	O	O	O	O	O	_	_	_	_	_	_
en	O	O	O	O	O	O	_	_	_	_	_	_
troisième	O	O	O	O	O	O	_	_	_	_	_	_
lecture	O	O	O	O	O	O	_	_	_	_	_	_
de	O	O	O	O	O	O	_	_	_	_	_	_
la	O	O	O	O	O	O	_	_	_	_	_	_
nouvelle	O	O	O	O	O	O	_	_	EndOfLine	_	_	_
# segment_iiif_link = https://impresso-project.ch/api/proxy/iiif/JDG-1916-09-10-a-p0003/1313,2286,544,48/full/0/default.jpg
loi	O	O	O	O	O	O	_	_	_	_	_	_
constitutionnelle	O	O	O	O	O	O	_	_	NoSpaceAfter	_	_	_
.	O	O	O	O	O	O	_	_	_	_	_	_
»	O	O	O	O	O	O	_	_	_	_	_	_
(	O	O	O	O	O	O	_	_	NoSpaceAfter	_	_	_
Wolff	B-org	O	B-org.ent.pressagency.Wolff	O	O	O	_	_	NoSpaceAfter	_	_	_
)	O	O	O	O	O	O	_	_	EndOfLine	_	_	_
# segment_iiif_link = https://impresso-project.ch/api/proxy/iiif/JDG-1916-09-10-a-p0003/1419,2330,363,55/full/0/default.jpg
Une	O	O	O	O	O	O	_	_	_	_	_	_
guerre	O	O	O	O	O	O	_	_	_	_	_	_
qui	O	O	O	O	O	O	_	_	_	_	_	_
finit	O	O	O	O	O	O	_	_	EndOfLine	_	_	_
# segment_iiif_link = https://impresso-project.ch/api/proxy/iiif/JDG-1916-09-10-a-p0003/1542,2371,316,49/full/0/default.jpg
Washington	O	O	O	O	O	O	_	_	NoSpaceAfter	_	_	_
,	O	O	O	O	O	O	_	_	_	_	_	_
9	O	O	O	O	O	O	_	_	_	_	_	_
septembre	O	O	O	O	O	O	_	_	NoSpaceAfter	_	_	_
.	O	O	O	O	O	O	_	_	EndOfLine	EndOfSentence	_	_
# segment_iiif_link = https://impresso-project.ch/api/proxy/iiif/JDG-1916-09-10-a-p0003/1342,2406,543,49/full/0/default.jpg
Quinze	O	O	O	O	O	O	_	_	_	_	_	_
mille	O	O	O	O	O	O	_	_	_	_	_	_
miliciens	O	O	O	O	O	O	_	_	_	_	_	_
ont	O	O	O	O	O	O	_	_	_	_	_	_
déjà	O	O	O	O	O	O	_	_	_	_	_	_
été	O	O	O	O	O	O	_	_	_	_	_	_
rappelés	O	O	O	O	O	O	_	_	EndOfLine	_	_	_
# segment_iiif_link = https://impresso-project.ch/api/proxy/iiif/JDG-1916-09-10-a-p0003/1316,2433,409,48/full/0/default.jpg
du	O	O	O	O	O	O	_	_	_	_	_	_
front	O	O	O	O	O	O	_	_	_	_	_	_
de	O	O	O	O	O	O	_	_	_	_	_	_
la	O	O	O	O	O	O	_	_	_	_	_	_
frontière	O	O	O	O	O	O	_	_	_	_	_	_
mexicaine	O	O	O	O	O	O	_	_	NoSpaceAfter	_	_	_
.	O	O	O	O	O	O	_	_	EndOfLine	EndOfSentence	_	_
# segment_iiif_link = https://impresso-project.ch/api/proxy/iiif/JDG-1916-09-10-a-p0003/1342,2460,543,49/full/0/default.jpg
On	O	O	O	O	O	O	_	_	_	_	_	_
dit	O	O	O	O	O	O	_	_	_	_	_	_
que	O	O	O	O	O	O	_	_	_	_	_	_
ce	O	O	O	O	O	O	_	_	_	_	_	_
rappel	O	O	O	O	O	O	_	_	_	_	_	_
présage	O	O	O	O	O	O	_	_	_	_	_	_
la	O	O	O	O	O	O	_	_	_	_	_	_
fin	O	O	O	O	O	O	_	_	_	_	_	_
de	O	O	O	O	O	O	_	_	EndOfLine	_	_	_
# segment_iiif_link = https://impresso-project.ch/api/proxy/iiif/JDG-1916-09-10-a-p0003/1316,2488,568,48/full/0/default.jpg
pédition	O	O	O	O	O	O	_	_	_	_	_	_
de	O	O	O	O	O	O	_	_	_	_	_	_
coercition	O	O	O	O	O	O	_	_	_	_	_	_
américaine	O	O	O	O	O	O	_	_	_	_	_	_
envers	O	O	O	O	O	O	_	_	_	_	_	_
le	O	O	O	O	O	O	_	_	EndOfLine	_	_	_
# segment_iiif_link = https://impresso-project.ch/api/proxy/iiif/JDG-1916-09-10-a-p0003/1318,2516,539,49/full/0/default.jpg
Mexique	O	O	O	O	O	O	_	_	NoSpaceAfter	_	_	_
.	O	O	O	O	O	O	_	_	_	EndOfSentence	_	_
(	O	O	O	O	O	O	_	_	NoSpaceAfter	_	_	_
Petit	O	O	O	O	O	O	_	_	_	_	_	_
Journal	O	O	O	O	O	O	_	_	NoSpaceAfter	_	_	_
.	O	O	O	O	O	O	_	_	NoSpaceAfter	_	_	_
)	O	O	O	O	O	O	_	_	EndOfLine	EndOfSentence	_	_
# segment_iiif_link = https://impresso-project.ch/api/proxy/iiif/JDG-1916-09-10-a-p0003/1417,2567,365,57/full/0/default.jpg
Indes	O	O	O	O	O	O	_	_	_	_	_	_
et	O	O	O	O	O	O	_	_	_	_	_	_
Afghanistan	O	O	O	O	O	O	_	_	EndOfLine	_	_	_
# segment_iiif_link = https://impresso-project.ch/api/proxy/iiif/JDG-1916-09-10-a-p0003/1544,2613,315,48/full/0/default.jpg
Londres	O	O	O	O	O	O	_	_	NoSpaceAfter	_	_	_
,	O	O	O	O	O	O	_	_	_	_	_	_
9	O	O	O	O	O	O	_	_	_	_	_	_
septembre	O	O	O	O	O	O	_	_	NoSpaceAfter	_	_	_
.	O	O	O	O	O	O	_	_	_	EndOfSentence	_	_
*	O	O	O	O	O	O	_	_	EndOfLine	_	_	_
# segment_iiif_link = https://impresso-project.ch/api/proxy/iiif/JDG-1916-09-10-a-p0003/1342,2649,542,49/full/0/default.jpg
Dans	O	O	O	O	O	O	_	_	_	_	_	_
son	O	O	O	O	O	O	_	_	_	_	_	_
discours	O	O	O	O	O	O	_	_	_	_	_	_
d	O	O	O	O	O	O	_	_	NoSpaceAfter	_	_	_
'	O	O	O	O	O	O	_	_	NoSpaceAfter	_	_	_
ouverture	O	O	O	O	O	O	_	_	_	_	_	_
à	O	O	O	O	O	O	_	_	_	_	_	_
la	O	O	O	O	O	O	_	_	_	_	_	_
séance	O	O	O	O	O	O	_	_	_	_	_	_
du	O	O	O	O	O	O	_	_	EndOfLine	_	_	_
# segment_iiif_link = https://impresso-project.ch/api/proxy/iiif/JDG-1916-09-10-a-p0003/1316,2679,569,48/full/0/default.jpg
conseil	O	O	O	O	O	O	_	_	_	_	_	_
législatif	O	O	O	O	O	O	_	_	_	_	_	_
des	O	O	O	O	O	O	_	_	_	_	_	_
Indes	O	O	O	O	O	O	_	_	NoSpaceAfter	_	_	_
,	O	O	O	O	O	O	_	_	_	_	_	_
lord	O	O	O	O	O	O	_	_	_	_	_	_
Chelmsfprd	O	O	O	O	O	O	_	_	NoSpaceAfter	_	_	_
,	O	O	O	O	O	O	_	_	EndOfLine	_	_	_
# segment_iiif_link = https://impresso-project.ch/api/proxy/iiif/JDG-1916-09-10-a-p0003/1316,2704,570,49/full/0/default.jpg
vice	O	O	O	O	O	O	_	_	NoSpaceAfter	_	_	_
-	O	O	O	O	O	O	_	_	NoSpaceAfter	_	_	_
roi	O	O	O	O	O	O	_	_	_	_	_	_
des	O	O	O	O	O	O	_	_	_	_	_	_
Indes	O	O	O	O	O	O	_	_	NoSpaceAfter	_	_	_
,	O	O	O	O	O	O	_	_	_	_	_	_
a	O	O	O	O	O	O	_	_	_	_	_	_
déclaré	O	O	O	O	O	O	_	_	_	_	_	_
que	O	O	O	O	O	O	_	_	_	_	_	_
les	O	O	O	O	O	O	_	_	_	_	_	_
relations	O	O	O	O	O	O	_	_	EndOfLine	_	_	_
# segment_iiif_link = https://impresso-project.ch/api/proxy/iiif/JDG-1916-09-10-a-p0003/1314,2732,573,49/full/0/default.jpg
du	O	O	O	O	O	O	_	_	_	_	_	_
gouvernement	O	O	O	O	O	O	_	_	_	_	_	_
des	O	O	O	O	O	O	_	_	_	_	_	_
Indes	O	O	O	O	O	O	_	_	_	_	_	_
avec	O	O	O	O	O	O	_	_	_	_	_	_
l	O	O	O	O	O	O	_	_	NoSpaceAfter	_	_	_
'	O	O	O	O	O	O	_	_	NoSpaceAfter	_	_	_
empire	O	O	O	O	O	O	_	_	EndOfLine	_	_	_
# segment_iiif_link = https://impresso-project.ch/api/proxy/iiif/JDG-1916-09-10-a-p0003/1314,2759,570,49/full/0/default.jpg
d	O	O	O	O	O	O	_	_	NoSpaceAfter	_	_	_
'	O	O	O	O	O	O	_	_	NoSpaceAfter	_	_	_
Afghanistan	O	O	O	O	O	O	_	_	_	_	_	_
sont	O	O	O	O	O	O	_	_	_	_	_	_
des	O	O	O	O	O	O	_	_	_	_	_	_
plus	O	O	O	O	O	O	_	_	NoSpaceAfter	_	_	_
-	O	O	O	O	O	O	_	_	_	_	_	_
amicales	O	O	O	O	O	O	_	_	_	_	_	_
et	O	O	O	O	O	O	_	_	_	_	_	_
que	O	O	O	O	O	O	_	_	EndOfLine	_	_	_
# segment_iiif_link = https://impresso-project.ch/api/proxy/iiif/JDG-1916-09-10-a-p0003/1314,2789,572,48/full/0/default.jpg
celles	O	O	O	O	O	O	_	_	_	_	_	_
de	O	O	O	O	O	O	_	_	_	_	_	_
la	O	O	O	O	O	O	_	_	_	_	_	_
Perse	O	O	O	O	O	O	_	_	_	_	_	_
n	O	O	O	O	O	O	_	_	NoSpaceAfter	_	_	_
'	O	O	O	O	O	O	_	_	NoSpaceAfter	_	_	_
ont	O	O	O	O	O	O	_	_	_	_	_	_
jamais	O	O	O	O	O	O	_	_	_	_	_	_
été	O	O	O	O	O	O	_	_	_	_	_	_
plus	O	O	O	O	O	O	_	_	EndOfLine	_	_	_
# segment_iiif_link = https://impresso-project.ch/api/proxy/iiif/JDG-1916-09-10-a-p0003/1316,2816,571,48/full/0/default.jpg
satisfaisantes	O	O	O	O	O	O	_	_	NoSpaceAfter	_	_	_
.	O	O	O	O	O	O	_	_	_	EndOfSentence	_	_
Une	O	O	O	O	O	O	_	_	_	_	_	_
tranquillité	O	O	O	O	O	O	_	_	_	_	_	_
sans	O	O	O	O	O	O	_	_	_	_	_	_
précédent	O	O	O	O	O	O	_	_	EndOfLine	_	_	_
# segment_iiif_link = https://impresso-project.ch/api/proxy/iiif/JDG-1916-09-10-a-p0003/1316,2844,569,48/full/0/default.jpg
règne	O	O	O	O	O	O	_	_	_	_	_	_
parmi	O	O	O	O	O	O	_	_	_	_	_	_
les	O	O	O	O	O	O	_	_	_	_	_	_
tribus	O	O	O	O	O	O	_	_	_	_	_	_
de	O	O	O	O	O	O	_	_	_	_	_	_
la	O	O	O	O	O	O	_	_	_	_	_	_
frontière	O	O	O	O	O	O	_	_	_	_	_	_
nord	O	O	O	O	O	O	_	_	NoSpaceAfter	_	_	_
-	O	O	O	O	O	O	_	_	NoSpaceAfter	_	_	_
ouest	O	O	O	O	O	O	_	_	EndOfLine	_	_	_
# segment_iiif_link = https://impresso-project.ch/api/proxy/iiif/JDG-1916-09-10-a-p0003/1316,2871,570,48/full/0/default.jpg
depuis	O	O	O	O	O	O	_	_	_	_	_	_
que	O	O	O	O	O	O	_	_	_	_	_	_
l	O	O	O	O	O	O	_	_	NoSpaceAfter	_	_	_
'	O	O	O	O	O	O	_	_	NoSpaceAfter	_	_	_
ennemi	O	O	O	O	O	O	_	_	_	_	_	_
a	O	O	O	O	O	O	_	_	_	_	_	_
échoué	O	O	O	O	O	O	_	_	_	_	_	_
dans	O	O	O	O	O	O	_	_	_	_	_	_
sa	O	O	O	O	O	O	_	_	_	_	_	_
tentative	O	O	O	O	O	O	_	_	EndOfLine	_	_	_
# segment_iiif_link = https://impresso-project.ch/api/proxy/iiif/JDG-1916-09-10-a-p0003/1314,2899,519,48/full/0/default.jpg
de	O	O	O	O	O	O	_	_	_	_	_	_
faire	O	O	O	O	O	O	_	_	_	_	_	_
croire	O	O	O	O	O	O	_	_	_	_	_	_
à	O	O	O	O	O	O	_	_	_	_	_	_
un	O	O	O	O	O	O	_	_	_	_	_	_
soulèvement	O	O	O	O	O	O	_	_	_	_	_	_
leligieux	O	O	O	O	O	O	_	_	NoSpaceAfter	_	_	_
.	O	O	O	O	O	O	_	_	EndOfLine	EndOfSentence	_	_
# segment_iiif_link = https://impresso-project.ch/api/proxy/iiif/JDG-1916-09-10-a-p0003/1756,2926,100,48/full/0/default.jpg
(	O	O	O	O	O	O	_	_	NoSpaceAfter	_	_	_
Reuter	B-org	O	B-org.ent.pressagency.Reuters	O	O	O	_	_	NoSpaceAfter	_	_	_
)	O	O	O	O	O	O	_	_	NoSpaceAfter	_	_	_
.	O	O	O	O	O	O	_	_	EndOfLine	EndOfSentence	_	_
# segment_iiif_link = https://impresso-project.ch/api/proxy/iiif/JDG-1916-09-10-a-p0003/1401,2968,396,57/full/0/default.jpg
La	O	O	O	O	O	O	_	_	_	_	_	_
situation	O	O	O	O	O	O	_	_	_	_	_	_
aux	O	O	O	O	O	O	_	_	_	_	_	_
Indes	O	O	O	O	O	O	_	_	EndOfLine	_	_	_
# segment_iiif_link = https://impresso-project.ch/api/proxy/iiif/JDG-1916-09-10-a-p0003/1590,3010,268,49/full/0/default.jpg
Londres	O	O	O	O	O	O	_	_	NoSpaceAfter	_	_	_
,	O	O	O	O	O	O	_	_	_	_	_	_
9	O	O	O	O	O	O	_	_	_	_	_	_
septembre	O	O	O	O	O	O	_	_	NoSpaceAfter	_	_	_
.	O	O	O	O	O	O	_	_	EndOfLine	EndOfSentence	_	_
# segment_iiif_link = https://impresso-project.ch/api/proxy/iiif/JDG-1916-09-10-a-p0003/1344,3045,541,48/full/0/default.jpg
Lord	O	O	O	O	O	O	_	_	_	_	_	_
Chelmsford	O	O	O	O	O	O	_	_	NoSpaceAfter	_	_	_
,	O	O	O	O	O	O	_	_	_	_	_	_
vice	O	O	O	O	O	O	_	_	NoSpaceAfter	_	_	_
-	O	O	O	O	O	O	_	_	NoSpaceAfter	_	_	_
roi	O	O	O	O	O	O	_	_	_	_	_	_
des	O	O	O	O	O	O	_	_	_	_	_	_
Indes	O	O	O	O	O	O	_	_	NoSpaceAfter	_	_	_
,	O	O	O	O	O	O	_	_	_	_	_	_
ouvrant	O	O	O	O	O	O	_	_	EndOfLine	_	_	_
# segment_iiif_link = https://impresso-project.ch/api/proxy/iiif/JDG-1916-09-10-a-p0003/1316,3073,569,48/full/0/default.jpg
la	O	O	O	O	O	O	_	_	_	_	_	_
session	O	O	O	O	O	O	_	_	_	_	_	_
du	O	O	O	O	O	O	_	_	_	_	_	_
conseil	O	O	O	O	O	O	_	_	_	_	_	_
législatif	O	O	O	O	O	O	_	_	_	_	_	_
des	O	O	O	O	O	O	_	_	_	_	_	_
Indes	O	O	O	O	O	O	_	_	NoSpaceAfter	_	_	_
,	O	O	O	O	O	O	_	_	_	_	_	_
a	O	O	O	O	O	O	_	_	_	_	_	_
parlé	O	O	O	O	O	O	_	_	EndOfLine	_	_	_
# segment_iiif_link = https://impresso-project.ch/api/proxy/iiif/JDG-1916-09-10-a-p0003/1318,3100,566,48/full/0/default.jpg
longuement	O	O	O	O	O	O	_	_	_	_	_	_
de	O	O	O	O	O	O	_	_	_	_	_	_
la	O	O	O	O	O	O	_	_	_	_	_	_
guerre	O	O	O	O	O	O	_	_	NoSpaceAfter	_	_	_
.	O	O	O	O	O	O	_	_	_	EndOfSentence	_	_
Le	O	O	O	O	O	O	_	_	_	_	_	_
vice	O	O	O	O	O	O	_	_	NoSpaceAfter	_	_	_
-	O	O	O	O	O	O	_	_	NoSpaceAfter	_	_	_
roi	O	O	O	O	O	O	_	_	_	_	_	_
a	O	O	O	O	O	O	_	_	EndOfLine	_	_	_
# segment_iiif_link = https://impresso-project.ch/api/proxy/iiif/JDG-1916-09-10-a-p0003/1316,3128,566,49/full/0/default.jpg
qué	O	O	O	O	O	O	_	_	_	_	_	_
comment	O	O	O	O	O	O	_	_	NoSpaceAfter	_	_	_
,	O	O	O	O	O	O	_	_	_	_	_	_
durant	O	O	O	O	O	O	_	_	_	_	_	_
les	O	O	O	O	O	O	_	_	_	_	_	_
deux	O	O	O	O	O	O	_	_	_	_	_	_
dernières	O	O	O	O	O	O	_	_	EndOfLine	_	_	_
# segment_iiif_link = https://impresso-project.ch/api/proxy/iiif/JDG-1916-09-10-a-p0003/1316,3155,570,48/full/0/default.jpg
nées	O	O	O	O	O	O	_	_	NoSpaceAfter	_	_	_
,	O	O	O	O	O	O	_	_	_	_	_	_
les	O	O	O	O	O	O	_	_	_	_	_	_
Indes	O	O	O	O	O	O	_	_	_	_	_	_
avaient	O	O	O	O	O	O	_	_	_	_	_	_
fourni	O	O	O	O	O	O	_	_	_	_	_	_
et	O	O	O	O	O	O	_	_	_	_	_	_
maintenu	O	O	O	O	O	O	_	_	_	_	_	_
les	O	O	O	O	O	O	_	_	EndOfLine	_	_	_
# segment_iiif_link = https://impresso-project.ch/api/proxy/iiif/JDG-1916-09-10-a-p0003/1316,3183,571,48/full/0/default.jpg
effectils	O	O	O	O	O	O	_	_	_	_	_	_
de	O	O	O	O	O	O	_	_	_	_	_	_
corps	O	O	O	O	O	O	_	_	_	_	_	_
importants	O	O	O	O	O	O	_	_	_	_	_	_
en	O	O	O	O	O	O	_	_	_	_	_	_
France	O	O	O	O	O	O	_	_	_	_	_	_
et	O	O	O	O	O	O	_	_	EndOfLine	_	_	_
# segment_iiif_link = https://impresso-project.ch/api/proxy/iiif/JDG-1916-09-10-a-p0003/1318,3210,569,48/full/0/default.jpg
voyé	O	O	O	O	O	O	_	_	_	_	_	_
également	O	O	O	O	O	O	_	_	_	_	_	_
des	O	O	O	O	O	O	_	_	_	_	_	_
troupes	O	O	O	O	O	O	_	_	_	_	_	_
et	O	O	O	O	O	O	_	_	_	_	_	_
des	O	O	O	O	O	O	_	_	_	_	_	_
fournitures	O	O	O	O	O	O	_	_	EndOfLine	_	_	_
# segment_iiif_link = https://impresso-project.ch/api/proxy/iiif/JDG-1916-09-10-a-p0003/1316,3238,569,49/full/0/default.jpg
de	O	O	O	O	O	O	_	_	_	_	_	_
guerre	O	O	O	O	O	O	_	_	_	_	_	_
dans	O	O	O	O	O	O	_	_	_	_	_	_
l	O	O	O	O	O	O	_	_	NoSpaceAfter	_	_	_
'	O	O	O	O	O	O	_	_	NoSpaceAfter	_	_	_
Est	O	O	O	O	O	O	_	_	NoSpaceAfter	_	_	_
-	O	O	O	O	O	O	_	_	NoSpaceAfter	_	_	_
Africain	O	O	O	O	O	O	_	_	NoSpaceAfter	_	_	_
,	O	O	O	O	O	O	_	_	_	_	_	_
en	O	O	O	O	O	O	_	_	NoSpaceAfter	_	_	_
.	O	O	O	O	O	O	_	_	_	EndOfSentence	_	_
Egypte	O	O	O	O	O	O	_	_	NoSpaceAfter	_	_	_
,	O	O	O	O	O	O	_	_	_	_	_	_
en	O	O	O	O	O	O	_	_	EndOfLine	_	_	_
# segment_iiif_link = https://impresso-project.ch/api/proxy/iiif/JDG-1916-09-10-a-p0003/1318,3265,568,49/full/0/default.jpg
Mésopotamie	O	O	O	O	O	O	_	_	NoSpaceAfter	_	_	_
,	O	O	O	O	O	O	_	_	_	_	_	_
à	O	O	O	O	O	O	_	_	_	_	_	_
Muscat	O	O	O	O	O	O	_	_	_	_	_	_
et	O	O	O	O	O	O	_	_	_	_	_	_
à	O	O	O	O	O	O	_	_	_	_	_	_
Aden	O	O	O	O	O	O	_	_	NoSpaceAfter	_	_	_
.	O	O	O	O	O	O	_	_	_	EndOfSentence	_	_
Les	O	O	O	O	O	O	_	_	_	_	_	_
Indes	O	O	O	O	O	O	_	_	EndOfLine	_	_	_
# segment_iiif_link = https://impresso-project.ch/api/proxy/iiif/JDG-1916-09-10-a-p0003/1316,3295,571,48/full/0/default.jpg
ont	O	O	O	O	O	O	_	_	_	_	_	_
également	O	O	O	O	O	O	_	_	_	_	_	_
maintenu	O	O	O	O	O	O	_	_	_	_	_	_
des	O	O	O	O	O	O	_	_	_	_	_	_
troupes	O	O	O	O	O	O	_	_	NoSpaceAfter	_	_	_
.	O	O	O	O	O	O	_	_	_	EndOfSentence	_	_
sur	O	O	O	O	O	O	_	_	_	_	_	_
leurs	O	O	O	O	O	O	_	_	EndOfLine	_	_	_
# segment_iiif_link = https://impresso-project.ch/api/proxy/iiif/JDG-1916-09-10-a-p0003/1318,3320,565,49/full/0/default.jpg
frontières	O	O	O	O	O	O	_	_	NoSpaceAfter	_	_	_
,	O	O	O	O	O	O	_	_	_	_	_	_
où	O	O	O	O	O	O	_	_	_	_	_	_
certaines	O	O	O	O	O	O	_	_	_	_	_	_
opérations	O	O	O	O	O	O	_	_	_	_	_	_
importantes	O	O	O	O	O	O	_	_	EndOfLine	_	_	_
# segment_iiif_link = https://impresso-project.ch/api/proxy/iiif/JDG-1916-09-10-a-p0003/1316,3350,566,48/full/0/default.jpg
ont	O	O	O	O	O	O	_	_	_	_	_	_
été	O	O	O	O	O	O	_	_	_	_	_	_
poursuivies	O	O	O	O	O	O	_	_	NoSpaceAfter	_	_	_
.	O	O	O	O	O	O	_	_	_	EndOfSentence	_	_
L	O	O	O	O	O	O	_	_	NoSpaceAfter	_	_	_
'	O	O	O	O	O	O	_	_	NoSpaceAfter	_	_	_
armée	O	O	O	O	O	O	_	_	_	_	_	_
des	O	O	O	O	O	O	_	_	_	_	_	_
Indes	O	O	O	O	O	O	_	_	_	_	_	_
a	O	O	O	O	O	O	_	_	EndOfLine	_	_	_
# segment_iiif_link = https://impresso-project.ch/api/proxy/iiif/JDG-1916-09-10-a-p0003/1318,3375,569,49/full/0/default.jpg
titué	O	O	O	O	O	O	_	_	_	_	_	_
un	O	O	O	O	O	O	_	_	_	_	_	_
facteur	O	O	O	O	O	O	_	_	_	_	_	_
important	O	O	O	O	O	O	_	_	_	_	_	_
de	O	O	O	O	O	O	_	_	_	_	_	_
la	O	O	O	O	O	O	_	_	_	_	_	_
défense	O	O	O	O	O	O	_	_	_	_	_	_
de	O	O	O	O	O	O	_	_	EndOfLine	_	_	_
# segment_iiif_link = https://impresso-project.ch/api/proxy/iiif/JDG-1916-09-10-a-p0003/1318,3405,567,48/full/0/default.jpg
l	O	O	O	O	O	O	_	_	NoSpaceAfter	_	_	_
'	O	O	O	O	O	O	_	_	NoSpaceAfter	_	_	_
Empire	O	O	O	O	O	O	_	_	NoSpaceAfter	_	_	_
.	O	O	O	O	O	O	_	_	_	EndOfSentence	_	_
Le	O	O	O	O	O	O	_	_	_	_	_	_
recrutement	O	O	O	O	O	O	_	_	_	_	_	_
aux	O	O	O	O	O	O	_	_	_	_	_	_
Indes	O	O	O	O	O	O	_	_	_	_	_	_
a	O	O	O	O	O	O	_	_	_	_	_	_
été	O	O	O	O	O	O	_	_	EndOfLine	_	_	_
# segment_iiif_link = https://impresso-project.ch/api/proxy/iiif/JDG-1916-09-10-a-p0003/1316,3432,569,48/full/0/default.jpg
magnifique	O	O	O	O	O	O	_	_	NoSpaceAfter	_	_	_
.	O	O	O	O	O	O	_	_	_	EndOfSentence	_	_
Le	O	O	O	O	O	O	_	_	_	_	_	_
nombre	O	O	O	O	O	O	_	_	_	_	_	_
des	O	O	O	O	O	O	_	_	_	_	_	_
enrôlés	O	O	O	O	O	O	_	_	_	_	_	_
depuis	O	O	O	O	O	O	_	_	_	_	_	_
^	O	O	O	O	O	O	_	_	EndOfLine	_	_	_
# segment_iiif_link = https://impresso-project.ch/api/proxy/iiif/JDG-1916-09-10-a-p0003/1318,3460,567,48/full/0/default.jpg
commencement	O	O	O	O	O	O	_	_	_	_	_	_
dé	O	O	O	O	O	O	_	_	_	_	_	_
la	O	O	O	O	O	O	_	_	_	_	_	_
guerre	O	O	O	O	O	O	_	_	_	_	_	_
dépasse	O	O	O	O	O	O	_	_	_	_	_	_
les	O	O	O	O	O	O	_	_	_	_	_	_
effectifs	O	O	O	O	O	O	_	_	_	_	_	_
de	O	O	O	O	O	O	_	_	EndOfLine	_	_	_
# segment_iiif_link = https://impresso-project.ch/api/proxy/iiif/JDG-1916-09-10-a-p0003/1318,3487,568,49/full/0/default.jpg
l	O	O	O	O	O	O	_	_	NoSpaceAfter	_	_	_
'	O	O	O	O	O	O	_	_	NoSpaceAfter	_	_	_
armée	O	O	O	O	O	O	_	_	_	_	_	_
indienne	O	O	O	O	O	O	_	_	_	_	_	_
au	O	O	O	O	O	O	_	_	_	_	_	_
i	O	O	O	O	O	O	_	_	_	_	_	_
«	O	O	O	O	O	O	_	_	_	_	_	_
août	O	O	O	O	O	O	_	_	_	_	_	_
1914	O	O	O	O	O	O	_	_	NoSpaceAfter	_	_	_
.	O	O	O	O	O	O	_	_	_	_	_	_
Seize	O	O	O	O	O	O	_	_	EndOfLine	_	_	_
# segment_iiif_link = https://impresso-project.ch/api/proxy/iiif/JDG-1916-09-10-a-p0003/1318,3515,345,49/full/0/default.jpg
nouveaux	O	O	O	O	O	O	_	_	_	_	_	_
cadres	O	O	O	O	O	O	_	_	_	_	_	_
ont	O	O	O	O	O	O	_	_	_	_	_	_
été	O	O	O	O	O	O	_	_	_	_	_	_
formés	O	O	O	O	O	O	_	_	NoSpaceAfter	_	_	_
.	O	O	O	O	O	O	_	_	EndOfLine	_	_	_
# segment_iiif_link = https://impresso-project.ch/api/proxy/iiif/JDG-1916-09-10-a-p0003/1344,3542,540,49/full/0/default.jpg
La	O	O	O	O	O	O	_	_	_	_	_	_
nouvelle	O	O	O	O	O	O	_	_	_	_	_	_
flotte	O	O	O	O	O	O	_	_	_	_	_	_
des	O	O	O	O	O	O	_	_	_	_	_	_
Indes	O	O	O	O	O	O	_	_	_	_	_	_
a	O	O	O	O	O	O	_	_	_	_	_	_
accompli	O	O	O	O	O	O	_	_	_	_	_	_
une	O	O	O	O	O	O	_	_	EndOfLine	_	_	_
# segment_iiif_link = https://impresso-project.ch/api/proxy/iiif/JDG-1916-09-10-a-p0003/1318,3570,568,48/full/0/default.jpg
tâche	O	O	O	O	O	O	_	_	_	_	_	_
splendide	O	O	O	O	O	O	_	_	NoSpaceAfter	_	_	_
.	O	O	O	O	O	O	_	_	_	_	_	_
171	O	O	O	O	O	O	_	_	_	_	_	_
bâtiments	O	O	O	O	O	O	_	_	_	_	_	_
ont	O	O	O	O	O	O	_	_	_	_	_	_
été	O	O	O	O	O	O	_	_	_	_	_	_
affrétés	O	O	O	O	O	O	_	_	EndOfLine	_	_	_
# segment_iiif_link = https://impresso-project.ch/api/proxy/iiif/JDG-1916-09-10-a-p0003/1318,3597,569,49/full/0/default.jpg
et	O	O	O	O	O	O	_	_	_	_	_	_
convertis	O	O	O	O	O	O	_	_	_	_	_	_
en	O	O	O	O	O	O	_	_	_	_	_	_
transports	O	O	O	O	O	O	_	_	NoSpaceAfter	_	_	_
,	O	O	O	O	O	O	_	_	_	_	_	_
tandis	O	O	O	O	O	O	_	_	_	_	_	_
que	O	O	O	O	O	O	_	_	_	_	_	_
78	O	O	O	O	O	O	_	_	EndOfLine	_	_	_
# segment_iiif_link = https://impresso-project.ch/api/proxy/iiif/JDG-1916-09-10-a-p0003/1318,3625,568,49/full/0/default.jpg
vapeurs	O	O	O	O	O	O	_	_	_	_	_	_
et	O	O	O	O	O	O	_	_	_	_	_	_
autres	O	O	O	O	O	O	_	_	_	_	_	_
petits	O	O	O	O	O	O	_	_	_	_	_	_
bâtiments	O	O	O	O	O	O	_	_	_	_	_	_
ont	O	O	O	O	O	O	_	_	_	_	_	_
été	O	O	O	O	O	O	_	_	EndOfLine	_	_	_
# segment_iiif_link = https://impresso-project.ch/api/proxy/iiif/JDG-1916-09-10-a-p0003/1318,3654,567,48/full/0/default.jpg
tés	O	O	O	O	O	O	_	_	_	_	_	_
pour	O	O	O	O	O	O	_	_	_	_	_	_
la	O	O	O	O	O	O	_	_	_	_	_	_
Mésopotamie	O	O	O	O	O	O	_	_	NoSpaceAfter	_	_	_
.	O	O	O	O	O	O	_	_	_	_	_	_
Les	O	O	O	O	O	O	_	_	_	_	_	_
Indes	O	O	O	O	O	O	_	_	_	_	_	_
peuvent	O	O	O	O	O	O	_	_	EndOfLine	_	_	_
# segment_iiif_link = https://impresso-project.ch/api/proxy/iiif/JDG-1916-09-10-a-p0003/1318,3682,567,48/full/0/default.jpg
vraiment	O	O	O	O	O	O	_	_	_	_	_	_
être	O	O	O	O	O	O	_	_	_	_	_	_
fières	O	O	O	O	O	O	_	_	_	_	_	_
du	O	O	O	O	O	O	_	_	_	_	_	_
loyal	O	O	O	O	O	O	_	_	_	_	_	_
appui	O	O	O	O	O	O	_	_	_	_	_	_
qu	O	O	O	O	O	O	_	_	NoSpaceAfter	_	_	_
'	O	O	O	O	O	O	_	_	NoSpaceAfter	_	_	_
elles	O	O	O	O	O	O	_	_	_	_	_	_
ont	O	O	O	O	O	O	_	_	EndOfLine	_	_	_
# segment_iiif_link = https://impresso-project.ch/api/proxy/iiif/JDG-1916-09-10-a-p0003/1320,3709,202,48/full/0/default.jpg
prêté	O	O	O	O	O	O	_	_	_	_	_	_
à	O	O	O	O	O	O	_	_	NoSpaceAfter	_	_	_
.	O	O	O	O	O	O	_	_	_	_	_	_
l	O	O	O	O	O	O	_	_	NoSpaceAfter	_	_	_
'	O	O	O	O	O	O	_	_	NoSpaceAfter	_	_	_
Empire	O	O	O	O	O	O	_	_	NoSpaceAfter	_	_	_
.	O	O	O	O	O	O	_	_	EndOfLine	_	_	_
# segment_iiif_link = https://impresso-project.ch/api/proxy/iiif/JDG-1916-09-10-a-p0003/1348,3736,539,48/full/0/default.jpg
Le	O	O	O	O	O	O	_	_	_	_	_	_
vice	O	O	O	O	O	O	_	_	_	_	_	_
roi	O	O	O	O	O	O	_	_	_	_	_	_
a	O	O	O	O	O	O	_	_	_	_	_	_
terminé	O	O	O	O	O	O	_	_	_	_	_	_
ainsi	O	O	O	O	O	O	_	_	_	_	_	_
:	O	O	O	O	O	O	_	_	_	_	_	_
«	O	O	O	O	O	O	_	_	_	_	_	_
Affermissons	O	O	O	O	O	O	_	_	EndOfLine	_	_	_
# segment_iiif_link = https://impresso-project.ch/api/proxy/iiif/JDG-1916-09-10-a-p0003/1320,3764,568,48/full/0/default.jpg
nos	O	O	O	O	O	O	_	_	_	_	_	_
cœurs	O	O	O	O	O	O	_	_	_	_	_	_
contre	O	O	O	O	O	O	_	_	_	_	_	_
les	O	O	O	O	O	O	_	_	_	_	_	_
échecs	O	O	O	O	O	O	_	_	NoSpaceAfter	_	_	_
,	O	O	O	O	O	O	_	_	_	_	_	_
les	O	O	O	O	O	O	_	_	_	_	_	_
retards	O	O	O	O	O	O	_	_	_	_	_	_
et	O	O	O	O	O	O	_	_	_	_	_	_
les	O	O	O	O	O	O	_	_	EndOfLine	_	_	_
# segment_iiif_link = https://impresso-project.ch/api/proxy/iiif/JDG-1916-09-10-a-p0003/1320,3792,568,49/full/0/default.jpg
désappointements	O	O	O	O	O	O	_	_	_	_	_	_
inévitables	O	O	O	O	O	O	_	_	_	_	_	_
dans	O	O	O	O	O	O	_	_	_	_	_	_
une	O	O	O	O	O	O	_	_	_	_	_	_
guerre	O	O	O	O	O	O	_	_	EndOfLine	_	_	_
# segment_iiif_link = https://impresso-project.ch/api/proxy/iiif/JDG-1916-09-10-a-p0003/1320,3819,568,49/full/0/default.jpg
menée	O	O	O	O	O	O	_	_	_	_	_	_
sur	O	O	O	O	O	O	_	_	_	_	_	_
une	O	O	O	O	O	O	_	_	_	_	_	_
si	O	O	O	O	O	O	_	_	_	_	_	_
vaste	O	O	O	O	O	O	_	_	_	_	_	_
échelle	O	O	O	O	O	O	_	_	NoSpaceAfter	_	_	_
.	O	O	O	O	O	O	_	_	_	_	_	_
Reposons	B-org	O	B-org.ent.pressagency.Reuters	O	O	O	_	_	NoSpaceAfter	_	_	_
-	O	O	O	O	O	O	_	_	NoSpaceAfter	_	_	_
nous	O	O	O	O	O	O	_	_	EndOfLine	_	_	_
# segment_iiif_link = https://impresso-project.ch/api/proxy/iiif/JDG-1916-09-10-a-p0003/1318,3848,570,48/full/0/default.jpg
sur	O	O	O	O	O	O	_	_	_	_	_	_
la	O	O	O	O	O	O	_	_	_	_	_	_
justice	O	O	O	O	O	O	_	_	_	_	_	_
de	O	O	O	O	O	O	_	_	_	_	_	_
notre	O	O	O	O	O	O	_	_	_	_	_	_
cause	O	O	O	O	O	O	_	_	_	_	_	_
et	O	O	O	O	O	O	_	_	_	_	_	_
espérons	O	O	O	O	O	O	_	_	_	_	_	_
que	O	O	O	O	O	O	_	_	EndOfLine	_	_	_
# segment_iiif_link = https://impresso-project.ch/api/proxy/iiif/JDG-1916-09-10-a-p0003/1322,3876,566,48/full/0/default.jpg
les	O	O	O	O	O	O	_	_	_	_	_	_
lourds	O	O	O	O	O	O	_	_	_	_	_	_
sacrifices	O	O	O	O	O	O	_	_	_	_	_	_
consentis	O	O	O	O	O	O	_	_	_	_	_	_
ne	O	O	O	O	O	O	_	_	_	_	_	_
l	O	O	O	O	O	O	_	_	NoSpaceAfter	_	_	_
'	O	O	O	O	O	O	_	_	NoSpaceAfter	_	_	_
auront	O	O	O	O	O	O	_	_	_	_	_	_
pas	O	O	O	O	O	O	_	_	EndOfLine	_	_	_
# segment_iiif_link = https://impresso-project.ch/api/proxy/iiif/JDG-1916-09-10-a-p0003/1320,3903,569,48/full/0/default.jpg
été	O	O	O	O	O	O	_	_	_	_	_	_
en	O	O	O	O	O	O	_	_	_	_	_	_
vain	O	O	O	O	O	O	_	_	NoSpaceAfter	_	_	_
.	O	O	O	O	O	O	_	_	_	_	_	_
Ayons	O	O	O	O	O	O	_	_	_	_	_	_
confiance	O	O	O	O	O	O	_	_	_	_	_	_
que	O	O	O	O	O	O	_	_	_	_	_	_
le	O	O	O	O	O	O	_	_	_	_	_	_
sort	O	O	O	O	O	O	_	_	EndOfLine	_	_	_
# segment_iiif_link = https://impresso-project.ch/api/proxy/iiif/JDG-1916-09-10-a-p0003/1927,268,570,48/full/0/default.jpg
layera	O	O	O	O	O	O	_	_	_	_	_	_
finalement	O	O	O	O	O	O	_	_	_	_	_	_
toutes	O	O	O	O	O	O	_	_	_	_	_	_
les	O	O	O	O	O	O	_	_	_	_	_	_
idées	O	O	O	O	O	O	_	_	_	_	_	_
politiques	O	O	O	O	O	O	_	_	EndOfLine	_	_	_
# segment_iiif_link = https://impresso-project.ch/api/proxy/iiif/JDG-1916-09-10-a-p0003/1925,295,515,48/full/0/default.jpg
basées	O	O	O	O	O	O	_	_	_	_	_	_
sur	O	O	O	O	O	O	_	_	_	_	_	_
l	O	O	O	O	O	O	_	_	NoSpaceAfter	_	_	_
'	O	O	O	O	O	O	_	_	NoSpaceAfter	_	_	_
agiession	O	O	O	O	O	O	_	_	_	_	_	_
militaire	O	O	O	O	O	O	_	_	NoSpaceAfter	_	_	_
.	O	O	O	O	O	O	_	_	_	_	_	_
»	O	O	O	O	O	O	_	_	_	_	_	_
(	O	O	O	O	O	O	_	_	NoSpaceAfter	_	_	_
Reuter	B-org	O	B-org.ent.pressagency.Reuters	O	O	O	_	_	NoSpaceAfter	_	_	_
)	O	O	O	O	O	O	_	_	EndOfLine	EndOfSentence	_	_

# language = fr
# newspaper = JDG
# date = 1924-09-06
# document_id = JDG-1924-09-06-a-i0072
# news-agency-as-source = Q130879
# segment_iiif_link = https://impresso-project.ch/api/proxy/iiif/JDG-1924-09-06-a-p0006/2330,1498,108,55/full/0/default.jpg
CHINE	O	O	O	O	O	O	_	_	EndOfLine	_	_	_
# segment_iiif_link = https://impresso-project.ch/api/proxy/iiif/JDG-1924-09-06-a-p0006/1908,1551,490,57/full/0/default.jpg
La	O	O	O	O	O	O	_	_	_	_	_	_
situation	O	O	O	O	O	O	_	_	_	_	_	_
à	O	O	O	O	O	O	_	_	_	_	_	_
Shanghaï	O	O	O	O	O	O	_	_	EndOfLine	_	_	_
# segment_iiif_link = https://impresso-project.ch/api/proxy/iiif/JDG-1924-09-06-a-p0006/1864,1590,573,55/full/0/default.jpg
La	O	O	O	O	O	O	_	_	_	_	_	_
protection	O	O	O	O	O	O	_	_	_	_	_	_
des	O	O	O	O	O	O	_	_	_	_	_	_
étrangers	O	O	O	O	O	O	_	_	EndOfLine	_	_	_
# segment_iiif_link = https://impresso-project.ch/api/proxy/iiif/JDG-1924-09-06-a-p0006/2127,1639,284,48/full/0/default.jpg
Londres	O	O	O	O	O	O	_	_	NoSpaceAfter	_	_	_
,	O	O	O	O	O	O	_	_	_	_	_	_
5	O	O	O	O	O	O	_	_	_	_	_	_
septembre	O	O	O	O	O	O	_	_	NoSpaceAfter	_	_	_
.	O	O	O	O	O	O	_	_	EndOfLine	EndOfSentence	_	_
# segment_iiif_link = https://impresso-project.ch/api/proxy/iiif/JDG-1924-09-06-a-p0006/1890,1667,546,48/full/0/default.jpg
On	O	O	O	O	O	O	_	_	_	_	_	_
mande	O	O	O	O	O	O	_	_	_	_	_	_
de	O	O	O	O	O	O	_	_	_	_	_	_
Shanghaï	O	O	O	O	O	O	_	_	_	_	_	_
à	O	O	O	O	O	O	_	_	_	_	_	_
l	O	O	O	O	O	O	_	_	NoSpaceAfter	_	_	_
'	O	O	O	O	O	O	_	_	NoSpaceAfter	_	_	_
agence	O	O	O	O	O	O	_	_	_	_	_	_
Reuter	B-org	O	B-org.ent.pressagency.Reuters	O	O	O	Q130879	_	_	_	LED0.00	_
:	O	O	O	O	O	O	_	_	EndOfLine	_	_	_
# segment_iiif_link = https://impresso-project.ch/api/proxy/iiif/JDG-1924-09-06-a-p0006/1886,1690,549,49/full/0/default.jpg
Aucun	O	O	O	O	O	O	_	_	_	_	_	_
combat	O	O	O	O	O	O	_	_	_	_	_	_
important	O	O	O	O	O	O	_	_	_	_	_	_
n	O	O	O	O	O	O	_	_	NoSpaceAfter	_	_	_
'	O	O	O	O	O	O	_	_	NoSpaceAfter	_	_	_
est	O	O	O	O	O	O	_	_	_	_	_	_
signalé	O	O	O	O	O	O	_	_	_	_	_	_
vendredi	O	O	O	O	O	O	_	_	NoSpaceAfter	_	_	_
.	O	O	O	O	O	O	_	_	EndOfLine	EndOfSentence	_	_
# segment_iiif_link = https://impresso-project.ch/api/proxy/iiif/JDG-1924-09-06-a-p0006/1863,1716,570,49/full/0/default.jpg
Les	O	O	O	O	O	O	_	_	_	_	_	_
troupes	O	O	O	O	O	O	_	_	_	_	_	_
de	O	O	O	O	O	O	_	_	_	_	_	_
Tché	O	O	O	O	O	O	_	_	NoSpaceAfter	_	_	_
-	O	O	O	O	O	O	_	_	NoSpaceAfter	_	_	_
Kiang	O	O	O	O	O	O	_	_	_	_	_	_
tiennent	O	O	O	O	O	O	_	_	_	_	_	_
toutes	O	O	O	O	O	O	_	_	_	_	_	_
les	O	O	O	O	O	O	_	_	EndOfLine	_	_	_
# segment_iiif_link = https://impresso-project.ch/api/proxy/iiif/JDG-1924-09-06-a-p0006/1863,1742,570,48/full/0/default.jpg
positions	O	O	O	O	O	O	_	_	_	_	_	_
qu	O	O	O	O	O	O	_	_	NoSpaceAfter	_	_	_
'	O	O	O	O	O	O	_	_	NoSpaceAfter	_	_	_
elles	O	O	O	O	O	O	_	_	_	_	_	_
avaient	O	O	O	O	O	O	_	_	_	_	_	_
primitivement	O	O	O	O	O	O	_	_	_	_	_	_
occupées	O	O	O	O	O	O	_	_	EndOfLine	_	_	_
# segment_iiif_link = https://impresso-project.ch/api/proxy/iiif/JDG-1924-09-06-a-p0006/1863,1766,570,49/full/0/default.jpg
craignant	O	O	O	O	O	O	_	_	_	_	_	_
une	O	O	O	O	O	O	_	_	_	_	_	_
attaque	O	O	O	O	O	O	_	_	_	_	_	_
par	O	O	O	O	O	O	_	_	_	_	_	_
terre	O	O	O	O	O	O	_	_	_	_	_	_
contre	O	O	O	O	O	O	_	_	_	_	_	_
le	O	O	O	O	O	O	_	_	_	_	_	_
port	O	O	O	O	O	O	_	_	_	_	_	_
de	O	O	O	O	O	O	_	_	EndOfLine	_	_	_
# segment_iiif_link = https://impresso-project.ch/api/proxy/iiif/JDG-1924-09-06-a-p0006/1863,1791,570,48/full/0/default.jpg
Woosang	O	O	O	O	O	O	_	_	NoSpaceAfter	_	_	_
,	O	O	O	O	O	O	_	_	_	_	_	_
au	O	O	O	O	O	O	_	_	_	_	_	_
cas	O	O	O	O	O	O	_	_	_	_	_	_
où	O	O	O	O	O	O	_	_	_	_	_	_
les	O	O	O	O	O	O	_	_	_	_	_	_
troupes	O	O	O	O	O	O	_	_	_	_	_	_
de	O	O	O	O	O	O	_	_	_	_	_	_
Kiang	O	O	O	O	O	O	_	_	NoSpaceAfter	_	_	_
-	O	O	O	O	O	O	_	_	NoSpaceAfter	_	_	_
Su	O	O	O	O	O	O	_	_	_	_	_	_
se	O	O	O	O	O	O	_	_	EndOfLine	_	_	_
# segment_iiif_link = https://impresso-project.ch/api/proxy/iiif/JDG-1924-09-06-a-p0006/1864,1815,571,48/full/0/default.jpg
frayeraient	O	O	O	O	O	O	_	_	_	_	_	_
un	O	O	O	O	O	O	_	_	_	_	_	_
passage	O	O	O	O	O	O	_	_	_	_	_	_
à	O	O	O	O	O	O	_	_	_	_	_	_
Liuko	O	O	O	O	O	O	_	_	_	_	_	_
à	O	O	O	O	O	O	_	_	_	_	_	_
15	O	O	O	O	O	O	_	_	_	_	_	_
kilomètres	O	O	O	O	O	O	_	_	EndOfLine	_	_	_
# segment_iiif_link = https://impresso-project.ch/api/proxy/iiif/JDG-1924-09-06-a-p0006/1863,1841,579,48/full/0/default.jpg
de	O	O	O	O	O	O	_	_	_	_	_	_
Woosang	O	O	O	O	O	O	_	_	NoSpaceAfter	_	_	_
.	O	O	O	O	O	O	_	_	_	EndOfSentence	_	_
Les	O	O	O	O	O	O	_	_	_	_	_	_
autorités	O	O	O	O	O	O	_	_	_	_	_	_
font	O	O	O	O	O	O	_	_	_	_	_	_
garder	O	O	O	O	O	O	_	_	_	_	_	_
le	O	O	O	O	O	O	_	_	_	_	_	_
che	O	O	O	O	O	O	_	_	EndOfLine	_	_	_
# segment_iiif_link = https://impresso-project.ch/api/proxy/iiif/JDG-1924-09-06-a-p0006/1863,1866,429,48/full/0/default.jpg
min	O	O	O	O	O	O	_	_	_	_	_	_
de	O	O	O	O	O	O	_	_	_	_	_	_
fer	O	O	O	O	O	O	_	_	_	_	_	_
de	O	O	O	O	O	O	_	_	_	_	_	_
Shanghaï	O	O	O	O	O	O	_	_	_	_	_	_
à	O	O	O	O	O	O	_	_	_	_	_	_
Woosang	O	O	O	O	O	O	_	_	NoSpaceAfter	_	_	_
.	O	O	O	O	O	O	_	_	EndOfLine	EndOfSentence	_	_
# segment_iiif_link = https://impresso-project.ch/api/proxy/iiif/JDG-1924-09-06-a-p0006/2163,1903,254,48/full/0/default.jpg
Pékin	O	O	O	O	O	O	_	_	NoSpaceAfter	_	_	_
,	O	O	O	O	O	O	_	_	_	_	_	_
5	O	O	O	O	O	O	_	_	_	_	_	_
septembre	O	O	O	O	O	O	_	_	_	_	_	_
.	O	O	O	O	O	O	_	_	NoSpaceAfter	EndOfSentence	_	_
.	O	O	O	O	O	O	_	_	EndOfLine	_	_	_
# segment_iiif_link = https://impresso-project.ch/api/proxy/iiif/JDG-1924-09-06-a-p0006/1886,1931,546,49/full/0/default.jpg
.	O	O	O	O	O	O	_	_	_	EndOfSentence	_	_
Les	O	O	O	O	O	O	_	_	_	_	_	_
grandes	O	O	O	O	O	O	_	_	_	_	_	_
puissances	O	O	O	O	O	O	_	_	_	_	_	_
se	O	O	O	O	O	O	_	_	_	_	_	_
préoccuperit	O	O	O	O	O	O	_	_	_	_	_	_
des	O	O	O	O	O	O	_	_	EndOfLine	_	_	_
# segment_iiif_link = https://impresso-project.ch/api/proxy/iiif/JDG-1924-09-06-a-p0006/1863,1958,571,49/full/0/default.jpg
mesures	O	O	O	O	O	O	_	_	_	_	_	_
à	O	O	O	O	O	O	_	_	_	_	_	_
prendre	O	O	O	O	O	O	_	_	_	_	_	_
pour	O	O	O	O	O	O	_	_	_	_	_	_
assurer	O	O	O	O	O	O	_	_	_	_	_	_
la	O	O	O	O	O	O	_	_	_	_	_	_
liberté	O	O	O	O	O	O	_	_	NoSpaceAfter	_	_	_
.	O	O	O	O	O	O	_	_	_	EndOfSentence	_	_
de	O	O	O	O	O	O	_	_	EndOfLine	_	_	_
# segment_iiif_link = https://impresso-project.ch/api/proxy/iiif/JDG-1924-09-06-a-p0006/1863,1988,571,48/full/0/default.jpg
la	O	O	O	O	O	O	_	_	NoSpaceAfter	_	_	_
.	O	O	O	O	O	O	_	_	_	EndOfSentence	_	_
navigation	O	O	O	O	O	O	_	_	_	_	_	_
à	O	O	O	O	O	O	_	_	_	_	_	_
l	O	O	O	O	O	O	_	_	NoSpaceAfter	_	_	_
'	O	O	O	O	O	O	_	_	NoSpaceAfter	_	_	_
embouchure	O	O	O	O	O	O	_	_	_	_	_	_
du	O	O	O	O	O	O	_	_	_	_	_	_
Yang	O	O	O	O	O	O	_	_	_	_	_	_
^	O	O	O	O	O	O	_	_	EndOfLine	_	_	_
# segment_iiif_link = https://impresso-project.ch/api/proxy/iiif/JDG-1924-09-06-a-p0006/1861,2013,574,49/full/0/default.jpg
Tsé	O	O	O	O	O	O	_	_	NoSpaceAfter	_	_	_
-	O	O	O	O	O	O	_	_	NoSpaceAfter	_	_	_
Kiang	O	O	O	O	O	O	_	_	NoSpaceAfter	_	_	_
.	O	O	O	O	O	O	_	_	_	EndOfSentence	_	_
Une	O	O	O	O	O	O	_	_	_	_	_	_
démarche	O	O	O	O	O	O	_	_	_	_	_	_
collective	O	O	O	O	O	O	_	_	_	_	_	_
a	O	O	O	O	O	O	_	_	_	_	_	_
déjà	O	O	O	O	O	O	_	_	_	_	_	_
été	O	O	O	O	O	O	_	_	EndOfLine	_	_	_
# segment_iiif_link = https://impresso-project.ch/api/proxy/iiif/JDG-1924-09-06-a-p0006/1861,2042,572,48/full/0/default.jpg
fectuée	O	O	O	O	O	O	_	_	_	_	_	_
auprès	O	O	O	O	O	O	_	_	_	_	_	_
eu	O	O	O	O	O	O	_	_	_	_	_	_
gmiv	O	O	O	O	O	O	_	_	_	_	_	_
«	O	O	O	O	O	O	_	_	_	_	_	_
rn	O	O	O	O	O	O	_	_	_	_	_	_
«	O	O	O	O	O	O	_	_	_	_	_	_
imerit	O	O	O	O	O	O	_	_	_	_	_	_
par	O	O	O	O	O	O	_	_	_	_	_	_
les	O	O	O	O	O	O	_	_	EndOfLine	_	_	_
# segment_iiif_link = https://impresso-project.ch/api/proxy/iiif/JDG-1924-09-06-a-p0006/1861,2070,573,49/full/0/default.jpg
présentants	O	O	O	O	O	O	_	_	_	_	_	_
dte	O	O	O	O	O	O	_	_	_	_	_	_
la	O	O	O	O	O	O	_	_	_	_	_	_
France	O	O	O	O	O	O	_	_	NoSpaceAfter	_	_	_
,	O	O	O	O	O	O	_	_	_	_	_	_
de	O	O	O	O	O	O	_	_	_	_	_	_
il	O	O	O	O	O	O	_	_	NoSpaceAfter	_	_	_
'	O	O	O	O	O	O	_	_	NoSpaceAfter	_	_	_
Angleterire	O	O	O	O	O	O	_	_	NoSpaceAfter	_	_	_
,	O	O	O	O	O	O	_	_	_	_	_	_
des	O	O	O	O	O	O	_	_	EndOfLine	_	_	_
# segment_iiif_link = https://impresso-project.ch/api/proxy/iiif/JDG-1924-09-06-a-p0006/1861,2099,573,48/full/0/default.jpg
Etats	O	O	O	O	O	O	_	_	NoSpaceAfter	_	_	_
-	O	O	O	O	O	O	_	_	NoSpaceAfter	_	_	_
Unis	O	O	O	O	O	O	_	_	_	_	_	_
et	O	O	O	O	O	O	_	_	_	_	_	_
du	O	O	O	O	O	O	_	_	_	_	_	_
Japon	O	O	O	O	O	O	_	_	NoSpaceAfter	_	_	_
,	O	O	O	O	O	O	_	_	_	_	_	_
afin	O	O	O	O	O	O	_	_	_	_	_	_
de	O	O	O	O	O	O	_	_	_	_	_	_
lui	O	O	O	O	O	O	_	_	EndOfLine	_	_	_
# segment_iiif_link = https://impresso-project.ch/api/proxy/iiif/JDG-1924-09-06-a-p0006/1861,2127,572,49/full/0/default.jpg
conseiller	O	O	O	O	O	O	_	_	_	_	_	_
la	O	O	O	O	O	O	_	_	_	_	_	_
neutralisation	O	O	O	O	O	O	_	_	_	_	_	_
de	O	O	O	O	O	O	_	_	NoSpaceAfter	_	_	_
.	O	O	O	O	O	O	_	_	_	EndOfSentence	_	_
l	O	O	O	O	O	O	_	_	NoSpaceAfter	_	_	_
'	O	O	O	O	O	O	_	_	NoSpaceAfter	_	_	_
embouchure	O	O	O	O	O	O	_	_	_	_	_	_
du	O	O	O	O	O	O	_	_	EndOfLine	_	_	_
# segment_iiif_link = https://impresso-project.ch/api/proxy/iiif/JDG-1924-09-06-a-p0006/1863,2152,570,49/full/0/default.jpg
Yang	O	O	O	O	O	O	_	_	NoSpaceAfter	_	_	_
-	O	O	O	O	O	O	_	_	NoSpaceAfter	_	_	_
Tsé	O	O	O	O	O	O	_	_	NoSpaceAfter	_	_	_
-	O	O	O	O	O	O	_	_	NoSpaceAfter	_	_	_
Kiang	O	O	O	O	O	O	_	_	NoSpaceAfter	_	_	_
,	O	O	O	O	O	O	_	_	_	_	_	_
neutralisation	O	O	O	O	O	O	_	_	_	_	_	_
que	O	O	O	O	O	O	_	_	_	_	_	_
les	O	O	O	O	O	O	_	_	_	_	_	_
forces	O	O	O	O	O	O	_	_	EndOfLine	_	_	_
# segment_iiif_link = https://impresso-project.ch/api/proxy/iiif/JDG-1924-09-06-a-p0006/1863,2182,570,49/full/0/default.jpg
navales	O	O	O	O	O	O	_	_	_	_	_	_
ailées	O	O	O	O	O	O	_	_	_	_	_	_
seraient	O	O	O	O	O	O	_	_	_	_	_	_
en	O	O	O	O	O	O	_	_	_	_	_	_
mesure	O	O	O	O	O	O	_	_	_	_	_	_
de	O	O	O	O	O	O	_	_	_	_	_	_
faire	O	O	O	O	O	O	_	_	EndOfLine	_	_	_
# segment_iiif_link = https://impresso-project.ch/api/proxy/iiif/JDG-1924-09-06-a-p0006/1861,2209,573,49/full/0/default.jpg
éventuellement	O	O	O	O	O	O	_	_	_	_	_	_
respecter	O	O	O	O	O	O	_	_	_	_	_	_
par	O	O	O	O	O	O	_	_	_	_	_	_
les	O	O	O	O	O	O	_	_	_	_	_	_
belligérants	O	O	O	O	O	O	_	_	NoSpaceAfter	_	_	_
.	O	O	O	O	O	O	_	_	EndOfLine	EndOfSentence	_	_
# segment_iiif_link = https://impresso-project.ch/api/proxy/iiif/JDG-1924-09-06-a-p0006/1954,2240,453,40/full/0/default.jpg
;	O	O	O	O	O	O	_	_	_	_	_	_
Rome	O	O	O	O	O	O	_	_	NoSpaceAfter	_	_	_
,	O	O	O	O	O	O	_	_	_	_	_	_
5	O	O	O	O	O	O	_	_	_	_	_	_
septembre	O	O	O	O	O	O	_	_	NoSpaceAfter	_	_	_
.	O	O	O	O	O	O	_	_	EndOfLine	EndOfSentence	_	_
# segment_iiif_link = https://impresso-project.ch/api/proxy/iiif/JDG-1924-09-06-a-p0006/1886,2277,546,48/full/0/default.jpg
Les	O	O	O	O	O	O	_	_	_	_	_	_
marins	O	O	O	O	O	O	_	_	_	_	_	_
italiens	O	O	O	O	O	O	_	_	_	_	_	_
se	O	O	O	O	O	O	_	_	_	_	_	_
tiennent	O	O	O	O	O	O	_	_	_	_	_	_
prêts	O	O	O	O	O	O	_	_	_	_	_	_
à	O	O	O	O	O	O	_	_	EndOfLine	_	_	_
# segment_iiif_link = https://impresso-project.ch/api/proxy/iiif/JDG-1924-09-06-a-p0006/1863,2303,574,49/full/0/default.jpg
débarquer	O	O	O	O	O	O	_	_	_	_	_	_
dès	O	O	O	O	O	O	_	_	_	_	_	_
que	O	O	O	O	O	O	_	_	_	_	_	_
la	O	O	O	O	O	O	_	_	_	_	_	_
nécessité	O	O	O	O	O	O	_	_	_	_	_	_
s	O	O	O	O	O	O	_	_	NoSpaceAfter	_	_	_
'	O	O	O	O	O	O	_	_	NoSpaceAfter	_	_	_
en	O	O	O	O	O	O	_	_	_	_	_	_
ferait	O	O	O	O	O	O	_	_	_	_	_	_
sentir	O	O	O	O	O	O	_	_	EndOfLine	_	_	_
# segment_iiif_link = https://impresso-project.ch/api/proxy/iiif/JDG-1924-09-06-a-p0006/1861,2332,572,48/full/0/default.jpg
Le	O	O	O	O	O	O	_	_	_	_	_	_
contingent	O	O	O	O	O	O	_	_	_	_	_	_
italien	O	O	O	O	O	O	_	_	_	_	_	_
est	O	O	O	O	O	O	_	_	_	_	_	_
composé	O	O	O	O	O	O	_	_	_	_	_	_
de	O	O	O	O	O	O	_	_	_	_	_	_
100	O	O	O	O	O	O	_	_	EndOfLine	_	_	_
# segment_iiif_link = https://impresso-project.ch/api/proxy/iiif/JDG-1924-09-06-a-p0006/1859,2360,495,49/full/0/default.jpg
marins	O	O	O	O	O	O	_	_	_	_	_	_
avec	O	O	O	O	O	O	_	_	_	_	_	_
une	O	O	O	O	O	O	_	_	_	_	_	_
mitrailleuse	O	O	O	O	O	O	_	_	_	_	_	_
et	O	O	O	O	O	O	_	_	_	_	_	_
un	O	O	O	O	O	O	_	_	_	_	_	_
canon	O	O	O	O	O	O	_	_	NoSpaceAfter	_	_	_
.	O	O	O	O	O	O	_	_	EndOfLine	EndOfSentence	_	_
# segment_iiif_link = https://impresso-project.ch/api/proxy/iiif/JDG-1924-09-06-a-p0006/2156,2396,251,48/full/0/default.jpg
Berne	O	O	O	O	O	O	_	_	NoSpaceAfter	_	_	_
,	O	O	O	O	O	O	_	_	_	_	_	_
5	O	O	O	O	O	O	_	_	_	_	_	_
septembre	O	O	O	O	O	O	_	_	NoSpaceAfter	_	_	_
.	O	O	O	O	O	O	_	_	EndOfLine	EndOfSentence	_	_
# segment_iiif_link = https://impresso-project.ch/api/proxy/iiif/JDG-1924-09-06-a-p0006/1888,2424,545,49/full/0/default.jpg
Le	O	O	O	O	O	O	_	_	_	_	_	_
Département	O	O	O	O	O	O	_	_	_	_	_	_
politique	O	O	O	O	O	O	_	_	_	_	_	_
fédéral	O	O	O	O	O	O	_	_	_	_	_	_
vient	O	O	O	O	O	O	_	_	_	_	_	_
de	O	O	O	O	O	O	_	_	EndOfLine	_	_	_
# segment_iiif_link = https://impresso-project.ch/api/proxy/iiif/JDG-1924-09-06-a-p0006/1861,2453,570,48/full/0/default.jpg
recevoir	O	O	O	O	O	O	_	_	_	_	_	_
du	O	O	O	O	O	O	_	_	_	_	_	_
consulat	O	O	O	O	O	O	_	_	_	_	_	_
général	O	O	O	O	O	O	_	_	_	_	_	_
de	O	O	O	O	O	O	_	_	_	_	_	_
Suisse	O	O	O	O	O	O	_	_	_	_	_	_
à	O	O	O	O	O	O	_	_	EndOfLine	_	_	_
# segment_iiif_link = https://impresso-project.ch/api/proxy/iiif/JDG-1924-09-06-a-p0006/1863,2481,484,49/full/0/default.jpg
Shanghaï	O	O	O	O	O	O	_	_	_	_	_	_
un	O	O	O	O	O	O	_	_	_	_	_	_
télégramme	O	O	O	O	O	O	_	_	_	_	_	_
ainsi	O	O	O	O	O	O	_	_	_	_	_	_
conçu	O	O	O	O	O	O	_	_	_	_	_	_
:	O	O	O	O	O	O	_	_	EndOfLine	_	_	_
# segment_iiif_link = https://impresso-project.ch/api/proxy/iiif/JDG-1924-09-06-a-p0006/1885,2506,546,48/full/0/default.jpg
La	O	O	O	O	O	O	_	_	_	_	_	_
guerre	O	O	O	O	O	O	_	_	_	_	_	_
civiie	O	O	O	O	O	O	_	_	_	_	_	_
entre	O	O	O	O	O	O	_	_	_	_	_	_
les	O	O	O	O	O	O	_	_	_	_	_	_
provinces	O	O	O	O	O	O	_	_	_	_	_	_
du	O	O	O	O	O	O	_	_	EndOfLine	_	_	_
# segment_iiif_link = https://impresso-project.ch/api/proxy/iiif/JDG-1924-09-06-a-p0006/1863,2530,568,48/full/0/default.jpg
Kiang	O	O	O	O	O	O	_	_	NoSpaceAfter	_	_	_
-	O	O	O	O	O	O	_	_	NoSpaceAfter	_	_	_
Su	O	O	O	O	O	O	_	_	_	_	_	_
et	O	O	O	O	O	O	_	_	_	_	_	_
doi	O	O	O	O	O	O	_	_	_	_	_	_
Tse	O	O	O	O	O	O	_	_	NoSpaceAfter	_	_	_
-	O	O	O	O	O	O	_	_	NoSpaceAfter	_	_	_
Klang	O	O	O	O	O	O	_	_	_	_	_	_
ne	O	O	O	O	O	O	_	_	_	_	_	_
constitue	O	O	O	O	O	O	_	_	_	_	_	_
pas	O	O	O	O	O	O	_	_	_	_	_	_
un	O	O	O	O	O	O	_	_	_	_	_	_
danger	O	O	O	O	O	O	_	_	EndOfLine	_	_	_
# segment_iiif_link = https://impresso-project.ch/api/proxy/iiif/JDG-1924-09-06-a-p0006/1861,2554,570,49/full/0/default.jpg
immédiat	O	O	O	O	O	O	_	_	_	_	_	_
'	O	O	O	O	O	O	_	_	NoSpaceAfter	_	_	_
Pour	O	O	O	O	O	O	_	_	_	_	_	_
les	O	O	O	O	O	O	_	_	_	_	_	_
colonies	O	O	O	O	O	O	_	_	_	_	_	_
étrangères	O	O	O	O	O	O	_	_	_	_	_	_
à	O	O	O	O	O	O	_	_	EndOfLine	_	_	_
# segment_iiif_link = https://impresso-project.ch/api/proxy/iiif/JDG-1924-09-06-a-p0006/1863,2580,568,48/full/0/default.jpg
ghaï	O	O	O	O	O	O	_	_	NoSpaceAfter	_	_	_
.	O	O	O	O	O	O	_	_	_	EndOfSentence	_	_
Vingt	O	O	O	O	O	O	_	_	_	_	_	_
et	O	O	O	O	O	O	_	_	_	_	_	_
un	O	O	O	O	O	O	_	_	_	_	_	_
navires	O	O	O	O	O	O	_	_	_	_	_	_
de	O	O	O	O	O	O	_	_	_	_	_	_
guerre	O	O	O	O	O	O	_	_	_	_	_	_
sont	O	O	O	O	O	O	_	_	_	_	_	_
en	O	O	O	O	O	O	_	_	_	_	_	_
rade	O	O	O	O	O	O	_	_	NoSpaceAfter	_	_	_
.	O	O	O	O	O	O	_	_	EndOfLine	EndOfSentence	_	_

# language = fr
# newspaper = JDG
# date = 1942-04-29
# document_id = JDG-1942-04-29-a-i0025
# news-agency-as-source = Q2826560
# segment_iiif_link = https://impresso-project.ch/api/proxy/iiif/JDG-1942-04-29-a-p0003/293,1672,429,58/full/0/default.jpg
LES	O	O	O	O	O	O	_	_	_	_	_	_
GRATTE	O	O	O	O	O	O	_	_	NoSpaceAfter	_	_	_
-	O	O	O	O	O	O	_	_	NoSpaceAfter	_	_	_
CIEL	O	O	O	O	O	O	_	_	_	_	_	_
AVEUGLÉS	O	O	O	O	O	O	_	_	EndOfLine	_	_	_
# segment_iiif_link = https://impresso-project.ch/api/proxy/iiif/JDG-1942-04-29-a-p0003/233,1722,574,46/full/0/default.jpg
New	O	O	O	O	O	O	_	_	NoSpaceAfter	_	_	_
-	O	O	O	O	O	O	_	_	NoSpaceAfter	_	_	_
York	O	O	O	O	O	O	_	_	NoSpaceAfter	_	_	_
,	O	O	O	O	O	O	_	_	_	_	_	_
28	O	O	O	O	O	O	_	_	NoSpaceAfter	_	_	_
.	O	O	O	O	O	O	_	_	_	EndOfSentence	_	_
—	O	O	O	O	O	O	_	_	_	_	_	_
(	O	O	O	O	O	O	_	_	NoSpaceAfter	_	_	_
Havas	B-org	O	B-org.ent.pressagency.Havas	O	O	O	Q2826560	_	NoSpaceAfter	_	LED0.00	_
-	O	O	O	O	O	O	Q2826560	_	NoSpaceAfter	_	LED0.00	_
Ofi	O	O	O	O	O	O	Q2826560	_	NoSpaceAfter	_	LED0.00	_
.	O	O	O	O	O	O	_	_	NoSpaceAfter	_	_	_
)	O	O	O	O	O	O	_	_	_	_	_	_
A	O	O	O	O	O	O	_	_	_	_	_	_
partir	O	O	O	O	O	O	_	_	_	_	_	_
de	O	O	O	O	O	O	_	_	EndOfLine	_	_	_
# segment_iiif_link = https://impresso-project.ch/api/proxy/iiif/JDG-1942-04-29-a-p0003/207,1747,600,48/full/0/default.jpg
mardi	O	O	O	O	O	O	_	_	_	_	_	_
soir	O	O	O	O	O	O	_	_	_	_	_	_
à	O	O	O	O	O	O	_	_	_	_	_	_
minuit	O	O	O	O	O	O	_	_	NoSpaceAfter	_	_	_
,	O	O	O	O	O	O	_	_	_	_	_	_
les	O	O	O	O	O	O	_	_	_	_	_	_
lumières	O	O	O	O	O	O	_	_	_	_	_	_
des	O	O	O	O	O	O	_	_	_	_	_	_
gratte	O	O	O	O	O	O	_	_	NoSpaceAfter	_	_	_
-	O	O	O	O	O	O	_	_	NoSpaceAfter	_	_	_
ciel	O	O	O	O	O	O	_	_	_	_	_	_
de	O	O	O	O	O	O	_	_	EndOfLine	_	_	_
# segment_iiif_link = https://impresso-project.ch/api/proxy/iiif/JDG-1942-04-29-a-p0003/207,1773,601,48/full/0/default.jpg
New	O	O	O	O	O	O	_	_	NoSpaceAfter	_	_	_
-	O	O	O	O	O	O	_	_	NoSpaceAfter	_	_	_
York	O	O	O	O	O	O	_	_	_	_	_	_
devront	O	O	O	O	O	O	_	_	_	_	_	_
être	O	O	O	O	O	O	_	_	_	_	_	_
camouflées	O	O	O	O	O	O	_	_	NoSpaceAfter	_	_	_
.	O	O	O	O	O	O	_	_	_	EndOfSentence	_	_
Le	O	O	O	O	O	O	_	_	EndOfLine	_	_	_
# segment_iiif_link = https://impresso-project.ch/api/proxy/iiif/JDG-1942-04-29-a-p0003/209,1799,598,46/full/0/default.jpg
commandement	O	O	O	O	O	O	_	_	_	_	_	_
de	O	O	O	O	O	O	_	_	_	_	_	_
la	O	O	O	O	O	O	_	_	_	_	_	_
défense	O	O	O	O	O	O	_	_	_	_	_	_
côtière	O	O	O	O	O	O	_	_	_	_	_	_
de	O	O	O	O	O	O	_	_	_	_	_	_
la	O	O	O	O	O	O	_	_	_	_	_	_
région	O	O	O	O	O	O	_	_	EndOfLine	_	_	_
# segment_iiif_link = https://impresso-project.ch/api/proxy/iiif/JDG-1942-04-29-a-p0003/209,1824,599,46/full/0/default.jpg
orientale	O	O	O	O	O	O	_	_	_	_	_	_
des	O	O	O	O	O	O	_	_	_	_	_	_
Etats	O	O	O	O	O	O	_	_	NoSpaceAfter	_	_	_
-	O	O	O	O	O	O	_	_	NoSpaceAfter	_	_	_
Unis	O	O	O	O	O	O	_	_	_	_	_	_
a	O	O	O	O	O	O	_	_	_	_	_	_
ordonné	O	O	O	O	O	O	_	_	_	_	_	_
en	O	O	O	O	O	O	_	_	_	_	_	_
effet	O	O	O	O	O	O	_	_	_	_	_	_
de	O	O	O	O	O	O	_	_	EndOfLine	_	_	_
# segment_iiif_link = https://impresso-project.ch/api/proxy/iiif/JDG-1942-04-29-a-p0003/209,1850,598,48/full/0/default.jpg
camoufler	O	O	O	O	O	O	_	_	_	_	_	_
toutes	O	O	O	O	O	O	_	_	_	_	_	_
les	O	O	O	O	O	O	_	_	_	_	_	_
lumières	O	O	O	O	O	O	_	_	_	_	_	_
au	O	O	O	O	O	O	_	_	NoSpaceAfter	_	_	_
-	O	O	O	O	O	O	_	_	NoSpaceAfter	_	_	_
dessus	O	O	O	O	O	O	_	_	_	_	_	_
du	O	O	O	O	O	O	_	_	_	_	_	_
10	O	O	O	O	O	O	_	_	_	_	_	_
étage	O	O	O	O	O	O	_	_	EndOfLine	_	_	_
# segment_iiif_link = https://impresso-project.ch/api/proxy/iiif/JDG-1942-04-29-a-p0003/209,1876,598,48/full/0/default.jpg
dans	O	O	O	O	O	O	_	_	_	_	_	_
les	O	O	O	O	O	O	_	_	_	_	_	_
villes	O	O	O	O	O	O	_	_	_	_	_	_
côtières	O	O	O	O	O	O	_	_	NoSpaceAfter	_	_	_
,	O	O	O	O	O	O	_	_	_	_	_	_
afin	O	O	O	O	O	O	_	_	_	_	_	_
qu	O	O	O	O	O	O	_	_	NoSpaceAfter	_	_	_
'	O	O	O	O	O	O	_	_	NoSpaceAfter	_	_	_
elles	O	O	O	O	O	O	_	_	_	_	_	_
ne	O	O	O	O	O	O	_	_	_	_	_	_
soient	O	O	O	O	O	O	_	_	_	_	_	_
pas	O	O	O	O	O	O	_	_	EndOfLine	_	_	_
# segment_iiif_link = https://impresso-project.ch/api/proxy/iiif/JDG-1942-04-29-a-p0003/209,1901,597,48/full/0/default.jpg
visible	O	O	O	O	O	O	_	_	_	_	_	_
de	O	O	O	O	O	O	_	_	_	_	_	_
la	O	O	O	O	O	O	_	_	_	_	_	_
mer	O	O	O	O	O	O	_	_	NoSpaceAfter	_	_	_
.	O	O	O	O	O	O	_	_	_	EndOfSentence	_	_
La	O	O	O	O	O	O	_	_	_	_	_	_
marine	O	O	O	O	O	O	_	_	_	_	_	_
vérifera	O	O	O	O	O	O	_	_	_	_	_	_
l	O	O	O	O	O	O	_	_	NoSpaceAfter	_	_	_
'	O	O	O	O	O	O	_	_	NoSpaceAfter	_	_	_
observation	O	O	O	O	O	O	_	_	EndOfLine	_	_	_
# segment_iiif_link = https://impresso-project.ch/api/proxy/iiif/JDG-1942-04-29-a-p0003/209,1927,598,46/full/0/default.jpg
de	O	O	O	O	O	O	_	_	_	_	_	_
cette	O	O	O	O	O	O	_	_	_	_	_	_
règle	O	O	O	O	O	O	_	_	NoSpaceAfter	_	_	_
.	O	O	O	O	O	O	_	_	_	EndOfSentence	_	_
Les	O	O	O	O	O	O	_	_	_	_	_	_
villes	O	O	O	O	O	O	_	_	_	_	_	_
délinquantes	O	O	O	O	O	O	_	_	_	_	_	_
pourront	O	O	O	O	O	O	_	_	EndOfLine	_	_	_
# segment_iiif_link = https://impresso-project.ch/api/proxy/iiif/JDG-1942-04-29-a-p0003/209,1953,599,46/full/0/default.jpg
être	O	O	O	O	O	O	_	_	_	_	_	_
plongées	O	O	O	O	O	O	_	_	NoSpaceAfter	_	_	_
,	O	O	O	O	O	O	_	_	_	_	_	_
par	O	O	O	O	O	O	_	_	_	_	_	_
ordre	O	O	O	O	O	O	_	_	_	_	_	_
du	O	O	O	O	O	O	_	_	_	_	_	_
commandement	O	O	O	O	O	O	_	_	NoSpaceAfter	_	_	_
,	O	O	O	O	O	O	_	_	_	_	_	_
dans	O	O	O	O	O	O	_	_	EndOfLine	_	_	_
# segment_iiif_link = https://impresso-project.ch/api/proxy/iiif/JDG-1942-04-29-a-p0003/209,1978,333,46/full/0/default.jpg
un	O	O	O	O	O	O	_	_	_	_	_	_
obscurcissement	O	O	O	O	O	O	_	_	_	_	_	_
complet	O	O	O	O	O	O	_	_	NoSpaceAfter	_	_	_
.	O	O	O	O	O	O	_	_	EndOfLine	EndOfSentence	_	_

# language = fr
# newspaper = JDG
# date = 1944-01-03
# document_id = JDG-1944-01-03-a-i0018
# news-agency-as-source = Q130879
# segment_iiif_link = https://impresso-project.ch/api/proxy/iiif/JDG-1944-01-03-a-p0002/2189,1980,532,57/full/0/default.jpg
COMPLOT	O	O	O	O	O	O	_	_	_	_	_	_
FASCISTE	O	O	O	O	O	O	_	_	_	_	_	_
EN	O	O	O	O	O	O	_	_	_	_	_	_
SARDAIGNE	O	O	O	O	O	O	_	_	EndOfLine	_	_	_
# segment_iiif_link = https://impresso-project.ch/api/proxy/iiif/JDG-1944-01-03-a-p0002/2178,2032,583,46/full/0/default.jpg
Brindisi	O	O	O	O	O	O	_	_	NoSpaceAfter	_	_	_
,	O	O	O	O	O	O	_	_	_	_	_	_
2	O	O	O	O	O	O	_	_	NoSpaceAfter	_	_	_
.	O	O	O	O	O	O	_	_	_	EndOfSentence	_	_
—	O	O	O	O	O	O	_	_	_	_	_	_
(	O	O	O	O	O	O	_	_	NoSpaceAfter	_	_	_
Reuter	B-org	O	B-org.ent.pressagency.Reuters	O	O	O	Q130879	_	NoSpaceAfter	_	LED0.00	_
.	O	O	O	O	O	O	_	_	NoSpaceAfter	_	_	_
)	O	O	O	O	O	O	_	_	_	_	_	_
On	O	O	O	O	O	O	_	_	_	_	_	_
apprend	O	O	O	O	O	O	_	_	_	_	_	_
que	O	O	O	O	O	O	_	_	_	_	_	_
des	O	O	O	O	O	O	_	_	EndOfLine	_	_	_
# segment_iiif_link = https://impresso-project.ch/api/proxy/iiif/JDG-1944-01-03-a-p0002/2152,2057,613,46/full/0/default.jpg
agents	O	O	O	O	O	O	_	_	_	_	_	_
appartenant	O	O	O	O	O	O	_	_	_	_	_	_
à	O	O	O	O	O	O	_	_	_	_	_	_
la	O	O	O	O	O	O	_	_	_	_	_	_
police	O	O	O	O	O	O	_	_	_	_	_	_
royale	O	O	O	O	O	O	_	_	_	_	_	_
italienne	O	O	O	O	O	O	_	_	EndOfLine	_	_	_
# segment_iiif_link = https://impresso-project.ch/api/proxy/iiif/JDG-1944-01-03-a-p0002/2152,2083,609,48/full/0/default.jpg
ont	O	O	O	O	O	O	_	_	_	_	_	_
effectué	O	O	O	O	O	O	_	_	_	_	_	_
des	O	O	O	O	O	O	_	_	_	_	_	_
perquisitions	O	O	O	O	O	O	_	_	_	_	_	_
au	O	O	O	O	O	O	_	_	_	_	_	_
domicile	O	O	O	O	O	O	_	_	EndOfLine	_	_	_
# segment_iiif_link = https://impresso-project.ch/api/proxy/iiif/JDG-1944-01-03-a-p0002/2152,2108,608,48/full/0/default.jpg
d	O	O	O	O	O	O	_	_	NoSpaceAfter	_	_	_
'	O	O	O	O	O	O	_	_	NoSpaceAfter	_	_	_
éléments	O	O	O	O	O	O	_	_	_	_	_	_
fascistes	O	O	O	O	O	O	_	_	_	_	_	_
importants	O	O	O	O	O	O	_	_	_	_	_	_
à	O	O	O	O	O	O	_	_	_	_	_	_
Sassari	O	O	O	O	O	O	_	_	NoSpaceAfter	_	_	_
,	O	O	O	O	O	O	_	_	_	_	_	_
seconde	O	O	O	O	O	O	_	_	_	_	_	_
ville	O	O	O	O	O	O	_	_	EndOfLine	_	_	_
# segment_iiif_link = https://impresso-project.ch/api/proxy/iiif/JDG-1944-01-03-a-p0002/2150,2134,609,48/full/0/default.jpg
de	O	O	O	O	O	O	_	_	_	_	_	_
la	O	O	O	O	O	O	_	_	_	_	_	_
Sardaigne	O	O	O	O	O	O	_	_	NoSpaceAfter	_	_	_
.	O	O	O	O	O	O	_	_	_	EndOfSentence	_	_
et	O	O	O	O	O	O	_	_	_	_	_	_
ont	O	O	O	O	O	O	_	_	_	_	_	_
arrêté	O	O	O	O	O	O	_	_	_	_	_	_
14	O	O	O	O	O	O	_	_	_	_	_	_
membres	O	O	O	O	O	O	_	_	_	_	_	_
d	O	O	O	O	O	O	_	_	NoSpaceAfter	_	_	_
'	O	O	O	O	O	O	_	_	NoSpaceAfter	_	_	_
un	O	O	O	O	O	O	_	_	EndOfLine	_	_	_
# segment_iiif_link = https://impresso-project.ch/api/proxy/iiif/JDG-1944-01-03-a-p0002/2152,2160,607,48/full/0/default.jpg
comité	O	O	O	O	O	O	_	_	_	_	_	_
qui	O	O	O	O	O	O	_	_	_	_	_	_
complotait	O	O	O	O	O	O	_	_	_	_	_	_
pour	O	O	O	O	O	O	_	_	_	_	_	_
le	O	O	O	O	O	O	_	_	_	_	_	_
rétablissement	O	O	O	O	O	O	_	_	_	_	_	_
d	O	O	O	O	O	O	_	_	NoSpaceAfter	_	_	_
'	O	O	O	O	O	O	_	_	NoSpaceAfter	_	_	_
une	O	O	O	O	O	O	_	_	EndOfLine	_	_	_
# segment_iiif_link = https://impresso-project.ch/api/proxy/iiif/JDG-1944-01-03-a-p0002/2154,2187,506,46/full/0/default.jpg
rénublique	O	O	O	O	O	O	_	_	_	_	_	_
fasciste	O	O	O	O	O	O	_	_	_	_	_	_
indépendante	O	O	O	O	O	O	_	_	_	_	_	_
sur	O	O	O	O	O	O	_	_	_	_	_	_
l	O	O	O	O	O	O	_	_	NoSpaceAfter	_	_	_
'	O	O	O	O	O	O	_	_	NoSpaceAfter	_	_	_
île	O	O	O	O	O	O	_	_	_	_	_	_
.	O	O	O	O	O	O	_	_	NoSpaceAfter	EndOfSentence	_	_
.	O	O	O	O	O	O	_	_	EndOfLine	EndOfSentence	_	_
# segment_iiif_link = https://impresso-project.ch/api/proxy/iiif/JDG-1944-01-03-a-p0002/2178,2211,581,48/full/0/default.jpg
Toutes	O	O	O	O	O	O	_	_	_	_	_	_
les	O	O	O	O	O	O	_	_	_	_	_	_
personnes	O	O	O	O	O	O	_	_	_	_	_	_
arrêtées	O	O	O	O	O	O	_	_	_	_	_	_
seront	O	O	O	O	O	O	_	_	_	_	_	_
confinées	O	O	O	O	O	O	_	_	EndOfLine	_	_	_
# segment_iiif_link = https://impresso-project.ch/api/proxy/iiif/JDG-1944-01-03-a-p0002/2152,2237,607,48/full/0/default.jpg
dans	O	O	O	O	O	O	_	_	_	_	_	_
une	O	O	O	O	O	O	_	_	_	_	_	_
réclusion	O	O	O	O	O	O	_	_	_	_	_	_
rigoureuse	O	O	O	O	O	O	_	_	_	_	_	_
jusqu	O	O	O	O	O	O	_	_	NoSpaceAfter	_	_	_
'	O	O	O	O	O	O	_	_	NoSpaceAfter	_	_	_
à	O	O	O	O	O	O	_	_	_	_	_	_
leur	O	O	O	O	O	O	_	_	_	_	_	_
:	O	O	O	O	O	O	_	_	EndOfLine	_	_	_
# segment_iiif_link = https://impresso-project.ch/api/proxy/iiif/JDG-1944-01-03-a-p0002/2152,2264,609,46/full/0/default.jpg
jugement	O	O	O	O	O	O	_	_	NoSpaceAfter	_	_	_
.	O	O	O	O	O	O	_	_	_	EndOfSentence	_	_
On	O	O	O	O	O	O	_	_	_	_	_	_
ne	O	O	O	O	O	O	_	_	_	_	_	_
sait	O	O	O	O	O	O	_	_	_	_	_	_
encore	O	O	O	O	O	O	_	_	_	_	_	_
si	O	O	O	O	O	O	_	_	_	_	_	_
leur	O	O	O	O	O	O	_	_	_	_	_	_
cas	O	O	O	O	O	O	_	_	_	_	_	_
sera	O	O	O	O	O	O	_	_	_	_	_	_
déféré	O	O	O	O	O	O	_	_	EndOfLine	_	_	_
# segment_iiif_link = https://impresso-project.ch/api/proxy/iiif/JDG-1944-01-03-a-p0002/2150,2290,397,48/full/0/default.jpg
au	O	O	O	O	O	O	_	_	_	_	_	_
tribunaux	O	O	O	O	O	O	_	_	_	_	_	_
civils	O	O	O	O	O	O	_	_	_	_	_	_
ou	O	O	O	O	O	O	_	_	_	_	_	_
militaires	O	O	O	O	O	O	_	_	NoSpaceAfter	_	_	_
.	O	O	O	O	O	O	_	_	EndOfLine	EndOfSentence	_	_

# language = fr
# newspaper = JDG
# date = 1955-06-01
# document_id = JDG-1955-06-01-a-i0136
# news-agency-as-source = Q130879
# segment_iiif_link = https://impresso-project.ch/api/proxy/iiif/JDG-1955-06-01-a-p0010/1458,1874,608,79/full/0/default.jpg
La	O	O	O	O	O	O	_	_	_	_	_	_
gpêue	O	O	O	O	O	O	_	_	_	_	_	_
des	O	O	O	O	O	O	_	_	_	_	_	_
maîtres	O	O	O	O	O	O	_	_	_	_	_	_
italiens	O	O	O	O	O	O	_	_	EndOfLine	_	_	_
# segment_iiif_link = https://impresso-project.ch/api/proxy/iiif/JDG-1955-06-01-a-p0010/1665,1925,191,77/full/0/default.jpg
prend	O	O	O	O	O	O	_	_	_	_	_	_
fin	O	O	O	O	O	O	_	_	EndOfLine	_	_	_
# segment_iiif_link = https://impresso-project.ch/api/proxy/iiif/JDG-1955-06-01-a-p0010/1481,1984,584,44/full/0/default.jpg
Rome	O	O	O	O	O	O	_	_	NoSpaceAfter	_	_	_
,	O	O	O	O	O	O	_	_	_	_	_	_
t	O	O	O	O	O	O	_	_	NoSpaceAfter	_	_	_
.	O	O	O	O	O	O	_	_	NoSpaceAfter	EndOfSentence	_	_
-	O	O	O	O	O	O	_	_	NoSpaceAfter	_	_	_
(	O	O	O	O	O	O	_	_	NoSpaceAfter	_	_	_
Reuter	B-org	O	B-org.ent.pressagency.Reuters	O	O	O	Q130879	_	NoSpaceAfter	_	LED0.00	_
)	O	O	O	O	O	O	_	_	_	_	_	_
La	O	O	O	O	O	O	_	_	_	_	_	_
grève	O	O	O	O	O	O	_	_	_	_	_	_
des	O	O	O	O	O	O	_	_	EndOfLine	_	_	_
# segment_iiif_link = https://impresso-project.ch/api/proxy/iiif/JDG-1955-06-01-a-p0010/1458,2013,606,44/full/0/default.jpg
professeurs	O	O	O	O	O	O	_	_	_	_	_	_
des	O	O	O	O	O	O	_	_	_	_	_	_
écoles	O	O	O	O	O	O	_	_	_	_	_	_
secondaires	O	O	O	O	O	O	_	_	_	_	_	_
d	O	O	O	O	O	O	_	_	NoSpaceAfter	_	_	_
'	O	O	O	O	O	O	_	_	NoSpaceAfter	_	_	_
Italie	O	O	O	O	O	O	_	_	NoSpaceAfter	_	_	_
,	O	O	O	O	O	O	_	_	_	_	_	_
qui	O	O	O	O	O	O	_	_	EndOfLine	_	_	_
# segment_iiif_link = https://impresso-project.ch/api/proxy/iiif/JDG-1955-06-01-a-p0010/1458,2041,606,46/full/0/default.jpg
exigeaient	O	O	O	O	O	O	_	_	_	_	_	_
des	O	O	O	O	O	O	_	_	_	_	_	_
salaires	O	O	O	O	O	O	_	_	_	_	_	_
plus	O	O	O	O	O	O	_	_	_	_	_	_
élevés	O	O	O	O	O	O	_	_	NoSpaceAfter	_	_	_
,	O	O	O	O	O	O	_	_	_	_	_	_
a	O	O	O	O	O	O	_	_	_	_	_	_
pris	O	O	O	O	O	O	_	_	EndOfLine	_	_	_
# segment_iiif_link = https://impresso-project.ch/api/proxy/iiif/JDG-1955-06-01-a-p0010/1458,2068,214,46/full/0/default.jpg
fin	O	O	O	O	O	O	_	_	_	_	_	_
mardi	O	O	O	O	O	O	_	_	_	_	_	_
soir	O	O	O	O	O	O	_	_	NoSpaceAfter	_	_	_
.	O	O	O	O	O	O	_	_	EndOfLine	EndOfSentence	_	_
# segment_iiif_link = https://impresso-project.ch/api/proxy/iiif/JDG-1955-06-01-a-p0010/1481,2099,583,44/full/0/default.jpg
Après	O	O	O	O	O	O	_	_	_	_	_	_
deux	O	O	O	O	O	O	_	_	_	_	_	_
heures	O	O	O	O	O	O	_	_	_	_	_	_
de	O	O	O	O	O	O	_	_	_	_	_	_
négociations	O	O	O	O	O	O	_	_	NoSpaceAfter	_	_	_
,	O	O	O	O	O	O	_	_	_	_	_	_
un	O	O	O	O	O	O	_	_	EndOfLine	_	_	_
# segment_iiif_link = https://impresso-project.ch/api/proxy/iiif/JDG-1955-06-01-a-p0010/1459,2129,607,44/full/0/default.jpg
compromis	O	O	O	O	O	O	_	_	_	_	_	_
a	O	O	O	O	O	O	_	_	_	_	_	_
été	O	O	O	O	O	O	_	_	_	_	_	_
trouvé	O	O	O	O	O	O	_	_	_	_	_	_
dont	O	O	O	O	O	O	_	_	_	_	_	_
on	O	O	O	O	O	O	_	_	_	_	_	_
publiera	O	O	O	O	O	O	_	_	EndOfLine	_	_	_
# segment_iiif_link = https://impresso-project.ch/api/proxy/iiif/JDG-1955-06-01-a-p0010/1458,2152,302,46/full/0/default.jpg
plus	O	O	O	O	O	O	_	_	_	_	_	_
tard	O	O	O	O	O	O	_	_	_	_	_	_
les	O	O	O	O	O	O	_	_	_	_	_	_
détails	O	O	O	O	O	O	_	_	NoSpaceAfter	_	_	_
.	O	O	O	O	O	O	_	_	EndOfLine	EndOfSentence	_	_

# language = fr
# newspaper = JDG
# date = 1959-05-19
# document_id = JDG-1959-05-19-a-i0054
# news-agency-as-source = Q40464, Q680662, Q130879, Q392934
# segment_iiif_link = https://impresso-project.ch/api/proxy/iiif/JDG-1959-05-19-a-p0006/121,233,610,62/full/0/default.jpg
Le	O	O	O	O	O	O	_	_	_	_	_	_
FIN	O	O	O	O	O	O	_	_	_	_	_	_
libère	O	O	O	O	O	O	_	_	_	_	_	_
on	O	O	O	O	O	O	_	_	_	_	_	_
Suisse	O	O	O	O	O	O	_	_	NoSpaceAfter	_	_	_
,	O	O	O	O	O	O	_	_	_	_	_	_
retenu	O	O	O	O	O	O	_	_	_	_	_	_
prisonnier	O	O	O	O	O	O	_	_	EndOfLine	_	_	_
# segment_iiif_link = https://impresso-project.ch/api/proxy/iiif/JDG-1959-05-19-a-p0006/233,279,390,64/full/0/default.jpg
cinq	O	O	O	O	O	O	_	_	_	_	_	_
mois	O	O	O	O	O	O	_	_	_	_	_	_
dans	O	O	O	O	O	O	_	_	_	_	_	_
le	O	O	O	O	O	O	_	_	_	_	_	_
Djebel	O	O	O	O	O	O	_	_	EndOfLine	_	_	_
# segment_iiif_link = https://impresso-project.ch/api/proxy/iiif/JDG-1959-05-19-a-p0006/147,330,587,48/full/0/default.jpg
Aljier	O	O	O	O	O	O	_	_	NoSpaceAfter	_	_	_
,	O	O	O	O	O	O	_	_	_	_	_	_
18	O	O	O	O	O	O	_	_	NoSpaceAfter	_	_	_
.	O	O	O	O	O	O	_	_	_	EndOfSentence	_	_
—	O	O	O	O	O	O	_	_	_	_	_	_
(	O	O	O	O	O	O	_	_	NoSpaceAfter	_	_	_
A	B-org	O	B-org.ent.pressagency.AFP	O	O	O	Q40464	_	NoSpaceAfter	_	LED0.00	_
.	I-org	O	I-org.ent.pressagency.AFP	O	O	O	Q40464	_	_	_	LED0.00	_
F	I-org	O	I-org.ent.pressagency.AFP	O	O	O	Q40464	_	NoSpaceAfter	_	LED0.00	_
.	I-org	O	I-org.ent.pressagency.AFP	O	O	O	Q40464	_	_	_	LED0.00	_
P	I-org	O	I-org.ent.pressagency.AFP	O	O	O	Q40464	_	NoSpaceAfter	_	LED0.00	_
.	I-org	O	I-org.ent.pressagency.AFP	O	O	O	Q40464	_	NoSpaceAfter	_	LED0.00	_
)	O	O	O	O	O	O	_	_	_	_	_	_
Fait	O	O	O	O	O	O	_	_	_	_	_	_
prisonnier	O	O	O	O	O	O	_	_	_	_	_	_
le	O	O	O	O	O	O	_	_	_	_	_	_
27	O	O	O	O	O	O	_	_	EndOfLine	_	_	_
# segment_iiif_link = https://impresso-project.ch/api/proxy/iiif/JDG-1959-05-19-a-p0006/123,354,612,46/full/0/default.jpg
novembre	O	O	O	O	O	O	_	_	_	_	_	_
1958	O	O	O	O	O	O	_	_	_	_	_	_
à	O	O	O	O	O	O	_	_	_	_	_	_
proximité	O	O	O	O	O	O	_	_	_	_	_	_
de	O	O	O	O	O	O	_	_	_	_	_	_
Fort	O	O	O	O	O	O	_	_	_	_	_	_
National	O	O	O	O	O	O	_	_	NoSpaceAfter	_	_	_
,	O	O	O	O	O	O	_	_	_	_	_	_
M	O	O	O	O	O	O	_	_	NoSpaceAfter	_	_	_
.	O	O	O	O	O	O	_	_	EndOfLine	_	_	_
# segment_iiif_link = https://impresso-project.ch/api/proxy/iiif/JDG-1959-05-19-a-p0006/123,376,610,48/full/0/default.jpg
Henri	O	O	O	O	O	O	_	_	_	_	_	_
Bourgues	O	O	O	O	O	O	_	_	NoSpaceAfter	_	_	_
,	O	O	O	O	O	O	_	_	_	_	_	_
citoyen	O	O	O	O	O	O	_	_	NoSpaceAfter	_	_	_
,	O	O	O	O	O	O	_	_	_	_	_	_
suisse	O	O	O	O	O	O	_	_	NoSpaceAfter	_	_	_
,	O	O	O	O	O	O	_	_	_	_	_	_
a	O	O	O	O	O	O	_	_	_	_	_	_
été	O	O	O	O	O	O	_	_	_	_	_	_
libéré	O	O	O	O	O	O	_	_	EndOfLine	_	_	_
# segment_iiif_link = https://impresso-project.ch/api/proxy/iiif/JDG-1959-05-19-a-p0006/125,398,610,48/full/0/default.jpg
samedi	O	O	O	O	O	O	_	_	_	_	_	_
matin	O	O	O	O	O	O	_	_	_	_	_	_
par	O	O	O	O	O	O	_	_	_	_	_	_
les	O	O	O	O	O	O	_	_	_	_	_	_
rebelles	O	O	O	O	O	O	_	_	NoSpaceAfter	_	_	_
,	O	O	O	O	O	O	_	_	_	_	_	_
près	O	O	O	O	O	O	_	_	_	_	_	_
d	O	O	O	O	O	O	_	_	NoSpaceAfter	_	_	_
'	O	O	O	O	O	O	_	_	NoSpaceAfter	_	_	_
Azazga	O	O	O	O	O	O	_	_	NoSpaceAfter	_	_	_
.	O	O	O	O	O	O	_	_	_	EndOfSentence	_	_
M	O	O	O	O	O	O	_	_	NoSpaceAfter	_	_	_
.	O	O	O	O	O	O	_	_	EndOfLine	_	_	_
# segment_iiif_link = https://impresso-project.ch/api/proxy/iiif/JDG-1959-05-19-a-p0006/123,422,610,48/full/0/default.jpg
Henri	O	O	O	O	O	O	_	_	_	_	_	_
Bourgues	O	O	O	O	O	O	_	_	_	_	_	_
Tient	O	O	O	O	O	O	_	_	_	_	_	_
de	O	O	O	O	O	O	_	_	_	_	_	_
passer	O	O	O	O	O	O	_	_	_	_	_	_
plus	O	O	O	O	O	O	_	_	_	_	_	_
de	O	O	O	O	O	O	_	_	_	_	_	_
cinq	O	O	O	O	O	O	_	_	_	_	_	_
mois	O	O	O	O	O	O	_	_	EndOfLine	_	_	_
# segment_iiif_link = https://impresso-project.ch/api/proxy/iiif/JDG-1959-05-19-a-p0006/125,446,186,48/full/0/default.jpg
dans	O	O	O	O	O	O	_	_	_	_	_	_
le	O	O	O	O	O	O	_	_	_	_	_	_
Djebel	O	O	O	O	O	O	_	_	NoSpaceAfter	_	_	_
.	O	O	O	O	O	O	_	_	EndOfLine	EndOfSentence	_	_
# segment_iiif_link = https://impresso-project.ch/api/proxy/iiif/JDG-1959-05-19-a-p0006/147,468,588,48/full/0/default.jpg
Depuis	O	O	O	O	O	O	_	_	_	_	_	_
une	O	O	O	O	O	O	_	_	_	_	_	_
dizaine	O	O	O	O	O	O	_	_	_	_	_	_
d	O	O	O	O	O	O	_	_	NoSpaceAfter	_	_	_
'	O	O	O	O	O	O	_	_	NoSpaceAfter	_	_	_
années	O	O	O	O	O	O	_	_	_	_	_	_
en	O	O	O	O	O	O	_	_	_	_	_	_
Algérie	O	O	O	O	O	O	_	_	NoSpaceAfter	_	_	_
,	O	O	O	O	O	O	_	_	_	_	_	_
M	O	O	O	O	O	O	_	_	NoSpaceAfter	_	_	_
.	O	O	O	O	O	O	_	_	EndOfLine	_	_	_
# segment_iiif_link = https://impresso-project.ch/api/proxy/iiif/JDG-1959-05-19-a-p0006/125,490,608,48/full/0/default.jpg
Bourgues	O	O	O	O	O	O	_	_	_	_	_	_
était	O	O	O	O	O	O	_	_	_	_	_	_
conducteur	O	O	O	O	O	O	_	_	_	_	_	_
d	O	O	O	O	O	O	_	_	NoSpaceAfter	_	_	_
'	O	O	O	O	O	O	_	_	NoSpaceAfter	_	_	_
ambulance	O	O	O	O	O	O	_	_	_	_	_	_
aux	O	O	O	O	O	O	_	_	EndOfLine	_	_	_
# segment_iiif_link = https://impresso-project.ch/api/proxy/iiif/JDG-1959-05-19-a-p0006/125,514,608,48/full/0/default.jpg
pes	O	O	O	O	O	O	_	_	_	_	_	_
funèbres	O	O	O	O	O	O	_	_	NoSpaceAfter	_	_	_
.	O	O	O	O	O	O	_	_	_	EndOfSentence	_	_
Parti	O	O	O	O	O	O	_	_	_	_	_	_
le	O	O	O	O	O	O	_	_	_	_	_	_
27	O	O	O	O	O	O	_	_	_	_	_	_
novembre	O	O	O	O	O	O	_	_	_	_	_	_
d	O	O	O	O	O	O	_	_	NoSpaceAfter	_	_	_
'	O	O	O	O	O	O	_	_	NoSpaceAfter	_	_	_
Alger	O	O	O	O	O	O	_	_	_	_	_	_
pour	O	O	O	O	O	O	_	_	EndOfLine	_	_	_
# segment_iiif_link = https://impresso-project.ch/api/proxy/iiif/JDG-1959-05-19-a-p0006/123,537,610,46/full/0/default.jpg
transporter	O	O	O	O	O	O	_	_	_	_	_	_
un	O	O	O	O	O	O	_	_	_	_	_	_
corps	O	O	O	O	O	O	_	_	_	_	_	_
en	O	O	O	O	O	O	_	_	_	_	_	_
Kabylie	O	O	O	O	O	O	_	_	NoSpaceAfter	_	_	_
,	O	O	O	O	O	O	_	_	_	_	_	_
il	O	O	O	O	O	O	_	_	_	_	_	_
avait	O	O	O	O	O	O	_	_	_	_	_	_
été	O	O	O	O	O	O	_	_	_	_	_	_
fait	O	O	O	O	O	O	_	_	EndOfLine	_	_	_
# segment_iiif_link = https://impresso-project.ch/api/proxy/iiif/JDG-1959-05-19-a-p0006/125,559,608,48/full/0/default.jpg
prisonnier	O	O	O	O	O	O	_	_	_	_	_	_
par	O	O	O	O	O	O	_	_	_	_	_	_
le	O	O	O	O	O	O	_	_	_	_	_	_
FLN	O	O	O	O	O	O	_	_	_	_	_	_
et	O	O	O	O	O	O	_	_	_	_	_	_
son	O	O	O	O	O	O	_	_	_	_	_	_
fourgon	O	O	O	O	O	O	_	_	_	_	_	_
incendié	O	O	O	O	O	O	_	_	EndOfLine	_	_	_
# segment_iiif_link = https://impresso-project.ch/api/proxy/iiif/JDG-1959-05-19-a-p0006/123,583,268,48/full/0/default.jpg
près	O	O	O	O	O	O	_	_	_	_	_	_
de	O	O	O	O	O	O	_	_	_	_	_	_
Fort	O	O	O	O	O	O	_	_	_	_	_	_
National	O	O	O	O	O	O	_	_	NoSpaceAfter	_	_	_
.	O	O	O	O	O	O	_	_	EndOfLine	EndOfSentence	_	_
# segment_iiif_link = https://impresso-project.ch/api/proxy/iiif/JDG-1959-05-19-a-p0006/147,605,586,48/full/0/default.jpg
Les	O	O	O	O	O	O	_	_	_	_	_	_
rebelles	O	O	O	O	O	O	_	_	NoSpaceAfter	_	_	_
,	O	O	O	O	O	O	_	_	_	_	_	_
a	O	O	O	O	O	O	_	_	_	_	_	_
rapporté	O	O	O	O	O	O	_	_	_	_	_	_
M	O	O	O	O	O	O	_	_	NoSpaceAfter	_	_	_
.	O	O	O	O	O	O	_	_	_	_	_	_
Henri	O	O	O	O	O	O	_	_	_	_	_	_
Bourgues	O	O	O	O	O	O	_	_	NoSpaceAfter	_	_	_
,	O	O	O	O	O	O	_	_	EndOfLine	_	_	_
# segment_iiif_link = https://impresso-project.ch/api/proxy/iiif/JDG-1959-05-19-a-p0006/125,627,608,48/full/0/default.jpg
l	O	O	O	O	O	O	_	_	NoSpaceAfter	_	_	_
'	O	O	O	O	O	O	_	_	NoSpaceAfter	_	_	_
emmenèrent	O	O	O	O	O	O	_	_	_	_	_	_
dans	O	O	O	O	O	O	_	_	_	_	_	_
un	O	O	O	O	O	O	_	_	_	_	_	_
cantonnement	O	O	O	O	O	O	_	_	_	_	_	_
provisoire	O	O	O	O	O	O	_	_	EndOfLine	_	_	_
# segment_iiif_link = https://impresso-project.ch/api/proxy/iiif/JDG-1959-05-19-a-p0006/125,651,610,46/full/0/default.jpg
on	O	O	O	O	O	O	_	_	_	_	_	_
se	O	O	O	O	O	O	_	_	_	_	_	_
trouvaient	O	O	O	O	O	O	_	_	_	_	_	_
déjà	O	O	O	O	O	O	_	_	_	_	_	_
une	O	O	O	O	O	O	_	_	_	_	_	_
vingtaine	O	O	O	O	O	O	_	_	_	_	_	_
de	O	O	O	O	O	O	_	_	_	_	_	_
prisonniers	O	O	O	O	O	O	_	_	EndOfLine	_	_	_
# segment_iiif_link = https://impresso-project.ch/api/proxy/iiif/JDG-1959-05-19-a-p0006/125,673,369,48/full/0/default.jpg
européens	O	O	O	O	O	O	_	_	NoSpaceAfter	_	_	_
,	O	O	O	O	O	O	_	_	_	_	_	_
civils	O	O	O	O	O	O	_	_	_	_	_	_
et	O	O	O	O	O	O	_	_	_	_	_	_
militaires	O	O	O	O	O	O	_	_	NoSpaceAfter	_	_	_
.	O	O	O	O	O	O	_	_	EndOfLine	EndOfSentence	_	_
# segment_iiif_link = https://impresso-project.ch/api/proxy/iiif/JDG-1959-05-19-a-p0006/148,695,587,48/full/0/default.jpg
Alors	O	O	O	O	O	O	_	_	_	_	_	_
commencèrent	O	O	O	O	O	O	_	_	_	_	_	_
pour	O	O	O	O	O	O	_	_	_	_	_	_
M	O	O	O	O	O	O	_	_	NoSpaceAfter	_	_	_
.	O	O	O	O	O	O	_	_	_	_	_	_
Henri	O	O	O	O	O	O	_	_	_	_	_	_
Bourgues	O	O	O	O	O	O	_	_	EndOfLine	_	_	_
# segment_iiif_link = https://impresso-project.ch/api/proxy/iiif/JDG-1959-05-19-a-p0006/125,719,610,48/full/0/default.jpg
de	O	O	O	O	O	O	_	_	_	_	_	_
longues	O	O	O	O	O	O	_	_	_	_	_	_
marches	O	O	O	O	O	O	_	_	_	_	_	_
harassantes	O	O	O	O	O	O	_	_	NoSpaceAfter	_	_	_
.	O	O	O	O	O	O	_	_	_	EndOfSentence	_	_
Un	O	O	O	O	O	O	_	_	_	_	_	_
Jour	O	O	O	O	O	O	_	_	NoSpaceAfter	_	_	_
,	O	O	O	O	O	O	_	_	_	_	_	_
dit	O	O	O	O	O	O	_	_	NoSpaceAfter	_	_	_
-	O	O	O	O	O	O	_	_	NoSpaceAfter	_	_	_
il	O	O	O	O	O	O	_	_	NoSpaceAfter	_	_	_
,	O	O	O	O	O	O	_	_	EndOfLine	_	_	_
# segment_iiif_link = https://impresso-project.ch/api/proxy/iiif/JDG-1959-05-19-a-p0006/125,743,574,46/full/0/default.jpg
les	O	O	O	O	O	O	_	_	_	_	_	_
prisonniers	O	O	O	O	O	O	_	_	_	_	_	_
reçurent	O	O	O	O	O	O	_	_	_	_	_	_
la	O	O	O	O	O	O	_	_	_	_	_	_
visite	O	O	O	O	O	O	_	_	_	_	_	_
d	O	O	O	O	O	O	_	_	NoSpaceAfter	_	_	_
'	O	O	O	O	O	O	_	_	NoSpaceAfter	_	_	_
Amirouche	O	O	O	O	O	O	_	_	NoSpaceAfter	_	_	_
.	O	O	O	O	O	O	_	_	EndOfLine	EndOfSentence	_	_
# segment_iiif_link = https://impresso-project.ch/api/proxy/iiif/JDG-1959-05-19-a-p0006/147,765,588,48/full/0/default.jpg
M	O	O	O	O	O	O	_	_	NoSpaceAfter	_	_	_
.	O	O	O	O	O	O	_	_	_	_	_	_
Henri	O	O	O	O	O	O	_	_	_	_	_	_
Bourgues	O	O	O	O	O	O	_	_	_	_	_	_
raconte	O	O	O	O	O	O	_	_	_	_	_	_
que	O	O	O	O	O	O	_	_	_	_	_	_
les	O	O	O	O	O	O	_	_	_	_	_	_
prisonniers	O	O	O	O	O	O	_	_	EndOfLine	_	_	_
# segment_iiif_link = https://impresso-project.ch/api/proxy/iiif/JDG-1959-05-19-a-p0006/126,787,607,48/full/0/default.jpg
étaient	O	O	O	O	O	O	_	_	_	_	_	_
bien	O	O	O	O	O	O	_	_	_	_	_	_
traités	O	O	O	O	O	O	_	_	NoSpaceAfter	_	_	_
.	O	O	O	O	O	O	_	_	_	EndOfSentence	_	_
Un	O	O	O	O	O	O	_	_	_	_	_	_
jour	O	O	O	O	O	O	_	_	_	_	_	_
dans	O	O	O	O	O	O	_	_	_	_	_	_
le	O	O	O	O	O	O	_	_	_	_	_	_
Djebel	O	O	O	O	O	O	_	_	NoSpaceAfter	_	_	_
,	O	O	O	O	O	O	_	_	_	_	_	_
il	O	O	O	O	O	O	_	_	EndOfLine	_	_	_
# segment_iiif_link = https://impresso-project.ch/api/proxy/iiif/JDG-1959-05-19-a-p0006/125,810,494,48/full/0/default.jpg
déclare	O	O	O	O	O	O	_	_	_	_	_	_
avoir	O	O	O	O	O	O	_	_	_	_	_	_
rencontré	O	O	O	O	O	O	_	_	_	_	_	_
les	O	O	O	O	O	O	_	_	_	_	_	_
frères	O	O	O	O	O	O	_	_	_	_	_	_
Cesaro	O	O	O	O	O	O	_	_	NoSpaceAfter	_	_	_
.	O	O	O	O	O	O	_	_	EndOfLine	EndOfSentence	_	_
# segment_iiif_link = https://impresso-project.ch/api/proxy/iiif/JDG-1959-05-19-a-p0006/148,834,588,48/full/0/default.jpg
Vendredi	O	O	O	O	O	O	_	_	_	_	_	_
dernier	O	O	O	O	O	O	_	_	NoSpaceAfter	_	_	_
,	O	O	O	O	O	O	_	_	_	_	_	_
un	O	O	O	O	O	O	_	_	_	_	_	_
responsable	O	O	O	O	O	O	_	_	_	_	_	_
de	O	O	O	O	O	O	_	_	_	_	_	_
la	O	O	O	O	O	O	_	_	_	_	_	_
Wilaya	O	O	O	O	O	O	_	_	_	_	_	_
3	O	O	O	O	O	O	_	_	NoSpaceAfter	_	_	_
,	O	O	O	O	O	O	_	_	EndOfLine	_	_	_
# segment_iiif_link = https://impresso-project.ch/api/proxy/iiif/JDG-1959-05-19-a-p0006/125,856,610,48/full/0/default.jpg
Si	O	O	O	O	O	O	_	_	_	_	_	_
Omar	O	O	O	O	O	O	_	_	NoSpaceAfter	_	_	_
,	O	O	O	O	O	O	_	_	_	_	_	_
le	O	O	O	O	O	O	_	_	_	_	_	_
fit	O	O	O	O	O	O	_	_	_	_	_	_
appeler	O	O	O	O	O	O	_	_	_	_	_	_
et	O	O	O	O	O	O	_	_	_	_	_	_
lui	O	O	O	O	O	O	_	_	_	_	_	_
déclara	O	O	O	O	O	O	_	_	_	_	_	_
:	O	O	O	O	O	O	_	_	_	_	_	_
«	O	O	O	O	O	O	_	_	_	_	_	_
II	O	O	O	O	O	O	_	_	_	_	_	_
y	O	O	O	O	O	O	_	_	_	_	_	_
a	O	O	O	O	O	O	_	_	EndOfLine	_	_	_
# segment_iiif_link = https://impresso-project.ch/api/proxy/iiif/JDG-1959-05-19-a-p0006/128,878,607,48/full/0/default.jpg
erreur	O	O	O	O	O	O	_	_	_	_	_	_
:	O	O	O	O	O	O	_	_	_	_	_	_
voua	O	O	O	O	O	O	_	_	_	_	_	_
être	O	O	O	O	O	O	_	_	_	_	_	_
citoyen	O	O	O	O	O	O	_	_	NoSpaceAfter	_	_	_
,	O	O	O	O	O	O	_	_	_	_	_	_
suisse	O	O	O	O	O	O	_	_	NoSpaceAfter	_	_	_
.	O	O	O	O	O	O	_	_	_	_	_	_
On	O	O	O	O	O	O	_	_	_	_	_	_
Ta	O	O	O	O	O	O	_	_	_	_	_	_
vous	O	O	O	O	O	O	_	_	EndOfLine	_	_	_
# segment_iiif_link = https://impresso-project.ch/api/proxy/iiif/JDG-1959-05-19-a-p0006/128,902,607,48/full/0/default.jpg
libérer	O	O	O	O	O	O	_	_	NoSpaceAfter	_	_	_
.	O	O	O	O	O	O	_	_	_	_	_	_
D	O	O	O	O	O	O	_	_	NoSpaceAfter	_	_	_
'	O	O	O	O	O	O	_	_	NoSpaceAfter	_	_	_
ailleurs	O	O	O	O	O	O	_	_	_	_	_	_
il	O	O	O	O	O	O	_	_	_	_	_	_
n	O	O	O	O	O	O	_	_	NoSpaceAfter	_	_	_
'	O	O	O	O	O	O	_	_	NoSpaceAfter	_	_	_
est	O	O	O	O	O	O	_	_	_	_	_	_
pas	O	O	O	O	O	O	_	_	_	_	_	_
impossible	O	O	O	O	O	O	_	_	_	_	_	_
que	O	O	O	O	O	O	_	_	EndOfLine	_	_	_
# segment_iiif_link = https://impresso-project.ch/api/proxy/iiif/JDG-1959-05-19-a-p0006/126,926,610,48/full/0/default.jpg
nous	O	O	O	O	O	O	_	_	_	_	_	_
libérions	O	O	O	O	O	O	_	_	_	_	_	_
d	O	O	O	O	O	O	_	_	NoSpaceAfter	_	_	_
'	O	O	O	O	O	O	_	_	NoSpaceAfter	_	_	_
autres	O	O	O	O	O	O	_	_	_	_	_	_
prisonniers	O	O	O	O	O	O	_	_	_	_	_	_
dâas	O	O	O	O	O	O	_	_	_	_	_	_
les	O	O	O	O	O	O	_	_	_	_	_	_
jours	O	O	O	O	O	O	_	_	EndOfLine	_	_	_
# segment_iiif_link = https://impresso-project.ch/api/proxy/iiif/JDG-1959-05-19-a-p0006/128,948,156,48/full/0/default.jpg
qui	O	O	O	O	O	O	_	_	_	_	_	_
suivent	O	O	O	O	O	O	_	_	NoSpaceAfter	_	_	_
.	O	O	O	O	O	O	_	_	_	_	_	_
»	O	O	O	O	O	O	_	_	EndOfLine	_	_	_
# segment_iiif_link = https://impresso-project.ch/api/proxy/iiif/JDG-1959-05-19-a-p0006/152,970,583,48/full/0/default.jpg
Samedi	O	O	O	O	O	O	_	_	_	_	_	_
matin	O	O	O	O	O	O	_	_	NoSpaceAfter	_	_	_
,	O	O	O	O	O	O	_	_	_	_	_	_
deux	O	O	O	O	O	O	_	_	_	_	_	_
hommes	O	O	O	O	O	O	_	_	_	_	_	_
emmenèrent	O	O	O	O	O	O	_	_	_	_	_	_
M	O	O	O	O	O	O	_	_	NoSpaceAfter	_	_	_
.	O	O	O	O	O	O	_	_	EndOfLine	_	_	_
# segment_iiif_link = https://impresso-project.ch/api/proxy/iiif/JDG-1959-05-19-a-p0006/125,994,610,48/full/0/default.jpg
Henri	O	O	O	O	O	O	_	_	_	_	_	_
Bourgues	O	O	O	O	O	O	_	_	_	_	_	_
et	O	O	O	O	O	O	_	_	NoSpaceAfter	_	_	_
,	O	O	O	O	O	O	_	_	_	_	_	_
après	O	O	O	O	O	O	_	_	_	_	_	_
nne	O	O	O	O	O	O	_	_	_	_	_	_
longue	O	O	O	O	O	O	_	_	_	_	_	_
marche	O	O	O	O	O	O	_	_	NoSpaceAfter	_	_	_
,	O	O	O	O	O	O	_	_	_	_	_	_
le	O	O	O	O	O	O	_	_	EndOfLine	_	_	_
# segment_iiif_link = https://impresso-project.ch/api/proxy/iiif/JDG-1959-05-19-a-p0006/125,1018,546,46/full/0/default.jpg
relâchèrent	O	O	O	O	O	O	_	_	_	_	_	_
à	O	O	O	O	O	O	_	_	_	_	_	_
quelques	O	O	O	O	O	O	_	_	_	_	_	_
kilomètres	O	O	O	O	O	O	_	_	_	_	_	_
d	O	O	O	O	O	O	_	_	NoSpaceAfter	_	_	_
'	O	O	O	O	O	O	_	_	NoSpaceAfter	_	_	_
Azazga	O	O	O	O	O	O	_	_	NoSpaceAfter	_	_	_
.	O	O	O	O	O	O	_	_	EndOfLine	EndOfSentence	_	_
# segment_iiif_link = https://impresso-project.ch/api/proxy/iiif/JDG-1959-05-19-a-p0006/152,1084,583,48/full/0/default.jpg
Un	O	O	O	O	O	O	_	_	_	_	_	_
ballon	O	O	O	O	O	O	_	_	_	_	_	_
suisse	O	O	O	O	O	O	_	_	_	_	_	_
à	O	O	O	O	O	O	_	_	_	_	_	_
Vienne	O	O	O	O	O	O	_	_	NoSpaceAfter	_	_	_
.	O	O	O	O	O	O	_	_	_	EndOfSentence	_	_
—	O	O	O	O	O	O	_	_	_	_	_	_
(	O	O	O	O	O	O	_	_	NoSpaceAfter	_	_	_
APA	O	O	O	O	O	O	Q680662	_	NoSpaceAfter	_	LED0.00	_
.	O	O	O	O	O	O	_	_	NoSpaceAfter	_	_	_
)	O	O	O	O	O	O	_	_	_	_	_	_
Pour	O	O	O	O	O	O	_	_	_	_	_	_
clore	O	O	O	O	O	O	_	_	EndOfLine	_	_	_
# segment_iiif_link = https://impresso-project.ch/api/proxy/iiif/JDG-1959-05-19-a-p0006/128,1108,609,48/full/0/default.jpg
lia	O	O	O	O	O	O	_	_	_	_	_	_
jouiTO	O	O	O	O	O	O	_	_	_	_	_	_
&	O	O	O	O	O	O	_	_	_	_	_	_
e	O	O	O	O	O	O	_	_	_	_	_	_
des	O	O	O	O	O	O	_	_	_	_	_	_
Sudètes	O	O	O	O	O	O	_	_	NoSpaceAfter	_	_	_
,	O	O	O	O	O	O	_	_	_	_	_	_
organisée	O	O	O	O	O	O	_	_	_	_	_	_
le	O	O	O	O	O	O	_	_	_	_	_	_
lundi	O	O	O	O	O	O	_	_	_	_	_	_
de	O	O	O	O	O	O	_	_	_	_	_	_
Pen	O	O	O	O	O	O	_	_	EndOfLine	_	_	_
# segment_iiif_link = https://impresso-project.ch/api/proxy/iiif/JDG-1959-05-19-a-p0006/128,1130,608,48/full/0/default.jpg
tecôte	O	O	O	O	O	O	_	_	_	_	_	_
par	O	O	O	O	O	O	_	_	_	_	_	_
«	O	O	O	O	O	O	_	_	_	_	_	_
Pro	O	O	O	O	O	O	_	_	_	_	_	_
Juv	O	O	O	O	O	O	_	_	_	_	_	_
«	O	O	O	O	O	O	_	_	_	_	_	_
n	O	O	O	O	O	O	_	_	NoSpaceAfter	_	_	_
.	O	O	O	O	O	O	_	_	_	_	_	_
tiïte	O	O	O	O	O	O	_	_	_	_	_	_
Austria	O	O	O	O	O	O	_	_	_	_	_	_
»	O	O	O	O	O	O	_	_	NoSpaceAfter	_	_	_
,	O	O	O	O	O	O	_	_	_	_	_	_
il	O	O	O	O	O	O	_	_	_	_	_	_
a	O	O	O	O	O	O	_	_	_	_	_	_
été	O	O	O	O	O	O	_	_	EndOfLine	_	_	_
# segment_iiif_link = https://impresso-project.ch/api/proxy/iiif/JDG-1959-05-19-a-p0006/128,1153,608,46/full/0/default.jpg
cédé	O	O	O	O	O	O	_	_	_	_	_	_
au	O	O	O	O	O	O	_	_	_	_	_	_
lâcher	O	O	O	O	O	O	_	_	_	_	_	_
d	O	O	O	O	O	O	_	_	NoSpaceAfter	_	_	_
'	O	O	O	O	O	O	_	_	NoSpaceAfter	_	_	_
Un	O	O	O	O	O	O	_	_	_	_	_	_
ballon	O	O	O	O	O	O	_	_	_	_	_	_
appartenant	O	O	O	O	O	O	_	_	_	_	_	_
au	O	O	O	O	O	O	_	_	EndOfLine	_	_	_
# segment_iiif_link = https://impresso-project.ch/api/proxy/iiif/JDG-1959-05-19-a-p0006/130,1175,604,48/full/0/default.jpg
tarque	O	O	O	O	O	O	_	_	_	_	_	_
Knie	O	O	O	O	O	O	_	_	_	_	_	_
»	O	O	O	O	O	O	_	_	_	_	_	_
et	O	O	O	O	O	O	_	_	_	_	_	_
piloté	O	O	O	O	O	O	_	_	_	_	_	_
par	O	O	O	O	O	O	_	_	_	_	_	_
M	O	O	O	O	O	O	_	_	NoSpaceAfter	_	_	_
.	O	O	O	O	O	O	_	_	_	_	_	_
DoLder	O	O	O	O	O	O	_	_	NoSpaceAfter	_	_	_
.	O	O	O	O	O	O	_	_	_	EndOfSentence	_	_
Le	O	O	O	O	O	O	_	_	_	_	_	_
ballon	O	O	O	O	O	O	_	_	EndOfLine	_	_	_
# segment_iiif_link = https://impresso-project.ch/api/proxy/iiif/JDG-1959-05-19-a-p0006/128,1197,607,48/full/0/default.jpg
posta	O	O	O	O	O	O	_	_	_	_	_	_
!	O	O	O	O	O	O	_	_	_	_	_	_
qui	O	O	O	O	O	O	_	_	_	_	_	_
a	O	O	O	O	O	O	_	_	_	_	_	_
été	O	O	O	O	O	O	_	_	_	_	_	_
lâché	O	O	O	O	O	O	_	_	_	_	_	_
de	O	O	O	O	O	O	_	_	_	_	_	_
rHeltteniptatz	O	O	O	O	O	O	_	_	NoSpaceAfter	_	_	_
,	O	O	O	O	O	O	_	_	_	_	_	_
emportait	O	O	O	O	O	O	_	_	EndOfLine	_	_	_
# segment_iiif_link = https://impresso-project.ch/api/proxy/iiif/JDG-1959-05-19-a-p0006/128,1221,609,48/full/0/default.jpg
des	O	O	O	O	O	O	_	_	_	_	_	_
cartes	O	O	O	O	O	O	_	_	_	_	_	_
au	O	O	O	O	O	O	_	_	_	_	_	_
profit	O	O	O	O	O	O	_	_	_	_	_	_
de	O	O	O	O	O	O	_	_	_	_	_	_
la	O	O	O	O	O	O	_	_	_	_	_	_
jeunesse	O	O	O	O	O	O	_	_	_	_	_	_
de	O	O	O	O	O	O	_	_	_	_	_	_
l	O	O	O	O	O	O	_	_	NoSpaceAfter	_	_	_
'	O	O	O	O	O	O	_	_	NoSpaceAfter	_	_	_
Allemagne	O	O	O	O	O	O	_	_	EndOfLine	_	_	_
# segment_iiif_link = https://impresso-project.ch/api/proxy/iiif/JDG-1959-05-19-a-p0006/130,1243,456,48/full/0/default.jpg
du	O	O	O	O	O	O	_	_	_	_	_	_
Sud	O	O	O	O	O	O	_	_	_	_	_	_
et	O	O	O	O	O	O	_	_	_	_	_	_
de	O	O	O	O	O	O	_	_	_	_	_	_
la	O	O	O	O	O	O	_	_	_	_	_	_
jeunesse	O	O	O	O	O	O	_	_	_	_	_	_
autrichienne	O	O	O	O	O	O	_	_	NoSpaceAfter	_	_	_
.	O	O	O	O	O	O	_	_	EndOfLine	EndOfSentence	_	_
# segment_iiif_link = https://impresso-project.ch/api/proxy/iiif/JDG-1959-05-19-a-p0006/154,1291,581,48/full/0/default.jpg
Sir	O	O	O	O	O	O	_	_	_	_	_	_
Winston	O	O	O	O	O	O	_	_	_	_	_	_
grand	O	O	O	O	O	O	_	_	NoSpaceAfter	_	_	_
-	O	O	O	O	O	O	_	_	NoSpaceAfter	_	_	_
père	O	O	O	O	O	O	_	_	NoSpaceAfter	_	_	_
.	O	O	O	O	O	O	_	_	_	EndOfSentence	_	_
—	O	O	O	O	O	O	_	_	_	_	_	_
(	O	O	O	O	O	O	_	_	NoSpaceAfter	_	_	_
AFP	B-org	O	B-org.ent.pressagency.AFP	O	O	O	Q40464	_	NoSpaceAfter	_	LED0.00	_
.	O	O	O	O	O	O	_	_	NoSpaceAfter	_	_	_
)	O	O	O	O	O	O	_	_	_	_	_	_
Sir	O	O	O	O	O	O	_	_	_	_	_	_
Winston	O	O	O	O	O	O	_	_	EndOfLine	_	_	_
# segment_iiif_link = https://impresso-project.ch/api/proxy/iiif/JDG-1959-05-19-a-p0006/130,1315,605,48/full/0/default.jpg
Churchilll	O	O	O	O	O	O	_	_	_	_	_	_
a	O	O	O	O	O	O	_	_	_	_	_	_
un	O	O	O	O	O	O	_	_	_	_	_	_
nouveau	O	O	O	O	O	O	_	_	_	_	_	_
petit	O	O	O	O	O	O	_	_	NoSpaceAfter	_	_	_
-	O	O	O	O	O	O	_	_	NoSpaceAfter	_	_	_
fil	O	O	O	O	O	O	_	_	_	_	_	_
*	O	O	O	O	O	O	_	_	NoSpaceAfter	_	_	_
.	O	O	O	O	O	O	_	_	_	EndOfSentence	_	_
I	O	O	O	O	O	O	_	_	_	_	_	_
>	O	O	O	O	O	O	_	_	_	_	_	_
a	O	O	O	O	O	O	_	_	_	_	_	_
plus	O	O	O	O	O	O	_	_	_	_	_	_
jeune	O	O	O	O	O	O	_	_	EndOfLine	_	_	_
# segment_iiif_link = https://impresso-project.ch/api/proxy/iiif/JDG-1959-05-19-a-p0006/128,1337,607,48/full/0/default.jpg
de	O	O	O	O	O	O	_	_	_	_	_	_
sss	O	O	O	O	O	O	_	_	_	_	_	_
filles	O	O	O	O	O	O	_	_	NoSpaceAfter	_	_	_
,	O	O	O	O	O	O	_	_	_	_	_	_
Mme	O	O	O	O	O	O	_	_	_	_	_	_
Christopher	O	O	O	O	O	O	_	_	_	_	_	_
Sosirn	O	O	O	O	O	O	_	_	NoSpaceAfter	_	_	_
.	O	O	O	O	O	O	_	_	_	EndOfSentence	_	_
es	O	O	O	O	O	O	_	_	NoSpaceAfter	_	_	_
,	O	O	O	O	O	O	_	_	_	_	_	_
épouse	O	O	O	O	O	O	_	_	_	_	_	_
du	O	O	O	O	O	O	_	_	EndOfLine	_	_	_
# segment_iiif_link = https://impresso-project.ch/api/proxy/iiif/JDG-1959-05-19-a-p0006/128,1360,607,48/full/0/default.jpg
mjin	O	O	O	O	O	O	_	_	NoSpaceAfter	_	_	_
'	O	O	O	O	O	O	_	_	_	_	_	_
^	O	O	O	O	O	O	_	_	_	_	_	_
re	O	O	O	O	O	O	_	_	_	_	_	_
de	O	O	O	O	O	O	_	_	_	_	_	_
la	O	O	O	O	O	O	_	_	_	_	_	_
Guerre	O	O	O	O	O	O	_	_	_	_	_	_
britannique	O	O	O	O	O	O	_	_	NoSpaceAfter	_	_	_
,	O	O	O	O	O	O	_	_	_	_	_	_
vrônit	O	O	O	O	O	O	_	_	_	_	_	_
de	O	O	O	O	O	O	_	_	_	_	_	_
metfcre	O	O	O	O	O	O	_	_	EndOfLine	_	_	_
# segment_iiif_link = https://impresso-project.ch/api/proxy/iiif/JDG-1959-05-19-a-p0006/130,1382,260,48/full/0/default.jpg
au	O	O	O	O	O	O	_	_	_	_	_	_
monde	O	O	O	O	O	O	_	_	_	_	_	_
un	O	O	O	O	O	O	_	_	_	_	_	_
garçon	O	O	O	O	O	O	_	_	NoSpaceAfter	_	_	_
.	O	O	O	O	O	O	_	_	EndOfLine	EndOfSentence	_	_
# segment_iiif_link = https://impresso-project.ch/api/proxy/iiif/JDG-1959-05-19-a-p0006/154,1428,583,46/full/0/default.jpg
Guérilla	O	O	O	O	O	O	_	_	_	_	_	_
au	O	O	O	O	O	O	_	_	_	_	_	_
Pakistan	O	O	O	O	O	O	_	_	_	_	_	_
?	O	O	O	O	O	O	_	_	_	EndOfSentence	_	_
—	O	O	O	O	O	O	_	_	_	_	_	_
(	O	O	O	O	O	O	_	_	NoSpaceAfter	_	_	_
AFP	B-org	O	B-org.ent.pressagency.AFP	O	O	O	Q40464	_	NoSpaceAfter	_	LED0.00	_
.	O	O	O	O	O	O	_	_	NoSpaceAfter	_	_	_
)	O	O	O	O	O	O	_	_	_	_	_	_
Selon	O	O	O	O	O	O	_	_	_	_	_	_
le	O	O	O	O	O	O	_	_	_	_	_	_
«	O	O	O	O	O	O	_	_	_	_	_	_
Times	O	O	O	O	O	O	_	_	EndOfLine	_	_	_
# segment_iiif_link = https://impresso-project.ch/api/proxy/iiif/JDG-1959-05-19-a-p0006/130,1450,609,48/full/0/default.jpg
oif	O	O	O	O	O	O	_	_	_	_	_	_
In	O	O	O	O	O	O	_	_	_	_	_	_
:	O	O	O	O	O	O	_	_	_	_	_	_
J	O	O	O	O	O	O	_	_	_	_	_	_
:	O	O	O	O	O	O	_	_	_	_	_	_
3	O	O	O	O	O	O	_	_	_	_	_	_
»	O	O	O	O	O	O	_	_	NoSpaceAfter	_	_	_
,	O	O	O	O	O	O	_	_	_	_	_	_
setil	O	O	O	O	O	O	_	_	_	_	_	_
juuinial	O	O	O	O	O	O	_	_	_	_	_	_
et	O	O	O	O	O	O	_	_	_	_	_	_
pmbtîreT	O	O	O	O	O	O	_	_	_	_	_	_
cefcte	O	O	O	O	O	O	_	_	_	_	_	_
notrvetîîe	O	O	O	O	O	O	_	_	NoSpaceAfter	_	_	_
,	O	O	O	O	O	O	_	_	_	_	_	_
tune	O	O	O	O	O	O	_	_	EndOfLine	_	_	_
# segment_iiif_link = https://impresso-project.ch/api/proxy/iiif/JDG-1959-05-19-a-p0006/130,1474,607,48/full/0/default.jpg
guerre	O	O	O	O	O	O	_	_	_	_	_	_
de	O	O	O	O	O	O	_	_	_	_	_	_
guérilla	O	O	O	O	O	O	_	_	_	_	_	_
ferait	O	O	O	O	O	O	_	_	_	_	_	_
roge	O	O	O	O	O	O	_	_	_	_	_	_
dans	O	O	O	O	O	O	_	_	_	_	_	_
la	O	O	O	O	O	O	_	_	_	_	_	_
province	O	O	O	O	O	O	_	_	EndOfLine	_	_	_
# segment_iiif_link = https://impresso-project.ch/api/proxy/iiif/JDG-1959-05-19-a-p0006/130,1496,434,48/full/0/default.jpg
montagneuse	O	O	O	O	O	O	_	_	_	_	_	_
de	O	O	O	O	O	O	_	_	_	_	_	_
Kateit	O	O	O	O	O	O	_	_	NoSpaceAfter	_	_	_
,	O	O	O	O	O	O	_	_	_	_	_	_
ara	O	O	O	O	O	O	_	_	_	_	_	_
Pakistan	O	O	O	O	O	O	_	_	NoSpaceAfter	_	_	_
.	O	O	O	O	O	O	_	_	EndOfLine	EndOfSentence	_	_
# segment_iiif_link = https://impresso-project.ch/api/proxy/iiif/JDG-1959-05-19-a-p0006/154,1520,581,46/full/0/default.jpg
Toujours	O	O	O	O	O	O	_	_	_	_	_	_
selon	O	O	O	O	O	O	_	_	_	_	_	_
le	O	O	O	O	O	O	_	_	_	_	_	_
journal	O	O	O	O	O	O	_	_	_	_	_	_
indien	O	O	O	O	O	O	_	_	NoSpaceAfter	_	_	_
,	O	O	O	O	O	O	_	_	_	_	_	_
deux	O	O	O	O	O	O	_	_	_	_	_	_
tnibus	O	O	O	O	O	O	_	_	EndOfLine	_	_	_
# segment_iiif_link = https://impresso-project.ch/api/proxy/iiif/JDG-1959-05-19-a-p0006/130,1542,605,46/full/0/default.jpg
—	O	O	O	O	O	O	_	_	_	_	_	_
Meemgal	O	O	O	O	O	O	_	_	_	_	_	_
et	O	O	O	O	O	O	_	_	_	_	_	_
Zeturi	O	O	O	O	O	O	_	_	_	_	_	_
—	O	O	O	O	O	O	_	_	_	_	_	_
immobiilisieraient	O	O	O	O	O	O	_	_	_	_	_	_
2	O	O	O	O	O	O	_	_	_	_	_	_
ff	O	O	O	O	O	O	_	_	NoSpaceAfter	_	_	_
.	O	O	O	O	O	O	_	_	_	EndOfSentence	_	_
OOO	O	O	O	O	O	O	_	_	EndOfLine	_	_	_
# segment_iiif_link = https://impresso-project.ch/api/proxy/iiif/JDG-1959-05-19-a-p0006/130,1566,607,48/full/0/default.jpg
sci	O	O	O	O	O	O	_	_	NoSpaceAfter	_	_	_
'	O	O	O	O	O	O	_	_	NoSpaceAfter	_	_	_
drôs	O	O	O	O	O	O	_	_	NoSpaceAfter	_	_	_
,	O	O	O	O	O	O	_	_	_	_	_	_
pakistaniai	O	O	O	O	O	O	_	_	NoSpaceAfter	_	_	_
'	O	O	O	O	O	O	_	_	NoSpaceAfter	_	_	_
s	O	O	O	O	O	O	_	_	NoSpaceAfter	_	_	_
.	O	O	O	O	O	O	_	_	_	EndOfSentence	_	_
Le	O	O	O	O	O	O	_	_	_	_	_	_
»	O	O	O	O	O	O	_	_	_	_	_	_
auIèTememit	O	O	O	O	O	O	_	_	_	_	_	_
des	O	O	O	O	O	O	_	_	_	_	_	_
tribus	O	O	O	O	O	O	_	_	EndOfLine	_	_	_
# segment_iiif_link = https://impresso-project.ch/api/proxy/iiif/JDG-1959-05-19-a-p0006/130,1588,607,48/full/0/default.jpg
serait	O	O	O	O	O	O	_	_	_	_	_	_
motivé	O	O	O	O	O	O	_	_	_	_	_	_
par	O	O	O	O	O	O	_	_	_	_	_	_
la	O	O	O	O	O	O	_	_	_	_	_	_
détention	O	O	O	O	O	O	_	_	_	_	_	_
de	O	O	O	O	O	O	_	_	_	_	_	_
leur	O	O	O	O	O	O	_	_	_	_	_	_
chef	O	O	O	O	O	O	_	_	NoSpaceAfter	_	_	_
,	O	O	O	O	O	O	_	_	_	_	_	_
le	O	O	O	O	O	O	_	_	EndOfLine	_	_	_
# segment_iiif_link = https://impresso-project.ch/api/proxy/iiif/JDG-1959-05-19-a-p0006/130,1612,174,48/full/0/default.jpg
lfh	O	O	O	O	O	O	_	_	_	_	_	_
?	O	O	O	O	O	O	_	_	NoSpaceAfter	EndOfSentence	_	_
.	O	O	O	O	O	O	_	_	_	EndOfSentence	_	_
n	O	O	O	O	O	O	_	_	_	_	_	_
de	O	O	O	O	O	O	_	_	_	_	_	_
Keila	O	O	O	O	O	O	_	_	NoSpaceAfter	_	_	_
.	O	O	O	O	O	O	_	_	EndOfLine	EndOfSentence	_	_
# segment_iiif_link = https://impresso-project.ch/api/proxy/iiif/JDG-1959-05-19-a-p0006/154,1656,581,48/full/0/default.jpg
Opération	O	O	O	O	O	O	_	_	_	_	_	_
à	O	O	O	O	O	O	_	_	_	_	_	_
froid	O	O	O	O	O	O	_	_	NoSpaceAfter	_	_	_
.	O	O	O	O	O	O	_	_	NoSpaceAfter	EndOfSentence	_	_
-	O	O	O	O	O	O	_	_	NoSpaceAfter	_	_	_
*	O	O	O	O	O	O	_	_	NoSpaceAfter	_	_	_
-	O	O	O	O	O	O	_	_	NoSpaceAfter	_	_	_
(	O	O	O	O	O	O	_	_	NoSpaceAfter	_	_	_
Reuter	B-org	O	B-org.ent.pressagency.Reuters	O	O	O	Q130879	_	NoSpaceAfter	_	LED0.00	_
.	O	O	O	O	O	O	_	_	NoSpaceAfter	_	_	_
)	O	O	O	O	O	O	_	_	_	_	_	_
Deux	O	O	O	O	O	O	_	_	_	_	_	_
jeunes	O	O	O	O	O	O	_	_	EndOfLine	_	_	_
# segment_iiif_link = https://impresso-project.ch/api/proxy/iiif/JDG-1959-05-19-a-p0006/130,1678,605,48/full/0/default.jpg
Yougc	O	O	O	O	O	O	_	_	_	_	_	_
.	O	O	O	O	O	O	_	_	NoSpaceAfter	EndOfSentence	_	_
-	O	O	O	O	O	O	_	_	_	_	_	_
'	O	O	O	O	O	O	_	_	NoSpaceAfter	_	_	_
'	O	O	O	O	O	O	_	_	_	_	_	_
ave	O	O	O	O	O	O	_	_	NoSpaceAfter	_	_	_
.	O	O	O	O	O	O	_	_	_	EndOfSentence	_	_
i	O	O	O	O	O	O	_	_	_	_	_	_
&	O	O	O	O	O	O	_	_	_	_	_	_
gis	O	O	O	O	O	O	_	_	_	_	_	_
de	O	O	O	O	O	O	_	_	_	_	_	_
27	O	O	O	O	O	O	_	_	_	_	_	_
et	O	O	O	O	O	O	_	_	_	_	_	_
18	O	O	O	O	O	O	_	_	_	_	_	_
ans	O	O	O	O	O	O	_	_	NoSpaceAfter	_	_	_
,	O	O	O	O	O	O	_	_	_	_	_	_
sont	O	O	O	O	O	O	_	_	_	_	_	_
arrivés	O	O	O	O	O	O	_	_	_	_	_	_
à	O	O	O	O	O	O	_	_	_	_	_	_
Anvers	O	O	O	O	O	O	_	_	EndOfLine	_	_	_
# segment_iiif_link = https://impresso-project.ch/api/proxy/iiif/JDG-1959-05-19-a-p0006/128,1702,607,48/full/0/default.jpg
où	O	O	O	O	O	O	_	_	_	_	_	_
ils	O	O	O	O	O	O	_	_	_	_	_	_
ont	O	O	O	O	O	O	_	_	_	_	_	_
demandé	O	O	O	O	O	O	_	_	_	_	_	_
à	O	O	O	O	O	O	_	_	_	_	_	_
pouvoir	O	O	O	O	O	O	_	_	_	_	_	_
bénéfîicietr	O	O	O	O	O	O	_	_	_	_	_	_
du	O	O	O	O	O	O	_	_	_	_	_	_
droit	O	O	O	O	O	O	_	_	EndOfLine	_	_	_
# segment_iiif_link = https://impresso-project.ch/api/proxy/iiif/JDG-1959-05-19-a-p0006/128,1725,607,46/full/0/default.jpg
d	O	O	O	O	O	O	_	_	NoSpaceAfter	_	_	_
'	O	O	O	O	O	O	_	_	NoSpaceAfter	_	_	_
asBe	O	O	O	O	O	O	_	_	_	_	_	_
poèi	O	O	O	O	O	O	_	_	NoSpaceAfter	_	_	_
'	O	O	O	O	O	O	_	_	NoSpaceAfter	_	_	_
tkïue	O	O	O	O	O	O	_	_	NoSpaceAfter	_	_	_
.	O	O	O	O	O	O	_	_	_	EndOfSentence	_	_
Il	O	O	O	O	O	O	_	_	_	_	_	_
»	O	O	O	O	O	O	_	_	_	_	_	_
s	O	O	O	O	O	O	_	_	NoSpaceAfter	_	_	_
'	O	O	O	O	O	O	_	_	NoSpaceAfter	_	_	_
étaient	O	O	O	O	O	O	_	_	_	_	_	_
enfuis	O	O	O	O	O	O	_	_	_	_	_	_
de	O	O	O	O	O	O	_	_	_	_	_	_
Zagreb	O	O	O	O	O	O	_	_	EndOfLine	_	_	_
# segment_iiif_link = https://impresso-project.ch/api/proxy/iiif/JDG-1959-05-19-a-p0006/128,1747,606,48/full/0/default.jpg
quatre	O	O	O	O	O	O	_	_	_	_	_	_
jours	O	O	O	O	O	O	_	_	_	_	_	_
auparavant	O	O	O	O	O	O	_	_	_	_	_	_
en	O	O	O	O	O	O	_	_	_	_	_	_
se	O	O	O	O	O	O	_	_	_	_	_	_
cachant	O	O	O	O	O	O	_	_	_	_	_	_
dans	O	O	O	O	O	O	_	_	_	_	_	_
un	O	O	O	O	O	O	_	_	EndOfLine	_	_	_
# segment_iiif_link = https://impresso-project.ch/api/proxy/iiif/JDG-1959-05-19-a-p0006/128,1771,316,48/full/0/default.jpg
*	O	O	O	O	O	O	_	_	_	_	_	_
agon	O	O	O	O	O	O	_	_	_	_	_	_
de	O	O	O	O	O	O	_	_	_	_	_	_
viande	O	O	O	O	O	O	_	_	_	_	_	_
congelée	O	O	O	O	O	O	_	_	_	_	_	_
.	O	O	O	O	O	O	_	_	NoSpaceAfter	EndOfSentence	_	_
.	O	O	O	O	O	O	_	_	EndOfLine	EndOfSentence	_	_
# segment_iiif_link = https://impresso-project.ch/api/proxy/iiif/JDG-1959-05-19-a-p0006/154,1812,585,48/full/0/default.jpg
Autoroute	O	O	O	O	O	O	_	_	_	_	_	_
du	O	O	O	O	O	O	_	_	_	_	_	_
Soleil	O	O	O	O	O	O	_	_	NoSpaceAfter	_	_	_
.	O	O	O	O	O	O	_	_	_	EndOfSentence	_	_
—	O	O	O	O	O	O	_	_	_	_	_	_
(	O	O	O	O	O	O	_	_	NoSpaceAfter	_	_	_
A	B-org	O	B-org.ent.pressagency.AFP	O	O	O	Q392934	_	_	_	Transcript:Ansa|LED0.50	_
»	O	O	O	O	O	O	Q392934	_	_	_	Transcript:Ansa|LED0.50	_
sa	O	O	O	O	O	O	Q392934	_	NoSpaceAfter	_	Transcript:Ansa|LED0.50	_
.	I-org	O	I-org.ent.pressagency.AFP	O	O	O	_	_	NoSpaceAfter	_	_	_
)	O	O	O	O	O	O	_	_	_	_	_	_
La	O	O	O	O	O	O	_	_	_	_	_	_
section	O	O	O	O	O	O	_	_	NoSpaceAfter	_	_	_
.	O	O	O	O	O	O	_	_	EndOfLine	EndOfSentence	_	_
# segment_iiif_link = https://impresso-project.ch/api/proxy/iiif/JDG-1959-05-19-a-p0006/130,1835,606,46/full/0/default.jpg
Milan	O	O	O	O	O	O	_	_	NoSpaceAfter	_	_	_
-	O	O	O	O	O	O	_	_	NoSpaceAfter	_	_	_
Bologne	O	O	O	O	O	O	_	_	_	_	_	_
de	O	O	O	O	O	O	_	_	_	_	_	_
rauforouiie	O	O	O	O	O	O	_	_	_	_	_	_
du	O	O	O	O	O	O	_	_	_	_	_	_
Soleil	O	O	O	O	O	O	_	_	_	_	_	_
sera	O	O	O	O	O	O	_	_	_	_	_	_
ouverte	O	O	O	O	O	O	_	_	_	_	_	_
au	O	O	O	O	O	O	_	_	EndOfLine	_	_	_
# segment_iiif_link = https://impresso-project.ch/api/proxy/iiif/JDG-1959-05-19-a-p0006/128,1857,607,48/full/0/default.jpg
trafic	O	O	O	O	O	O	_	_	_	_	_	_
normal	O	O	O	O	O	O	_	_	_	_	_	_
vers	O	O	O	O	O	O	_	_	_	_	_	_
ki	O	O	O	O	O	O	_	_	_	_	_	_
fin	O	O	O	O	O	O	_	_	_	_	_	_
juDlet	O	O	O	O	O	O	_	_	NoSpaceAfter	_	_	_
,	O	O	O	O	O	O	_	_	_	_	_	_
par	O	O	O	O	O	O	_	_	_	_	_	_
la	O	O	O	O	O	O	_	_	_	_	_	_
jon	O	O	O	O	O	O	_	_	NoSpaceAfter	_	_	_
-	O	O	O	O	O	O	_	_	NoSpaceAfter	_	_	_
alion	O	O	O	O	O	O	_	_	_	_	_	_
des	O	O	O	O	O	O	_	_	EndOfLine	_	_	_
# segment_iiif_link = https://impresso-project.ch/api/proxy/iiif/JDG-1959-05-19-a-p0006/128,1879,607,48/full/0/default.jpg
deux	O	O	O	O	O	O	_	_	_	_	_	_
tronçons	O	O	O	O	O	O	_	_	_	_	_	_
déjà	O	O	O	O	O	O	_	_	_	_	_	_
ouverts	O	O	O	O	O	O	_	_	_	_	_	_
depuis	O	O	O	O	O	O	_	_	_	_	_	_
quelques	O	O	O	O	O	O	_	_	_	_	_	_
mois	O	O	O	O	O	O	_	_	NoSpaceAfter	_	_	_
,	O	O	O	O	O	O	_	_	EndOfLine	_	_	_
# segment_iiif_link = https://impresso-project.ch/api/proxy/iiif/JDG-1959-05-19-a-p0006/126,1903,609,48/full/0/default.jpg
soit	O	O	O	O	O	O	_	_	_	_	_	_
ceux	O	O	O	O	O	O	_	_	_	_	_	_
de	O	O	O	O	O	O	_	_	_	_	_	_
Milan	O	O	O	O	O	O	_	_	NoSpaceAfter	_	_	_
-	O	O	O	O	O	O	_	_	NoSpaceAfter	_	_	_
Plaisance	O	O	O	O	O	O	_	_	_	_	_	_
et	O	O	O	O	O	O	_	_	_	_	_	_
Plaiisanœ	O	O	O	O	O	O	_	_	NoSpaceAfter	_	_	_
-	O	O	O	O	O	O	_	_	NoSpaceAfter	_	_	_
Paone	O	O	O	O	O	O	_	_	NoSpaceAfter	_	_	_
,	O	O	O	O	O	O	_	_	EndOfLine	_	_	_
# segment_iiif_link = https://impresso-project.ch/api/proxy/iiif/JDG-1959-05-19-a-p0006/125,1927,612,46/full/0/default.jpg
d	O	O	O	O	O	O	_	_	NoSpaceAfter	_	_	_
'	O	O	O	O	O	O	_	_	NoSpaceAfter	_	_	_
une	O	O	O	O	O	O	_	_	_	_	_	_
part	O	O	O	O	O	O	_	_	NoSpaceAfter	_	_	_
,	O	O	O	O	O	O	_	_	_	_	_	_
et	O	O	O	O	O	O	_	_	_	_	_	_
pair	O	O	O	O	O	O	_	_	_	_	_	_
l	O	O	O	O	O	O	_	_	NoSpaceAfter	_	_	_
'	O	O	O	O	O	O	_	_	NoSpaceAfter	_	_	_
achèvement	O	O	O	O	O	O	_	_	_	_	_	_
des	O	O	O	O	O	O	_	_	_	_	_	_
travaux	O	O	O	O	O	O	_	_	_	_	_	_
entre	O	O	O	O	O	O	_	_	EndOfLine	_	_	_
# segment_iiif_link = https://impresso-project.ch/api/proxy/iiif/JDG-1959-05-19-a-p0006/126,1949,222,48/full/0/default.jpg
Parme	O	O	O	O	O	O	_	_	_	_	_	_
et	O	O	O	O	O	O	_	_	_	_	_	_
Bologne	O	O	O	O	O	O	_	_	NoSpaceAfter	_	_	_
.	O	O	O	O	O	O	_	_	EndOfLine	EndOfSentence	_	_

# language = fr
# newspaper = JDG
# date = 1970-12-01
# document_id = JDG-1970-12-01-a-i0032
# news-agency-as-source = Q40464
# segment_iiif_link = https://impresso-project.ch/api/proxy/iiif/JDG-1970-12-01-a-p0005/1205,3762,290,72/full/0/default.jpg
Tarifs	O	O	O	O	O	O	_	_	_	_	_	_
aériens	O	O	O	O	O	O	_	_	EndOfLine	_	_	_
# segment_iiif_link = https://impresso-project.ch/api/proxy/iiif/JDG-1970-12-01-a-p0005/1100,3802,497,102/full/0/default.jpg
Hausse	B-org	O	B-org.ent.pressagency.Havas	O	O	O	_	_	_	_	_	_
b	O	O	O	O	O	O	_	_	_	_	_	_
bl	O	O	O	O	O	O	_	_	EndOfLine	_	_	_
# segment_iiif_link = https://impresso-project.ch/api/proxy/iiif/JDG-1970-12-01-a-p0005/1360,3830,272,100/full/0/default.jpg
pro	O	O	O	O	O	O	_	_	_	_	_	_
a	O	O	O	O	O	O	_	_	_	_	_	_
e	O	O	O	O	O	O	_	_	EndOfLine	_	_	_
# segment_iiif_link = https://impresso-project.ch/api/proxy/iiif/JDG-1970-12-01-a-p0005/980,3942,780,52/full/0/default.jpg
Genève	O	O	O	O	O	O	_	_	NoSpaceAfter	_	_	_
,	O	O	O	O	O	O	_	_	_	_	_	_
30	O	O	O	O	O	O	_	_	NoSpaceAfter	_	_	_
,	O	O	O	O	O	O	_	_	NoSpaceAfter	_	_	_
-	O	O	O	O	O	O	_	_	NoSpaceAfter	_	_	_
(	O	O	O	O	O	O	_	_	NoSpaceAfter	_	_	_
AFP	B-org	O	B-org.ent.pressagency.AFP	O	O	O	Q40464	_	NoSpaceAfter	_	LED0.00	_
)	O	O	O	O	O	O	_	_	NoSpaceAfter	_	_	_
.	O	O	O	O	O	O	_	_	_	EndOfSentence	_	_
Les	O	O	O	O	O	O	_	_	_	_	_	_
tarifs	O	O	O	O	O	O	_	_	_	_	_	_
aériens	O	O	O	O	O	O	_	_	_	_	_	_
en	O	O	O	O	O	O	_	_	_	_	_	_
Europe	O	O	O	O	O	O	_	_	NoSpaceAfter	_	_	_
,	O	O	O	O	O	O	_	_	EndOfLine	_	_	_
# segment_iiif_link = https://impresso-project.ch/api/proxy/iiif/JDG-1970-12-01-a-p0005/952,3972,808,55/full/0/default.jpg
au	O	O	O	O	O	O	_	_	_	_	_	_
Moyen	O	O	O	O	O	O	_	_	NoSpaceAfter	_	_	_
-	O	O	O	O	O	O	_	_	NoSpaceAfter	_	_	_
Orient	O	O	O	O	O	O	_	_	_	_	_	_
et	O	O	O	O	O	O	_	_	_	_	_	_
en	O	O	O	O	O	O	_	_	_	_	_	_
Afrique	O	O	O	O	O	O	_	_	_	_	_	_
pourraient	O	O	O	O	O	O	_	_	_	_	_	_
subir	O	O	O	O	O	O	_	_	NoSpaceAfter	_	_	_
,	O	O	O	O	O	O	_	_	EndOfLine	_	_	_
# segment_iiif_link = https://impresso-project.ch/api/proxy/iiif/JDG-1970-12-01-a-p0005/950,4015,810,55/full/0/default.jpg
d	O	O	O	O	O	O	_	_	NoSpaceAfter	_	_	_
'	O	O	O	O	O	O	_	_	NoSpaceAfter	_	_	_
ici	O	O	O	O	O	O	_	_	_	_	_	_
à	O	O	O	O	O	O	_	_	_	_	_	_
avril	O	O	O	O	O	O	_	_	_	_	_	_
prochain	O	O	O	O	O	O	_	_	NoSpaceAfter	_	_	_
,	O	O	O	O	O	O	_	_	_	_	_	_
une	O	O	O	O	O	O	_	_	_	_	_	_
hausse	O	O	O	O	O	O	_	_	_	_	_	_
allant	O	O	O	O	O	O	_	_	_	_	_	_
de	O	O	O	O	O	O	_	_	_	_	_	_
6	O	O	O	O	O	O	_	_	_	_	_	_
à	O	O	O	O	O	O	_	_	_	_	_	_
10	O	O	O	O	O	O	_	_	_	_	_	_
Ofo	O	O	O	O	O	O	_	_	_	_	_	_
:	O	O	O	O	O	O	_	_	EndOfLine	_	_	_
# segment_iiif_link = https://impresso-project.ch/api/proxy/iiif/JDG-1970-12-01-a-p0005/950,4042,807,52/full/0/default.jpg
c	O	O	O	O	O	O	_	_	NoSpaceAfter	_	_	_
'	O	O	O	O	O	O	_	_	NoSpaceAfter	_	_	_
est	O	O	O	O	O	O	_	_	_	_	_	_
en	O	O	O	O	O	O	_	_	_	_	_	_
tout	O	O	O	O	O	O	_	_	_	_	_	_
cas	O	O	O	O	O	O	_	_	_	_	_	_
l	O	O	O	O	O	O	_	_	NoSpaceAfter	_	_	_
'	O	O	O	O	O	O	_	_	NoSpaceAfter	_	_	_
objectif	O	O	O	O	O	O	_	_	_	_	_	_
de	O	O	O	O	O	O	_	_	_	_	_	_
la	O	O	O	O	O	O	_	_	_	_	_	_
négociation	O	O	O	O	O	O	_	_	EndOfLine	_	_	_
# segment_iiif_link = https://impresso-project.ch/api/proxy/iiif/JDG-1970-12-01-a-p0005/948,4080,808,55/full/0/default.jpg
entreprise	O	O	O	O	O	O	_	_	_	_	_	_
aujourd	O	O	O	O	O	O	_	_	NoSpaceAfter	_	_	_
'	O	O	O	O	O	O	_	_	NoSpaceAfter	_	_	_
hui	O	O	O	O	O	O	_	_	_	_	_	_
à	O	O	O	O	O	O	_	_	_	_	_	_
Genève	O	O	O	O	O	O	_	_	_	_	_	_
par	O	O	O	O	O	O	_	_	_	_	_	_
quelque	O	O	O	O	O	O	_	_	_	_	_	_
soixante	O	O	O	O	O	O	_	_	EndOfLine	_	_	_
# segment_iiif_link = https://impresso-project.ch/api/proxy/iiif/JDG-1970-12-01-a-p0005/948,4118,822,52/full/0/default.jpg
compagnies	O	O	O	O	O	O	_	_	_	_	_	_
nationales	O	O	O	O	O	O	_	_	_	_	_	_
sous	O	O	O	O	O	O	_	_	_	_	_	_
l	O	O	O	O	O	O	_	_	NoSpaceAfter	_	_	_
'	O	O	O	O	O	O	_	_	NoSpaceAfter	_	_	_
égide	O	O	O	O	O	O	_	_	_	_	_	_
de	O	O	O	O	O	O	_	_	_	_	_	_
l	O	O	O	O	O	O	_	_	NoSpaceAfter	_	_	_
'	O	O	O	O	O	O	_	_	NoSpaceAfter	_	_	_
IATA	O	O	O	O	O	O	_	_	_	_	_	_
(	O	O	O	O	O	O	_	_	EndOfLine|NoSpaceAfter	_	_	_
# segment_iiif_link = https://impresso-project.ch/api/proxy/iiif/JDG-1970-12-01-a-p0005/948,4150,748,55/full/0/default.jpg
Association	O	O	O	O	O	O	_	_	_	_	_	_
Internationale	O	O	O	O	O	O	_	_	_	_	_	_
des	O	O	O	O	O	O	_	_	_	_	_	_
Transports	O	O	O	O	O	O	_	_	_	_	_	_
Aériens	O	O	O	O	O	O	_	_	NoSpaceAfter	_	_	_
)	O	O	O	O	O	O	_	_	NoSpaceAfter	_	_	_
.	O	O	O	O	O	O	_	_	EndOfLine	EndOfSentence	_	_
# segment_iiif_link = https://impresso-project.ch/api/proxy/iiif/JDG-1970-12-01-a-p0005/978,4182,774,55/full/0/default.jpg
Cette	O	O	O	O	O	O	_	_	_	_	_	_
hausse	O	O	O	O	O	O	_	_	_	_	_	_
est	O	O	O	O	O	O	_	_	_	_	_	_
rendue	O	O	O	O	O	O	_	_	_	_	_	_
nécessaire	O	O	O	O	O	O	_	_	_	_	_	_
par	O	O	O	O	O	O	_	_	EndOfLine	_	_	_
# segment_iiif_link = https://impresso-project.ch/api/proxy/iiif/JDG-1970-12-01-a-p0005/950,4215,818,55/full/0/default.jpg
I	O	O	O	O	O	O	_	_	NoSpaceAfter	_	_	_
'	O	O	O	O	O	O	_	_	NoSpaceAfter	_	_	_
augrnentatien	O	O	O	O	O	O	_	_	_	_	_	_
des	O	O	O	O	O	O	_	_	_	_	_	_
dépenses	O	O	O	O	O	O	_	_	_	_	_	_
de	O	O	O	O	O	O	_	_	_	_	_	_
gestion	O	O	O	O	O	O	_	_	_	_	_	_
des	O	O	O	O	O	O	_	_	_	_	_	_
compagnies	O	O	O	O	O	O	_	_	_	_	_	_
.	O	O	O	O	O	O	_	_	NoSpaceAfter	EndOfSentence	_	_
.	O	O	O	O	O	O	_	_	_	EndOfSentence	_	_
les	O	O	O	O	O	O	_	_	EndOfLine	_	_	_
# segment_iiif_link = https://impresso-project.ch/api/proxy/iiif/JDG-1970-12-01-a-p0005/1225,4232,535,52/full/0/default.jpg
~	O	O	O	O	O	O	_	_	_	_	_	_
u	O	O	O	O	O	O	_	_	_	_	_	_
~	O	O	O	O	O	O	_	_	_	_	_	_
D	O	O	O	O	O	O	_	_	_	_	_	_
~	O	O	O	O	O	O	_	_	NoSpaceAfter	_	_	_
~	O	O	O	O	O	O	_	_	EndOfLine	_	_	_
# segment_iiif_link = https://impresso-project.ch/api/proxy/iiif/JDG-1970-12-01-a-p0005/948,4262,810,55/full/0/default.jpg
revenus	O	O	O	O	O	O	_	_	_	_	_	_
ne	O	O	O	O	O	O	_	_	_	_	_	_
s	O	O	O	O	O	O	_	_	NoSpaceAfter	_	_	_
'	O	O	O	O	O	O	_	_	NoSpaceAfter	_	_	_
accroissent	O	O	O	O	O	O	_	_	_	_	_	_
pas	O	O	O	O	O	O	_	_	_	_	_	_
au	O	O	O	O	O	O	_	_	_	_	_	_
rythme	O	O	O	O	O	O	_	_	_	_	_	_
des	O	O	O	O	O	O	_	_	EndOfLine	_	_	_
# segment_iiif_link = https://impresso-project.ch/api/proxy/iiif/JDG-1970-12-01-a-p0005/945,4295,822,55/full/0/default.jpg
dépenses	O	O	O	O	O	O	_	_	NoSpaceAfter	_	_	_
,	O	O	O	O	O	O	_	_	_	_	_	_
accentuées	O	O	O	O	O	O	_	_	_	_	_	_
par	O	O	O	O	O	O	_	_	_	_	_	_
les	O	O	O	O	O	O	_	_	_	_	_	_
poussées	O	O	O	O	O	O	_	_	_	_	_	_
inflationnistes	O	O	O	O	O	O	_	_	NoSpaceAfter	_	_	_
,	O	O	O	O	O	O	_	_	_	_	_	_
et	O	O	O	O	O	O	_	_	EndOfLine	_	_	_
# segment_iiif_link = https://impresso-project.ch/api/proxy/iiif/JDG-1970-12-01-a-p0005/948,4332,810,52/full/0/default.jpg
la	O	O	O	O	O	O	_	_	_	_	_	_
plupart	O	O	O	O	O	O	_	_	_	_	_	_
des	O	O	O	O	O	O	_	_	_	_	_	_
compagnies	O	O	O	O	O	O	_	_	_	_	_	_
connaissent	O	O	O	O	O	O	_	_	_	_	_	_
des	O	O	O	O	O	O	_	_	_	_	_	_
dificudtés	O	O	O	O	O	O	_	_	EndOfLine	_	_	_
# segment_iiif_link = https://impresso-project.ch/api/proxy/iiif/JDG-1970-12-01-a-p0005/945,4370,811,55/full/0/default.jpg
finançières	O	O	O	O	O	O	_	_	NoSpaceAfter	_	_	_
.	O	O	O	O	O	O	_	_	_	EndOfSentence	_	_
Bien	O	O	O	O	O	O	_	_	_	_	_	_
que	O	O	O	O	O	O	_	_	_	_	_	_
le	O	O	O	O	O	O	_	_	_	_	_	_
revenu	O	O	O	O	O	O	_	_	_	_	_	_
brut	O	O	O	O	O	O	_	_	_	_	_	_
de	O	O	O	O	O	O	_	_	_	_	_	_
l	O	O	O	O	O	O	_	_	NoSpaceAfter	_	_	_
'	O	O	O	O	O	O	_	_	NoSpaceAfter	_	_	_
aviation	O	O	O	O	O	O	_	_	NoSpaceAfter	_	_	_
,	O	O	O	O	O	O	_	_	EndOfLine	_	_	_
# segment_iiif_link = https://impresso-project.ch/api/proxy/iiif/JDG-1970-12-01-a-p0005/945,4402,805,52/full/0/default.jpg
commerciale	O	O	O	O	O	O	_	_	_	_	_	_
ait	O	O	O	O	O	O	_	_	_	_	_	_
atteint	O	O	O	O	O	O	_	_	_	_	_	_
l	O	O	O	O	O	O	_	_	NoSpaceAfter	_	_	_
'	O	O	O	O	O	O	_	_	NoSpaceAfter	_	_	_
an	O	O	O	O	O	O	_	_	_	_	_	_
dernier	O	O	O	O	O	O	_	_	_	_	_	_
seize	O	O	O	O	O	O	_	_	_	_	_	_
milliards	O	O	O	O	O	O	_	_	EndOfLine	_	_	_
# segment_iiif_link = https://impresso-project.ch/api/proxy/iiif/JDG-1970-12-01-a-p0005/945,4430,821,55/full/0/default.jpg
de	O	O	O	O	O	O	_	_	_	_	_	_
dollars	O	O	O	O	O	O	_	_	NoSpaceAfter	_	_	_
,	O	O	O	O	O	O	_	_	_	_	_	_
les	O	O	O	O	O	O	_	_	_	_	_	_
bénéftces	O	O	O	O	O	O	_	_	_	_	_	_
nets	O	O	O	O	O	O	_	_	_	_	_	_
ne	O	O	O	O	O	O	_	_	_	_	_	_
représentent	O	O	O	O	O	O	_	_	_	_	_	_
que	O	O	O	O	O	O	_	_	EndOfLine	_	_	_
# segment_iiif_link = https://impresso-project.ch/api/proxy/iiif/JDG-1970-12-01-a-p0005/945,4480,88,55/full/0/default.jpg
2,10	O	O	O	O	O	O	_	_	_	_	_	_
/	O	O	O	O	O	O	_	_	_	_	_	_
0	O	O	O	O	O	O	_	_	NoSpaceAfter	_	_	_
.	O	O	O	O	O	O	_	_	EndOfLine	EndOfSentence	_	_
# segment_iiif_link = https://impresso-project.ch/api/proxy/iiif/JDG-1970-12-01-a-p0005/975,4512,782,55/full/0/default.jpg
De	O	O	O	O	O	O	_	_	_	_	_	_
nouvelles	O	O	O	O	O	O	_	_	NoSpaceAfter	_	_	_
.	O	O	O	O	O	O	_	_	_	EndOfSentence	_	_
négociations	O	O	O	O	O	O	_	_	_	_	_	_
sont	O	O	O	O	O	O	_	_	_	_	_	_
prévues	O	O	O	O	O	O	_	_	_	_	_	_
à	O	O	O	O	O	O	_	_	_	_	_	_
l	O	O	O	O	O	O	_	_	NoSpaceAfter	_	_	_
'	O	O	O	O	O	O	_	_	NoSpaceAfter	_	_	_
rATA	O	O	O	O	O	O	_	_	EndOfLine	_	_	_
# segment_iiif_link = https://impresso-project.ch/api/proxy/iiif/JDG-1970-12-01-a-p0005/945,4545,810,55/full/0/default.jpg
en	O	O	O	O	O	O	_	_	_	_	_	_
janvier	O	O	O	O	O	O	_	_	_	_	_	_
pour	O	O	O	O	O	O	_	_	_	_	_	_
déterminer	O	O	O	O	O	O	_	_	_	_	_	_
de	O	O	O	O	O	O	_	_	_	_	_	_
nouveaux	O	O	O	O	O	O	_	_	_	_	_	_
tarifs	O	O	O	O	O	O	_	_	EndOfLine	_	_	_
# segment_iiif_link = https://impresso-project.ch/api/proxy/iiif/JDG-1970-12-01-a-p0005/945,4588,818,45/full/0/default.jpg
SUII	O	O	O	O	O	O	_	_	NoSpaceAfter	_	_	_
'	O	O	O	O	O	O	_	_	NoSpaceAfter	_	_	_
l	O	O	O	O	O	O	_	_	NoSpaceAfter	_	_	_
'	O	O	O	O	O	O	_	_	NoSpaceAfter	_	_	_
At	O	O	O	O	O	O	_	_	_	_	_	_
1	O	O	O	O	O	O	_	_	_	_	_	_
antique	O	O	O	O	O	O	_	_	_	_	_	_
centre	O	O	O	O	O	O	_	_	_	_	_	_
et	O	O	O	O	O	O	_	_	_	_	_	_
S	O	O	O	O	O	O	_	_	NoSpaceAfter	_	_	_
'	O	O	O	O	O	O	_	_	NoSpaceAfter	_	_	_
Ud	O	O	O	O	O	O	_	_	NoSpaceAfter	_	_	_
.	O	O	O	O	O	O	_	_	_	EndOfSentence	_	_
Toutes	O	O	O	O	O	O	_	_	_	_	_	_
les	O	O	O	O	O	O	_	_	EndOfLine	_	_	_
# segment_iiif_link = https://impresso-project.ch/api/proxy/iiif/JDG-1970-12-01-a-p0005/945,4618,768,55/full/0/default.jpg
tations	O	O	O	O	O	O	_	_	_	_	_	_
prendront	O	O	O	O	O	O	_	_	_	_	_	_
simultanément	O	O	O	O	O	O	_	_	_	_	_	_
effet	O	O	O	O	O	O	_	_	_	_	_	_
le	O	O	O	O	O	O	_	_	_	_	_	_
1	O	O	O	O	O	O	_	_	_	_	_	_
er	O	O	O	O	O	O	_	_	_	_	_	_
avril	O	O	O	O	O	O	_	_	NoSpaceAfter	_	_	_
.	O	O	O	O	O	O	_	_	EndOfLine	EndOfSentence	_	_

# language = fr
# newspaper = JDG
# date = 1977-02-25
# document_id = JDG-1977-02-25-a-i0151
# news-agency-as-source = Q40464
# segment_iiif_link = https://impresso-project.ch/api/proxy/iiif/JDG-1977-02-25-a-p0020/792,3141,478,66/full/0/default.jpg
La	O	O	O	O	O	O	_	_	_	_	_	_
Haye	O	O	O	O	O	O	_	_	_	_	_	_
:	O	O	O	O	O	O	_	_	_	_	_	_
conférence	O	O	O	O	O	O	_	_	EndOfLine	_	_	_
# segment_iiif_link = https://impresso-project.ch/api/proxy/iiif/JDG-1977-02-25-a-p0020/788,3198,536,66/full/0/default.jpg
sur	O	O	O	O	O	O	_	_	_	_	_	_
la	O	O	O	O	O	O	_	_	_	_	_	_
pollution	O	O	O	O	O	O	_	_	_	_	_	_
du	O	O	O	O	O	O	_	_	_	_	_	_
Rhin	O	O	O	O	O	O	_	_	EndOfLine	_	_	_
# segment_iiif_link = https://impresso-project.ch/api/proxy/iiif/JDG-1977-02-25-a-p0020/851,3251,549,46/full/0/default.jpg
La	O	O	O	O	O	O	_	_	_	_	_	_
Haye	O	O	O	O	O	O	_	_	NoSpaceAfter	_	_	_
,	O	O	O	O	O	O	_	_	_	_	_	_
24	O	O	O	O	O	O	_	_	NoSpaceAfter	_	_	_
.	O	O	O	O	O	O	_	_	_	EndOfSentence	_	_
—	O	O	O	O	O	O	_	_	_	_	_	_
(	O	O	O	O	O	O	_	_	NoSpaceAfter	_	_	_
AFP	B-org	O	B-org.ent.pressagency.AFP	O	O	O	Q40464	_	NoSpaceAfter	_	LED0.00	_
)	O	O	O	O	O	O	_	_	_	_	_	_
Des	O	O	O	O	O	O	_	_	_	_	_	_
parlementaires	O	O	O	O	O	O	_	_	EndOfLine	_	_	_
# segment_iiif_link = https://impresso-project.ch/api/proxy/iiif/JDG-1977-02-25-a-p0020/810,3278,590,46/full/0/default.jpg
néer	O	O	O	O	O	O	_	_	NoSpaceAfter	_	_	_
-	O	O	O	O	O	O	_	_	NoSpaceAfter	_	_	_
La	O	O	O	O	O	O	_	_	_	_	_	_
Haye	O	O	O	O	O	O	_	_	NoSpaceAfter	_	_	_
,	O	O	O	O	O	O	_	_	_	_	_	_
24	O	O	O	O	O	O	_	_	NoSpaceAfter	_	_	_
.	O	O	O	O	O	O	_	_	_	EndOfSentence	_	_
—	O	O	O	O	O	O	_	_	_	_	_	_
(	O	O	O	O	O	O	_	_	NoSpaceAfter	_	_	_
AFP	B-org	O	B-org.ent.pressagency.AFP	O	O	O	Q40464	_	NoSpaceAfter	_	LED0.00	_
)	O	O	O	O	O	O	_	_	_	_	_	_
Des	O	O	O	O	O	O	_	_	_	_	_	_
parlementaires	O	O	O	O	O	O	_	_	EndOfLine	_	_	_
# segment_iiif_link = https://impresso-project.ch/api/proxy/iiif/JDG-1977-02-25-a-p0020/788,3304,613,46/full/0/default.jpg
néerlandais	O	O	O	O	O	O	_	_	NoSpaceAfter	_	_	_
,	O	O	O	O	O	O	_	_	_	_	_	_
ouest	O	O	O	O	O	O	_	_	NoSpaceAfter	_	_	_
-	O	O	O	O	O	O	_	_	NoSpaceAfter	_	_	_
allemands	O	O	O	O	O	O	_	_	NoSpaceAfter	_	_	_
,	O	O	O	O	O	O	_	_	_	_	_	_
français	O	O	O	O	O	O	_	_	NoSpaceAfter	_	_	_
,	O	O	O	O	O	O	_	_	_	_	_	_
luxembourgeois	O	O	O	O	O	O	_	_	EndOfLine	_	_	_
# segment_iiif_link = https://impresso-project.ch/api/proxy/iiif/JDG-1977-02-25-a-p0020/790,3331,609,46/full/0/default.jpg
et	O	O	O	O	O	O	_	_	_	_	_	_
suisses	O	O	O	O	O	O	_	_	_	_	_	_
ont	O	O	O	O	O	O	_	_	_	_	_	_
ouvert	O	O	O	O	O	O	_	_	_	_	_	_
jeudi	O	O	O	O	O	O	_	_	_	_	_	_
à	O	O	O	O	O	O	_	_	_	_	_	_
La	O	O	O	O	O	O	_	_	_	_	_	_
Haye	O	O	O	O	O	O	_	_	_	_	_	_
une	O	O	O	O	O	O	_	_	_	_	_	_
conférence	O	O	O	O	O	O	_	_	EndOfLine	_	_	_
# segment_iiif_link = https://impresso-project.ch/api/proxy/iiif/JDG-1977-02-25-a-p0020/790,3357,465,46/full/0/default.jpg
de	O	O	O	O	O	O	_	_	_	_	_	_
deux	O	O	O	O	O	O	_	_	_	_	_	_
jours	O	O	O	O	O	O	_	_	_	_	_	_
sur	O	O	O	O	O	O	_	_	_	_	_	_
la	O	O	O	O	O	O	_	_	_	_	_	_
polution	O	O	O	O	O	O	_	_	_	_	_	_
du	O	O	O	O	O	O	_	_	_	_	_	_
Rhin	O	O	O	O	O	O	_	_	NoSpaceAfter	_	_	_
.	O	O	O	O	O	O	_	_	EndOfLine	EndOfSentence	_	_
# segment_iiif_link = https://impresso-project.ch/api/proxy/iiif/JDG-1977-02-25-a-p0020/812,3397,586,46/full/0/default.jpg
Dans	O	O	O	O	O	O	_	_	_	_	_	_
son	O	O	O	O	O	O	_	_	_	_	_	_
discours	O	O	O	O	O	O	_	_	_	_	_	_
d	O	O	O	O	O	O	_	_	NoSpaceAfter	_	_	_
'	O	O	O	O	O	O	_	_	NoSpaceAfter	_	_	_
inauguration	O	O	O	O	O	O	_	_	NoSpaceAfter	_	_	_
,	O	O	O	O	O	O	_	_	_	_	_	_
M	O	O	O	O	O	O	_	_	NoSpaceAfter	_	_	_
.	O	O	O	O	O	O	_	_	_	_	_	_
Cornelis	O	O	O	O	O	O	_	_	_	_	_	_
van	O	O	O	O	O	O	_	_	EndOfLine	_	_	_
# segment_iiif_link = https://impresso-project.ch/api/proxy/iiif/JDG-1977-02-25-a-p0020/790,3423,609,46/full/0/default.jpg
der	O	O	O	O	O	O	_	_	_	_	_	_
Veen	O	O	O	O	O	O	_	_	NoSpaceAfter	_	_	_
,	O	O	O	O	O	O	_	_	_	_	_	_
président	O	O	O	O	O	O	_	_	_	_	_	_
de	O	O	O	O	O	O	_	_	_	_	_	_
la	O	O	O	O	O	O	_	_	_	_	_	_
commission	O	O	O	O	O	O	_	_	_	_	_	_
du	O	O	O	O	O	O	_	_	_	_	_	_
Rhin	O	O	O	O	O	O	_	_	NoSpaceAfter	_	_	_
,	O	O	O	O	O	O	_	_	_	_	_	_
a	O	O	O	O	O	O	_	_	EndOfLine	_	_	_
# segment_iiif_link = https://impresso-project.ch/api/proxy/iiif/JDG-1977-02-25-a-p0020/788,3450,612,46/full/0/default.jpg
souligné	O	O	O	O	O	O	_	_	_	_	_	_
qu	O	O	O	O	O	O	_	_	NoSpaceAfter	_	_	_
'	O	O	O	O	O	O	_	_	NoSpaceAfter	_	_	_
il	O	O	O	O	O	O	_	_	_	_	_	_
est	O	O	O	O	O	O	_	_	_	_	_	_
urgent	O	O	O	O	O	O	_	_	_	_	_	_
d	O	O	O	O	O	O	_	_	NoSpaceAfter	_	_	_
'	O	O	O	O	O	O	_	_	NoSpaceAfter	_	_	_
assainir	O	O	O	O	O	O	_	_	_	_	_	_
le	O	O	O	O	O	O	_	_	_	_	_	_
Rhin	O	O	O	O	O	O	_	_	_	_	_	_
car	O	O	O	O	O	O	_	_	_	_	_	_
il	O	O	O	O	O	O	_	_	EndOfLine	_	_	_
# segment_iiif_link = https://impresso-project.ch/api/proxy/iiif/JDG-1977-02-25-a-p0020/790,3476,609,46/full/0/default.jpg
contient	O	O	O	O	O	O	_	_	_	_	_	_
des	O	O	O	O	O	O	_	_	_	_	_	_
matières	O	O	O	O	O	O	_	_	_	_	_	_
difficilement	O	O	O	O	O	O	_	_	_	_	_	_
dégradables	O	O	O	O	O	O	_	_	_	_	_	_
et	O	O	O	O	O	O	_	_	EndOfLine	_	_	_
# segment_iiif_link = https://impresso-project.ch/api/proxy/iiif/JDG-1977-02-25-a-p0020/788,3502,613,46/full/0/default.jpg
plusieurs	O	O	O	O	O	O	_	_	_	_	_	_
d	O	O	O	O	O	O	_	_	NoSpaceAfter	_	_	_
'	O	O	O	O	O	O	_	_	NoSpaceAfter	_	_	_
entre	O	O	O	O	O	O	_	_	_	_	_	_
elles	O	O	O	O	O	O	_	_	_	_	_	_
sont	O	O	O	O	O	O	_	_	_	_	_	_
«	O	O	O	O	O	O	_	_	_	_	_	_
toxiques	O	O	O	O	O	O	_	_	_	_	_	_
»	O	O	O	O	O	O	_	_	_	_	_	_
et	O	O	O	O	O	O	_	_	_	_	_	_
même	O	O	O	O	O	O	_	_	EndOfLine	_	_	_
# segment_iiif_link = https://impresso-project.ch/api/proxy/iiif/JDG-1977-02-25-a-p0020/790,3529,611,46/full/0/default.jpg
«	O	O	O	O	O	O	_	_	_	_	_	_
cancérigènes	O	O	O	O	O	O	_	_	_	_	_	_
»	O	O	O	O	O	O	_	_	NoSpaceAfter	_	_	_
.	O	O	O	O	O	O	_	_	_	EndOfSentence	_	_
Il	O	O	O	O	O	O	_	_	_	_	_	_
a	O	O	O	O	O	O	_	_	_	_	_	_
précisé	O	O	O	O	O	O	_	_	_	_	_	_
que	O	O	O	O	O	O	_	_	_	_	_	_
«	O	O	O	O	O	O	_	_	_	_	_	_
la	O	O	O	O	O	O	_	_	_	_	_	_
teneur	O	O	O	O	O	O	_	_	_	_	_	_
des	O	O	O	O	O	O	_	_	EndOfLine	_	_	_
# segment_iiif_link = https://impresso-project.ch/api/proxy/iiif/JDG-1977-02-25-a-p0020/790,3555,611,46/full/0/default.jpg
eaux	O	O	O	O	O	O	_	_	_	_	_	_
en	O	O	O	O	O	O	_	_	_	_	_	_
phosphate	O	O	O	O	O	O	_	_	_	_	_	_
a	O	O	O	O	O	O	_	_	_	_	_	_
augmenté	O	O	O	O	O	O	_	_	_	_	_	_
de	O	O	O	O	O	O	_	_	_	_	_	_
façon	O	O	O	O	O	O	_	_	_	_	_	_
alarmante	O	O	O	O	O	O	_	_	EndOfLine	_	_	_
# segment_iiif_link = https://impresso-project.ch/api/proxy/iiif/JDG-1977-02-25-a-p0020/790,3581,609,46/full/0/default.jpg
et	O	O	O	O	O	O	_	_	_	_	_	_
que	O	O	O	O	O	O	_	_	_	_	_	_
la	O	O	O	O	O	O	_	_	_	_	_	_
quantité	O	O	O	O	O	O	_	_	_	_	_	_
de	O	O	O	O	O	O	_	_	_	_	_	_
sel	O	O	O	O	O	O	_	_	_	_	_	_
est	O	O	O	O	O	O	_	_	_	_	_	_
beaucoup	O	O	O	O	O	O	_	_	_	_	_	_
trop	O	O	O	O	O	O	_	_	EndOfLine	_	_	_
# segment_iiif_link = https://impresso-project.ch/api/proxy/iiif/JDG-1977-02-25-a-p0020/790,3608,607,46/full/0/default.jpg
importante	O	O	O	O	O	O	_	_	_	_	_	_
»	O	O	O	O	O	O	_	_	NoSpaceAfter	_	_	_
.	O	O	O	O	O	O	_	_	_	EndOfSentence	_	_
M	O	O	O	O	O	O	_	_	NoSpaceAfter	_	_	_
.	O	O	O	O	O	O	_	_	_	_	_	_
van	O	O	O	O	O	O	_	_	_	_	_	_
der	O	O	O	O	O	O	_	_	_	_	_	_
Veen	O	O	O	O	O	O	_	_	_	_	_	_
a	O	O	O	O	O	O	_	_	_	_	_	_
souligné	O	O	O	O	O	O	_	_	_	_	_	_
d	O	O	O	O	O	O	_	_	NoSpaceAfter	_	_	_
'	O	O	O	O	O	O	_	_	NoSpaceAfter	_	_	_
autre	O	O	O	O	O	O	_	_	_	_	_	_
part	O	O	O	O	O	O	_	_	_	_	_	_
la	O	O	O	O	O	O	_	_	EndOfLine	_	_	_
# segment_iiif_link = https://impresso-project.ch/api/proxy/iiif/JDG-1977-02-25-a-p0020/788,3634,612,46/full/0/default.jpg
nécessité	O	O	O	O	O	O	_	_	_	_	_	_
de	O	O	O	O	O	O	_	_	_	_	_	_
procéder	O	O	O	O	O	O	_	_	_	_	_	_
rapidement	O	O	O	O	O	O	_	_	_	_	_	_
à	O	O	O	O	O	O	_	_	_	_	_	_
un	O	O	O	O	O	O	_	_	_	_	_	_
inventaire	O	O	O	O	O	O	_	_	EndOfLine	_	_	_
# segment_iiif_link = https://impresso-project.ch/api/proxy/iiif/JDG-1977-02-25-a-p0020/790,3660,608,46/full/0/default.jpg
complet	O	O	O	O	O	O	_	_	_	_	_	_
des	O	O	O	O	O	O	_	_	_	_	_	_
causes	O	O	O	O	O	O	_	_	_	_	_	_
de	O	O	O	O	O	O	_	_	_	_	_	_
pollution	O	O	O	O	O	O	_	_	_	_	_	_
du	O	O	O	O	O	O	_	_	_	_	_	_
fleuve	O	O	O	O	O	O	_	_	_	_	_	_
afin	O	O	O	O	O	O	_	_	_	_	_	_
que	O	O	O	O	O	O	_	_	EndOfLine	_	_	_
# segment_iiif_link = https://impresso-project.ch/api/proxy/iiif/JDG-1977-02-25-a-p0020/790,3687,609,46/full/0/default.jpg
les	O	O	O	O	O	O	_	_	_	_	_	_
sources	O	O	O	O	O	O	_	_	_	_	_	_
de	O	O	O	O	O	O	_	_	_	_	_	_
pollution	O	O	O	O	O	O	_	_	_	_	_	_
les	O	O	O	O	O	O	_	_	_	_	_	_
plus	O	O	O	O	O	O	_	_	_	_	_	_
dangereuses	O	O	O	O	O	O	_	_	_	_	_	_
soient	O	O	O	O	O	O	_	_	EndOfLine	_	_	_
# segment_iiif_link = https://impresso-project.ch/api/proxy/iiif/JDG-1977-02-25-a-p0020/788,3713,137,46/full/0/default.jpg
neutralisées	O	O	O	O	O	O	_	_	NoSpaceAfter	_	_	_
.	O	O	O	O	O	O	_	_	EndOfLine	EndOfSentence	_	_

# language = fr
# newspaper = JDG
# date = 1980-12-20
# document_id = JDG-1980-12-20-a-i0115
# news-agency-as-source = Q130879
# segment_iiif_link = https://impresso-project.ch/api/proxy/iiif/JDG-1980-12-20-a-p0014/1262,2165,1273,75/full/0/default.jpg
PROVOQUANT	O	O	O	O	O	O	_	_	_	_	_	_
LES	O	O	O	O	O	O	_	_	_	_	_	_
PROTESTATIONS	O	O	O	O	O	O	_	_	_	_	_	_
DE	O	O	O	O	O	O	_	_	_	_	_	_
BEYROUTH	O	O	O	O	O	O	_	_	EndOfLine	_	_	_
# segment_iiif_link = https://impresso-project.ch/api/proxy/iiif/JDG-1980-12-20-a-p0014/1138,2245,1510,125/full/0/default.jpg
Les	O	O	O	O	O	O	_	_	_	_	_	_
forces	O	O	O	O	O	O	_	_	_	_	_	_
israéliennes	O	O	O	O	O	O	_	_	_	_	_	_
opèrent	O	O	O	O	O	O	_	_	EndOfLine	_	_	_
# segment_iiif_link = https://impresso-project.ch/api/proxy/iiif/JDG-1980-12-20-a-p0014/1168,2352,1444,122/full/0/default.jpg
un	O	O	O	O	O	O	_	_	_	_	_	_
nouveau	O	O	O	O	O	O	_	_	_	_	_	_
raid	O	O	O	O	O	O	_	_	_	_	_	_
au	O	O	O	O	O	O	_	_	_	_	_	_
Sud	O	O	O	O	O	O	_	_	NoSpaceAfter	_	_	_
-	O	O	O	O	O	O	_	_	NoSpaceAfter	_	_	_
Liban	O	O	O	O	O	O	_	_	EndOfLine	_	_	_
# segment_iiif_link = https://impresso-project.ch/api/proxy/iiif/JDG-1980-12-20-a-p0014/1065,2698,472,65/full/0/default.jpg
t	O	O	O	O	O	O	_	_	_	_	_	_
!	O	O	O	O	O	O	_	_	NoSpaceAfter	EndOfSentence	_	_
~	O	O	O	O	O	O	_	_	NoSpaceAfter	_	_	_
'	O	O	O	O	O	O	_	_	NoSpaceAfter	_	_	_
!	O	O	O	O	O	O	_	_	_	_	_	_
r	O	O	O	O	O	O	_	_	NoSpaceAfter	_	_	_
,	O	O	O	O	O	O	_	_	_	_	_	_
~	O	O	O	O	O	O	_	_	_	_	_	_
Ll	O	O	O	O	O	O	_	_	_	_	_	_
!	O	O	O	O	O	O	_	_	_	_	_	_
l	O	O	O	O	O	O	_	_	_	_	_	_
~	O	O	O	O	O	O	_	_	NoSpaceAfter	_	_	_
~	O	O	O	O	O	O	_	_	NoSpaceAfter	_	_	_
~	O	O	O	O	O	O	_	_	NoSpaceAfter	_	_	_
,	O	O	O	O	O	O	_	_	_	_	_	_
,	O	O	O	O	O	O	_	_	NoSpaceAfter	_	_	_
.	O	O	O	O	O	O	_	_	NoSpaceAfter	EndOfSentence	_	_
,	O	O	O	O	O	O	_	_	NoSpaceAfter	_	_	_
:	O	O	O	O	O	O	_	_	_	_	_	_
l	O	O	O	O	O	O	_	_	_	EndOfSentence	_	_
t	O	O	O	O	O	O	_	_	NoSpaceAfter	_	_	_
.	O	O	O	O	O	O	_	_	_	_	_	_
L	O	O	O	O	O	O	_	_	_	_	_	_
<	O	O	O	O	O	O	_	_	_	_	_	_
,	O	O	O	O	O	O	_	_	NoSpaceAfter	_	_	_
,	O	O	O	O	O	O	_	_	_	_	_	_
~	O	O	O	O	O	O	_	_	NoSpaceAfter	_	_	_
.	O	O	O	O	O	O	_	_	_	EndOfSentence	_	_
1	O	O	O	O	O	O	_	_	_	_	_	_
IJ	O	O	O	O	O	O	_	_	EndOfLine	_	_	_
# segment_iiif_link = https://impresso-project.ch/api/proxy/iiif/JDG-1980-12-20-a-p0014/1100,2728,783,65/full/0/default.jpg
A	O	O	O	O	O	O	_	_	_	_	_	_
TelrAVIy	O	O	O	O	O	O	_	_	_	_	_	_
.	O	O	O	O	O	O	_	_	NoSpaceAfter	EndOfSentence	_	_
,	O	O	O	O	O	O	_	_	_	_	_	_
un	O	O	O	O	O	O	_	_	_	_	_	_
porte	O	O	O	O	O	O	_	_	NoSpaceAfter	_	_	_
-	O	O	O	O	O	O	_	_	NoSpaceAfter	_	_	_
parole	O	O	O	O	O	O	_	_	_	_	_	_
militaire	O	O	O	O	O	O	_	_	_	_	_	_
a	O	O	O	O	O	O	_	_	_	_	_	_
déclaré	O	O	O	O	O	O	_	_	EndOfLine	_	_	_
# segment_iiif_link = https://impresso-project.ch/api/proxy/iiif/JDG-1980-12-20-a-p0014/1060,2770,825,62/full/0/default.jpg
qu	O	O	O	O	O	O	_	_	NoSpaceAfter	_	_	_
'	O	O	O	O	O	O	_	_	NoSpaceAfter	_	_	_
entre	O	O	O	O	O	O	_	_	_	_	_	_
10	O	O	O	O	O	O	_	_	_	_	_	_
et	O	O	O	O	O	O	_	_	_	_	_	_
15	O	O	O	O	O	O	_	_	_	_	_	_
Palestiniens	O	O	O	O	O	O	_	_	_	_	_	_
ont	O	O	O	O	O	O	_	_	_	_	_	_
été	O	O	O	O	O	O	_	_	_	_	_	_
tués	O	O	O	O	O	O	_	_	_	_	_	_
et	O	O	O	O	O	O	_	_	_	_	_	_
que	O	O	O	O	O	O	_	_	EndOfLine	_	_	_
# segment_iiif_link = https://impresso-project.ch/api/proxy/iiif/JDG-1980-12-20-a-p0014/1060,2808,823,65/full/0/default.jpg
quatre	O	O	O	O	O	O	_	_	_	_	_	_
soldats	O	O	O	O	O	O	_	_	_	_	_	_
israéliens	O	O	O	O	O	O	_	_	_	_	_	_
ont	O	O	O	O	O	O	_	_	NoSpaceAfter	_	_	_
.	O	O	O	O	O	O	_	_	_	EndOfSentence	_	_
été	O	O	O	O	O	O	_	_	_	_	_	_
blessés	O	O	O	O	O	O	_	_	NoSpaceAfter	_	_	_
.	O	O	O	O	O	O	_	_	_	EndOfSentence	_	_
L	O	O	O	O	O	O	_	_	NoSpaceAfter	_	_	_
'	O	O	O	O	O	O	_	_	NoSpaceAfter	_	_	_
un	O	O	O	O	O	O	_	_	EndOfLine	_	_	_
# segment_iiif_link = https://impresso-project.ch/api/proxy/iiif/JDG-1980-12-20-a-p0014/1062,2848,828,65/full/0/default.jpg
d	O	O	O	O	O	O	_	_	NoSpaceAfter	_	_	_
'	O	O	O	O	O	O	_	_	NoSpaceAfter	_	_	_
entre	O	O	O	O	O	O	_	_	_	_	_	_
euxdevait	O	O	O	O	O	O	_	_	_	_	_	_
succomber	O	O	O	O	O	O	_	_	_	_	_	_
un	O	O	O	O	O	O	_	_	_	_	_	_
peu	O	O	O	O	O	O	_	_	_	_	_	_
plus	O	O	O	O	O	O	_	_	_	_	_	_
tard	O	O	O	O	O	O	_	_	_	_	_	_
à	O	O	O	O	O	O	_	_	_	_	_	_
ses	O	O	O	O	O	O	_	_	EndOfLine	_	_	_
# segment_iiif_link = https://impresso-project.ch/api/proxy/iiif/JDG-1980-12-20-a-p0014/1062,2885,818,62/full/0/default.jpg
blessures	O	O	O	O	O	O	_	_	NoSpaceAfter	_	_	_
.	O	O	O	O	O	O	_	_	_	EndOfSentence	_	_
Toujours	O	O	O	O	O	O	_	_	NoSpaceAfter	_	_	_
.	O	O	O	O	O	O	_	_	_	EndOfSentence	_	_
selon	O	O	O	O	O	O	_	_	_	_	_	_
le	O	O	O	O	O	O	_	_	_	_	_	_
porte	O	O	O	O	O	O	_	_	NoSpaceAfter	_	_	_
-	O	O	O	O	O	O	_	_	NoSpaceAfter	_	_	_
parole	O	O	O	O	O	O	_	_	NoSpaceAfter	_	_	_
,	O	O	O	O	O	O	_	_	EndOfLine	_	_	_
# segment_iiif_link = https://impresso-project.ch/api/proxy/iiif/JDG-1980-12-20-a-p0014/1062,2922,825,65/full/0/default.jpg
tion	O	O	O	O	O	O	_	_	_	_	_	_
israélienne	O	O	O	O	O	O	_	_	_	_	_	_
a	O	O	O	O	O	O	_	_	_	_	_	_
duré	O	O	O	O	O	O	_	_	NoSpaceAfter	_	_	_
,	O	O	O	O	O	O	_	_	_	_	_	_
une	O	O	O	O	O	O	_	_	_	_	_	_
dizaine	O	O	O	O	O	O	_	_	_	_	_	_
d	O	O	O	O	O	O	_	_	NoSpaceAfter	_	_	_
'	O	O	O	O	O	O	_	_	NoSpaceAfter	_	_	_
heures	O	O	O	O	O	O	_	_	NoSpaceAfter	_	_	_
,	O	O	O	O	O	O	_	_	_	_	_	_
De	O	O	O	O	O	O	_	_	EndOfLine	_	_	_
# segment_iiif_link = https://impresso-project.ch/api/proxy/iiif/JDG-1980-12-20-a-p0014/1062,2960,818,65/full/0/default.jpg
source	O	O	O	O	O	O	_	_	_	_	_	_
palestinienne	O	O	O	O	O	O	_	_	NoSpaceAfter	_	_	_
,	O	O	O	O	O	O	_	_	_	_	_	_
ml	O	O	O	O	O	O	_	_	_	_	_	_
estime	O	O	O	O	O	O	_	_	_	_	_	_
que	O	O	O	O	O	O	_	_	_	_	_	_
'	O	O	O	O	O	O	_	_	NoSpaceAfter	_	_	_
les	O	O	O	O	O	O	_	_	_	_	_	_
soldats	O	O	O	O	O	O	_	_	EndOfLine	_	_	_
# segment_iiif_link = https://impresso-project.ch/api/proxy/iiif/JDG-1980-12-20-a-p0014/1062,2992,826,65/full/0/default.jpg
israéliens	O	O	O	O	O	O	_	_	_	_	_	_
étaient	O	O	O	O	O	O	_	_	_	_	_	_
au	O	O	O	O	O	O	_	_	_	_	_	_
nombre	O	O	O	O	O	O	_	_	_	_	_	_
d	O	O	O	O	O	O	_	_	NoSpaceAfter	_	_	_
'	O	O	O	O	O	O	_	_	NoSpaceAfter	_	_	_
environ	O	O	O	O	O	O	_	_	_	_	_	_
500	O	O	O	O	O	O	_	_	NoSpaceAfter	_	_	_
.	O	O	O	O	O	O	_	_	_	_	_	_
M	O	O	O	O	O	O	_	_	NoSpaceAfter	_	_	_
.	O	O	O	O	O	O	_	_	EndOfLine	_	_	_
# segment_iiif_link = https://impresso-project.ch/api/proxy/iiif/JDG-1980-12-20-a-p0014/1062,3025,823,62/full/0/default.jpg
Fouad	O	O	O	O	O	O	_	_	_	_	_	_
Boutros	O	O	O	O	O	O	_	_	NoSpaceAfter	_	_	_
,	O	O	O	O	O	O	_	_	_	_	_	_
ministre	O	O	O	O	O	O	_	_	_	_	_	_
libanais	O	O	O	O	O	O	_	_	_	_	_	_
des	O	O	O	O	O	O	_	_	_	_	_	_
Affaires	O	O	O	O	O	O	_	_	EndOfLine	_	_	_
# segment_iiif_link = https://impresso-project.ch/api/proxy/iiif/JDG-1980-12-20-a-p0014/1060,3060,820,65/full/0/default.jpg
étrangères	O	O	O	O	O	O	_	_	NoSpaceAfter	_	_	_
,	O	O	O	O	O	O	_	_	_	_	_	_
a	O	O	O	O	O	O	_	_	_	_	_	_
annoncé	O	O	O	O	O	O	_	_	_	_	_	_
qu	O	O	O	O	O	O	_	_	NoSpaceAfter	_	_	_
'	O	O	O	O	O	O	_	_	NoSpaceAfter	_	_	_
il	O	O	O	O	O	O	_	_	_	_	_	_
al	O	O	O	O	O	O	_	_	_	_	_	_
1	O	O	O	O	O	O	_	_	_	_	_	_
ait	O	O	O	O	O	O	_	_	_	_	_	_
élever	O	O	O	O	O	O	_	_	_	_	_	_
une	O	O	O	O	O	O	_	_	EndOfLine	_	_	_
# segment_iiif_link = https://impresso-project.ch/api/proxy/iiif/JDG-1980-12-20-a-p0014/1062,3100,824,62/full/0/default.jpg
protestation	O	O	O	O	O	O	_	_	_	_	_	_
auprès	O	O	O	O	O	O	_	_	_	_	_	_
du	O	O	O	O	O	O	_	_	_	_	_	_
Conseil	O	O	O	O	O	O	_	_	_	_	_	_
de	O	O	O	O	O	O	_	_	_	_	_	_
sécurité	O	O	O	O	O	O	_	_	_	_	_	_
des	O	O	O	O	O	O	_	_	_	_	_	_
Nations	O	O	O	O	O	O	_	_	NoSpaceAfter	_	_	_
'	O	O	O	O	O	O	_	_	EndOfLine|NoSpaceAfter	_	_	_
# segment_iiif_link = https://impresso-project.ch/api/proxy/iiif/JDG-1980-12-20-a-p0014/1065,3140,818,62/full/0/default.jpg
Unies	O	O	O	O	O	O	_	_	NoSpaceAfter	_	_	_
.	O	O	O	O	O	O	_	_	_	_	_	_
Le	O	O	O	O	O	O	_	_	_	_	_	_
raid	O	O	O	O	O	O	_	_	_	_	_	_
israélien	O	O	O	O	O	O	_	_	_	_	_	_
survient	O	O	O	O	O	O	_	_	_	_	_	_
peu	O	O	O	O	O	O	_	_	_	_	_	_
après	O	O	O	O	O	O	_	_	_	_	_	_
le	O	O	O	O	O	O	_	_	EndOfLine	_	_	_
# segment_iiif_link = https://impresso-project.ch/api/proxy/iiif/JDG-1980-12-20-a-p0014/1060,3178,838,65/full/0/default.jpg
renouvel	O	O	O	O	O	O	_	_	_	_	_	_
1	O	O	O	O	O	O	_	_	_	_	_	_
ement	O	O	O	O	O	O	_	_	_	_	_	_
du	O	O	O	O	O	O	_	_	_	_	_	_
mandat	O	O	O	O	O	O	_	_	_	_	_	_
de	O	O	O	O	O	O	_	_	_	_	_	_
la	O	O	O	O	O	O	_	_	_	_	_	_
FINUL	O	O	O	O	O	O	_	_	_	_	_	_
(	O	O	O	O	O	O	_	_	NoSpaceAfter	_	_	_
Force	O	O	O	O	O	O	_	_	_	_	_	_
intéri	O	O	O	O	O	O	_	_	NoSpaceAfter	_	_	_
-	O	O	O	O	O	O	_	_	NoSpaceAfter	_	_	_
vt	O	O	O	O	O	O	_	_	EndOfLine	_	_	_
# segment_iiif_link = https://impresso-project.ch/api/proxy/iiif/JDG-1980-12-20-a-p0014/1062,3215,818,65/full/0/default.jpg
maire	O	O	O	O	O	O	_	_	_	_	_	_
des	O	O	O	O	O	O	_	_	_	_	_	_
Nations	O	O	O	O	O	O	_	_	_	_	_	_
Unies	O	O	O	O	O	O	_	_	_	_	_	_
au	O	O	O	O	O	O	_	_	_	_	_	_
Liban	O	O	O	O	O	O	_	_	NoSpaceAfter	_	_	_
)	O	O	O	O	O	O	_	_	NoSpaceAfter	_	_	_
.	O	O	O	O	O	O	_	_	_	_	_	_
Un	O	O	O	O	O	O	_	_	EndOfLine	_	_	_
# segment_iiif_link = https://impresso-project.ch/api/proxy/iiif/JDG-1980-12-20-a-p0014/1062,3252,822,65/full/0/default.jpg
porteparole	O	O	O	O	O	O	_	_	_	_	_	_
des	O	O	O	O	O	O	_	_	_	_	_	_
Nations	O	O	O	O	O	O	_	_	_	_	_	_
Unies	O	O	O	O	O	O	_	_	_	_	_	_
a	O	O	O	O	O	O	_	_	_	_	_	_
déclaré	O	O	O	O	O	O	_	_	_	_	_	_
de	O	O	O	O	O	O	_	_	_	_	_	_
son	O	O	O	O	O	O	_	_	_	_	_	_
côté	O	O	O	O	O	O	_	_	EndOfLine	_	_	_
# segment_iiif_link = https://impresso-project.ch/api/proxy/iiif/JDG-1980-12-20-a-p0014/1060,3292,822,62/full/0/default.jpg
qu	O	O	O	O	O	O	_	_	NoSpaceAfter	_	_	_
'	O	O	O	O	O	O	_	_	NoSpaceAfter	_	_	_
un	O	O	O	O	O	O	_	_	_	_	_	_
«	O	O	O	O	O	O	_	_	_	_	_	_
Casque	O	O	O	O	O	O	_	_	_	_	_	_
bleu	O	O	O	O	O	O	_	_	_	_	_	_
»	O	O	O	O	O	O	_	_	_	_	_	_
norvégien	O	O	O	O	O	O	_	_	_	_	_	_
de	O	O	O	O	O	O	_	_	_	_	_	_
la	O	O	O	O	O	O	_	_	_	_	_	_
FINUL	O	O	O	O	O	O	_	_	_	_	_	_
avait	O	O	O	O	O	O	_	_	EndOfLine	_	_	_
# segment_iiif_link = https://impresso-project.ch/api/proxy/iiif/JDG-1980-12-20-a-p0014/1060,3330,812,65/full/0/default.jpg
été	O	O	O	O	O	O	_	_	_	_	_	_
grièvement	O	O	O	O	O	O	_	_	_	_	_	_
blessé	O	O	O	O	O	O	_	_	_	_	_	_
au	O	O	O	O	O	O	_	_	_	_	_	_
cours	O	O	O	O	O	O	_	_	_	_	_	_
des	O	O	O	O	O	O	_	_	_	_	_	_
affrontements	O	O	O	O	O	O	_	_	NoSpaceAfter	_	_	_
.	O	O	O	O	O	O	_	_	EndOfLine	_	_	_
# segment_iiif_link = https://impresso-project.ch/api/proxy/iiif/JDG-1980-12-20-a-p0014/1062,3368,818,65/full/0/default.jpg
L	O	O	O	O	O	O	_	_	NoSpaceAfter	_	_	_
'	O	O	O	O	O	O	_	_	NoSpaceAfter	_	_	_
ambassade	O	O	O	O	O	O	_	_	_	_	_	_
de	O	O	O	O	O	O	_	_	_	_	_	_
Norvège	O	O	O	O	O	O	_	_	_	_	_	_
a	O	O	O	O	O	O	_	_	_	_	_	_
précisé	O	O	O	O	O	O	_	_	_	_	_	_
qu	O	O	O	O	O	O	_	_	NoSpaceAfter	_	_	_
'	O	O	O	O	O	O	_	_	NoSpaceAfter	_	_	_
il	O	O	O	O	O	O	_	_	_	_	_	_
s	O	O	O	O	O	O	_	_	NoSpaceAfter	_	_	_
'	O	O	O	O	O	O	_	_	NoSpaceAfter	_	_	_
agissait	O	O	O	O	O	O	_	_	EndOfLine	_	_	_
# segment_iiif_link = https://impresso-project.ch/api/proxy/iiif/JDG-1980-12-20-a-p0014/1060,3408,828,65/full/0/default.jpg
du	O	O	O	O	O	O	_	_	_	_	_	_
caporal	O	O	O	O	O	O	_	_	_	_	_	_
John	O	O	O	O	O	O	_	_	_	_	_	_
Bratli	O	O	O	O	O	O	_	_	_	_	_	_
et	O	O	O	O	O	O	_	_	_	_	_	_
qu	O	O	O	O	O	O	_	_	NoSpaceAfter	_	_	_
'	O	O	O	O	O	O	_	_	NoSpaceAfter	_	_	_
il	O	O	O	O	O	O	_	_	_	_	_	_
avait	O	O	O	O	O	O	_	_	_	_	_	_
été	O	O	O	O	O	O	_	_	_	_	_	_
touché	O	O	O	O	O	O	_	_	_	_	_	_
à	O	O	O	O	O	O	_	_	EndOfLine	_	_	_
# segment_iiif_link = https://impresso-project.ch/api/proxy/iiif/JDG-1980-12-20-a-p0014/1105,2490,1660,65/full/0/default.jpg
Tel	O	O	O	O	O	O	_	_	NoSpaceAfter	_	_	_
-	O	O	O	O	O	O	_	_	NoSpaceAfter	_	_	_
Aviv	O	O	O	O	O	O	_	_	NoSpaceAfter	_	_	_
,	O	O	O	O	O	O	_	_	_	_	_	_
19	O	O	O	O	O	O	_	_	_	_	_	_
(	O	O	O	O	O	O	_	_	NoSpaceAfter	_	_	_
Reuter	B-org	O	B-org.ent.pressagency.Reuters	O	O	O	Q130879	_	NoSpaceAfter	_	LED0.00	_
)	O	O	O	O	O	O	_	_	NoSpaceAfter	_	_	_
.	O	O	O	O	O	O	_	_	NoSpaceAfter	_	_	_
-	O	O	O	O	O	O	_	_	NoSpaceAfter	_	_	_
Les	O	O	O	O	O	O	_	_	_	_	_	_
forees	O	O	O	O	O	O	_	_	_	_	_	_
israénennes	O	O	O	O	O	O	_	_	NoSpaceAfter	_	_	_
,	O	O	O	O	O	O	_	_	_	_	_	_
soutenu	O	O	O	O	O	O	_	_	_	_	_	_
~	O	O	O	O	O	O	_	_	_	_	_	_
par	O	O	O	O	O	O	_	_	_	_	_	_
des	O	O	O	O	O	O	_	_	_	_	_	_
hélicoptères	O	O	O	O	O	O	_	_	_	_	_	_
et	O	O	O	O	O	O	_	_	_	_	_	_
de	O	O	O	O	O	O	_	_	_	_	_	_
puissants	O	O	O	O	O	O	_	_	_	_	_	_
barrages	O	O	O	O	O	O	_	_	EndOfLine	_	_	_
# segment_iiif_link = https://impresso-project.ch/api/proxy/iiif/JDG-1980-12-20-a-p0014/1065,2530,1693,60/full/0/default.jpg
d	O	O	O	O	O	O	_	_	NoSpaceAfter	_	_	_
'	O	O	O	O	O	O	_	_	NoSpaceAfter	_	_	_
artillerie	O	O	O	O	O	O	_	_	NoSpaceAfter	_	_	_
,	O	O	O	O	O	O	_	_	_	_	_	_
ont	O	O	O	O	O	O	_	_	_	_	_	_
déclenché	O	O	O	O	O	O	_	_	_	_	_	_
UQe	O	O	O	O	O	O	_	_	_	_	_	_
nouvelle	O	O	O	O	O	O	_	_	_	_	_	_
offen	O	O	O	O	O	O	_	_	NoSpaceAfter	_	_	_
,	O	O	O	O	O	O	_	_	_	_	_	_
sive	O	O	O	O	O	O	_	_	_	_	_	_
all	O	O	O	O	O	O	_	_	_	_	_	_
Sud	O	O	O	O	O	O	_	_	NoSpaceAfter	_	_	_
-	O	O	O	O	O	O	_	_	NoSpaceAfter	_	_	_
Liban	O	O	O	O	O	O	_	_	_	_	_	_
¥	O	O	O	O	O	O	_	_	_	_	_	_
endredi	O	O	O	O	O	O	_	_	_	_	_	_
matin	O	O	O	O	O	O	_	_	_	_	_	_
contre	O	O	O	O	O	O	_	_	_	_	_	_
des	O	O	O	O	O	O	_	_	_	_	_	_
objectifs	O	O	O	O	O	O	_	_	EndOfLine	_	_	_
# segment_iiif_link = https://impresso-project.ch/api/proxy/iiif/JDG-1980-12-20-a-p0014/1065,2568,1708,62/full/0/default.jpg
niens	O	O	O	O	O	O	_	_	NoSpaceAfter	_	_	_
,	O	O	O	O	O	O	_	_	_	_	_	_
rapporte	O	O	O	O	O	O	_	_	_	_	_	_
l	O	O	O	O	O	O	_	_	NoSpaceAfter	_	_	_
'	O	O	O	O	O	O	_	_	NoSpaceAfter	_	_	_
agence	O	O	O	O	O	O	_	_	_	_	_	_
palestinienne	O	O	O	O	O	O	_	_	_	_	_	_
Wafa	O	O	O	O	O	O	_	_	NoSpaceAfter	_	_	_
.	O	O	O	O	O	O	_	_	_	_	_	_
Selon	O	O	O	O	O	O	_	_	_	_	_	_
l	O	O	O	O	O	O	_	_	NoSpaceAfter	_	_	_
'	O	O	O	O	O	O	_	_	NoSpaceAfter	_	_	_
agence	O	O	O	O	O	O	_	_	_	_	_	_
Wafa	O	O	O	O	O	O	_	_	NoSpaceAfter	_	_	_
,	O	O	O	O	O	O	_	_	_	_	_	_
17	O	O	O	O	O	O	_	_	_	_	_	_
Israéliens	O	O	O	O	O	O	_	_	_	_	_	_
ont	O	O	O	O	O	O	_	_	_	_	_	_
été	O	O	O	O	O	O	_	_	_	_	_	_
tués	O	O	O	O	O	O	_	_	_	_	_	_
ou	O	O	O	O	O	O	_	_	_	_	_	_
blessés	O	O	O	O	O	O	_	_	_	_	_	_
lors	O	O	O	O	O	O	_	_	_	_	_	_
du	O	O	O	O	O	O	_	_	EndOfLine	_	_	_
# segment_iiif_link = https://impresso-project.ch/api/proxy/iiif/JDG-1980-12-20-a-p0014/1100,2588,1347,60/full/0/default.jpg
id	O	O	O	O	O	O	_	_	NoSpaceAfter	_	_	_
'	O	O	O	O	O	O	_	_	NoSpaceAfter	_	_	_
.	O	O	O	O	O	O	_	_	NoSpaceAfter	EndOfSentence	_	_
.	O	O	O	O	O	O	_	_	_	EndOfSentence	_	_
d	O	O	O	O	O	O	_	_	_	_	_	_
kil	O	O	O	O	O	O	_	_	NoSpaceAfter	_	_	_
'	O	O	O	O	O	O	_	_	NoSpaceAfter	_	_	_
d	O	O	O	O	O	O	_	_	_	_	_	_
d	O	O	O	O	O	O	_	_	_	_	_	_
I	O	O	O	O	O	O	_	_	_	_	_	_
(	O	O	O	O	O	O	_	_	NoSpaceAfter	_	_	_
r	O	O	O	O	O	O	_	_	_	_	_	_
.	O	O	O	O	O	O	_	_	NoSpaceAfter	EndOfSentence	_	_
.	O	O	O	O	O	O	_	_	NoSpaceAfter	_	_	_
,	O	O	O	O	O	O	_	_	_	_	_	_
'	O	O	O	O	O	O	_	_	NoSpaceAfter	_	_	_
Ii	O	O	O	O	O	O	_	_	_	_	_	_
L	O	O	O	O	O	O	_	_	NoSpaceAfter	_	_	_
'	O	O	O	O	O	O	_	_	NoSpaceAfter	_	_	_
f	O	O	O	O	O	O	_	_	NoSpaceAfter	_	_	_
'	O	O	O	O	O	O	_	_	NoSpaceAfter	_	_	_
.	O	O	O	O	O	O	_	_	EndOfLine	EndOfSentence	_	_
# segment_iiif_link = https://impresso-project.ch/api/proxy/iiif/JDG-1980-12-20-a-p0014/1065,2608,1711,65/full/0/default.jpg
rai	O	O	O	O	O	O	_	_	_	_	_	_
~	O	O	O	O	O	O	_	_	_	_	_	_
une	O	O	O	O	O	O	_	_	_	_	_	_
qum	O	O	O	O	O	O	_	_	NoSpaceAfter	_	_	_
.	O	O	O	O	O	O	_	_	_	EndOfSentence	_	_
zame	O	O	O	O	O	O	_	_	_	_	_	_
e	O	O	O	O	O	O	_	_	NoSpaceAfter	_	_	_
.	O	O	O	O	O	O	_	_	_	EndOfSentence	_	_
ometres	O	O	O	O	O	O	_	_	_	_	_	_
au	O	O	O	O	O	O	_	_	_	_	_	_
I	O	O	O	O	O	O	_	_	_	_	_	_
!	O	O	O	O	O	O	_	_	NoSpaceAfter	EndOfSentence	_	_
~	O	O	O	O	O	O	_	_	_	_	_	_
r	O	O	O	O	O	O	_	_	_	_	_	_
e	O	O	O	O	O	O	_	_	NoSpaceAfter	_	_	_
.	O	O	O	O	O	O	_	_	_	EndOfSentence	_	_
a	O	O	O	O	O	O	_	_	_	_	_	_
ontier	O	O	O	O	O	O	_	_	_	_	_	_
~	O	O	O	O	O	O	_	_	_	_	_	_
ssrae	O	O	O	O	O	O	_	_	_	_	_	_
enne	O	O	O	O	O	O	_	_	NoSpaceAfter	_	_	_
.	O	O	O	O	O	O	_	_	_	EndOfSentence	_	_
agence	O	O	O	O	O	O	_	_	_	_	_	_
lUt	O	O	O	O	O	O	_	_	_	_	_	_
e	O	O	O	O	O	O	_	_	_	_	_	_
~	O	O	O	O	O	O	_	_	_	_	_	_
at	O	O	O	O	O	O	_	_	_	_	_	_
de	O	O	O	O	O	O	_	_	_	_	_	_
quam	O	O	O	O	O	O	_	_	_	_	_	_
:	O	O	O	O	O	O	_	_	_	_	_	_
blessés	O	O	O	O	O	O	_	_	EndOfLine	_	_	_
# segment_iiif_link = https://impresso-project.ch/api/proxy/iiif/JDG-1980-12-20-a-p0014/1065,2648,1707,62/full/0/default.jpg
parmi	O	O	O	O	O	O	_	_	_	_	_	_
les	O	O	O	O	O	O	_	_	_	_	_	_
fedaymes	O	O	O	O	O	O	_	_	NoSpaceAfter	_	_	_
.	O	O	O	O	O	O	_	_	_	EndOfSentence	_	_
Mals	O	O	O	O	O	O	_	_	NoSpaceAfter	_	_	_
,	O	O	O	O	O	O	_	_	_	_	_	_
selon	O	O	O	O	O	O	_	_	_	_	_	_
des	O	O	O	O	O	O	_	_	_	_	_	_
habitants	O	O	O	O	O	O	_	_	_	_	_	_
du	O	O	O	O	O	O	_	_	_	_	_	_
secteur	O	O	O	O	O	O	_	_	_	_	_	_
,	O	O	O	O	O	O	_	_	NoSpaceAfter	_	_	_
.	O	O	O	O	O	O	_	_	_	EndOfSentence	_	_
cinq	O	O	O	O	O	O	_	_	_	_	_	_
membres	O	O	O	O	O	O	_	_	_	_	_	_
des	O	O	O	O	O	O	_	_	_	_	_	_
for	O	O	O	O	O	O	_	_	_	_	_	_
~	O	O	O	O	O	O	_	_	_	_	_	_
~	O	O	O	O	O	O	_	_	_	_	_	_
alestmo	O	O	O	O	O	O	_	_	NoSpaceAfter	_	_	_
-	O	O	O	O	O	O	_	_	NoSpaceAfter	_	_	_
p	O	O	O	O	O	O	_	_	_	_	_	_
~	O	O	O	O	O	O	_	_	NoSpaceAfter	_	_	_
?	O	O	O	O	O	O	_	_	_	EndOfSentence	_	_
gr	O	O	O	O	O	O	_	_	_	_	_	_
~	O	O	O	O	O	O	_	_	_	_	_	_
lstes	O	O	O	O	O	O	_	_	_	_	_	_
~	O	O	O	O	O	O	_	_	_	_	_	_
nt	O	O	O	O	O	O	_	_	EndOfLine	_	_	_
# segment_iiif_link = https://impresso-project.ch/api/proxy/iiif/JDG-1980-12-20-a-p0014/1952,2710,190,50/full/0/default.jpg
•	O	O	O	O	O	O	_	_	NoSpaceAfter	_	_	_
'	O	O	O	O	O	O	_	_	NoSpaceAfter	_	_	_
.	O	O	O	O	O	O	_	_	EndOfLine	EndOfSentence	_	_
# segment_iiif_link = https://impresso-project.ch/api/proxy/iiif/JDG-1980-12-20-a-p0014/2132,2710,653,50/full/0/default.jpg
h	O	O	O	O	O	O	_	_	_	_	_	_
"	O	O	O	O	O	O	_	_	NoSpaceAfter	_	_	_
"	O	O	O	O	O	O	_	_	NoSpaceAfter	_	_	_
"	O	O	O	O	O	O	_	_	NoSpaceAfter	_	_	_
"	O	O	O	O	O	O	_	_	NoSpaceAfter	_	_	_
"	O	O	O	O	O	O	_	_	_	_	_	_
'	O	O	O	O	O	O	_	_	NoSpaceAfter	_	_	_
'	O	O	O	O	O	O	_	_	NoSpaceAfter	_	_	_
'	O	O	O	O	O	O	_	_	NoSpaceAfter	_	_	_
'	O	O	O	O	O	O	_	_	NoSpaceAfter	_	_	_
~	O	O	O	O	O	O	_	_	NoSpaceAfter	_	_	_
~	O	O	O	O	O	O	_	_	NoSpaceAfter	_	_	_
'	O	O	O	O	O	O	_	_	NoSpaceAfter	_	_	_
~	O	O	O	O	O	O	_	_	NoSpaceAfter	_	_	_
'	O	O	O	O	O	O	_	_	NoSpaceAfter	_	_	_
'	O	O	O	O	O	O	_	_	NoSpaceAfter	_	_	_
'	O	O	O	O	O	O	_	_	NoSpaceAfter	_	_	_
~	O	O	O	O	O	O	_	_	NoSpaceAfter	_	_	_
'	O	O	O	O	O	O	_	_	NoSpaceAfter	_	_	_
~	O	O	O	O	O	O	_	_	NoSpaceAfter	_	_	_
~	O	O	O	O	O	O	_	_	_	_	_	_
"	O	O	O	O	O	O	_	_	NoSpaceAfter	_	_	_
"	O	O	O	O	O	O	_	_	NoSpaceAfter	_	_	_
.	O	O	O	O	O	O	_	_	_	_	_	_
1	O	O	O	O	O	O	_	_	NoSpaceAfter	_	_	_
.	O	O	O	O	O	O	_	_	NoSpaceAfter	_	_	_
'	O	O	O	O	O	O	_	_	NoSpaceAfter	_	_	_
-	O	O	O	O	O	O	_	_	NoSpaceAfter	_	_	_
;	O	O	O	O	O	O	_	_	NoSpaceAfter	_	_	_
.	O	O	O	O	O	O	_	_	NoSpaceAfter	_	_	_
'	O	O	O	O	O	O	_	_	NoSpaceAfter	_	_	_
:	O	O	O	O	O	O	_	_	_	_	_	_
"	O	O	O	O	O	O	_	_	NoSpaceAfter	_	_	_
"	O	O	O	O	O	O	_	_	NoSpaceAfter	_	_	_
'	O	O	O	O	O	O	_	_	NoSpaceAfter	_	_	_
'	O	O	O	O	O	O	_	_	NoSpaceAfter	_	_	_
'	O	O	O	O	O	O	_	_	NoSpaceAfter	_	_	_
'	O	O	O	O	O	O	_	_	NoSpaceAfter	_	_	_
'	O	O	O	O	O	O	_	_	NoSpaceAfter	_	_	_
'	O	O	O	O	O	O	_	_	NoSpaceAfter	_	_	_
'	O	O	O	O	O	O	_	_	NoSpaceAfter	_	_	_
'	O	O	O	O	O	O	_	_	NoSpaceAfter	_	_	_
'	O	O	O	O	O	O	_	_	_	_	_	_
'	O	O	O	O	O	O	_	_	NoSpaceAfter	_	_	_
I	O	O	O	O	O	O	_	_	_	_	_	_
<	O	O	O	O	O	O	_	_	NoSpaceAfter	_	_	_
"	O	O	O	O	O	O	_	_	NoSpaceAfter	_	_	_
'	O	O	O	O	O	O	_	_	_	_	_	_
li	O	O	O	O	O	O	_	_	EndOfLine	_	_	_
# segment_iiif_link = https://impresso-project.ch/api/proxy/iiif/JDG-1980-12-20-a-p0014/1940,2728,820,65/full/0/default.jpg
I	O	O	O	O	O	O	_	_	_	_	_	_
estomac	O	O	O	O	O	O	_	_	_	_	_	_
par	O	O	O	O	O	O	_	_	_	_	_	_
une	O	O	O	O	O	O	_	_	_	_	_	_
grenade	O	O	O	O	O	O	_	_	_	_	_	_
.	O	O	O	O	O	O	_	_	NoSpaceAfter	EndOfSentence	_	_
.	O	O	O	O	O	O	_	_	_	EndOfSentence	_	_
Le	O	O	O	O	O	O	_	_	_	_	_	_
caporal	O	O	O	O	O	O	_	_	_	_	_	_
a	O	O	O	O	O	O	_	_	_	_	_	_
ete	O	O	O	O	O	O	_	_	EndOfLine	_	_	_
# segment_iiif_link = https://impresso-project.ch/api/proxy/iiif/JDG-1980-12-20-a-p0014/1940,2770,825,62/full/0/default.jpg
porté	O	O	O	O	O	O	_	_	_	_	_	_
en	O	O	O	O	O	O	_	_	_	_	_	_
Israël	O	O	O	O	O	O	_	_	_	_	_	_
pour	O	O	O	O	O	O	_	_	_	_	_	_
y	O	O	O	O	O	O	_	_	_	_	_	_
recevoir	O	O	O	O	O	O	_	_	_	_	_	_
des	O	O	O	O	O	O	_	_	_	_	_	_
~	O	O	O	O	O	O	_	_	_	_	_	_
oin	O	O	O	O	O	O	_	_	_	_	_	_
~	O	O	O	O	O	O	_	_	NoSpaceAfter	_	_	_
.	O	O	O	O	O	O	_	_	_	EndOfSentence	_	_
S	O	O	O	O	O	O	_	_	_	_	_	_
~	O	O	O	O	O	O	_	_	_	_	_	_
lon	O	O	O	O	O	O	_	_	_	_	_	_
des	O	O	O	O	O	O	_	_	EndOfLine	_	_	_
# segment_iiif_link = https://impresso-project.ch/api/proxy/iiif/JDG-1980-12-20-a-p0014/1940,2808,825,65/full/0/default.jpg
m	O	O	O	O	O	O	_	_	_	_	_	_
~	O	O	O	O	O	O	_	_	_	_	_	_
m	O	O	O	O	O	O	_	_	_	_	_	_
~	O	O	O	O	O	O	_	_	_	_	_	_
resçie	O	O	O	O	O	O	_	_	NoSpaceAfter	_	_	_
,	O	O	O	O	O	O	_	_	_	_	_	_
I	O	O	O	O	O	O	_	_	_	_	_	_
~	O	O	O	O	O	O	_	_	NoSpaceAfter	_	_	_
.	O	O	O	O	O	O	_	_	_	EndOfSentence	_	_
F	O	O	O	O	O	O	_	_	NoSpaceAfter	_	_	_
.	O	O	O	O	O	O	_	_	_	_	_	_
I	O	O	O	O	O	O	_	_	_	_	_	_
~	O	O	O	O	O	O	_	_	_	_	_	_
UL	O	O	O	O	O	O	_	_	NoSpaceAfter	_	_	_
,	O	O	O	O	O	O	_	_	_	_	_	_
450	O	O	O	O	O	O	_	_	_	_	_	_
obu	O	O	O	O	O	O	_	_	_	_	_	_
~	O	O	O	O	O	O	_	_	_	_	_	_
d	O	O	O	O	O	O	_	_	_	_	_	_
artillerie	O	O	O	O	O	O	_	_	_	_	_	_
ou	O	O	O	O	O	O	_	_	_	_	_	_
de	O	O	O	O	O	O	_	_	EndOfLine	_	_	_
# segment_iiif_link = https://impresso-project.ch/api/proxy/iiif/JDG-1980-12-20-a-p0014/1940,2848,828,65/full/0/default.jpg
?	O	O	O	O	O	O	_	_	_	EndOfSentence	_	_
lmde	O	O	O	O	O	O	_	_	_	_	_	_
~	O	O	O	O	O	O	_	_	_	_	_	_
ont	O	O	O	O	O	O	_	_	_	_	_	_
~	O	O	O	O	O	O	_	_	_	_	_	_
te	O	O	O	O	O	O	_	_	_	_	_	_
tires	O	O	O	O	O	O	_	_	_	_	_	_
au	O	O	O	O	O	O	_	_	_	_	_	_
cou	O	O	O	O	O	O	_	_	_	_	_	_
!	O	O	O	O	O	O	_	_	_	_	_	_
s	O	O	O	O	O	O	_	_	NoSpaceAfter	_	_	_
.	O	O	O	O	O	O	_	_	_	EndOfSentence	_	_
de	O	O	O	O	O	O	_	_	_	_	_	_
I	O	O	O	O	O	O	_	_	_	_	_	_
attaqu	O	O	O	O	O	O	_	_	_	_	_	_
~	O	O	O	O	O	O	_	_	NoSpaceAfter	_	_	_
,	O	O	O	O	O	O	_	_	NoSpaceAfter	_	_	_
.	O	O	O	O	O	O	_	_	_	EndOfSentence	_	_
dont	O	O	O	O	O	O	_	_	_	_	_	_
4	O	O	O	O	O	O	_	_	_	_	_	_
~	O	O	O	O	O	O	_	_	_	_	_	_
0	O	O	O	O	O	O	_	_	EndOfLine	_	_	_
# segment_iiif_link = https://impresso-project.ch/api/proxy/iiif/JDG-1980-12-20-a-p0014/1940,2885,820,62/full/0/default.jpg
a	O	O	O	O	O	O	_	_	_	_	_	_
.	O	O	O	O	O	O	_	_	NoSpaceAfter	EndOfSentence	_	_
,	O	O	O	O	O	O	_	_	_	_	_	_
partlr	O	O	O	O	O	O	_	_	_	_	_	_
de	O	O	O	O	O	O	_	_	_	_	_	_
J	O	O	O	O	O	O	_	_	_	_	_	_
enclave	O	O	O	O	O	O	_	_	_	_	_	_
contrC	O	O	O	O	O	O	_	_	_	_	_	_
!	O	O	O	O	O	O	_	_	NoSpaceAfter	EndOfSentence	_	_
.	O	O	O	O	O	O	_	_	_	EndOfSentence	_	_
1	O	O	O	O	O	O	_	_	_	_	_	_
eepar	O	O	O	O	O	O	_	_	_	_	_	_
les	O	O	O	O	O	O	_	_	_	_	_	_
milices	O	O	O	O	O	O	_	_	EndOfLine	_	_	_
# segment_iiif_link = https://impresso-project.ch/api/proxy/iiif/JDG-1980-12-20-a-p0014/1938,2922,820,65/full/0/default.jpg
tiennes	O	O	O	O	O	O	_	_	_	_	_	_
s	O	O	O	O	O	O	_	_	_	_	_	_
?	O	O	O	O	O	O	_	_	NoSpaceAfter	_	_	_
!	O	O	O	O	O	O	_	_	NoSpaceAfter	EndOfSentence	_	_
!	O	O	O	O	O	O	_	_	_	_	_	_
te	O	O	O	O	O	O	_	_	_	_	_	_
!	O	O	O	O	O	O	_	_	_	_	_	_
lue	O	O	O	O	O	O	_	_	_	_	_	_
~	O	O	O	O	O	O	_	_	_	_	_	_
p	O	O	O	O	O	O	_	_	_	_	_	_
~	O	O	O	O	O	O	_	_	_	_	_	_
r	O	O	O	O	O	O	_	_	_	_	_	_
Is	O	O	O	O	O	O	_	_	_	_	_	_
~	O	O	O	O	O	O	_	_	_	_	_	_
ael	O	O	O	O	O	O	_	_	NoSpaceAfter	_	_	_
.	O	O	O	O	O	O	_	_	_	EndOfSentence	_	_
A	O	O	O	O	O	O	_	_	_	_	_	_
~	O	O	O	O	O	O	_	_	_	_	_	_
amas	O	O	O	O	O	O	_	_	NoSpaceAfter	_	_	_
,	O	O	O	O	O	O	_	_	_	_	_	_
un	O	O	O	O	O	O	_	_	EndOfLine	_	_	_
# segment_iiif_link = https://impresso-project.ch/api/proxy/iiif/JDG-1980-12-20-a-p0014/1940,2960,823,65/full/0/default.jpg
portepar	O	O	O	O	O	O	_	_	_	_	_	_
~	O	O	O	O	O	O	_	_	_	_	_	_
lle	O	O	O	O	O	O	_	_	_	_	_	_
~	O	O	O	O	O	O	_	_	_	_	_	_
11	O	O	O	O	O	O	_	_	_	_	_	_
!	O	O	O	O	O	O	_	_	_	_	_	_
tl	O	O	O	O	O	O	_	_	NoSpaceAfter	_	_	_
}	O	O	O	O	O	O	_	_	_	_	_	_
1	O	O	O	O	O	O	_	_	_	_	_	_
f	O	O	O	O	O	O	_	_	_	_	_	_
~	O	O	O	O	O	O	_	_	_	_	_	_
a	O	O	O	O	O	O	_	_	_	_	_	_
declare	O	O	O	O	O	O	_	_	_	_	_	_
que	O	O	O	O	O	O	_	_	NoSpaceAfter	_	_	_
,	O	O	O	O	O	O	_	_	_	_	_	_
trOIS	O	O	O	O	O	O	_	_	_	_	_	_
soldats	O	O	O	O	O	O	_	_	_	_	_	_
s	O	O	O	O	O	O	_	_	_	_	_	_
~	O	O	O	O	O	O	_	_	_	_	_	_
ne	O	O	O	O	O	O	_	_	_	_	_	_
~	O	O	O	O	O	O	_	_	_	_	_	_
s	O	O	O	O	O	O	_	_	EndOfLine	_	_	_
# segment_iiif_link = https://impresso-project.ch/api/proxy/iiif/JDG-1980-12-20-a-p0014/1940,2992,822,65/full/0/default.jpg
avaient	O	O	O	O	O	O	_	_	_	_	_	_
ete	O	O	O	O	O	O	_	_	_	_	_	_
tues	O	O	O	O	O	O	_	_	_	_	_	_
et	O	O	O	O	O	O	_	_	_	_	_	_
deux	O	O	O	O	O	O	_	_	_	_	_	_
blesses	O	O	O	O	O	O	_	_	_	_	_	_
par	O	O	O	O	O	O	_	_	_	_	_	_
des	O	O	O	O	O	O	_	_	_	_	_	_
tirs	O	O	O	O	O	O	_	_	EndOfLine	_	_	_
# segment_iiif_link = https://impresso-project.ch/api/proxy/iiif/JDG-1980-12-20-a-p0014/1940,3025,622,62/full/0/default.jpg
israeliens	O	O	O	O	O	O	_	_	_	_	_	_
à	O	O	O	O	O	O	_	_	_	_	_	_
proximité	O	O	O	O	O	O	_	_	_	_	_	_
du	O	O	O	O	O	O	_	_	_	_	_	_
vil	O	O	O	O	O	O	_	_	_	_	_	_
1	O	O	O	O	O	O	_	_	_	_	_	_
age	O	O	O	O	O	O	_	_	_	_	_	_
de	O	O	O	O	O	O	_	_	_	_	_	_
Rihan	O	O	O	O	O	O	_	_	NoSpaceAfter	_	_	_
.	O	O	O	O	O	O	_	_	EndOfLine	EndOfSentence	_	_
# segment_iiif_link = https://impresso-project.ch/api/proxy/iiif/JDG-1980-12-20-a-p0014/1988,3060,8,65/full/0/default.jpg
'	O	O	O	O	O	O	_	_	EndOfLine|NoSpaceAfter	_	_	_
# segment_iiif_link = https://impresso-project.ch/api/proxy/iiif/JDG-1980-12-20-a-p0014/2000,3142,763,60/full/0/default.jpg
Le	O	O	O	O	O	O	_	_	_	_	_	_
général	O	O	O	O	O	O	_	_	_	_	_	_
David	O	O	O	O	O	O	_	_	_	_	_	_
Jones	O	O	O	O	O	O	_	_	NoSpaceAfter	_	_	_
,	O	O	O	O	O	O	_	_	_	_	_	_
chef	O	O	O	O	O	O	_	_	_	_	_	_
d	O	O	O	O	O	O	_	_	NoSpaceAfter	_	_	_
'	O	O	O	O	O	O	_	_	NoSpaceAfter	_	_	_
état	O	O	O	O	O	O	_	_	NoSpaceAfter	_	_	_
-	O	O	O	O	O	O	_	_	NoSpaceAfter	_	_	_
major	O	O	O	O	O	O	_	_	EndOfLine	_	_	_
# segment_iiif_link = https://impresso-project.ch/api/proxy/iiif/JDG-1980-12-20-a-p0014/1940,3178,812,65/full/0/default.jpg
interarmes	O	O	O	O	O	O	_	_	_	_	_	_
de	O	O	O	O	O	O	_	_	_	_	_	_
l	O	O	O	O	O	O	_	_	NoSpaceAfter	_	_	_
'	O	O	O	O	O	O	_	_	NoSpaceAfter	_	_	_
armée	O	O	O	O	O	O	_	_	_	_	_	_
américaine	O	O	O	O	O	O	_	_	NoSpaceAfter	_	_	_
,	O	O	O	O	O	O	_	_	_	_	_	_
a	O	O	O	O	O	O	_	_	_	_	_	_
quitté	O	O	O	O	O	O	_	_	_	_	_	_
Washington	O	O	O	O	O	O	_	_	EndOfLine	_	_	_
# segment_iiif_link = https://impresso-project.ch/api/proxy/iiif/JDG-1980-12-20-a-p0014/1938,3215,825,65/full/0/default.jpg
jeudi	O	O	O	O	O	O	_	_	_	_	_	_
SOifpour	O	O	O	O	O	O	_	_	_	_	_	_
effectuer	O	O	O	O	O	O	_	_	_	_	_	_
une	O	O	O	O	O	O	_	_	_	_	_	_
visite	O	O	O	O	O	O	_	_	_	_	_	_
de	O	O	O	O	O	O	_	_	_	_	_	_
dix	O	O	O	O	O	O	_	_	_	_	_	_
jours	O	O	O	O	O	O	_	_	_	_	_	_
au	O	O	O	O	O	O	_	_	EndOfLine	_	_	_
# segment_iiif_link = https://impresso-project.ch/api/proxy/iiif/JDG-1980-12-20-a-p0014/1940,3252,825,65/full/0/default.jpg
Proche	O	O	O	O	O	O	_	_	NoSpaceAfter	_	_	_
-	O	O	O	O	O	O	_	_	NoSpaceAfter	_	_	_
Orient	O	O	O	O	O	O	_	_	NoSpaceAfter	_	_	_
.	O	O	O	O	O	O	_	_	_	EndOfSentence	_	_
Cette	O	O	O	O	O	O	_	_	_	_	_	_
visite	O	O	O	O	O	O	_	_	_	_	_	_
le	O	O	O	O	O	O	_	_	_	_	_	_
conduira	O	O	O	O	O	O	_	_	EndOfLine	_	_	_
# segment_iiif_link = https://impresso-project.ch/api/proxy/iiif/JDG-1980-12-20-a-p0014/1940,3292,828,62/full/0/default.jpg
successivement	O	O	O	O	O	O	_	_	_	_	_	_
en	O	O	O	O	O	O	_	_	_	_	_	_
Jordanie	O	O	O	O	O	O	_	_	NoSpaceAfter	_	_	_
,	O	O	O	O	O	O	_	_	_	_	_	_
en	O	O	O	O	O	O	_	_	_	_	_	_
Égypte	O	O	O	O	O	O	_	_	_	_	_	_
et	O	O	O	O	O	O	_	_	_	_	_	_
en	O	O	O	O	O	O	_	_	_	_	_	_
Israël	O	O	O	O	O	O	_	_	_	_	_	_
où	O	O	O	O	O	O	_	_	_	_	_	_
il	O	O	O	O	O	O	_	_	EndOfLine	_	_	_
# segment_iiif_link = https://impresso-project.ch/api/proxy/iiif/JDG-1980-12-20-a-p0014/1940,3330,823,65/full/0/default.jpg
poursuivra	O	O	O	O	O	O	_	_	_	_	_	_
les	O	O	O	O	O	O	_	_	_	_	_	_
entretiens	O	O	O	O	O	O	_	_	_	_	_	_
qu	O	O	O	O	O	O	_	_	NoSpaceAfter	_	_	_
'	O	O	O	O	O	O	_	_	NoSpaceAfter	_	_	_
il	O	O	O	O	O	O	_	_	_	_	_	_
a	O	O	O	O	O	O	_	_	_	_	_	_
déjà	O	O	O	O	O	O	_	_	_	_	_	_
eus	O	O	O	O	O	O	_	_	_	_	_	_
à	O	O	O	O	O	O	_	_	EndOfLine	_	_	_
# segment_iiif_link = https://impresso-project.ch/api/proxy/iiif/JDG-1980-12-20-a-p0014/1940,3368,825,65/full/0/default.jpg
Washington	O	O	O	O	O	O	_	_	_	_	_	_
au	O	O	O	O	O	O	_	_	_	_	_	_
cours	O	O	O	O	O	O	_	_	_	_	_	_
des	O	O	O	O	O	O	_	_	_	_	_	_
dernières	O	O	O	O	O	O	_	_	_	_	_	_
semaines	O	O	O	O	O	O	_	_	_	_	_	_
avec	O	O	O	O	O	O	_	_	_	_	_	_
des	O	O	O	O	O	O	_	_	EndOfLine	_	_	_
# segment_iiif_link = https://impresso-project.ch/api/proxy/iiif/JDG-1980-12-20-a-p0014/1940,3408,512,65/full/0/default.jpg
représentants	O	O	O	O	O	O	_	_	_	_	_	_
de	O	O	O	O	O	O	_	_	_	_	_	_
ces	O	O	O	O	O	O	_	_	_	_	_	_
trois	O	O	O	O	O	O	_	_	_	_	_	_
pays	O	O	O	O	O	O	_	_	NoSpaceAfter	_	_	_
.	O	O	O	O	O	O	_	_	EndOfLine	EndOfSentence	_	_

# language = fr
# newspaper = JDG
# date = 1987-10-19
# document_id = JDG-1987-10-19-a-i0047
# news-agency-as-source = Q40464
# segment_iiif_link = https://impresso-project.ch/api/proxy/iiif/JDG-1987-10-19-a-p0007/105,1888,383,73/full/0/default.jpg
Taux	O	O	O	O	O	O	_	_	_	_	_	_
maximal	O	O	O	O	O	O	_	_	EndOfLine	_	_	_
# segment_iiif_link = https://impresso-project.ch/api/proxy/iiif/JDG-1987-10-19-a-p0007/105,1947,449,73/full/0/default.jpg
de	O	O	O	O	O	O	_	_	_	_	_	_
radioactivité	O	O	O	O	O	O	_	_	_	_	_	_
:	O	O	O	O	O	O	_	_	EndOfLine	_	_	_
# segment_iiif_link = https://impresso-project.ch/api/proxy/iiif/JDG-1987-10-19-a-p0007/107,2007,423,73/full/0/default.jpg
la	O	O	O	O	O	O	_	_	_	_	_	_
CEE	O	O	O	O	O	O	_	_	_	_	_	_
cherche	O	O	O	O	O	O	_	_	EndOfLine	_	_	_
# segment_iiif_link = https://impresso-project.ch/api/proxy/iiif/JDG-1987-10-19-a-p0007/107,2068,322,73/full/0/default.jpg
un	O	O	O	O	O	O	_	_	_	_	_	_
accord	O	O	O	O	O	O	_	_	NoSpaceAfter	_	_	_
,	O	O	O	O	O	O	_	_	EndOfLine	_	_	_
# segment_iiif_link = https://impresso-project.ch/api/proxy/iiif/JDG-1987-10-19-a-p0007/132,2132,495,45/full/0/default.jpg
Luxembourg	O	O	O	O	O	O	_	_	NoSpaceAfter	_	_	_
,	O	O	O	O	O	O	_	_	_	_	_	_
18	O	O	O	O	O	O	_	_	_	_	_	_
(	O	O	O	O	O	O	_	_	NoSpaceAfter	_	_	_
AFP	B-org	O	B-org.ent.pressagency.AFP	O	O	O	Q40464	_	NoSpaceAfter	_	LED0.00	_
)	O	O	O	O	O	O	_	_	NoSpaceAfter	_	_	_
.	O	O	O	O	O	O	_	_	NoSpaceAfter	EndOfSentence	_	_
-	O	O	O	O	O	O	_	_	NoSpaceAfter	_	_	_
Les	O	O	O	O	O	O	_	_	_	_	_	_
ministres	O	O	O	O	O	O	_	_	_	_	_	_
des	O	O	O	O	O	O	_	_	EndOfLine	_	_	_
# segment_iiif_link = https://impresso-project.ch/api/proxy/iiif/JDG-1987-10-19-a-p0007/105,2158,520,45/full/0/default.jpg
Affaires	O	O	O	O	O	O	_	_	_	_	_	_
étrangères	O	O	O	O	O	O	_	_	_	_	_	_
des	O	O	O	O	O	O	_	_	_	_	_	_
Douze	O	O	O	O	O	O	_	_	_	_	_	_
réunis	O	O	O	O	O	O	_	_	_	_	_	_
lundi	O	O	O	O	O	O	_	_	_	_	_	_
a	O	O	O	O	O	O	_	_	EndOfLine	_	_	_
# segment_iiif_link = https://impresso-project.ch/api/proxy/iiif/JDG-1987-10-19-a-p0007/107,2183,520,43/full/0/default.jpg
Luxembourg	O	O	O	O	O	O	_	_	_	_	_	_
tenteront	O	O	O	O	O	O	_	_	_	_	_	_
de	O	O	O	O	O	O	_	_	_	_	_	_
définir	O	O	O	O	O	O	_	_	_	_	_	_
de	O	O	O	O	O	O	_	_	_	_	_	_
façon	O	O	O	O	O	O	_	_	EndOfLine	_	_	_
# segment_iiif_link = https://impresso-project.ch/api/proxy/iiif/JDG-1987-10-19-a-p0007/105,2208,523,45/full/0/default.jpg
permanente	O	O	O	O	O	O	_	_	_	_	_	_
des	O	O	O	O	O	O	_	_	_	_	_	_
niveaux	O	O	O	O	O	O	_	_	_	_	_	_
de	O	O	O	O	O	O	_	_	_	_	_	_
radioactivité	O	O	O	O	O	O	_	_	_	_	_	_
à	O	O	O	O	O	O	_	_	_	_	_	_
ne	O	O	O	O	O	O	_	_	_	_	_	_
pas	O	O	O	O	O	O	_	_	EndOfLine	_	_	_
# segment_iiif_link = https://impresso-project.ch/api/proxy/iiif/JDG-1987-10-19-a-p0007/103,2235,522,43/full/0/default.jpg
dépasser	O	O	O	O	O	O	_	_	_	_	_	_
dans	O	O	O	O	O	O	_	_	_	_	_	_
les	O	O	O	O	O	O	_	_	_	_	_	_
aliments	O	O	O	O	O	O	_	_	_	_	_	_
et	O	O	O	O	O	O	_	_	_	_	_	_
l	O	O	O	O	O	O	_	_	NoSpaceAfter	_	_	_
'	O	O	O	O	O	O	_	_	NoSpaceAfter	_	_	_
eau	O	O	O	O	O	O	_	_	_	_	_	_
potable	O	O	O	O	O	O	_	_	_	_	_	_
en	O	O	O	O	O	O	_	_	EndOfLine	_	_	_
# segment_iiif_link = https://impresso-project.ch/api/proxy/iiif/JDG-1987-10-19-a-p0007/103,2260,524,43/full/0/default.jpg
cas	O	O	O	O	O	O	_	_	_	_	_	_
d	O	O	O	O	O	O	_	_	NoSpaceAfter	_	_	_
'	O	O	O	O	O	O	_	_	NoSpaceAfter	_	_	_
accident	O	O	O	O	O	O	_	_	_	_	_	_
nucléaire	O	O	O	O	O	O	_	_	NoSpaceAfter	_	_	_
,	O	O	O	O	O	O	_	_	_	_	_	_
pour	O	O	O	O	O	O	_	_	_	_	_	_
remplacer	O	O	O	O	O	O	_	_	_	_	_	_
une	O	O	O	O	O	O	_	_	EndOfLine	_	_	_
# segment_iiif_link = https://impresso-project.ch/api/proxy/iiif/JDG-1987-10-19-a-p0007/105,2285,522,43/full/0/default.jpg
réglementation	O	O	O	O	O	O	_	_	_	_	_	_
provisoire	O	O	O	O	O	O	_	_	_	_	_	_
instaurée	O	O	O	O	O	O	_	_	EndOfLine	_	_	_
# segment_iiif_link = https://impresso-project.ch/api/proxy/iiif/JDG-1987-10-19-a-p0007/105,2310,521,45/full/0/default.jpg
immédiatement	O	O	O	O	O	O	_	_	_	_	_	_
après	O	O	O	O	O	O	_	_	_	_	_	_
la	O	O	O	O	O	O	_	_	_	_	_	_
catastrophe	O	O	O	O	O	O	_	_	_	_	_	_
de	O	O	O	O	O	O	_	_	_	_	_	_
Tchernobyl	O	O	O	O	O	O	_	_	_	_	_	_
(	O	O	O	O	O	O	_	_	NoSpaceAfter	_	_	_
avril	O	O	O	O	O	O	_	_	EndOfLine	_	_	_
# segment_iiif_link = https://impresso-project.ch/api/proxy/iiif/JDG-1987-10-19-a-p0007/130,2360,495,45/full/0/default.jpg
Ce	O	O	O	O	O	O	_	_	_	_	_	_
régime	O	O	O	O	O	O	_	_	_	_	_	_
provisoire	O	O	O	O	O	O	_	_	NoSpaceAfter	_	_	_
,	O	O	O	O	O	O	_	_	_	_	_	_
déjà	O	O	O	O	O	O	_	_	_	_	_	_
reconduit	O	O	O	O	O	O	_	_	_	_	_	_
deux	O	O	O	O	O	O	_	_	EndOfLine	_	_	_
# segment_iiif_link = https://impresso-project.ch/api/proxy/iiif/JDG-1987-10-19-a-p0007/105,2387,522,45/full/0/default.jpg
fois	O	O	O	O	O	O	_	_	_	_	_	_
expire	O	O	O	O	O	O	_	_	_	_	_	_
en	O	O	O	O	O	O	_	_	_	_	_	_
effet	O	O	O	O	O	O	_	_	_	_	_	_
à	O	O	O	O	O	O	_	_	_	_	_	_
la	O	O	O	O	O	O	_	_	_	_	_	_
fin	O	O	O	O	O	O	_	_	_	_	_	_
octobre	O	O	O	O	O	O	_	_	_	_	_	_
et	O	O	O	O	O	O	_	_	_	_	_	_
certains	O	O	O	O	O	O	_	_	EndOfLine	_	_	_
# segment_iiif_link = https://impresso-project.ch/api/proxy/iiif/JDG-1987-10-19-a-p0007/105,2412,522,45/full/0/default.jpg
Etats	O	O	O	O	O	O	_	_	_	_	_	_
membres	O	O	O	O	O	O	_	_	NoSpaceAfter	_	_	_
,	O	O	O	O	O	O	_	_	_	_	_	_
dont	O	O	O	O	O	O	_	_	_	_	_	_
la	O	O	O	O	O	O	_	_	_	_	_	_
France	O	O	O	O	O	O	_	_	NoSpaceAfter	_	_	_
,	O	O	O	O	O	O	_	_	_	_	_	_
s	O	O	O	O	O	O	_	_	NoSpaceAfter	_	_	_
'	O	O	O	O	O	O	_	_	NoSpaceAfter	_	_	_
opposent	O	O	O	O	O	O	_	_	_	_	_	_
à	O	O	O	O	O	O	_	_	_	_	_	_
ce	O	O	O	O	O	O	_	_	EndOfLine	_	_	_
# segment_iiif_link = https://impresso-project.ch/api/proxy/iiif/JDG-1987-10-19-a-p0007/103,2438,523,45/full/0/default.jpg
qu	O	O	O	O	O	O	_	_	NoSpaceAfter	_	_	_
'	O	O	O	O	O	O	_	_	NoSpaceAfter	_	_	_
il	O	O	O	O	O	O	_	_	_	_	_	_
soit	O	O	O	O	O	O	_	_	_	_	_	_
prorogé	O	O	O	O	O	O	_	_	NoSpaceAfter	_	_	_
,	O	O	O	O	O	O	_	_	_	_	_	_
indique	O	O	O	O	O	O	_	_	NoSpaceAfter	_	_	_
-	O	O	O	O	O	O	_	_	NoSpaceAfter	_	_	_
t	O	O	O	O	O	O	_	_	NoSpaceAfter	_	_	_
-	O	O	O	O	O	O	_	_	NoSpaceAfter	_	_	_
on	O	O	O	O	O	O	_	_	_	_	_	_
de	O	O	O	O	O	O	_	_	_	_	_	_
source	O	O	O	O	O	O	_	_	EndOfLine	_	_	_
# segment_iiif_link = https://impresso-project.ch/api/proxy/iiif/JDG-1987-10-19-a-p0007/103,2462,524,45/full/0/default.jpg
communautaire	O	O	O	O	O	O	_	_	NoSpaceAfter	_	_	_
.	O	O	O	O	O	O	_	_	_	EndOfSentence	_	_
Lors	O	O	O	O	O	O	_	_	_	_	_	_
de	O	O	O	O	O	O	_	_	_	_	_	_
leur	O	O	O	O	O	O	_	_	_	_	_	_
précédent	O	O	O	O	O	O	_	_	_	_	_	_
Conseil	O	O	O	O	O	O	_	_	NoSpaceAfter	_	_	_
,	O	O	O	O	O	O	_	_	_	_	_	_
le	O	O	O	O	O	O	_	_	EndOfLine	_	_	_
# segment_iiif_link = https://impresso-project.ch/api/proxy/iiif/JDG-1987-10-19-a-p0007/107,2488,518,43/full/0/default.jpg
14	O	O	O	O	O	O	_	_	_	_	_	_
septembre	O	O	O	O	O	O	_	_	_	_	_	_
à	O	O	O	O	O	O	_	_	_	_	_	_
Bruxelles	O	O	O	O	O	O	_	_	NoSpaceAfter	_	_	_
,	O	O	O	O	O	O	_	_	_	_	_	_
les	O	O	O	O	O	O	_	_	_	_	_	_
ministres	O	O	O	O	O	O	_	_	_	_	_	_
n	O	O	O	O	O	O	_	_	NoSpaceAfter	_	_	_
'	O	O	O	O	O	O	_	_	NoSpaceAfter	_	_	_
avaient	O	O	O	O	O	O	_	_	EndOfLine	_	_	_
# segment_iiif_link = https://impresso-project.ch/api/proxy/iiif/JDG-1987-10-19-a-p0007/103,2513,423,45/full/0/default.jpg
pas	O	O	O	O	O	O	_	_	_	_	_	_
réussi	O	O	O	O	O	O	_	_	_	_	_	_
à	O	O	O	O	O	O	_	_	_	_	_	_
s	O	O	O	O	O	O	_	_	NoSpaceAfter	_	_	_
'	O	O	O	O	O	O	_	_	NoSpaceAfter	_	_	_
entendre	O	O	O	O	O	O	_	_	_	_	_	_
sur	O	O	O	O	O	O	_	_	_	_	_	_
ce	O	O	O	O	O	O	_	_	_	_	_	_
dossier	O	O	O	O	O	O	_	_	NoSpaceAfter	_	_	_
.	O	O	O	O	O	O	_	_	EndOfLine	EndOfSentence	_	_
# segment_iiif_link = https://impresso-project.ch/api/proxy/iiif/JDG-1987-10-19-a-p0007/130,2538,495,45/full/0/default.jpg
La	O	O	O	O	O	O	_	_	_	_	_	_
Commission	O	O	O	O	O	O	_	_	_	_	_	_
européenne	O	O	O	O	O	O	_	_	_	_	_	_
a	O	O	O	O	O	O	_	_	_	_	_	_
propose	O	O	O	O	O	O	_	_	_	_	_	_
aux	O	O	O	O	O	O	_	_	EndOfLine	_	_	_
# segment_iiif_link = https://impresso-project.ch/api/proxy/iiif/JDG-1987-10-19-a-p0007/103,2563,523,45/full/0/default.jpg
ministres	O	O	O	O	O	O	_	_	_	_	_	_
d	O	O	O	O	O	O	_	_	NoSpaceAfter	_	_	_
'	O	O	O	O	O	O	_	_	NoSpaceAfter	_	_	_
adopter	O	O	O	O	O	O	_	_	_	_	_	_
des	O	O	O	O	O	O	_	_	_	_	_	_
niveaux	O	O	O	O	O	O	_	_	_	_	_	_
maximaux	O	O	O	O	O	O	_	_	EndOfLine	_	_	_
# segment_iiif_link = https://impresso-project.ch/api/proxy/iiif/JDG-1987-10-19-a-p0007/103,2590,524,43/full/0/default.jpg
allant	O	O	O	O	O	O	_	_	_	_	_	_
de	O	O	O	O	O	O	_	_	_	_	_	_
800	O	O	O	O	O	O	_	_	_	_	_	_
à	O	O	O	O	O	O	_	_	_	_	_	_
1250	O	O	O	O	O	O	_	_	_	_	_	_
becquerels	O	O	O	O	O	O	_	_	_	_	_	_
par	O	O	O	O	O	O	_	_	_	_	_	_
kilogramme	O	O	O	O	O	O	_	_	EndOfLine	_	_	_
# segment_iiif_link = https://impresso-project.ch/api/proxy/iiif/JDG-1987-10-19-a-p0007/103,2615,524,43/full/0/default.jpg
selon	O	O	O	O	O	O	_	_	_	_	_	_
les	O	O	O	O	O	O	_	_	_	_	_	_
types	O	O	O	O	O	O	_	_	_	_	_	_
d	O	O	O	O	O	O	_	_	NoSpaceAfter	_	_	_
'	O	O	O	O	O	O	_	_	NoSpaceAfter	_	_	_
aliments	O	O	O	O	O	O	_	_	_	_	_	_
(	O	O	O	O	O	O	_	_	NoSpaceAfter	_	_	_
pour	O	O	O	O	O	O	_	_	_	_	_	_
l	O	O	O	O	O	O	_	_	NoSpaceAfter	_	_	_
'	O	O	O	O	O	O	_	_	NoSpaceAfter	_	_	_
isotope	O	O	O	O	O	O	_	_	_	_	_	_
le	O	O	O	O	O	O	_	_	_	_	_	_
plus	O	O	O	O	O	O	_	_	EndOfLine	_	_	_
# segment_iiif_link = https://impresso-project.ch/api/proxy/iiif/JDG-1987-10-19-a-p0007/103,2640,524,45/full/0/default.jpg
courant	O	O	O	O	O	O	_	_	NoSpaceAfter	_	_	_
,	O	O	O	O	O	O	_	_	_	_	_	_
le	O	O	O	O	O	O	_	_	_	_	_	_
césium	O	O	O	O	O	O	_	_	NoSpaceAfter	_	_	_
)	O	O	O	O	O	O	_	_	NoSpaceAfter	_	_	_
,	O	O	O	O	O	O	_	_	_	_	_	_
c	O	O	O	O	O	O	_	_	NoSpaceAfter	_	_	_
'	O	O	O	O	O	O	_	_	NoSpaceAfter	_	_	_
est	O	O	O	O	O	O	_	_	NoSpaceAfter	_	_	_
-	O	O	O	O	O	O	_	_	NoSpaceAfter	_	_	_
à	O	O	O	O	O	O	_	_	NoSpaceAfter	_	_	_
-	O	O	O	O	O	O	_	_	NoSpaceAfter	_	_	_
dire	O	O	O	O	O	O	_	_	_	_	_	_
des	O	O	O	O	O	O	_	_	_	_	_	_
normes	O	O	O	O	O	O	_	_	EndOfLine	_	_	_
# segment_iiif_link = https://impresso-project.ch/api/proxy/iiif/JDG-1987-10-19-a-p0007/103,2665,523,45/full/0/default.jpg
moins	O	O	O	O	O	O	_	_	_	_	_	_
sévères	O	O	O	O	O	O	_	_	_	_	_	_
que	O	O	O	O	O	O	_	_	_	_	_	_
celles	O	O	O	O	O	O	_	_	_	_	_	_
actuellement	O	O	O	O	O	O	_	_	_	_	_	_
en	O	O	O	O	O	O	_	_	EndOfLine	_	_	_
# segment_iiif_link = https://impresso-project.ch/api/proxy/iiif/JDG-1987-10-19-a-p0007/103,2695,71,45/full/0/default.jpg
vigueur	O	O	O	O	O	O	_	_	NoSpaceAfter	_	_	_
.	O	O	O	O	O	O	_	_	EndOfLine	EndOfSentence	_	_
# segment_iiif_link = https://impresso-project.ch/api/proxy/iiif/JDG-1987-10-19-a-p0007/130,2715,497,45/full/0/default.jpg
Autour	O	O	O	O	O	O	_	_	_	_	_	_
de	O	O	O	O	O	O	_	_	_	_	_	_
ces	O	O	O	O	O	O	_	_	_	_	_	_
chiffres	O	O	O	O	O	O	_	_	NoSpaceAfter	_	_	_
,	O	O	O	O	O	O	_	_	_	_	_	_
deux	O	O	O	O	O	O	_	_	_	_	_	_
groupes	O	O	O	O	O	O	_	_	_	_	_	_
de	O	O	O	O	O	O	_	_	_	_	_	_
pays	O	O	O	O	O	O	_	_	EndOfLine	_	_	_
# segment_iiif_link = https://impresso-project.ch/api/proxy/iiif/JDG-1987-10-19-a-p0007/103,2742,524,45/full/0/default.jpg
devraient	O	O	O	O	O	O	_	_	_	_	_	_
s	O	O	O	O	O	O	_	_	NoSpaceAfter	_	_	_
'	O	O	O	O	O	O	_	_	NoSpaceAfter	_	_	_
opposer	O	O	O	O	O	O	_	_	_	_	_	_
lundi	O	O	O	O	O	O	_	_	_	_	_	_
au	O	O	O	O	O	O	_	_	_	_	_	_
sein	O	O	O	O	O	O	_	_	_	_	_	_
du	O	O	O	O	O	O	_	_	_	_	_	_
Conseil	O	O	O	O	O	O	_	_	_	_	_	_
des	O	O	O	O	O	O	_	_	EndOfLine	_	_	_
# segment_iiif_link = https://impresso-project.ch/api/proxy/iiif/JDG-1987-10-19-a-p0007/105,2767,522,45/full/0/default.jpg
ministres	O	O	O	O	O	O	_	_	NoSpaceAfter	_	_	_
,	O	O	O	O	O	O	_	_	_	_	_	_
estime	O	O	O	O	O	O	_	_	NoSpaceAfter	_	_	_
-	O	O	O	O	O	O	_	_	NoSpaceAfter	_	_	_
t	O	O	O	O	O	O	_	_	NoSpaceAfter	_	_	_
-	O	O	O	O	O	O	_	_	NoSpaceAfter	_	_	_
on	O	O	O	O	O	O	_	_	_	_	_	_
de	O	O	O	O	O	O	_	_	_	_	_	_
source	O	O	O	O	O	O	_	_	EndOfLine	_	_	_
# segment_iiif_link = https://impresso-project.ch/api/proxy/iiif/JDG-1987-10-19-a-p0007/105,2793,522,43/full/0/default.jpg
communautaire	O	O	O	O	O	O	_	_	NoSpaceAfter	_	_	_
.	O	O	O	O	O	O	_	_	_	EndOfSentence	_	_
D	O	O	O	O	O	O	_	_	NoSpaceAfter	_	_	_
'	O	O	O	O	O	O	_	_	NoSpaceAfter	_	_	_
un	O	O	O	O	O	O	_	_	_	_	_	_
côté	O	O	O	O	O	O	_	_	NoSpaceAfter	_	_	_
,	O	O	O	O	O	O	_	_	_	_	_	_
la	O	O	O	O	O	O	_	_	_	_	_	_
France	O	O	O	O	O	O	_	_	NoSpaceAfter	_	_	_
,	O	O	O	O	O	O	_	_	_	_	_	_
le	O	O	O	O	O	O	_	_	_	_	_	_
Royaume	O	O	O	O	O	O	_	_	NoSpaceAfter	_	_	_
-	O	O	O	O	O	O	_	_	NoSpaceAfter	_	_	_
Uni	O	O	O	O	O	O	_	_	_	_	_	_
et	O	O	O	O	O	O	_	_	EndOfLine	_	_	_
# segment_iiif_link = https://impresso-project.ch/api/proxy/iiif/JDG-1987-10-19-a-p0007/105,2818,522,45/full/0/default.jpg
l	O	O	O	O	O	O	_	_	NoSpaceAfter	_	_	_
'	O	O	O	O	O	O	_	_	NoSpaceAfter	_	_	_
Espagne	O	O	O	O	O	O	_	_	_	_	_	_
jugent	O	O	O	O	O	O	_	_	_	_	_	_
trop	O	O	O	O	O	O	_	_	_	_	_	_
sévères	O	O	O	O	O	O	_	_	_	_	_	_
les	O	O	O	O	O	O	_	_	_	_	_	_
normes	O	O	O	O	O	O	_	_	_	_	_	_
de	O	O	O	O	O	O	_	_	_	_	_	_
la	O	O	O	O	O	O	_	_	EndOfLine	_	_	_
# segment_iiif_link = https://impresso-project.ch/api/proxy/iiif/JDG-1987-10-19-a-p0007/103,2845,140,43/full/0/default.jpg
Commission	O	O	O	O	O	O	_	_	NoSpaceAfter	_	_	_
.	O	O	O	O	O	O	_	_	EndOfLine	EndOfSentence	_	_
# segment_iiif_link = https://impresso-project.ch/api/proxy/iiif/JDG-1987-10-19-a-p0007/105,2880,284,48/full/0/default.jpg
Normes	O	O	O	O	O	O	_	_	_	_	_	_
plus	O	O	O	O	O	O	_	_	_	_	_	_
strictes	O	O	O	O	O	O	_	_	EndOfLine	_	_	_
# segment_iiif_link = https://impresso-project.ch/api/proxy/iiif/JDG-1987-10-19-a-p0007/132,2913,497,43/full/0/default.jpg
Au	O	O	O	O	O	O	_	_	_	_	_	_
contraire	O	O	O	O	O	O	_	_	NoSpaceAfter	_	_	_
,	O	O	O	O	O	O	_	_	_	_	_	_
la	O	O	O	O	O	O	_	_	_	_	_	_
RFA	O	O	O	O	O	O	_	_	NoSpaceAfter	_	_	_
,	O	O	O	O	O	O	_	_	_	_	_	_
la	O	O	O	O	O	O	_	_	_	_	_	_
Belgique	O	O	O	O	O	O	_	_	NoSpaceAfter	_	_	_
,	O	O	O	O	O	O	_	_	_	_	_	_
les	O	O	O	O	O	O	_	_	EndOfLine	_	_	_
# segment_iiif_link = https://impresso-project.ch/api/proxy/iiif/JDG-1987-10-19-a-p0007/107,2938,520,45/full/0/default.jpg
Pays	O	O	O	O	O	O	_	_	NoSpaceAfter	_	_	_
-	O	O	O	O	O	O	_	_	NoSpaceAfter	_	_	_
Bas	O	O	O	O	O	O	_	_	_	_	_	_
le	O	O	O	O	O	O	_	_	_	_	_	_
Luxembourg	O	O	O	O	O	O	_	_	_	_	_	_
et	O	O	O	O	O	O	_	_	_	_	_	_
le	O	O	O	O	O	O	_	_	_	_	_	_
Portugal	O	O	O	O	O	O	_	_	_	_	_	_
réclament	O	O	O	O	O	O	_	_	EndOfLine	_	_	_
# segment_iiif_link = https://impresso-project.ch/api/proxy/iiif/JDG-1987-10-19-a-p0007/105,2963,524,45/full/0/default.jpg
des	O	O	O	O	O	O	_	_	_	_	_	_
normes	O	O	O	O	O	O	_	_	_	_	_	_
plus	O	O	O	O	O	O	_	_	_	_	_	_
strictes	O	O	O	O	O	O	_	_	NoSpaceAfter	_	_	_
,	O	O	O	O	O	O	_	_	_	_	_	_
se	O	O	O	O	O	O	_	_	_	_	_	_
rapprochant	O	O	O	O	O	O	_	_	_	_	_	_
de	O	O	O	O	O	O	_	_	EndOfLine	_	_	_
# segment_iiif_link = https://impresso-project.ch/api/proxy/iiif/JDG-1987-10-19-a-p0007/107,2990,521,43/full/0/default.jpg
celles	O	O	O	O	O	O	_	_	_	_	_	_
définies	O	O	O	O	O	O	_	_	_	_	_	_
après	O	O	O	O	O	O	_	_	_	_	_	_
Tchernobyl	O	O	O	O	O	O	_	_	_	_	_	_
(	O	O	O	O	O	O	_	_	NoSpaceAfter	_	_	_
entre	O	O	O	O	O	O	_	_	_	_	_	_
370	O	O	O	O	O	O	_	_	_	_	_	_
et	O	O	O	O	O	O	_	_	_	_	_	_
600	O	O	O	O	O	O	_	_	EndOfLine	_	_	_
# segment_iiif_link = https://impresso-project.ch/api/proxy/iiif/JDG-1987-10-19-a-p0007/107,3015,521,43/full/0/default.jpg
becquerels	O	O	O	O	O	O	_	_	_	_	_	_
par	O	O	O	O	O	O	_	_	_	_	_	_
kilo	O	O	O	O	O	O	_	_	NoSpaceAfter	_	_	_
)	O	O	O	O	O	O	_	_	NoSpaceAfter	_	_	_
.	O	O	O	O	O	O	_	_	_	EndOfSentence	_	_
Enfin	O	O	O	O	O	O	_	_	NoSpaceAfter	_	_	_
,	O	O	O	O	O	O	_	_	_	_	_	_
l	O	O	O	O	O	O	_	_	NoSpaceAfter	_	_	_
'	O	O	O	O	O	O	_	_	NoSpaceAfter	_	_	_
Italie	O	O	O	O	O	O	_	_	_	_	_	_
souhaite	O	O	O	O	O	O	_	_	_	_	_	_
des	O	O	O	O	O	O	_	_	EndOfLine	_	_	_
# segment_iiif_link = https://impresso-project.ch/api/proxy/iiif/JDG-1987-10-19-a-p0007/107,3040,521,45/full/0/default.jpg
règles	O	O	O	O	O	O	_	_	_	_	_	_
séparées	O	O	O	O	O	O	_	_	_	_	_	_
et	O	O	O	O	O	O	_	_	_	_	_	_
plus	O	O	O	O	O	O	_	_	_	_	_	_
rigoureuses	O	O	O	O	O	O	_	_	_	_	_	_
pour	O	O	O	O	O	O	_	_	_	_	_	_
les	O	O	O	O	O	O	_	_	EndOfLine	_	_	_
# segment_iiif_link = https://impresso-project.ch/api/proxy/iiif/JDG-1987-10-19-a-p0007/107,3067,270,45/full/0/default.jpg
aliments	O	O	O	O	O	O	_	_	_	_	_	_
pour	O	O	O	O	O	O	_	_	_	_	_	_
nourrissons	O	O	O	O	O	O	_	_	NoSpaceAfter	_	_	_
.	O	O	O	O	O	O	_	_	EndOfLine	EndOfSentence	_	_
# segment_iiif_link = https://impresso-project.ch/api/proxy/iiif/JDG-1987-10-19-a-p0007/133,3090,497,45/full/0/default.jpg
La	O	O	O	O	O	O	_	_	_	_	_	_
nouvelle	O	O	O	O	O	O	_	_	_	_	_	_
réglementation	O	O	O	O	O	O	_	_	NoSpaceAfter	_	_	_
,	O	O	O	O	O	O	_	_	_	_	_	_
qui	O	O	O	O	O	O	_	_	EndOfLine	_	_	_
# segment_iiif_link = https://impresso-project.ch/api/proxy/iiif/JDG-1987-10-19-a-p0007/107,3115,523,45/full/0/default.jpg
s	O	O	O	O	O	O	_	_	NoSpaceAfter	_	_	_
'	O	O	O	O	O	O	_	_	NoSpaceAfter	_	_	_
accompagne	O	O	O	O	O	O	_	_	_	_	_	_
d	O	O	O	O	O	O	_	_	NoSpaceAfter	_	_	_
'	O	O	O	O	O	O	_	_	NoSpaceAfter	_	_	_
un	O	O	O	O	O	O	_	_	_	_	_	_
système	O	O	O	O	O	O	_	_	_	_	_	_
communautaire	O	O	O	O	O	O	_	_	_	_	_	_
d	O	O	O	O	O	O	_	_	NoSpaceAfter	_	_	_
'	O	O	O	O	O	O	_	_	NoSpaceAfter	_	_	_
échange	O	O	O	O	O	O	_	_	EndOfLine	_	_	_
# segment_iiif_link = https://impresso-project.ch/api/proxy/iiif/JDG-1987-10-19-a-p0007/107,3142,523,45/full/0/default.jpg
rapide	O	O	O	O	O	O	_	_	_	_	_	_
d	O	O	O	O	O	O	_	_	NoSpaceAfter	_	_	_
'	O	O	O	O	O	O	_	_	NoSpaceAfter	_	_	_
informations	O	O	O	O	O	O	_	_	NoSpaceAfter	_	_	_
,	O	O	O	O	O	O	_	_	_	_	_	_
aurait	O	O	O	O	O	O	_	_	_	_	_	_
un	O	O	O	O	O	O	_	_	_	_	_	_
caractère	O	O	O	O	O	O	_	_	EndOfLine	_	_	_
# segment_iiif_link = https://impresso-project.ch/api/proxy/iiif/JDG-1987-10-19-a-p0007/107,3167,523,45/full/0/default.jpg
définitif	O	O	O	O	O	O	_	_	_	_	_	_
mais	O	O	O	O	O	O	_	_	_	_	_	_
n	O	O	O	O	O	O	_	_	NoSpaceAfter	_	_	_
'	O	O	O	O	O	O	_	_	NoSpaceAfter	_	_	_
entrerait	O	O	O	O	O	O	_	_	_	_	_	_
en	O	O	O	O	O	O	_	_	_	_	_	_
vigueur	O	O	O	O	O	O	_	_	_	_	_	_
qu	O	O	O	O	O	O	_	_	NoSpaceAfter	_	_	_
'	O	O	O	O	O	O	_	_	NoSpaceAfter	_	_	_
en	O	O	O	O	O	O	_	_	_	_	_	_
cas	O	O	O	O	O	O	_	_	EndOfLine	_	_	_
# segment_iiif_link = https://impresso-project.ch/api/proxy/iiif/JDG-1987-10-19-a-p0007/107,3192,523,45/full/0/default.jpg
d	O	O	O	O	O	O	_	_	NoSpaceAfter	_	_	_
'	O	O	O	O	O	O	_	_	NoSpaceAfter	_	_	_
urgence	O	O	O	O	O	O	_	_	NoSpaceAfter	_	_	_
-	O	O	O	O	O	O	_	_	NoSpaceAfter	_	_	_
alors	O	O	O	O	O	O	_	_	_	_	_	_
que	O	O	O	O	O	O	_	_	_	_	_	_
les	O	O	O	O	O	O	_	_	_	_	_	_
Pays	O	O	O	O	O	O	_	_	NoSpaceAfter	_	_	_
-	O	O	O	O	O	O	_	_	NoSpaceAfter	_	_	_
Bas	O	O	O	O	O	O	_	_	_	_	_	_
notamment	O	O	O	O	O	O	_	_	EndOfLine	_	_	_
# segment_iiif_link = https://impresso-project.ch/api/proxy/iiif/JDG-1987-10-19-a-p0007/107,3218,528,43/full/0/default.jpg
souhaitaient	O	O	O	O	O	O	_	_	_	_	_	_
qu	O	O	O	O	O	O	_	_	NoSpaceAfter	_	_	_
'	O	O	O	O	O	O	_	_	NoSpaceAfter	_	_	_
elle	O	O	O	O	O	O	_	_	_	_	_	_
s	O	O	O	O	O	O	_	_	NoSpaceAfter	_	_	_
'	O	O	O	O	O	O	_	_	NoSpaceAfter	_	_	_
applique	O	O	O	O	O	O	_	_	_	_	_	_
en	O	O	O	O	O	O	_	_	_	_	_	_
permanence	O	O	O	O	O	O	_	_	NoSpaceAfter	_	_	_
-	O	O	O	O	O	O	_	_	NoSpaceAfter	_	_	_
et	O	O	O	O	O	O	_	_	EndOfLine	_	_	_
# segment_iiif_link = https://impresso-project.ch/api/proxy/iiif/JDG-1987-10-19-a-p0007/107,3243,522,43/full/0/default.jpg
selon	O	O	O	O	O	O	_	_	_	_	_	_
des	O	O	O	O	O	O	_	_	_	_	_	_
procédures	O	O	O	O	O	O	_	_	_	_	_	_
qui	O	O	O	O	O	O	_	_	_	_	_	_
restent	O	O	O	O	O	O	_	_	_	_	_	_
elles	O	O	O	O	O	O	_	_	_	_	_	_
aussi	O	O	O	O	O	O	_	_	_	_	_	_
a	O	O	O	O	O	O	_	_	EndOfLine	_	_	_
# segment_iiif_link = https://impresso-project.ch/api/proxy/iiif/JDG-1987-10-19-a-p0007/107,3272,516,45/full/0/default.jpg
définir	O	O	O	O	O	O	_	_	NoSpaceAfter	_	_	_
.	O	O	O	O	O	O	_	_	_	EndOfSentence	_	_
„	O	O	O	O	O	O	_	_	EndOfLine	_	_	_
# segment_iiif_link = https://impresso-project.ch/api/proxy/iiif/JDG-1987-10-19-a-p0007/133,3293,497,45/full/0/default.jpg
Le	O	O	O	O	O	O	_	_	_	_	_	_
cas	O	O	O	O	O	O	_	_	_	_	_	_
des	O	O	O	O	O	O	_	_	_	_	_	_
produits	O	O	O	O	O	O	_	_	_	_	_	_
exportes	O	O	O	O	O	O	_	_	_	_	_	_
hors	O	O	O	O	O	O	_	_	_	_	_	_
de	O	O	O	O	O	O	_	_	_	_	_	_
la	O	O	O	O	O	O	_	_	_	_	_	_
etc	O	O	O	O	O	O	_	_	_	_	_	_
.	O	O	O	O	O	O	_	_	NoSpaceAfter	EndOfSentence	_	_
,	O	O	O	O	O	O	_	_	EndOfLine	_	_	_
# segment_iiif_link = https://impresso-project.ch/api/proxy/iiif/JDG-1987-10-19-a-p0007/107,3318,523,45/full/0/default.jpg
et	O	O	O	O	O	O	_	_	_	_	_	_
des	O	O	O	O	O	O	_	_	_	_	_	_
normes	O	O	O	O	O	O	_	_	_	_	_	_
qui	O	O	O	O	O	O	_	_	_	_	_	_
doivent	O	O	O	O	O	O	_	_	_	_	_	_
leur	O	O	O	O	O	O	_	_	_	_	_	_
être	O	O	O	O	O	O	_	_	_	_	_	_
appliquées	O	O	O	O	O	O	_	_	NoSpaceAfter	_	_	_
,	O	O	O	O	O	O	_	_	EndOfLine	_	_	_
# segment_iiif_link = https://impresso-project.ch/api/proxy/iiif/JDG-1987-10-19-a-p0007/107,3345,377,45/full/0/default.jpg
suscite	O	O	O	O	O	O	_	_	_	_	_	_
également	O	O	O	O	O	O	_	_	_	_	_	_
des	O	O	O	O	O	O	_	_	_	_	_	_
discussions	O	O	O	O	O	O	_	_	NoSpaceAfter	_	_	_
.	O	O	O	O	O	O	_	_	EndOfLine	EndOfSentence	_	_
# segment_iiif_link = https://impresso-project.ch/api/proxy/iiif/JDG-1987-10-19-a-p0007/135,3370,495,43/full/0/default.jpg
Enfin	O	O	O	O	O	O	_	_	NoSpaceAfter	_	_	_
,	O	O	O	O	O	O	_	_	_	_	_	_
le	O	O	O	O	O	O	_	_	_	_	_	_
Parlement	O	O	O	O	O	O	_	_	_	_	_	_
européen	O	O	O	O	O	O	_	_	_	_	_	_
a	O	O	O	O	O	O	_	_	_	_	_	_
encore	O	O	O	O	O	O	_	_	EndOfLine	_	_	_
# segment_iiif_link = https://impresso-project.ch/api/proxy/iiif/JDG-1987-10-19-a-p0007/108,3397,522,43/full/0/default.jpg
pliqué	O	O	O	O	O	O	_	_	_	_	_	_
le	O	O	O	O	O	O	_	_	_	_	_	_
débat	O	O	O	O	O	O	_	_	_	_	_	_
en	O	O	O	O	O	O	_	_	_	_	_	_
demandant	O	O	O	O	O	O	_	_	_	_	_	_
que	O	O	O	O	O	O	_	_	_	_	_	_
la	O	O	O	O	O	O	_	_	_	_	_	_
nouvelle	O	O	O	O	O	O	_	_	EndOfLine	_	_	_
# segment_iiif_link = https://impresso-project.ch/api/proxy/iiif/JDG-1987-10-19-a-p0007/108,3422,522,43/full/0/default.jpg
réglementation	O	O	O	O	O	O	_	_	_	_	_	_
se	O	O	O	O	O	O	_	_	_	_	_	_
réfère	O	O	O	O	O	O	_	_	_	_	_	_
à	O	O	O	O	O	O	_	_	_	_	_	_
un	O	O	O	O	O	O	_	_	_	_	_	_
article	O	O	O	O	O	O	_	_	_	_	_	_
des	O	O	O	O	O	O	_	_	_	_	_	_
textes	O	O	O	O	O	O	_	_	EndOfLine	_	_	_
# segment_iiif_link = https://impresso-project.ch/api/proxy/iiif/JDG-1987-10-19-a-p0007/107,3447,521,43/full/0/default.jpg
communautaires	O	O	O	O	O	O	_	_	_	_	_	_
différent	O	O	O	O	O	O	_	_	_	_	_	_
de	O	O	O	O	O	O	_	_	_	_	_	_
celui	O	O	O	O	O	O	_	_	_	_	_	_
choisi	O	O	O	O	O	O	_	_	_	_	_	_
par	O	O	O	O	O	O	_	_	_	_	_	_
la	O	O	O	O	O	O	_	_	EndOfLine	_	_	_
# segment_iiif_link = https://impresso-project.ch/api/proxy/iiif/JDG-1987-10-19-a-p0007/108,3472,522,45/full/0/default.jpg
Commission	O	O	O	O	O	O	_	_	NoSpaceAfter	_	_	_
,	O	O	O	O	O	O	_	_	_	_	_	_
ce	O	O	O	O	O	O	_	_	_	_	_	_
qui	O	O	O	O	O	O	_	_	_	_	_	_
lui	O	O	O	O	O	O	_	_	_	_	_	_
permettrait	O	O	O	O	O	O	_	_	_	_	_	_
de	O	O	O	O	O	O	_	_	_	_	_	_
jouer	O	O	O	O	O	O	_	_	_	_	_	_
un	O	O	O	O	O	O	_	_	EndOfLine	_	_	_
# segment_iiif_link = https://impresso-project.ch/api/proxy/iiif/JDG-1987-10-19-a-p0007/110,3498,362,45/full/0/default.jpg
rôle	O	O	O	O	O	O	_	_	_	_	_	_
plus	O	O	O	O	O	O	_	_	_	_	_	_
actif	O	O	O	O	O	O	_	_	_	_	_	_
dans	O	O	O	O	O	O	_	_	_	_	_	_
cette	O	O	O	O	O	O	_	_	_	_	_	_
affaire	O	O	O	O	O	O	_	_	NoSpaceAfter	_	_	_
.	O	O	O	O	O	O	_	_	EndOfLine	EndOfSentence	_	_

# language = fr
# newspaper = JDG
# date = 1991-09-13
# document_id = JDG-1991-09-13-a-i0065
# news-agency-as-source = _
# segment_iiif_link = https://impresso-project.ch/api/proxy/iiif/JDG-1991-09-13-a-p0013/2031,3086,483,57/full/0/default.jpg
NY	O	O	O	O	O	O	_	_	_	_	_	_
:	O	O	O	O	O	O	_	_	_	_	_	_
Valeurs	O	O	O	O	O	O	_	_	_	_	_	_
les	O	O	O	O	O	O	_	_	_	_	_	_
plus	O	O	O	O	O	O	_	_	_	_	_	_
actives	O	O	O	O	O	O	_	_	EndOfLine	_	_	_
# segment_iiif_link = https://impresso-project.ch/api/proxy/iiif/JDG-1991-09-13-a-p0013/2149,3128,249,42/full/0/default.jpg
au	O	O	O	O	O	O	_	_	_	_	_	_
12	O	O	O	O	O	O	_	_	_	_	_	_
septembre	O	O	O	O	O	O	_	_	_	_	_	_
1991	O	O	O	O	O	O	_	_	EndOfLine	_	_	_
# segment_iiif_link = https://impresso-project.ch/api/proxy/iiif/JDG-1991-09-13-a-p0013/1947,3177,191,35/full/0/default.jpg
1	O	O	O	O	O	O	_	_	_	_	_	_
Valeurs	O	O	O	O	O	O	_	_	EndOfLine	_	_	_
# segment_iiif_link = https://impresso-project.ch/api/proxy/iiif/JDG-1991-09-13-a-p0013/1954,3249,241,42/full/0/default.jpg
American	O	O	O	O	O	O	_	_	_	_	_	_
Téléphone	O	O	O	O	O	O	_	_	EndOfLine	_	_	_
# segment_iiif_link = https://impresso-project.ch/api/proxy/iiif/JDG-1991-09-13-a-p0013/1956,3282,140,42/full/0/default.jpg
Unisys	O	O	O	O	O	O	_	_	_	_	_	_
Corp	O	O	O	O	O	O	_	_	EndOfLine	_	_	_
# segment_iiif_link = https://impresso-project.ch/api/proxy/iiif/JDG-1991-09-13-a-p0013/1958,3313,42,44/full/0/default.jpg
IBM	O	O	O	O	O	O	_	_	EndOfLine	_	_	_
# segment_iiif_link = https://impresso-project.ch/api/proxy/iiif/JDG-1991-09-13-a-p0013/1956,3348,217,40/full/0/default.jpg
Glaxo	O	O	O	O	O	O	_	_	_	_	_	_
Holdings	O	O	O	O	O	O	_	_	_	_	_	_
Pic	O	O	O	O	O	O	_	_	EndOfLine	_	_	_
# segment_iiif_link = https://impresso-project.ch/api/proxy/iiif/JDG-1991-09-13-a-p0013/1956,3379,224,42/full/0/default.jpg
General	O	O	O	O	O	O	_	_	_	_	_	_
Electric	O	O	O	O	O	O	_	_	_	_	_	_
Co	O	O	O	O	O	O	_	_	EndOfLine	_	_	_
# segment_iiif_link = https://impresso-project.ch/api/proxy/iiif/JDG-1991-09-13-a-p0013/1956,3410,132,42/full/0/default.jpg
Pepsico	O	O	O	O	O	O	_	_	_	_	_	_
Inc	O	O	O	O	O	O	_	_	EndOfLine	_	_	_
# segment_iiif_link = https://impresso-project.ch/api/proxy/iiif/JDG-1991-09-13-a-p0013/1956,3443,141,42/full/0/default.jpg
Syntex	O	O	O	O	O	O	_	_	_	_	_	_
Corp	O	O	O	O	O	O	_	_	EndOfLine	_	_	_
# segment_iiif_link = https://impresso-project.ch/api/proxy/iiif/JDG-1991-09-13-a-p0013/1956,3472,226,46/full/0/default.jpg
Telefono	O	O	O	O	O	O	_	_	_	_	_	_
de	O	O	O	O	O	O	_	_	_	_	_	_
Mexico	O	O	O	O	O	O	_	_	EndOfLine	_	_	_
# segment_iiif_link = https://impresso-project.ch/api/proxy/iiif/JDG-1991-09-13-a-p0013/1958,3506,260,46/full/0/default.jpg
Marion	O	O	O	O	O	O	_	_	_	_	_	_
Merrill	O	O	O	O	O	O	_	_	_	_	_	_
Dow	O	O	O	O	O	O	_	_	_	_	_	_
Inc	O	O	O	O	O	O	_	_	EndOfLine	_	_	_
# segment_iiif_link = https://impresso-project.ch/api/proxy/iiif/JDG-1991-09-13-a-p0013/1958,3538,240,46/full/0/default.jpg
General	O	O	O	O	O	O	_	_	_	_	_	_
Motors	O	O	O	O	O	O	_	_	_	_	_	_
Corp	O	O	O	O	O	O	_	_	EndOfLine	_	_	_
# segment_iiif_link = https://impresso-project.ch/api/proxy/iiif/JDG-1991-09-13-a-p0013/2294,3183,81,42/full/0/default.jpg
Nombre	O	O	O	O	O	O	_	_	EndOfLine	_	_	_
# segment_iiif_link = https://impresso-project.ch/api/proxy/iiif/JDG-1991-09-13-a-p0013/2281,3251,104,42/full/0/default.jpg
2	O	O	O	O	O	O	_	_	NoSpaceAfter	_	_	_
-	O	O	O	O	O	O	_	_	NoSpaceAfter	_	_	_
434	O	O	O	O	O	O	_	_	_	_	_	_
000	O	O	O	O	O	O	_	_	EndOfLine	_	_	_
# segment_iiif_link = https://impresso-project.ch/api/proxy/iiif/JDG-1991-09-13-a-p0013/2281,3282,105,44/full/0/default.jpg
1	O	O	O	O	O	O	_	_	_	_	_	_
928	O	O	O	O	O	O	_	_	_	_	_	_
000	O	O	O	O	O	O	_	_	EndOfLine	_	_	_
# segment_iiif_link = https://impresso-project.ch/api/proxy/iiif/JDG-1991-09-13-a-p0013/2282,3315,107,42/full/0/default.jpg
1	O	O	O	O	O	O	_	_	_	_	_	_
839000	O	O	O	O	O	O	_	_	EndOfLine	_	_	_
# segment_iiif_link = https://impresso-project.ch/api/proxy/iiif/JDG-1991-09-13-a-p0013/2282,3348,106,42/full/0/default.jpg
1	O	O	O	O	O	O	_	_	_	_	_	_
564	O	O	O	O	O	O	_	_	_	_	_	_
000	O	O	O	O	O	O	_	_	EndOfLine	_	_	_
# segment_iiif_link = https://impresso-project.ch/api/proxy/iiif/JDG-1991-09-13-a-p0013/2282,3379,106,44/full/0/default.jpg
1	O	O	O	O	O	O	_	_	_	_	_	_
531	O	O	O	O	O	O	_	_	_	_	_	_
000	O	O	O	O	O	O	_	_	EndOfLine	_	_	_
# segment_iiif_link = https://impresso-project.ch/api/proxy/iiif/JDG-1991-09-13-a-p0013/2282,3412,116,42/full/0/default.jpg
1	O	O	O	O	O	O	_	_	_	_	_	_
448	O	O	O	O	O	O	_	_	_	_	_	_
000	O	O	O	O	O	O	_	_	EndOfLine	_	_	_
# segment_iiif_link = https://impresso-project.ch/api/proxy/iiif/JDG-1991-09-13-a-p0013/2284,3443,106,44/full/0/default.jpg
1	O	O	O	O	O	O	_	_	_	_	_	_
446	O	O	O	O	O	O	_	_	_	_	_	_
000	O	O	O	O	O	O	_	_	EndOfLine	_	_	_
# segment_iiif_link = https://impresso-project.ch/api/proxy/iiif/JDG-1991-09-13-a-p0013/2284,3476,106,42/full/0/default.jpg
1	O	O	O	O	O	O	_	_	_	_	_	_
437	O	O	O	O	O	O	_	_	_	_	_	_
000	O	O	O	O	O	O	_	_	EndOfLine	_	_	_
# segment_iiif_link = https://impresso-project.ch/api/proxy/iiif/JDG-1991-09-13-a-p0013/2284,3509,106,42/full/0/default.jpg
1	O	O	O	O	O	O	_	_	_	_	_	_
432	O	O	O	O	O	O	_	_	_	_	_	_
000	O	O	O	O	O	O	_	_	EndOfLine	_	_	_
# segment_iiif_link = https://impresso-project.ch/api/proxy/iiif/JDG-1991-09-13-a-p0013/2284,3540,204,44/full/0/default.jpg
1	O	O	O	O	O	O	_	_	_	_	_	_
408	O	O	O	O	O	O	_	_	_	_	_	_
000	O	O	O	O	O	O	_	_	_	_	_	_
Cours	O	O	O	O	O	O	_	_	_	_	_	_
38	O	O	O	O	O	O	_	_	_	_	_	_
/	O	O	O	O	O	O	_	_	_	_	_	_
4	O	O	O	O	O	O	_	_	EndOfLine	_	_	_
# segment_iiif_link = https://impresso-project.ch/api/proxy/iiif/JDG-1991-09-13-a-p0013/2457,3282,31,42/full/0/default.jpg
4	O	O	O	O	O	O	_	_	_	_	_	_
%	O	O	O	O	O	O	_	_	EndOfLine	_	_	_
# segment_iiif_link = https://impresso-project.ch/api/proxy/iiif/JDG-1991-09-13-a-p0013/2427,3315,37,42/full/0/default.jpg
104	O	O	O	O	O	O	_	_	EndOfLine	_	_	_
# segment_iiif_link = https://impresso-project.ch/api/proxy/iiif/JDG-1991-09-13-a-p0013/2444,3346,46,44/full/0/default.jpg
48	O	O	O	O	O	O	_	_	_	_	_	_
%	O	O	O	O	O	O	_	_	EndOfLine	_	_	_
# segment_iiif_link = https://impresso-project.ch/api/proxy/iiif/JDG-1991-09-13-a-p0013/2444,3379,46,44/full/0/default.jpg
69	O	O	O	O	O	O	_	_	_	_	_	_
%	O	O	O	O	O	O	_	_	EndOfLine	_	_	_
# segment_iiif_link = https://impresso-project.ch/api/proxy/iiif/JDG-1991-09-13-a-p0013/2444,3410,46,44/full/0/default.jpg
29	O	O	O	O	O	O	_	_	_	_	_	_
%	O	O	O	O	O	O	_	_	EndOfLine	_	_	_
# segment_iiif_link = https://impresso-project.ch/api/proxy/iiif/JDG-1991-09-13-a-p0013/2446,3443,44,42/full/0/default.jpg
42	O	O	O	O	O	O	_	_	_	_	_	_
%	O	O	O	O	O	O	_	_	EndOfLine	_	_	_
# segment_iiif_link = https://impresso-project.ch/api/proxy/iiif/JDG-1991-09-13-a-p0013/2446,3476,44,42/full/0/default.jpg
38	O	O	O	O	O	O	_	_	_	_	_	_
%	O	O	O	O	O	O	_	_	EndOfLine	_	_	_
# segment_iiif_link = https://impresso-project.ch/api/proxy/iiif/JDG-1991-09-13-a-p0013/2440,3509,26,42/full/0/default.jpg
38	O	O	O	O	O	O	_	_	EndOfLine	_	_	_
# segment_iiif_link = https://impresso-project.ch/api/proxy/iiif/JDG-1991-09-13-a-p0013/2446,3540,138,44/full/0/default.jpg
36	O	O	O	O	O	O	_	_	_	_	_	_
%	O	O	O	O	O	O	_	_	EndOfLine	_	_	_
# segment_iiif_link = https://impresso-project.ch/api/proxy/iiif/JDG-1991-09-13-a-p0013/2524,3172,60,40/full/0/default.jpg
Varia	O	O	O	O	O	O	_	_	EndOfLine|NoSpaceAfter	_	_	_
# segment_iiif_link = https://impresso-project.ch/api/proxy/iiif/JDG-1991-09-13-a-p0013/2530,3251,57,42/full/0/default.jpg
tions	O	O	O	O	O	O	_	_	_	_	_	_
+	O	O	O	O	O	O	_	_	_	_	_	_
%	O	O	O	O	O	O	_	_	EndOfLine	_	_	_
# segment_iiif_link = https://impresso-project.ch/api/proxy/iiif/JDG-1991-09-13-a-p0013/2532,3282,57,44/full/0/default.jpg
-	O	O	O	O	O	O	_	_	NoSpaceAfter	_	_	_
%	O	O	O	O	O	O	_	_	EndOfLine	_	_	_
# segment_iiif_link = https://impresso-project.ch/api/proxy/iiif/JDG-1991-09-13-a-p0013/2532,3313,57,44/full/0/default.jpg
+	O	O	O	O	O	O	_	_	_	_	_	_
2	O	O	O	O	O	O	_	_	_	_	_	_
%	O	O	O	O	O	O	_	_	EndOfLine	_	_	_
# segment_iiif_link = https://impresso-project.ch/api/proxy/iiif/JDG-1991-09-13-a-p0013/2526,3344,35,44/full/0/default.jpg
+	O	O	O	O	O	O	_	_	_	_	_	_
2	O	O	O	O	O	O	_	_	EndOfLine	_	_	_
# segment_iiif_link = https://impresso-project.ch/api/proxy/iiif/JDG-1991-09-13-a-p0013/2534,3379,55,42/full/0/default.jpg
-	O	O	O	O	O	O	_	_	NoSpaceAfter	_	_	_
%	O	O	O	O	O	O	_	_	EndOfLine	_	_	_
# segment_iiif_link = https://impresso-project.ch/api/proxy/iiif/JDG-1991-09-13-a-p0013/2532,3410,59,44/full/0/default.jpg
+	O	O	O	O	O	O	_	_	_	_	_	_
%	O	O	O	O	O	O	_	_	EndOfLine	_	_	_
# segment_iiif_link = https://impresso-project.ch/api/proxy/iiif/JDG-1991-09-13-a-p0013/2534,3443,57,42/full/0/default.jpg
+	O	O	O	O	O	O	_	_	_	_	_	_
%	O	O	O	O	O	O	_	_	EndOfLine	_	_	_
# segment_iiif_link = https://impresso-project.ch/api/proxy/iiif/JDG-1991-09-13-a-p0013/2534,3476,57,42/full/0/default.jpg
+	O	O	O	O	O	O	_	_	_	_	_	_
%	O	O	O	O	O	O	_	_	EndOfLine	_	_	_
# segment_iiif_link = https://impresso-project.ch/api/proxy/iiif/JDG-1991-09-13-a-p0013/2534,3507,57,42/full/0/default.jpg
+	O	O	O	O	O	O	_	_	_	_	_	_
1	O	O	O	O	O	O	_	_	_	_	_	_
%	O	O	O	O	O	O	_	_	EndOfLine	_	_	_
# segment_iiif_link = https://impresso-project.ch/api/proxy/iiif/JDG-1991-09-13-a-p0013/2534,3540,73,42/full/0/default.jpg
+	O	O	O	O	O	O	_	_	_	_	_	_
%	O	O	O	O	O	O	_	_	_	_	_	_
AFP	B-org	O	B-org.ent.pressagency.AFP	O	O	O	_	_	EndOfLine	EndOfSentence	_	_

# language = fr
# newspaper = JDG
# date = 1991-10-10
# document_id = JDG-1991-10-10-a-i0115
# news-agency-as-source = Q430109, unk
# segment_iiif_link = https://impresso-project.ch/api/proxy/iiif/JDG-1991-10-10-a-p0019/2224,484,328,62/full/0/default.jpg
QUOTIDIENNES	O	O	O	O	O	O	_	_	EndOfLine	_	_	_
# segment_iiif_link = https://impresso-project.ch/api/proxy/iiif/JDG-1991-10-10-a-p0019/2152,585,454,57/full/0/default.jpg
DÉCOUVERTE	O	O	O	O	O	O	_	_	_	_	_	_
Un	O	O	O	O	O	O	_	_	_	_	_	_
crâne	O	O	O	O	O	O	_	_	_	_	_	_
de	O	O	O	O	O	O	_	_	EndOfLine	_	_	_
# segment_iiif_link = https://impresso-project.ch/api/proxy/iiif/JDG-1991-10-10-a-p0019/2152,633,429,55/full/0/default.jpg
rhinocéros	O	O	O	O	O	O	_	_	_	_	_	_
dans	O	O	O	O	O	O	_	_	_	_	_	_
le	O	O	O	O	O	O	_	_	_	_	_	_
lac	O	O	O	O	O	O	_	_	_	_	_	_
de	O	O	O	O	O	O	_	_	EndOfLine	_	_	_
# segment_iiif_link = https://impresso-project.ch/api/proxy/iiif/JDG-1991-10-10-a-p0019/2152,677,160,55/full/0/default.jpg
Neuchâtel	O	O	O	O	O	O	_	_	EndOfLine	_	_	_
# segment_iiif_link = https://impresso-project.ch/api/proxy/iiif/JDG-1991-10-10-a-p0019/2152,722,404,44/full/0/default.jpg
Découverte	O	O	O	O	O	O	_	_	_	_	_	_
insolite	O	O	O	O	O	O	_	_	_	_	_	_
que	O	O	O	O	O	O	_	_	_	_	_	_
celle	O	O	O	O	O	O	_	_	_	_	_	_
faite	O	O	O	O	O	O	_	_	EndOfLine	_	_	_
# segment_iiif_link = https://impresso-project.ch/api/proxy/iiif/JDG-1991-10-10-a-p0019/2152,748,347,44/full/0/default.jpg
récemment	O	O	O	O	O	O	_	_	_	_	_	_
au	O	O	O	O	O	O	_	_	_	_	_	_
fond	O	O	O	O	O	O	_	_	_	_	_	_
du	O	O	O	O	O	O	_	_	_	_	_	_
lac	O	O	O	O	O	O	_	_	_	_	_	_
de	O	O	O	O	O	O	_	_	EndOfLine	_	_	_
# segment_iiif_link = https://impresso-project.ch/api/proxy/iiif/JDG-1991-10-10-a-p0019/2152,774,452,44/full/0/default.jpg
Neuchâtel	O	O	O	O	O	O	_	_	_	_	_	_
par	O	O	O	O	O	O	_	_	_	_	_	_
un	O	O	O	O	O	O	_	_	_	_	_	_
pêcheur	O	O	O	O	O	O	_	_	_	_	_	_
amateur	O	O	O	O	O	O	_	_	_	_	_	_
de	O	O	O	O	O	O	_	_	EndOfLine	_	_	_
# segment_iiif_link = https://impresso-project.ch/api/proxy/iiif/JDG-1991-10-10-a-p0019/2152,800,384,44/full/0/default.jpg
Vaumarcus	O	O	O	O	O	O	_	_	_	_	_	_
(	O	O	O	O	O	O	_	_	NoSpaceAfter	_	_	_
NE	O	O	O	O	O	O	_	_	NoSpaceAfter	_	_	_
)	O	O	O	O	O	O	_	_	NoSpaceAfter	_	_	_
.	O	O	O	O	O	O	_	_	_	EndOfSentence	_	_
Plongeant	O	O	O	O	O	O	_	_	_	_	_	_
pour	O	O	O	O	O	O	_	_	EndOfLine	_	_	_
# segment_iiif_link = https://impresso-project.ch/api/proxy/iiif/JDG-1991-10-10-a-p0019/2152,825,451,46/full/0/default.jpg
repêcher	O	O	O	O	O	O	_	_	_	_	_	_
ses	O	O	O	O	O	O	_	_	_	_	_	_
lunettes	O	O	O	O	O	O	_	_	_	_	_	_
tombées	O	O	O	O	O	O	_	_	_	_	_	_
à	O	O	O	O	O	O	_	_	_	_	_	_
l	O	O	O	O	O	O	_	_	NoSpaceAfter	_	_	_
'	O	O	O	O	O	O	_	_	NoSpaceAfter	_	_	_
eau	O	O	O	O	O	O	_	_	NoSpaceAfter	_	_	_
,	O	O	O	O	O	O	_	_	EndOfLine	_	_	_
# segment_iiif_link = https://impresso-project.ch/api/proxy/iiif/JDG-1991-10-10-a-p0019/2152,851,455,46/full/0/default.jpg
l	O	O	O	O	O	O	_	_	NoSpaceAfter	_	_	_
'	O	O	O	O	O	O	_	_	NoSpaceAfter	_	_	_
homme	O	O	O	O	O	O	_	_	_	_	_	_
a	O	O	O	O	O	O	_	_	_	_	_	_
eu	O	O	O	O	O	O	_	_	_	_	_	_
la	O	O	O	O	O	O	_	_	_	_	_	_
surprise	O	O	O	O	O	O	_	_	_	_	_	_
d	O	O	O	O	O	O	_	_	NoSpaceAfter	_	_	_
'	O	O	O	O	O	O	_	_	NoSpaceAfter	_	_	_
extraire	O	O	O	O	O	O	_	_	_	_	_	_
de	O	O	O	O	O	O	_	_	EndOfLine	_	_	_
# segment_iiif_link = https://impresso-project.ch/api/proxy/iiif/JDG-1991-10-10-a-p0019/2152,876,440,46/full/0/default.jpg
la	O	O	O	O	O	O	_	_	_	_	_	_
vase	O	O	O	O	O	O	_	_	_	_	_	_
et	O	O	O	O	O	O	_	_	_	_	_	_
de	O	O	O	O	O	O	_	_	_	_	_	_
remonter	O	O	O	O	O	O	_	_	_	_	_	_
à	O	O	O	O	O	O	_	_	_	_	_	_
la	O	O	O	O	O	O	_	_	_	_	_	_
surface	O	O	O	O	O	O	_	_	_	_	_	_
la	O	O	O	O	O	O	_	_	EndOfLine	_	_	_
# segment_iiif_link = https://impresso-project.ch/api/proxy/iiif/JDG-1991-10-10-a-p0019/2152,904,462,44/full/0/default.jpg
partie	O	O	O	O	O	O	_	_	_	_	_	_
supérieure	O	O	O	O	O	O	_	_	_	_	_	_
d	O	O	O	O	O	O	_	_	NoSpaceAfter	_	_	_
'	O	O	O	O	O	O	_	_	NoSpaceAfter	_	_	_
un	O	O	O	O	O	O	_	_	_	_	_	_
crâne	O	O	O	O	O	O	_	_	_	_	_	_
ayant	O	O	O	O	O	O	_	_	_	_	_	_
été	O	O	O	O	O	O	_	_	NoSpaceAfter	_	_	_
,	O	O	O	O	O	O	_	_	EndOfLine	_	_	_
# segment_iiif_link = https://impresso-project.ch/api/proxy/iiif/JDG-1991-10-10-a-p0019/2150,928,437,46/full/0/default.jpg
selon	O	O	O	O	O	O	_	_	_	_	_	_
toute	O	O	O	O	O	O	_	_	_	_	_	_
vraisemblance	O	O	O	O	O	O	_	_	NoSpaceAfter	_	_	_
,	O	O	O	O	O	O	_	_	_	_	_	_
celui	O	O	O	O	O	O	_	_	_	_	_	_
d	O	O	O	O	O	O	_	_	NoSpaceAfter	_	_	_
'	O	O	O	O	O	O	_	_	NoSpaceAfter	_	_	_
un	O	O	O	O	O	O	_	_	EndOfLine	_	_	_
# segment_iiif_link = https://impresso-project.ch/api/proxy/iiif/JDG-1991-10-10-a-p0019/2152,954,450,46/full/0/default.jpg
rhinocéros	O	O	O	O	O	O	_	_	_	_	_	_
préhistorique	O	O	O	O	O	O	_	_	NoSpaceAfter	_	_	_
.	O	O	O	O	O	O	_	_	_	EndOfSentence	_	_
L	O	O	O	O	O	O	_	_	NoSpaceAfter	_	_	_
'	O	O	O	O	O	O	_	_	NoSpaceAfter	_	_	_
objet	O	O	O	O	O	O	_	_	_	_	_	_
était	O	O	O	O	O	O	_	_	EndOfLine	_	_	_
# segment_iiif_link = https://impresso-project.ch/api/proxy/iiif/JDG-1991-10-10-a-p0019/2152,981,469,44/full/0/default.jpg
en	O	O	O	O	O	O	_	_	_	_	_	_
parfait	O	O	O	O	O	O	_	_	_	_	_	_
état	O	O	O	O	O	O	_	_	_	_	_	_
de	O	O	O	O	O	O	_	_	_	_	_	_
conservation	O	O	O	O	O	O	_	_	_	_	_	_
;	O	O	O	O	O	O	_	_	_	_	_	_
son	O	O	O	O	O	O	_	_	_	_	_	_
âge	O	O	O	O	O	O	_	_	EndOfLine	_	_	_
# segment_iiif_link = https://impresso-project.ch/api/proxy/iiif/JDG-1991-10-10-a-p0019/2150,1005,347,46/full/0/default.jpg
-	O	O	O	O	O	O	_	_	NoSpaceAfter	_	_	_
entre	O	O	O	O	O	O	_	_	_	_	_	_
20	O	O	O	O	O	O	_	_	_	_	_	_
000	O	O	O	O	O	O	_	_	_	_	_	_
et	O	O	O	O	O	O	_	_	_	_	_	_
40	O	O	O	O	O	O	_	_	_	_	_	_
000	O	O	O	O	O	O	_	_	_	_	_	_
ans	O	O	O	O	O	O	_	_	EndOfLine	_	_	_
# segment_iiif_link = https://impresso-project.ch/api/proxy/iiif/JDG-1991-10-10-a-p0019/2152,1032,428,44/full/0/default.jpg
probablement	O	O	O	O	O	O	_	_	_	_	_	_
—	O	O	O	O	O	O	_	_	NoSpaceAfter	_	_	_
sera	O	O	O	O	O	O	_	_	_	_	_	_
déterminé	O	O	O	O	O	O	_	_	_	_	_	_
avec	O	O	O	O	O	O	_	_	EndOfLine	_	_	_
# segment_iiif_link = https://impresso-project.ch/api/proxy/iiif/JDG-1991-10-10-a-p0019/2152,1058,455,44/full/0/default.jpg
précision	O	O	O	O	O	O	_	_	_	_	_	_
en	O	O	O	O	O	O	_	_	_	_	_	_
laboratoire	O	O	O	O	O	O	_	_	NoSpaceAfter	_	_	_
.	O	O	O	O	O	O	_	_	_	EndOfSentence	_	_
Il	O	O	O	O	O	O	_	_	_	_	_	_
a	O	O	O	O	O	O	_	_	_	_	_	_
été	O	O	O	O	O	O	_	_	_	_	_	_
gardé	O	O	O	O	O	O	_	_	EndOfLine	_	_	_
# segment_iiif_link = https://impresso-project.ch/api/proxy/iiif/JDG-1991-10-10-a-p0019/2152,1084,414,44/full/0/default.jpg
durant	O	O	O	O	O	O	_	_	_	_	_	_
une	O	O	O	O	O	O	_	_	_	_	_	_
dizaine	O	O	O	O	O	O	_	_	_	_	_	_
de	O	O	O	O	O	O	_	_	_	_	_	_
jours	O	O	O	O	O	O	_	_	_	_	_	_
dans	O	O	O	O	O	O	_	_	_	_	_	_
la	O	O	O	O	O	O	_	_	EndOfLine	_	_	_
# segment_iiif_link = https://impresso-project.ch/api/proxy/iiif/JDG-1991-10-10-a-p0019/2152,1109,424,46/full/0/default.jpg
baignoire	O	O	O	O	O	O	_	_	_	_	_	_
de	O	O	O	O	O	O	_	_	_	_	_	_
l	O	O	O	O	O	O	_	_	NoSpaceAfter	_	_	_
'	O	O	O	O	O	O	_	_	NoSpaceAfter	_	_	_
homme	O	O	O	O	O	O	_	_	_	_	_	_
qui	O	O	O	O	O	O	_	_	_	_	_	_
l	O	O	O	O	O	O	_	_	NoSpaceAfter	_	_	_
'	O	O	O	O	O	O	_	_	NoSpaceAfter	_	_	_
a	O	O	O	O	O	O	_	_	_	_	_	_
trouvé	O	O	O	O	O	O	_	_	EndOfLine	_	_	_
# segment_iiif_link = https://impresso-project.ch/api/proxy/iiif/JDG-1991-10-10-a-p0019/2152,1135,341,46/full/0/default.jpg
avant	O	O	O	O	O	O	_	_	_	_	_	_
d	O	O	O	O	O	O	_	_	NoSpaceAfter	_	_	_
'	O	O	O	O	O	O	_	_	NoSpaceAfter	_	_	_
être	O	O	O	O	O	O	_	_	_	_	_	_
remis	O	O	O	O	O	O	_	_	_	_	_	_
mardi	O	O	O	O	O	O	_	_	_	_	_	_
aux	O	O	O	O	O	O	_	_	EndOfLine	_	_	_
# segment_iiif_link = https://impresso-project.ch/api/proxy/iiif/JDG-1991-10-10-a-p0019/2154,1161,369,46/full/0/default.jpg
responsables	O	O	O	O	O	O	_	_	_	_	_	_
du	O	O	O	O	O	O	_	_	_	_	_	_
Musée	O	O	O	O	O	O	_	_	_	_	_	_
cantonal	O	O	O	O	O	O	_	_	EndOfLine	_	_	_
# segment_iiif_link = https://impresso-project.ch/api/proxy/iiif/JDG-1991-10-10-a-p0019/2152,1186,249,46/full/0/default.jpg
d	O	O	O	O	O	O	_	_	NoSpaceAfter	_	_	_
'	O	O	O	O	O	O	_	_	NoSpaceAfter	_	_	_
archéologie	O	O	O	O	O	O	_	_	NoSpaceAfter	_	_	_
.	O	O	O	O	O	O	_	_	_	EndOfSentence	_	_
(	O	O	O	O	O	O	_	_	NoSpaceAfter	_	_	_
L	O	O	O	O	O	O	_	_	NoSpaceAfter	_	LED0.00	_
.	O	O	O	O	O	O	_	_	_	_	LED0.00	_
Bo	O	O	O	O	O	O	_	_	NoSpaceAfter	_	LED0.00	_
)	O	O	O	O	O	O	_	_	EndOfLine	EndOfSentence	_	_
# segment_iiif_link = https://impresso-project.ch/api/proxy/iiif/JDG-1991-10-10-a-p0019/2156,1269,433,55/full/0/default.jpg
SANTE	O	O	O	O	O	O	_	_	_	_	_	_
Mesures	O	O	O	O	O	O	_	_	_	_	_	_
d	O	O	O	O	O	O	_	_	NoSpaceAfter	_	_	_
'	O	O	O	O	O	O	_	_	NoSpaceAfter	_	_	_
urgence	O	O	O	O	O	O	_	_	EndOfLine	_	_	_
# segment_iiif_link = https://impresso-project.ch/api/proxy/iiif/JDG-1991-10-10-a-p0019/2156,1313,247,57/full/0/default.jpg
bien	O	O	O	O	O	O	_	_	_	_	_	_
accueillies	O	O	O	O	O	O	_	_	EndOfLine	_	_	_
# segment_iiif_link = https://impresso-project.ch/api/proxy/iiif/JDG-1991-10-10-a-p0019/2156,1359,391,44/full/0/default.jpg
Les	O	O	O	O	O	O	_	_	_	_	_	_
mesures	O	O	O	O	O	O	_	_	_	_	_	_
d	O	O	O	O	O	O	_	_	NoSpaceAfter	_	_	_
'	O	O	O	O	O	O	_	_	NoSpaceAfter	_	_	_
urgence	O	O	O	O	O	O	_	_	_	_	_	_
annoncées	O	O	O	O	O	O	_	_	EndOfLine	_	_	_
# segment_iiif_link = https://impresso-project.ch/api/proxy/iiif/JDG-1991-10-10-a-p0019/2156,1384,390,44/full/0/default.jpg
mardi	O	O	O	O	O	O	_	_	_	_	_	_
par	O	O	O	O	O	O	_	_	_	_	_	_
le	O	O	O	O	O	O	_	_	_	_	_	_
Conseil	O	O	O	O	O	O	_	_	_	_	_	_
fédéral	O	O	O	O	O	O	_	_	_	_	_	_
pour	O	O	O	O	O	O	_	_	EndOfLine	_	_	_
# segment_iiif_link = https://impresso-project.ch/api/proxy/iiif/JDG-1991-10-10-a-p0019/2154,1410,422,44/full/0/default.jpg
endiguer	O	O	O	O	O	O	_	_	_	_	_	_
l	O	O	O	O	O	O	_	_	NoSpaceAfter	_	_	_
'	O	O	O	O	O	O	_	_	NoSpaceAfter	_	_	_
explosion	O	O	O	O	O	O	_	_	_	_	_	_
des	O	O	O	O	O	O	_	_	_	_	_	_
coûts	O	O	O	O	O	O	_	_	_	_	_	_
de	O	O	O	O	O	O	_	_	_	_	_	_
la	O	O	O	O	O	O	_	_	EndOfLine	_	_	_
# segment_iiif_link = https://impresso-project.ch/api/proxy/iiif/JDG-1991-10-10-a-p0019/2154,1436,371,46/full/0/default.jpg
santé	O	O	O	O	O	O	_	_	_	_	_	_
et	O	O	O	O	O	O	_	_	_	_	_	_
la	O	O	O	O	O	O	_	_	_	_	_	_
désolidarisation	O	O	O	O	O	O	_	_	_	_	_	_
dans	O	O	O	O	O	O	_	_	EndOfLine	_	_	_
# segment_iiif_link = https://impresso-project.ch/api/proxy/iiif/JDG-1991-10-10-a-p0019/2156,1463,462,44/full/0/default.jpg
l	O	O	O	O	O	O	_	_	NoSpaceAfter	_	_	_
'	O	O	O	O	O	O	_	_	NoSpaceAfter	_	_	_
assurance	O	O	O	O	O	O	_	_	_	_	_	_
maladie	O	O	O	O	O	O	_	_	_	_	_	_
sont	O	O	O	O	O	O	_	_	_	_	_	_
bien	O	O	O	O	O	O	_	_	_	_	_	_
accueillies	O	O	O	O	O	O	_	_	EndOfLine	_	_	_
# segment_iiif_link = https://impresso-project.ch/api/proxy/iiif/JDG-1991-10-10-a-p0019/2154,1487,387,46/full/0/default.jpg
par	O	O	O	O	O	O	_	_	_	_	_	_
les	O	O	O	O	O	O	_	_	_	_	_	_
caisses	O	O	O	O	O	O	_	_	NoSpaceAfter	_	_	_
-	O	O	O	O	O	O	_	_	NoSpaceAfter	_	_	_
maladie	O	O	O	O	O	O	_	_	_	_	_	_
romandes	O	O	O	O	O	O	_	_	NoSpaceAfter	_	_	_
.	O	O	O	O	O	O	_	_	EndOfLine	EndOfSentence	_	_
# segment_iiif_link = https://impresso-project.ch/api/proxy/iiif/JDG-1991-10-10-a-p0019/2154,1514,445,44/full/0/default.jpg
Réunis	O	O	O	O	O	O	_	_	_	_	_	_
hier	O	O	O	O	O	O	_	_	_	_	_	_
à	O	O	O	O	O	O	_	_	_	_	_	_
Sion	O	O	O	O	O	O	_	_	NoSpaceAfter	_	_	_
,	O	O	O	O	O	O	_	_	_	_	_	_
les	O	O	O	O	O	O	_	_	_	_	_	_
membres	O	O	O	O	O	O	_	_	_	_	_	_
de	O	O	O	O	O	O	_	_	_	_	_	_
la	O	O	O	O	O	O	_	_	EndOfLine	_	_	_
# segment_iiif_link = https://impresso-project.ch/api/proxy/iiif/JDG-1991-10-10-a-p0019/2152,1540,459,44/full/0/default.jpg
Conférence	O	O	O	O	O	O	_	_	_	_	_	_
romande	O	O	O	O	O	O	_	_	_	_	_	_
se	O	O	O	O	O	O	_	_	_	_	_	_
sont	O	O	O	O	O	O	_	_	_	_	_	_
engagés	O	O	O	O	O	O	_	_	_	_	_	_
à	O	O	O	O	O	O	_	_	EndOfLine	_	_	_
# segment_iiif_link = https://impresso-project.ch/api/proxy/iiif/JDG-1991-10-10-a-p0019/2152,1566,437,44/full/0/default.jpg
mettre	O	O	O	O	O	O	_	_	_	_	_	_
en	O	O	O	O	O	O	_	_	_	_	_	_
œuvre	O	O	O	O	O	O	_	_	_	_	_	_
les	O	O	O	O	O	O	_	_	_	_	_	_
moyens	O	O	O	O	O	O	_	_	_	_	_	_
dont	O	O	O	O	O	O	_	_	_	_	_	_
ils	O	O	O	O	O	O	_	_	EndOfLine	_	_	_
# segment_iiif_link = https://impresso-project.ch/api/proxy/iiif/JDG-1991-10-10-a-p0019/2150,1592,471,44/full/0/default.jpg
disposent	O	O	O	O	O	O	_	_	_	_	_	_
pour	O	O	O	O	O	O	_	_	_	_	_	_
faciliter	O	O	O	O	O	O	_	_	_	_	_	_
la	O	O	O	O	O	O	_	_	_	_	_	_
mise	O	O	O	O	O	O	_	_	_	_	_	_
en	O	O	O	O	O	O	_	_	_	_	_	_
place	O	O	O	O	O	O	_	_	EndOfLine	_	_	_
# segment_iiif_link = https://impresso-project.ch/api/proxy/iiif/JDG-1991-10-10-a-p0019/2152,1617,433,44/full/0/default.jpg
immédiate	O	O	O	O	O	O	_	_	_	_	_	_
de	O	O	O	O	O	O	_	_	_	_	_	_
ces	O	O	O	O	O	O	_	_	_	_	_	_
remèdes	O	O	O	O	O	O	_	_	_	_	_	_
d	O	O	O	O	O	O	_	_	NoSpaceAfter	_	_	_
'	O	O	O	O	O	O	_	_	NoSpaceAfter	_	_	_
urgence	O	O	O	O	O	O	_	_	EndOfLine	_	_	_
# segment_iiif_link = https://impresso-project.ch/api/proxy/iiif/JDG-1991-10-10-a-p0019/2150,1639,66,46/full/0/default.jpg
(	O	O	O	O	O	O	_	_	NoSpaceAfter	_	_	_
Red	O	O	O	O	O	O	_	_	NoSpaceAfter	_	LED0.00	_
.	O	O	O	O	O	O	_	_	NoSpaceAfter	_	_	_
)	O	O	O	O	O	O	_	_	EndOfLine	_	_	_
# segment_iiif_link = https://impresso-project.ch/api/proxy/iiif/JDG-1991-10-10-a-p0019/2147,1744,403,55/full/0/default.jpg
SKI	O	O	O	O	O	O	_	_	_	_	_	_
Vignette	O	O	O	O	O	O	_	_	_	_	_	_
de	O	O	O	O	O	O	_	_	_	_	_	_
réglage	O	O	O	O	O	O	_	_	EndOfLine	_	_	_
# segment_iiif_link = https://impresso-project.ch/api/proxy/iiif/JDG-1991-10-10-a-p0019/2147,1788,209,57/full/0/default.jpg
des	O	O	O	O	O	O	_	_	_	_	_	_
fixations	O	O	O	O	O	O	_	_	EndOfLine	_	_	_
# segment_iiif_link = https://impresso-project.ch/api/proxy/iiif/JDG-1991-10-10-a-p0019/2149,1834,382,44/full/0/default.jpg
L	O	O	O	O	O	O	_	_	NoSpaceAfter	_	_	_
'	O	O	O	O	O	O	_	_	NoSpaceAfter	_	_	_
introduction	O	O	O	O	O	O	_	_	_	_	_	_
d	O	O	O	O	O	O	_	_	NoSpaceAfter	_	_	_
'	O	O	O	O	O	O	_	_	NoSpaceAfter	_	_	_
une	O	O	O	O	O	O	_	_	_	_	_	_
vignette	O	O	O	O	O	O	_	_	_	_	_	_
de	O	O	O	O	O	O	_	_	EndOfLine	_	_	_
# segment_iiif_link = https://impresso-project.ch/api/proxy/iiif/JDG-1991-10-10-a-p0019/2149,1859,361,44/full/0/default.jpg
réglage	O	O	O	O	O	O	_	_	_	_	_	_
des	O	O	O	O	O	O	_	_	_	_	_	_
fixations	O	O	O	O	O	O	_	_	NoSpaceAfter	_	_	_
,	O	O	O	O	O	O	_	_	_	_	_	_
annoncée	O	O	O	O	O	O	_	_	EndOfLine	_	_	_
# segment_iiif_link = https://impresso-project.ch/api/proxy/iiif/JDG-1991-10-10-a-p0019/2149,1885,453,44/full/0/default.jpg
mercredi	O	O	O	O	O	O	_	_	_	_	_	_
par	O	O	O	O	O	O	_	_	_	_	_	_
le	O	O	O	O	O	O	_	_	_	_	_	_
BPA	O	O	O	O	O	O	_	_	_	_	_	_
(	O	O	O	O	O	O	_	_	NoSpaceAfter	_	_	_
bureau	O	O	O	O	O	O	_	_	_	_	_	_
suisse	O	O	O	O	O	O	_	_	_	_	_	_
de	O	O	O	O	O	O	_	_	EndOfLine	_	_	_
# segment_iiif_link = https://impresso-project.ch/api/proxy/iiif/JDG-1991-10-10-a-p0019/2149,1910,394,44/full/0/default.jpg
prévention	O	O	O	O	O	O	_	_	_	_	_	_
des	O	O	O	O	O	O	_	_	_	_	_	_
accidents	O	O	O	O	O	O	_	_	NoSpaceAfter	_	_	_
)	O	O	O	O	O	O	_	_	NoSpaceAfter	_	_	_
,	O	O	O	O	O	O	_	_	_	_	_	_
devrait	O	O	O	O	O	O	_	_	EndOfLine	_	_	_
# segment_iiif_link = https://impresso-project.ch/api/proxy/iiif/JDG-1991-10-10-a-p0019/2147,1936,460,44/full/0/default.jpg
contribuer	O	O	O	O	O	O	_	_	_	_	_	_
dès	O	O	O	O	O	O	_	_	_	_	_	_
cet	O	O	O	O	O	O	_	_	_	_	_	_
hiver	O	O	O	O	O	O	_	_	_	_	_	_
à	O	O	O	O	O	O	_	_	_	_	_	_
améliorer	O	O	O	O	O	O	_	_	_	_	_	_
la	O	O	O	O	O	O	_	_	EndOfLine	_	_	_
# segment_iiif_link = https://impresso-project.ch/api/proxy/iiif/JDG-1991-10-10-a-p0019/2147,1962,411,46/full/0/default.jpg
sécurité	O	O	O	O	O	O	_	_	_	_	_	_
sur	O	O	O	O	O	O	_	_	_	_	_	_
les	O	O	O	O	O	O	_	_	_	_	_	_
pistes	O	O	O	O	O	O	_	_	_	_	_	_
de	O	O	O	O	O	O	_	_	_	_	_	_
ski	O	O	O	O	O	O	_	_	NoSpaceAfter	_	_	_
.	O	O	O	O	O	O	_	_	_	EndOfSentence	_	_
C	O	O	O	O	O	O	_	_	NoSpaceAfter	_	_	_
'	O	O	O	O	O	O	_	_	NoSpaceAfter	_	_	_
est	O	O	O	O	O	O	_	_	EndOfLine	_	_	_
# segment_iiif_link = https://impresso-project.ch/api/proxy/iiif/JDG-1991-10-10-a-p0019/2149,1989,387,44/full/0/default.jpg
l	O	O	O	O	O	O	_	_	NoSpaceAfter	_	_	_
'	O	O	O	O	O	O	_	_	NoSpaceAfter	_	_	_
Ecole	O	O	O	O	O	O	_	_	_	_	_	_
polytechnique	O	O	O	O	O	O	_	_	_	_	_	_
fédérale	O	O	O	O	O	O	_	_	_	_	_	_
de	O	O	O	O	O	O	_	_	EndOfLine	_	_	_
# segment_iiif_link = https://impresso-project.ch/api/proxy/iiif/JDG-1991-10-10-a-p0019/2149,2013,457,44/full/0/default.jpg
Lausanne	O	O	O	O	O	O	_	_	_	_	_	_
(	O	O	O	O	O	O	_	_	NoSpaceAfter	_	_	_
EPFL	O	O	O	O	O	O	_	_	NoSpaceAfter	_	_	_
)	O	O	O	O	O	O	_	_	_	_	_	_
qui	O	O	O	O	O	O	_	_	_	_	_	_
délivre	O	O	O	O	O	O	_	_	_	_	_	_
le	O	O	O	O	O	O	_	_	_	_	_	_
label	O	O	O	O	O	O	_	_	_	_	_	_
de	O	O	O	O	O	O	_	_	EndOfLine	_	_	_
# segment_iiif_link = https://impresso-project.ch/api/proxy/iiif/JDG-1991-10-10-a-p0019/2145,2037,432,46/full/0/default.jpg
sécurité	O	O	O	O	O	O	_	_	NoSpaceAfter	_	_	_
,	O	O	O	O	O	O	_	_	_	_	_	_
conformément	O	O	O	O	O	O	_	_	_	_	_	_
aux	O	O	O	O	O	O	_	_	_	_	_	_
mesures	O	O	O	O	O	O	_	_	EndOfLine	_	_	_
# segment_iiif_link = https://impresso-project.ch/api/proxy/iiif/JDG-1991-10-10-a-p0019/2145,2063,454,46/full/0/default.jpg
de	O	O	O	O	O	O	_	_	_	_	_	_
contrôle	O	O	O	O	O	O	_	_	_	_	_	_
exigées	O	O	O	O	O	O	_	_	_	_	_	_
depuis	O	O	O	O	O	O	_	_	_	_	_	_
1986	O	O	O	O	O	O	_	_	_	_	_	_
par	O	O	O	O	O	O	_	_	_	_	_	_
le	O	O	O	O	O	O	_	_	EndOfLine	_	_	_
# segment_iiif_link = https://impresso-project.ch/api/proxy/iiif/JDG-1991-10-10-a-p0019/2147,2088,396,46/full/0/default.jpg
Conseil	O	O	O	O	O	O	_	_	_	_	_	_
fédéral	O	O	O	O	O	O	_	_	NoSpaceAfter	_	_	_
.	O	O	O	O	O	O	_	_	_	EndOfSentence	_	_
L	O	O	O	O	O	O	_	_	NoSpaceAfter	_	_	_
'	O	O	O	O	O	O	_	_	NoSpaceAfter	_	_	_
amélioration	O	O	O	O	O	O	_	_	_	_	_	_
du	O	O	O	O	O	O	_	_	EndOfLine	_	_	_
# segment_iiif_link = https://impresso-project.ch/api/proxy/iiif/JDG-1991-10-10-a-p0019/2147,2114,396,46/full/0/default.jpg
matériel	O	O	O	O	O	O	_	_	_	_	_	_
a	O	O	O	O	O	O	_	_	_	_	_	_
contribué	O	O	O	O	O	O	_	_	_	_	_	_
à	O	O	O	O	O	O	_	_	_	_	_	_
réduire	O	O	O	O	O	O	_	_	_	_	_	_
les	O	O	O	O	O	O	_	_	EndOfLine	_	_	_
# segment_iiif_link = https://impresso-project.ch/api/proxy/iiif/JDG-1991-10-10-a-p0019/2147,2142,401,44/full/0/default.jpg
risques	O	O	O	O	O	O	_	_	_	_	_	_
d	O	O	O	O	O	O	_	_	NoSpaceAfter	_	_	_
'	O	O	O	O	O	O	_	_	NoSpaceAfter	_	_	_
accident	O	O	O	O	O	O	_	_	NoSpaceAfter	_	_	_
,	O	O	O	O	O	O	_	_	_	_	_	_
affirme	O	O	O	O	O	O	_	_	_	_	_	_
le	O	O	O	O	O	O	_	_	_	_	_	_
BPA	O	O	O	O	O	O	_	_	NoSpaceAfter	_	_	_
.	O	O	O	O	O	O	_	_	EndOfLine	EndOfSentence	_	_
# segment_iiif_link = https://impresso-project.ch/api/proxy/iiif/JDG-1991-10-10-a-p0019/2147,2167,449,44/full/0/default.jpg
Ainsi	O	O	O	O	O	O	_	_	NoSpaceAfter	_	_	_
,	O	O	O	O	O	O	_	_	_	_	_	_
depuis	O	O	O	O	O	O	_	_	_	_	_	_
vingt	O	O	O	O	O	O	_	_	_	_	_	_
ans	O	O	O	O	O	O	_	_	NoSpaceAfter	_	_	_
,	O	O	O	O	O	O	_	_	_	_	_	_
le	O	O	O	O	O	O	_	_	_	_	_	_
nombre	O	O	O	O	O	O	_	_	_	_	_	_
des	O	O	O	O	O	O	_	_	EndOfLine	_	_	_
# segment_iiif_link = https://impresso-project.ch/api/proxy/iiif/JDG-1991-10-10-a-p0019/2149,2193,394,44/full/0/default.jpg
blessés	O	O	O	O	O	O	_	_	_	_	_	_
secourus	O	O	O	O	O	O	_	_	_	_	_	_
par	O	O	O	O	O	O	_	_	_	_	_	_
le	O	O	O	O	O	O	_	_	_	_	_	_
service	O	O	O	O	O	O	_	_	_	_	_	_
de	O	O	O	O	O	O	_	_	EndOfLine	_	_	_
# segment_iiif_link = https://impresso-project.ch/api/proxy/iiif/JDG-1991-10-10-a-p0019/2147,2218,413,44/full/0/default.jpg
sauvetage	O	O	O	O	O	O	_	_	_	_	_	_
opérant	O	O	O	O	O	O	_	_	_	_	_	_
sur	O	O	O	O	O	O	_	_	_	_	_	_
les	O	O	O	O	O	O	_	_	_	_	_	_
pistes	O	O	O	O	O	O	_	_	_	_	_	_
du	O	O	O	O	O	O	_	_	EndOfLine	_	_	_
# segment_iiif_link = https://impresso-project.ch/api/proxy/iiif/JDG-1991-10-10-a-p0019/2149,2244,410,44/full/0/default.jpg
Parsenn	O	O	O	O	O	O	_	_	_	_	_	_
(	O	O	O	O	O	O	_	_	NoSpaceAfter	_	_	_
GR	O	O	O	O	O	O	_	_	NoSpaceAfter	_	_	_
)	O	O	O	O	O	O	_	_	_	_	_	_
a	O	O	O	O	O	O	_	_	_	_	_	_
été	O	O	O	O	O	O	_	_	_	_	_	_
divisé	O	O	O	O	O	O	_	_	_	_	_	_
par	O	O	O	O	O	O	_	_	_	_	_	_
trois	O	O	O	O	O	O	_	_	EndOfLine	_	_	_
# segment_iiif_link = https://impresso-project.ch/api/proxy/iiif/JDG-1991-10-10-a-p0019/2149,2270,335,44/full/0/default.jpg
«	O	O	O	O	O	O	_	_	_	_	_	_
par	O	O	O	O	O	O	_	_	_	_	_	_
rapport	O	O	O	O	O	O	_	_	_	_	_	_
au	O	O	O	O	O	O	_	_	_	_	_	_
kilométrage	O	O	O	O	O	O	_	_	EndOfLine	_	_	_
# segment_iiif_link = https://impresso-project.ch/api/proxy/iiif/JDG-1991-10-10-a-p0019/2147,2294,431,44/full/0/default.jpg
parcouru	O	O	O	O	O	O	_	_	_	_	_	_
»	O	O	O	O	O	O	_	_	NoSpaceAfter	_	_	_
,	O	O	O	O	O	O	_	_	_	_	_	_
selon	O	O	O	O	O	O	_	_	_	_	_	_
le	O	O	O	O	O	O	_	_	_	_	_	_
professeur	O	O	O	O	O	O	_	_	_	_	_	_
Peter	O	O	O	O	O	O	_	_	EndOfLine	_	_	_
# segment_iiif_link = https://impresso-project.ch/api/proxy/iiif/JDG-1991-10-10-a-p0019/2149,2318,368,44/full/0/default.jpg
Matter	O	O	O	O	O	O	_	_	NoSpaceAfter	_	_	_
,	O	O	O	O	O	O	_	_	_	_	_	_
directeur	O	O	O	O	O	O	_	_	_	_	_	_
de	O	O	O	O	O	O	_	_	_	_	_	_
la	O	O	O	O	O	O	_	_	_	_	_	_
clinique	O	O	O	O	O	O	_	_	EndOfLine	_	_	_
# segment_iiif_link = https://impresso-project.ch/api/proxy/iiif/JDG-1991-10-10-a-p0019/2147,2343,450,44/full/0/default.jpg
chirurgicale	O	O	O	O	O	O	_	_	_	_	_	_
de	O	O	O	O	O	O	_	_	_	_	_	_
l	O	O	O	O	O	O	_	_	NoSpaceAfter	_	_	_
'	O	O	O	O	O	O	_	_	NoSpaceAfter	_	_	_
hôpital	O	O	O	O	O	O	_	_	_	_	_	_
de	O	O	O	O	O	O	_	_	_	_	_	_
Davos	O	O	O	O	O	O	_	_	NoSpaceAfter	_	_	_
.	O	O	O	O	O	O	_	_	_	EndOfSentence	_	_
Les	O	O	O	O	O	O	_	_	EndOfLine	_	_	_
# segment_iiif_link = https://impresso-project.ch/api/proxy/iiif/JDG-1991-10-10-a-p0019/2149,2369,467,46/full/0/default.jpg
magasins	O	O	O	O	O	O	_	_	_	_	_	_
d	O	O	O	O	O	O	_	_	NoSpaceAfter	_	_	_
'	O	O	O	O	O	O	_	_	NoSpaceAfter	_	_	_
articles	O	O	O	O	O	O	_	_	_	_	_	_
de	O	O	O	O	O	O	_	_	_	_	_	_
sport	O	O	O	O	O	O	_	_	_	_	_	_
délivrant	O	O	O	O	O	O	_	_	_	_	_	_
la	O	O	O	O	O	O	_	_	EndOfLine	_	_	_
# segment_iiif_link = https://impresso-project.ch/api/proxy/iiif/JDG-1991-10-10-a-p0019/2149,2394,466,46/full/0/default.jpg
vignette	O	O	O	O	O	O	_	_	_	_	_	_
se	O	O	O	O	O	O	_	_	_	_	_	_
sont	O	O	O	O	O	O	_	_	_	_	_	_
engagés	O	O	O	O	O	O	_	_	_	_	_	_
à	O	O	O	O	O	O	_	_	_	_	_	_
effectuer	O	O	O	O	O	O	_	_	_	_	_	_
des	O	O	O	O	O	O	_	_	EndOfLine	_	_	_
# segment_iiif_link = https://impresso-project.ch/api/proxy/iiif/JDG-1991-10-10-a-p0019/2149,2420,388,44/full/0/default.jpg
contrôles	O	O	O	O	O	O	_	_	_	_	_	_
«	O	O	O	O	O	O	_	_	_	_	_	_
exclusivement	O	O	O	O	O	O	_	_	_	_	_	_
sur	O	O	O	O	O	O	_	_	_	_	_	_
des	O	O	O	O	O	O	_	_	EndOfLine	_	_	_
# segment_iiif_link = https://impresso-project.ch/api/proxy/iiif/JDG-1991-10-10-a-p0019/2149,2446,400,44/full/0/default.jpg
appareils	O	O	O	O	O	O	_	_	_	_	_	_
répondant	O	O	O	O	O	O	_	_	_	_	_	_
aux	O	O	O	O	O	O	_	_	_	_	_	_
exigences	O	O	O	O	O	O	_	_	EndOfLine	_	_	_
# segment_iiif_link = https://impresso-project.ch/api/proxy/iiif/JDG-1991-10-10-a-p0019/2149,2472,377,44/full/0/default.jpg
techniques	O	O	O	O	O	O	_	_	_	_	_	_
du	O	O	O	O	O	O	_	_	_	_	_	_
BPA	O	O	O	O	O	O	_	_	_	_	_	_
»	O	O	O	O	O	O	_	_	NoSpaceAfter	_	_	_
,	O	O	O	O	O	O	_	_	_	_	_	_
souligne	O	O	O	O	O	O	_	_	_	_	_	_
le	O	O	O	O	O	O	_	_	EndOfLine	_	_	_
# segment_iiif_link = https://impresso-project.ch/api/proxy/iiif/JDG-1991-10-10-a-p0019/2149,2499,159,44/full/0/default.jpg
bureau	O	O	O	O	O	O	_	_	NoSpaceAfter	_	_	_
.	O	O	O	O	O	O	_	_	_	EndOfSentence	_	_
(	O	O	O	O	O	O	_	_	NoSpaceAfter	_	_	_
ATS	B-org	O	B-org.ent.pressagency.ATS-SDA	O	O	O	Q430109	_	NoSpaceAfter	_	LED0.00	_
)	O	O	O	O	O	O	_	_	EndOfLine	EndOfSentence	_	_
# segment_iiif_link = https://impresso-project.ch/api/proxy/iiif/JDG-1991-10-10-a-p0019/2147,2591,391,57/full/0/default.jpg
TELEVISION	O	O	O	O	O	O	_	_	_	_	_	_
Convention	O	O	O	O	O	O	_	_	EndOfLine	_	_	_
# segment_iiif_link = https://impresso-project.ch/api/proxy/iiif/JDG-1991-10-10-a-p0019/2149,2640,298,55/full/0/default.jpg
européenne	O	O	O	O	O	O	_	_	_	_	_	_
signée	O	O	O	O	O	O	_	_	EndOfLine	_	_	_
# segment_iiif_link = https://impresso-project.ch/api/proxy/iiif/JDG-1991-10-10-a-p0019/2149,2684,374,44/full/0/default.jpg
La	O	O	O	O	O	O	_	_	_	_	_	_
Suisse	O	O	O	O	O	O	_	_	_	_	_	_
a	O	O	O	O	O	O	_	_	_	_	_	_
formellement	O	O	O	O	O	O	_	_	_	_	_	_
ratifié	O	O	O	O	O	O	_	_	NoSpaceAfter	_	_	_
,	O	O	O	O	O	O	_	_	EndOfLine	_	_	_
# segment_iiif_link = https://impresso-project.ch/api/proxy/iiif/JDG-1991-10-10-a-p0019/2149,2710,394,44/full/0/default.jpg
mercredi	O	O	O	O	O	O	_	_	_	_	_	_
à	O	O	O	O	O	O	_	_	_	_	_	_
Nicosie	O	O	O	O	O	O	_	_	NoSpaceAfter	_	_	_
,	O	O	O	O	O	O	_	_	_	_	_	_
la	O	O	O	O	O	O	_	_	_	_	_	_
convention	O	O	O	O	O	O	_	_	EndOfLine	_	_	_
# segment_iiif_link = https://impresso-project.ch/api/proxy/iiif/JDG-1991-10-10-a-p0019/2149,2737,330,44/full/0/default.jpg
européenne	O	O	O	O	O	O	_	_	_	_	_	_
sur	O	O	O	O	O	O	_	_	_	_	_	_
la	O	O	O	O	O	O	_	_	_	_	_	_
télévision	O	O	O	O	O	O	_	_	EndOfLine	_	_	_
# segment_iiif_link = https://impresso-project.ch/api/proxy/iiif/JDG-1991-10-10-a-p0019/2149,2763,382,44/full/0/default.jpg
transfrontalière	O	O	O	O	O	O	_	_	NoSpaceAfter	_	_	_
.	O	O	O	O	O	O	_	_	_	EndOfSentence	_	_
L	O	O	O	O	O	O	_	_	NoSpaceAfter	_	_	_
'	O	O	O	O	O	O	_	_	NoSpaceAfter	_	_	_
instrument	O	O	O	O	O	O	_	_	_	_	_	_
de	O	O	O	O	O	O	_	_	EndOfLine	_	_	_
# segment_iiif_link = https://impresso-project.ch/api/proxy/iiif/JDG-1991-10-10-a-p0019/2150,2789,426,44/full/0/default.jpg
ratification	O	O	O	O	O	O	_	_	_	_	_	_
a	O	O	O	O	O	O	_	_	_	_	_	_
été	O	O	O	O	O	O	_	_	_	_	_	_
remis	O	O	O	O	O	O	_	_	_	_	_	_
au	O	O	O	O	O	O	_	_	_	_	_	_
secrétaire	O	O	O	O	O	O	_	_	EndOfLine	_	_	_
# segment_iiif_link = https://impresso-project.ch/api/proxy/iiif/JDG-1991-10-10-a-p0019/2149,2816,372,44/full/0/default.jpg
général	O	O	O	O	O	O	_	_	_	_	_	_
du	O	O	O	O	O	O	_	_	_	_	_	_
Conseil	O	O	O	O	O	O	_	_	_	_	_	_
de	O	O	O	O	O	O	_	_	_	_	_	_
l	O	O	O	O	O	O	_	_	NoSpaceAfter	_	_	_
'	O	O	O	O	O	O	_	_	NoSpaceAfter	_	_	_
Europe	O	O	O	O	O	O	_	_	NoSpaceAfter	_	_	_
,	O	O	O	O	O	O	_	_	EndOfLine	_	_	_
# segment_iiif_link = https://impresso-project.ch/api/proxy/iiif/JDG-1991-10-10-a-p0019/2150,2842,362,44/full/0/default.jpg
Mme	O	O	O	O	O	O	_	_	_	_	_	_
Catherine	O	O	O	O	O	O	_	_	_	_	_	_
Lalumière	O	O	O	O	O	O	_	_	NoSpaceAfter	_	_	_
,	O	O	O	O	O	O	_	_	_	_	_	_
par	O	O	O	O	O	O	_	_	EndOfLine	_	_	_
# segment_iiif_link = https://impresso-project.ch/api/proxy/iiif/JDG-1991-10-10-a-p0019/2150,2868,371,44/full/0/default.jpg
M	O	O	O	O	O	O	_	_	NoSpaceAfter	_	_	_
.	O	O	O	O	O	O	_	_	_	_	_	_
Fritz	O	O	O	O	O	O	_	_	_	_	_	_
Mùhlemann	O	O	O	O	O	O	_	_	NoSpaceAfter	_	_	_
,	O	O	O	O	O	O	_	_	_	_	_	_
chef	O	O	O	O	O	O	_	_	_	_	_	_
de	O	O	O	O	O	O	_	_	_	_	_	_
la	O	O	O	O	O	O	_	_	EndOfLine	_	_	_
# segment_iiif_link = https://impresso-project.ch/api/proxy/iiif/JDG-1991-10-10-a-p0019/2149,2893,381,44/full/0/default.jpg
délégation	O	O	O	O	O	O	_	_	_	_	_	_
suisse	O	O	O	O	O	O	_	_	_	_	_	_
à	O	O	O	O	O	O	_	_	_	_	_	_
la	O	O	O	O	O	O	_	_	_	_	_	_
conférence	O	O	O	O	O	O	_	_	EndOfLine	_	_	_
# segment_iiif_link = https://impresso-project.ch/api/proxy/iiif/JDG-1991-10-10-a-p0019/2149,2919,455,44/full/0/default.jpg
ministérielle	O	O	O	O	O	O	_	_	_	_	_	_
sur	O	O	O	O	O	O	_	_	_	_	_	_
les	O	O	O	O	O	O	_	_	_	_	_	_
mass	O	O	O	O	O	O	_	_	_	_	_	_
média	O	O	O	O	O	O	_	_	_	_	_	_
qui	O	O	O	O	O	O	_	_	_	_	_	_
se	O	O	O	O	O	O	_	_	EndOfLine	_	_	_
# segment_iiif_link = https://impresso-project.ch/api/proxy/iiif/JDG-1991-10-10-a-p0019/2149,2944,460,44/full/0/default.jpg
tient	O	O	O	O	O	O	_	_	_	_	_	_
mercredi	O	O	O	O	O	O	_	_	_	_	_	_
et	O	O	O	O	O	O	_	_	_	_	_	_
jeudi	O	O	O	O	O	O	_	_	_	_	_	_
dans	O	O	O	O	O	O	_	_	_	_	_	_
la	O	O	O	O	O	O	_	_	_	_	_	_
capitale	O	O	O	O	O	O	_	_	EndOfLine	_	_	_
# segment_iiif_link = https://impresso-project.ch/api/proxy/iiif/JDG-1991-10-10-a-p0019/2149,2970,419,44/full/0/default.jpg
chypriote	O	O	O	O	O	O	_	_	NoSpaceAfter	_	_	_
.	O	O	O	O	O	O	_	_	_	EndOfSentence	_	_
Elle	O	O	O	O	O	O	_	_	_	_	_	_
limite	O	O	O	O	O	O	_	_	_	_	_	_
notamment	O	O	O	O	O	O	_	_	_	_	_	_
la	O	O	O	O	O	O	_	_	EndOfLine	_	_	_
# segment_iiif_link = https://impresso-project.ch/api/proxy/iiif/JDG-1991-10-10-a-p0019/2149,2996,449,44/full/0/default.jpg
durée	O	O	O	O	O	O	_	_	_	_	_	_
de	O	O	O	O	O	O	_	_	_	_	_	_
publicité	O	O	O	O	O	O	_	_	_	_	_	_
à	O	O	O	O	O	O	_	_	_	_	_	_
15	O	O	O	O	O	O	_	_	_	_	_	_
%	O	O	O	O	O	O	_	_	_	_	_	_
du	O	O	O	O	O	O	_	_	_	_	_	_
temps	O	O	O	O	O	O	_	_	_	_	_	_
de	O	O	O	O	O	O	_	_	EndOfLine	_	_	_
# segment_iiif_link = https://impresso-project.ch/api/proxy/iiif/JDG-1991-10-10-a-p0019/2149,3022,413,44/full/0/default.jpg
transmission	O	O	O	O	O	O	_	_	_	_	_	_
quotidien	O	O	O	O	O	O	_	_	_	_	_	_
et	O	O	O	O	O	O	_	_	_	_	_	_
à	O	O	O	O	O	O	_	_	_	_	_	_
20	O	O	O	O	O	O	_	_	_	_	_	_
%	O	O	O	O	O	O	_	_	_	_	_	_
de	O	O	O	O	O	O	_	_	EndOfLine	_	_	_
# segment_iiif_link = https://impresso-project.ch/api/proxy/iiif/JDG-1991-10-10-a-p0019/2149,3047,439,46/full/0/default.jpg
chaque	O	O	O	O	O	O	_	_	_	_	_	_
heure	O	O	O	O	O	O	_	_	_	_	_	_
d	O	O	O	O	O	O	_	_	NoSpaceAfter	_	_	_
'	O	O	O	O	O	O	_	_	NoSpaceAfter	_	_	_
antenne	O	O	O	O	O	O	_	_	NoSpaceAfter	_	_	_
.	O	O	O	O	O	O	_	_	_	EndOfSentence	_	_
Elle	O	O	O	O	O	O	_	_	_	_	_	_
interdit	O	O	O	O	O	O	_	_	EndOfLine	_	_	_
# segment_iiif_link = https://impresso-project.ch/api/proxy/iiif/JDG-1991-10-10-a-p0019/2149,3073,439,46/full/0/default.jpg
en	O	O	O	O	O	O	_	_	_	_	_	_
outre	O	O	O	O	O	O	_	_	_	_	_	_
la	O	O	O	O	O	O	_	_	_	_	_	_
pornographie	O	O	O	O	O	O	_	_	NoSpaceAfter	_	_	_
,	O	O	O	O	O	O	_	_	_	_	_	_
la	O	O	O	O	O	O	_	_	_	_	_	_
violence	O	O	O	O	O	O	_	_	EndOfLine	_	_	_
# segment_iiif_link = https://impresso-project.ch/api/proxy/iiif/JDG-1991-10-10-a-p0019/2149,3098,449,44/full/0/default.jpg
eç	O	O	O	O	O	O	_	_	_	_	_	_
l	O	O	O	O	O	O	_	_	NoSpaceAfter	_	_	_
'	O	O	O	O	O	O	_	_	NoSpaceAfter	_	_	_
incitation	O	O	O	O	O	O	_	_	_	_	_	_
à	O	O	O	O	O	O	_	_	_	_	_	_
la	O	O	O	O	O	O	_	_	_	_	_	_
haine	O	O	O	O	O	O	_	_	_	_	_	_
raciale	O	O	O	O	O	O	_	_	NoSpaceAfter	_	_	_
.	O	O	O	O	O	O	_	_	_	EndOfSentence	_	_
(	O	O	O	O	O	O	_	_	NoSpaceAfter	_	_	_
ATS	B-org	O	B-org.ent.pressagency.ATS-SDA	O	O	O	Q430109	_	NoSpaceAfter	_	LED0.00	_
)	O	O	O	O	O	O	_	_	EndOfLine	EndOfSentence	_	_
# segment_iiif_link = https://impresso-project.ch/api/proxy/iiif/JDG-1991-10-10-a-p0019/2150,3188,365,57/full/0/default.jpg
DEFENSE	O	O	O	O	O	O	_	_	_	_	_	_
Le	O	O	O	O	O	O	_	_	_	_	_	_
«	O	O	O	O	O	O	_	_	_	_	_	_
NAPF	O	O	O	O	O	O	_	_	_	_	_	_
»	O	O	O	O	O	O	_	_	EndOfLine	_	_	_
# segment_iiif_link = https://impresso-project.ch/api/proxy/iiif/JDG-1991-10-10-a-p0019/2149,3236,383,55/full/0/default.jpg
envisage	O	O	O	O	O	O	_	_	_	_	_	_
sa	O	O	O	O	O	O	_	_	_	_	_	_
dissolution	O	O	O	O	O	O	_	_	EndOfLine	_	_	_
# segment_iiif_link = https://impresso-project.ch/api/proxy/iiif/JDG-1991-10-10-a-p0019/2150,3282,446,44/full/0/default.jpg
Les	O	O	O	O	O	O	_	_	_	_	_	_
hommes	O	O	O	O	O	O	_	_	_	_	_	_
et	O	O	O	O	O	O	_	_	_	_	_	_
femmes	O	O	O	O	O	O	_	_	_	_	_	_
constituant	O	O	O	O	O	O	_	_	_	_	_	_
le	O	O	O	O	O	O	_	_	EndOfLine	_	_	_
# segment_iiif_link = https://impresso-project.ch/api/proxy/iiif/JDG-1991-10-10-a-p0019/2150,3308,382,44/full/0/default.jpg
Groupe	O	O	O	O	O	O	_	_	_	_	_	_
de	O	O	O	O	O	O	_	_	_	_	_	_
travail	O	O	O	O	O	O	_	_	_	_	_	_
«	O	O	O	O	O	O	_	_	_	_	_	_
NAPF	O	O	O	O	O	O	_	_	_	_	_	_
»	O	O	O	O	O	O	_	_	NoSpaceAfter	_	_	_
,	O	O	O	O	O	O	_	_	_	_	_	_
une	O	O	O	O	O	O	_	_	EndOfLine	_	_	_
# segment_iiif_link = https://impresso-project.ch/api/proxy/iiif/JDG-1991-10-10-a-p0019/2150,3333,455,46/full/0/default.jpg
organisation	O	O	O	O	O	O	_	_	_	_	_	_
d	O	O	O	O	O	O	_	_	NoSpaceAfter	_	_	_
'	O	O	O	O	O	O	_	_	NoSpaceAfter	_	_	_
appui	O	O	O	O	O	O	_	_	_	_	_	_
volontaire	O	O	O	O	O	O	_	_	_	_	_	_
en	O	O	O	O	O	O	_	_	_	_	_	_
vue	O	O	O	O	O	O	_	_	EndOfLine	_	_	_
# segment_iiif_link = https://impresso-project.ch/api/proxy/iiif/JDG-1991-10-10-a-p0019/2150,3359,378,46/full/0/default.jpg
d	O	O	O	O	O	O	_	_	NoSpaceAfter	_	_	_
'	O	O	O	O	O	O	_	_	NoSpaceAfter	_	_	_
une	O	O	O	O	O	O	_	_	_	_	_	_
défense	O	O	O	O	O	O	_	_	_	_	_	_
nationale	O	O	O	O	O	O	_	_	_	_	_	_
efficace	O	O	O	O	O	O	_	_	NoSpaceAfter	_	_	_
,	O	O	O	O	O	O	_	_	EndOfLine	_	_	_
# segment_iiif_link = https://impresso-project.ch/api/proxy/iiif/JDG-1991-10-10-a-p0019/2150,3384,342,46/full/0/default.jpg
décideront	O	O	O	O	O	O	_	_	_	_	_	_
prochainement	O	O	O	O	O	O	_	_	_	_	_	_
sa	O	O	O	O	O	O	_	_	EndOfLine	_	_	_
# segment_iiif_link = https://impresso-project.ch/api/proxy/iiif/JDG-1991-10-10-a-p0019/2150,3410,382,46/full/0/default.jpg
dissolution	O	O	O	O	O	O	_	_	NoSpaceAfter	_	_	_
.	O	O	O	O	O	O	_	_	_	EndOfSentence	_	_
Selon	O	O	O	O	O	O	_	_	_	_	_	_
leur	O	O	O	O	O	O	_	_	_	_	_	_
président	O	O	O	O	O	O	_	_	EndOfLine	_	_	_
# segment_iiif_link = https://impresso-project.ch/api/proxy/iiif/JDG-1991-10-10-a-p0019/2150,3438,372,44/full/0/default.jpg
Walter	O	O	O	O	O	O	_	_	_	_	_	_
Schwarz	O	O	O	O	O	O	_	_	NoSpaceAfter	_	_	_
,	O	O	O	O	O	O	_	_	_	_	_	_
les	O	O	O	O	O	O	_	_	_	_	_	_
22	O	O	O	O	O	O	_	_	_	_	_	_
civils	O	O	O	O	O	O	_	_	_	_	_	_
et	O	O	O	O	O	O	_	_	EndOfLine	_	_	_
# segment_iiif_link = https://impresso-project.ch/api/proxy/iiif/JDG-1991-10-10-a-p0019/2152,3463,427,44/full/0/default.jpg
militaires	O	O	O	O	O	O	_	_	_	_	_	_
membres	O	O	O	O	O	O	_	_	_	_	_	_
de	O	O	O	O	O	O	_	_	_	_	_	_
l	O	O	O	O	O	O	_	_	NoSpaceAfter	_	_	_
'	O	O	O	O	O	O	_	_	NoSpaceAfter	_	_	_
organisation	O	O	O	O	O	O	_	_	EndOfLine	_	_	_
# segment_iiif_link = https://impresso-project.ch/api/proxy/iiif/JDG-1991-10-10-a-p0019/2152,3489,363,46/full/0/default.jpg
envisagent	O	O	O	O	O	O	_	_	_	_	_	_
d	O	O	O	O	O	O	_	_	NoSpaceAfter	_	_	_
'	O	O	O	O	O	O	_	_	NoSpaceAfter	_	_	_
interrompre	O	O	O	O	O	O	_	_	_	_	_	_
leurs	O	O	O	O	O	O	_	_	EndOfLine	_	_	_
# segment_iiif_link = https://impresso-project.ch/api/proxy/iiif/JDG-1991-10-10-a-p0019/2152,3516,448,44/full/0/default.jpg
activités	O	O	O	O	O	O	_	_	NoSpaceAfter	_	_	_
,	O	O	O	O	O	O	_	_	_	_	_	_
notamment	O	O	O	O	O	O	_	_	_	_	_	_
pour	O	O	O	O	O	O	_	_	_	_	_	_
des	O	O	O	O	O	O	_	_	_	_	_	_
raisons	O	O	O	O	O	O	_	_	EndOfLine	_	_	_
# segment_iiif_link = https://impresso-project.ch/api/proxy/iiif/JDG-1991-10-10-a-p0019/2152,3542,468,44/full/0/default.jpg
financières	O	O	O	O	O	O	_	_	NoSpaceAfter	_	_	_
.	O	O	O	O	O	O	_	_	_	EndOfSentence	_	_
«	O	O	O	O	O	O	_	_	_	_	_	_
Nous	O	O	O	O	O	O	_	_	_	_	_	_
restons	O	O	O	O	O	O	_	_	_	_	_	_
très	O	O	O	O	O	O	_	_	_	_	_	_
motivés	O	O	O	O	O	O	_	_	EndOfLine	_	_	_
# segment_iiif_link = https://impresso-project.ch/api/proxy/iiif/JDG-1991-10-10-a-p0019/2152,3568,413,44/full/0/default.jpg
par	O	O	O	O	O	O	_	_	_	_	_	_
le	O	O	O	O	O	O	_	_	_	_	_	_
devoir	O	O	O	O	O	O	_	_	_	_	_	_
de	O	O	O	O	O	O	_	_	_	_	_	_
solidarité	O	O	O	O	O	O	_	_	_	_	_	_
et	O	O	O	O	O	O	_	_	_	_	_	_
je	O	O	O	O	O	O	_	_	_	_	_	_
ne	O	O	O	O	O	O	_	_	EndOfLine	_	_	_
# segment_iiif_link = https://impresso-project.ch/api/proxy/iiif/JDG-1991-10-10-a-p0019/2152,3594,390,44/full/0/default.jpg
perds	O	O	O	O	O	O	_	_	_	_	_	_
pas	O	O	O	O	O	O	_	_	_	_	_	_
tout	O	O	O	O	O	O	_	_	_	_	_	_
espoir	O	O	O	O	O	O	_	_	_	_	_	_
»	O	O	O	O	O	O	_	_	NoSpaceAfter	_	_	_
,	O	O	O	O	O	O	_	_	_	_	_	_
a	O	O	O	O	O	O	_	_	_	_	_	_
déclaré	O	O	O	O	O	O	_	_	EndOfLine	_	_	_
# segment_iiif_link = https://impresso-project.ch/api/proxy/iiif/JDG-1991-10-10-a-p0019/2154,3619,365,46/full/0/default.jpg
mercredi	O	O	O	O	O	O	_	_	_	_	_	_
à	O	O	O	O	O	O	_	_	_	_	_	_
l	O	O	O	O	O	O	_	_	NoSpaceAfter	_	_	_
'	O	O	O	O	O	O	_	_	NoSpaceAfter	_	_	_
ATS	O	O	O	O	O	O	_	_	_	_	_	_
le	O	O	O	O	O	O	_	_	_	_	_	_
Dr	O	O	O	O	O	O	_	_	_	_	_	_
Walter	O	O	O	O	O	O	_	_	EndOfLine	_	_	_
# segment_iiif_link = https://impresso-project.ch/api/proxy/iiif/JDG-1991-10-10-a-p0019/2152,3645,468,46/full/0/default.jpg
Schwarz	O	O	O	O	O	O	_	_	NoSpaceAfter	_	_	_
.	O	O	O	O	O	O	_	_	_	EndOfSentence	_	_
Avocat	O	O	O	O	O	O	_	_	_	_	_	_
dans	O	O	O	O	O	O	_	_	_	_	_	_
le	O	O	O	O	O	O	_	_	_	_	_	_
civil	O	O	O	O	O	O	_	_	_	_	_	_
et	O	O	O	O	O	O	_	_	_	_	_	_
colonel	O	O	O	O	O	O	_	_	EndOfLine	_	_	_
# segment_iiif_link = https://impresso-project.ch/api/proxy/iiif/JDG-1991-10-10-a-p0019/2150,3672,471,44/full/0/default.jpg
à	O	O	O	O	O	O	_	_	_	_	_	_
l	O	O	O	O	O	O	_	_	NoSpaceAfter	_	_	_
'	O	O	O	O	O	O	_	_	NoSpaceAfter	_	_	_
armée	O	O	O	O	O	O	_	_	NoSpaceAfter	_	_	_
,	O	O	O	O	O	O	_	_	_	_	_	_
le	O	O	O	O	O	O	_	_	_	_	_	_
président	O	O	O	O	O	O	_	_	_	_	_	_
du	O	O	O	O	O	O	_	_	_	_	_	_
«	O	O	O	O	O	O	_	_	_	_	_	_
NAPF	O	O	O	O	O	O	_	_	_	_	_	_
»	O	O	O	O	O	O	_	_	_	_	_	_
cite	O	O	O	O	O	O	_	_	EndOfLine	_	_	_
# segment_iiif_link = https://impresso-project.ch/api/proxy/iiif/JDG-1991-10-10-a-p0019/2152,3698,446,44/full/0/default.jpg
parmi	O	O	O	O	O	O	_	_	_	_	_	_
les	O	O	O	O	O	O	_	_	_	_	_	_
actions	O	O	O	O	O	O	_	_	_	_	_	_
réalisées	O	O	O	O	O	O	_	_	_	_	_	_
l	O	O	O	O	O	O	_	_	NoSpaceAfter	_	_	_
'	O	O	O	O	O	O	_	_	NoSpaceAfter	_	_	_
appui	O	O	O	O	O	O	_	_	_	_	_	_
à	O	O	O	O	O	O	_	_	_	_	_	_
la	O	O	O	O	O	O	_	_	EndOfLine	_	_	_
# segment_iiif_link = https://impresso-project.ch/api/proxy/iiif/JDG-1991-10-10-a-p0019/2152,3722,367,46/full/0/default.jpg
motion	O	O	O	O	O	O	_	_	_	_	_	_
René	O	O	O	O	O	O	_	_	_	_	_	_
Rhinow	O	O	O	O	O	O	_	_	_	_	_	_
(	O	O	O	O	O	O	_	_	NoSpaceAfter	_	_	_
PLS	O	O	O	O	O	O	_	_	NoSpaceAfter	_	_	_
,	O	O	O	O	O	O	_	_	_	_	_	_
BL	O	O	O	O	O	O	_	_	NoSpaceAfter	_	_	_
)	O	O	O	O	O	O	_	_	EndOfLine	_	_	_
# segment_iiif_link = https://impresso-project.ch/api/proxy/iiif/JDG-1991-10-10-a-p0019/2152,3748,402,44/full/0/default.jpg
proposant	O	O	O	O	O	O	_	_	_	_	_	_
l	O	O	O	O	O	O	_	_	NoSpaceAfter	_	_	_
'	O	O	O	O	O	O	_	_	NoSpaceAfter	_	_	_
obligation	O	O	O	O	O	O	_	_	_	_	_	_
générale	O	O	O	O	O	O	_	_	_	_	_	_
de	O	O	O	O	O	O	_	_	EndOfLine	_	_	_
# segment_iiif_link = https://impresso-project.ch/api/proxy/iiif/JDG-1991-10-10-a-p0019/2150,3771,421,44/full/0/default.jpg
servir	O	O	O	O	O	O	_	_	NoSpaceAfter	_	_	_
,	O	O	O	O	O	O	_	_	_	_	_	_
déposée	O	O	O	O	O	O	_	_	_	_	_	_
le	O	O	O	O	O	O	_	_	_	_	_	_
4	O	O	O	O	O	O	_	_	_	_	_	_
juin	O	O	O	O	O	O	_	_	_	_	_	_
dernier	O	O	O	O	O	O	_	_	_	_	_	_
au	O	O	O	O	O	O	_	_	EndOfLine	_	_	_
# segment_iiif_link = https://impresso-project.ch/api/proxy/iiif/JDG-1991-10-10-a-p0019/2150,3797,285,44/full/0/default.jpg
Conseil	O	O	O	O	O	O	_	_	_	_	_	_
des	O	O	O	O	O	O	_	_	_	_	_	_
Etats	O	O	O	O	O	O	_	_	NoSpaceAfter	_	_	_
.	O	O	O	O	O	O	_	_	_	EndOfSentence	_	_
(	O	O	O	O	O	O	_	_	NoSpaceAfter	_	_	_
ATS	B-org	O	B-org.ent.pressagency.ATS-SDA	O	O	O	Q430109	_	NoSpaceAfter	_	LED0.00	_
)	O	O	O	O	O	O	_	_	EndOfLine	EndOfSentence	_	_

# language = fr
# newspaper = JDG
# date = 1994-05-09
# document_id = JDG-1994-05-09-a-i0039
# news-agency-as-source = Q130879
# segment_iiif_link = https://impresso-project.ch/api/proxy/iiif/JDG-1994-05-09-a-p0004/629,2297,1494,130/full/0/default.jpg
La	O	O	O	O	O	O	_	_	_	_	_	_
guerre	O	O	O	O	O	O	_	_	_	_	_	_
s	O	O	O	O	O	O	_	_	NoSpaceAfter	_	_	_
'	O	O	O	O	O	O	_	_	NoSpaceAfter	_	_	_
étend	O	O	O	O	O	O	_	_	_	_	_	_
entre	O	O	O	O	O	O	_	_	_	_	_	_
les	O	O	O	O	O	O	_	_	_	_	_	_
deux	O	O	O	O	O	O	_	_	_	_	_	_
Yémens	O	O	O	O	O	O	_	_	EndOfLine	_	_	_
# segment_iiif_link = https://impresso-project.ch/api/proxy/iiif/JDG-1994-05-09-a-p0004/622,2231,768,66/full/0/default.jpg
PROCHE	O	O	O	O	O	O	_	_	NoSpaceAfter	_	_	_
-	O	O	O	O	O	O	_	_	NoSpaceAfter	_	_	_
ORIENT	O	O	O	O	O	O	_	_	_	_	_	_
Le	O	O	O	O	O	O	_	_	_	_	_	_
conflit	O	O	O	O	O	O	_	_	_	_	_	_
Sanaa	O	O	O	O	O	O	_	_	NoSpaceAfter	_	_	_
-	O	O	O	O	O	O	_	_	NoSpaceAfter	_	_	_
Aden	O	O	O	O	O	O	_	_	EndOfLine	_	_	_
# segment_iiif_link = https://impresso-project.ch/api/proxy/iiif/JDG-1994-05-09-a-p0004/686,2420,1373,71/full/0/default.jpg
Les	O	O	O	O	O	O	_	_	_	_	_	_
troupes	O	O	O	O	O	O	_	_	_	_	_	_
nordistes	O	O	O	O	O	O	_	_	_	_	_	_
progressent	O	O	O	O	O	O	_	_	_	_	_	_
versAden	O	O	O	O	O	O	_	_	NoSpaceAfter	_	_	_
.	O	O	O	O	O	O	_	_	_	EndOfSentence	_	_
La	O	O	O	O	O	O	_	_	_	_	_	_
mobilisation	O	O	O	O	O	O	_	_	_	_	_	_
est	O	O	O	O	O	O	_	_	_	_	_	_
décrétée	O	O	O	O	O	O	_	_	_	_	_	_
au	O	O	O	O	O	O	_	_	_	_	_	_
Sud	O	O	O	O	O	O	_	_	NoSpaceAfter	_	_	_
.	O	O	O	O	O	O	_	_	EndOfLine	EndOfSentence	_	_
# segment_iiif_link = https://impresso-project.ch/api/proxy/iiif/JDG-1994-05-09-a-p0004/858,2472,1026,71/full/0/default.jpg
Pour	O	O	O	O	O	O	_	_	_	_	_	_
le	O	O	O	O	O	O	_	_	_	_	_	_
moment	O	O	O	O	O	O	_	_	_	_	_	_
tous	O	O	O	O	O	O	_	_	_	_	_	_
les	O	O	O	O	O	O	_	_	_	_	_	_
efforts	O	O	O	O	O	O	_	_	_	_	_	_
de	O	O	O	O	O	O	_	_	_	_	_	_
médiation	O	O	O	O	O	O	_	_	_	_	_	_
sont	O	O	O	O	O	O	_	_	_	_	_	_
sans	O	O	O	O	O	O	_	_	_	_	_	_
effet	O	O	O	O	O	O	_	_	NoSpaceAfter	_	_	_
.	O	O	O	O	O	O	_	_	EndOfLine	EndOfSentence	_	_
# segment_iiif_link = https://impresso-project.ch/api/proxy/iiif/JDG-1994-05-09-a-p0004/622,2547,469,53/full/0/default.jpg
Tandis	O	O	O	O	O	O	_	_	_	_	_	_
que	O	O	O	O	O	O	_	_	_	_	_	_
les	O	O	O	O	O	O	_	_	_	_	_	_
étrangers	O	O	O	O	O	O	_	_	_	_	_	_
continuent	O	O	O	O	O	O	_	_	EndOfLine	_	_	_
# segment_iiif_link = https://impresso-project.ch/api/proxy/iiif/JDG-1994-05-09-a-p0004/667,2580,423,48/full/0/default.jpg
de	O	O	O	O	O	O	_	_	_	_	_	_
fuir	O	O	O	O	O	O	_	_	_	_	_	_
le	O	O	O	O	O	O	_	_	_	_	_	_
pays	O	O	O	O	O	O	_	_	NoSpaceAfter	_	_	_
,	O	O	O	O	O	O	_	_	_	_	_	_
les	O	O	O	O	O	O	_	_	_	_	_	_
troupes	O	O	O	O	O	O	_	_	_	_	_	_
nordistes	O	O	O	O	O	O	_	_	EndOfLine	_	_	_
# segment_iiif_link = https://impresso-project.ch/api/proxy/iiif/JDG-1994-05-09-a-p0004/623,2607,468,48/full/0/default.jpg
sont	O	O	O	O	O	O	_	_	_	_	_	_
parvenues	O	O	O	O	O	O	_	_	_	_	_	_
dimanche	O	O	O	O	O	O	_	_	_	_	_	_
aux	O	O	O	O	O	O	_	_	_	_	_	_
portes	O	O	O	O	O	O	_	_	EndOfLine	_	_	_
# segment_iiif_link = https://impresso-project.ch/api/proxy/iiif/JDG-1994-05-09-a-p0004/623,2635,468,48/full/0/default.jpg
d	O	O	O	O	O	O	_	_	NoSpaceAfter	_	_	_
'	O	O	O	O	O	O	_	_	NoSpaceAfter	_	_	_
Aden	O	O	O	O	O	O	_	_	NoSpaceAfter	_	_	_
,	O	O	O	O	O	O	_	_	_	_	_	_
le	O	O	O	O	O	O	_	_	_	_	_	_
grand	O	O	O	O	O	O	_	_	_	_	_	_
port	O	O	O	O	O	O	_	_	_	_	_	_
du	O	O	O	O	O	O	_	_	_	_	_	_
Sud	O	O	O	O	O	O	_	_	NoSpaceAfter	_	_	_
-	O	O	O	O	O	O	_	_	NoSpaceAfter	_	_	_
Yémen	O	O	O	O	O	O	_	_	NoSpaceAfter	_	_	_
,	O	O	O	O	O	O	_	_	EndOfLine	_	_	_
# segment_iiif_link = https://impresso-project.ch/api/proxy/iiif/JDG-1994-05-09-a-p0004/623,2662,468,48/full/0/default.jpg
où	O	O	O	O	O	O	_	_	_	_	_	_
la	O	O	O	O	O	O	_	_	_	_	_	_
mobilisation	O	O	O	O	O	O	_	_	_	_	_	_
générale	O	O	O	O	O	O	_	_	_	_	_	_
a	O	O	O	O	O	O	_	_	_	_	_	_
été	O	O	O	O	O	O	_	_	EndOfLine	_	_	_
# segment_iiif_link = https://impresso-project.ch/api/proxy/iiif/JDG-1994-05-09-a-p0004/623,2690,40,49/full/0/default.jpg
tée	O	O	O	O	O	O	_	_	NoSpaceAfter	_	_	_
.	O	O	O	O	O	O	_	_	EndOfLine	EndOfSentence	_	_
# segment_iiif_link = https://impresso-project.ch/api/proxy/iiif/JDG-1994-05-09-a-p0004/653,2719,438,49/full/0/default.jpg
Des	O	O	O	O	O	O	_	_	_	_	_	_
combats	O	O	O	O	O	O	_	_	_	_	_	_
acharnés	O	O	O	O	O	O	_	_	_	_	_	_
ont	O	O	O	O	O	O	_	_	_	_	_	_
été	O	O	O	O	O	O	_	_	EndOfLine	_	_	_
# segment_iiif_link = https://impresso-project.ch/api/proxy/iiif/JDG-1994-05-09-a-p0004/623,2746,470,49/full/0/default.jpg
lés	O	O	O	O	O	O	_	_	_	_	_	_
à	O	O	O	O	O	O	_	_	_	_	_	_
20	O	O	O	O	O	O	_	_	_	_	_	_
km	O	O	O	O	O	O	_	_	_	_	_	_
d	O	O	O	O	O	O	_	_	NoSpaceAfter	_	_	_
'	O	O	O	O	O	O	_	_	NoSpaceAfter	_	_	_
Aden	O	O	O	O	O	O	_	_	NoSpaceAfter	_	_	_
,	O	O	O	O	O	O	_	_	_	_	_	_
ville	O	O	O	O	O	O	_	_	_	_	_	_
de	O	O	O	O	O	O	_	_	_	_	_	_
500	O	O	O	O	O	O	_	_	_	_	_	_
000	O	O	O	O	O	O	_	_	EndOfLine	_	_	_
# segment_iiif_link = https://impresso-project.ch/api/proxy/iiif/JDG-1994-05-09-a-p0004/623,2776,468,48/full/0/default.jpg
habitants	O	O	O	O	O	O	_	_	NoSpaceAfter	_	_	_
.	O	O	O	O	O	O	_	_	_	EndOfSentence	_	_
Dans	O	O	O	O	O	O	_	_	_	_	_	_
le	O	O	O	O	O	O	_	_	_	_	_	_
nord	O	O	O	O	O	O	_	_	NoSpaceAfter	_	_	_
,	O	O	O	O	O	O	_	_	_	_	_	_
la	O	O	O	O	O	O	_	_	_	_	_	_
capitale	O	O	O	O	O	O	_	_	_	_	_	_
Sanaa	O	O	O	O	O	O	_	_	EndOfLine	_	_	_
# segment_iiif_link = https://impresso-project.ch/api/proxy/iiif/JDG-1994-05-09-a-p0004/623,2802,468,49/full/0/default.jpg
et	O	O	O	O	O	O	_	_	_	_	_	_
ses	O	O	O	O	O	O	_	_	_	_	_	_
environs	O	O	O	O	O	O	_	_	_	_	_	_
ont	O	O	O	O	O	O	_	_	_	_	_	_
été	O	O	O	O	O	O	_	_	_	_	_	_
la	O	O	O	O	O	O	_	_	_	_	_	_
cible	O	O	O	O	O	O	_	_	_	_	_	_
samedi	O	O	O	O	O	O	_	_	EndOfLine	_	_	_
# segment_iiif_link = https://impresso-project.ch/api/proxy/iiif/JDG-1994-05-09-a-p0004/623,2831,468,48/full/0/default.jpg
soir	O	O	O	O	O	O	_	_	_	_	_	_
de	O	O	O	O	O	O	_	_	_	_	_	_
cinq	O	O	O	O	O	O	_	_	_	_	_	_
missiles	O	O	O	O	O	O	_	_	_	_	_	_
sol	O	O	O	O	O	O	_	_	NoSpaceAfter	_	_	_
-	O	O	O	O	O	O	_	_	NoSpaceAfter	_	_	_
sol	O	O	O	O	O	O	_	_	_	_	_	_
SCUD	O	O	O	O	O	O	_	_	_	_	_	_
tirés	O	O	O	O	O	O	_	_	EndOfLine	_	_	_
# segment_iiif_link = https://impresso-project.ch/api/proxy/iiif/JDG-1994-05-09-a-p0004/623,2858,189,48/full/0/default.jpg
par	O	O	O	O	O	O	_	_	_	_	_	_
les	O	O	O	O	O	O	_	_	_	_	_	_
sudistes	O	O	O	O	O	O	_	_	NoSpaceAfter	_	_	_
.	O	O	O	O	O	O	_	_	EndOfLine	EndOfSentence	_	_
# segment_iiif_link = https://impresso-project.ch/api/proxy/iiif/JDG-1994-05-09-a-p0004/653,2888,440,48/full/0/default.jpg
Le	O	O	O	O	O	O	_	_	_	_	_	_
secrétaire	O	O	O	O	O	O	_	_	_	_	_	_
d	O	O	O	O	O	O	_	_	NoSpaceAfter	_	_	_
'	O	O	O	O	O	O	_	_	NoSpaceAfter	_	_	_
Etat	O	O	O	O	O	O	_	_	NoSpaceAfter	_	_	_
-	O	O	O	O	O	O	_	_	NoSpaceAfter	_	_	_
adjoint	O	O	O	O	O	O	_	_	EndOfLine	_	_	_
# segment_iiif_link = https://impresso-project.ch/api/proxy/iiif/JDG-1994-05-09-a-p0004/625,2915,468,48/full/0/default.jpg
américain	O	O	O	O	O	O	_	_	_	_	_	_
pour	O	O	O	O	O	O	_	_	_	_	_	_
le	O	O	O	O	O	O	_	_	_	_	_	_
Proche	O	O	O	O	O	O	_	_	NoSpaceAfter	_	_	_
-	O	O	O	O	O	O	_	_	NoSpaceAfter	_	_	_
Orient	O	O	O	O	O	O	_	_	NoSpaceAfter	_	_	_
,	O	O	O	O	O	O	_	_	_	_	_	_
Robert	O	O	O	O	O	O	_	_	EndOfLine	_	_	_
# segment_iiif_link = https://impresso-project.ch/api/proxy/iiif/JDG-1994-05-09-a-p0004/625,2943,468,49/full/0/default.jpg
Pelletreau	O	O	O	O	O	O	_	_	_	_	_	_
a	O	O	O	O	O	O	_	_	_	_	_	_
réaffirmé	O	O	O	O	O	O	_	_	_	_	_	_
que	O	O	O	O	O	O	_	_	_	_	_	_
«	O	O	O	O	O	O	_	_	_	_	_	_
les	O	O	O	O	O	O	_	_	_	_	_	_
combats	O	O	O	O	O	O	_	_	EndOfLine	_	_	_
# segment_iiif_link = https://impresso-project.ch/api/proxy/iiif/JDG-1994-05-09-a-p0004/623,2970,469,49/full/0/default.jpg
pourraient	O	O	O	O	O	O	_	_	_	_	_	_
durer	O	O	O	O	O	O	_	_	_	_	_	_
longtemps	O	O	O	O	O	O	_	_	_	_	_	_
»	O	O	O	O	O	O	_	_	NoSpaceAfter	_	_	_
.	O	O	O	O	O	O	_	_	_	EndOfSentence	_	_
Samedi	O	O	O	O	O	O	_	_	NoSpaceAfter	_	_	_
,	O	O	O	O	O	O	_	_	_	_	_	_
il	O	O	O	O	O	O	_	_	EndOfLine	_	_	_
# segment_iiif_link = https://impresso-project.ch/api/proxy/iiif/JDG-1994-05-09-a-p0004/625,3000,468,48/full/0/default.jpg
avait	O	O	O	O	O	O	_	_	_	_	_	_
estimé	O	O	O	O	O	O	_	_	_	_	_	_
que	O	O	O	O	O	O	_	_	_	_	_	_
«	O	O	O	O	O	O	_	_	_	_	_	_
les	O	O	O	O	O	O	_	_	_	_	_	_
forces	O	O	O	O	O	O	_	_	_	_	_	_
sudistes	O	O	O	O	O	O	_	_	NoSpaceAfter	_	_	_
,	O	O	O	O	O	O	_	_	_	_	_	_
qui	O	O	O	O	O	O	_	_	EndOfLine	_	_	_
# segment_iiif_link = https://impresso-project.ch/api/proxy/iiif/JDG-1994-05-09-a-p0004/625,3027,468,48/full/0/default.jpg
sont	O	O	O	O	O	O	_	_	_	_	_	_
bien	O	O	O	O	O	O	_	_	_	_	_	_
entraînées	O	O	O	O	O	O	_	_	NoSpaceAfter	_	_	_
,	O	O	O	O	O	O	_	_	_	_	_	_
sont	O	O	O	O	O	O	_	_	_	_	_	_
capables	O	O	O	O	O	O	_	_	_	_	_	_
de	O	O	O	O	O	O	_	_	EndOfLine	_	_	_
# segment_iiif_link = https://impresso-project.ch/api/proxy/iiif/JDG-1994-05-09-a-p0004/625,3054,468,48/full/0/default.jpg
résister	O	O	O	O	O	O	_	_	_	_	_	_
»	O	O	O	O	O	O	_	_	NoSpaceAfter	_	_	_
,	O	O	O	O	O	O	_	_	_	_	_	_
même	O	O	O	O	O	O	_	_	_	_	_	_
si	O	O	O	O	O	O	_	_	_	_	_	_
le	O	O	O	O	O	O	_	_	_	_	_	_
Nord	O	O	O	O	O	O	_	_	_	_	_	_
semble	O	O	O	O	O	O	_	_	_	_	_	_
avoir	O	O	O	O	O	O	_	_	EndOfLine	_	_	_
# segment_iiif_link = https://impresso-project.ch/api/proxy/iiif/JDG-1994-05-09-a-p0004/623,3082,470,48/full/0/default.jpg
pris	O	O	O	O	O	O	_	_	_	_	_	_
un	O	O	O	O	O	O	_	_	_	_	_	_
avantage	O	O	O	O	O	O	_	_	_	_	_	_
initial	O	O	O	O	O	O	_	_	NoSpaceAfter	_	_	_
.	O	O	O	O	O	O	_	_	_	EndOfSentence	_	_
Ordre	O	O	O	O	O	O	_	_	_	_	_	_
de	O	O	O	O	O	O	_	_	EndOfLine	_	_	_
# segment_iiif_link = https://impresso-project.ch/api/proxy/iiif/JDG-1994-05-09-a-p0004/625,3110,194,48/full/0/default.jpg
mobilisation	O	O	O	O	O	O	_	_	_	_	_	_
générale	O	O	O	O	O	O	_	_	EndOfLine	_	_	_
# segment_iiif_link = https://impresso-project.ch/api/proxy/iiif/JDG-1994-05-09-a-p0004/653,3139,440,48/full/0/default.jpg
La	O	O	O	O	O	O	_	_	_	_	_	_
mobilisation	O	O	O	O	O	O	_	_	_	_	_	_
générale	O	O	O	O	O	O	_	_	_	_	_	_
dans	O	O	O	O	O	O	_	_	EndOfLine	_	_	_
# segment_iiif_link = https://impresso-project.ch/api/proxy/iiif/JDG-1994-05-09-a-p0004/625,3166,467,49/full/0/default.jpg
l	O	O	O	O	O	O	_	_	NoSpaceAfter	_	_	_
'	O	O	O	O	O	O	_	_	NoSpaceAfter	_	_	_
ancien	O	O	O	O	O	O	_	_	_	_	_	_
Yémen	O	O	O	O	O	O	_	_	_	_	_	_
du	O	O	O	O	O	O	_	_	_	_	_	_
Sud	O	O	O	O	O	O	_	_	NoSpaceAfter	_	_	_
,	O	O	O	O	O	O	_	_	_	_	_	_
uni	O	O	O	O	O	O	_	_	_	_	_	_
depuis	O	O	O	O	O	O	_	_	_	_	_	_
quatre	O	O	O	O	O	O	_	_	EndOfLine	_	_	_
# segment_iiif_link = https://impresso-project.ch/api/proxy/iiif/JDG-1994-05-09-a-p0004/625,3194,464,49/full/0/default.jpg
ans	O	O	O	O	O	O	_	_	_	_	_	_
avec	O	O	O	O	O	O	_	_	_	_	_	_
l	O	O	O	O	O	O	_	_	NoSpaceAfter	_	_	_
'	O	O	O	O	O	O	_	_	NoSpaceAfter	_	_	_
ex	O	O	O	O	O	O	_	_	NoSpaceAfter	_	_	_
-	O	O	O	O	O	O	_	_	NoSpaceAfter	_	_	_
Yémen	O	O	O	O	O	O	_	_	_	_	_	_
du	O	O	O	O	O	O	_	_	_	_	_	_
Nord	O	O	O	O	O	O	_	_	NoSpaceAfter	_	_	_
,	O	O	O	O	O	O	_	_	_	_	_	_
a	O	O	O	O	O	O	_	_	_	_	_	_
été	O	O	O	O	O	O	_	_	_	_	_	_
pro	O	O	O	O	O	O	_	_	EndOfLine	_	_	_
# segment_iiif_link = https://impresso-project.ch/api/proxy/iiif/JDG-1994-05-09-a-p0004/625,3223,468,48/full/0/default.jpg
clamée	O	O	O	O	O	O	_	_	_	_	_	_
samedi	O	O	O	O	O	O	_	_	_	_	_	_
par	O	O	O	O	O	O	_	_	_	_	_	_
le	O	O	O	O	O	O	_	_	_	_	_	_
ministre	O	O	O	O	O	O	_	_	_	_	_	_
de	O	O	O	O	O	O	_	_	_	_	_	_
la	O	O	O	O	O	O	_	_	EndOfLine	_	_	_
# segment_iiif_link = https://impresso-project.ch/api/proxy/iiif/JDG-1994-05-09-a-p0004/625,3251,467,48/full/0/default.jpg
Défense	O	O	O	O	O	O	_	_	_	_	_	_
Haïtham	O	O	O	O	O	O	_	_	_	_	_	_
Qassem	O	O	O	O	O	O	_	_	_	_	_	_
Tahar	O	O	O	O	O	O	_	_	NoSpaceAfter	_	_	_
.	O	O	O	O	O	O	_	_	_	EndOfSentence	_	_
Cette	O	O	O	O	O	O	_	_	EndOfLine	_	_	_
# segment_iiif_link = https://impresso-project.ch/api/proxy/iiif/JDG-1994-05-09-a-p0004/625,3278,468,48/full/0/default.jpg
mesure	O	O	O	O	O	O	_	_	_	_	_	_
a	O	O	O	O	O	O	_	_	_	_	_	_
été	O	O	O	O	O	O	_	_	_	_	_	_
qualifiée	O	O	O	O	O	O	_	_	_	_	_	_
«	O	O	O	O	O	O	_	_	_	_	_	_
d	O	O	O	O	O	O	_	_	NoSpaceAfter	_	_	_
'	O	O	O	O	O	O	_	_	NoSpaceAfter	_	_	_
illégitime	O	O	O	O	O	O	_	_	_	_	_	_
»	O	O	O	O	O	O	_	_	_	_	_	_
par	O	O	O	O	O	O	_	_	EndOfLine	_	_	_
# segment_iiif_link = https://impresso-project.ch/api/proxy/iiif/JDG-1994-05-09-a-p0004/625,3306,467,48/full/0/default.jpg
un	O	O	O	O	O	O	_	_	_	_	_	_
porte	O	O	O	O	O	O	_	_	NoSpaceAfter	_	_	_
-	O	O	O	O	O	O	_	_	NoSpaceAfter	_	_	_
parole	O	O	O	O	O	O	_	_	_	_	_	_
militaire	O	O	O	O	O	O	_	_	_	_	_	_
nordiste	O	O	O	O	O	O	_	_	NoSpaceAfter	_	_	_
,	O	O	O	O	O	O	_	_	_	_	_	_
le	O	O	O	O	O	O	_	_	EndOfLine	_	_	_
# segment_iiif_link = https://impresso-project.ch/api/proxy/iiif/JDG-1994-05-09-a-p0004/625,3333,470,48/full/0/default.jpg
ministre	O	O	O	O	O	O	_	_	_	_	_	_
(	O	O	O	O	O	O	_	_	NoSpaceAfter	_	_	_
sudiste	O	O	O	O	O	O	_	_	NoSpaceAfter	_	_	_
)	O	O	O	O	O	O	_	_	_	_	_	_
ayant	O	O	O	O	O	O	_	_	_	_	_	_
été	O	O	O	O	O	O	_	_	_	_	_	_
démis	O	O	O	O	O	O	_	_	_	_	_	_
de	O	O	O	O	O	O	_	_	_	_	_	_
ses	O	O	O	O	O	O	_	_	EndOfLine	_	_	_
# segment_iiif_link = https://impresso-project.ch/api/proxy/iiif/JDG-1994-05-09-a-p0004/625,3362,467,48/full/0/default.jpg
fonctions	O	O	O	O	O	O	_	_	_	_	_	_
par	O	O	O	O	O	O	_	_	_	_	_	_
le	O	O	O	O	O	O	_	_	_	_	_	_
pouvoir	O	O	O	O	O	O	_	_	_	_	_	_
central	O	O	O	O	O	O	_	_	NoSpaceAfter	_	_	_
,	O	O	O	O	O	O	_	_	_	_	_	_
dominé	O	O	O	O	O	O	_	_	EndOfLine	_	_	_
# segment_iiif_link = https://impresso-project.ch/api/proxy/iiif/JDG-1994-05-09-a-p0004/625,3388,202,49/full/0/default.jpg
par	O	O	O	O	O	O	_	_	_	_	_	_
les	O	O	O	O	O	O	_	_	_	_	_	_
nordistes	O	O	O	O	O	O	_	_	NoSpaceAfter	_	_	_
.	O	O	O	O	O	O	_	_	EndOfLine	EndOfSentence	_	_
# segment_iiif_link = https://impresso-project.ch/api/proxy/iiif/JDG-1994-05-09-a-p0004/627,3450,330,49/full/0/default.jpg
Des	O	O	O	O	O	O	_	_	_	_	_	_
combatsacharnés	O	O	O	O	O	O	_	_	EndOfLine	_	_	_
# segment_iiif_link = https://impresso-project.ch/api/proxy/iiif/JDG-1994-05-09-a-p0004/1170,2556,438,49/full/0/default.jpg
Pour	O	O	O	O	O	O	_	_	_	_	_	_
sa	O	O	O	O	O	O	_	_	_	_	_	_
part	O	O	O	O	O	O	_	_	NoSpaceAfter	_	_	_
,	O	O	O	O	O	O	_	_	_	_	_	_
Sanaa	O	O	O	O	O	O	_	_	_	_	_	_
et	O	O	O	O	O	O	_	_	_	_	_	_
ses	O	O	O	O	O	O	_	_	_	_	_	_
environs	O	O	O	O	O	O	_	_	EndOfLine	_	_	_
# segment_iiif_link = https://impresso-project.ch/api/proxy/iiif/JDG-1994-05-09-a-p0004/1140,2585,467,48/full/0/default.jpg
ont	O	O	O	O	O	O	_	_	_	_	_	_
été	O	O	O	O	O	O	_	_	_	_	_	_
la	O	O	O	O	O	O	_	_	_	_	_	_
cible	O	O	O	O	O	O	_	_	_	_	_	_
de	O	O	O	O	O	O	_	_	_	_	_	_
cinq	O	O	O	O	O	O	_	_	_	_	_	_
SCUD	O	O	O	O	O	O	_	_	_	_	_	_
qui	O	O	O	O	O	O	_	_	NoSpaceAfter	_	_	_
,	O	O	O	O	O	O	_	_	_	_	_	_
selon	O	O	O	O	O	O	_	_	EndOfLine	_	_	_
# segment_iiif_link = https://impresso-project.ch/api/proxy/iiif/JDG-1994-05-09-a-p0004/1140,2613,467,48/full/0/default.jpg
un	O	O	O	O	O	O	_	_	_	_	_	_
porte	O	O	O	O	O	O	_	_	NoSpaceAfter	_	_	_
-	O	O	O	O	O	O	_	_	NoSpaceAfter	_	_	_
parole	O	O	O	O	O	O	_	_	_	_	_	_
militaire	O	O	O	O	O	O	_	_	NoSpaceAfter	_	_	_
,	O	O	O	O	O	O	_	_	_	_	_	_
«	O	O	O	O	O	O	_	_	_	_	_	_
n	O	O	O	O	O	O	_	_	NoSpaceAfter	_	_	_
'	O	O	O	O	O	O	_	_	NoSpaceAfter	_	_	_
ont	O	O	O	O	O	O	_	_	_	_	_	_
pas	O	O	O	O	O	O	_	_	EndOfLine	_	_	_
# segment_iiif_link = https://impresso-project.ch/api/proxy/iiif/JDG-1994-05-09-a-p0004/1142,2640,466,48/full/0/default.jpg
fait	O	O	O	O	O	O	_	_	_	_	_	_
de	O	O	O	O	O	O	_	_	_	_	_	_
victime	O	O	O	O	O	O	_	_	_	_	_	_
et	O	O	O	O	O	O	_	_	_	_	_	_
n	O	O	O	O	O	O	_	_	NoSpaceAfter	_	_	_
'	O	O	O	O	O	O	_	_	NoSpaceAfter	_	_	_
ont	O	O	O	O	O	O	_	_	_	_	_	_
provoqué	O	O	O	O	O	O	_	_	_	_	_	_
aucun	O	O	O	O	O	O	_	_	EndOfLine	_	_	_
# segment_iiif_link = https://impresso-project.ch/api/proxy/iiif/JDG-1994-05-09-a-p0004/1140,2668,469,48/full/0/default.jpg
dégât	O	O	O	O	O	O	_	_	_	_	_	_
»	O	O	O	O	O	O	_	_	_	_	_	_
dans	O	O	O	O	O	O	_	_	_	_	_	_
les	O	O	O	O	O	O	_	_	_	_	_	_
sites	O	O	O	O	O	O	_	_	_	_	_	_
«	O	O	O	O	O	O	_	_	_	_	_	_
vitaux	O	O	O	O	O	O	_	_	_	_	_	_
et	O	O	O	O	O	O	_	_	EndOfLine	_	_	_
# segment_iiif_link = https://impresso-project.ch/api/proxy/iiif/JDG-1994-05-09-a-p0004/1142,2695,468,48/full/0/default.jpg
stratégiques	O	O	O	O	O	O	_	_	_	_	_	_
»	O	O	O	O	O	O	_	_	_	_	_	_
visés	O	O	O	O	O	O	_	_	NoSpaceAfter	_	_	_
.	O	O	O	O	O	O	_	_	_	EndOfSentence	_	_
Selon	O	O	O	O	O	O	_	_	_	_	_	_
des	O	O	O	O	O	O	_	_	_	_	_	_
témoins	O	O	O	O	O	O	_	_	EndOfLine	_	_	_
# segment_iiif_link = https://impresso-project.ch/api/proxy/iiif/JDG-1994-05-09-a-p0004/1142,2723,468,49/full/0/default.jpg
cués	O	O	O	O	O	O	_	_	_	_	_	_
de	O	O	O	O	O	O	_	_	_	_	_	_
Sanaa	O	O	O	O	O	O	_	_	_	_	_	_
vers	O	O	O	O	O	O	_	_	_	_	_	_
l	O	O	O	O	O	O	_	_	NoSpaceAfter	_	_	_
'	O	O	O	O	O	O	_	_	NoSpaceAfter	_	_	_
Arabie	O	O	O	O	O	O	_	_	_	_	_	_
Saoudite	O	O	O	O	O	O	_	_	NoSpaceAfter	_	_	_
,	O	O	O	O	O	O	_	_	_	_	_	_
la	O	O	O	O	O	O	_	_	EndOfLine	_	_	_
# segment_iiif_link = https://impresso-project.ch/api/proxy/iiif/JDG-1994-05-09-a-p0004/1142,2750,468,48/full/0/default.jpg
situation	O	O	O	O	O	O	_	_	_	_	_	_
était	O	O	O	O	O	O	_	_	_	_	_	_
alors	O	O	O	O	O	O	_	_	_	_	_	_
calme	O	O	O	O	O	O	_	_	_	_	_	_
dans	O	O	O	O	O	O	_	_	_	_	_	_
la	O	O	O	O	O	O	_	_	EndOfLine	_	_	_
# segment_iiif_link = https://impresso-project.ch/api/proxy/iiif/JDG-1994-05-09-a-p0004/1140,2778,164,49/full/0/default.jpg
capitale	O	O	O	O	O	O	_	_	_	_	_	_
yéménite	O	O	O	O	O	O	_	_	NoSpaceAfter	_	_	_
.	O	O	O	O	O	O	_	_	EndOfLine	EndOfSentence	_	_
# segment_iiif_link = https://impresso-project.ch/api/proxy/iiif/JDG-1994-05-09-a-p0004/1142,2860,325,49/full/0/default.jpg
Les	O	O	O	O	O	O	_	_	_	_	_	_
étrangers	O	O	O	O	O	O	_	_	_	_	_	_
évacués	O	O	O	O	O	O	_	_	EndOfLine	_	_	_
# segment_iiif_link = https://impresso-project.ch/api/proxy/iiif/JDG-1994-05-09-a-p0004/1142,2895,267,49/full/0/default.jpg
par	O	O	O	O	O	O	_	_	_	_	_	_
air	O	O	O	O	O	O	_	_	_	_	_	_
et	O	O	O	O	O	O	_	_	_	_	_	_
par	O	O	O	O	O	O	_	_	_	_	_	_
mer	O	O	O	O	O	O	_	_	EndOfLine	_	_	_
# segment_iiif_link = https://impresso-project.ch/api/proxy/iiif/JDG-1994-05-09-a-p0004/1170,2937,440,48/full/0/default.jpg
Trois	O	O	O	O	O	O	_	_	_	_	_	_
cent	O	O	O	O	O	O	_	_	_	_	_	_
soixante	O	O	O	O	O	O	_	_	_	_	_	_
étrangers	O	O	O	O	O	O	_	_	NoSpaceAfter	_	_	_
,	O	O	O	O	O	O	_	_	_	_	_	_
pour	O	O	O	O	O	O	_	_	_	_	_	_
la	O	O	O	O	O	O	_	_	EndOfLine	_	_	_
# segment_iiif_link = https://impresso-project.ch/api/proxy/iiif/JDG-1994-05-09-a-p0004/1142,2965,468,49/full/0/default.jpg
plupart	O	O	O	O	O	O	_	_	_	_	_	_
des	O	O	O	O	O	O	_	_	_	_	_	_
Américains	O	O	O	O	O	O	_	_	NoSpaceAfter	_	_	_
,	O	O	O	O	O	O	_	_	_	_	_	_
ont	O	O	O	O	O	O	_	_	_	_	_	_
quitté	O	O	O	O	O	O	_	_	_	_	_	_
la	O	O	O	O	O	O	_	_	EndOfLine	_	_	_
# segment_iiif_link = https://impresso-project.ch/api/proxy/iiif/JDG-1994-05-09-a-p0004/1142,2992,468,48/full/0/default.jpg
capitale	O	O	O	O	O	O	_	_	_	_	_	_
yéménite	O	O	O	O	O	O	_	_	_	_	_	_
et	O	O	O	O	O	O	_	_	_	_	_	_
ont	O	O	O	O	O	O	_	_	_	_	_	_
gagné	O	O	O	O	O	O	_	_	_	_	_	_
Ryad	O	O	O	O	O	O	_	_	NoSpaceAfter	_	_	_
.	O	O	O	O	O	O	_	_	_	EndOfSentence	_	_
De	O	O	O	O	O	O	_	_	EndOfLine	_	_	_
# segment_iiif_link = https://impresso-project.ch/api/proxy/iiif/JDG-1994-05-09-a-p0004/1142,3020,468,49/full/0/default.jpg
nouvelles	O	O	O	O	O	O	_	_	_	_	_	_
évacuations	O	O	O	O	O	O	_	_	_	_	_	_
d	O	O	O	O	O	O	_	_	NoSpaceAfter	_	_	_
'	O	O	O	O	O	O	_	_	NoSpaceAfter	_	_	_
étrangers	O	O	O	O	O	O	_	_	_	_	_	_
sont	O	O	O	O	O	O	_	_	EndOfLine	_	_	_
# segment_iiif_link = https://impresso-project.ch/api/proxy/iiif/JDG-1994-05-09-a-p0004/1142,3047,468,49/full/0/default.jpg
en	O	O	O	O	O	O	_	_	_	_	_	_
cours	O	O	O	O	O	O	_	_	_	_	_	_
par	O	O	O	O	O	O	_	_	_	_	_	_
air	O	O	O	O	O	O	_	_	_	_	_	_
et	O	O	O	O	O	O	_	_	_	_	_	_
par	O	O	O	O	O	O	_	_	_	_	_	_
mer	O	O	O	O	O	O	_	_	NoSpaceAfter	_	_	_
,	O	O	O	O	O	O	_	_	_	_	_	_
a	O	O	O	O	O	O	_	_	NoSpaceAfter	_	_	_
-	O	O	O	O	O	O	_	_	NoSpaceAfter	_	_	_
t	O	O	O	O	O	O	_	_	NoSpaceAfter	_	_	_
-	O	O	O	O	O	O	_	_	NoSpaceAfter	_	_	_
on	O	O	O	O	O	O	_	_	_	_	_	_
appris	O	O	O	O	O	O	_	_	EndOfLine	_	_	_
# segment_iiif_link = https://impresso-project.ch/api/proxy/iiif/JDG-1994-05-09-a-p0004/1142,3076,468,48/full/0/default.jpg
également	O	O	O	O	O	O	_	_	_	_	_	_
côté	O	O	O	O	O	O	_	_	_	_	_	_
français	O	O	O	O	O	O	_	_	_	_	_	_
et	O	O	O	O	O	O	_	_	_	_	_	_
allemand	O	O	O	O	O	O	_	_	NoSpaceAfter	_	_	_
.	O	O	O	O	O	O	_	_	EndOfLine	EndOfSentence	_	_
# segment_iiif_link = https://impresso-project.ch/api/proxy/iiif/JDG-1994-05-09-a-p0004/1142,3104,469,48/full/0/default.jpg
Selon	O	O	O	O	O	O	_	_	_	_	_	_
une	O	O	O	O	O	O	_	_	_	_	_	_
porte	O	O	O	O	O	O	_	_	NoSpaceAfter	_	_	_
-	O	O	O	O	O	O	_	_	NoSpaceAfter	_	_	_
parole	O	O	O	O	O	O	_	_	_	_	_	_
du	O	O	O	O	O	O	_	_	_	_	_	_
Département	O	O	O	O	O	O	_	_	EndOfLine	_	_	_
# segment_iiif_link = https://impresso-project.ch/api/proxy/iiif/JDG-1994-05-09-a-p0004/1144,3132,467,48/full/0/default.jpg
fédéral	O	O	O	O	O	O	_	_	_	_	_	_
des	O	O	O	O	O	O	_	_	_	_	_	_
affaires	O	O	O	O	O	O	_	_	_	_	_	_
étrangères	O	O	O	O	O	O	_	_	_	_	_	_
(	O	O	O	O	O	O	_	_	NoSpaceAfter	_	_	_
DFAE	O	O	O	O	O	O	_	_	NoSpaceAfter	_	_	_
)	O	O	O	O	O	O	_	_	NoSpaceAfter	_	_	_
,	O	O	O	O	O	O	_	_	EndOfLine	_	_	_
# segment_iiif_link = https://impresso-project.ch/api/proxy/iiif/JDG-1994-05-09-a-p0004/1144,3159,467,48/full/0/default.jpg
la	O	O	O	O	O	O	_	_	_	_	_	_
petite	O	O	O	O	O	O	_	_	_	_	_	_
dizaine	O	O	O	O	O	O	_	_	_	_	_	_
de	O	O	O	O	O	O	_	_	_	_	_	_
Suisses	O	O	O	O	O	O	_	_	_	_	_	_
encore	O	O	O	O	O	O	_	_	_	_	_	_
à	O	O	O	O	O	O	_	_	EndOfLine	_	_	_
# segment_iiif_link = https://impresso-project.ch/api/proxy/iiif/JDG-1994-05-09-a-p0004/1144,3186,467,49/full/0/default.jpg
Sanaa	O	O	O	O	O	O	_	_	_	_	_	_
pourrait	O	O	O	O	O	O	_	_	_	_	_	_
prendre	O	O	O	O	O	O	_	_	_	_	_	_
place	O	O	O	O	O	O	_	_	_	_	_	_
à	O	O	O	O	O	O	_	_	_	_	_	_
bord	O	O	O	O	O	O	_	_	_	_	_	_
de	O	O	O	O	O	O	_	_	_	_	_	_
ces	O	O	O	O	O	O	_	_	EndOfLine	_	_	_
# segment_iiif_link = https://impresso-project.ch/api/proxy/iiif/JDG-1994-05-09-a-p0004/1144,3214,468,49/full/0/default.jpg
appareils	O	O	O	O	O	O	_	_	NoSpaceAfter	_	_	_
.	O	O	O	O	O	O	_	_	_	EndOfSentence	_	_
L	O	O	O	O	O	O	_	_	NoSpaceAfter	_	_	_
'	O	O	O	O	O	O	_	_	NoSpaceAfter	_	_	_
ONU	O	O	O	O	O	O	_	_	_	_	_	_
a	O	O	O	O	O	O	_	_	_	_	_	_
également	O	O	O	O	O	O	_	_	_	_	_	_
évacué	O	O	O	O	O	O	_	_	EndOfLine	_	_	_
# segment_iiif_link = https://impresso-project.ch/api/proxy/iiif/JDG-1994-05-09-a-p0004/1144,3242,170,49/full/0/default.jpg
son	O	O	O	O	O	O	_	_	_	_	_	_
personnel	O	O	O	O	O	O	_	_	NoSpaceAfter	_	_	_
.	O	O	O	O	O	O	_	_	EndOfLine	EndOfSentence	_	_
# segment_iiif_link = https://impresso-project.ch/api/proxy/iiif/JDG-1994-05-09-a-p0004/1172,3280,439,48/full/0/default.jpg
Samedi	O	O	O	O	O	O	_	_	NoSpaceAfter	_	_	_
,	O	O	O	O	O	O	_	_	_	_	_	_
les	O	O	O	O	O	O	_	_	_	_	_	_
Transall	O	O	O	O	O	O	_	_	_	_	_	_
allemands	O	O	O	O	O	O	_	_	EndOfLine	_	_	_
# segment_iiif_link = https://impresso-project.ch/api/proxy/iiif/JDG-1994-05-09-a-p0004/1144,3308,467,48/full/0/default.jpg
avaient	O	O	O	O	O	O	_	_	_	_	_	_
décollé	O	O	O	O	O	O	_	_	_	_	_	_
de	O	O	O	O	O	O	_	_	_	_	_	_
Sanaa	O	O	O	O	O	O	_	_	_	_	_	_
avec	O	O	O	O	O	O	_	_	_	_	_	_
129	O	O	O	O	O	O	_	_	_	_	_	_
per	O	O	O	O	O	O	_	_	EndOfLine	_	_	_
# segment_iiif_link = https://impresso-project.ch/api/proxy/iiif/JDG-1994-05-09-a-p0004/1144,3335,468,49/full/0/default.jpg
sonnes	O	O	O	O	O	O	_	_	_	_	_	_
à	O	O	O	O	O	O	_	_	_	_	_	_
bord	O	O	O	O	O	O	_	_	NoSpaceAfter	_	_	_
,	O	O	O	O	O	O	_	_	_	_	_	_
dont	O	O	O	O	O	O	_	_	_	_	_	_
deux	O	O	O	O	O	O	_	_	_	_	_	_
tiers	O	O	O	O	O	O	_	_	EndOfLine	_	_	_
# segment_iiif_link = https://impresso-project.ch/api/proxy/iiif/JDG-1994-05-09-a-p0004/1144,3362,468,49/full/0/default.jpg
d	O	O	O	O	O	O	_	_	NoSpaceAfter	_	_	_
'	O	O	O	O	O	O	_	_	NoSpaceAfter	_	_	_
Allemands	O	O	O	O	O	O	_	_	_	_	_	_
et	O	O	O	O	O	O	_	_	_	_	_	_
12	O	O	O	O	O	O	_	_	_	_	_	_
Suisses	O	O	O	O	O	O	_	_	NoSpaceAfter	_	_	_
.	O	O	O	O	O	O	_	_	_	EndOfSentence	_	_
Près	O	O	O	O	O	O	_	_	_	_	_	_
de	O	O	O	O	O	O	_	_	_	_	_	_
600	O	O	O	O	O	O	_	_	EndOfLine	_	_	_
# segment_iiif_link = https://impresso-project.ch/api/proxy/iiif/JDG-1994-05-09-a-p0004/1144,3392,467,48/full/0/default.jpg
étrangers	O	O	O	O	O	O	_	_	_	_	_	_
de	O	O	O	O	O	O	_	_	_	_	_	_
47	O	O	O	O	O	O	_	_	_	_	_	_
nationalités	O	O	O	O	O	O	_	_	_	_	_	_
avaient	O	O	O	O	O	O	_	_	_	_	_	_
été	O	O	O	O	O	O	_	_	EndOfLine	_	_	_
# segment_iiif_link = https://impresso-project.ch/api/proxy/iiif/JDG-1994-05-09-a-p0004/1144,3419,418,48/full/0/default.jpg
cués	O	O	O	O	O	O	_	_	_	_	_	_
par	O	O	O	O	O	O	_	_	_	_	_	_
mer	O	O	O	O	O	O	_	_	_	_	_	_
d	O	O	O	O	O	O	_	_	NoSpaceAfter	_	_	_
'	O	O	O	O	O	O	_	_	NoSpaceAfter	_	_	_
Aden	O	O	O	O	O	O	_	_	_	_	_	_
vers	O	O	O	O	O	O	_	_	_	_	_	_
Djibouti	O	O	O	O	O	O	_	_	NoSpaceAfter	_	_	_
.	O	O	O	O	O	O	_	_	EndOfLine	EndOfSentence	_	_
# segment_iiif_link = https://impresso-project.ch/api/proxy/iiif/JDG-1994-05-09-a-p0004/1172,3456,438,49/full/0/default.jpg
Par	O	O	O	O	O	O	_	_	_	_	_	_
ailleurs	O	O	O	O	O	O	_	_	NoSpaceAfter	_	_	_
,	O	O	O	O	O	O	_	_	_	_	_	_
plusieurs	O	O	O	O	O	O	_	_	_	_	_	_
pays	O	O	O	O	O	O	_	_	_	_	_	_
arabes	O	O	O	O	O	O	_	_	_	_	_	_
et	O	O	O	O	O	O	_	_	EndOfLine	_	_	_
# segment_iiif_link = https://impresso-project.ch/api/proxy/iiif/JDG-1994-05-09-a-p0004/1144,3484,468,49/full/0/default.jpg
occidentaux	O	O	O	O	O	O	_	_	NoSpaceAfter	_	_	_
,	O	O	O	O	O	O	_	_	_	_	_	_
ainsi	O	O	O	O	O	O	_	_	_	_	_	_
que	O	O	O	O	O	O	_	_	_	_	_	_
des	O	O	O	O	O	O	_	_	_	_	_	_
organisations	O	O	O	O	O	O	_	_	EndOfLine	_	_	_
# segment_iiif_link = https://impresso-project.ch/api/proxy/iiif/JDG-1994-05-09-a-p0004/1144,3513,466,48/full/0/default.jpg
régionales	O	O	O	O	O	O	_	_	NoSpaceAfter	_	_	_
,	O	O	O	O	O	O	_	_	_	_	_	_
ont	O	O	O	O	O	O	_	_	_	_	_	_
renouvelé	O	O	O	O	O	O	_	_	_	_	_	_
leurs	O	O	O	O	O	O	_	_	_	_	_	_
appels	O	O	O	O	O	O	_	_	_	_	_	_
à	O	O	O	O	O	O	_	_	EndOfLine	_	_	_
# segment_iiif_link = https://impresso-project.ch/api/proxy/iiif/JDG-1994-05-09-a-p0004/1144,3538,468,49/full/0/default.jpg
la	O	O	O	O	O	O	_	_	_	_	_	_
retenue	O	O	O	O	O	O	_	_	NoSpaceAfter	_	_	_
.	O	O	O	O	O	O	_	_	_	EndOfSentence	_	_
Les	O	O	O	O	O	O	_	_	_	_	_	_
Etats	O	O	O	O	O	O	_	_	NoSpaceAfter	_	_	_
-	O	O	O	O	O	O	_	_	NoSpaceAfter	_	_	_
Unis	O	O	O	O	O	O	_	_	_	_	_	_
et	O	O	O	O	O	O	_	_	_	_	_	_
les	O	O	O	O	O	O	_	_	_	_	_	_
Emirats	O	O	O	O	O	O	_	_	EndOfLine	_	_	_
# segment_iiif_link = https://impresso-project.ch/api/proxy/iiif/JDG-1994-05-09-a-p0004/1144,3568,468,48/full/0/default.jpg
arabes	O	O	O	O	O	O	_	_	_	_	_	_
unis	O	O	O	O	O	O	_	_	_	_	_	_
ont	O	O	O	O	O	O	_	_	_	_	_	_
souligné	O	O	O	O	O	O	_	_	_	_	_	_
la	O	O	O	O	O	O	_	_	_	_	_	_
nécessité	O	O	O	O	O	O	_	_	_	_	_	_
de	O	O	O	O	O	O	_	_	EndOfLine	_	_	_
# segment_iiif_link = https://impresso-project.ch/api/proxy/iiif/JDG-1994-05-09-a-p0004/1146,3595,465,49/full/0/default.jpg
«	O	O	O	O	O	O	_	_	_	_	_	_
sauvegarder	O	O	O	O	O	O	_	_	_	_	_	_
l	O	O	O	O	O	O	_	_	NoSpaceAfter	_	_	_
'	O	O	O	O	O	O	_	_	NoSpaceAfter	_	_	_
unité	O	O	O	O	O	O	_	_	_	_	_	_
yéménite	O	O	O	O	O	O	_	_	_	_	_	_
»	O	O	O	O	O	O	_	_	NoSpaceAfter	_	_	_
.	O	O	O	O	O	O	_	_	_	EndOfSentence	_	_
Le	O	O	O	O	O	O	_	_	EndOfLine	_	_	_
# segment_iiif_link = https://impresso-project.ch/api/proxy/iiif/JDG-1994-05-09-a-p0004/1144,3623,467,48/full/0/default.jpg
Conseil	O	O	O	O	O	O	_	_	_	_	_	_
de	O	O	O	O	O	O	_	_	_	_	_	_
coopération	O	O	O	O	O	O	_	_	_	_	_	_
du	O	O	O	O	O	O	_	_	_	_	_	_
Golfe	O	O	O	O	O	O	_	_	NoSpaceAfter	_	_	_
,	O	O	O	O	O	O	_	_	EndOfLine	_	_	_
# segment_iiif_link = https://impresso-project.ch/api/proxy/iiif/JDG-1994-05-09-a-p0004/1144,3650,466,49/full/0/default.jpg
regroupant	O	O	O	O	O	O	_	_	_	_	_	_
les	O	O	O	O	O	O	_	_	_	_	_	_
six	O	O	O	O	O	O	_	_	_	_	_	_
monarchies	O	O	O	O	O	O	_	_	_	_	_	_
arabes	O	O	O	O	O	O	_	_	_	_	_	_
de	O	O	O	O	O	O	_	_	_	_	_	_
la	O	O	O	O	O	O	_	_	EndOfLine	_	_	_
# segment_iiif_link = https://impresso-project.ch/api/proxy/iiif/JDG-1994-05-09-a-p0004/1144,3680,467,48/full/0/default.jpg
région	O	O	O	O	O	O	_	_	NoSpaceAfter	_	_	_
,	O	O	O	O	O	O	_	_	_	_	_	_
a	O	O	O	O	O	O	_	_	_	_	_	_
invité	O	O	O	O	O	O	_	_	_	_	_	_
les	O	O	O	O	O	O	_	_	_	_	_	_
belligérants	O	O	O	O	O	O	_	_	_	_	_	_
à	O	O	O	O	O	O	_	_	_	_	_	_
«	O	O	O	O	O	O	_	_	EndOfLine	_	_	_
# segment_iiif_link = https://impresso-project.ch/api/proxy/iiif/JDG-1994-05-09-a-p0004/1144,3707,468,48/full/0/default.jpg
répondre	O	O	O	O	O	O	_	_	_	_	_	_
aux	O	O	O	O	O	O	_	_	_	_	_	_
initiativesappelant	O	O	O	O	O	O	_	_	_	_	_	_
à	O	O	O	O	O	O	_	_	EndOfLine	_	_	_
# segment_iiif_link = https://impresso-project.ch/api/proxy/iiif/JDG-1994-05-09-a-p0004/1144,3735,467,49/full/0/default.jpg
sez	O	O	O	O	O	O	_	_	NoSpaceAfter	_	_	_
-	O	O	O	O	O	O	_	_	NoSpaceAfter	_	_	_
le	O	O	O	O	O	O	_	_	NoSpaceAfter	_	_	_
-	O	O	O	O	O	O	_	_	NoSpaceAfter	_	_	_
feu	O	O	O	O	O	O	_	_	_	_	_	_
immédiat	O	O	O	O	O	O	_	_	_	_	_	_
»	O	O	O	O	O	O	_	_	NoSpaceAfter	_	_	_
.	O	O	O	O	O	O	_	_	_	EndOfSentence	_	_
Enfin	O	O	O	O	O	O	_	_	NoSpaceAfter	_	_	_
,	O	O	O	O	O	O	_	_	EndOfLine	_	_	_
# segment_iiif_link = https://impresso-project.ch/api/proxy/iiif/JDG-1994-05-09-a-p0004/1144,3762,467,49/full/0/default.jpg
l	O	O	O	O	O	O	_	_	NoSpaceAfter	_	_	_
'	O	O	O	O	O	O	_	_	NoSpaceAfter	_	_	_
Organisation	O	O	O	O	O	O	_	_	_	_	_	_
de	O	O	O	O	O	O	_	_	_	_	_	_
la	O	O	O	O	O	O	_	_	_	_	_	_
conférence	O	O	O	O	O	O	_	_	_	_	_	_
islamique	O	O	O	O	O	O	_	_	_	_	_	_
(	O	O	O	O	O	O	_	_	NoSpaceAfter	_	_	_
OCI	O	O	O	O	O	O	_	_	NoSpaceAfter	_	_	_
)	O	O	O	O	O	O	_	_	EndOfLine	_	_	_
# segment_iiif_link = https://impresso-project.ch/api/proxy/iiif/JDG-1994-05-09-a-p0004/1144,3790,469,49/full/0/default.jpg
a	O	O	O	O	O	O	_	_	_	_	_	_
offert	O	O	O	O	O	O	_	_	_	_	_	_
sa	O	O	O	O	O	O	_	_	_	_	_	_
médiation	O	O	O	O	O	O	_	_	_	_	_	_
pour	O	O	O	O	O	O	_	_	_	_	_	_
éviter	O	O	O	O	O	O	_	_	_	_	_	_
«	O	O	O	O	O	O	_	_	_	_	_	_
une	O	O	O	O	O	O	_	_	EndOfLine	_	_	_
# segment_iiif_link = https://impresso-project.ch/api/proxy/iiif/JDG-1994-05-09-a-p0004/1144,3819,467,48/full/0/default.jpg
guerre	O	O	O	O	O	O	_	_	_	_	_	_
civile	O	O	O	O	O	O	_	_	_	_	_	_
aux	O	O	O	O	O	O	_	_	_	_	_	_
conséquences	O	O	O	O	O	O	_	_	EndOfLine	_	_	_
# segment_iiif_link = https://impresso-project.ch/api/proxy/iiif/JDG-1994-05-09-a-p0004/1144,3846,343,48/full/0/default.jpg
imprévisibles	O	O	O	O	O	O	_	_	_	_	_	_
»	O	O	O	O	O	O	_	_	_	_	_	_
au	O	O	O	O	O	O	_	_	_	_	_	_
Yémen	O	O	O	O	O	O	_	_	NoSpaceAfter	_	_	_
.	O	O	O	O	O	O	_	_	_	EndOfSentence	_	_
(	O	O	O	O	O	O	_	_	NoSpaceAfter	_	_	_
Agences	B-org	O	B-org.ent.pressagency.ATS-SDA	O	O	O	_	_	NoSpaceAfter	_	_	_
)	O	O	O	O	O	O	_	_	EndOfLine	EndOfSentence	_	_
# segment_iiif_link = https://impresso-project.ch/api/proxy/iiif/JDG-1994-05-09-a-p0004/654,3484,438,48/full/0/default.jpg
Le	O	O	O	O	O	O	_	_	_	_	_	_
porte	O	O	O	O	O	O	_	_	NoSpaceAfter	_	_	_
-	O	O	O	O	O	O	_	_	NoSpaceAfter	_	_	_
parole	O	O	O	O	O	O	_	_	_	_	_	_
nordiste	O	O	O	O	O	O	_	_	_	_	_	_
a	O	O	O	O	O	O	_	_	_	_	_	_
également	O	O	O	O	O	O	_	_	EndOfLine	_	_	_
# segment_iiif_link = https://impresso-project.ch/api/proxy/iiif/JDG-1994-05-09-a-p0004/625,3511,468,49/full/0/default.jpg
affirmé	O	O	O	O	O	O	_	_	_	_	_	_
«	O	O	O	O	O	O	_	_	_	_	_	_
que	O	O	O	O	O	O	_	_	_	_	_	_
les	O	O	O	O	O	O	_	_	_	_	_	_
forces	O	O	O	O	O	O	_	_	_	_	_	_
nordistes	O	O	O	O	O	O	_	_	EndOfLine	_	_	_
# segment_iiif_link = https://impresso-project.ch/api/proxy/iiif/JDG-1994-05-09-a-p0004/625,3538,468,49/full/0/default.jpg
progressaient	O	O	O	O	O	O	_	_	_	_	_	_
dans	O	O	O	O	O	O	_	_	_	_	_	_
la	O	O	O	O	O	O	_	_	_	_	_	_
région	O	O	O	O	O	O	_	_	_	_	_	_
d	O	O	O	O	O	O	_	_	NoSpaceAfter	_	_	_
'	O	O	O	O	O	O	_	_	NoSpaceAfter	_	_	_
Abyane	O	O	O	O	O	O	_	_	_	_	_	_
en	O	O	O	O	O	O	_	_	EndOfLine	_	_	_
# segment_iiif_link = https://impresso-project.ch/api/proxy/iiif/JDG-1994-05-09-a-p0004/625,3568,468,48/full/0/default.jpg
direction	O	O	O	O	O	O	_	_	_	_	_	_
d	O	O	O	O	O	O	_	_	NoSpaceAfter	_	_	_
'	O	O	O	O	O	O	_	_	NoSpaceAfter	_	_	_
Aden	O	O	O	O	O	O	_	_	_	_	_	_
»	O	O	O	O	O	O	_	_	NoSpaceAfter	_	_	_
.	O	O	O	O	O	O	_	_	_	EndOfSentence	_	_
Peu	O	O	O	O	O	O	_	_	_	_	_	_
auparavant	O	O	O	O	O	O	_	_	NoSpaceAfter	_	_	_
,	O	O	O	O	O	O	_	_	_	_	_	_
il	O	O	O	O	O	O	_	_	EndOfLine	_	_	_
# segment_iiif_link = https://impresso-project.ch/api/proxy/iiif/JDG-1994-05-09-a-p0004/625,3595,470,48/full/0/default.jpg
avait	O	O	O	O	O	O	_	_	_	_	_	_
indiqué	O	O	O	O	O	O	_	_	_	_	_	_
que	O	O	O	O	O	O	_	_	_	_	_	_
des	O	O	O	O	O	O	_	_	_	_	_	_
combats	O	O	O	O	O	O	_	_	_	_	_	_
acharnés	O	O	O	O	O	O	_	_	EndOfLine	_	_	_
# segment_iiif_link = https://impresso-project.ch/api/proxy/iiif/JDG-1994-05-09-a-p0004/627,3623,468,48/full/0/default.jpg
se	O	O	O	O	O	O	_	_	_	_	_	_
déroulaient	O	O	O	O	O	O	_	_	_	_	_	_
entre	O	O	O	O	O	O	_	_	_	_	_	_
quatre	O	O	O	O	O	O	_	_	_	_	_	_
brigades	O	O	O	O	O	O	_	_	EndOfLine	_	_	_
# segment_iiif_link = https://impresso-project.ch/api/proxy/iiif/JDG-1994-05-09-a-p0004/627,3650,466,49/full/0/default.jpg
nordistes	O	O	O	O	O	O	_	_	_	_	_	_
et	O	O	O	O	O	O	_	_	_	_	_	_
des	O	O	O	O	O	O	_	_	_	_	_	_
forces	O	O	O	O	O	O	_	_	_	_	_	_
sudistes	O	O	O	O	O	O	_	_	_	_	_	_
à	O	O	O	O	O	O	_	_	_	_	_	_
«	O	O	O	O	O	O	_	_	_	_	_	_
vingt	O	O	O	O	O	O	_	_	EndOfLine	_	_	_
# segment_iiif_link = https://impresso-project.ch/api/proxy/iiif/JDG-1994-05-09-a-p0004/625,3678,271,49/full/0/default.jpg
kilomètres	O	O	O	O	O	O	_	_	_	_	_	_
»	O	O	O	O	O	O	_	_	_	_	_	_
de	O	O	O	O	O	O	_	_	_	_	_	_
la	O	O	O	O	O	O	_	_	_	_	_	_
ville	O	O	O	O	O	O	_	_	NoSpaceAfter	_	_	_
.	O	O	O	O	O	O	_	_	EndOfLine	EndOfSentence	_	_
# segment_iiif_link = https://impresso-project.ch/api/proxy/iiif/JDG-1994-05-09-a-p0004/654,3707,441,49/full/0/default.jpg
Radio	O	O	O	O	O	O	_	_	_	_	_	_
Sanaa	O	O	O	O	O	O	_	_	_	_	_	_
a	O	O	O	O	O	O	_	_	_	_	_	_
invité	O	O	O	O	O	O	_	_	_	_	_	_
dimanche	O	O	O	O	O	O	_	_	_	_	_	_
les	O	O	O	O	O	O	_	_	EndOfLine	_	_	_
# segment_iiif_link = https://impresso-project.ch/api/proxy/iiif/JDG-1994-05-09-a-p0004/625,3736,469,48/full/0/default.jpg
habitants	O	O	O	O	O	O	_	_	_	_	_	_
d	O	O	O	O	O	O	_	_	NoSpaceAfter	_	_	_
'	O	O	O	O	O	O	_	_	NoSpaceAfter	_	_	_
Aden	O	O	O	O	O	O	_	_	_	_	_	_
à	O	O	O	O	O	O	_	_	_	_	_	_
se	O	O	O	O	O	O	_	_	_	_	_	_
rallier	O	O	O	O	O	O	_	_	_	_	_	_
aux	O	O	O	O	O	O	_	_	_	_	_	_
forces	O	O	O	O	O	O	_	_	EndOfLine	_	_	_
# segment_iiif_link = https://impresso-project.ch/api/proxy/iiif/JDG-1994-05-09-a-p0004/627,3764,467,48/full/0/default.jpg
nordistes	O	O	O	O	O	O	_	_	NoSpaceAfter	_	_	_
.	O	O	O	O	O	O	_	_	_	EndOfSentence	_	_
Selon	O	O	O	O	O	O	_	_	_	_	_	_
des	O	O	O	O	O	O	_	_	_	_	_	_
témoins	O	O	O	O	O	O	_	_	_	_	_	_
européens	O	O	O	O	O	O	_	_	NoSpaceAfter	_	_	_
,	O	O	O	O	O	O	_	_	EndOfLine	_	_	_
# segment_iiif_link = https://impresso-project.ch/api/proxy/iiif/JDG-1994-05-09-a-p0004/627,3792,467,48/full/0/default.jpg
évacués	O	O	O	O	O	O	_	_	_	_	_	_
samedi	O	O	O	O	O	O	_	_	_	_	_	_
vers	O	O	O	O	O	O	_	_	_	_	_	_
Djibouti	O	O	O	O	O	O	_	_	NoSpaceAfter	_	_	_
,	O	O	O	O	O	O	_	_	_	_	_	_
la	O	O	O	O	O	O	_	_	EndOfLine	_	_	_
# segment_iiif_link = https://impresso-project.ch/api/proxy/iiif/JDG-1994-05-09-a-p0004/625,3819,467,49/full/0/default.jpg
situation	O	O	O	O	O	O	_	_	_	_	_	_
est	O	O	O	O	O	O	_	_	_	_	_	_
très	O	O	O	O	O	O	_	_	_	_	_	_
tendue	O	O	O	O	O	O	_	_	_	_	_	_
dans	O	O	O	O	O	O	_	_	_	_	_	_
la	O	O	O	O	O	O	_	_	_	_	_	_
métropole	O	O	O	O	O	O	_	_	_	_	_	_
du	O	O	O	O	O	O	_	_	EndOfLine	_	_	_
# segment_iiif_link = https://impresso-project.ch/api/proxy/iiif/JDG-1994-05-09-a-p0004/627,3846,51,49/full/0/default.jpg
Sud	O	O	O	O	O	O	_	_	NoSpaceAfter	_	_	_
.	O	O	O	O	O	O	_	_	EndOfLine	EndOfSentence	_	_
# segment_iiif_link = https://impresso-project.ch/api/proxy/iiif/JDG-1994-05-09-a-p0004/1679,2596,431,42/full/0/default.jpg
OBSERVATEURS	O	O	O	O	O	O	_	_	_	_	_	_
Une	O	O	O	O	O	O	_	_	_	_	_	_
force	O	O	O	O	O	O	_	_	_	_	_	_
interna	O	O	O	O	O	O	_	_	EndOfLine	_	_	_
# segment_iiif_link = https://impresso-project.ch/api/proxy/iiif/JDG-1994-05-09-a-p0004/1678,2622,429,44/full/0/default.jpg
tionale	O	O	O	O	O	O	_	_	_	_	_	_
d	O	O	O	O	O	O	_	_	NoSpaceAfter	_	_	_
'	O	O	O	O	O	O	_	_	NoSpaceAfter	_	_	_
observateurs	O	O	O	O	O	O	_	_	_	_	_	_
s	O	O	O	O	O	O	_	_	NoSpaceAfter	_	_	_
'	O	O	O	O	O	O	_	_	NoSpaceAfter	_	_	_
est	O	O	O	O	O	O	_	_	_	_	_	_
déployée	O	O	O	O	O	O	_	_	EndOfLine	_	_	_
# segment_iiif_link = https://impresso-project.ch/api/proxy/iiif/JDG-1994-05-09-a-p0004/1679,2648,428,44/full/0/default.jpg
dimanche	O	O	O	O	O	O	_	_	_	_	_	_
dans	O	O	O	O	O	O	_	_	_	_	_	_
la	O	O	O	O	O	O	_	_	_	_	_	_
ville	O	O	O	O	O	O	_	_	_	_	_	_
d	O	O	O	O	O	O	_	_	NoSpaceAfter	_	_	_
'	O	O	O	O	O	O	_	_	NoSpaceAfter	_	_	_
Hébron	O	O	O	O	O	O	_	_	_	_	_	_
en	O	O	O	O	O	O	_	_	EndOfLine	_	_	_
# segment_iiif_link = https://impresso-project.ch/api/proxy/iiif/JDG-1994-05-09-a-p0004/1679,2675,430,42/full/0/default.jpg
Cisjordanie	O	O	O	O	O	O	_	_	NoSpaceAfter	_	_	_
.	O	O	O	O	O	O	_	_	_	EndOfSentence	_	_
Les	O	O	O	O	O	O	_	_	_	_	_	_
observateurs	O	O	O	O	O	O	_	_	_	_	_	_
internationaux	O	O	O	O	O	O	_	_	EndOfLine	_	_	_
# segment_iiif_link = https://impresso-project.ch/api/proxy/iiif/JDG-1994-05-09-a-p0004/1679,2701,430,42/full/0/default.jpg
se	O	O	O	O	O	O	_	_	_	_	_	_
sont	O	O	O	O	O	O	_	_	_	_	_	_
déployés	O	O	O	O	O	O	_	_	_	_	_	_
en	O	O	O	O	O	O	_	_	_	_	_	_
vertu	O	O	O	O	O	O	_	_	_	_	_	_
d	O	O	O	O	O	O	_	_	NoSpaceAfter	_	_	_
'	O	O	O	O	O	O	_	_	NoSpaceAfter	_	_	_
un	O	O	O	O	O	O	_	_	_	_	_	_
accord	O	O	O	O	O	O	_	_	EndOfLine	_	_	_
# segment_iiif_link = https://impresso-project.ch/api/proxy/iiif/JDG-1994-05-09-a-p0004/1679,2726,430,44/full/0/default.jpg
raël	O	O	O	O	O	O	_	_	_	_	_	_
/	O	O	O	O	O	O	_	_	_	_	_	_
OLP	O	O	O	O	O	O	_	_	NoSpaceAfter	_	_	_
.	O	O	O	O	O	O	_	_	_	EndOfSentence	_	_
«	O	O	O	O	O	O	_	_	_	_	_	_
L	O	O	O	O	O	O	_	_	NoSpaceAfter	_	_	_
'	O	O	O	O	O	O	_	_	NoSpaceAfter	_	_	_
objectif	O	O	O	O	O	O	_	_	_	_	_	_
est	O	O	O	O	O	O	_	_	_	_	_	_
de	O	O	O	O	O	O	_	_	_	_	_	_
faire	O	O	O	O	O	O	_	_	_	_	_	_
en	O	O	O	O	O	O	_	_	EndOfLine	_	_	_
# segment_iiif_link = https://impresso-project.ch/api/proxy/iiif/JDG-1994-05-09-a-p0004/1679,2752,430,44/full/0/default.jpg
sorte	O	O	O	O	O	O	_	_	_	_	_	_
que	O	O	O	O	O	O	_	_	_	_	_	_
la	O	O	O	O	O	O	_	_	_	_	_	_
situation	O	O	O	O	O	O	_	_	_	_	_	_
redevienne	O	O	O	O	O	O	_	_	_	_	_	_
ce	O	O	O	O	O	O	_	_	EndOfLine	_	_	_
# segment_iiif_link = https://impresso-project.ch/api/proxy/iiif/JDG-1994-05-09-a-p0004/1679,2780,429,42/full/0/default.jpg
qu	O	O	O	O	O	O	_	_	NoSpaceAfter	_	_	_
'	O	O	O	O	O	O	_	_	NoSpaceAfter	_	_	_
elle	O	O	O	O	O	O	_	_	_	_	_	_
était	O	O	O	O	O	O	_	_	_	_	_	_
avant	O	O	O	O	O	O	_	_	_	_	_	_
le	O	O	O	O	O	O	_	_	_	_	_	_
massacre	O	O	O	O	O	O	_	_	_	_	_	_
de	O	O	O	O	O	O	_	_	_	_	_	_
la	O	O	O	O	O	O	_	_	EndOfLine	_	_	_
# segment_iiif_link = https://impresso-project.ch/api/proxy/iiif/JDG-1994-05-09-a-p0004/1679,2805,429,42/full/0/default.jpg
quée	O	O	O	O	O	O	_	_	_	_	_	_
»	O	O	O	O	O	O	_	_	NoSpaceAfter	_	_	_
,	O	O	O	O	O	O	_	_	_	_	_	_
a	O	O	O	O	O	O	_	_	_	_	_	_
déclaré	O	O	O	O	O	O	_	_	_	_	_	_
le	O	O	O	O	O	O	_	_	_	_	_	_
chef	O	O	O	O	O	O	_	_	_	_	_	_
de	O	O	O	O	O	O	_	_	_	_	_	_
la	O	O	O	O	O	O	_	_	_	_	_	_
mission	O	O	O	O	O	O	_	_	EndOfLine	_	_	_
# segment_iiif_link = https://impresso-project.ch/api/proxy/iiif/JDG-1994-05-09-a-p0004/1679,2831,429,44/full/0/default.jpg
d	O	O	O	O	O	O	_	_	NoSpaceAfter	_	_	_
'	O	O	O	O	O	O	_	_	NoSpaceAfter	_	_	_
observateurs	O	O	O	O	O	O	_	_	NoSpaceAfter	_	_	_
,	O	O	O	O	O	O	_	_	_	_	_	_
le	O	O	O	O	O	O	_	_	_	_	_	_
Norvégien	O	O	O	O	O	O	_	_	_	_	_	_
Kjell	O	O	O	O	O	O	_	_	EndOfLine	_	_	_
# segment_iiif_link = https://impresso-project.ch/api/proxy/iiif/JDG-1994-05-09-a-p0004/1679,2856,192,44/full/0/default.jpg
Johansen	O	O	O	O	O	O	_	_	NoSpaceAfter	_	_	_
.	O	O	O	O	O	O	_	_	_	EndOfSentence	_	_
(	O	O	O	O	O	O	_	_	NoSpaceAfter	_	_	_
Agences	B-org	O	B-org.ent.pressagency.ATS-SDA	O	O	O	_	_	NoSpaceAfter	_	_	_
)	O	O	O	O	O	O	_	_	EndOfLine	EndOfSentence	_	_
# segment_iiif_link = https://impresso-project.ch/api/proxy/iiif/JDG-1994-05-09-a-p0004/1681,2919,428,42/full/0/default.jpg
POLICIERS	O	O	O	O	O	O	_	_	_	_	_	_
L	O	O	O	O	O	O	_	_	NoSpaceAfter	_	_	_
'	O	O	O	O	O	O	_	_	NoSpaceAfter	_	_	_
OLP	O	O	O	O	O	O	_	_	_	_	_	_
a	O	O	O	O	O	O	_	_	_	_	_	_
par	O	O	O	O	O	O	_	_	_	_	_	_
ailleurs	O	O	O	O	O	O	_	_	EndOfLine	_	_	_
# segment_iiif_link = https://impresso-project.ch/api/proxy/iiif/JDG-1994-05-09-a-p0004/1679,2944,429,42/full/0/default.jpg
porté	O	O	O	O	O	O	_	_	_	_	_	_
à	O	O	O	O	O	O	_	_	_	_	_	_
la	O	O	O	O	O	O	_	_	_	_	_	_
semaine	O	O	O	O	O	O	_	_	_	_	_	_
prochaine	O	O	O	O	O	O	_	_	_	_	_	_
la	O	O	O	O	O	O	_	_	EndOfLine	_	_	_
# segment_iiif_link = https://impresso-project.ch/api/proxy/iiif/JDG-1994-05-09-a-p0004/1679,2970,429,42/full/0/default.jpg
nomination	O	O	O	O	O	O	_	_	_	_	_	_
de	O	O	O	O	O	O	_	_	_	_	_	_
l	O	O	O	O	O	O	_	_	NoSpaceAfter	_	_	_
'	O	O	O	O	O	O	_	_	NoSpaceAfter	_	_	_
équipe	O	O	O	O	O	O	_	_	_	_	_	_
chargée	O	O	O	O	O	O	_	_	_	_	_	_
d	O	O	O	O	O	O	_	_	NoSpaceAfter	_	_	_
'	O	O	O	O	O	O	_	_	NoSpaceAfter	_	_	_
assurer	O	O	O	O	O	O	_	_	EndOfLine	_	_	_
# segment_iiif_link = https://impresso-project.ch/api/proxy/iiif/JDG-1994-05-09-a-p0004/1679,2998,431,42/full/0/default.jpg
l	O	O	O	O	O	O	_	_	NoSpaceAfter	_	_	_
'	O	O	O	O	O	O	_	_	NoSpaceAfter	_	_	_
autonomie	O	O	O	O	O	O	_	_	_	_	_	_
de	O	O	O	O	O	O	_	_	_	_	_	_
la	O	O	O	O	O	O	_	_	_	_	_	_
bande	O	O	O	O	O	O	_	_	_	_	_	_
de	O	O	O	O	O	O	_	_	_	_	_	_
Gaza	O	O	O	O	O	O	_	_	_	_	_	_
et	O	O	O	O	O	O	_	_	_	_	_	_
de	O	O	O	O	O	O	_	_	_	_	_	_
la	O	O	O	O	O	O	_	_	EndOfLine	_	_	_
# segment_iiif_link = https://impresso-project.ch/api/proxy/iiif/JDG-1994-05-09-a-p0004/1679,3023,429,42/full/0/default.jpg
ville	O	O	O	O	O	O	_	_	_	_	_	_
cisjordanienne	O	O	O	O	O	O	_	_	_	_	_	_
de	O	O	O	O	O	O	_	_	_	_	_	_
Jéricho	O	O	O	O	O	O	_	_	NoSpaceAfter	_	_	_
.	O	O	O	O	O	O	_	_	_	EndOfSentence	_	_
Le	O	O	O	O	O	O	_	_	EndOfLine	_	_	_
# segment_iiif_link = https://impresso-project.ch/api/proxy/iiif/JDG-1994-05-09-a-p0004/1681,3049,427,44/full/0/default.jpg
premier	O	O	O	O	O	O	_	_	_	_	_	_
contingent	O	O	O	O	O	O	_	_	_	_	_	_
de	O	O	O	O	O	O	_	_	_	_	_	_
270	O	O	O	O	O	O	_	_	_	_	_	_
policiers	O	O	O	O	O	O	_	_	EndOfLine	_	_	_
# segment_iiif_link = https://impresso-project.ch/api/proxy/iiif/JDG-1994-05-09-a-p0004/1681,3076,428,42/full/0/default.jpg
palestiniens	O	O	O	O	O	O	_	_	_	_	_	_
destiné	O	O	O	O	O	O	_	_	_	_	_	_
à	O	O	O	O	O	O	_	_	_	_	_	_
cette	O	O	O	O	O	O	_	_	_	_	_	_
dernière	O	O	O	O	O	O	_	_	_	_	_	_
ville	O	O	O	O	O	O	_	_	EndOfLine	_	_	_
# segment_iiif_link = https://impresso-project.ch/api/proxy/iiif/JDG-1994-05-09-a-p0004/1679,3102,431,42/full/0/default.jpg
traversera	O	O	O	O	O	O	_	_	_	_	_	_
lundi	O	O	O	O	O	O	_	_	_	_	_	_
le	O	O	O	O	O	O	_	_	_	_	_	_
pont	O	O	O	O	O	O	_	_	_	_	_	_
Allenby	O	O	O	O	O	O	_	_	_	_	_	_
reliant	O	O	O	O	O	O	_	_	_	_	_	_
la	O	O	O	O	O	O	_	_	EndOfLine	_	_	_
# segment_iiif_link = https://impresso-project.ch/api/proxy/iiif/JDG-1994-05-09-a-p0004/1678,3128,430,42/full/0/default.jpg
Jordanie	O	O	O	O	O	O	_	_	_	_	_	_
à	O	O	O	O	O	O	_	_	_	_	_	_
la	O	O	O	O	O	O	_	_	_	_	_	_
Cisjordanie	O	O	O	O	O	O	_	_	NoSpaceAfter	_	_	_
.	O	O	O	O	O	O	_	_	_	EndOfSentence	_	_
Quant	O	O	O	O	O	O	_	_	_	_	_	_
à	O	O	O	O	O	O	_	_	_	_	_	_
la	O	O	O	O	O	O	_	_	EndOfLine	_	_	_
# segment_iiif_link = https://impresso-project.ch/api/proxy/iiif/JDG-1994-05-09-a-p0004/1681,3154,427,42/full/0/default.jpg
nomination	O	O	O	O	O	O	_	_	_	_	_	_
de	O	O	O	O	O	O	_	_	_	_	_	_
l	O	O	O	O	O	O	_	_	NoSpaceAfter	_	_	_
'	O	O	O	O	O	O	_	_	NoSpaceAfter	_	_	_
équipe	O	O	O	O	O	O	_	_	_	_	_	_
chargée	O	O	O	O	O	O	_	_	_	_	_	_
d	O	O	O	O	O	O	_	_	NoSpaceAfter	_	_	_
'	O	O	O	O	O	O	_	_	NoSpaceAfter	_	_	_
assurer	O	O	O	O	O	O	_	_	EndOfLine	_	_	_
# segment_iiif_link = https://impresso-project.ch/api/proxy/iiif/JDG-1994-05-09-a-p0004/1681,3179,429,44/full/0/default.jpg
l	O	O	O	O	O	O	_	_	NoSpaceAfter	_	_	_
'	O	O	O	O	O	O	_	_	NoSpaceAfter	_	_	_
autonomie	O	O	O	O	O	O	_	_	_	_	_	_
de	O	O	O	O	O	O	_	_	_	_	_	_
la	O	O	O	O	O	O	_	_	_	_	_	_
bande	O	O	O	O	O	O	_	_	_	_	_	_
de	O	O	O	O	O	O	_	_	_	_	_	_
Gaza	O	O	O	O	O	O	_	_	_	_	_	_
et	O	O	O	O	O	O	_	_	_	_	_	_
de	O	O	O	O	O	O	_	_	_	_	_	_
la	O	O	O	O	O	O	_	_	EndOfLine	_	_	_
# segment_iiif_link = https://impresso-project.ch/api/proxy/iiif/JDG-1994-05-09-a-p0004/1679,3205,432,44/full/0/default.jpg
ville	O	O	O	O	O	O	_	_	_	_	_	_
cisjordanienne	O	O	O	O	O	O	_	_	_	_	_	_
de	O	O	O	O	O	O	_	_	_	_	_	_
Jéricho	O	O	O	O	O	O	_	_	_	_	_	_
a	O	O	O	O	O	O	_	_	_	_	_	_
en	O	O	O	O	O	O	_	_	_	_	_	_
outre	O	O	O	O	O	O	_	_	EndOfLine	_	_	_
# segment_iiif_link = https://impresso-project.ch/api/proxy/iiif/JDG-1994-05-09-a-p0004/1681,3232,429,42/full/0/default.jpg
été	O	O	O	O	O	O	_	_	_	_	_	_
reportée	O	O	O	O	O	O	_	_	_	_	_	_
à	O	O	O	O	O	O	_	_	_	_	_	_
la	O	O	O	O	O	O	_	_	_	_	_	_
semaine	O	O	O	O	O	O	_	_	_	_	_	_
prochaine	O	O	O	O	O	O	_	_	NoSpaceAfter	_	_	_
,	O	O	O	O	O	O	_	_	_	_	_	_
a	O	O	O	O	O	O	_	_	EndOfLine	_	_	_
# segment_iiif_link = https://impresso-project.ch/api/proxy/iiif/JDG-1994-05-09-a-p0004/1679,3258,430,44/full/0/default.jpg
déclaré	O	O	O	O	O	O	_	_	_	_	_	_
un	O	O	O	O	O	O	_	_	_	_	_	_
haut	O	O	O	O	O	O	_	_	_	_	_	_
responsable	O	O	O	O	O	O	_	_	_	_	_	_
de	O	O	O	O	O	O	_	_	_	_	_	_
la	O	O	O	O	O	O	_	_	EndOfLine	_	_	_
# segment_iiif_link = https://impresso-project.ch/api/proxy/iiif/JDG-1994-05-09-a-p0004/1679,3284,429,44/full/0/default.jpg
centrale	O	O	O	O	O	O	_	_	_	_	_	_
palestinienne	O	O	O	O	O	O	_	_	_	_	_	_
à	O	O	O	O	O	O	_	_	_	_	_	_
Tunis	O	O	O	O	O	O	_	_	NoSpaceAfter	_	_	_
.	O	O	O	O	O	O	_	_	_	EndOfSentence	_	_
Dans	O	O	O	O	O	O	_	_	_	_	_	_
un	O	O	O	O	O	O	_	_	EndOfLine	_	_	_
# segment_iiif_link = https://impresso-project.ch/api/proxy/iiif/JDG-1994-05-09-a-p0004/1681,3311,429,42/full/0/default.jpg
premier	O	O	O	O	O	O	_	_	_	_	_	_
temps	O	O	O	O	O	O	_	_	NoSpaceAfter	_	_	_
,	O	O	O	O	O	O	_	_	_	_	_	_
l	O	O	O	O	O	O	_	_	NoSpaceAfter	_	_	_
'	O	O	O	O	O	O	_	_	NoSpaceAfter	_	_	_
OLP	O	O	O	O	O	O	_	_	_	_	_	_
avait	O	O	O	O	O	O	_	_	_	_	_	_
annoncé	O	O	O	O	O	O	_	_	_	_	_	_
samedi	O	O	O	O	O	O	_	_	EndOfLine	_	_	_
# segment_iiif_link = https://impresso-project.ch/api/proxy/iiif/JDG-1994-05-09-a-p0004/1681,3337,427,42/full/0/default.jpg
que	O	O	O	O	O	O	_	_	_	_	_	_
l	O	O	O	O	O	O	_	_	NoSpaceAfter	_	_	_
'	O	O	O	O	O	O	_	_	NoSpaceAfter	_	_	_
équipe	O	O	O	O	O	O	_	_	_	_	_	_
palestinienne	O	O	O	O	O	O	_	_	_	_	_	_
serait	O	O	O	O	O	O	_	_	EndOfLine	_	_	_
# segment_iiif_link = https://impresso-project.ch/api/proxy/iiif/JDG-1994-05-09-a-p0004/1681,3362,372,44/full/0/default.jpg
mée	O	O	O	O	O	O	_	_	_	_	_	_
dans	O	O	O	O	O	O	_	_	_	_	_	_
les	O	O	O	O	O	O	_	_	_	_	_	_
48	O	O	O	O	O	O	_	_	_	_	_	_
heures	O	O	O	O	O	O	_	_	NoSpaceAfter	_	_	_
.	O	O	O	O	O	O	_	_	_	EndOfSentence	_	_
(	O	O	O	O	O	O	_	_	NoSpaceAfter	_	_	_
Agences	B-org	O	B-org.ent.pressagency.ATS-SDA	O	O	O	_	_	NoSpaceAfter	_	_	_
)	O	O	O	O	O	O	_	_	EndOfLine	EndOfSentence	_	_
# segment_iiif_link = https://impresso-project.ch/api/proxy/iiif/JDG-1994-05-09-a-p0004/1681,3423,433,44/full/0/default.jpg
GOLAN	O	O	O	O	O	O	_	_	_	_	_	_
Israël	O	O	O	O	O	O	_	_	_	_	_	_
demande	O	O	O	O	O	O	_	_	_	_	_	_
à	O	O	O	O	O	O	_	_	_	_	_	_
Washington	O	O	O	O	O	O	_	_	EndOfLine	_	_	_
# segment_iiif_link = https://impresso-project.ch/api/proxy/iiif/JDG-1994-05-09-a-p0004/1681,3450,429,42/full/0/default.jpg
5	O	O	O	O	O	O	_	_	_	_	_	_
milliards	O	O	O	O	O	O	_	_	_	_	_	_
de	O	O	O	O	O	O	_	_	_	_	_	_
dollars	O	O	O	O	O	O	_	_	_	_	_	_
d	O	O	O	O	O	O	_	_	NoSpaceAfter	_	_	_
'	O	O	O	O	O	O	_	_	NoSpaceAfter	_	_	_
aide	O	O	O	O	O	O	_	_	_	_	_	_
militaire	O	O	O	O	O	O	_	_	EndOfLine	_	_	_
# segment_iiif_link = https://impresso-project.ch/api/proxy/iiif/JDG-1994-05-09-a-p0004/1681,3476,429,42/full/0/default.jpg
plémentaire	O	O	O	O	O	O	_	_	_	_	_	_
pour	O	O	O	O	O	O	_	_	_	_	_	_
compenser	O	O	O	O	O	O	_	_	_	_	_	_
son	O	O	O	O	O	O	_	_	_	_	_	_
retrait	O	O	O	O	O	O	_	_	EndOfLine	_	_	_
# segment_iiif_link = https://impresso-project.ch/api/proxy/iiif/JDG-1994-05-09-a-p0004/1679,3502,431,44/full/0/default.jpg
du	O	O	O	O	O	O	_	_	_	_	_	_
plateau	O	O	O	O	O	O	_	_	_	_	_	_
du	O	O	O	O	O	O	_	_	_	_	_	_
Golan	O	O	O	O	O	O	_	_	_	_	_	_
dans	O	O	O	O	O	O	_	_	_	_	_	_
le	O	O	O	O	O	O	_	_	_	_	_	_
cadre	O	O	O	O	O	O	_	_	_	_	_	_
d	O	O	O	O	O	O	_	_	NoSpaceAfter	_	_	_
'	O	O	O	O	O	O	_	_	NoSpaceAfter	_	_	_
un	O	O	O	O	O	O	_	_	EndOfLine	_	_	_
# segment_iiif_link = https://impresso-project.ch/api/proxy/iiif/JDG-1994-05-09-a-p0004/1679,3528,431,44/full/0/default.jpg
accord	O	O	O	O	O	O	_	_	_	_	_	_
de	O	O	O	O	O	O	_	_	_	_	_	_
paix	O	O	O	O	O	O	_	_	_	_	_	_
avec	O	O	O	O	O	O	_	_	_	_	_	_
la	O	O	O	O	O	O	_	_	_	_	_	_
Syrie	O	O	O	O	O	O	_	_	NoSpaceAfter	_	_	_
,	O	O	O	O	O	O	_	_	_	_	_	_
rapporte	O	O	O	O	O	O	_	_	EndOfLine	_	_	_
# segment_iiif_link = https://impresso-project.ch/api/proxy/iiif/JDG-1994-05-09-a-p0004/1681,3555,429,42/full/0/default.jpg
dimanche	O	O	O	O	O	O	_	_	_	_	_	_
le	O	O	O	O	O	O	_	_	_	_	_	_
journal	O	O	O	O	O	O	_	_	_	_	_	_
Haaretz	O	O	O	O	O	O	_	_	NoSpaceAfter	_	_	_
.	O	O	O	O	O	O	_	_	_	EndOfSentence	_	_
«	O	O	O	O	O	O	_	_	_	_	_	_
Israël	O	O	O	O	O	O	_	_	_	_	_	_
et	O	O	O	O	O	O	_	_	_	_	_	_
les	O	O	O	O	O	O	_	_	EndOfLine	_	_	_
# segment_iiif_link = https://impresso-project.ch/api/proxy/iiif/JDG-1994-05-09-a-p0004/1683,3581,427,42/full/0/default.jpg
Etats	O	O	O	O	O	O	_	_	NoSpaceAfter	_	_	_
-	O	O	O	O	O	O	_	_	NoSpaceAfter	_	_	_
Unis	O	O	O	O	O	O	_	_	_	_	_	_
vont	O	O	O	O	O	O	_	_	_	_	_	_
former	O	O	O	O	O	O	_	_	_	_	_	_
des	O	O	O	O	O	O	_	_	_	_	_	_
groupes	O	O	O	O	O	O	_	_	EndOfLine	_	_	_
# segment_iiif_link = https://impresso-project.ch/api/proxy/iiif/JDG-1994-05-09-a-p0004/1681,3606,429,44/full/0/default.jpg
d	O	O	O	O	O	O	_	_	NoSpaceAfter	_	_	_
'	O	O	O	O	O	O	_	_	NoSpaceAfter	_	_	_
experts	O	O	O	O	O	O	_	_	_	_	_	_
pour	O	O	O	O	O	O	_	_	_	_	_	_
discuter	O	O	O	O	O	O	_	_	_	_	_	_
des	O	O	O	O	O	O	_	_	_	_	_	_
détails	O	O	O	O	O	O	_	_	_	_	_	_
»	O	O	O	O	O	O	_	_	NoSpaceAfter	_	_	_
,	O	O	O	O	O	O	_	_	EndOfLine	_	_	_
# segment_iiif_link = https://impresso-project.ch/api/proxy/iiif/JDG-1994-05-09-a-p0004/1681,3634,429,42/full/0/default.jpg
écrit	O	O	O	O	O	O	_	_	_	_	_	_
le	O	O	O	O	O	O	_	_	_	_	_	_
quotidien	O	O	O	O	O	O	_	_	_	_	_	_
qui	O	O	O	O	O	O	_	_	_	_	_	_
ne	O	O	O	O	O	O	_	_	_	_	_	_
cite	O	O	O	O	O	O	_	_	_	_	_	_
aucune	O	O	O	O	O	O	_	_	EndOfLine	_	_	_
# segment_iiif_link = https://impresso-project.ch/api/proxy/iiif/JDG-1994-05-09-a-p0004/1681,3660,429,42/full/0/default.jpg
source	O	O	O	O	O	O	_	_	NoSpaceAfter	_	_	_
.	O	O	O	O	O	O	_	_	_	EndOfSentence	_	_
Il	O	O	O	O	O	O	_	_	_	_	_	_
ajoute	O	O	O	O	O	O	_	_	_	_	_	_
que	O	O	O	O	O	O	_	_	_	_	_	_
la	O	O	O	O	O	O	_	_	_	_	_	_
requête	O	O	O	O	O	O	_	_	_	_	_	_
de	O	O	O	O	O	O	_	_	_	_	_	_
l	O	O	O	O	O	O	_	_	NoSpaceAfter	_	_	_
'	O	O	O	O	O	O	_	_	NoSpaceAfter	_	_	_
Etat	O	O	O	O	O	O	_	_	EndOfLine	_	_	_
# segment_iiif_link = https://impresso-project.ch/api/proxy/iiif/JDG-1994-05-09-a-p0004/1681,3685,429,44/full/0/default.jpg
hébreu	O	O	O	O	O	O	_	_	_	_	_	_
inclut	O	O	O	O	O	O	_	_	_	_	_	_
le	O	O	O	O	O	O	_	_	_	_	_	_
stationnement	O	O	O	O	O	O	_	_	_	_	_	_
sur	O	O	O	O	O	O	_	_	_	_	_	_
son	O	O	O	O	O	O	_	_	EndOfLine	_	_	_
# segment_iiif_link = https://impresso-project.ch/api/proxy/iiif/JDG-1994-05-09-a-p0004/1681,3713,429,42/full/0/default.jpg
sol	O	O	O	O	O	O	_	_	_	_	_	_
d	O	O	O	O	O	O	_	_	NoSpaceAfter	_	_	_
'	O	O	O	O	O	O	_	_	NoSpaceAfter	_	_	_
armes	O	O	O	O	O	O	_	_	_	_	_	_
américaines	O	O	O	O	O	O	_	_	_	_	_	_
qu	O	O	O	O	O	O	_	_	NoSpaceAfter	_	_	_
'	O	O	O	O	O	O	_	_	NoSpaceAfter	_	_	_
Israël	O	O	O	O	O	O	_	_	EndOfLine	_	_	_
# segment_iiif_link = https://impresso-project.ch/api/proxy/iiif/JDG-1994-05-09-a-p0004/1681,3738,431,42/full/0/default.jpg
pourrait	O	O	O	O	O	O	_	_	_	_	_	_
utiliser	O	O	O	O	O	O	_	_	_	_	_	_
en	O	O	O	O	O	O	_	_	_	_	_	_
cas	O	O	O	O	O	O	_	_	_	_	_	_
de	O	O	O	O	O	O	_	_	_	_	_	_
nécessité	O	O	O	O	O	O	_	_	_	_	_	_
urgente	O	O	O	O	O	O	_	_	NoSpaceAfter	_	_	_
.	O	O	O	O	O	O	_	_	EndOfLine	EndOfSentence	_	_
# segment_iiif_link = https://impresso-project.ch/api/proxy/iiif/JDG-1994-05-09-a-p0004/1683,3764,428,44/full/0/default.jpg
Israël	O	O	O	O	O	O	_	_	NoSpaceAfter	_	_	_
,	O	O	O	O	O	O	_	_	_	_	_	_
dit	O	O	O	O	O	O	_	_	NoSpaceAfter	_	_	_
-	O	O	O	O	O	O	_	_	NoSpaceAfter	_	_	_
il	O	O	O	O	O	O	_	_	NoSpaceAfter	_	_	_
,	O	O	O	O	O	O	_	_	_	_	_	_
a	O	O	O	O	O	O	_	_	_	_	_	_
également	O	O	O	O	O	O	_	_	_	_	_	_
demandé	O	O	O	O	O	O	_	_	_	_	_	_
de	O	O	O	O	O	O	_	_	EndOfLine	_	_	_
# segment_iiif_link = https://impresso-project.ch/api/proxy/iiif/JDG-1994-05-09-a-p0004/1683,3792,427,42/full/0/default.jpg
«	O	O	O	O	O	O	_	_	_	_	_	_
l	O	O	O	O	O	O	_	_	NoSpaceAfter	_	_	_
'	O	O	O	O	O	O	_	_	NoSpaceAfter	_	_	_
armement	O	O	O	O	O	O	_	_	_	_	_	_
et	O	O	O	O	O	O	_	_	_	_	_	_
du	O	O	O	O	O	O	_	_	_	_	_	_
matériel	O	O	O	O	O	O	_	_	_	_	_	_
de	O	O	O	O	O	O	_	_	EndOfLine	_	_	_
# segment_iiif_link = https://impresso-project.ch/api/proxy/iiif/JDG-1994-05-09-a-p0004/1681,3817,361,42/full/0/default.jpg
renseignement	O	O	O	O	O	O	_	_	_	_	_	_
perfectionnés	O	O	O	O	O	O	_	_	_	_	_	_
»	O	O	O	O	O	O	_	_	NoSpaceAfter	_	_	_
.	O	O	O	O	O	O	_	_	_	EndOfSentence	_	_
(	O	O	O	O	O	O	_	_	NoSpaceAfter	_	_	_
Reuter	B-org	O	B-org.ent.pressagency.Reuters	O	O	O	Q130879	_	NoSpaceAfter	_	LED0.00	_
)	O	O	O	O	O	O	_	_	EndOfLine	EndOfSentence	_	_

# language = fr
# newspaper = JDG
# date = 1995-09-30
# document_id = JDG-1995-09-30-a-i0207
# news-agency-as-source = Q430109
# segment_iiif_link = https://impresso-project.ch/api/proxy/iiif/JDG-1995-09-30-a-p0035/185,2845,262,80/full/0/default.jpg
ACCIDENT	O	O	O	O	O	O	_	_	EndOfLine	_	_	_
# segment_iiif_link = https://impresso-project.ch/api/proxy/iiif/JDG-1995-09-30-a-p0035/108,2910,415,78/full/0/default.jpg
Chute	O	O	O	O	O	O	_	_	_	_	_	_
mortelle	O	O	O	O	O	O	_	_	EndOfLine	_	_	_
# segment_iiif_link = https://impresso-project.ch/api/proxy/iiif/JDG-1995-09-30-a-p0035/42,2982,545,48/full/0/default.jpg
Un	O	O	O	O	O	O	_	_	_	_	_	_
maçon	O	O	O	O	O	O	_	_	_	_	_	_
portugais	O	O	O	O	O	O	_	_	_	_	_	_
a	O	O	O	O	O	O	_	_	_	_	_	_
perdu	O	O	O	O	O	O	_	_	_	_	_	_
la	O	O	O	O	O	O	_	_	_	_	_	_
vie	O	O	O	O	O	O	_	_	_	_	_	_
en	O	O	O	O	O	O	_	_	EndOfLine	_	_	_
# segment_iiif_link = https://impresso-project.ch/api/proxy/iiif/JDG-1995-09-30-a-p0035/40,3015,548,50/full/0/default.jpg
tombant	O	O	O	O	O	O	_	_	_	_	_	_
d	O	O	O	O	O	O	_	_	NoSpaceAfter	_	_	_
'	O	O	O	O	O	O	_	_	NoSpaceAfter	_	_	_
un	O	O	O	O	O	O	_	_	_	_	_	_
arbre	O	O	O	O	O	O	_	_	_	_	_	_
vendredi	O	O	O	O	O	O	_	_	_	_	_	_
vers	O	O	O	O	O	O	_	_	EndOfLine	_	_	_
# segment_iiif_link = https://impresso-project.ch/api/proxy/iiif/JDG-1995-09-30-a-p0035/48,3050,540,50/full/0/default.jpg
13	O	O	O	O	O	O	_	_	_	_	_	_
heures	O	O	O	O	O	O	_	_	_	_	_	_
à	O	O	O	O	O	O	_	_	_	_	_	_
Genève	O	O	O	O	O	O	_	_	NoSpaceAfter	_	_	_
.	O	O	O	O	O	O	_	_	_	EndOfSentence	_	_
Il	O	O	O	O	O	O	_	_	_	_	_	_
avait	O	O	O	O	O	O	_	_	_	_	_	_
grimpé	O	O	O	O	O	O	_	_	_	_	_	_
sur	O	O	O	O	O	O	_	_	EndOfLine	_	_	_
# segment_iiif_link = https://impresso-project.ch/api/proxy/iiif/JDG-1995-09-30-a-p0035/42,3085,546,48/full/0/default.jpg
l	O	O	O	O	O	O	_	_	NoSpaceAfter	_	_	_
'	O	O	O	O	O	O	_	_	NoSpaceAfter	_	_	_
arbre	O	O	O	O	O	O	_	_	_	_	_	_
pendant	O	O	O	O	O	O	_	_	_	_	_	_
sa	O	O	O	O	O	O	_	_	_	_	_	_
pause	O	O	O	O	O	O	_	_	_	_	_	_
de	O	O	O	O	O	O	_	_	_	_	_	_
midi	O	O	O	O	O	O	_	_	NoSpaceAfter	_	_	_
,	O	O	O	O	O	O	_	_	_	_	_	_
a	O	O	O	O	O	O	_	_	EndOfLine	_	_	_
# segment_iiif_link = https://impresso-project.ch/api/proxy/iiif/JDG-1995-09-30-a-p0035/40,3118,548,50/full/0/default.jpg
qué	O	O	O	O	O	O	_	_	_	_	_	_
la	O	O	O	O	O	O	_	_	_	_	_	_
police	O	O	O	O	O	O	_	_	_	_	_	_
genevoise	O	O	O	O	O	O	_	_	NoSpaceAfter	_	_	_
.	O	O	O	O	O	O	_	_	_	EndOfSentence	_	_
Les	O	O	O	O	O	O	_	_	_	_	_	_
causes	O	O	O	O	O	O	_	_	_	_	_	_
de	O	O	O	O	O	O	_	_	_	_	_	_
sa	O	O	O	O	O	O	_	_	EndOfLine	_	_	_
# segment_iiif_link = https://impresso-project.ch/api/proxy/iiif/JDG-1995-09-30-a-p0035/42,3152,386,48/full/0/default.jpg
chute	O	O	O	O	O	O	_	_	_	_	_	_
sont	O	O	O	O	O	O	_	_	_	_	_	_
inconnues	O	O	O	O	O	O	_	_	NoSpaceAfter	_	_	_
.	O	O	O	O	O	O	_	_	_	EndOfSentence	_	_
(	O	O	O	O	O	O	_	_	NoSpaceAfter	_	_	_
ATS	B-org	O	B-org.ent.pressagency.ATS-SDA	O	O	O	Q430109	_	NoSpaceAfter	_	LED0.00	_
)	O	O	O	O	O	O	_	_	EndOfLine	EndOfSentence	_	_

# language = fr
# newspaper = LCR
# date = 1868-06-25
# document_id = LCR-1868-06-25-a-i0001
# news-agency-as-source = _
# segment_iiif_link = https://impresso-project.ch/api/proxy/iiif/LCR-1868-06-25-a-p0001/57,484,1472,48/full/0/default.jpg
ON	O	O	O	O	O	O	_	_	_	_	_	_
S	O	O	O	O	O	O	_	_	NoSpaceAfter	_	_	_
'	O	O	O	O	O	O	_	_	NoSpaceAfter	_	_	_
ADONNE	O	O	O	O	O	O	_	_	_	_	_	_
A	O	O	O	O	O	O	_	_	_	_	_	_
TOUTE	O	O	O	O	O	O	_	_	_	_	_	_
éPOQUE	O	O	O	O	O	O	_	_	_	_	_	_
:	O	O	O	O	O	O	_	_	_	_	_	_
à	O	O	O	O	O	O	_	_	_	_	_	_
Fribourg	O	O	O	O	O	O	_	_	NoSpaceAfter	_	_	_
,	O	O	O	O	O	O	_	_	_	_	_	_
aux	O	O	O	O	O	O	_	_	_	_	_	_
bureaux	O	O	O	O	O	O	_	_	_	_	_	_
du	O	O	O	O	O	O	_	_	_	_	_	_
journal	O	O	O	O	O	O	_	_	NoSpaceAfter	_	_	_
.	O	O	O	O	O	O	_	_	_	EndOfSentence	_	_
Grand	O	O	O	O	O	O	_	_	NoSpaceAfter	_	_	_
'	O	O	O	O	O	O	_	_	NoSpaceAfter	_	_	_
-	O	O	O	O	O	O	_	_	NoSpaceAfter	_	_	_
rue	O	O	O	O	O	O	_	_	NoSpaceAfter	_	_	_
,	O	O	O	O	O	O	_	_	_	_	_	_
3	O	O	O	O	O	O	_	_	_	_	_	_
;	O	O	O	O	O	O	_	_	_	_	_	_
à	O	O	O	O	O	O	_	_	_	_	_	_
*	O	O	O	O	O	O	_	_	_	_	_	_
:	O	O	O	O	O	O	_	_	NoSpaceAfter	_	_	_
'	O	O	O	O	O	O	_	_	NoSpaceAfter	_	_	_
PRIX	O	O	O	O	O	O	_	_	_	_	_	_
D	O	O	O	O	O	O	_	_	NoSpaceAfter	_	_	_
'	O	O	O	O	O	O	_	_	NoSpaceAfter	_	_	_
ABONNEMENT	O	O	O	O	O	O	_	_	_	_	_	_
(	O	O	O	O	O	O	_	_	NoSpaceAfter	_	_	_
FRANCO	O	O	O	O	O	O	_	_	NoSpaceAfter	_	_	_
)	O	O	O	O	O	O	_	_	_	_	_	_
payable	O	O	O	O	O	O	_	_	_	_	_	_
d	O	O	O	O	O	O	_	_	NoSpaceAfter	_	_	_
'	O	O	O	O	O	O	_	_	NoSpaceAfter	_	_	_
avance	O	O	O	O	O	O	_	_	_	_	_	_
:	O	O	O	O	O	O	_	_	EndOfLine	_	_	_
# segment_iiif_link = https://impresso-project.ch/api/proxy/iiif/LCR-1868-06-25-a-p0001/38,504,1670,49/full/0/default.jpg
Porrentruv	O	O	O	O	O	O	_	_	_	_	_	_
chez	O	O	O	O	O	O	_	_	_	_	_	_
M	O	O	O	O	O	O	_	_	_	_	_	_
Buthod	O	O	O	O	O	O	_	_	NoSpaceAfter	_	_	_
-	O	O	O	O	O	O	_	_	_	_	_	_
A	O	O	O	O	O	O	_	_	_	_	_	_
Genève	O	O	O	O	O	O	_	_	NoSpaceAfter	_	_	_
.	O	O	O	O	O	O	_	_	_	EndOfSentence	_	_
'	O	O	O	O	O	O	_	_	NoSpaceAfter	_	_	_
chez	O	O	O	O	O	O	_	_	_	_	_	_
MM	O	O	O	O	O	O	_	_	NoSpaceAfter	_	_	_
.	O	O	O	O	O	O	_	_	_	EndOfSentence	_	_
J	O	O	O	O	O	O	_	_	NoSpaceAfter	_	_	_
)	O	O	O	O	O	O	_	_	_	_	_	_
uraford	I-pers	O	I-pers.ind.articleauthor	O	O	O	_	_	NoSpaceAfter	_	_	_
.	O	O	O	O	O	O	_	_	_	EndOfSentence	_	_
libraires	O	O	O	O	O	O	_	_	NoSpaceAfter	_	_	_
.	O	O	O	O	O	O	_	_	_	EndOfSentence	_	_
Place	O	O	O	O	O	O	_	_	_	_	_	_
Notr	O	O	O	O	O	O	_	_	_	_	_	_
«	O	O	O	O	O	O	_	_	_	_	_	_
-	O	O	O	O	O	O	_	_	NoSpaceAfter	_	_	_
Damp	O	O	O	O	O	O	_	_	NoSpaceAfter	_	_	_
.	O	O	O	O	O	O	_	_	_	_	_	_
et	O	O	O	O	O	O	_	_	_	_	_	_
Confédération	O	O	O	O	O	O	_	_	_	_	_	_
Suisse	O	O	O	O	O	O	_	_	NoSpaceAfter	_	_	_
.	O	O	O	O	O	O	_	_	NoSpaceAfter	_	_	_
.	O	O	O	O	O	O	_	_	_	_	_	_
Un	O	O	O	O	O	O	_	_	_	_	_	_
an	O	O	O	O	O	O	_	_	NoSpaceAfter	_	_	_
,	O	O	O	O	O	O	_	_	_	_	_	_
Fr	O	O	O	O	O	O	_	_	NoSpaceAfter	_	_	_
.	O	O	O	O	O	O	_	_	_	_	_	_
13	O	O	O	O	O	O	_	_	_	_	_	_
—	O	O	O	O	O	O	_	_	_	_	_	_
bu	O	O	O	O	O	O	_	_	_	_	_	_
mois	O	O	O	O	O	O	_	_	NoSpaceAfter	_	_	_
,	O	O	O	O	O	O	_	_	_	_	_	_
Fr	O	O	O	O	O	O	_	_	NoSpaceAfter	_	_	_
.	O	O	O	O	O	O	_	_	_	_	_	_
7	O	O	O	O	O	O	_	_	_	_	_	_
50	O	O	O	O	O	O	_	_	_	_	_	_
Trois	O	O	O	O	O	O	_	_	_	_	_	_
mois	O	O	O	O	O	O	_	_	NoSpaceAfter	_	_	_
,	O	O	O	O	O	O	_	_	_	_	_	_
Fr	O	O	O	O	O	O	_	_	NoSpaceAfter	_	_	_
.	O	O	O	O	O	O	_	_	_	_	_	_
4	O	O	O	O	O	O	_	_	_	_	_	_
—	O	O	O	O	O	O	_	_	EndOfLine	_	_	_
# segment_iiif_link = https://impresso-project.ch/api/proxy/iiif/LCR-1868-06-25-a-p0001/39,523,1669,49/full/0/default.jpg
Mehling	O	O	O	O	O	O	_	_	NoSpaceAfter	_	_	_
.	O	O	O	O	O	O	_	_	_	_	_	_
Corraterie	O	O	O	O	O	O	_	_	NoSpaceAfter	_	_	_
'	O	O	O	O	O	O	_	_	NoSpaceAfter	_	_	_
,	O	O	O	O	O	O	_	_	_	_	_	_
12	O	O	O	O	O	O	_	_	NoSpaceAfter	_	_	_
,	O	O	O	O	O	O	_	_	_	_	_	_
et	O	O	O	O	O	O	_	_	_	_	_	_
à	O	O	O	O	O	O	_	_	_	_	_	_
lous	O	O	O	O	O	O	_	_	_	_	_	_
les	O	O	O	O	O	O	_	_	_	_	_	_
bureaux	O	O	O	O	O	O	_	_	_	_	_	_
de	O	O	O	O	O	O	_	_	_	_	_	_
poste	O	O	O	O	O	O	_	_	_	_	_	_
suisses	O	O	O	O	O	O	_	_	_	_	_	_
;	O	O	O	O	O	O	_	_	_	_	_	_
fi	O	O	O	O	O	O	_	_	_	_	_	_
Paris	O	O	O	O	O	O	_	_	NoSpaceAfter	_	_	_
,	O	O	O	O	O	O	_	_	_	_	_	_
chex	O	O	O	O	O	O	_	_	_	_	_	_
MM	O	O	O	O	O	O	_	_	NoSpaceAfter	_	_	_
.	O	O	O	O	O	O	_	_	_	_	_	_
Havas	O	O	O	O	O	O	_	_	NoSpaceAfter	_	_	_
,	O	O	O	O	O	O	_	_	_	_	_	_
Laf	O	O	O	O	O	O	_	_	NoSpaceAfter	_	_	_
-	O	O	O	O	O	O	_	_	_	_	_	_
France	O	O	O	O	O	O	_	_	NoSpaceAfter	_	_	_
,	O	O	O	O	O	O	_	_	_	_	_	_
Belgique	O	O	O	O	O	O	_	_	NoSpaceAfter	_	_	_
.	O	O	O	O	O	O	_	_	NoSpaceAfter	_	_	_
.	O	O	O	O	O	O	_	_	_	_	_	_
r	O	O	O	O	O	O	_	_	_	_	_	_
21	O	O	O	O	O	O	_	_	_	_	_	_
—	O	O	O	O	O	O	_	_	NoSpaceAfter	_	_	_
-	O	O	O	O	O	O	_	_	NoSpaceAfter	_	_	_
»	O	O	O	O	O	O	_	_	_	_	_	_
12	O	O	O	O	O	O	_	_	NoSpaceAfter	_	_	_
—	O	O	O	O	O	O	_	_	_	_	_	_
»	O	O	O	O	O	O	_	_	_	_	_	_
7	O	O	O	O	O	O	_	_	_	_	_	_
—	O	O	O	O	O	O	_	_	EndOfLine	_	_	_
# segment_iiif_link = https://impresso-project.ch/api/proxy/iiif/LCR-1868-06-25-a-p0001/38,542,1670,50/full/0/default.jpg
fite	O	O	O	O	O	O	_	_	NoSpaceAfter	_	_	_
,	O	O	O	O	O	O	_	_	_	_	_	_
Huilier	O	O	O	O	O	O	_	_	_	_	_	_
et	O	O	O	O	O	O	_	_	_	_	_	_
C	O	O	O	O	O	O	_	_	_	_	_	_
%	O	O	O	O	O	O	_	_	_	_	_	_
8	O	O	O	O	O	O	_	_	NoSpaceAfter	_	_	_
,	O	O	O	O	O	O	_	_	_	_	_	_
place	O	O	O	O	O	O	_	_	_	_	_	_
de	O	O	O	O	O	O	_	_	_	_	_	_
ia	O	O	O	O	O	O	_	_	_	_	_	_
Bourse	O	O	O	O	O	O	_	_	NoSpaceAfter	_	_	_
,	O	O	O	O	O	O	_	_	_	_	_	_
chargés	O	O	O	O	O	O	_	_	_	_	_	_
de	O	O	O	O	O	O	_	_	_	_	_	_
recevoir	O	O	O	O	O	O	_	_	_	_	_	_
le	O	O	O	O	O	O	_	_	NoSpaceAfter	_	_	_
.	O	O	O	O	O	O	_	_	_	EndOfSentence	_	_
annonces	O	O	O	O	O	O	_	_	_	_	_	_
d	O	O	O	O	O	O	_	_	_	_	_	_
origine	O	O	O	O	O	O	_	_	_	_	_	_
française	O	O	O	O	O	O	_	_	NoSpaceAfter	_	_	_
.	O	O	O	O	O	O	_	_	_	EndOfSentence	_	_
Allemagne	O	O	O	O	O	O	_	_	_	_	_	_
^	O	O	O	O	O	O	_	_	_	_	_	_
Autriche	O	O	O	O	O	O	_	_	NoSpaceAfter	_	_	_
,	O	O	O	O	O	O	_	_	_	_	_	_
Homs	O	O	O	O	O	O	_	_	_	_	_	_
»	O	O	O	O	O	O	_	_	_	_	_	_
30	O	O	O	O	O	O	_	_	NoSpaceAfter	_	_	_
—	O	O	O	O	O	O	_	_	_	_	_	_
»	O	O	O	O	O	O	_	_	_	_	_	_
16	O	O	O	O	O	O	_	_	NoSpaceAfter	_	_	_
—	O	O	O	O	O	O	_	_	_	_	_	_
»	O	O	O	O	O	O	_	_	_	_	_	_
9	O	O	O	O	O	O	_	_	_	_	_	_
—	O	O	O	O	O	O	_	_	EndOfLine	_	_	_
# segment_iiif_link = https://impresso-project.ch/api/proxy/iiif/LCR-1868-06-25-a-p0001/57,565,1657,49/full/0/default.jpg
Paix	O	O	O	O	O	O	_	_	_	_	_	_
DES	O	O	O	O	O	O	_	_	_	_	_	_
ANNONCES	O	O	O	O	O	O	_	_	_	_	_	_
:	O	O	O	O	O	O	_	_	_	_	_	_
15	O	O	O	O	O	O	_	_	_	_	_	_
cent	O	O	O	O	O	O	_	_	NoSpaceAfter	_	_	_
,	O	O	O	O	O	O	_	_	_	_	_	_
la	O	O	O	O	O	O	_	_	_	_	_	_
ligne	O	O	O	O	O	O	_	_	_	_	_	_
ou	O	O	O	O	O	O	_	_	_	_	_	_
son	O	O	O	O	O	O	_	_	_	_	_	_
blanc	O	O	O	O	O	O	_	_	_	_	_	_
pour	O	O	O	O	O	O	_	_	_	_	_	_
unc	O	O	O	O	O	O	_	_	_	_	_	_
fois	O	O	O	O	O	O	_	_	_	_	_	_
;	O	O	O	O	O	O	_	_	_	_	_	_
plus	O	O	O	O	O	O	_	_	_	_	_	_
d	O	O	O	O	O	O	_	_	NoSpaceAfter	_	_	_
'	O	O	O	O	O	O	_	_	NoSpaceAfter	_	_	_
une	O	O	O	O	O	O	_	_	_	_	_	_
fois	O	O	O	O	O	O	_	_	NoSpaceAfter	_	_	_
,	O	O	O	O	O	O	_	_	_	_	_	_
10	O	O	O	O	O	O	_	_	_	_	_	_
cent	O	O	O	O	O	O	_	_	NoSpaceAfter	_	_	_
.	O	O	O	O	O	O	_	_	_	EndOfSentence	_	_
Royaume	O	O	O	O	O	O	_	_	_	_	_	_
d	O	O	O	O	O	O	_	_	_	_	_	_
Italie	O	O	O	O	O	O	_	_	NoSpaceAfter	_	_	_
.	O	O	O	O	O	O	_	_	NoSpaceAfter	_	_	_
.	O	O	O	O	O	O	_	_	NoSpaceAfter	_	_	_
.	O	O	O	O	O	O	_	_	_	_	_	_
»	O	O	O	O	O	O	_	_	_	_	_	_
18	O	O	O	O	O	O	_	_	NoSpaceAfter	_	_	_
-	O	O	O	O	O	O	_	_	NoSpaceAfter	_	_	_
.	O	O	O	O	O	O	_	_	_	EndOfSentence	_	_
10	O	O	O	O	O	O	_	_	NoSpaceAfter	_	_	_
-	O	O	O	O	O	O	_	_	NoSpaceAfter	_	_	_
»	O	O	O	O	O	O	_	_	NoSpaceAfter	_	_	_
-	O	O	O	O	O	O	_	_	NoSpaceAfter	_	_	_
6	O	O	O	O	O	O	_	_	EndOfLine|NoSpaceAfter	_	_	_
# segment_iiif_link = https://impresso-project.ch/api/proxy/iiif/LCR-1868-06-25-a-p0001/38,584,1671,49/full/0/default.jpg
Autres	O	O	O	O	O	O	_	_	_	_	_	_
insertions	O	O	O	O	O	O	_	_	_	_	_	_
et	O	O	O	O	O	O	_	_	_	_	_	_
réclames	O	O	O	O	O	O	_	_	_	_	_	_
30	O	O	O	O	O	O	_	_	_	_	_	_
cent	O	O	O	O	O	O	_	_	NoSpaceAfter	_	_	_
,	O	O	O	O	O	O	_	_	_	_	_	_
la	O	O	O	O	O	O	_	_	_	_	_	_
ligne	O	O	O	O	O	O	_	_	NoSpaceAfter	_	_	_
.	O	O	O	O	O	O	_	_	_	EndOfSentence	_	_
Prix	O	O	O	O	O	O	_	_	_	_	_	_
du	O	O	O	O	O	O	_	_	_	_	_	_
numéro	O	O	O	O	O	O	_	_	NoSpaceAfter	_	_	_
,	O	O	O	O	O	O	_	_	_	_	_	_
15	O	O	O	O	O	O	_	_	_	_	_	_
cenUmes	O	O	O	O	O	O	_	_	NoSpaceAfter	_	_	_
.	O	O	O	O	O	O	_	_	_	EndOfSentence	_	_
Lettres	O	O	O	O	O	O	_	_	_	_	_	_
et	O	O	O	O	O	O	_	_	_	_	_	_
argent	O	O	O	O	O	O	_	_	_	_	_	_
FRANCS	O	O	O	O	O	O	_	_	_	_	_	_
de	O	O	O	O	O	O	_	_	_	_	_	_
port	O	O	O	O	O	O	_	_	NoSpaceAfter	_	_	_
.	O	O	O	O	O	O	_	_	_	EndOfSentence	_	_
—	O	O	O	O	O	O	_	_	_	_	_	_
InserUons	O	O	O	O	O	O	_	_	_	_	_	_
payables	O	O	O	O	O	O	_	_	_	_	_	_
d	O	O	O	O	O	O	_	_	_	_	_	_
avance	O	O	O	O	O	O	_	_	NoSpaceAfter	_	_	_
.	O	O	O	O	O	O	_	_	_	EndOfSentence	_	_
IMPRIMERIE	O	O	O	O	O	O	_	_	_	_	_	_
FRAGNIèRE	O	O	O	O	O	O	_	_	EndOfLine	_	_	_
# segment_iiif_link = https://impresso-project.ch/api/proxy/iiif/LCR-1868-06-25-a-p0001/37,618,1567,50/full/0/default.jpg
La	O	O	O	O	O	O	_	_	_	_	_	_
maison	O	O	O	O	O	O	_	_	_	_	_	_
HAASENSTEIN	O	O	O	O	O	O	_	_	_	_	_	_
et	O	O	O	O	O	O	_	_	_	_	_	_
VOGLER	O	O	O	O	O	O	_	_	_	_	_	_
à	O	O	O	O	O	O	_	_	_	_	_	_
Bàle	O	O	O	O	O	O	_	_	_	_	_	_
Francforts	O	O	O	O	O	O	_	_	_	_	_	_
.	O	O	O	O	O	O	_	_	NoSpaceAfter	EndOfSentence	_	_
-	O	O	O	O	O	O	_	_	NoSpaceAfter	_	_	_
SI	O	O	O	O	O	O	_	_	_	_	_	_
.	O	O	O	O	O	O	_	_	NoSpaceAfter	EndOfSentence	_	_
,	O	O	O	O	O	O	_	_	_	_	_	_
Hambourg	O	O	O	O	O	O	_	_	NoSpaceAfter	_	_	_
,	O	O	O	O	O	O	_	_	_	_	_	_
Berlin	O	O	O	O	O	O	_	_	NoSpaceAfter	_	_	_
,	O	O	O	O	O	O	_	_	_	_	_	_
Tienne	O	O	O	O	O	O	_	_	_	_	_	_
et	O	O	O	O	O	O	_	_	_	_	_	_
Leipzig	O	O	O	O	O	O	_	_	_	_	_	_
est	O	O	O	O	O	O	_	_	NoSpaceAfter	_	_	_
.	O	O	O	O	O	O	_	_	_	EndOfSentence	_	_
ouïe	O	O	O	O	O	O	_	_	_	_	_	_
autorisée	O	O	O	O	O	O	_	_	_	_	_	_
à	O	O	O	O	O	O	_	_	_	_	_	_
recevoir	O	O	O	O	O	O	_	_	_	_	_	_
pour	O	O	O	O	O	O	_	_	_	_	_	_
nous	O	O	O	O	O	O	_	_	_	_	_	_
les	O	O	O	O	O	O	_	_	_	_	_	_
annonces	O	O	O	O	O	O	_	_	_	_	_	_
d	O	O	O	O	O	O	_	_	NoSpaceAfter	_	_	_
'	O	O	O	O	O	O	_	_	NoSpaceAfter	_	_	_
origine	O	O	O	O	O	O	_	_	_	_	_	_
allemande	O	O	O	O	O	O	_	_	_	_	_	_
(	O	O	O	O	O	O	_	_	NoSpaceAfter	_	_	_
non	O	O	O	O	O	O	_	_	_	_	_	_
cantonales	O	O	O	O	O	O	_	_	NoSpaceAfter	_	_	_
)	O	O	O	O	O	O	_	_	NoSpaceAfter	_	_	_
.	O	O	O	O	O	O	_	_	EndOfLine	EndOfSentence	_	_

# language = fr
# newspaper = LCR
# date = 1877-10-09
# document_id = LCR-1877-10-09-a-i0001
# news-agency-as-source = _
# segment_iiif_link = https://impresso-project.ch/api/proxy/iiif/LCR-1877-10-09-a-p0001/38,472,1478,50/full/0/default.jpg
Os	O	O	O	O	O	O	_	_	_	_	_	_
S	O	O	O	O	O	O	_	_	NoSpaceAfter	_	_	_
'	O	O	O	O	O	O	_	_	NoSpaceAfter	_	_	_
ABONNE	O	O	O	O	O	O	_	_	_	_	_	_
A	O	O	O	O	O	O	_	_	NoSpaceAfter	_	_	_
.	O	O	O	O	O	O	_	_	_	_	_	_
TOOTE	O	O	O	O	O	O	_	_	_	_	_	_
éPOQCTE	O	O	O	O	O	O	_	_	_	_	_	_
:	O	O	O	O	O	O	_	_	_	_	_	_
à	O	O	O	O	O	O	_	_	_	_	_	_
Fribourg	O	O	O	O	O	O	_	_	NoSpaceAfter	_	_	_
,	O	O	O	O	O	O	_	_	_	_	_	_
aux	O	O	O	O	O	O	_	_	_	_	_	_
bureaux	O	O	O	O	O	O	_	_	_	_	_	_
du	O	O	O	O	O	O	_	_	_	_	_	_
journal	O	O	O	O	O	O	_	_	NoSpaceAfter	_	_	_
,	O	O	O	O	O	O	_	_	_	_	_	_
Grand	O	O	O	O	O	O	_	_	NoSpaceAfter	_	_	_
'	O	O	O	O	O	O	_	_	NoSpaceAfter	_	_	_
rue	O	O	O	O	O	O	_	_	NoSpaceAfter	_	_	_
,	O	O	O	O	O	O	_	_	_	_	_	_
3	O	O	O	O	O	O	_	_	_	_	_	_
:	O	O	O	O	O	O	_	_	_	_	_	_
PHIX	O	O	O	O	O	O	_	_	_	_	_	_
D	O	O	O	O	O	O	_	_	NoSpaceAfter	_	_	_
'	O	O	O	O	O	O	_	_	NoSpaceAfter	_	_	_
ABONNEMENT	O	O	O	O	O	O	_	_	_	_	_	_
(	O	O	O	O	O	O	_	_	NoSpaceAfter	_	_	_
FRANCO	O	O	O	O	O	O	_	_	NoSpaceAfter	_	_	_
)	O	O	O	O	O	O	_	_	_	_	_	_
payable	O	O	O	O	O	O	_	_	_	_	_	_
d	O	O	O	O	O	O	_	_	NoSpaceAfter	_	_	_
'	O	O	O	O	O	O	_	_	NoSpaceAfter	_	_	_
avance	O	O	O	O	O	O	_	_	_	_	_	_
:	O	O	O	O	O	O	_	_	EndOfLine	_	_	_
# segment_iiif_link = https://impresso-project.ch/api/proxy/iiif/LCR-1877-10-09-a-p0001/29,490,1676,50/full/0/default.jpg
Qenève	O	O	O	O	O	O	_	_	NoSpaceAfter	_	_	_
,	O	O	O	O	O	O	_	_	_	_	_	_
cbez	O	O	O	O	O	O	_	_	_	_	_	_
M	O	O	O	O	O	O	_	_	NoSpaceAfter	_	_	_
.	O	O	O	O	O	O	_	_	_	_	_	_
Duraford	O	O	O	O	O	O	_	_	NoSpaceAfter	_	_	_
,	O	O	O	O	O	O	_	_	_	_	_	_
libraire	O	O	O	O	O	O	_	_	_	_	_	_
Place	O	O	O	O	O	O	_	_	_	_	_	_
Notre	O	O	O	O	O	O	_	_	NoSpaceAfter	_	_	_
-	O	O	O	O	O	O	_	_	NoSpaceAfter	_	_	_
Dame	O	O	O	O	O	O	_	_	NoSpaceAfter	_	_	_
,	O	O	O	O	O	O	_	_	_	_	_	_
et	O	O	O	O	O	O	_	_	_	_	_	_
MM	O	O	O	O	O	O	_	_	NoSpaceAfter	_	_	_
.	O	O	O	O	O	O	_	_	_	EndOfSentence	_	_
Grosset	O	O	O	O	O	O	_	_	_	_	_	_
et	O	O	O	O	O	O	_	_	_	_	_	_
Trembley	O	O	O	O	O	O	_	_	NoSpaceAfter	_	_	_
,	O	O	O	O	O	O	_	_	_	_	_	_
libraires	O	O	O	O	O	O	_	_	NoSpaceAfter	_	_	_
,	O	O	O	O	O	O	_	_	_	_	_	_
Confédération	O	O	O	O	O	O	_	_	_	_	_	_
Suisse	O	O	O	O	O	O	_	_	NoSpaceAfter	_	_	_
.	O	O	O	O	O	O	_	_	NoSpaceAfter	EndOfSentence	_	_
.	O	O	O	O	O	O	_	_	_	EndOfSentence	_	_
Un	O	O	O	O	O	O	_	_	_	_	_	_
an	O	O	O	O	O	O	_	_	NoSpaceAfter	_	_	_
,	O	O	O	O	O	O	_	_	_	_	_	_
Pr	O	O	O	O	O	O	_	_	NoSpaceAfter	_	_	_
.	O	O	O	O	O	O	_	_	_	EndOfSentence	_	_
13	O	O	O	O	O	O	_	_	_	_	_	_
—	O	O	O	O	O	O	_	_	_	_	_	_
Six	O	O	O	O	O	O	_	_	_	_	_	_
mois	O	O	O	O	O	O	_	_	NoSpaceAfter	_	_	_
,	O	O	O	O	O	O	_	_	_	_	_	_
Pr	O	O	O	O	O	O	_	_	NoSpaceAfter	_	_	_
.	O	O	O	O	O	O	_	_	_	EndOfSentence	_	_
7	O	O	O	O	O	O	_	_	_	_	_	_
50	O	O	O	O	O	O	_	_	_	_	_	_
Trois	O	O	O	O	O	O	_	_	_	_	_	_
mois	O	O	O	O	O	O	_	_	NoSpaceAfter	_	_	_
,	O	O	O	O	O	O	_	_	_	_	_	_
Fr	O	O	O	O	O	O	_	_	NoSpaceAfter	_	_	_
.	O	O	O	O	O	O	_	_	_	_	_	_
4	O	O	O	O	O	O	_	_	_	_	_	_
—	O	O	O	O	O	O	_	_	EndOfLine	_	_	_
# segment_iiif_link = https://impresso-project.ch/api/proxy/iiif/LCR-1877-10-09-a-p0001/29,511,1676,49/full/0/default.jpg
Ci	O	O	O	O	O	O	_	_	_	_	_	_
rraterie	O	O	O	O	O	O	_	_	NoSpaceAfter	_	_	_
,	O	O	O	O	O	O	_	_	_	_	_	_
12	O	O	O	O	O	O	_	_	NoSpaceAfter	_	_	_
,	O	O	O	O	O	O	_	_	_	_	_	_
et	O	O	O	O	O	O	_	_	_	_	_	_
à	O	O	O	O	O	O	_	_	_	_	_	_
tous	O	O	O	O	O	O	_	_	_	_	_	_
les	O	O	O	O	O	O	_	_	_	_	_	_
bureaux	O	O	O	O	O	O	_	_	_	_	_	_
de	O	O	O	O	O	O	_	_	_	_	_	_
poste	O	O	O	O	O	O	_	_	_	_	_	_
Buisses	O	O	O	O	O	O	_	_	_	_	_	_
;	O	O	O	O	O	O	_	_	_	_	_	_
à	O	O	O	O	O	O	_	_	_	_	_	_
Paris	O	O	O	O	O	O	_	_	NoSpaceAfter	_	_	_
,	O	O	O	O	O	O	_	_	_	_	_	_
chez	O	O	O	O	O	O	_	_	_	_	_	_
MM	O	O	O	O	O	O	_	_	NoSpaceAfter	_	_	_
.	O	O	O	O	O	O	_	_	_	EndOfSentence	_	_
Havas	O	O	O	O	O	O	_	_	NoSpaceAfter	_	_	_
,	O	O	O	O	O	O	_	_	_	_	_	_
Laffite	O	O	O	O	O	O	_	_	NoSpaceAfter	_	_	_
,	O	O	O	O	O	O	_	_	_	_	_	_
France	O	O	O	O	O	O	_	_	NoSpaceAfter	_	_	_
,	O	O	O	O	O	O	_	_	_	_	_	_
Belgique	O	O	O	O	O	O	_	_	NoSpaceAfter	_	_	_
,	O	O	O	O	O	O	_	_	NoSpaceAfter	_	_	_
.	O	O	O	O	O	O	_	_	NoSpaceAfter	EndOfSentence	_	_
.	O	O	O	O	O	O	_	_	_	EndOfSentence	_	_
»	O	O	O	O	O	O	_	_	_	_	_	_
21	O	O	O	O	O	O	_	_	_	_	_	_
—	O	O	O	O	O	O	_	_	NoSpaceAfter	_	_	_
.	O	O	O	O	O	O	_	_	_	EndOfSentence	_	_
12	O	O	O	O	O	O	_	_	_	_	_	_
—	O	O	O	O	O	O	_	_	_	_	_	_
t	O	O	O	O	O	O	_	_	_	_	_	_
7	O	O	O	O	O	O	_	_	_	_	_	_
—	O	O	O	O	O	O	_	_	EndOfLine	_	_	_
# segment_iiif_link = https://impresso-project.ch/api/proxy/iiif/LCR-1877-10-09-a-p0001/31,530,1674,49/full/0/default.jpg
Bu	O	O	O	O	O	O	_	_	_	_	_	_
Hier	O	O	O	O	O	O	_	_	_	_	_	_
et	O	O	O	O	O	O	_	_	_	_	_	_
G	O	O	O	O	O	O	_	_	NoSpaceAfter	_	_	_
'	O	O	O	O	O	O	_	_	NoSpaceAfter	_	_	_
,	O	O	O	O	O	O	_	_	_	_	_	_
8	O	O	O	O	O	O	_	_	NoSpaceAfter	_	_	_
,	O	O	O	O	O	O	_	_	_	_	_	_
Place	O	O	O	O	O	O	_	_	_	_	_	_
de	O	O	O	O	O	O	_	_	_	_	_	_
la	O	O	O	O	O	O	_	_	_	_	_	_
Bourse	O	O	O	O	O	O	_	_	NoSpaceAfter	_	_	_
.	O	O	O	O	O	O	_	_	_	EndOfSentence	_	_
Allemagne	O	O	O	O	O	O	_	_	NoSpaceAfter	_	_	_
,	O	O	O	O	O	O	_	_	_	_	_	_
AutricheRome	O	O	O	O	O	O	_	_	_	_	_	_
»	O	O	O	O	O	O	_	_	_	_	_	_
21	O	O	O	O	O	O	_	_	_	_	_	_
—	O	O	O	O	O	O	_	_	NoSpaceAfter	_	_	_
.	O	O	O	O	O	O	_	_	_	EndOfSentence	_	_
12	O	O	O	O	O	O	_	_	NoSpaceAfter	_	_	_
—	O	O	O	O	O	O	_	_	_	_	_	_
j	O	O	O	O	O	O	_	_	_	_	_	_
9	O	O	O	O	O	O	_	_	_	_	_	_
—	O	O	O	O	O	O	_	_	EndOfLine	_	_	_
# segment_iiif_link = https://impresso-project.ch/api/proxy/iiif/LCR-1877-10-09-a-p0001/50,548,1655,48/full/0/default.jpg
PRIX	O	O	O	O	O	O	_	_	_	_	_	_
DES	O	O	O	O	O	O	_	_	_	_	_	_
ANNONCES	O	O	O	O	O	O	_	_	_	_	_	_
:	O	O	O	O	O	O	_	_	_	_	_	_
Pour	O	O	O	O	O	O	_	_	_	_	_	_
ie	O	O	O	O	O	O	_	_	_	_	_	_
canton	O	O	O	O	O	O	_	_	_	_	_	_
15	O	O	O	O	O	O	_	_	_	_	_	_
cent	O	O	O	O	O	O	_	_	_	_	_	_
.	O	O	O	O	O	O	_	_	NoSpaceAfter	EndOfSentence	_	_
,	O	O	O	O	O	O	_	_	_	_	_	_
pour	O	O	O	O	O	O	_	_	_	_	_	_
la	O	O	O	O	O	O	_	_	_	_	_	_
Suisse	O	O	O	O	O	O	_	_	NoSpaceAfter	_	_	_
,	O	O	O	O	O	O	_	_	_	_	_	_
20	O	O	O	O	O	O	_	_	_	_	_	_
cent	O	O	O	O	O	O	_	_	NoSpaceAfter	_	_	_
.	O	O	O	O	O	O	_	_	_	EndOfSentence	_	_
;	O	O	O	O	O	O	_	_	_	_	_	_
pour	O	O	O	O	O	O	_	_	_	_	_	_
l	O	O	O	O	O	O	_	_	NoSpaceAfter	_	_	_
'	O	O	O	O	O	O	_	_	NoSpaceAfter	_	_	_
étranger	O	O	O	O	O	O	_	_	NoSpaceAfter	_	_	_
,	O	O	O	O	O	O	_	_	_	_	_	_
25	O	O	O	O	O	O	_	_	_	_	_	_
et	O	O	O	O	O	O	_	_	NoSpaceAfter	_	_	_
.	O	O	O	O	O	O	_	_	_	EndOfSentence	_	_
;	O	O	O	O	O	O	_	_	_	_	_	_
Royaume	O	O	O	O	O	O	_	_	_	_	_	_
d	O	O	O	O	O	O	_	_	NoSpaceAfter	_	_	_
'	O	O	O	O	O	O	_	_	NoSpaceAfter	_	_	_
Italie	O	O	O	O	O	O	_	_	NoSpaceAfter	_	_	_
.	O	O	O	O	O	O	_	_	NoSpaceAfter	_	_	_
.	O	O	O	O	O	O	_	_	NoSpaceAfter	_	_	_
.	O	O	O	O	O	O	_	_	_	_	_	_
»	O	O	O	O	O	O	_	_	_	_	_	_
18	O	O	O	O	O	O	_	_	NoSpaceAfter	_	_	_
—	O	O	O	O	O	O	_	_	_	_	_	_
i	O	O	O	O	O	O	_	_	NoSpaceAfter	_	_	_
.	O	O	O	O	O	O	_	_	_	EndOfSentence	_	_
10	O	O	O	O	O	O	_	_	_	_	_	_
'	O	O	O	O	O	O	_	_	NoSpaceAfter	_	_	_
'	O	O	O	O	O	O	_	_	_	_	_	_
—	O	O	O	O	O	O	_	_	NoSpaceAfter	_	_	_
'	O	O	O	O	O	O	_	_	NoSpaceAfter	_	_	_
.	O	O	O	O	O	O	_	_	NoSpaceAfter	EndOfSentence	_	_
.	O	O	O	O	O	O	_	_	NoSpaceAfter	_	_	_
'	O	O	O	O	O	O	_	_	NoSpaceAfter	_	_	_
~	O	O	O	O	O	O	_	_	EndOfLine	_	_	_
# segment_iiif_link = https://impresso-project.ch/api/proxy/iiif/LCR-1877-10-09-a-p0001/10,573,1678,43/full/0/default.jpg
RéCI	O	O	O	O	O	O	_	_	NoSpaceAfter	_	_	_
.	O	O	O	O	O	O	_	_	_	EndOfSentence	_	_
IMES	O	O	O	O	O	O	_	_	_	_	_	_
:	O	O	O	O	O	O	_	_	_	_	_	_
50	O	O	O	O	O	O	_	_	_	_	_	_
cent	O	O	O	O	O	O	_	_	NoSpaceAfter	_	_	_
,	O	O	O	O	O	O	_	_	_	_	_	_
la	O	O	O	O	O	O	_	_	_	_	_	_
ligne	O	O	O	O	O	O	_	_	_	_	_	_
ou	O	O	O	O	O	O	_	_	_	_	_	_
son	O	O	O	O	O	O	_	_	_	_	_	_
espace	O	O	O	O	O	O	_	_	NoSpaceAfter	_	_	_
.	O	O	O	O	O	O	_	_	_	EndOfSentence	_	_
—	O	O	O	O	O	O	_	_	_	_	_	_
Prix	O	O	O	O	O	O	_	_	_	_	_	_
d	O	O	O	O	O	O	_	_	NoSpaceAfter	_	_	_
'	O	O	O	O	O	O	_	_	NoSpaceAfter	_	_	_
un	O	O	O	O	O	O	_	_	_	_	_	_
numéro	O	O	O	O	O	O	_	_	NoSpaceAfter	_	_	_
,	O	O	O	O	O	O	_	_	_	_	_	_
15	O	O	O	O	O	O	_	_	_	_	_	_
centimes	O	O	O	O	O	O	_	_	NoSpaceAfter	_	_	_
.	O	O	O	O	O	O	_	_	_	EndOfSentence	_	_
Lettres	O	O	O	O	O	O	_	_	_	_	_	_
et	O	O	O	O	O	O	_	_	_	_	_	_
argent	O	O	O	O	O	O	_	_	_	_	_	_
FRAHCS	O	O	O	O	O	O	_	_	_	_	_	_
de	O	O	O	O	O	O	_	_	_	_	_	_
port	O	O	O	O	O	O	_	_	NoSpaceAfter	_	_	_
.	O	O	O	O	O	O	_	_	_	EndOfSentence	_	_
—	O	O	O	O	O	O	_	_	_	_	_	_
Insertions	O	O	O	O	O	O	_	_	_	_	_	_
payables	O	O	O	O	O	O	_	_	_	_	_	_
d	O	O	O	O	O	O	_	_	NoSpaceAfter	_	_	_
'	O	O	O	O	O	O	_	_	NoSpaceAfter	_	_	_
avance	O	O	O	O	O	O	_	_	NoSpaceAfter	_	_	_
.	O	O	O	O	O	O	_	_	NoSpaceAfter	EndOfSentence	_	_
'	O	O	O	O	O	O	_	_	NoSpaceAfter	_	_	_
IMPRIMERIE	O	O	O	O	O	O	_	_	_	_	_	_
rnAOKiiiuc	O	O	O	O	O	O	_	_	EndOfLine	_	_	_
# segment_iiif_link = https://impresso-project.ch/api/proxy/iiif/LCR-1877-10-09-a-p0001/35,618,1669,50/full/0/default.jpg
Bi	O	O	O	O	O	O	_	_	_	_	_	_
rean	O	O	O	O	O	O	_	_	_	_	_	_
d	O	O	O	O	O	O	_	_	NoSpaceAfter	_	_	_
'	O	O	O	O	O	O	_	_	NoSpaceAfter	_	_	_
annonces	O	O	O	O	O	O	_	_	_	_	_	_
:	O	O	O	O	O	O	_	_	_	_	_	_
Agence	O	O	O	O	O	O	_	_	_	_	_	_
de	O	O	O	O	O	O	_	_	_	_	_	_
Publicité	O	O	O	O	O	O	_	_	_	_	_	_
BAASEHSTEtS	O	O	O	O	O	O	_	_	_	_	_	_
&	O	O	O	O	O	O	_	_	_	_	_	_
KOGLER	O	O	O	O	O	O	_	_	_	_	_	_
i	O	O	O	O	O	O	_	_	_	_	_	_
Fribonrg	O	O	O	O	O	O	_	_	NoSpaceAfter	_	_	_
,	O	O	O	O	O	O	_	_	_	_	_	_
rne	O	O	O	O	O	O	_	_	_	_	_	_
de	O	O	O	O	O	O	_	_	_	_	_	_
la	O	O	O	O	O	O	_	_	_	_	_	_
Prèteelnre	O	O	O	O	O	O	_	_	NoSpaceAfter	_	_	_
,	O	O	O	O	O	O	_	_	_	_	_	_
19	O	O	O	O	O	O	_	_	_	_	_	_
b	O	O	O	O	O	O	_	_	NoSpaceAfter	_	_	_
,	O	O	O	O	O	O	_	_	_	_	_	_
Genète	O	O	O	O	O	O	_	_	NoSpaceAfter	_	_	_
,	O	O	O	O	O	O	_	_	_	_	_	_
Lausanne	O	O	O	O	O	O	_	_	NoSpaceAfter	_	_	_
,	O	O	O	O	O	O	_	_	_	_	_	_
Weuchàtel	O	O	O	O	O	O	_	_	NoSpaceAfter	_	_	_
,	O	O	O	O	O	O	_	_	_	_	_	_
Bàle	O	O	O	O	O	O	_	_	NoSpaceAfter	_	_	_
,	O	O	O	O	O	O	_	_	_	_	_	_
B	O	O	O	O	O	O	_	_	_	_	_	_
«	O	O	O	O	O	O	_	_	_	_	_	_
rne	O	O	O	O	O	O	_	_	NoSpaceAfter	_	_	_
,	O	O	O	O	O	O	_	_	_	_	_	_
Inricli	O	O	O	O	O	O	_	_	_	_	_	_
etSl	O	O	O	O	O	O	_	_	NoSpaceAfter	_	_	_
-	O	O	O	O	O	O	_	_	NoSpaceAfter	_	_	_
Gall	O	O	O	O	O	O	_	_	NoSpaceAfter	_	_	_
,	O	O	O	O	O	O	_	_	_	_	_	_
Lucerne	O	O	O	O	O	O	_	_	_	_	_	_
el	O	O	O	O	O	O	_	_	_	_	_	_
Coire	O	O	O	O	O	O	_	_	NoSpaceAfter	_	_	_
,	O	O	O	O	O	O	_	_	_	_	_	_
ainsi	O	O	O	O	O	O	_	_	_	_	_	_
qne	O	O	O	O	O	O	_	_	_	_	_	_
xei	O	O	O	O	O	O	_	_	_	_	_	_
inecnrialei	O	O	O	O	O	O	_	_	_	_	_	_
d	O	O	O	O	O	O	_	_	NoSpaceAfter	_	_	_
'	O	O	O	O	O	O	_	_	NoSpaceAfter	_	_	_
Allemagnt	O	O	O	O	O	O	_	_	EndOfLine	EndOfSentence	_	_

# language = fr
# newspaper = LCR
# date = 1878-11-30
# document_id = LCR-1878-11-30-a-i0001
# news-agency-as-source = _
# segment_iiif_link = https://impresso-project.ch/api/proxy/iiif/LCR-1878-11-30-a-p0001/58,466,1479,46/full/0/default.jpg
Os	O	O	O	O	O	O	_	_	_	_	_	_
S	O	O	O	O	O	O	_	_	NoSpaceAfter	_	_	_
'	O	O	O	O	O	O	_	_	NoSpaceAfter	_	_	_
ABONNE	O	O	O	O	O	O	_	_	_	_	_	_
A	O	O	O	O	O	O	_	_	_	_	_	_
TOUTE	O	O	O	O	O	O	_	_	_	_	_	_
éPOQUE	O	O	O	O	O	O	_	_	_	_	_	_
:	O	O	O	O	O	O	_	_	_	_	_	_
à	O	O	O	O	O	O	_	_	_	_	_	_
Fribourg	O	O	O	O	O	O	_	_	NoSpaceAfter	_	_	_
,	O	O	O	O	O	O	_	_	_	_	_	_
aux	O	O	O	O	O	O	_	_	_	_	_	_
bureaux	O	O	O	O	O	O	_	_	_	_	_	_
du	O	O	O	O	O	O	_	_	_	_	_	_
journal	O	O	O	O	O	O	_	_	NoSpaceAfter	_	_	_
,	O	O	O	O	O	O	_	_	_	_	_	_
Grand	O	O	O	O	O	O	_	_	NoSpaceAfter	_	_	_
'	O	O	O	O	O	O	_	_	NoSpaceAfter	_	_	_
rue	O	O	O	O	O	O	_	_	NoSpaceAfter	_	_	_
,	O	O	O	O	O	O	_	_	_	_	_	_
3	O	O	O	O	O	O	_	_	_	_	_	_
;	O	O	O	O	O	O	_	_	_	_	_	_
I	O	O	O	O	O	O	_	_	NoSpaceAfter	_	_	_
.	O	O	O	O	O	O	_	_	_	EndOfSentence	_	_
PRIX	O	O	O	O	O	O	_	_	_	_	_	_
D	O	O	O	O	O	O	_	_	NoSpaceAfter	_	_	_
'	O	O	O	O	O	O	_	_	NoSpaceAfter	_	_	_
ABONNEMENT	O	O	O	O	O	O	_	_	_	_	_	_
(	O	O	O	O	O	O	_	_	NoSpaceAfter	_	_	_
FRANCO	O	O	O	O	O	O	_	_	NoSpaceAfter	_	_	_
)	O	O	O	O	O	O	_	_	_	_	_	_
payable	O	O	O	O	O	O	_	_	_	_	_	_
d	O	O	O	O	O	O	_	_	NoSpaceAfter	_	_	_
'	O	O	O	O	O	O	_	_	NoSpaceAfter	_	_	_
avance	O	O	O	O	O	O	_	_	_	_	_	_
:	O	O	O	O	O	O	_	_	EndOfLine	_	_	_
# segment_iiif_link = https://impresso-project.ch/api/proxy/iiif/LCR-1878-11-30-a-p0001/49,485,1669,46/full/0/default.jpg
Qenève	O	O	O	O	O	O	_	_	NoSpaceAfter	_	_	_
,	O	O	O	O	O	O	_	_	_	_	_	_
chez	O	O	O	O	O	O	_	_	_	_	_	_
M	O	O	O	O	O	O	_	_	NoSpaceAfter	_	_	_
.	O	O	O	O	O	O	_	_	_	_	_	_
Duraford	O	O	O	O	O	O	_	_	NoSpaceAfter	_	_	_
,	O	O	O	O	O	O	_	_	_	_	_	_
libraire	O	O	O	O	O	O	_	_	NoSpaceAfter	_	_	_
.	O	O	O	O	O	O	_	_	_	EndOfSentence	_	_
Place	O	O	O	O	O	O	_	_	_	_	_	_
Notre	O	O	O	O	O	O	_	_	NoSpaceAfter	_	_	_
-	O	O	O	O	O	O	_	_	NoSpaceAfter	_	_	_
Dame	O	O	O	O	O	O	_	_	NoSpaceAfter	_	_	_
,	O	O	O	O	O	O	_	_	_	_	_	_
et	O	O	O	O	O	O	_	_	_	_	_	_
MM	O	O	O	O	O	O	_	_	NoSpaceAfter	_	_	_
.	O	O	O	O	O	O	_	_	_	EndOfSentence	_	_
Grosset	O	O	O	O	O	O	_	_	_	_	_	_
et	O	O	O	O	O	O	_	_	_	_	_	_
Trembley	O	O	O	O	O	O	_	_	NoSpaceAfter	_	_	_
,	O	O	O	O	O	O	_	_	_	_	_	_
libraires	O	O	O	O	O	O	_	_	NoSpaceAfter	_	_	_
,	O	O	O	O	O	O	_	_	_	_	_	_
J	O	O	O	O	O	O	_	_	_	_	_	_
Confédération	O	O	O	O	O	O	_	_	_	_	_	_
Suisse	O	O	O	O	O	O	_	_	NoSpaceAfter	_	_	_
.	O	O	O	O	O	O	_	_	NoSpaceAfter	EndOfSentence	_	_
.	O	O	O	O	O	O	_	_	_	EndOfSentence	_	_
Un	O	O	O	O	O	O	_	_	_	_	_	_
an	O	O	O	O	O	O	_	_	NoSpaceAfter	_	_	_
,	O	O	O	O	O	O	_	_	_	_	_	_
Pr	O	O	O	O	O	O	_	_	NoSpaceAfter	_	_	_
.	O	O	O	O	O	O	_	_	_	EndOfSentence	_	_
13	O	O	O	O	O	O	_	_	_	_	_	_
—	O	O	O	O	O	O	_	_	_	_	_	_
Six	O	O	O	O	O	O	_	_	_	_	_	_
mois	O	O	O	O	O	O	_	_	NoSpaceAfter	_	_	_
,	O	O	O	O	O	O	_	_	_	_	_	_
Fr	O	O	O	O	O	O	_	_	NoSpaceAfter	_	_	_
.	O	O	O	O	O	O	_	_	_	_	_	_
7	O	O	O	O	O	O	_	_	_	_	_	_
50	O	O	O	O	O	O	_	_	_	_	_	_
Trois	O	O	O	O	O	O	_	_	_	_	_	_
mois	O	O	O	O	O	O	_	_	NoSpaceAfter	_	_	_
,	O	O	O	O	O	O	_	_	_	_	_	_
Fr	O	O	O	O	O	O	_	_	_	_	_	_
4	O	O	O	O	O	O	_	_	_	_	_	_
—	O	O	O	O	O	O	_	_	EndOfLine	_	_	_
# segment_iiif_link = https://impresso-project.ch/api/proxy/iiif/LCR-1878-11-30-a-p0001/50,504,1570,47/full/0/default.jpg
Corraterie	O	O	O	O	O	O	_	_	NoSpaceAfter	_	_	_
,	O	O	O	O	O	O	_	_	_	_	_	_
12	O	O	O	O	O	O	_	_	NoSpaceAfter	_	_	_
,	O	O	O	O	O	O	_	_	_	_	_	_
et	O	O	O	O	O	O	_	_	_	_	_	_
à	O	O	O	O	O	O	_	_	_	_	_	_
tous	O	O	O	O	O	O	_	_	_	_	_	_
les	O	O	O	O	O	O	_	_	_	_	_	_
bureaux	O	O	O	O	O	O	_	_	_	_	_	_
de	O	O	O	O	O	O	_	_	_	_	_	_
poste	O	O	O	O	O	O	_	_	_	_	_	_
suisses	O	O	O	O	O	O	_	_	_	_	_	_
;	O	O	O	O	O	O	_	_	_	_	_	_
à	O	O	O	O	O	O	_	_	_	_	_	_
Paris	O	O	O	O	O	O	_	_	NoSpaceAfter	_	_	_
,	O	O	O	O	O	O	_	_	_	_	_	_
chez	O	O	O	O	O	O	_	_	_	_	_	_
MM	O	O	O	O	O	O	_	_	NoSpaceAfter	_	_	_
.	O	O	O	O	O	O	_	_	_	EndOfSentence	_	_
Havas	O	O	O	O	O	O	_	_	NoSpaceAfter	_	_	_
,	O	O	O	O	O	O	_	_	_	_	_	_
Laffite	O	O	O	O	O	O	_	_	NoSpaceAfter	_	_	_
,	O	O	O	O	O	O	_	_	_	_	_	_
j	O	O	O	O	O	O	_	_	_	_	_	_
France	O	O	O	O	O	O	_	_	NoSpaceAfter	_	_	_
,	O	O	O	O	O	O	_	_	_	_	_	_
Belgique	O	O	O	O	O	O	_	_	NoSpaceAfter	_	_	_
,	O	O	O	O	O	O	_	_	NoSpaceAfter	_	_	_
.	O	O	O	O	O	O	_	_	NoSpaceAfter	_	_	_
.	O	O	O	O	O	O	_	_	NoSpaceAfter	_	_	_
.	O	O	O	O	O	O	_	_	_	_	_	_
»	O	O	O	O	O	O	_	_	_	_	_	_
21	O	O	O	O	O	O	_	_	_	_	_	_
—	O	O	O	O	O	O	_	_	_	_	_	_
t	O	O	O	O	O	O	_	_	_	_	_	_
12	O	O	O	O	O	O	_	_	_	_	_	_
—	O	O	O	O	O	O	_	_	_	_	_	_
i	O	O	O	O	O	O	_	_	NoSpaceAfter	_	_	_
'	O	O	O	O	O	O	_	_	NoSpaceAfter	_	_	_
'	O	O	O	O	O	O	_	_	EndOfLine|NoSpaceAfter	_	_	_
# segment_iiif_link = https://impresso-project.ch/api/proxy/iiif/LCR-1878-11-30-a-p0001/38,515,824,46/full/0/default.jpg
'	O	O	O	O	O	O	_	_	NoSpaceAfter	_	_	_
Bullier	O	O	O	O	O	O	_	_	_	_	_	_
et	O	O	O	O	O	O	_	_	_	_	_	_
C	O	O	O	O	O	O	_	_	NoSpaceAfter	_	_	_
,	O	O	O	O	O	O	_	_	_	_	_	_
8	O	O	O	O	O	O	_	_	NoSpaceAfter	_	_	_
,	O	O	O	O	O	O	_	_	_	_	_	_
Place	O	O	O	O	O	O	_	_	_	_	_	_
de	O	O	O	O	O	O	_	_	_	_	_	_
la	O	O	O	O	O	O	_	_	_	_	_	_
Bourse	O	O	O	O	O	O	_	_	NoSpaceAfter	_	_	_
.	O	O	O	O	O	O	_	_	_	EndOfSentence	_	_
*	O	O	O	O	O	O	_	_	NoSpaceAfter	_	_	_
-	O	O	O	O	O	O	_	_	NoSpaceAfter	_	_	_
>	O	O	O	O	O	O	_	_	NoSpaceAfter	_	_	_
'	O	O	O	O	O	O	_	_	EndOfLine	_	_	_
# segment_iiif_link = https://impresso-project.ch/api/proxy/iiif/LCR-1878-11-30-a-p0001/855,520,863,46/full/0/default.jpg
.	O	O	O	O	O	O	_	_	_	EndOfSentence	_	_
Allemagne	O	O	O	O	O	O	_	_	NoSpaceAfter	_	_	_
,	O	O	O	O	O	O	_	_	_	_	_	_
AutricheRome	O	O	O	O	O	O	_	_	_	_	_	_
»	O	O	O	O	O	O	_	_	NoSpaceAfter	_	_	_
.	O	O	O	O	O	O	_	_	NoSpaceAfter	EndOfSentence	_	_
-	O	O	O	O	O	O	_	_	NoSpaceAfter	_	_	_
^	O	O	O	O	O	O	_	_	_	_	_	_
-	O	O	O	O	O	O	_	_	NoSpaceAfter	_	_	_
:	O	O	O	O	O	O	_	_	_	_	_	_
%	O	O	O	O	O	O	_	_	_	_	_	_
L	O	O	O	O	O	O	_	_	_	_	_	_
^	O	O	O	O	O	O	_	_	_	_	_	_
-	O	O	O	O	O	O	_	_	NoSpaceAfter	_	_	_
-	O	O	O	O	O	O	_	_	NoSpaceAfter	_	_	_
.	O	O	O	O	O	O	_	_	NoSpaceAfter	EndOfSentence	_	_
-	O	O	O	O	O	O	_	_	_	_	_	_
^	O	O	O	O	O	O	_	_	_	_	_	_
_	O	O	O	O	O	O	_	_	NoSpaceAfter	_	_	_
'	O	O	O	O	O	O	_	_	NoSpaceAfter	_	_	_
-	O	O	O	O	O	O	_	_	NoSpaceAfter	_	_	_
%	O	O	O	O	O	O	_	_	_	_	_	_
t	O	O	O	O	O	O	_	_	_	_	_	_
—	O	O	O	O	O	O	_	_	_	_	_	_
»	O	O	O	O	O	O	_	_	_	_	_	_
;	O	O	O	O	O	O	_	_	_	_	_	_
S	O	O	O	O	O	O	_	_	_	_	_	_
—	O	O	O	O	O	O	_	_	EndOfLine	_	_	_
# segment_iiif_link = https://impresso-project.ch/api/proxy/iiif/LCR-1878-11-30-a-p0001/69,541,1648,45/full/0/default.jpg
PRIX	O	O	O	O	O	O	_	_	_	_	_	_
DES	O	O	O	O	O	O	_	_	_	_	_	_
AHNONCES	O	O	O	O	O	O	_	_	_	_	_	_
:	O	O	O	O	O	O	_	_	_	_	_	_
Pour	O	O	O	O	O	O	_	_	_	_	_	_
le	O	O	O	O	O	O	_	_	_	_	_	_
canton	O	O	O	O	O	O	_	_	_	_	_	_
15	O	O	O	O	O	O	_	_	_	_	_	_
cent	O	O	O	O	O	O	_	_	_	_	_	_
.	O	O	O	O	O	O	_	_	NoSpaceAfter	EndOfSentence	_	_
,	O	O	O	O	O	O	_	_	_	_	_	_
pour	O	O	O	O	O	O	_	_	_	_	_	_
la	O	O	O	O	O	O	_	_	_	_	_	_
Suisse	O	O	O	O	O	O	_	_	NoSpaceAfter	_	_	_
,	O	O	O	O	O	O	_	_	_	_	_	_
20	O	O	O	O	O	O	_	_	_	_	_	_
cent	O	O	O	O	O	O	_	_	NoSpaceAfter	_	_	_
.	O	O	O	O	O	O	_	_	_	EndOfSentence	_	_
;	O	O	O	O	O	O	_	_	_	_	_	_
pour	O	O	O	O	O	O	_	_	_	_	_	_
l	O	O	O	O	O	O	_	_	NoSpaceAfter	_	_	_
'	O	O	O	O	O	O	_	_	NoSpaceAfter	_	_	_
étranger	O	O	O	O	O	O	_	_	NoSpaceAfter	_	_	_
,	O	O	O	O	O	O	_	_	_	_	_	_
25	O	O	O	O	O	O	_	_	_	_	_	_
et	O	O	O	O	O	O	_	_	NoSpaceAfter	_	_	_
.	O	O	O	O	O	O	_	_	_	EndOfSentence	_	_
;	O	O	O	O	O	O	_	_	_	_	_	_
Royaume	O	O	O	O	O	O	_	_	_	_	_	_
d	O	O	O	O	O	O	_	_	NoSpaceAfter	_	_	_
'	O	O	O	O	O	O	_	_	NoSpaceAfter	_	_	_
Italie	O	O	O	O	O	O	_	_	NoSpaceAfter	_	_	_
.	O	O	O	O	O	O	_	_	NoSpaceAfter	_	_	_
.	O	O	O	O	O	O	_	_	NoSpaceAfter	_	_	_
.	O	O	O	O	O	O	_	_	_	_	_	_
18	O	O	O	O	O	O	_	_	NoSpaceAfter	_	_	_
—	O	O	O	O	O	O	_	_	_	_	_	_
«	O	O	O	O	O	O	_	_	NoSpaceAfter	_	_	_
-	O	O	O	O	O	O	_	_	NoSpaceAfter	_	_	_
y	O	O	O	O	O	O	_	_	NoSpaceAfter	_	_	_
—	O	O	O	O	O	O	_	_	_	_	_	_
10	O	O	O	O	O	O	_	_	_	_	_	_
_	O	O	O	O	O	O	_	_	_	_	_	_
<	O	O	O	O	O	O	_	_	NoSpaceAfter	_	_	_
>	O	O	O	O	O	O	_	_	NoSpaceAfter	_	_	_
_	O	O	O	O	O	O	_	_	EndOfLine	_	_	_
# segment_iiif_link = https://impresso-project.ch/api/proxy/iiif/LCR-1878-11-30-a-p0001/39,566,1662,40/full/0/default.jpg
*	O	O	O	O	O	O	_	_	_	_	_	_
CI	O	O	O	O	O	O	_	_	NoSpaceAfter	_	_	_
.	O	O	O	O	O	O	_	_	_	_	_	_
AMB	O	O	O	O	O	O	_	_	_	_	_	_
8	O	O	O	O	O	O	_	_	_	_	_	_
:	O	O	O	O	O	O	_	_	_	_	_	_
50	O	O	O	O	O	O	_	_	_	_	_	_
cent	O	O	O	O	O	O	_	_	NoSpaceAfter	_	_	_
,	O	O	O	O	O	O	_	_	_	_	_	_
la	O	O	O	O	O	O	_	_	_	_	_	_
ligne	O	O	O	O	O	O	_	_	_	_	_	_
ou	O	O	O	O	O	O	_	_	_	_	_	_
son	O	O	O	O	O	O	_	_	_	_	_	_
espace	O	O	O	O	O	O	_	_	NoSpaceAfter	_	_	_
.	O	O	O	O	O	O	_	_	_	_	_	_
—	O	O	O	O	O	O	_	_	_	_	_	_
Prix	O	O	O	O	O	O	_	_	_	_	_	_
d	O	O	O	O	O	O	_	_	NoSpaceAfter	_	_	_
'	O	O	O	O	O	O	_	_	NoSpaceAfter	_	_	_
un	O	O	O	O	O	O	_	_	_	_	_	_
numéro	O	O	O	O	O	O	_	_	NoSpaceAfter	_	_	_
,	O	O	O	O	O	O	_	_	_	_	_	_
15	O	O	O	O	O	O	_	_	_	_	_	_
centimes	O	O	O	O	O	O	_	_	NoSpaceAfter	_	_	_
.	O	O	O	O	O	O	_	_	_	_	_	_
I	O	O	O	O	O	O	_	_	_	_	_	_
Lettres	O	O	O	O	O	O	_	_	_	_	_	_
et	O	O	O	O	O	O	_	_	_	_	_	_
argent	O	O	O	O	O	O	_	_	_	_	_	_
FRANCS	O	O	O	O	O	O	_	_	_	_	_	_
de	O	O	O	O	O	O	_	_	_	_	_	_
port	O	O	O	O	O	O	_	_	_	_	_	_
—	O	O	O	O	O	O	_	_	_	_	_	_
Insertions	O	O	O	O	O	O	_	_	_	_	_	_
payables	O	O	O	O	O	O	_	_	_	_	_	_
d	O	O	O	O	O	O	_	_	NoSpaceAfter	_	_	_
'	O	O	O	O	O	O	_	_	NoSpaceAfter	_	_	_
avance	O	O	O	O	O	O	_	_	NoSpaceAfter	_	_	_
.	O	O	O	O	O	O	_	_	_	_	_	_
IMPRIMERIE	O	O	O	O	O	O	_	_	_	_	_	_
FBAomiR	O	O	O	O	O	O	_	_	_	_	_	_
»	O	O	O	O	O	O	_	_	NoSpaceAfter	_	_	_
.	O	O	O	O	O	O	_	_	EndOfLine	EndOfSentence	_	_
# segment_iiif_link = https://impresso-project.ch/api/proxy/iiif/LCR-1878-11-30-a-p0001/30,611,1679,47/full/0/default.jpg
Btrean	O	O	O	O	O	O	_	_	_	_	_	_
d	O	O	O	O	O	O	_	_	NoSpaceAfter	_	_	_
'	O	O	O	O	O	O	_	_	NoSpaceAfter	_	_	_
ionBacei	O	O	O	O	O	O	_	_	_	_	_	_
:	O	O	O	O	O	O	_	_	_	_	_	_
Agence	O	O	O	O	O	O	_	_	_	_	_	_
de	O	O	O	O	O	O	_	_	_	_	_	_
Pnblicilé	O	O	O	O	O	O	_	_	_	_	_	_
HAASENSTEIN	O	O	O	O	O	O	_	_	_	_	_	_
*	O	O	O	O	O	O	_	_	_	_	_	_
ÏOfiWR	O	O	O	O	O	O	_	_	_	_	_	_
J	O	O	O	O	O	O	_	_	_	_	_	_
Fribonrg	O	O	O	O	O	O	_	_	NoSpaceAfter	_	_	_
,	O	O	O	O	O	O	_	_	_	_	_	_
rne	O	O	O	O	O	O	_	_	_	_	_	_
de	O	O	O	O	O	O	_	_	_	_	_	_
la	O	O	O	O	O	O	_	_	_	_	_	_
Préfecture	O	O	O	O	O	O	_	_	NoSpaceAfter	_	_	_
,	O	O	O	O	O	O	_	_	_	_	_	_
19	O	O	O	O	O	O	_	_	_	_	_	_
i	O	O	O	O	O	O	_	_	NoSpaceAfter	_	_	_
,	O	O	O	O	O	O	_	_	_	_	_	_
GenèTe	O	O	O	O	O	O	_	_	NoSpaceAfter	_	_	_
,	O	O	O	O	O	O	_	_	_	_	_	_
banwnne	O	O	O	O	O	O	_	_	NoSpaceAfter	_	_	_
.	O	O	O	O	O	O	_	_	_	EndOfSentence	_	_
Heucfaàtel	O	O	O	O	O	O	_	_	NoSpaceAfter	_	_	_
,	O	O	O	O	O	O	_	_	_	_	_	_
Bàle	O	O	O	O	O	O	_	_	NoSpaceAfter	_	_	_
,	O	O	O	O	O	O	_	_	_	_	_	_
Berne	O	O	O	O	O	O	_	_	NoSpaceAfter	_	_	_
,	O	O	O	O	O	O	_	_	_	_	_	_
lurieh	O	O	O	O	O	O	_	_	_	_	_	_
et	O	O	O	O	O	O	_	_	_	_	_	_
St	O	O	O	O	O	O	_	_	NoSpaceAfter	_	_	_
-	O	O	O	O	O	O	_	_	NoSpaceAfter	_	_	_
Gall	O	O	O	O	O	O	_	_	NoSpaceAfter	_	_	_
,	O	O	O	O	O	O	_	_	_	_	_	_
Luterne	O	O	O	O	O	O	_	_	_	_	_	_
el	O	O	O	O	O	O	_	_	_	_	_	_
Coire	O	O	O	O	O	O	_	_	NoSpaceAfter	_	_	_
,	O	O	O	O	O	O	_	_	_	_	_	_
ainsi	O	O	O	O	O	O	_	_	_	_	_	_
que	O	O	O	O	O	O	_	_	_	_	_	_
ses	O	O	O	O	O	O	_	_	_	_	_	_
«	O	O	O	O	O	O	_	_	_	_	_	_
nccnrsales	O	O	O	O	O	O	_	_	_	_	_	_
d	O	O	O	O	O	O	_	_	NoSpaceAfter	_	_	_
'	O	O	O	O	O	O	_	_	NoSpaceAfter	_	_	_
Allemacene	O	O	O	O	O	O	_	_	EndOfLine	EndOfSentence	_	_

# language = fr
# newspaper = LLE
# date = 1887-03-18
# document_id = LLE-1887-03-18-a-i0004
# news-agency-as-source = _
# segment_iiif_link = https://impresso-project.ch/api/proxy/iiif/LLE-1887-03-18-a-p0002/186,2937,308,154/full/0/default.jpg
B	O	O	O	O	O	O	_	_	_	_	_	_
XI	O	O	O	O	O	O	_	_	_	_	_	_
L	O	O	O	O	O	O	_	_	EndOfLine	_	_	_
# segment_iiif_link = https://impresso-project.ch/api/proxy/iiif/LLE-1887-03-18-a-p0002/333,3072,48,52/full/0/default.jpg
PAR	O	O	O	O	O	O	_	_	EndOfLine	_	_	_
# segment_iiif_link = https://impresso-project.ch/api/proxy/iiif/LLE-1887-03-18-a-p0002/219,3115,275,59/full/0/default.jpg
M	O	O	O	O	O	O	_	_	_	_	_	_
.	O	O	O	O	O	O	_	_	_	EndOfSentence	_	_
DU	O	O	O	O	O	O	_	_	_	_	_	_
CAMPFRANC	O	O	O	O	O	O	_	_	EndOfLine	_	_	_
# segment_iiif_link = https://impresso-project.ch/api/proxy/iiif/LLE-1887-03-18-a-p0002/69,3205,602,63/full/0/default.jpg
La	O	O	O	O	O	O	_	_	_	_	_	_
troïque	O	O	O	O	O	O	_	_	_	_	_	_
de	O	O	O	O	O	O	_	_	_	_	_	_
Mlle	O	O	O	O	O	O	_	_	_	_	_	_
Vilérieff	O	O	O	O	O	O	_	_	_	_	_	_
m	O	O	O	O	O	O	_	_	_	_	_	_
attendait	O	O	O	O	O	O	_	_	_	_	_	_
à	O	O	O	O	O	O	_	_	_	_	_	_
la	O	O	O	O	O	O	_	_	EndOfLine	_	_	_
# segment_iiif_link = https://impresso-project.ch/api/proxy/iiif/LLE-1887-03-18-a-p0002/39,3235,632,63/full/0/default.jpg
porte	O	O	O	O	O	O	_	_	_	_	_	_
de	O	O	O	O	O	O	_	_	_	_	_	_
lisba	O	O	O	O	O	O	_	_	_	_	_	_
.	O	O	O	O	O	O	_	_	_	EndOfSentence	_	_
Jy	O	O	O	O	O	O	_	_	_	_	_	_
montai	O	O	O	O	O	O	_	_	_	_	_	_
,	O	O	O	O	O	O	_	_	_	_	_	_
et	O	O	O	O	O	O	_	_	_	_	_	_
les	O	O	O	O	O	O	_	_	_	_	_	_
trois	O	O	O	O	O	O	_	_	_	_	_	_
chevaux	O	O	O	O	O	O	_	_	EndOfLine	_	_	_
# segment_iiif_link = https://impresso-project.ch/api/proxy/iiif/LLE-1887-03-18-a-p0002/41,3262,632,65/full/0/default.jpg
sibériens	O	O	O	O	O	O	_	_	_	_	_	_
,	O	O	O	O	O	O	_	_	_	_	_	_
à	O	O	O	O	O	O	_	_	_	_	_	_
longue	O	O	O	O	O	O	_	_	_	_	_	_
crinière	O	O	O	O	O	O	_	_	_	_	_	_
,	O	O	O	O	O	O	_	_	_	_	_	_
m	O	O	O	O	O	O	_	_	_	_	_	_
entraînèrent	O	O	O	O	O	O	_	_	_	_	_	_
à	O	O	O	O	O	O	_	_	EndOfLine	_	_	_
# segment_iiif_link = https://impresso-project.ch/api/proxy/iiif/LLE-1887-03-18-a-p0002/41,3290,630,63/full/0/default.jpg
travers	O	O	O	O	O	O	_	_	_	_	_	_
Irkoutsk	O	O	O	O	O	O	_	_	_	_	_	_
,	O	O	O	O	O	O	_	_	_	_	_	_
triste	O	O	O	O	O	O	_	_	_	_	_	_
et	O	O	O	O	O	O	_	_	_	_	_	_
frissonnant	O	O	O	O	O	O	_	_	_	_	_	_
.	O	O	O	O	O	O	_	_	_	EndOfSentence	_	_
Nous	O	O	O	O	O	O	_	_	EndOfLine	_	_	_
# segment_iiif_link = https://impresso-project.ch/api/proxy/iiif/LLE-1887-03-18-a-p0002/39,3317,624,63/full/0/default.jpg
roulions	O	O	O	O	O	O	_	_	_	_	_	_
rapidement	O	O	O	O	O	O	_	_	_	_	_	_
.	O	O	O	O	O	O	_	_	_	EndOfSentence	_	_
Dans	O	O	O	O	O	O	_	_	_	_	_	_
le	O	O	O	O	O	O	_	_	_	_	_	_
clair	O	O	O	O	O	O	_	_	_	_	_	_
obscur	O	O	O	O	O	O	_	_	_	_	_	_
,	O	O	O	O	O	O	_	_	_	_	_	_
j	O	O	O	O	O	O	_	_	EndOfLine	_	_	_
# segment_iiif_link = https://impresso-project.ch/api/proxy/iiif/LLE-1887-03-18-a-p0002/39,3345,632,63/full/0/default.jpg
apercevais	O	O	O	O	O	O	_	_	_	_	_	_
les	O	O	O	O	O	O	_	_	_	_	_	_
Cosaques	O	O	O	O	O	O	_	_	_	_	_	_
armés	O	O	O	O	O	O	_	_	_	_	_	_
et	O	O	O	O	O	O	_	_	_	_	_	_
faisant	O	O	O	O	O	O	_	_	_	_	_	_
la	O	O	O	O	O	O	_	_	EndOfLine	_	_	_
# segment_iiif_link = https://impresso-project.ch/api/proxy/iiif/LLE-1887-03-18-a-p0002/39,3373,622,63/full/0/default.jpg
garde	O	O	O	O	O	O	_	_	_	_	_	_
,	O	O	O	O	O	O	_	_	_	_	_	_
arpentant	O	O	O	O	O	O	_	_	_	_	_	_
les	O	O	O	O	O	O	_	_	_	_	_	_
trottoirs	O	O	O	O	O	O	_	_	_	_	_	_
en	O	O	O	O	O	O	_	_	_	_	_	_
planches	O	O	O	O	O	O	_	_	_	_	_	_
,	O	O	O	O	O	O	_	_	_	_	_	_
s	O	O	O	O	O	O	_	_	EndOfLine	_	_	_
# segment_iiif_link = https://impresso-project.ch/api/proxy/iiif/LLE-1887-03-18-a-p0002/41,3400,632,63/full/0/default.jpg
arrôtant	O	O	O	O	O	O	_	_	_	_	_	_
à	O	O	O	O	O	O	_	_	_	_	_	_
langle	O	O	O	O	O	O	_	_	_	_	_	_
des	O	O	O	O	O	O	_	_	_	_	_	_
rues	O	O	O	O	O	O	_	_	_	_	_	_
,	O	O	O	O	O	O	_	_	_	_	_	_
aux	O	O	O	O	O	O	_	_	_	_	_	_
carrefours	O	O	O	O	O	O	_	_	_	_	_	_
des	O	O	O	O	O	O	_	_	EndOfLine	_	_	_
# segment_iiif_link = https://impresso-project.ch/api/proxy/iiif/LLE-1887-03-18-a-p0002/41,3425,508,65/full/0/default.jpg
places	O	O	O	O	O	O	_	_	_	_	_	_
,	O	O	O	O	O	O	_	_	_	_	_	_
et	O	O	O	O	O	O	_	_	_	_	_	_
du	O	O	O	O	O	O	_	_	_	_	_	_
regard	O	O	O	O	O	O	_	_	_	_	_	_
scrutant	O	O	O	O	O	O	_	_	_	_	_	_
lespace	O	O	O	O	O	O	_	_	_	_	_	_
.	O	O	O	O	O	O	_	_	EndOfLine	EndOfSentence	_	_
# segment_iiif_link = https://impresso-project.ch/api/proxy/iiif/LLE-1887-03-18-a-p0002/69,3455,594,63/full/0/default.jpg
La	O	O	O	O	O	O	_	_	_	_	_	_
troïque	O	O	O	O	O	O	_	_	_	_	_	_
s	O	O	O	O	O	O	_	_	_	_	_	_
arrêta	O	O	O	O	O	O	_	_	_	_	_	_
devant	O	O	O	O	O	O	_	_	_	_	_	_
le	O	O	O	O	O	O	_	_	_	_	_	_
palais	O	O	O	O	O	O	_	_	_	_	_	_
du	O	O	O	O	O	O	_	_	EndOfLine	_	_	_
# segment_iiif_link = https://impresso-project.ch/api/proxy/iiif/LLE-1887-03-18-a-p0002/41,3480,632,63/full/0/default.jpg
gouverneur	O	O	O	O	O	O	_	_	_	_	_	_
.	O	O	O	O	O	O	_	_	_	EndOfSentence	_	_
Je	O	O	O	O	O	O	_	_	_	_	_	_
gravis	O	O	O	O	O	O	_	_	_	_	_	_
le	O	O	O	O	O	O	_	_	_	_	_	_
haut	O	O	O	O	O	O	_	_	_	_	_	_
perron	O	O	O	O	O	O	_	_	_	_	_	_
.	O	O	O	O	O	O	_	_	_	EndOfSentence	_	_
Cétait	O	O	O	O	O	O	_	_	_	_	_	_
,	O	O	O	O	O	O	_	_	_	_	_	_
dès	O	O	O	O	O	O	_	_	EndOfLine	_	_	_
# segment_iiif_link = https://impresso-project.ch/api/proxy/iiif/LLE-1887-03-18-a-p0002/41,3506,153,64/full/0/default.jpg
le	O	O	O	O	O	O	_	_	_	_	_	_
vestibule	O	O	O	O	O	O	_	_	EndOfLine	_	_	_
# segment_iiif_link = https://impresso-project.ch/api/proxy/iiif/LLE-1887-03-18-a-p0002/196,3511,467,64/full/0/default.jpg
,	O	O	O	O	O	O	_	_	_	_	_	_
un	O	O	O	O	O	O	_	_	_	_	_	_
air	O	O	O	O	O	O	_	_	_	_	_	_
tiède	O	O	O	O	O	O	_	_	_	_	_	_
enfermé	O	O	O	O	O	O	_	_	_	_	_	_
dans	O	O	O	O	O	O	_	_	EndOfLine	_	_	_
# segment_iiif_link = https://impresso-project.ch/api/proxy/iiif/LLE-1887-03-18-a-p0002/41,3533,630,65/full/0/default.jpg
dépaisses	O	O	O	O	O	O	_	_	_	_	_	_
tentures	O	O	O	O	O	O	_	_	_	_	_	_
,	O	O	O	O	O	O	_	_	_	_	_	_
des	O	O	O	O	O	O	_	_	_	_	_	_
corbeilles	O	O	O	O	O	O	_	_	_	_	_	_
de	O	O	O	O	O	O	_	_	_	_	_	_
feuillage	O	O	O	O	O	O	_	_	_	_	_	_
à	O	O	O	O	O	O	_	_	_	_	_	_
tous	O	O	O	O	O	O	_	_	EndOfLine	_	_	_
# segment_iiif_link = https://impresso-project.ch/api/proxy/iiif/LLE-1887-03-18-a-p0002/39,3560,630,64/full/0/default.jpg
les	O	O	O	O	O	O	_	_	_	_	_	_
étages	O	O	O	O	O	O	_	_	_	_	_	_
,	O	O	O	O	O	O	_	_	_	_	_	_
et	O	O	O	O	O	O	_	_	_	_	_	_
des	O	O	O	O	O	O	_	_	_	_	_	_
lampadaires	O	O	O	O	O	O	_	_	_	_	_	_
,	O	O	O	O	O	O	_	_	_	_	_	_
soutenus	O	O	O	O	O	O	_	_	_	_	_	_
par	O	O	O	O	O	O	_	_	EndOfLine	_	_	_
# segment_iiif_link = https://impresso-project.ch/api/proxy/iiif/LLE-1887-03-18-a-p0002/38,3589,635,64/full/0/default.jpg
des	O	O	O	O	O	O	_	_	_	_	_	_
statues	O	O	O	O	O	O	_	_	_	_	_	_
de	O	O	O	O	O	O	_	_	_	_	_	_
bronze	O	O	O	O	O	O	_	_	_	_	_	_
,	O	O	O	O	O	O	_	_	_	_	_	_
jetant	O	O	O	O	O	O	_	_	_	_	_	_
des	O	O	O	O	O	O	_	_	_	_	_	_
lueurs	O	O	O	O	O	O	_	_	_	_	_	_
vives	O	O	O	O	O	O	_	_	EndOfLine	_	_	_
# segment_iiif_link = https://impresso-project.ch/api/proxy/iiif/LLE-1887-03-18-a-p0002/39,3618,634,63/full/0/default.jpg
sur	O	O	O	O	O	O	_	_	_	_	_	_
lescalier	O	O	O	O	O	O	_	_	_	_	_	_
à	O	O	O	O	O	O	_	_	_	_	_	_
rampe	O	O	O	O	O	O	_	_	_	_	_	_
en	O	O	O	O	O	O	_	_	_	_	_	_
bois	O	O	O	O	O	O	_	_	_	_	_	_
ouvragé	O	O	O	O	O	O	_	_	_	_	_	_
.	O	O	O	O	O	O	_	_	_	EndOfSentence	_	_
Mes	O	O	O	O	O	O	_	_	EndOfLine	_	_	_
# segment_iiif_link = https://impresso-project.ch/api/proxy/iiif/LLE-1887-03-18-a-p0002/38,3644,638,64/full/0/default.jpg
pieds	O	O	O	O	O	O	_	_	_	_	_	_
enfonçaient	O	O	O	O	O	O	_	_	_	_	_	_
dans	O	O	O	O	O	O	_	_	_	_	_	_
les	O	O	O	O	O	O	_	_	_	_	_	_
hautes	O	O	O	O	O	O	_	_	_	_	_	_
moquettes	O	O	O	O	O	O	_	_	_	_	_	_
,	O	O	O	O	O	O	_	_	EndOfLine	_	_	_
# segment_iiif_link = https://impresso-project.ch/api/proxy/iiif/LLE-1887-03-18-a-p0002/38,3673,548,63/full/0/default.jpg
et	O	O	O	O	O	O	_	_	_	_	_	_
je	O	O	O	O	O	O	_	_	_	_	_	_
pénétrai	O	O	O	O	O	O	_	_	_	_	_	_
dans	O	O	O	O	O	O	_	_	_	_	_	_
l	O	O	O	O	O	O	_	_	_	_	_	_
appartement	O	O	O	O	O	O	_	_	_	_	_	_
dOlga	O	O	O	O	O	O	_	_	_	_	_	_
.	O	O	O	O	O	O	_	_	EndOfLine	EndOfSentence	_	_
# segment_iiif_link = https://impresso-project.ch/api/proxy/iiif/LLE-1887-03-18-a-p0002/66,3699,610,63/full/0/default.jpg
Cette	O	O	O	O	O	O	_	_	_	_	_	_
chambre	O	O	O	O	O	O	_	_	_	_	_	_
,	O	O	O	O	O	O	_	_	_	_	_	_
dans	O	O	O	O	O	O	_	_	_	_	_	_
son	O	O	O	O	O	O	_	_	_	_	_	_
luxe	O	O	O	O	O	O	_	_	_	_	_	_
princier	O	O	O	O	O	O	_	_	_	_	_	_
,	O	O	O	O	O	O	_	_	EndOfLine	_	_	_
# segment_iiif_link = https://impresso-project.ch/api/proxy/iiif/LLE-1887-03-18-a-p0002/38,3728,633,64/full/0/default.jpg
éblouit	O	O	O	O	O	O	_	_	_	_	_	_
.	O	O	O	O	O	O	_	_	_	EndOfSentence	_	_
De	O	O	O	O	O	O	_	_	_	_	_	_
large	O	O	O	O	O	O	_	_	_	_	_	_
glaces	O	O	O	O	O	O	_	_	_	_	_	_
reflétaient	O	O	O	O	O	O	_	_	_	_	_	_
les	O	O	O	O	O	O	_	_	_	_	_	_
tentures	O	O	O	O	O	O	_	_	EndOfLine	_	_	_
# segment_iiif_link = https://impresso-project.ch/api/proxy/iiif/LLE-1887-03-18-a-p0002/34,3757,637,65/full/0/default.jpg
roses	O	O	O	O	O	O	_	_	_	_	_	_
,	O	O	O	O	O	O	_	_	_	_	_	_
les	O	O	O	O	O	O	_	_	_	_	_	_
tableaux	O	O	O	O	O	O	_	_	_	_	_	_
à	O	O	O	O	O	O	_	_	_	_	_	_
cadre	O	O	O	O	O	O	_	_	_	_	_	_
d	O	O	O	O	O	O	_	_	_	_	_	_
or	O	O	O	O	O	O	_	_	_	_	_	_
,	O	O	O	O	O	O	_	_	_	_	_	_
les	O	O	O	O	O	O	_	_	_	_	_	_
émaux	O	O	O	O	O	O	_	_	_	_	_	_
et	O	O	O	O	O	O	_	_	EndOfLine	_	_	_
# segment_iiif_link = https://impresso-project.ch/api/proxy/iiif/LLE-1887-03-18-a-p0002/36,3784,637,65/full/0/default.jpg
les	O	O	O	O	O	O	_	_	_	_	_	_
jardinières	O	O	O	O	O	O	_	_	_	_	_	_
fleuries	O	O	O	O	O	O	_	_	_	_	_	_
.	O	O	O	O	O	O	_	_	_	EndOfSentence	_	_
Sur	O	O	O	O	O	O	_	_	_	_	_	_
un	O	O	O	O	O	O	_	_	_	_	_	_
guéridon	O	O	O	O	O	O	_	_	_	_	_	_
de	O	O	O	O	O	O	_	_	EndOfLine	_	_	_
# segment_iiif_link = https://impresso-project.ch/api/proxy/iiif/LLE-1887-03-18-a-p0002/36,3812,635,64/full/0/default.jpg
laque	O	O	O	O	O	O	_	_	_	_	_	_
un	O	O	O	O	O	O	_	_	_	_	_	_
coffret	O	O	O	O	O	O	_	_	_	_	_	_
à	O	O	O	O	O	O	_	_	_	_	_	_
bijoux	O	O	O	O	O	O	_	_	_	_	_	_
était	O	O	O	O	O	O	_	_	_	_	_	_
ouvert	O	O	O	O	O	O	_	_	_	_	_	_
,	O	O	O	O	O	O	_	_	_	_	_	_
laissant	O	O	O	O	O	O	_	_	EndOfLine	_	_	_
# segment_iiif_link = https://impresso-project.ch/api/proxy/iiif/LLE-1887-03-18-a-p0002/36,3842,635,64/full/0/default.jpg
déborder	O	O	O	O	O	O	_	_	_	_	_	_
des	O	O	O	O	O	O	_	_	_	_	_	_
perles	O	O	O	O	O	O	_	_	_	_	_	_
,	O	O	O	O	O	O	_	_	_	_	_	_
des	O	O	O	O	O	O	_	_	_	_	_	_
saphirs	O	O	O	O	O	O	_	_	_	_	_	_
,	O	O	O	O	O	O	_	_	_	_	_	_
des	O	O	O	O	O	O	_	_	_	_	_	_
émerau	O	O	O	O	O	O	_	_	NoSpaceAfter	_	_	_
-	O	O	O	O	O	O	_	_	EndOfLine	_	_	_
# segment_iiif_link = https://impresso-project.ch/api/proxy/iiif/LLE-1887-03-18-a-p0002/718,2846,631,63/full/0/default.jpg
des	O	O	O	O	O	O	_	_	_	_	_	_
.	O	O	O	O	O	O	_	_	_	EndOfSentence	_	_
Devant	O	O	O	O	O	O	_	_	_	_	_	_
une	O	O	O	O	O	O	_	_	_	_	_	_
gracieuse	O	O	O	O	O	O	_	_	_	_	_	_
psyché	O	O	O	O	O	O	_	_	_	_	_	_
,	O	O	O	O	O	O	_	_	_	_	_	_
éclairée	O	O	O	O	O	O	_	_	_	_	_	_
par	O	O	O	O	O	O	_	_	EndOfLine	_	_	_
# segment_iiif_link = https://impresso-project.ch/api/proxy/iiif/LLE-1887-03-18-a-p0002/719,2873,622,64/full/0/default.jpg
deux	O	O	O	O	O	O	_	_	_	_	_	_
énormes	O	O	O	O	O	O	_	_	_	_	_	_
candélabres	O	O	O	O	O	O	_	_	_	_	_	_
,	O	O	O	O	O	O	_	_	_	_	_	_
Mlle	O	O	O	O	O	O	_	_	_	_	_	_
Vilérieff	O	O	O	O	O	O	_	_	_	_	_	_
m	O	O	O	O	O	O	_	_	EndOfLine	_	_	_
# segment_iiif_link = https://impresso-project.ch/api/proxy/iiif/LLE-1887-03-18-a-p0002/719,2906,632,63/full/0/default.jpg
ap	O	O	O	O	O	O	_	_	NoSpaceAfter	_	_	_
-	O	O	O	O	O	O	_	_	NoSpaceAfter	_	_	_
Sarut	O	O	O	O	O	O	_	_	_	_	_	_
éblouissante	O	O	O	O	O	O	_	_	_	_	_	_
.	O	O	O	O	O	O	_	_	_	EndOfSentence	_	_
Elle	O	O	O	O	O	O	_	_	_	_	_	_
souriait	O	O	O	O	O	O	_	_	_	_	_	_
dans	O	O	O	O	O	O	_	_	_	_	_	_
une	O	O	O	O	O	O	_	_	_	_	_	_
robe	O	O	O	O	O	O	_	_	EndOfLine	_	_	_
# segment_iiif_link = https://impresso-project.ch/api/proxy/iiif/LLE-1887-03-18-a-p0002/738,2929,611,63/full/0/default.jpg
e	O	O	O	O	O	O	_	_	_	_	_	_
satin	O	O	O	O	O	O	_	_	_	_	_	_
blanc	O	O	O	O	O	O	_	_	_	_	_	_
,	O	O	O	O	O	O	_	_	_	_	_	_
dont	O	O	O	O	O	O	_	_	_	_	_	_
le	O	O	O	O	O	O	_	_	_	_	_	_
corsage	O	O	O	O	O	O	_	_	_	_	_	_
se	O	O	O	O	O	O	_	_	_	_	_	_
moulait	O	O	O	O	O	O	_	_	_	_	_	_
sur	O	O	O	O	O	O	_	_	EndOfLine	_	_	_
# segment_iiif_link = https://impresso-project.ch/api/proxy/iiif/LLE-1887-03-18-a-p0002/721,2956,620,63/full/0/default.jpg
sa	O	O	O	O	O	O	_	_	_	_	_	_
taille	O	O	O	O	O	O	_	_	_	_	_	_
élancée	O	O	O	O	O	O	_	_	_	_	_	_
et	O	O	O	O	O	O	_	_	_	_	_	_
souple	O	O	O	O	O	O	_	_	_	_	_	_
,	O	O	O	O	O	O	_	_	_	_	_	_
et	O	O	O	O	O	O	_	_	_	_	_	_
dont	O	O	O	O	O	O	_	_	_	_	_	_
la	O	O	O	O	O	O	_	_	_	_	_	_
jupe	O	O	O	O	O	O	_	_	_	_	_	_
s	O	O	O	O	O	O	_	_	EndOfLine	_	_	_
# segment_iiif_link = https://impresso-project.ch/api/proxy/iiif/LLE-1887-03-18-a-p0002/719,2986,512,63/full/0/default.jpg
allongeait	O	O	O	O	O	O	_	_	_	_	_	_
en	O	O	O	O	O	O	_	_	_	_	_	_
longue	O	O	O	O	O	O	_	_	_	_	_	_
traîne	O	O	O	O	O	O	_	_	_	_	_	_
sur	O	O	O	O	O	O	_	_	_	_	_	_
le	O	O	O	O	O	O	_	_	_	_	_	_
tapis	O	O	O	O	O	O	_	_	_	_	_	_
.	O	O	O	O	O	O	_	_	EndOfLine	EndOfSentence	_	_
# segment_iiif_link = https://impresso-project.ch/api/proxy/iiif/LLE-1887-03-18-a-p0002/746,3012,487,64/full/0/default.jpg
Elle	O	O	O	O	O	O	_	_	_	_	_	_
accourut	O	O	O	O	O	O	_	_	_	_	_	_
vers	O	O	O	O	O	O	_	_	_	_	_	_
moi	O	O	O	O	O	O	_	_	_	_	_	_
,	O	O	O	O	O	O	_	_	_	_	_	_
rayonnante	O	O	O	O	O	O	_	_	_	_	_	_
.	O	O	O	O	O	O	_	_	EndOfLine	EndOfSentence	_	_
# segment_iiif_link = https://impresso-project.ch/api/proxy/iiif/LLE-1887-03-18-a-p0002/746,3041,605,63/full/0/default.jpg
—	O	O	O	O	O	O	_	_	_	_	_	_
Vous	O	O	O	O	O	O	_	_	_	_	_	_
ne	O	O	O	O	O	O	_	_	_	_	_	_
savez	O	O	O	O	O	O	_	_	_	_	_	_
pas	O	O	O	O	O	O	_	_	_	_	_	_
,	O	O	O	O	O	O	_	_	_	_	_	_
Nadèje	O	O	O	O	O	O	_	_	_	_	_	_
,	O	O	O	O	O	O	_	_	_	_	_	_
une	O	O	O	O	O	O	_	_	_	_	_	_
grande	O	O	O	O	O	O	_	_	_	_	_	_
,	O	O	O	O	O	O	_	_	EndOfLine	_	_	_
# segment_iiif_link = https://impresso-project.ch/api/proxy/iiif/LLE-1887-03-18-a-p0002/716,3069,525,65/full/0/default.jpg
une	O	O	O	O	O	O	_	_	_	_	_	_
heureuse	O	O	O	O	O	O	_	_	_	_	_	_
,	O	O	O	O	O	O	_	_	_	_	_	_
une	O	O	O	O	O	O	_	_	_	_	_	_
excellente	O	O	O	O	O	O	_	_	_	_	_	_
nouvelle	O	O	O	O	O	O	_	_	_	_	_	_
.	O	O	O	O	O	O	_	_	EndOfLine	EndOfSentence	_	_
# segment_iiif_link = https://impresso-project.ch/api/proxy/iiif/LLE-1887-03-18-a-p0002/746,3095,603,65/full/0/default.jpg
Et	O	O	O	O	O	O	_	_	_	_	_	_
comme	O	O	O	O	O	O	_	_	_	_	_	_
jétais	O	O	O	O	O	O	_	_	_	_	_	_
saisie	O	O	O	O	O	O	_	_	_	_	_	_
de	O	O	O	O	O	O	_	_	_	_	_	_
cet	O	O	O	O	O	O	_	_	_	_	_	_
accueil	O	O	O	O	O	O	_	_	_	_	_	_
,	O	O	O	O	O	O	_	_	_	_	_	_
àe	O	O	O	O	O	O	_	_	EndOfLine	_	_	_
# segment_iiif_link = https://impresso-project.ch/api/proxy/iiif/LLE-1887-03-18-a-p0002/718,3124,633,63/full/0/default.jpg
cette	O	O	O	O	O	O	_	_	_	_	_	_
pompe	O	O	O	O	O	O	_	_	_	_	_	_
,	O	O	O	O	O	O	_	_	_	_	_	_
de	O	O	O	O	O	O	_	_	_	_	_	_
cet	O	O	O	O	O	O	_	_	_	_	_	_
appareil	O	O	O	O	O	O	_	_	_	_	_	_
,	O	O	O	O	O	O	_	_	_	_	_	_
et	O	O	O	O	O	O	_	_	_	_	_	_
que	O	O	O	O	O	O	_	_	_	_	_	_
mes	O	O	O	O	O	O	_	_	_	_	_	_
yeux	O	O	O	O	O	O	_	_	EndOfLine	_	_	_
# segment_iiif_link = https://impresso-project.ch/api/proxy/iiif/LLE-1887-03-18-a-p0002/718,3150,526,64/full/0/default.jpg
interrogeaient	O	O	O	O	O	O	_	_	_	_	_	_
,	O	O	O	O	O	O	_	_	_	_	_	_
elle	O	O	O	O	O	O	_	_	_	_	_	_
reprit	O	O	O	O	O	O	_	_	_	_	_	_
triomphante	O	O	O	O	O	O	_	_	_	_	_	_
.	O	O	O	O	O	O	_	_	EndOfLine	EndOfSentence	_	_
# segment_iiif_link = https://impresso-project.ch/api/proxy/iiif/LLE-1887-03-18-a-p0002/748,3177,593,63/full/0/default.jpg
—	O	O	O	O	O	O	_	_	_	_	_	_
Oui	O	O	O	O	O	O	_	_	_	_	_	_
,	O	O	O	O	O	O	_	_	_	_	_	_
la	O	O	O	O	O	O	_	_	_	_	_	_
grande	O	O	O	O	O	O	_	_	_	_	_	_
duchesse	O	O	O	O	O	O	_	_	_	_	_	_
Marie	O	O	O	O	O	O	_	_	_	_	_	_
,	O	O	O	O	O	O	_	_	_	_	_	_
qui	O	O	O	O	O	O	_	_	_	_	_	_
sinté	O	O	O	O	O	O	_	_	EndOfLine	_	_	_
# segment_iiif_link = https://impresso-project.ch/api/proxy/iiif/LLE-1887-03-18-a-p0002/718,3204,633,64/full/0/default.jpg
resse	O	O	O	O	O	O	_	_	_	_	_	_
â	O	O	O	O	O	O	_	_	_	_	_	_
moi	O	O	O	O	O	O	_	_	_	_	_	_
dune	O	O	O	O	O	O	_	_	_	_	_	_
manière	O	O	O	O	O	O	_	_	_	_	_	_
toute	O	O	O	O	O	O	_	_	_	_	_	_
spéciale	O	O	O	O	O	O	_	_	_	_	_	_
,	O	O	O	O	O	O	_	_	_	_	_	_
car	O	O	O	O	O	O	_	_	EndOfLine	_	_	_
# segment_iiif_link = https://impresso-project.ch/api/proxy/iiif/LLE-1887-03-18-a-p0002/714,3234,637,64/full/0/default.jpg
j	O	O	O	O	O	O	_	_	_	_	_	_
ai	O	O	O	O	O	O	_	_	_	_	_	_
eu	O	O	O	O	O	O	_	_	_	_	_	_
le	O	O	O	O	O	O	_	_	_	_	_	_
bonheur	O	O	O	O	O	O	_	_	_	_	_	_
insigne	O	O	O	O	O	O	_	_	_	_	_	_
de	O	O	O	O	O	O	_	_	_	_	_	_
naître	O	O	O	O	O	O	_	_	_	_	_	_
le	O	O	O	O	O	O	_	_	_	_	_	_
môme	O	O	O	O	O	O	_	_	EndOfLine	_	_	_
# segment_iiif_link = https://impresso-project.ch/api/proxy/iiif/LLE-1887-03-18-a-p0002/714,3260,624,63/full/0/default.jpg
jour	O	O	O	O	O	O	_	_	_	_	_	_
que	O	O	O	O	O	O	_	_	_	_	_	_
cette	O	O	O	O	O	O	_	_	_	_	_	_
princesse	O	O	O	O	O	O	_	_	_	_	_	_
,	O	O	O	O	O	O	_	_	_	_	_	_
m	O	O	O	O	O	O	_	_	_	_	_	_
appelle	O	O	O	O	O	O	_	_	_	_	_	_
à	O	O	O	O	O	O	_	_	EndOfLine	_	_	_
# segment_iiif_link = https://impresso-project.ch/api/proxy/iiif/LLE-1887-03-18-a-p0002/716,3287,635,63/full/0/default.jpg
Saint	O	O	O	O	O	O	_	_	NoSpaceAfter	_	_	_
-	O	O	O	O	O	O	_	_	NoSpaceAfter	_	_	_
Pétersbourg	O	O	O	O	O	O	_	_	_	_	_	_
.	O	O	O	O	O	O	_	_	_	EndOfSentence	_	_
Elle	O	O	O	O	O	O	_	_	_	_	_	_
me	O	O	O	O	O	O	_	_	_	_	_	_
favorise	O	O	O	O	O	O	_	_	_	_	_	_
et	O	O	O	O	O	O	_	_	_	_	_	_
m	O	O	O	O	O	O	_	_	_	_	_	_
admet	O	O	O	O	O	O	_	_	_	_	_	_
au	O	O	O	O	O	O	_	_	EndOfLine	_	_	_
# segment_iiif_link = https://impresso-project.ch/api/proxy/iiif/LLE-1887-03-18-a-p0002/716,3315,633,63/full/0/default.jpg
rang	O	O	O	O	O	O	_	_	_	_	_	_
de	O	O	O	O	O	O	_	_	_	_	_	_
ses	O	O	O	O	O	O	_	_	_	_	_	_
dames	O	O	O	O	O	O	_	_	_	_	_	_
dhonneur	O	O	O	O	O	O	_	_	_	_	_	_
.	O	O	O	O	O	O	_	_	NoSpaceAfter	_	_	_
.	O	O	O	O	O	O	_	_	NoSpaceAfter	_	_	_
.	O	O	O	O	O	O	_	_	_	EndOfSentence	_	_
Nous	O	O	O	O	O	O	_	_	_	_	_	_
partirons	O	O	O	O	O	O	_	_	EndOfLine	_	_	_
# segment_iiif_link = https://impresso-project.ch/api/proxy/iiif/LLE-1887-03-18-a-p0002/716,3343,635,64/full/0/default.jpg
bientôt	O	O	O	O	O	O	_	_	_	_	_	_
.	O	O	O	O	O	O	_	_	_	EndOfSentence	_	_
Mais	O	O	O	O	O	O	_	_	_	_	_	_
j	O	O	O	O	O	O	_	_	_	_	_	_
ai	O	O	O	O	O	O	_	_	_	_	_	_
voulu	O	O	O	O	O	O	_	_	_	_	_	_
passer	O	O	O	O	O	O	_	_	_	_	_	_
de	O	O	O	O	O	O	_	_	_	_	_	_
bonnes	O	O	O	O	O	O	_	_	EndOfLine	_	_	_
# segment_iiif_link = https://impresso-project.ch/api/proxy/iiif/LLE-1887-03-18-a-p0002/716,3370,635,63/full/0/default.jpg
heures	O	O	O	O	O	O	_	_	_	_	_	_
avec	O	O	O	O	O	O	_	_	_	_	_	_
vous	O	O	O	O	O	O	_	_	_	_	_	_
,	O	O	O	O	O	O	_	_	_	_	_	_
comme	O	O	O	O	O	O	_	_	_	_	_	_
au	O	O	O	O	O	O	_	_	_	_	_	_
temps	O	O	O	O	O	O	_	_	_	_	_	_
du	O	O	O	O	O	O	_	_	_	_	_	_
palais	O	O	O	O	O	O	_	_	EndOfLine	_	_	_
# segment_iiif_link = https://impresso-project.ch/api/proxy/iiif/LLE-1887-03-18-a-p0002/716,3397,633,64/full/0/default.jpg
dété	O	O	O	O	O	O	_	_	_	_	_	_
.	O	O	O	O	O	O	_	_	_	EndOfSentence	_	_
Vous	O	O	O	O	O	O	_	_	_	_	_	_
rappelez	O	O	O	O	O	O	_	_	NoSpaceAfter	_	_	_
-	O	O	O	O	O	O	_	_	NoSpaceAfter	_	_	_
vous	O	O	O	O	O	O	_	_	_	_	_	_
?	O	O	O	O	O	O	_	_	_	EndOfSentence	_	_
.	O	O	O	O	O	O	_	_	NoSpaceAfter	_	_	_
.	O	O	O	O	O	O	_	_	NoSpaceAfter	_	_	_
.	O	O	O	O	O	O	_	_	_	EndOfSentence	_	_
Jai	O	O	O	O	O	O	_	_	_	_	_	_
voulu	O	O	O	O	O	O	_	_	_	_	_	_
que	O	O	O	O	O	O	_	_	EndOfLine	_	_	_
# segment_iiif_link = https://impresso-project.ch/api/proxy/iiif/LLE-1887-03-18-a-p0002/716,3425,632,63/full/0/default.jpg
vous	O	O	O	O	O	O	_	_	_	_	_	_
puissiez	O	O	O	O	O	O	_	_	_	_	_	_
jouir	O	O	O	O	O	O	_	_	_	_	_	_
de	O	O	O	O	O	O	_	_	_	_	_	_
la	O	O	O	O	O	O	_	_	_	_	_	_
présence	O	O	O	O	O	O	_	_	_	_	_	_
de	O	O	O	O	O	O	_	_	_	_	_	_
Mlle	O	O	O	O	O	O	_	_	_	_	_	_
du	O	O	O	O	O	O	_	_	EndOfLine	_	_	_
# segment_iiif_link = https://impresso-project.ch/api/proxy/iiif/LLE-1887-03-18-a-p0002/716,3453,633,63/full/0/default.jpg
Valmier	O	O	O	O	O	O	_	_	_	_	_	_
.	O	O	O	O	O	O	_	_	_	EndOfSentence	_	_
De	O	O	O	O	O	O	_	_	_	_	_	_
plus	O	O	O	O	O	O	_	_	_	_	_	_
en	O	O	O	O	O	O	_	_	_	_	_	_
plus	O	O	O	O	O	O	_	_	_	_	_	_
,	O	O	O	O	O	O	_	_	_	_	_	_
chère	O	O	O	O	O	O	_	_	_	_	_	_
Nadèje	O	O	O	O	O	O	_	_	_	_	_	_
,	O	O	O	O	O	O	_	_	_	_	_	_
je	O	O	O	O	O	O	_	_	EndOfLine	_	_	_
# segment_iiif_link = https://impresso-project.ch/api/proxy/iiif/LLE-1887-03-18-a-p0002/716,3480,537,63/full/0/default.jpg
comprends	O	O	O	O	O	O	_	_	_	_	_	_
combien	O	O	O	O	O	O	_	_	_	_	_	_
vous	O	O	O	O	O	O	_	_	_	_	_	_
devez	O	O	O	O	O	O	_	_	_	_	_	_
laimer	O	O	O	O	O	O	_	_	_	_	_	_
.	O	O	O	O	O	O	_	_	EndOfLine	EndOfSentence	_	_
# segment_iiif_link = https://impresso-project.ch/api/proxy/iiif/LLE-1887-03-18-a-p0002/744,3506,604,64/full/0/default.jpg
Gracieuse	O	O	O	O	O	O	_	_	_	_	_	_
,	O	O	O	O	O	O	_	_	_	_	_	_
elle	O	O	O	O	O	O	_	_	_	_	_	_
avait	O	O	O	O	O	O	_	_	_	_	_	_
pris	O	O	O	O	O	O	_	_	_	_	_	_
la	O	O	O	O	O	O	_	_	_	_	_	_
main	O	O	O	O	O	O	_	_	_	_	_	_
de	O	O	O	O	O	O	_	_	_	_	_	_
mon	O	O	O	O	O	O	_	_	EndOfLine	_	_	_
# segment_iiif_link = https://impresso-project.ch/api/proxy/iiif/LLE-1887-03-18-a-p0002/716,3535,633,63/full/0/default.jpg
amie	O	O	O	O	O	O	_	_	_	_	_	_
;	O	O	O	O	O	O	_	_	_	_	_	_
et	O	O	O	O	O	O	_	_	_	_	_	_
,	O	O	O	O	O	O	_	_	_	_	_	_
de	O	O	O	O	O	O	_	_	_	_	_	_
toute	O	O	O	O	O	O	_	_	_	_	_	_
sa	O	O	O	O	O	O	_	_	_	_	_	_
personne	O	O	O	O	O	O	_	_	_	_	_	_
,	O	O	O	O	O	O	_	_	_	_	_	_
se	O	O	O	O	O	O	_	_	_	_	_	_
dégageait	O	O	O	O	O	O	_	_	EndOfLine	_	_	_
# segment_iiif_link = https://impresso-project.ch/api/proxy/iiif/LLE-1887-03-18-a-p0002/716,3563,635,65/full/0/default.jpg
une	O	O	O	O	O	O	_	_	_	_	_	_
douceur	O	O	O	O	O	O	_	_	_	_	_	_
exquise	O	O	O	O	O	O	_	_	_	_	_	_
mêlée	O	O	O	O	O	O	_	_	_	_	_	_
de	O	O	O	O	O	O	_	_	_	_	_	_
force	O	O	O	O	O	O	_	_	_	_	_	_
et	O	O	O	O	O	O	_	_	_	_	_	_
de	O	O	O	O	O	O	_	_	EndOfLine	_	_	_
# segment_iiif_link = https://impresso-project.ch/api/proxy/iiif/LLE-1887-03-18-a-p0002/716,3593,63,58/full/0/default.jpg
fierté	O	O	O	O	O	O	_	_	EndOfLine	_	_	_
# segment_iiif_link = https://impresso-project.ch/api/proxy/iiif/LLE-1887-03-18-a-p0002/746,3616,603,63/full/0/default.jpg
une	O	O	O	O	O	O	_	_	_	_	_	_
intime	O	O	O	O	O	O	_	_	_	_	_	_
causerie	O	O	O	O	O	O	_	_	_	_	_	_
sétablit	O	O	O	O	O	O	_	_	_	_	_	_
entre	O	O	O	O	O	O	_	_	_	_	_	_
nous	O	O	O	O	O	O	_	_	_	_	_	_
.	O	O	O	O	O	O	_	_	EndOfLine	EndOfSentence	_	_
# segment_iiif_link = https://impresso-project.ch/api/proxy/iiif/LLE-1887-03-18-a-p0002/716,3644,628,64/full/0/default.jpg
Mlle	O	O	O	O	O	O	_	_	_	_	_	_
Vilérieff	O	O	O	O	O	O	_	_	_	_	_	_
s	O	O	O	O	O	O	_	_	_	_	_	_
animait	O	O	O	O	O	O	_	_	_	_	_	_
peu	O	O	O	O	O	O	_	_	_	_	_	_
à	O	O	O	O	O	O	_	_	_	_	_	_
peu	O	O	O	O	O	O	_	_	_	_	_	_
,	O	O	O	O	O	O	_	_	_	_	_	_
devenait	O	O	O	O	O	O	_	_	EndOfLine	_	_	_
# segment_iiif_link = https://impresso-project.ch/api/proxy/iiif/LLE-1887-03-18-a-p0002/716,3673,630,63/full/0/default.jpg
presque	O	O	O	O	O	O	_	_	_	_	_	_
enjouée	O	O	O	O	O	O	_	_	_	_	_	_
.	O	O	O	O	O	O	_	_	_	EndOfSentence	_	_
De	O	O	O	O	O	O	_	_	_	_	_	_
la	O	O	O	O	O	O	_	_	_	_	_	_
main	O	O	O	O	O	O	_	_	_	_	_	_
elle	O	O	O	O	O	O	_	_	_	_	_	_
mindiquait	O	O	O	O	O	O	_	_	EndOfLine	_	_	_
# segment_iiif_link = https://impresso-project.ch/api/proxy/iiif/LLE-1887-03-18-a-p0002/716,3699,220,63/full/0/default.jpg
sa	O	O	O	O	O	O	_	_	_	_	_	_
riche	O	O	O	O	O	O	_	_	_	_	_	_
toilette	O	O	O	O	O	O	_	_	_	_	_	_
.	O	O	O	O	O	O	_	_	EndOfLine	EndOfSentence	_	_
# segment_iiif_link = https://impresso-project.ch/api/proxy/iiif/LLE-1887-03-18-a-p0002/743,3729,603,63/full/0/default.jpg
—	O	O	O	O	O	O	_	_	_	_	_	_
J	O	O	O	O	O	O	_	_	_	_	_	_
essayais	O	O	O	O	O	O	_	_	_	_	_	_
cette	O	O	O	O	O	O	_	_	_	_	_	_
robe	O	O	O	O	O	O	_	_	_	_	_	_
,	O	O	O	O	O	O	_	_	_	_	_	_
me	O	O	O	O	O	O	_	_	_	_	_	_
dit	O	O	O	O	O	O	_	_	NoSpaceAfter	_	_	_
-	O	O	O	O	O	O	_	_	NoSpaceAfter	_	_	_
elle	O	O	O	O	O	O	_	_	_	_	_	_
;	O	O	O	O	O	O	_	_	_	_	_	_
c	O	O	O	O	O	O	_	_	_	_	_	_
est	O	O	O	O	O	O	_	_	EndOfLine	_	_	_
# segment_iiif_link = https://impresso-project.ch/api/proxy/iiif/LLE-1887-03-18-a-p0002/716,3754,630,65/full/0/default.jpg
pour	O	O	O	O	O	O	_	_	_	_	_	_
lépoque	O	O	O	O	O	O	_	_	_	_	_	_
où	O	O	O	O	O	O	_	_	_	_	_	_
je	O	O	O	O	O	O	_	_	_	_	_	_
serai	O	O	O	O	O	O	_	_	_	_	_	_
à	O	O	O	O	O	O	_	_	_	_	_	_
la	O	O	O	O	O	O	_	_	_	_	_	_
cour	O	O	O	O	O	O	_	_	_	_	_	_
.	O	O	O	O	O	O	_	_	_	EndOfSentence	_	_
Oh	O	O	O	O	O	O	_	_	_	_	_	_
1	O	O	O	O	O	O	_	_	_	_	_	_
je	O	O	O	O	O	O	_	_	EndOfLine	_	_	_
# segment_iiif_link = https://impresso-project.ch/api/proxy/iiif/LLE-1887-03-18-a-p0002/716,3784,628,63/full/0/default.jpg
songerai	O	O	O	O	O	O	_	_	_	_	_	_
à	O	O	O	O	O	O	_	_	_	_	_	_
vous	O	O	O	O	O	O	_	_	_	_	_	_
,	O	O	O	O	O	O	_	_	_	_	_	_
Nadèje	O	O	O	O	O	O	_	_	_	_	_	_
.	O	O	O	O	O	O	_	_	_	EndOfSentence	_	_
Si	O	O	O	O	O	O	_	_	_	_	_	_
je	O	O	O	O	O	O	_	_	_	_	_	_
puis	O	O	O	O	O	O	_	_	_	_	_	_
obtenir	O	O	O	O	O	O	_	_	EndOfLine	_	_	_
# segment_iiif_link = https://impresso-project.ch/api/proxy/iiif/LLE-1887-03-18-a-p0002/716,3811,630,63/full/0/default.jpg
quelques	O	O	O	O	O	O	_	_	_	_	_	_
faveurs	O	O	O	O	O	O	_	_	_	_	_	_
pour	O	O	O	O	O	O	_	_	_	_	_	_
les	O	O	O	O	O	O	_	_	_	_	_	_
amis	O	O	O	O	O	O	_	_	_	_	_	_
de	O	O	O	O	O	O	_	_	_	_	_	_
Mlle	O	O	O	O	O	O	_	_	_	_	_	_
du	O	O	O	O	O	O	_	_	EndOfLine	_	_	_
# segment_iiif_link = https://impresso-project.ch/api/proxy/iiif/LLE-1887-03-18-a-p0002/723,3837,623,64/full/0/default.jpg
valmier	O	O	O	O	O	O	_	_	_	_	_	_
,	O	O	O	O	O	O	_	_	_	_	_	_
je	O	O	O	O	O	O	_	_	_	_	_	_
le	O	O	O	O	O	O	_	_	_	_	_	_
ferai	O	O	O	O	O	O	_	_	_	_	_	_
certainement	O	O	O	O	O	O	_	_	_	_	_	_
,	O	O	O	O	O	O	_	_	_	_	_	_
je	O	O	O	O	O	O	_	_	_	_	_	_
parlerai	O	O	O	O	O	O	_	_	EndOfLine	_	_	_
# segment_iiif_link = https://impresso-project.ch/api/proxy/iiif/LLE-1887-03-18-a-p0002/1394,2849,1307,64/full/0/default.jpg
de	O	O	O	O	O	O	_	_	_	_	_	_
votre	O	O	O	O	O	O	_	_	_	_	_	_
père	O	O	O	O	O	O	_	_	_	_	_	_
.	O	O	O	O	O	O	_	_	NoSpaceAfter	_	_	_
.	O	O	O	O	O	O	_	_	NoSpaceAfter	_	_	_
.	O	O	O	O	O	O	_	_	_	_	_	_
puis	O	O	O	O	O	O	_	_	_	_	_	_
,	O	O	O	O	O	O	_	_	_	_	_	_
aussi	O	O	O	O	O	O	_	_	_	_	_	_
,	O	O	O	O	O	O	_	_	_	_	_	_
de	O	O	O	O	O	O	_	_	_	_	_	_
ce	O	O	O	O	O	O	_	_	_	_	_	_
généreux	O	O	O	O	O	O	_	_	_	_	_	_
gnés	O	O	O	O	O	O	_	_	_	_	_	_
au	O	O	O	O	O	O	_	_	_	_	_	_
Palais	O	O	O	O	O	O	_	_	_	_	_	_
dété	O	O	O	O	O	O	_	_	_	_	_	_
et	O	O	O	O	O	O	_	_	_	_	_	_
à	O	O	O	O	O	O	_	_	_	_	_	_
Nertschink	O	O	O	O	O	O	_	_	_	_	_	_
?	O	O	O	O	O	O	_	_	_	EndOfSentence	_	_
Dieu	O	O	O	O	O	O	_	_	EndOfLine	_	_	_
# segment_iiif_link = https://impresso-project.ch/api/proxy/iiif/LLE-1887-03-18-a-p0002/1396,2876,1307,63/full/0/default.jpg
Serge	O	O	O	O	O	O	_	_	_	_	_	_
Nariski	O	O	O	O	O	O	_	_	_	_	_	_
qui	O	O	O	O	O	O	_	_	_	_	_	_
ma	O	O	O	O	O	O	_	_	_	_	_	_
si	O	O	O	O	O	O	_	_	_	_	_	_
vaillamment	O	O	O	O	O	O	_	_	_	_	_	_
sauvée	O	O	O	O	O	O	_	_	_	_	_	_
,	O	O	O	O	O	O	_	_	_	_	_	_
était	O	O	O	O	O	O	_	_	_	_	_	_
avec	O	O	O	O	O	O	_	_	_	_	_	_
moi	O	O	O	O	O	O	_	_	_	_	_	_
,	O	O	O	O	O	O	_	_	_	_	_	_
puisquil	O	O	O	O	O	O	_	_	_	_	_	_
facilitait	O	O	O	O	O	O	_	_	_	_	_	_
ainsi	O	O	O	O	O	O	_	_	_	_	_	_
la	O	O	O	O	O	O	_	_	_	_	_	_
mise	O	O	O	O	O	O	_	_	EndOfLine	_	_	_
# segment_iiif_link = https://impresso-project.ch/api/proxy/iiif/LLE-1887-03-18-a-p0002/1396,2904,1292,65/full/0/default.jpg
Quel	O	O	O	O	O	O	_	_	_	_	_	_
courage	O	O	O	O	O	O	_	_	_	_	_	_
a	O	O	O	O	O	O	_	_	_	_	_	_
déployé	O	O	O	O	O	O	_	_	_	_	_	_
ce	O	O	O	O	O	O	_	_	_	_	_	_
jeune	O	O	O	O	O	O	_	_	_	_	_	_
homme	O	O	O	O	O	O	_	_	_	_	_	_
pen	O	O	O	O	O	O	_	_	NoSpaceAfter	_	_	_
-	O	O	O	O	O	O	_	_	_	_	_	_
à	O	O	O	O	O	O	_	_	_	_	_	_
exécution	O	O	O	O	O	O	_	_	_	_	_	_
de	O	O	O	O	O	O	_	_	_	_	_	_
mon	O	O	O	O	O	O	_	_	_	_	_	_
grand	O	O	O	O	O	O	_	_	_	_	_	_
,	O	O	O	O	O	O	_	_	_	_	_	_
de	O	O	O	O	O	O	_	_	_	_	_	_
mon	O	O	O	O	O	O	_	_	_	_	_	_
cher	O	O	O	O	O	O	_	_	_	_	_	_
projet	O	O	O	O	O	O	_	_	EndOfLine	_	_	_
# segment_iiif_link = https://impresso-project.ch/api/proxy/iiif/LLE-1887-03-18-a-p0002/1394,2931,1297,65/full/0/default.jpg
dant	O	O	O	O	O	O	_	_	_	_	_	_
lincendie	O	O	O	O	O	O	_	_	_	_	_	_
I	O	O	O	O	O	O	_	_	_	_	_	_
.	O	O	O	O	O	O	_	_	NoSpaceAfter	_	_	_
.	O	O	O	O	O	O	_	_	NoSpaceAfter	_	_	_
.	O	O	O	O	O	O	_	_	_	EndOfSentence	_	_
Je	O	O	O	O	O	O	_	_	_	_	_	_
ne	O	O	O	O	O	O	_	_	_	_	_	_
lai	O	O	O	O	O	O	_	_	_	_	_	_
pas	O	O	O	O	O	O	_	_	_	_	_	_
oublié	O	O	O	O	O	O	_	_	_	_	_	_
.	O	O	O	O	O	O	_	_	NoSpaceAfter	_	_	_
.	O	O	O	O	O	O	_	_	NoSpaceAfter	_	_	_
.	O	O	O	O	O	O	_	_	_	EndOfSentence	_	_
Je	O	O	O	O	O	O	_	_	_	_	_	_
ne	O	O	O	O	O	O	_	_	_	_	_	_
Je	O	O	O	O	O	O	_	_	_	_	_	_
me	O	O	O	O	O	O	_	_	_	_	_	_
voyais	O	O	O	O	O	O	_	_	_	_	_	_
déjà	O	O	O	O	O	O	_	_	_	_	_	_
roulantvers	O	O	O	O	O	O	_	_	_	_	_	_
la	O	O	O	O	O	O	_	_	_	_	_	_
capitale	O	O	O	O	O	O	_	_	_	_	_	_
russe	O	O	O	O	O	O	_	_	EndOfLine	_	_	_
# segment_iiif_link = https://impresso-project.ch/api/proxy/iiif/LLE-1887-03-18-a-p0002/1394,2959,1295,63/full/0/default.jpg
loublierai	O	O	O	O	O	O	_	_	_	_	_	_
jamais	O	O	O	O	O	O	_	_	_	_	_	_
,	O	O	O	O	O	O	_	_	_	_	_	_
car	O	O	O	O	O	O	_	_	_	_	_	_
j	O	O	O	O	O	O	_	_	_	_	_	_
ai	O	O	O	O	O	O	_	_	_	_	_	_
de	O	O	O	O	O	O	_	_	_	_	_	_
la	O	O	O	O	O	O	_	_	_	_	_	_
mémoire	O	O	O	O	O	O	_	_	_	_	_	_
.	O	O	O	O	O	O	_	_	NoSpaceAfter	_	_	_
.	O	O	O	O	O	O	_	_	NoSpaceAfter	_	_	_
.	O	O	O	O	O	O	_	_	_	EndOfSentence	_	_
Jai	O	O	O	O	O	O	_	_	_	_	_	_
Ainsi	O	O	O	O	O	O	_	_	_	_	_	_
va	O	O	O	O	O	O	_	_	_	_	_	_
le	O	O	O	O	O	O	_	_	_	_	_	_
rôve	O	O	O	O	O	O	_	_	_	_	_	_
:	O	O	O	O	O	O	_	_	_	_	_	_
d	O	O	O	O	O	O	_	_	_	_	_	_
abord	O	O	O	O	O	O	_	_	_	_	_	_
paisible	O	O	O	O	O	O	_	_	_	_	_	_
ruisseau	O	O	O	O	O	O	_	_	EndOfLine	_	_	_
# segment_iiif_link = https://impresso-project.ch/api/proxy/iiif/LLE-1887-03-18-a-p0002/1394,2989,1002,63/full/0/default.jpg
la	O	O	O	O	O	O	_	_	_	_	_	_
bonne	O	O	O	O	O	O	_	_	_	_	_	_
.	O	O	O	O	O	O	_	_	NoSpaceAfter	_	_	_
.	O	O	O	O	O	O	_	_	NoSpaceAfter	_	_	_
.	O	O	O	O	O	O	_	_	_	_	_	_
celle	O	O	O	O	O	O	_	_	_	_	_	_
qui	O	O	O	O	O	O	_	_	_	_	_	_
vient	O	O	O	O	O	O	_	_	_	_	_	_
du	O	O	O	O	O	O	_	_	_	_	_	_
cœur	O	O	O	O	O	O	_	_	_	_	_	_
.	O	O	O	O	O	O	_	_	_	EndOfSentence	_	_
bientôt	O	O	O	O	O	O	_	_	_	_	_	_
fleuve	O	O	O	O	O	O	_	_	_	_	_	_
imposant	O	O	O	O	O	O	_	_	_	_	_	_
.	O	O	O	O	O	O	_	_	EndOfLine	EndOfSentence	_	_
# segment_iiif_link = https://impresso-project.ch/api/proxy/iiif/LLE-1887-03-18-a-p0002/1421,3016,597,63/full/0/default.jpg
Elle	O	O	O	O	O	O	_	_	_	_	_	_
souriaittout	O	O	O	O	O	O	_	_	_	_	_	_
col	O	O	O	O	O	O	_	_	EndOfLine	_	_	_
# segment_iiif_link = https://impresso-project.ch/api/proxy/iiif/LLE-1887-03-18-a-p0002/1488,3016,540,63/full/0/default.jpg
me	O	O	O	O	O	O	_	_	_	_	_	_
,	O	O	O	O	O	O	_	_	_	_	_	_
en	O	O	O	O	O	O	_	_	_	_	_	_
dégrafant	O	O	O	O	O	O	_	_	_	_	_	_
son	O	O	O	O	O	O	_	_	_	_	_	_
-	O	O	O	O	O	O	_	_	EndOfLine	_	_	_
# segment_iiif_link = https://impresso-project.ch/api/proxy/iiif/LLE-1887-03-18-a-p0002/1391,3044,625,63/full/0/default.jpg
lier	O	O	O	O	O	O	_	_	_	_	_	_
de	O	O	O	O	O	O	_	_	_	_	_	_
perles	O	O	O	O	O	O	_	_	_	_	_	_
,	O	O	O	O	O	O	_	_	_	_	_	_
et	O	O	O	O	O	O	_	_	_	_	_	_
en	O	O	O	O	O	O	_	_	_	_	_	_
remplaçant	O	O	O	O	O	O	_	_	_	_	_	_
sa	O	O	O	O	O	O	_	_	_	_	_	_
robe	O	O	O	O	O	O	_	_	_	_	_	_
à	O	O	O	O	O	O	_	_	EndOfLine	_	_	_
# segment_iiif_link = https://impresso-project.ch/api/proxy/iiif/LLE-1887-03-18-a-p0002/1391,3072,630,63/full/0/default.jpg
longue	O	O	O	O	O	O	_	_	_	_	_	_
traîne	O	O	O	O	O	O	_	_	_	_	_	_
par	O	O	O	O	O	O	_	_	_	_	_	_
un	O	O	O	O	O	O	_	_	_	_	_	_
peignoir	O	O	O	O	O	O	_	_	_	_	_	_
de	O	O	O	O	O	O	_	_	_	_	_	_
cachemire	O	O	O	O	O	O	_	_	_	_	_	_
bleu	O	O	O	O	O	O	_	_	EndOfLine	_	_	_
# segment_iiif_link = https://impresso-project.ch/api/proxy/iiif/LLE-1887-03-18-a-p0002/1393,3099,631,65/full/0/default.jpg
tendre	O	O	O	O	O	O	_	_	_	_	_	_
garni	O	O	O	O	O	O	_	_	_	_	_	_
de	O	O	O	O	O	O	_	_	_	_	_	_
flots	O	O	O	O	O	O	_	_	_	_	_	_
de	O	O	O	O	O	O	_	_	_	_	_	_
ruban	O	O	O	O	O	O	_	_	_	_	_	_
;	O	O	O	O	O	O	_	_	_	_	_	_
puis	O	O	O	O	O	O	_	_	_	_	_	_
faisant	O	O	O	O	O	O	_	_	EndOfLine	_	_	_
# segment_iiif_link = https://impresso-project.ch/api/proxy/iiif/LLE-1887-03-18-a-p0002/1394,3124,222,65/full/0/default.jpg
signe	O	O	O	O	O	O	_	_	_	_	_	_
à	O	O	O	O	O	O	_	_	_	_	_	_
Fédora	O	O	O	O	O	O	_	_	_	_	_	_
:	O	O	O	O	O	O	_	_	EndOfLine	_	_	_
# segment_iiif_link = https://impresso-project.ch/api/proxy/iiif/LLE-1887-03-18-a-p0002/1421,3154,540,63/full/0/default.jpg
—	O	O	O	O	O	O	_	_	_	_	_	_
C	O	O	O	O	O	O	_	_	_	_	_	_
est	O	O	O	O	O	O	_	_	_	_	_	_
bien	O	O	O	O	O	O	_	_	_	_	_	_
,	O	O	O	O	O	O	_	_	_	_	_	_
vous	O	O	O	O	O	O	_	_	_	_	_	_
pouvez	O	O	O	O	O	O	_	_	_	_	_	_
nous	O	O	O	O	O	O	_	_	_	_	_	_
laisser	O	O	O	O	O	O	_	_	_	_	_	_
.	O	O	O	O	O	O	_	_	EndOfLine	EndOfSentence	_	_
# segment_iiif_link = https://impresso-project.ch/api/proxy/iiif/LLE-1887-03-18-a-p0002/1423,3177,528,63/full/0/default.jpg
Elle	O	O	O	O	O	O	_	_	_	_	_	_
vint	O	O	O	O	O	O	_	_	_	_	_	_
vers	O	O	O	O	O	O	_	_	_	_	_	_
moi	O	O	O	O	O	O	_	_	_	_	_	_
,	O	O	O	O	O	O	_	_	_	_	_	_
les	O	O	O	O	O	O	_	_	_	_	_	_
mains	O	O	O	O	O	O	_	_	_	_	_	_
tendues	O	O	O	O	O	O	_	_	_	_	_	_
:	O	O	O	O	O	O	_	_	EndOfLine	_	_	_
# segment_iiif_link = https://impresso-project.ch/api/proxy/iiif/LLE-1887-03-18-a-p0002/1423,3204,603,64/full/0/default.jpg
—	O	O	O	O	O	O	_	_	_	_	_	_
Et	O	O	O	O	O	O	_	_	_	_	_	_
dire	O	O	O	O	O	O	_	_	_	_	_	_
,	O	O	O	O	O	O	_	_	_	_	_	_
ma	O	O	O	O	O	O	_	_	_	_	_	_
chère	O	O	O	O	O	O	_	_	_	_	_	_
Nadèje	O	O	O	O	O	O	_	_	_	_	_	_
,	O	O	O	O	O	O	_	_	_	_	_	_
que	O	O	O	O	O	O	_	_	_	_	_	_
je	O	O	O	O	O	O	_	_	_	_	_	_
ne	O	O	O	O	O	O	_	_	_	_	_	_
vous	O	O	O	O	O	O	_	_	EndOfLine	_	_	_
# segment_iiif_link = https://impresso-project.ch/api/proxy/iiif/LLE-1887-03-18-a-p0002/1394,3230,632,63/full/0/default.jpg
ai	O	O	O	O	O	O	_	_	_	_	_	_
pas	O	O	O	O	O	O	_	_	_	_	_	_
revue	O	O	O	O	O	O	_	_	_	_	_	_
depuis	O	O	O	O	O	O	_	_	_	_	_	_
deux	O	O	O	O	O	O	_	_	_	_	_	_
grands	O	O	O	O	O	O	_	_	_	_	_	_
mois	O	O	O	O	O	O	_	_	_	_	_	_
.	O	O	O	O	O	O	_	_	_	EndOfSentence	_	_
Jai	O	O	O	O	O	O	_	_	_	_	_	_
été	O	O	O	O	O	O	_	_	EndOfLine	_	_	_
# segment_iiif_link = https://impresso-project.ch/api/proxy/iiif/LLE-1887-03-18-a-p0002/1393,3258,631,64/full/0/default.jpg
si	O	O	O	O	O	O	_	_	_	_	_	_
occupée	O	O	O	O	O	O	_	_	_	_	_	_
,	O	O	O	O	O	O	_	_	_	_	_	_
si	O	O	O	O	O	O	_	_	_	_	_	_
absorbée	O	O	O	O	O	O	_	_	_	_	_	_
.	O	O	O	O	O	O	_	_	_	EndOfSentence	_	_
Ma	O	O	O	O	O	O	_	_	_	_	_	_
vie	O	O	O	O	O	O	_	_	_	_	_	_
n	O	O	O	O	O	O	_	_	_	_	_	_
a	O	O	O	O	O	O	_	_	_	_	_	_
été	O	O	O	O	O	O	_	_	_	_	_	_
qu	O	O	O	O	O	O	_	_	_	_	_	_
un	O	O	O	O	O	O	_	_	EndOfLine	_	_	_
# segment_iiif_link = https://impresso-project.ch/api/proxy/iiif/LLE-1887-03-18-a-p0002/1393,3287,630,63/full/0/default.jpg
tourbillon	O	O	O	O	O	O	_	_	_	_	_	_
,	O	O	O	O	O	O	_	_	_	_	_	_
une	O	O	O	O	O	O	_	_	_	_	_	_
fête	O	O	O	O	O	O	_	_	_	_	_	_
perpétuelle	O	O	O	O	O	O	_	_	_	_	_	_
.	O	O	O	O	O	O	_	_	_	EndOfSentence	_	_
J	O	O	O	O	O	O	_	_	_	_	_	_
ai	O	O	O	O	O	O	_	_	_	_	_	_
pourtant	O	O	O	O	O	O	_	_	EndOfLine	_	_	_
# segment_iiif_link = https://impresso-project.ch/api/proxy/iiif/LLE-1887-03-18-a-p0002/1394,3313,630,64/full/0/default.jpg
trouvé	O	O	O	O	O	O	_	_	_	_	_	_
un	O	O	O	O	O	O	_	_	_	_	_	_
moment	O	O	O	O	O	O	_	_	_	_	_	_
pour	O	O	O	O	O	O	_	_	_	_	_	_
aller	O	O	O	O	O	O	_	_	_	_	_	_
chanter	O	O	O	O	O	O	_	_	_	_	_	_
à	O	O	O	O	O	O	_	_	_	_	_	_
votre	O	O	O	O	O	O	_	_	EndOfLine	_	_	_
# segment_iiif_link = https://impresso-project.ch/api/proxy/iiif/LLE-1887-03-18-a-p0002/1394,3342,622,63/full/0/default.jpg
messe	O	O	O	O	O	O	_	_	_	_	_	_
.	O	O	O	O	O	O	_	_	_	EndOfSentence	_	_
Dieu	O	O	O	O	O	O	_	_	_	_	_	_
I	O	O	O	O	O	O	_	_	_	_	_	_
que	O	O	O	O	O	O	_	_	_	_	_	_
cette	O	O	O	O	O	O	_	_	_	_	_	_
cérémonie	O	O	O	O	O	O	_	_	_	_	_	_
ma	O	O	O	O	O	O	_	_	EndOfLine	_	_	_
# segment_iiif_link = https://impresso-project.ch/api/proxy/iiif/LLE-1887-03-18-a-p0002/1393,3368,111,65/full/0/default.jpg
impressionnée	O	O	O	O	O	O	_	_	_	_	_	_
.	O	O	O	O	O	O	_	_	EndOfLine	EndOfSentence	_	_
# segment_iiif_link = https://impresso-project.ch/api/proxy/iiif/LLE-1887-03-18-a-p0002/1419,3398,607,65/full/0/default.jpg
Elle	O	O	O	O	O	O	_	_	_	_	_	_
parlait	O	O	O	O	O	O	_	_	_	_	_	_
vivement	O	O	O	O	O	O	_	_	_	_	_	_
comme	O	O	O	O	O	O	_	_	_	_	_	_
gazouille	O	O	O	O	O	O	_	_	_	_	_	_
un	O	O	O	O	O	O	_	_	EndOfLine	_	_	_
# segment_iiif_link = https://impresso-project.ch/api/proxy/iiif/LLE-1887-03-18-a-p0002/1391,3425,288,65/full/0/default.jpg
bel	O	O	O	O	O	O	_	_	_	_	_	_
oiseau	O	O	O	O	O	O	_	_	_	_	_	_
de	O	O	O	O	O	O	_	_	_	_	_	_
volière	O	O	O	O	O	O	_	_	_	_	_	_
.	O	O	O	O	O	O	_	_	EndOfLine	EndOfSentence	_	_
# segment_iiif_link = https://impresso-project.ch/api/proxy/iiif/LLE-1887-03-18-a-p0002/1421,3453,607,63/full/0/default.jpg
—	O	O	O	O	O	O	_	_	_	_	_	_
Mais	O	O	O	O	O	O	_	_	_	_	_	_
,	O	O	O	O	O	O	_	_	_	_	_	_
en	O	O	O	O	O	O	_	_	_	_	_	_
ce	O	O	O	O	O	O	_	_	_	_	_	_
moment	O	O	O	O	O	O	_	_	_	_	_	_
,	O	O	O	O	O	O	_	_	_	_	_	_
je	O	O	O	O	O	O	_	_	_	_	_	_
veux	O	O	O	O	O	O	_	_	_	_	_	_
être	O	O	O	O	O	O	_	_	_	_	_	_
toute	O	O	O	O	O	O	_	_	_	_	_	_
à	O	O	O	O	O	O	_	_	EndOfLine	_	_	_
# segment_iiif_link = https://impresso-project.ch/api/proxy/iiif/LLE-1887-03-18-a-p0002/1393,3480,631,63/full/0/default.jpg
vous	O	O	O	O	O	O	_	_	_	_	_	_
,	O	O	O	O	O	O	_	_	_	_	_	_
toute	O	O	O	O	O	O	_	_	_	_	_	_
à	O	O	O	O	O	O	_	_	_	_	_	_
la	O	O	O	O	O	O	_	_	_	_	_	_
belle	O	O	O	O	O	O	_	_	_	_	_	_
langue	O	O	O	O	O	O	_	_	_	_	_	_
française	O	O	O	O	O	O	_	_	_	_	_	_
,	O	O	O	O	O	O	_	_	_	_	_	_
dont	O	O	O	O	O	O	_	_	EndOfLine	_	_	_
# segment_iiif_link = https://impresso-project.ch/api/proxy/iiif/LLE-1887-03-18-a-p0002/1391,3508,637,63/full/0/default.jpg
jai	O	O	O	O	O	O	_	_	_	_	_	_
négligé	O	O	O	O	O	O	_	_	_	_	_	_
létude	O	O	O	O	O	O	_	_	_	_	_	_
.	O	O	O	O	O	O	_	_	_	EndOfSentence	_	_
Vous	O	O	O	O	O	O	_	_	_	_	_	_
allez	O	O	O	O	O	O	_	_	_	_	_	_
me	O	O	O	O	O	O	_	_	_	_	_	_
lire	O	O	O	O	O	O	_	_	_	_	_	_
vos	O	O	O	O	O	O	_	_	EndOfLine	_	_	_
# segment_iiif_link = https://impresso-project.ch/api/proxy/iiif/LLE-1887-03-18-a-p0002/1393,3535,633,63/full/0/default.jpg
poètes	O	O	O	O	O	O	_	_	_	_	_	_
favoris	O	O	O	O	O	O	_	_	_	_	_	_
;	O	O	O	O	O	O	_	_	_	_	_	_
ce	O	O	O	O	O	O	_	_	_	_	_	_
doux	O	O	O	O	O	O	_	_	_	_	_	_
Racine	O	O	O	O	O	O	_	_	_	_	_	_
,	O	O	O	O	O	O	_	_	_	_	_	_
cet	O	O	O	O	O	O	_	_	_	_	_	_
héroïque	O	O	O	O	O	O	_	_	EndOfLine	_	_	_
# segment_iiif_link = https://impresso-project.ch/api/proxy/iiif/LLE-1887-03-18-a-p0002/1393,3561,623,65/full/0/default.jpg
Corneille	O	O	O	O	O	O	_	_	_	_	_	_
.	O	O	O	O	O	O	_	_	_	EndOfSentence	_	_
Puis	O	O	O	O	O	O	_	_	_	_	_	_
,	O	O	O	O	O	O	_	_	_	_	_	_
aussi	O	O	O	O	O	O	_	_	_	_	_	_
,	O	O	O	O	O	O	_	_	_	_	_	_
nous	O	O	O	O	O	O	_	_	_	_	_	_
chanterons	O	O	O	O	O	O	_	_	EndOfLine	_	_	_
# segment_iiif_link = https://impresso-project.ch/api/proxy/iiif/LLE-1887-03-18-a-p0002/1391,3589,635,65/full/0/default.jpg
ensemble	O	O	O	O	O	O	_	_	_	_	_	_
.	O	O	O	O	O	O	_	_	_	EndOfSentence	_	_
Jai	O	O	O	O	O	O	_	_	_	_	_	_
reçu	O	O	O	O	O	O	_	_	_	_	_	_
de	O	O	O	O	O	O	_	_	_	_	_	_
nouvelles	O	O	O	O	O	O	_	_	_	_	_	_
romances	O	O	O	O	O	O	_	_	_	_	_	_
.	O	O	O	O	O	O	_	_	_	EndOfSentence	_	_
Je	O	O	O	O	O	O	_	_	_	_	_	_
veux	O	O	O	O	O	O	_	_	EndOfLine	_	_	_
# segment_iiif_link = https://impresso-project.ch/api/proxy/iiif/LLE-1887-03-18-a-p0002/1391,3619,633,64/full/0/default.jpg
les	O	O	O	O	O	O	_	_	_	_	_	_
apprendre	O	O	O	O	O	O	_	_	_	_	_	_
pour	O	O	O	O	O	O	_	_	_	_	_	_
Saint	O	O	O	O	O	O	_	_	NoSpaceAfter	_	_	_
-	O	O	O	O	O	O	_	_	NoSpaceAfter	_	_	_
Pétersbourg	O	O	O	O	O	O	_	_	_	_	_	_
.	O	O	O	O	O	O	_	_	_	EndOfSentence	_	_
On	O	O	O	O	O	O	_	_	_	_	_	_
dit	O	O	O	O	O	O	_	_	EndOfLine	_	_	_
# segment_iiif_link = https://impresso-project.ch/api/proxy/iiif/LLE-1887-03-18-a-p0002/1393,3646,633,63/full/0/default.jpg
que	O	O	O	O	O	O	_	_	_	_	_	_
la	O	O	O	O	O	O	_	_	_	_	_	_
grande	O	O	O	O	O	O	_	_	_	_	_	_
duchesse	O	O	O	O	O	O	_	_	_	_	_	_
est	O	O	O	O	O	O	_	_	_	_	_	_
passionnée	O	O	O	O	O	O	_	_	_	_	_	_
pour	O	O	O	O	O	O	_	_	_	_	_	_
la	O	O	O	O	O	O	_	_	EndOfLine	_	_	_
# segment_iiif_link = https://impresso-project.ch/api/proxy/iiif/LLE-1887-03-18-a-p0002/1393,3674,635,64/full/0/default.jpg
musique	O	O	O	O	O	O	_	_	_	_	_	_
;	O	O	O	O	O	O	_	_	_	_	_	_
la	O	O	O	O	O	O	_	_	_	_	_	_
musique	O	O	O	O	O	O	_	_	_	_	_	_
si	O	O	O	O	O	O	_	_	_	_	_	_
agréable	O	O	O	O	O	O	_	_	_	_	_	_
à	O	O	O	O	O	O	_	_	_	_	_	_
l	O	O	O	O	O	O	_	_	_	_	_	_
oreille	O	O	O	O	O	O	_	_	_	_	_	_
,	O	O	O	O	O	O	_	_	_	_	_	_
si	O	O	O	O	O	O	_	_	EndOfLine	_	_	_
# segment_iiif_link = https://impresso-project.ch/api/proxy/iiif/LLE-1887-03-18-a-p0002/1393,3701,211,63/full/0/default.jpg
douce	O	O	O	O	O	O	_	_	_	_	_	_
au	O	O	O	O	O	O	_	_	_	_	_	_
cœur	O	O	O	O	O	O	_	_	_	_	_	_
I	O	O	O	O	O	O	_	_	EndOfLine	_	_	_
# segment_iiif_link = https://impresso-project.ch/api/proxy/iiif/LLE-1887-03-18-a-p0002/1421,3728,608,64/full/0/default.jpg
Je	O	O	O	O	O	O	_	_	_	_	_	_
lécoutais	O	O	O	O	O	O	_	_	_	_	_	_
distraitement	O	O	O	O	O	O	_	_	_	_	_	_
.	O	O	O	O	O	O	_	_	_	EndOfSentence	_	_
Une	O	O	O	O	O	O	_	_	_	_	_	_
chose	O	O	O	O	O	O	_	_	_	_	_	_
seule	O	O	O	O	O	O	_	_	EndOfLine	_	_	_
# segment_iiif_link = https://impresso-project.ch/api/proxy/iiif/LLE-1887-03-18-a-p0002/1394,3756,622,65/full/0/default.jpg
me	O	O	O	O	O	O	_	_	_	_	_	_
préoccupait	O	O	O	O	O	O	_	_	_	_	_	_
.	O	O	O	O	O	O	_	_	_	EndOfSentence	_	_
Mlle	O	O	O	O	O	O	_	_	_	_	_	_
Vilérieff	O	O	O	O	O	O	_	_	_	_	_	_
et	O	O	O	O	O	O	_	_	_	_	_	_
son	O	O	O	O	O	O	_	_	_	_	_	_
pôre	O	O	O	O	O	O	_	_	EndOfLine	_	_	_
# segment_iiif_link = https://impresso-project.ch/api/proxy/iiif/LLE-1887-03-18-a-p0002/1394,3784,632,63/full/0/default.jpg
partaient	O	O	O	O	O	O	_	_	_	_	_	_
pour	O	O	O	O	O	O	_	_	_	_	_	_
Saint	O	O	O	O	O	O	_	_	NoSpaceAfter	_	_	_
-	O	O	O	O	O	O	_	_	NoSpaceAfter	_	_	_
Pétersbourg	O	O	O	O	O	O	_	_	_	_	_	_
.	O	O	O	O	O	O	_	_	_	EndOfSentence	_	_
Mais	O	O	O	O	O	O	_	_	_	_	_	_
cétait	O	O	O	O	O	O	_	_	_	_	_	_
une	O	O	O	O	O	O	_	_	EndOfLine	_	_	_
# segment_iiif_link = https://impresso-project.ch/api/proxy/iiif/LLE-1887-03-18-a-p0002/1394,3812,630,64/full/0/default.jpg
occasion	O	O	O	O	O	O	_	_	_	_	_	_
unique	O	O	O	O	O	O	_	_	_	_	_	_
de	O	O	O	O	O	O	_	_	_	_	_	_
m	O	O	O	O	O	O	_	_	_	_	_	_
y	O	O	O	O	O	O	_	_	_	_	_	_
rendre	O	O	O	O	O	O	_	_	_	_	_	_
.	O	O	O	O	O	O	_	_	_	EndOfSentence	_	_
Ne	O	O	O	O	O	O	_	_	_	_	_	_
pourrais	O	O	O	O	O	O	_	_	NoSpaceAfter	_	_	_
-	O	O	O	O	O	O	_	_	NoSpaceAfter	_	_	_
jc	O	O	O	O	O	O	_	_	EndOfLine	_	_	_
# segment_iiif_link = https://impresso-project.ch/api/proxy/iiif/LLE-1887-03-18-a-p0002/1393,3841,633,63/full/0/default.jpg
les	O	O	O	O	O	O	_	_	_	_	_	_
accompagner	O	O	O	O	O	O	_	_	_	_	_	_
comme	O	O	O	O	O	O	_	_	_	_	_	_
je	O	O	O	O	O	O	_	_	_	_	_	_
les	O	O	O	O	O	O	_	_	_	_	_	_
avais	O	O	O	O	O	O	_	_	_	_	_	_
accompa	O	O	O	O	O	O	_	_	NoSpaceAfter	_	_	_
-	O	O	O	O	O	O	_	_	EndOfLine	_	_	_
# segment_iiif_link = https://impresso-project.ch/api/proxy/iiif/LLE-1887-03-18-a-p0002/2098,3019,606,63/full/0/default.jpg
Mademoiselle	O	O	O	O	O	O	_	_	_	_	_	_
m	O	O	O	O	O	O	_	_	_	_	_	_
avait	O	O	O	O	O	O	_	_	_	_	_	_
fait	O	O	O	O	O	O	_	_	_	_	_	_
asseoir	O	O	O	O	O	O	_	_	_	_	_	_
sur	O	O	O	O	O	O	_	_	_	_	_	_
lo	O	O	O	O	O	O	_	_	EndOfLine	_	_	_
# segment_iiif_link = https://impresso-project.ch/api/proxy/iiif/LLE-1887-03-18-a-p0002/2068,3046,635,63/full/0/default.jpg
divan	O	O	O	O	O	O	_	_	_	_	_	_
,	O	O	O	O	O	O	_	_	_	_	_	_
à	O	O	O	O	O	O	_	_	_	_	_	_
ses	O	O	O	O	O	O	_	_	_	_	_	_
côtés	O	O	O	O	O	O	_	_	_	_	_	_
.	O	O	O	O	O	O	_	_	_	EndOfSentence	_	_
Olga	O	O	O	O	O	O	_	_	_	_	_	_
,	O	O	O	O	O	O	_	_	_	_	_	_
tenant	O	O	O	O	O	O	_	_	_	_	_	_
en	O	O	O	O	O	O	_	_	_	_	_	_
main	O	O	O	O	O	O	_	_	_	_	_	_
la	O	O	O	O	O	O	_	_	EndOfLine	_	_	_
# segment_iiif_link = https://impresso-project.ch/api/proxy/iiif/LLE-1887-03-18-a-p0002/2068,3074,638,63/full/0/default.jpg
musique	O	O	O	O	O	O	_	_	_	_	_	_
arrivée	O	O	O	O	O	O	_	_	_	_	_	_
dEurope	O	O	O	O	O	O	_	_	_	_	_	_
,	O	O	O	O	O	O	_	_	_	_	_	_
ouvrait	O	O	O	O	O	O	_	_	_	_	_	_
les	O	O	O	O	O	O	_	_	_	_	_	_
pages	O	O	O	O	O	O	_	_	_	_	_	_
,	O	O	O	O	O	O	_	_	EndOfLine	_	_	_
# segment_iiif_link = https://impresso-project.ch/api/proxy/iiif/LLE-1887-03-18-a-p0002/2068,3099,635,65/full/0/default.jpg
et	O	O	O	O	O	O	_	_	_	_	_	_
parcourait	O	O	O	O	O	O	_	_	_	_	_	_
des	O	O	O	O	O	O	_	_	_	_	_	_
yeux	O	O	O	O	O	O	_	_	_	_	_	_
les	O	O	O	O	O	O	_	_	_	_	_	_
portées	O	O	O	O	O	O	_	_	_	_	_	_
,	O	O	O	O	O	O	_	_	_	_	_	_
les	O	O	O	O	O	O	_	_	_	_	_	_
solfiant	O	O	O	O	O	O	_	_	_	_	_	_
,	O	O	O	O	O	O	_	_	EndOfLine	_	_	_
# segment_iiif_link = https://impresso-project.ch/api/proxy/iiif/LLE-1887-03-18-a-p0002/2068,3125,636,64/full/0/default.jpg
mentalement	O	O	O	O	O	O	_	_	_	_	_	_
.	O	O	O	O	O	O	_	_	_	EndOfSentence	_	_
Puis	O	O	O	O	O	O	_	_	_	_	_	_
elle	O	O	O	O	O	O	_	_	_	_	_	_
se	O	O	O	O	O	O	_	_	_	_	_	_
plaça	O	O	O	O	O	O	_	_	_	_	_	_
devant	O	O	O	O	O	O	_	_	_	_	_	_
sa	O	O	O	O	O	O	_	_	EndOfLine	_	_	_
# segment_iiif_link = https://impresso-project.ch/api/proxy/iiif/LLE-1887-03-18-a-p0002/2069,3152,637,63/full/0/default.jpg
harpe	O	O	O	O	O	O	_	_	_	_	_	_
et	O	O	O	O	O	O	_	_	_	_	_	_
préluda	O	O	O	O	O	O	_	_	_	_	_	_
par	O	O	O	O	O	O	_	_	_	_	_	_
quelques	O	O	O	O	O	O	_	_	_	_	_	_
accords	O	O	O	O	O	O	_	_	_	_	_	_
.	O	O	O	O	O	O	_	_	_	EndOfSentence	_	_
Ses	O	O	O	O	O	O	_	_	EndOfLine	_	_	_
# segment_iiif_link = https://impresso-project.ch/api/proxy/iiif/LLE-1887-03-18-a-p0002/2069,3175,635,64/full/0/default.jpg
grands	O	O	O	O	O	O	_	_	_	_	_	_
yeux	O	O	O	O	O	O	_	_	_	_	_	_
bleus	O	O	O	O	O	O	_	_	_	_	_	_
semplirent	O	O	O	O	O	O	_	_	_	_	_	_
de	O	O	O	O	O	O	_	_	_	_	_	_
lumière	O	O	O	O	O	O	_	_	_	_	_	_
,	O	O	O	O	O	O	_	_	_	_	_	_
son	O	O	O	O	O	O	_	_	EndOfLine	_	_	_
# segment_iiif_link = https://impresso-project.ch/api/proxy/iiif/LLE-1887-03-18-a-p0002/2071,3204,633,64/full/0/default.jpg
profil	O	O	O	O	O	O	_	_	_	_	_	_
pur	O	O	O	O	O	O	_	_	_	_	_	_
perdit	O	O	O	O	O	O	_	_	_	_	_	_
toute	O	O	O	O	O	O	_	_	_	_	_	_
apparence	O	O	O	O	O	O	_	_	_	_	_	_
de	O	O	O	O	O	O	_	_	_	_	_	_
hauteur	O	O	O	O	O	O	_	_	EndOfLine	_	_	_
# segment_iiif_link = https://impresso-project.ch/api/proxy/iiif/LLE-1887-03-18-a-p0002/2071,3232,637,65/full/0/default.jpg
pour	O	O	O	O	O	O	_	_	_	_	_	_
f	O	O	O	O	O	O	_	_	_	_	_	_
.	O	O	O	O	O	O	_	_	_	EndOfSentence	_	_
ure	O	O	O	O	O	O	_	_	_	_	_	_
place	O	O	O	O	O	O	_	_	_	_	_	_
à	O	O	O	O	O	O	_	_	_	_	_	_
cette	O	O	O	O	O	O	_	_	_	_	_	_
expression	O	O	O	O	O	O	_	_	_	_	_	_
recueillie	O	O	O	O	O	O	_	_	_	_	_	_
,	O	O	O	O	O	O	_	_	EndOfLine	_	_	_
# segment_iiif_link = https://impresso-project.ch/api/proxy/iiif/LLE-1887-03-18-a-p0002/2068,3260,638,65/full/0/default.jpg
inspirée	O	O	O	O	O	O	_	_	_	_	_	_
,	O	O	O	O	O	O	_	_	_	_	_	_
qui	O	O	O	O	O	O	_	_	_	_	_	_
est	O	O	O	O	O	O	_	_	_	_	_	_
le	O	O	O	O	O	O	_	_	_	_	_	_
propre	O	O	O	O	O	O	_	_	_	_	_	_
de	O	O	O	O	O	O	_	_	_	_	_	_
sa	O	O	O	O	O	O	_	_	_	_	_	_
physionomie	O	O	O	O	O	O	_	_	EndOfLine	_	_	_
# segment_iiif_link = https://impresso-project.ch/api/proxy/iiif/LLE-1887-03-18-a-p0002/2068,3290,638,63/full/0/default.jpg
lorsqu	O	O	O	O	O	O	_	_	_	_	_	_
elle	O	O	O	O	O	O	_	_	_	_	_	_
écoute	O	O	O	O	O	O	_	_	_	_	_	_
ce	O	O	O	O	O	O	_	_	_	_	_	_
génie	O	O	O	O	O	O	_	_	_	_	_	_
de	O	O	O	O	O	O	_	_	_	_	_	_
la	O	O	O	O	O	O	_	_	_	_	_	_
musique	O	O	O	O	O	O	_	_	_	_	_	_
qui	O	O	O	O	O	O	_	_	EndOfLine	_	_	_
# segment_iiif_link = https://impresso-project.ch/api/proxy/iiif/LLE-1887-03-18-a-p0002/2068,3318,146,64/full/0/default.jpg
est	O	O	O	O	O	O	_	_	_	_	_	_
en	O	O	O	O	O	O	_	_	_	_	_	_
elle	O	O	O	O	O	O	_	_	_	_	_	_
.	O	O	O	O	O	O	_	_	EndOfLine	EndOfSentence	_	_
# segment_iiif_link = https://impresso-project.ch/api/proxy/iiif/LLE-1887-03-18-a-p0002/2096,3347,610,63/full/0/default.jpg
Mais	O	O	O	O	O	O	_	_	_	_	_	_
déjà	O	O	O	O	O	O	_	_	_	_	_	_
elle	O	O	O	O	O	O	_	_	_	_	_	_
ne	O	O	O	O	O	O	_	_	_	_	_	_
regardait	O	O	O	O	O	O	_	_	_	_	_	_
plus	O	O	O	O	O	O	_	_	_	_	_	_
la	O	O	O	O	O	O	_	_	_	_	_	_
romance	O	O	O	O	O	O	_	_	EndOfLine	_	_	_
# segment_iiif_link = https://impresso-project.ch/api/proxy/iiif/LLE-1887-03-18-a-p0002/2066,3373,643,63/full/0/default.jpg
nouvelle	O	O	O	O	O	O	_	_	_	_	_	_
.	O	O	O	O	O	O	_	_	_	EndOfSentence	_	_
Une	O	O	O	O	O	O	_	_	_	_	_	_
mélodie	O	O	O	O	O	O	_	_	_	_	_	_
inconnue	O	O	O	O	O	O	_	_	_	_	_	_
lui	O	O	O	O	O	O	_	_	_	_	_	_
chantait	O	O	O	O	O	O	_	_	_	_	_	_
.	O	O	O	O	O	O	_	_	_	EndOfSentence	_	_
4	O	O	O	O	O	O	_	_	EndOfLine	_	_	_
# segment_iiif_link = https://impresso-project.ch/api/proxy/iiif/LLE-1887-03-18-a-p0002/2068,3402,635,63/full/0/default.jpg
l	O	O	O	O	O	O	_	_	_	_	_	_
oreille	O	O	O	O	O	O	_	_	_	_	_	_
.	O	O	O	O	O	O	_	_	_	EndOfSentence	_	_
Elle	O	O	O	O	O	O	_	_	_	_	_	_
préludait	O	O	O	O	O	O	_	_	_	_	_	_
toujours	O	O	O	O	O	O	_	_	_	_	_	_
,	O	O	O	O	O	O	_	_	_	_	_	_
passant	O	O	O	O	O	O	_	_	_	_	_	_
d	O	O	O	O	O	O	_	_	_	_	_	_
un	O	O	O	O	O	O	_	_	EndOfLine	_	_	_
# segment_iiif_link = https://impresso-project.ch/api/proxy/iiif/LLE-1887-03-18-a-p0002/2068,3428,626,65/full/0/default.jpg
ton	O	O	O	O	O	O	_	_	_	_	_	_
à	O	O	O	O	O	O	_	_	_	_	_	_
l	O	O	O	O	O	O	_	_	_	_	_	_
autre	O	O	O	O	O	O	_	_	_	_	_	_
,	O	O	O	O	O	O	_	_	_	_	_	_
essayant	O	O	O	O	O	O	_	_	_	_	_	_
des	O	O	O	O	O	O	_	_	_	_	_	_
modulations	O	O	O	O	O	O	_	_	EndOfLine	_	_	_
# segment_iiif_link = https://impresso-project.ch/api/proxy/iiif/LLE-1887-03-18-a-p0002/2069,3455,634,63/full/0/default.jpg
inattendues	O	O	O	O	O	O	_	_	_	_	_	_
et	O	O	O	O	O	O	_	_	_	_	_	_
des	O	O	O	O	O	O	_	_	_	_	_	_
effets	O	O	O	O	O	O	_	_	_	_	_	_
nouveaux	O	O	O	O	O	O	_	_	_	_	_	_
,	O	O	O	O	O	O	_	_	_	_	_	_
comme	O	O	O	O	O	O	_	_	_	_	_	_
pour	O	O	O	O	O	O	_	_	EndOfLine	_	_	_
# segment_iiif_link = https://impresso-project.ch/api/proxy/iiif/LLE-1887-03-18-a-p0002/2068,3483,635,63/full/0/default.jpg
bien	O	O	O	O	O	O	_	_	_	_	_	_
connaître	O	O	O	O	O	O	_	_	_	_	_	_
toutes	O	O	O	O	O	O	_	_	_	_	_	_
les	O	O	O	O	O	O	_	_	_	_	_	_
cordes	O	O	O	O	O	O	_	_	_	_	_	_
de	O	O	O	O	O	O	_	_	_	_	_	_
sa	O	O	O	O	O	O	_	_	_	_	_	_
harpe	O	O	O	O	O	O	_	_	_	_	_	_
.	O	O	O	O	O	O	_	_	EndOfLine	EndOfSentence	_	_
# segment_iiif_link = https://impresso-project.ch/api/proxy/iiif/LLE-1887-03-18-a-p0002/2068,3510,638,63/full/0/default.jpg
Enfin	O	O	O	O	O	O	_	_	_	_	_	_
,	O	O	O	O	O	O	_	_	_	_	_	_
elle	O	O	O	O	O	O	_	_	_	_	_	_
débuta	O	O	O	O	O	O	_	_	_	_	_	_
par	O	O	O	O	O	O	_	_	_	_	_	_
un	O	O	O	O	O	O	_	_	_	_	_	_
chant	O	O	O	O	O	O	_	_	_	_	_	_
large	O	O	O	O	O	O	_	_	_	_	_	_
et	O	O	O	O	O	O	_	_	_	_	_	_
simple	O	O	O	O	O	O	_	_	_	_	_	_
,	O	O	O	O	O	O	_	_	EndOfLine	_	_	_
# segment_iiif_link = https://impresso-project.ch/api/proxy/iiif/LLE-1887-03-18-a-p0002/2069,3536,639,63/full/0/default.jpg
s	O	O	O	O	O	O	_	_	_	_	_	_
animant	O	O	O	O	O	O	_	_	_	_	_	_
elle	O	O	O	O	O	O	_	_	NoSpaceAfter	_	_	_
-	O	O	O	O	O	O	_	_	NoSpaceAfter	_	_	_
mêoie	O	O	O	O	O	O	_	_	_	_	_	_
à	O	O	O	O	O	O	_	_	_	_	_	_
ses	O	O	O	O	O	O	_	_	_	_	_	_
propres	O	O	O	O	O	O	_	_	_	_	_	_
accents	O	O	O	O	O	O	_	_	_	_	_	_
,	O	O	O	O	O	O	_	_	EndOfLine	_	_	_
# segment_iiif_link = https://impresso-project.ch/api/proxy/iiif/LLE-1887-03-18-a-p0002/2071,3561,437,67/full/0/default.jpg
séchauffant	O	O	O	O	O	O	_	_	_	_	_	_
à	O	O	O	O	O	O	_	_	_	_	_	_
sa	O	O	O	O	O	O	_	_	_	_	_	_
propre	O	O	O	O	O	O	_	_	_	_	_	_
flamme	O	O	O	O	O	O	_	_	_	_	_	_
.	O	O	O	O	O	O	_	_	EndOfLine	EndOfSentence	_	_
# segment_iiif_link = https://impresso-project.ch/api/proxy/iiif/LLE-1887-03-18-a-p0002/2098,3589,606,65/full/0/default.jpg
Jécoutais	O	O	O	O	O	O	_	_	_	_	_	_
ravie	O	O	O	O	O	O	_	_	_	_	_	_
.	O	O	O	O	O	O	_	_	_	EndOfSentence	_	_
Cette	O	O	O	O	O	O	_	_	_	_	_	_
voix	O	O	O	O	O	O	_	_	_	_	_	_
admirable	O	O	O	O	O	O	_	_	_	_	_	_
de	O	O	O	O	O	O	_	_	_	_	_	_
la	O	O	O	O	O	O	_	_	EndOfLine	_	_	_
# segment_iiif_link = https://impresso-project.ch/api/proxy/iiif/LLE-1887-03-18-a-p0002/2068,3619,640,64/full/0/default.jpg
jeune	O	O	O	O	O	O	_	_	_	_	_	_
Russe	O	O	O	O	O	O	_	_	_	_	_	_
emportait	O	O	O	O	O	O	_	_	_	_	_	_
bien	O	O	O	O	O	O	_	_	_	_	_	_
loin	O	O	O	O	O	O	_	_	_	_	_	_
tous	O	O	O	O	O	O	_	_	_	_	_	_
mes	O	O	O	O	O	O	_	_	EndOfLine	_	_	_
# segment_iiif_link = https://impresso-project.ch/api/proxy/iiif/LLE-1887-03-18-a-p0002/2071,3644,637,64/full/0/default.jpg
chagrins	O	O	O	O	O	O	_	_	_	_	_	_
.	O	O	O	O	O	O	_	_	_	EndOfSentence	_	_
Et	O	O	O	O	O	O	_	_	_	_	_	_
,	O	O	O	O	O	O	_	_	_	_	_	_
soudain	O	O	O	O	O	O	_	_	_	_	_	_
,	O	O	O	O	O	O	_	_	_	_	_	_
me	O	O	O	O	O	O	_	_	_	_	_	_
revint	O	O	O	O	O	O	_	_	_	_	_	_
encore	O	O	O	O	O	O	_	_	_	_	_	_
ma	O	O	O	O	O	O	_	_	EndOfLine	_	_	_
# segment_iiif_link = https://impresso-project.ch/api/proxy/iiif/LLE-1887-03-18-a-p0002/2071,3673,627,63/full/0/default.jpg
pensée	O	O	O	O	O	O	_	_	_	_	_	_
constante	O	O	O	O	O	O	_	_	_	_	_	_
.	O	O	O	O	O	O	_	_	_	EndOfSentence	_	_
Sous	O	O	O	O	O	O	_	_	_	_	_	_
lémotion	O	O	O	O	O	O	_	_	_	_	_	_
quo	O	O	O	O	O	O	_	_	_	_	_	_
me	O	O	O	O	O	O	_	_	EndOfLine	_	_	_
# segment_iiif_link = https://impresso-project.ch/api/proxy/iiif/LLE-1887-03-18-a-p0002/2073,3699,633,63/full/0/default.jpg
causait	O	O	O	O	O	O	_	_	_	_	_	_
la	O	O	O	O	O	O	_	_	_	_	_	_
musique	O	O	O	O	O	O	_	_	_	_	_	_
,	O	O	O	O	O	O	_	_	_	_	_	_
il	O	O	O	O	O	O	_	_	_	_	_	_
me	O	O	O	O	O	O	_	_	_	_	_	_
semblait	O	O	O	O	O	O	_	_	_	_	_	_
qu	O	O	O	O	O	O	_	_	_	_	_	_
un	O	O	O	O	O	O	_	_	_	_	_	_
souffle	O	O	O	O	O	O	_	_	EndOfLine	_	_	_
# segment_iiif_link = https://impresso-project.ch/api/proxy/iiif/LLE-1887-03-18-a-p0002/2071,3728,637,64/full/0/default.jpg
passait	O	O	O	O	O	O	_	_	_	_	_	_
sur	O	O	O	O	O	O	_	_	_	_	_	_
mon	O	O	O	O	O	O	_	_	_	_	_	_
rêve	O	O	O	O	O	O	_	_	_	_	_	_
,	O	O	O	O	O	O	_	_	_	_	_	_
lanimait	O	O	O	O	O	O	_	_	_	_	_	_
et	O	O	O	O	O	O	_	_	_	_	_	_
en	O	O	O	O	O	O	_	_	_	_	_	_
faisait	O	O	O	O	O	O	_	_	EndOfLine	_	_	_
# segment_iiif_link = https://impresso-project.ch/api/proxy/iiif/LLE-1887-03-18-a-p0002/2073,3757,268,65/full/0/default.jpg
une	O	O	O	O	O	O	_	_	_	_	_	_
vivante	O	O	O	O	O	O	_	_	_	_	_	_
réalité	O	O	O	O	O	O	_	_	_	_	_	_
.	O	O	O	O	O	O	_	_	EndOfLine	EndOfSentence	_	_
# segment_iiif_link = https://impresso-project.ch/api/proxy/iiif/LLE-1887-03-18-a-p0002/2529,3817,155,65/full/0/default.jpg
(	O	O	O	O	O	O	_	_	_	_	_	_
A	O	O	O	O	O	O	_	_	_	_	_	_
suivre	O	O	O	O	O	O	_	_	_	_	_	_
.	O	O	O	O	O	O	_	_	_	_	_	_
)	O	O	O	O	O	O	_	_	EndOfLine	EndOfSentence	_	_

# language = fr
# newspaper = LLE
# date = 1894-06-27
# document_id = LLE-1894-06-27-a-i0009
# news-agency-as-source = Q2826560
# segment_iiif_link = https://impresso-project.ch/api/proxy/iiif/LLE-1894-06-27-a-p0001/69,657,533,85/full/0/default.jpg
ORNIÈRES	O	O	O	O	O	O	_	_	_	_	_	_
DÉPÊCHES	O	O	O	O	O	O	_	_	EndOfLine	_	_	_
# segment_iiif_link = https://impresso-project.ch/api/proxy/iiif/LLE-1894-06-27-a-p0001/133,717,398,78/full/0/default.jpg
Service	O	O	O	O	O	O	_	_	_	_	_	_
de	O	O	O	O	O	O	_	_	_	_	_	_
lAgence	O	O	O	O	O	O	_	_	_	_	_	_
Havas	B-org	O	B-org.ent.pressagency.Havas	O	O	O	Q2826560	_	EndOfLine	_	LED0.00	_
# segment_iiif_link = https://impresso-project.ch/api/proxy/iiif/LLE-1894-06-27-a-p0001/66,758,538,65/full/0/default.jpg
»	O	O	O	O	O	O	_	_	_	_	_	_
Lyon	O	O	O	O	O	O	_	_	_	_	_	_
,	O	O	O	O	O	O	_	_	_	_	_	_
26	O	O	O	O	O	O	_	_	_	_	_	_
juin	O	O	O	O	O	O	_	_	_	_	_	_
.	O	O	O	O	O	O	_	_	EndOfLine	EndOfSentence	_	_
# segment_iiif_link = https://impresso-project.ch/api/proxy/iiif/LLE-1894-06-27-a-p0001/45,805,591,64/full/0/default.jpg
•	O	O	O	O	O	O	_	_	_	_	_	_
Vnu	O	O	O	O	O	O	_	_	_	_	_	_
*	O	O	O	O	O	O	_	_	_	_	_	_
0	O	O	O	O	O	O	_	_	_	_	_	_
l	O	O	O	O	O	O	_	_	_	_	_	_
,	O	O	O	O	O	O	_	_	_	_	_	_
ps	O	O	O	O	O	O	_	_	_	_	_	_
de	O	O	O	O	O	O	_	_	_	_	_	_
Caraot	O	O	O	O	O	O	_	_	_	_	_	_
a	O	O	O	O	O	O	_	_	_	_	_	_
quitté	O	O	O	O	O	O	_	_	_	_	_	_
la	O	O	O	O	O	O	_	_	_	_	_	_
préfecture	O	O	O	O	O	O	_	_	EndOfLine	_	_	_
# segment_iiif_link = https://impresso-project.ch/api/proxy/iiif/LLE-1894-06-27-a-p0001/76,820,491,65/full/0/default.jpg
«	O	O	O	O	O	O	_	_	NoSpaceAfter	_	_	_
•	O	O	O	O	O	O	_	_	_	_	_	_
Doae	O	O	O	O	O	O	_	_	_	_	_	_
placé	O	O	O	O	O	O	_	_	_	_	_	_
sur	O	O	O	O	O	O	_	_	_	_	_	_
un	O	O	O	O	O	O	_	_	_	_	_	_
affût	O	O	O	O	O	O	_	_	_	_	_	_
de	O	O	O	O	O	O	_	_	_	_	_	_
canon	O	O	O	O	O	O	_	_	_	_	_	_
.	O	O	O	O	O	O	_	_	EndOfLine	_	_	_
# segment_iiif_link = https://impresso-project.ch/api/proxy/iiif/LLE-1894-06-27-a-p0001/38,865,598,64/full/0/default.jpg
aasi	O	O	O	O	O	O	_	_	_	_	_	_
0	O	O	O	O	O	O	_	_	_	_	_	_
,	O	O	O	O	O	O	_	_	_	_	_	_
ites	O	O	O	O	O	O	_	_	_	_	_	_
,	O	O	O	O	O	O	_	_	_	_	_	_
es	O	O	O	O	O	O	_	_	_	_	_	_
autorités	O	O	O	O	O	O	_	_	_	_	_	_
et	O	O	O	O	O	O	_	_	_	_	_	_
une	O	O	O	O	O	O	_	_	_	_	_	_
foule	O	O	O	O	O	O	_	_	_	_	_	_
énorme	O	O	O	O	O	O	_	_	EndOfLine	_	_	_
# segment_iiif_link = https://impresso-project.ch/api/proxy/iiif/LLE-1894-06-27-a-p0001/40,878,586,65/full/0/default.jpg
pistaient	O	O	O	O	O	O	_	_	_	_	_	_
à	O	O	O	O	O	O	_	_	_	_	_	_
son	O	O	O	O	O	O	_	_	_	_	_	_
départ	O	O	O	O	O	O	_	_	_	_	_	_
.	O	O	O	O	O	O	_	_	_	_	_	_
Sur	O	O	O	O	O	O	_	_	_	_	_	_
tout	O	O	O	O	O	O	_	_	_	_	_	_
le	O	O	O	O	O	O	_	_	EndOfLine	_	_	_
# segment_iiif_link = https://impresso-project.ch/api/proxy/iiif/LLE-1894-06-27-a-p0001/66,923,362,64/full/0/default.jpg
par	O	O	O	O	O	O	_	_	NoSpaceAfter	_	_	_
-	O	O	O	O	O	O	_	_	NoSpaceAfter	_	_	_
£	O	O	O	O	O	O	_	_	_	_	_	_
.	O	O	O	O	O	O	_	_	_	_	_	_
la	O	O	O	O	O	O	_	_	_	_	_	_
foule	O	O	O	O	O	O	_	_	_	_	_	_
se	O	O	O	O	O	O	_	_	_	_	_	_
découvrait	O	O	O	O	O	O	_	_	_	_	_	_
.	O	O	O	O	O	O	_	_	EndOfLine	_	_	_
# segment_iiif_link = https://impresso-project.ch/api/proxy/iiif/LLE-1894-06-27-a-p0001/43,949,591,64/full/0/default.jpg
(	O	O	O	O	O	O	_	_	_	_	_	_
•	O	O	O	O	O	O	_	_	NoSpaceAfter	_	_	_
^	O	O	O	O	O	O	_	_	_	_	_	_
.	O	O	O	O	O	O	_	_	_	_	_	_
Premier	O	O	O	O	O	O	_	_	_	_	_	_
moment	O	O	O	O	O	O	_	_	_	_	_	_
sest	O	O	O	O	O	O	_	_	_	_	_	_
manifestée	O	O	O	O	O	O	_	_	_	_	_	_
une	O	O	O	O	O	O	_	_	EndOfLine	_	_	_
# segment_iiif_link = https://impresso-project.ch/api/proxy/iiif/LLE-1894-06-27-a-p0001/43,993,594,65/full/0/default.jpg
sePh	O	O	O	O	O	O	_	_	_	_	_	_
0	O	O	O	O	O	O	_	_	_	_	_	_
n	O	O	O	O	O	O	_	_	_	_	_	_
extraordinaire	O	O	O	O	O	O	_	_	_	_	_	_
qui	O	O	O	O	O	O	_	_	_	_	_	_
n	O	O	O	O	O	O	_	_	_	_	_	_
a	O	O	O	O	O	O	_	_	_	_	_	_
pas	O	O	O	O	O	O	_	_	_	_	_	_
tardé	O	O	O	O	O	O	_	_	_	_	_	_
à	O	O	O	O	O	O	_	_	EndOfLine	_	_	_
# segment_iiif_link = https://impresso-project.ch/api/proxy/iiif/LLE-1894-06-27-a-p0001/41,1026,595,64/full/0/default.jpg
cria	O	O	O	O	O	O	_	_	_	_	_	_
*	O	O	O	O	O	O	_	_	_	_	_	_
+	O	O	O	O	O	O	_	_	_	_	_	_
au	O	O	O	O	O	O	_	_	_	_	_	_
-	O	O	O	O	O	O	_	_	NoSpaceAfter	_	_	_
-	O	O	O	O	O	O	_	_	_	_	_	_
>	O	O	O	O	O	O	_	_	_	_	_	_
er	O	O	O	O	O	O	_	_	_	_	_	_
eQ	O	O	O	O	O	O	_	_	_	_	_	_
explosion	O	O	O	O	O	O	_	_	_	_	_	_
de	O	O	O	O	O	O	_	_	_	_	_	_
colère	O	O	O	O	O	O	_	_	_	_	_	_
.	O	O	O	O	O	O	_	_	_	_	_	_
La	O	O	O	O	O	O	_	_	_	_	_	_
foule	O	O	O	O	O	O	_	_	EndOfLine	_	_	_
# segment_iiif_link = https://impresso-project.ch/api/proxy/iiif/LLE-1894-06-27-a-p0001/40,1055,597,64/full/0/default.jpg
aino	O	O	O	O	O	O	_	_	_	_	_	_
i	O	O	O	O	O	O	_	_	_	_	_	_
*	O	O	O	O	O	O	_	_	_	_	_	_
*	O	O	O	O	O	O	_	_	_	_	_	_
Vengeons	O	O	O	O	O	O	_	_	_	_	_	_
Carnot	O	O	O	O	O	O	_	_	_	_	_	_
!	O	O	O	O	O	O	_	_	_	_	_	_
A	O	O	O	O	O	O	_	_	_	_	_	_
bas	O	O	O	O	O	O	_	_	_	_	_	_
les	O	O	O	O	O	O	_	_	_	_	_	_
assas	O	O	O	O	O	O	_	_	_	_	_	_
*	O	O	O	O	O	O	_	_	EndOfLine	_	_	_
# segment_iiif_link = https://impresso-project.ch/api/proxy/iiif/LLE-1894-06-27-a-p0001/61,1096,576,65/full/0/default.jpg
ies	O	O	O	O	O	O	_	_	_	_	_	_
manifestants	O	O	O	O	O	O	_	_	_	_	_	_
ont	O	O	O	O	O	O	_	_	_	_	_	_
pris	O	O	O	O	O	O	_	_	_	_	_	_
drapeau	O	O	O	O	O	O	_	_	_	_	_	_
et	O	O	O	O	O	O	_	_	EndOfLine	_	_	_
# segment_iiif_link = https://impresso-project.ch/api/proxy/iiif/LLE-1894-06-27-a-p0001/154,1115,447,54/full/0/default.jpg
t	O	O	O	O	O	O	_	_	_	_	_	_
iiui	O	O	O	O	O	O	_	_	_	_	_	_
/	O	O	O	O	O	O	_	_	_	_	_	_
uui	O	O	O	O	O	O	_	_	_	_	_	_
uiopoau	O	O	O	O	O	O	_	_	EndOfLine	_	_	_
# segment_iiif_link = https://impresso-project.ch/api/proxy/iiif/LLE-1894-06-27-a-p0001/438,1106,33,67/full/0/default.jpg
un	O	O	O	O	O	O	_	_	EndOfLine	_	_	_
# segment_iiif_link = https://impresso-project.ch/api/proxy/iiif/LLE-1894-06-27-a-p0001/38,1122,599,54/full/0/default.jpg
go	O	O	O	O	O	O	_	_	_	_	_	_
*	O	O	O	O	O	O	_	_	NoSpaceAfter	_	_	_
*	O	O	O	O	O	O	_	_	NoSpaceAfter	_	_	_
*	O	O	O	O	O	O	_	_	NoSpaceAfter	_	_	_
»	O	O	O	O	O	O	_	_	_	_	_	_
uno	O	O	O	O	O	O	_	_	_	_	_	_
*	O	O	O	O	O	O	_	_	_	_	_	_
,	O	O	O	O	O	O	_	_	_	_	_	_
a	O	O	O	O	O	O	_	_	_	_	_	_
,	O	O	O	O	O	O	_	_	_	_	_	_
o	O	O	O	O	O	O	_	_	_	_	_	_
,	O	O	O	O	O	O	_	_	_	_	_	_
JJIIO	O	O	O	O	O	O	_	_	_	_	_	_
uu	O	O	O	O	O	O	_	_	_	_	_	_
o	O	O	O	O	O	O	_	_	_	_	_	_
,	O	O	O	O	O	O	_	_	EndOfLine	_	_	_
# segment_iiif_link = https://impresso-project.ch/api/proxy/iiif/LLE-1894-06-27-a-p0001/38,1153,588,66/full/0/default.jpg
set	O	O	O	O	O	O	_	_	_	_	_	_
*	O	O	O	O	O	O	_	_	_	_	_	_
rendus	O	O	O	O	O	O	_	_	_	_	_	_
dans	O	O	O	O	O	O	_	_	_	_	_	_
le	O	O	O	O	O	O	_	_	_	_	_	_
troisième	O	O	O	O	O	O	_	_	EndOfLine	_	_	_
# segment_iiif_link = https://impresso-project.ch/api/proxy/iiif/LLE-1894-06-27-a-p0001/36,1182,591,66/full/0/default.jpg
arrondisson	O	O	O	O	O	O	_	_	_	_	_	_
*	O	O	O	O	O	O	_	_	_	_	_	_
où	O	O	O	O	O	O	_	_	_	_	_	_
-	O	O	O	O	O	O	_	_	_	_	_	_
l	O	O	O	O	O	O	_	_	_	_	_	_
9	O	O	O	O	O	O	_	_	_	_	_	_
ont	O	O	O	O	O	O	_	_	_	_	_	_
saccagé	O	O	O	O	O	O	_	_	_	_	_	_
toutes	O	O	O	O	O	O	_	_	_	_	_	_
les	O	O	O	O	O	O	_	_	EndOfLine	_	_	_
# segment_iiif_link = https://impresso-project.ch/api/proxy/iiif/LLE-1894-06-27-a-p0001/61,1201,405,64/full/0/default.jpg
mai	O	O	O	O	O	O	_	_	NoSpaceAfter	_	_	_
-	O	O	O	O	O	O	_	_	NoSpaceAfter	_	_	_
?	O	O	O	O	O	O	_	_	_	EndOfSentence	_	_
8	O	O	O	O	O	O	_	_	_	_	_	_
Portant	O	O	O	O	O	O	_	_	_	_	_	_
des	O	O	O	O	O	O	_	_	_	_	_	_
noms	O	O	O	O	O	O	_	_	_	_	_	_
italiens	O	O	O	O	O	O	_	_	_	_	_	_
.	O	O	O	O	O	O	_	_	EndOfLine	EndOfSentence	_	_
# segment_iiif_link = https://impresso-project.ch/api/proxy/iiif/LLE-1894-06-27-a-p0001/38,1249,598,64/full/0/default.jpg
Pon	O	O	O	O	O	O	_	_	_	_	_	_
esca	O	O	O	O	O	O	_	_	_	_	_	_
<	O	O	O	O	O	O	_	_	_	_	_	_
iou	O	O	O	O	O	O	_	_	_	_	_	_
de	O	O	O	O	O	O	_	_	_	_	_	_
cuirassiers	O	O	O	O	O	O	_	_	_	_	_	_
a	O	O	O	O	O	O	_	_	_	_	_	_
dû	O	O	O	O	O	O	_	_	_	_	_	_
charger	O	O	O	O	O	O	_	_	EndOfLine	_	_	_
# segment_iiif_link = https://impresso-project.ch/api/proxy/iiif/LLE-1894-06-27-a-p0001/38,1266,598,64/full/0/default.jpg
Ly	O	O	O	O	O	O	_	_	_	_	_	_
/	O	O	O	O	O	O	_	_	_	_	_	_
endre	O	O	O	O	O	O	_	_	_	_	_	_
la	O	O	O	O	O	O	_	_	_	_	_	_
circulation	O	O	O	O	O	O	_	_	_	_	_	_
possible	O	O	O	O	O	O	_	_	_	_	_	_
dans	O	O	O	O	O	O	_	_	_	_	_	_
la	O	O	O	O	O	O	_	_	EndOfLine	_	_	_
# segment_iiif_link = https://impresso-project.ch/api/proxy/iiif/LLE-1894-06-27-a-p0001/50,1285,275,59/full/0/default.jpg
u	O	O	O	O	O	O	_	_	_	_	_	_
£	O	O	O	O	O	O	_	_	_	_	_	_
de	O	O	O	O	O	O	_	_	_	_	_	_
la	O	O	O	O	O	O	_	_	_	_	_	_
République	O	O	O	O	O	O	_	_	_	_	_	_
.	O	O	O	O	O	O	_	_	EndOfLine	EndOfSentence	_	_
# segment_iiif_link = https://impresso-project.ch/api/proxy/iiif/LLE-1894-06-27-a-p0001/36,1338,590,66/full/0/default.jpg
csi	O	O	O	O	O	O	_	_	_	_	_	_
,	O	O	O	O	O	O	_	_	_	_	_	_
Ucou	O	O	O	O	O	O	_	_	_	_	_	_
P	O	O	O	O	O	O	_	_	_	_	_	_
de	O	O	O	O	O	O	_	_	_	_	_	_
rixes	O	O	O	O	O	O	_	_	_	_	_	_
entre	O	O	O	O	O	O	_	_	_	_	_	_
Italiens	O	O	O	O	O	O	_	_	_	_	_	_
et	O	O	O	O	O	O	_	_	EndOfLine	_	_	_
# segment_iiif_link = https://impresso-project.ch/api/proxy/iiif/LLE-1894-06-27-a-p0001/38,1369,596,66/full/0/default.jpg
Fran	O	O	O	O	O	O	_	_	NoSpaceAfter	_	_	_
-	O	O	O	O	O	O	_	_	NoSpaceAfter	_	_	_
1	O	O	O	O	O	O	_	_	_	_	_	_
»	O	O	O	O	O	O	_	_	_	_	_	_
k	O	O	O	O	O	O	_	_	_	_	_	_
nota	O	O	O	O	O	O	_	_	_	_	_	_
mment	O	O	O	O	O	O	_	_	_	_	_	_
à	O	O	O	O	O	O	_	_	_	_	_	_
la	O	O	O	O	O	O	_	_	_	_	_	_
Croix	O	O	O	O	O	O	_	_	NoSpaceAfter	_	_	_
-	O	O	O	O	O	O	_	_	NoSpaceAfter	_	_	_
Rousse	O	O	O	O	O	O	_	_	_	_	_	_
et	O	O	O	O	O	O	_	_	_	_	_	_
dana	O	O	O	O	O	O	_	_	EndOfLine	_	_	_
# segment_iiif_link = https://impresso-project.ch/api/proxy/iiif/LLE-1894-06-27-a-p0001/38,1387,151,65/full/0/default.jpg
^	O	O	O	O	O	O	_	_	_	_	_	_
ai	O	O	O	O	O	O	_	_	NoSpaceAfter	_	_	_
-	O	O	O	O	O	O	_	_	NoSpaceAfter	_	_	_
lieue	O	O	O	O	O	O	_	_	_	_	_	_
.	O	O	O	O	O	O	_	_	EndOfLine	EndOfSentence	_	_
# segment_iiif_link = https://impresso-project.ch/api/proxy/iiif/LLE-1894-06-27-a-p0001/64,1434,543,52/full/0/default.jpg
Y	O	O	O	O	O	O	_	_	_	_	_	_
Lyon	O	O	O	O	O	O	_	_	_	_	_	_
,	O	O	O	O	O	O	_	_	_	_	_	_
26	O	O	O	O	O	O	_	_	_	_	_	_
juin	O	O	O	O	O	O	_	_	_	_	_	_
,	O	O	O	O	O	O	_	_	EndOfLine	_	_	_
# segment_iiif_link = https://impresso-project.ch/api/proxy/iiif/LLE-1894-06-27-a-p0001/40,1463,596,64/full/0/default.jpg
à	O	O	O	O	O	O	_	_	_	_	_	_
u	O	O	O	O	O	O	_	_	_	_	_	_
fs	O	O	O	O	O	O	_	_	_	_	_	_
.	O	O	O	O	O	O	_	_	_	EndOfSentence	_	_
ne	O	O	O	O	O	O	_	_	_	_	_	_
le	O	O	O	O	O	O	_	_	_	_	_	_
corps	O	O	O	O	O	O	_	_	_	_	_	_
de	O	O	O	O	O	O	_	_	_	_	_	_
M	O	O	O	O	O	O	_	_	_	_	_	_
.	O	O	O	O	O	O	_	_	_	EndOfSentence	_	_
Carnot	O	O	O	O	O	O	_	_	_	_	_	_
est	O	O	O	O	O	O	_	_	_	_	_	_
arrivé	O	O	O	O	O	O	_	_	EndOfLine	_	_	_
# segment_iiif_link = https://impresso-project.ch/api/proxy/iiif/LLE-1894-06-27-a-p0001/40,1501,587,59/full/0/default.jpg
8	O	O	O	O	O	O	_	_	_	_	_	_
a	O	O	O	O	O	O	_	_	_	_	_	_
.	O	O	O	O	O	O	_	_	_	EndOfSentence	_	_
on	O	O	O	O	O	O	_	_	_	_	_	_
are	O	O	O	O	O	O	_	_	_	_	_	_
on	O	O	O	O	O	O	_	_	_	_	_	_
la	O	O	O	O	O	O	_	_	_	_	_	_
^	O	O	O	O	O	O	_	_	_	_	_	_
posê	O	O	O	O	O	O	_	_	_	_	_	_
dans	O	O	O	O	O	O	_	_	_	_	_	_
un	O	O	O	O	O	O	_	_	EndOfLine	_	_	_
# segment_iiif_link = https://impresso-project.ch/api/proxy/iiif/LLE-1894-06-27-a-p0001/395,1519,244,65/full/0/default.jpg
wagonont	O	O	O	O	O	O	_	_	_	_	_	_
ies	O	O	O	O	O	O	_	_	EndOfLine	_	_	_
# segment_iiif_link = https://impresso-project.ch/api/proxy/iiif/LLE-1894-06-27-a-p0001/40,1528,549,65/full/0/default.jpg
Offlp	O	O	O	O	O	O	_	_	_	_	_	_
*	O	O	O	O	O	O	_	_	_	_	_	_
u	O	O	O	O	O	O	_	_	_	_	_	_
i	O	O	O	O	O	O	_	_	_	_	_	_
ram	O	O	O	O	O	O	_	_	_	_	_	_
spécial	O	O	O	O	O	O	_	_	_	_	_	_
ou	O	O	O	O	O	O	_	_	_	_	_	_
pris	O	O	O	O	O	O	_	_	_	_	_	_
piace	O	O	O	O	O	O	_	_	EndOfLine	_	_	_
# segment_iiif_link = https://impresso-project.ch/api/proxy/iiif/LLE-1894-06-27-a-p0001/38,1559,602,64/full/0/default.jpg
dA	O	O	O	O	O	O	_	_	_	_	_	_
\	O	O	O	O	O	O	_	_	_	_	_	_
.	O	O	O	O	O	O	_	_	_	EndOfSentence	_	_
%	O	O	O	O	O	O	_	_	_	_	_	_
.	O	O	O	O	O	O	_	_	_	EndOfSentence	_	_
&	O	O	O	O	O	O	_	_	_	_	_	_
de	O	O	O	O	O	O	_	_	_	_	_	_
la	O	O	O	O	O	O	_	_	_	_	_	_
maison	O	O	O	O	O	O	_	_	_	_	_	_
militaire	O	O	O	O	O	O	_	_	_	_	_	_
du	O	O	O	O	O	O	_	_	_	_	_	_
président	O	O	O	O	O	O	_	_	EndOfLine	_	_	_
# segment_iiif_link = https://impresso-project.ch/api/proxy/iiif/LLE-1894-06-27-a-p0001/38,1586,231,65/full/0/default.jpg
^	O	O	O	O	O	O	_	_	_	_	_	_
Ré	O	O	O	O	O	O	_	_	_	_	_	_
publique	O	O	O	O	O	O	_	_	_	_	_	_
.	O	O	O	O	O	O	_	_	EndOfLine	EndOfSentence	_	_
# segment_iiif_link = https://impresso-project.ch/api/proxy/iiif/LLE-1894-06-27-a-p0001/38,1612,599,65/full/0/default.jpg
»	O	O	O	O	O	O	_	_	_	_	_	_
„	O	O	O	O	O	O	_	_	NoSpaceAfter	_	_	_
„	O	O	O	O	O	O	_	_	_	_	_	_
,	O	O	O	O	O	O	_	_	_	_	_	_
Carnot	O	O	O	O	O	O	_	_	_	_	_	_
et	O	O	O	O	O	O	_	_	_	_	_	_
*	O	O	O	O	O	O	_	_	_	_	_	_
es	O	O	O	O	O	O	_	_	_	_	_	_
fils	O	O	O	O	O	O	_	_	_	_	_	_
sont	O	O	O	O	O	O	_	_	_	_	_	_
montés	O	O	O	O	O	O	_	_	_	_	_	_
dans	O	O	O	O	O	O	_	_	EndOfLine	_	_	_
# segment_iiif_link = https://impresso-project.ch/api/proxy/iiif/LLE-1894-06-27-a-p0001/40,1631,220,59/full/0/default.jpg
Hû	O	O	O	O	O	O	_	_	_	_	_	_
autre	O	O	O	O	O	O	_	_	_	_	_	_
^	O	O	O	O	O	O	_	_	_	_	_	_
gon	O	O	O	O	O	O	_	_	_	_	_	_
.	O	O	O	O	O	O	_	_	EndOfLine	EndOfSentence	_	_
# segment_iiif_link = https://impresso-project.ch/api/proxy/iiif/LLE-1894-06-27-a-p0001/61,1662,407,66/full/0/default.jpg
446	O	O	O	O	O	O	_	_	_	_	_	_
train	O	O	O	O	O	O	_	_	_	_	_	_
est	O	O	O	O	O	O	_	_	_	_	_	_
parti	O	O	O	O	O	O	_	_	_	_	_	_
à	O	O	O	O	O	O	_	_	_	_	_	_
6	O	O	O	O	O	O	_	_	_	_	_	_
heures	O	O	O	O	O	O	_	_	_	_	_	_
.	O	O	O	O	O	O	_	_	EndOfLine	EndOfSentence	_	_
# segment_iiif_link = https://impresso-project.ch/api/proxy/iiif/LLE-1894-06-27-a-p0001/64,1710,543,64/full/0/default.jpg
t	O	O	O	O	O	O	_	_	_	_	_	_
Paris	O	O	O	O	O	O	_	_	_	_	_	_
,	O	O	O	O	O	O	_	_	_	_	_	_
26	O	O	O	O	O	O	_	_	_	_	_	_
juin	O	O	O	O	O	O	_	_	_	_	_	_
.	O	O	O	O	O	O	_	_	EndOfLine	EndOfSentence	_	_
# segment_iiif_link = https://impresso-project.ch/api/proxy/iiif/LLE-1894-06-27-a-p0001/40,1747,599,67/full/0/default.jpg
soir	O	O	O	O	O	O	_	_	_	_	_	_
A	O	O	O	O	O	O	_	_	_	_	_	_
,	O	O	O	O	O	O	_	_	_	_	_	_
ail	O	O	O	O	O	O	_	_	_	_	_	_
1	O	O	O	O	O	O	_	_	_	_	_	_
funéraire	O	O	O	O	O	O	_	_	_	_	_	_
est	O	O	O	O	O	O	_	_	_	_	_	_
parti	O	O	O	O	O	O	_	_	_	_	_	_
de	O	O	O	O	O	O	_	_	_	_	_	_
Lyon	O	O	O	O	O	O	_	_	_	_	_	_
hier	O	O	O	O	O	O	_	_	EndOfLine	_	_	_
# segment_iiif_link = https://impresso-project.ch/api/proxy/iiif/LLE-1894-06-27-a-p0001/66,1778,223,65/full/0/default.jpg
È	O	O	O	O	O	O	_	_	_	_	_	_
*	O	O	O	O	O	O	_	_	_	_	_	_
7	O	O	O	O	O	O	_	_	_	_	_	_
heures	O	O	O	O	O	O	_	_	_	_	_	_
40	O	O	O	O	O	O	_	_	_	_	_	_
.	O	O	O	O	O	O	_	_	EndOfLine	EndOfSentence	_	_
# segment_iiif_link = https://impresso-project.ch/api/proxy/iiif/LLE-1894-06-27-a-p0001/35,1814,605,67/full/0/default.jpg
JusoiiM	O	O	O	O	O	O	_	_	_	_	_	_
î	O	O	O	O	O	O	_	_	_	_	_	_
°	O	O	O	O	O	O	_	_	_	_	_	_
utes	O	O	O	O	O	O	_	_	_	_	_	_
les	O	O	O	O	O	O	_	_	_	_	_	_
gares	O	O	O	O	O	O	_	_	_	_	_	_
de	O	O	O	O	O	O	_	_	_	_	_	_
son	O	O	O	O	O	O	_	_	_	_	_	_
parcours	O	O	O	O	O	O	_	_	_	_	_	_
,	O	O	O	O	O	O	_	_	EndOfLine	_	_	_
# segment_iiif_link = https://impresso-project.ch/api/proxy/iiif/LLE-1894-06-27-a-p0001/38,1843,604,65/full/0/default.jpg
Ion	O	O	O	O	O	O	_	_	_	_	_	_
»	O	O	O	O	O	O	_	_	_	_	_	_
A	O	O	O	O	O	O	_	_	_	_	_	_
r	O	O	O	O	O	O	_	_	_	_	_	_
11	O	O	O	O	O	O	_	_	_	_	_	_
«	O	O	O	O	O	O	_	_	_	_	_	_
it	O	O	O	O	O	O	_	_	_	_	_	_
.	O	O	O	O	O	O	_	_	_	_	_	_
^	O	O	O	O	O	O	_	_	_	_	_	_
foul	O	O	O	O	O	O	_	_	_	_	_	_
9	O	O	O	O	O	O	_	_	_	_	_	_
formai	O	O	O	O	O	O	_	_	_	_	_	_
*	O	O	O	O	O	O	_	_	_	_	_	_
ia	O	O	O	O	O	O	_	_	_	_	_	_
baie	O	O	O	O	O	O	_	_	_	_	_	_
le	O	O	O	O	O	O	_	_	EndOfLine	_	_	_
# segment_iiif_link = https://impresso-project.ch/api/proxy/iiif/LLE-1894-06-27-a-p0001/68,1876,41,66/full/0/default.jpg
Ces	O	O	O	O	O	O	_	_	EndOfLine	_	_	_
# segment_iiif_link = https://impresso-project.ch/api/proxy/iiif/LLE-1894-06-27-a-p0001/108,1885,134,64/full/0/default.jpg
.	O	O	O	O	O	O	_	_	_	_	_	_
A	O	O	O	O	O	O	_	_	_	_	_	_
*	O	O	O	O	O	O	_	_	_	_	_	_
Voie	O	O	O	O	O	O	_	_	_	_	_	_
*	O	O	O	O	O	O	_	_	EndOfLine	_	_	_
# segment_iiif_link = https://impresso-project.ch/api/proxy/iiif/LLE-1894-06-27-a-p0001/41,1902,599,64/full/0/default.jpg
d	O	O	O	O	O	O	_	_	_	_	_	_
autant	O	O	O	O	O	O	_	_	_	_	_	_
,	O	O	O	O	O	O	_	_	_	_	_	_
°	O	O	O	O	O	O	_	_	_	_	_	_
nstrat	O	O	O	O	O	O	_	_	NoSpaceAfter	_	_	_
-	O	O	O	O	O	O	_	_	_	_	_	_
on	O	O	O	O	O	O	_	_	_	_	_	_
8	O	O	O	O	O	O	_	_	_	_	_	_
populaires	O	O	O	O	O	O	_	_	_	_	_	_
étaient	O	O	O	O	O	O	_	_	EndOfLine	_	_	_
# segment_iiif_link = https://impresso-project.ch/api/proxy/iiif/LLE-1894-06-27-a-p0001/41,1938,598,66/full/0/default.jpg
absoliim	O	O	O	O	O	O	_	_	_	_	_	_
p	O	O	O	O	O	O	_	_	_	_	_	_
Ua	O	O	O	O	O	O	_	_	_	_	_	_
touchantes	O	O	O	O	O	O	_	_	_	_	_	_
quelles	O	O	O	O	O	O	_	_	_	_	_	_
navaient	O	O	O	O	O	O	_	_	EndOfLine	_	_	_
# segment_iiif_link = https://impresso-project.ch/api/proxy/iiif/LLE-1894-06-27-a-p0001/66,1974,324,64/full/0/default.jpg
Le	O	O	O	O	O	O	_	_	_	_	_	_
t	O	O	O	O	O	O	_	_	_	_	_	_
*	O	O	O	O	O	O	_	_	NoSpaceAfter	_	_	_
_	O	O	O	O	O	O	_	_	_	_	_	_
-	O	O	O	O	O	O	_	_	_	_	_	_
1	O	O	O	O	O	O	_	_	_	_	_	_
rien	O	O	O	O	O	O	_	_	_	_	_	_
dofficiel	O	O	O	O	O	O	_	_	_	_	_	_
.	O	O	O	O	O	O	_	_	EndOfLine	_	_	_
# segment_iiif_link = https://impresso-project.ch/api/proxy/iiif/LLE-1894-06-27-a-p0001/35,1993,605,64/full/0/default.jpg
jj	O	O	O	O	O	O	_	_	_	_	_	_
e	O	O	O	O	O	O	_	_	_	_	_	_
m	O	O	O	O	O	O	_	_	_	_	_	_
raa	O	O	O	O	O	O	_	_	_	_	_	_
-	O	O	O	O	O	O	_	_	_	_	_	_
ne	O	O	O	O	O	O	_	_	_	_	_	_
s	O	O	O	O	O	O	_	_	_	_	_	_
est	O	O	O	O	O	O	_	_	_	_	_	_
arrêté	O	O	O	O	O	O	_	_	_	_	_	_
qu	O	O	O	O	O	O	_	_	_	_	_	_
aux	O	O	O	O	O	O	_	_	_	_	_	_
gares	O	O	O	O	O	O	_	_	_	_	_	_
de	O	O	O	O	O	O	_	_	EndOfLine	_	_	_
# segment_iiif_link = https://impresso-project.ch/api/proxy/iiif/LLE-1894-06-27-a-p0001/74,2015,386,66/full/0/default.jpg
*	O	O	O	O	O	O	_	_	_	_	_	_
uurnus	O	O	O	O	O	O	_	_	_	_	_	_
,	O	O	O	O	O	O	_	_	_	_	_	_
Dijon	O	O	O	O	O	O	_	_	_	_	_	_
et	O	O	O	O	O	O	_	_	_	_	_	_
Laroche	O	O	O	O	O	O	_	_	_	_	_	_
.	O	O	O	O	O	O	_	_	EndOfLine	_	_	_
# segment_iiif_link = https://impresso-project.ch/api/proxy/iiif/LLE-1894-06-27-a-p0001/33,2059,607,67/full/0/default.jpg
d	O	O	O	O	O	O	_	_	_	_	_	_
(	O	O	O	O	O	O	_	_	_	_	_	_
.	O	O	O	O	O	O	_	_	_	_	_	_
«	O	O	O	O	O	O	_	_	_	_	_	_
*	O	O	O	O	O	O	_	_	_	_	_	_
,	O	O	O	O	O	O	_	_	_	_	_	_
on	O	O	O	O	O	O	_	_	_	_	_	_
>	O	O	O	O	O	O	_	_	_	_	_	_
la	O	O	O	O	O	O	_	_	_	_	_	_
population	O	O	O	O	O	O	_	_	_	_	_	_
respectueusement	O	O	O	O	O	O	_	_	EndOfLine	_	_	_
# segment_iiif_link = https://impresso-project.ch/api/proxy/iiif/LLE-1894-06-27-a-p0001/46,2075,430,64/full/0/default.jpg
«	O	O	O	O	O	O	_	_	_	_	_	_
couverte	O	O	O	O	O	O	_	_	_	_	_	_
avait	O	O	O	O	O	O	_	_	_	_	_	_
envahi	O	O	O	O	O	O	_	_	_	_	_	_
la	O	O	O	O	O	O	_	_	_	_	_	_
voie	O	O	O	O	O	O	_	_	_	_	_	_
.	O	O	O	O	O	O	_	_	EndOfLine	_	_	_
# segment_iiif_link = https://impresso-project.ch/api/proxy/iiif/LLE-1894-06-27-a-p0001/38,2106,593,66/full/0/default.jpg
.	O	O	O	O	O	O	_	_	_	_	_	_
Le	O	O	O	O	O	O	_	_	_	_	_	_
corps	O	O	O	O	O	O	_	_	_	_	_	_
des	O	O	O	O	O	O	_	_	_	_	_	_
officiers	O	O	O	O	O	O	_	_	_	_	_	_
et	O	O	O	O	O	O	_	_	_	_	_	_
les	O	O	O	O	O	O	_	_	_	_	_	_
liauts	O	O	O	O	O	O	_	_	EndOfLine	_	_	_
# segment_iiif_link = https://impresso-project.ch/api/proxy/iiif/LLE-1894-06-27-a-p0001/36,2130,604,73/full/0/default.jpg
fonc	O	O	O	O	O	O	_	_	NoSpaceAfter	_	_	_
-	O	O	O	O	O	O	_	_	NoSpaceAfter	_	_	_
*	O	O	O	O	O	O	_	_	_	_	_	_
°	O	O	O	O	O	O	_	_	_	_	_	_
ûnaires	O	O	O	O	O	O	_	_	_	_	_	_
ont	O	O	O	O	O	O	_	_	_	_	_	_
défilé	O	O	O	O	O	O	_	_	_	_	_	_
devant	O	O	O	O	O	O	_	_	_	_	_	_
le	O	O	O	O	O	O	_	_	_	_	_	_
cercueil	O	O	O	O	O	O	_	_	_	_	_	_
et	O	O	O	O	O	O	_	_	EndOfLine	_	_	_
# segment_iiif_link = https://impresso-project.ch/api/proxy/iiif/LLE-1894-06-27-a-p0001/35,2171,605,66/full/0/default.jpg
levant	O	O	O	O	O	O	_	_	_	_	_	_
le	O	O	O	O	O	O	_	_	_	_	_	_
compartiment	O	O	O	O	O	O	_	_	_	_	_	_
quoccupaient	O	O	O	O	O	O	_	_	_	_	_	_
M	O	O	O	O	O	O	_	_	_	_	_	_
me	O	O	O	O	O	O	_	_	EndOfLine	_	_	_
# segment_iiif_link = https://impresso-project.ch/api/proxy/iiif/LLE-1894-06-27-a-p0001/35,2198,410,67/full/0/default.jpg
^	O	O	O	O	O	O	_	_	_	_	_	_
not	O	O	O	O	O	O	_	_	_	_	_	_
,	O	O	O	O	O	O	_	_	_	_	_	_
ses	O	O	O	O	O	O	_	_	_	_	_	_
flls	O	O	O	O	O	O	_	_	_	_	_	_
et	O	O	O	O	O	O	_	_	_	_	_	_
son	O	O	O	O	O	O	_	_	_	_	_	_
gendre	O	O	O	O	O	O	_	_	_	_	_	_
.	O	O	O	O	O	O	_	_	EndOfLine	_	_	_
# segment_iiif_link = https://impresso-project.ch/api/proxy/iiif/LLE-1894-06-27-a-p0001/33,2251,598,60/full/0/default.jpg
0	O	O	O	O	O	O	_	_	_	_	_	_
ici	O	O	O	O	O	O	_	_	_	_	_	_
,	O	O	O	O	O	O	_	_	_	_	_	_
MM	O	O	O	O	O	O	_	_	_	_	_	_
.	O	O	O	O	O	O	_	_	_	_	_	_
Sadi	O	O	O	O	O	O	_	_	_	_	_	_
Carnot	O	O	O	O	O	O	_	_	_	_	_	_
,	O	O	O	O	O	O	_	_	_	_	_	_
fils	O	O	O	O	O	O	_	_	_	_	_	_
,	O	O	O	O	O	O	_	_	_	_	_	_
et	O	O	O	O	O	O	_	_	EndOfLine	_	_	_
# segment_iiif_link = https://impresso-project.ch/api/proxy/iiif/LLE-1894-06-27-a-p0001/33,2291,596,64/full/0/default.jpg
Cunisset	O	O	O	O	O	O	_	_	NoSpaceAfter	_	_	_
-	O	O	O	O	O	O	_	_	NoSpaceAfter	_	_	_
^	O	O	O	O	O	O	_	_	_	_	_	_
amot	O	O	O	O	O	O	_	_	_	_	_	_
,	O	O	O	O	O	O	_	_	_	_	_	_
gendre	O	O	O	O	O	O	_	_	_	_	_	_
du	O	O	O	O	O	O	_	_	_	_	_	_
président	O	O	O	O	O	O	_	_	_	_	_	_
de	O	O	O	O	O	O	_	_	_	_	_	_
la	O	O	O	O	O	O	_	_	EndOfLine	_	_	_
# segment_iiif_link = https://impresso-project.ch/api/proxy/iiif/LLE-1894-06-27-a-p0001/35,2291,607,64/full/0/default.jpg
Républi	O	O	O	O	O	O	_	_	NoSpaceAfter	_	_	_
-	O	O	O	O	O	O	_	_	NoSpaceAfter	_	_	_
Htte	O	O	O	O	O	O	_	_	_	_	_	_
se	O	O	O	O	O	O	_	_	_	_	_	_
sont	O	O	O	O	O	O	_	_	_	_	_	_
séparés	O	O	O	O	O	O	_	_	_	_	_	_
de	O	O	O	O	O	O	_	_	_	_	_	_
M	O	O	O	O	O	O	_	_	_	_	_	_
*	O	O	O	O	O	O	_	_	NoSpaceAfter	_	_	_
*	O	O	O	O	O	O	_	_	_	_	_	_
-	O	O	O	O	O	O	_	_	_	_	_	_
0	O	O	O	O	O	O	_	_	_	_	_	_
Carnot	O	O	O	O	O	O	_	_	_	_	_	_
qui	O	O	O	O	O	O	_	_	_	_	_	_
a	O	O	O	O	O	O	_	_	EndOfLine	_	_	_
# segment_iiif_link = https://impresso-project.ch/api/proxy/iiif/LLE-1894-06-27-a-p0001/38,2325,602,66/full/0/default.jpg
3	O	O	O	O	O	O	_	_	_	_	_	_
tinué	O	O	O	O	O	O	_	_	_	_	_	_
sa	O	O	O	O	O	O	_	_	_	_	_	_
route	O	O	O	O	O	O	_	_	_	_	_	_
sur	O	O	O	O	O	O	_	_	_	_	_	_
Paris	O	O	O	O	O	O	_	_	_	_	_	_
avec	O	O	O	O	O	O	_	_	_	_	_	_
son	O	O	O	O	O	O	_	_	_	_	_	_
autre	O	O	O	O	O	O	_	_	EndOfLine	_	_	_
# segment_iiif_link = https://impresso-project.ch/api/proxy/iiif/LLE-1894-06-27-a-p0001/38,2404,593,65/full/0/default.jpg
«	O	O	O	O	O	O	_	_	_	_	_	_
I	O	O	O	O	O	O	_	_	_	_	_	_
pai	O	O	O	O	O	O	_	_	_	_	_	_
8	O	O	O	O	O	O	_	_	_	_	_	_
-	O	O	O	O	O	O	_	_	_	_	_	_
5	O	O	O	O	O	O	_	_	_	_	_	_
e	O	O	O	O	O	O	_	_	_	_	_	_
corps	O	O	O	O	O	O	_	_	_	_	_	_
a	O	O	O	O	O	O	_	_	_	_	_	_
été	O	O	O	O	O	O	_	_	_	_	_	_
reçu	O	O	O	O	O	O	_	_	_	_	_	_
par	O	O	O	O	O	O	_	_	_	_	_	_
le	O	O	O	O	O	O	_	_	_	_	_	_
8	O	O	O	O	O	O	_	_	_	_	_	_
prin	O	O	O	O	O	O	_	_	EndOfLine	_	_	_
# segment_iiif_link = https://impresso-project.ch/api/proxy/iiif/LLE-1894-06-27-a-p0001/66,2443,277,65/full/0/default.jpg
U	O	O	O	O	O	O	_	_	_	_	_	_
^	O	O	O	O	O	O	_	_	_	_	_	_
fonctionnaire	O	O	O	O	O	O	_	_	_	_	_	_
8	O	O	O	O	O	O	_	_	_	_	_	_
*	O	O	O	O	O	O	_	_	EndOfLine	_	_	_
# segment_iiif_link = https://impresso-project.ch/api/proxy/iiif/LLE-1894-06-27-a-p0001/41,2464,601,66/full/0/default.jpg
J	O	O	O	O	O	O	_	_	_	_	_	_
?	O	O	O	O	O	O	_	_	_	_	_	_
o	O	O	O	O	O	O	_	_	_	_	_	_
Uh	O	O	O	O	O	O	_	_	_	_	_	_
,	O	O	O	O	O	O	_	_	_	_	_	_
recteur	O	O	O	O	O	O	_	_	_	_	_	_
de	O	O	O	O	O	O	_	_	_	_	_	_
la	O	O	O	O	O	O	_	_	_	_	_	_
sûreté	O	O	O	O	O	O	_	_	_	_	_	_
générale	O	O	O	O	O	O	_	_	_	_	_	_
,	O	O	O	O	O	O	_	_	_	_	_	_
MM	O	O	O	O	O	O	_	_	_	_	_	_
.	O	O	O	O	O	O	_	_	EndOfLine	_	_	_
# segment_iiif_link = https://impresso-project.ch/api/proxy/iiif/LLE-1894-06-27-a-p0001/40,2505,604,65/full/0/default.jpg
préâSt	O	O	O	O	O	O	_	_	_	_	_	_
Lépine	O	O	O	O	O	O	_	_	_	_	_	_
etc	O	O	O	O	O	O	_	_	NoSpaceAfter	_	_	_
-	O	O	O	O	O	O	_	_	_	_	_	_
étaient	O	O	O	O	O	O	_	_	_	_	_	_
également	O	O	O	O	O	O	_	_	EndOfLine	_	_	_
# segment_iiif_link = https://impresso-project.ch/api/proxy/iiif/LLE-1894-06-27-a-p0001/40,2563,600,65/full/0/default.jpg
des	O	O	O	O	O	O	_	_	_	_	_	_
tw	O	O	O	O	O	O	_	_	_	_	_	_
CeQil	O	O	O	O	O	O	_	_	_	_	_	_
a	O	O	O	O	O	O	_	_	_	_	_	_
été	O	O	O	O	O	O	_	_	_	_	_	_
déposé	O	O	O	O	O	O	_	_	_	_	_	_
dans	O	O	O	O	O	O	_	_	_	_	_	_
un	O	O	O	O	O	O	_	_	_	_	_	_
fourgon	O	O	O	O	O	O	_	_	EndOfLine	_	_	_
# segment_iiif_link = https://impresso-project.ch/api/proxy/iiif/LLE-1894-06-27-a-p0001/41,2596,601,59/full/0/default.jpg
Ci	O	O	O	O	O	O	_	_	_	_	_	_
»	O	O	O	O	O	O	_	_	_	_	_	_
q	O	O	O	O	O	O	_	_	_	_	_	_
W	O	O	O	O	O	O	_	_	_	_	_	_
,	O	O	O	O	O	O	_	_	_	_	_	_
es	O	O	O	O	O	O	_	_	_	_	_	_
fuuèbrea	O	O	O	O	O	O	_	_	_	_	_	_
et	O	O	O	O	O	O	_	_	_	_	_	_
conduit	O	O	O	O	O	O	_	_	_	_	_	_
à	O	O	O	O	O	O	_	_	_	_	_	_
lElysée	O	O	O	O	O	O	_	_	_	_	_	_
,	O	O	O	O	O	O	_	_	EndOfLine	_	_	_
# segment_iiif_link = https://impresso-project.ch/api/proxy/iiif/LLE-1894-06-27-a-p0001/43,2627,597,64/full/0/default.jpg
occupé	O	O	O	O	O	O	_	_	_	_	_	_
,	O	O	O	O	O	O	_	_	_	_	_	_
)	O	O	O	O	O	O	_	_	_	_	_	_
Ures	O	O	O	O	O	O	_	_	_	_	_	_
suivaient	O	O	O	O	O	O	_	_	_	_	_	_
,	O	O	O	O	O	O	_	_	_	_	_	_
dont	O	O	O	O	O	O	_	_	_	_	_	_
le	O	O	O	O	O	O	_	_	_	_	_	_
landau	O	O	O	O	O	O	_	_	EndOfLine	_	_	_
# segment_iiif_link = https://impresso-project.ch/api/proxy/iiif/LLE-1894-06-27-a-p0001/69,2661,497,66/full/0/default.jpg
Aux	O	O	O	O	O	O	_	_	_	_	_	_
ak	O	O	O	O	O	O	_	_	_	_	_	_
^	O	O	O	O	O	O	_	_	_	_	_	_
me	O	O	O	O	O	O	_	_	_	_	_	_
Garnot	O	O	O	O	O	O	_	_	_	_	_	_
et	O	O	O	O	O	O	_	_	_	_	_	_
se	O	O	O	O	O	O	_	_	_	_	_	_
8	O	O	O	O	O	O	_	_	_	_	_	_
enfants	O	O	O	O	O	O	_	_	_	_	_	_
.	O	O	O	O	O	O	_	_	EndOfLine	EndOfSentence	_	_
# segment_iiif_link = https://impresso-project.ch/api/proxy/iiif/LLE-1894-06-27-a-p0001/40,2690,605,67/full/0/default.jpg
fouie	O	O	O	O	O	O	_	_	_	_	_	_
d	O	O	O	O	O	O	_	_	_	_	_	_
°	O	O	O	O	O	O	_	_	_	_	_	_
P	O	O	O	O	O	O	_	_	_	_	_	_
(	O	O	O	O	O	O	_	_	_	_	_	_
-	O	O	O	O	O	O	_	_	NoSpaceAfter	_	_	_
s	O	O	O	O	O	O	_	_	_	_	_	_
de	O	O	O	O	O	O	_	_	_	_	_	_
la	O	O	O	O	O	O	_	_	_	_	_	_
gare	O	O	O	O	O	O	_	_	_	_	_	_
stationnait	O	O	O	O	O	O	_	_	_	_	_	_
une	O	O	O	O	O	O	_	_	EndOfLine	_	_	_
# segment_iiif_link = https://impresso-project.ch/api/proxy/iiif/LLE-1894-06-27-a-p0001/40,2716,604,65/full/0/default.jpg
oui	O	O	O	O	O	O	_	_	_	_	_	_
.	O	O	O	O	O	O	_	_	NoSpaceAfter	EndOfSentence	_	_
,	O	O	O	O	O	O	_	_	_	_	_	_
„	O	O	O	O	O	O	_	_	_	_	_	_
?	O	O	O	O	O	O	_	_	_	EndOfSentence	_	_
.	O	O	O	O	O	O	_	_	_	EndOfSentence	_	_
Plusieurs	O	O	O	O	O	O	_	_	_	_	_	_
milliers	O	O	O	O	O	O	_	_	_	_	_	_
do	O	O	O	O	O	O	_	_	_	_	_	_
neraonnes	O	O	O	O	O	O	_	_	EndOfLine	_	_	_
# segment_iiif_link = https://impresso-project.ch/api/proxy/iiif/LLE-1894-06-27-a-p0001/38,2750,606,65/full/0/default.jpg
le	O	O	O	O	O	O	_	_	_	_	_	_
Da	O	O	O	O	O	O	_	_	_	_	_	_
»	O	O	O	O	O	O	_	_	_	_	_	_
o	O	O	O	O	O	O	_	_	_	_	_	_
5	O	O	O	O	O	O	_	_	_	_	_	_
ouvraient	O	O	O	O	O	O	_	_	_	_	_	_
respectueusement	O	O	O	O	O	O	_	_	_	_	_	_
sur	O	O	O	O	O	O	_	_	EndOfLine	_	_	_
# segment_iiif_link = https://impresso-project.ch/api/proxy/iiif/LLE-1894-06-27-a-p0001/66,2773,282,66/full/0/default.jpg
£	O	O	O	O	O	O	_	_	_	_	_	_
j	O	O	O	O	O	O	_	_	_	_	_	_
8	O	O	O	O	O	O	_	_	_	_	_	_
«	O	O	O	O	O	O	_	_	_	_	_	_
a	O	O	O	O	O	O	_	_	_	_	_	_
8	O	O	O	O	O	O	_	_	_	_	_	_
e	O	O	O	O	O	O	_	_	_	_	_	_
du	O	O	O	O	O	O	_	_	_	_	_	_
cercueil	O	O	O	O	O	O	_	_	_	_	_	_
,	O	O	O	O	O	O	_	_	EndOfLine	_	_	_
# segment_iiif_link = https://impresso-project.ch/api/proxy/iiif/LLE-1894-06-27-a-p0001/38,2817,596,66/full/0/default.jpg
vorsé	O	O	O	O	O	O	_	_	_	_	_	_
i	O	O	O	O	O	O	_	_	_	_	_	_
2	O	O	O	O	O	O	_	_	_	_	_	_
r	O	O	O	O	O	O	_	_	_	_	_	_
i	O	O	O	O	O	O	_	_	_	_	_	_
°	O	O	O	O	O	O	_	_	_	_	_	_
8	O	O	O	O	O	O	_	_	_	_	_	_
e	O	O	O	O	O	O	_	_	_	_	_	_
a	O	O	O	O	O	O	_	_	_	_	_	_
gag	O	O	O	O	O	O	_	_	NoSpaceAfter	_	_	_
-	O	O	O	O	O	O	_	_	NoSpaceAfter	_	_	_
lé	O	O	O	O	O	O	_	_	_	_	_	_
le	O	O	O	O	O	O	_	_	_	_	_	_
pont	O	O	O	O	O	O	_	_	_	_	_	_
Sully	O	O	O	O	O	O	_	_	_	_	_	_
,	O	O	O	O	O	O	_	_	EndOfLine	_	_	_
# segment_iiif_link = https://impresso-project.ch/api/proxy/iiif/LLE-1894-06-27-a-p0001/40,2848,602,66/full/0/default.jpg
tra	O	O	O	O	O	O	_	_	NoSpaceAfter	_	_	_
-	O	O	O	O	O	O	_	_	NoSpaceAfter	_	_	_
Augai	O	O	O	O	O	O	_	_	_	_	_	_
,	O	O	O	O	O	O	_	_	_	_	_	_
*	O	O	O	O	O	O	_	_	_	_	_	_
.	O	O	O	O	O	O	_	_	_	_	_	_
Seineet	O	O	O	O	O	O	_	_	_	_	_	_
le	O	O	O	O	O	O	_	_	_	_	_	_
faubourg	O	O	O	O	O	O	_	_	_	_	_	_
Saint	O	O	O	O	O	O	_	_	_	_	_	_
Honoré	O	O	O	O	O	O	_	_	_	_	_	_
.	O	O	O	O	O	O	_	_	EndOfLine	_	_	_
# segment_iiif_link = https://impresso-project.ch/api/proxy/iiif/LLE-1894-06-27-a-p0001/40,2877,605,70/full/0/default.jpg
refôrr	O	O	O	O	O	O	_	_	_	_	_	_
;	O	O	O	O	O	O	_	_	_	_	_	_
7	O	O	O	O	O	O	_	_	_	_	_	_
rentré	O	O	O	O	O	O	_	_	_	_	_	_
à	O	O	O	O	O	O	_	_	_	_	_	_
lElysée	O	O	O	O	O	O	_	_	_	_	_	_
,	O	O	O	O	O	O	_	_	_	_	_	_
la	O	O	O	O	O	O	_	_	_	_	_	_
grille	O	O	O	O	O	O	_	_	_	_	_	_
sest	O	O	O	O	O	O	_	_	EndOfLine	_	_	_
# segment_iiif_link = https://impresso-project.ch/api/proxy/iiif/LLE-1894-06-27-a-p0001/41,2932,604,65/full/0/default.jpg
*	O	O	O	O	O	O	_	_	_	_	_	_
ï	O	O	O	O	O	O	_	_	_	_	_	_
.	O	O	O	O	O	O	_	_	_	_	_	_
ai	O	O	O	O	O	O	_	_	_	_	_	_
8	O	O	O	O	O	O	_	_	_	_	_	_
o	O	O	O	O	O	O	_	_	_	_	_	_
(	O	O	O	O	O	O	_	_	_	_	_	_
L	O	O	O	O	O	O	_	_	_	_	_	_
0	O	O	O	O	O	O	_	_	_	_	_	_
r	O	O	O	O	O	O	_	_	_	_	_	_
P	O	O	O	O	O	O	_	_	_	_	_	_
8	O	O	O	O	O	O	_	_	_	_	_	_
a	O	O	O	O	O	O	_	_	_	_	_	_
été	O	O	O	O	O	O	_	_	_	_	_	_
reçu	O	O	O	O	O	O	_	_	_	_	_	_
par	O	O	O	O	O	O	_	_	_	_	_	_
les	O	O	O	O	O	O	_	_	_	_	_	_
officiers	O	O	O	O	O	O	_	_	_	_	_	_
de	O	O	O	O	O	O	_	_	_	_	_	_
la	O	O	O	O	O	O	_	_	EndOfLine	_	_	_
# segment_iiif_link = https://impresso-project.ch/api/proxy/iiif/LLE-1894-06-27-a-p0001/43,2970,602,66/full/0/default.jpg
salo	O	O	O	O	O	O	_	_	_	_	_	_
*	O	O	O	O	O	O	_	_	_	_	_	_
.	O	O	O	O	O	O	_	_	_	_	_	_
?	O	O	O	O	O	O	_	_	_	_	_	_
Militaire	O	O	O	O	O	O	_	_	_	_	_	_
et	O	O	O	O	O	O	_	_	_	_	_	_
déposé	O	O	O	O	O	O	_	_	_	_	_	_
dans	O	O	O	O	O	O	_	_	_	_	_	_
le	O	O	O	O	O	O	_	_	_	_	_	_
deuxième	O	O	O	O	O	O	_	_	EndOfLine	_	_	_
# segment_iiif_link = https://impresso-project.ch/api/proxy/iiif/LLE-1894-06-27-a-p0001/113,2995,454,65/full/0/default.jpg
transformé	O	O	O	O	O	O	_	_	_	_	_	_
en	O	O	O	O	O	O	_	_	_	_	_	_
chapelle	O	O	O	O	O	O	_	_	_	_	_	_
ardente	O	O	O	O	O	O	_	_	_	_	_	_
.	O	O	O	O	O	O	_	_	EndOfLine	_	_	_
# segment_iiif_link = https://impresso-project.ch/api/proxy/iiif/LLE-1894-06-27-a-p0001/38,3037,576,64/full/0/default.jpg
.	O	O	O	O	O	O	_	_	_	_	_	_
Le	O	O	O	O	O	O	_	_	_	_	_	_
w	O	O	O	O	O	O	_	_	_	_	_	_
Parla	O	O	O	O	O	O	_	_	_	_	_	_
,	O	O	O	O	O	O	_	_	_	_	_	_
26	O	O	O	O	O	O	_	_	_	_	_	_
juin	O	O	O	O	O	O	_	_	_	_	_	_
,	O	O	O	O	O	O	_	_	EndOfLine	_	_	_
# segment_iiif_link = https://impresso-project.ch/api/proxy/iiif/LLE-1894-06-27-a-p0001/64,3066,572,66/full/0/default.jpg
ot	O	O	O	O	O	O	_	_	_	_	_	_
e	O	O	O	O	O	O	_	_	NoSpaceAfter	_	_	_
-	O	O	O	O	O	O	_	_	NoSpaceAfter	_	_	_
tt	O	O	O	O	O	O	_	_	_	_	_	_
n	O	O	O	O	O	O	_	_	_	_	_	_
transportant	O	O	O	O	O	O	_	_	_	_	_	_
le	O	O	O	O	O	O	_	_	_	_	_	_
corps	O	O	O	O	O	O	_	_	_	_	_	_
de	O	O	O	O	O	O	_	_	_	_	_	_
M	O	O	O	O	O	O	_	_	_	_	_	_
.	O	O	O	O	O	O	_	_	EndOfLine	_	_	_
# segment_iiif_link = https://impresso-project.ch/api/proxy/iiif/LLE-1894-06-27-a-p0001/68,3103,485,65/full/0/default.jpg
Carte	O	O	O	O	O	O	_	_	_	_	_	_
e	O	O	O	O	O	O	_	_	_	_	_	_
arriyé	O	O	O	O	O	O	_	_	_	_	_	_
ici	O	O	O	O	O	O	_	_	_	_	_	_
â	O	O	O	O	O	O	_	_	_	_	_	_
3	O	O	O	O	O	O	_	_	_	_	_	_
Ji	O	O	O	O	O	O	_	_	_	_	_	_
.	O	O	O	O	O	O	_	_	_	_	_	_
15	O	O	O	O	O	O	_	_	_	_	_	_
du	O	O	O	O	O	O	_	_	_	_	_	_
matin	O	O	O	O	O	O	_	_	_	_	_	_
,	O	O	O	O	O	O	_	_	EndOfLine	_	_	_
# segment_iiif_link = https://impresso-project.ch/api/proxy/iiif/LLE-1894-06-27-a-p0001/40,3127,604,67/full/0/default.jpg
à	O	O	O	O	O	O	_	_	_	_	_	_
l	O	O	O	O	O	O	_	_	_	_	_	_
fîiy	O	O	O	O	O	O	_	_	_	_	_	_
I	O	O	O	O	O	O	_	_	_	_	_	_
Ceuil	O	O	O	O	O	O	_	_	_	_	_	_
a	O	O	O	O	O	O	_	_	_	_	_	_
é	O	O	O	O	O	O	_	_	_	_	_	_
*	O	O	O	O	O	O	_	_	_	_	_	_
-	O	O	O	O	O	O	_	_	NoSpaceAfter	_	_	_
è	O	O	O	O	O	O	_	_	_	_	_	_
conduit	O	O	O	O	O	O	_	_	_	_	_	_
immédiatement	O	O	O	O	O	O	_	_	EndOfLine	_	_	_
# segment_iiif_link = https://impresso-project.ch/api/proxy/iiif/LLE-1894-06-27-a-p0001/66,3198,545,64/full/0/default.jpg
Le	O	O	O	O	O	O	_	_	_	_	_	_
rft	O	O	O	O	O	O	_	_	_	_	_	_
Paris	O	O	O	O	O	O	_	_	_	_	_	_
,	O	O	O	O	O	O	_	_	_	_	_	_
26	O	O	O	O	O	O	_	_	_	_	_	_
juin	O	O	O	O	O	O	_	_	_	_	_	_
.	O	O	O	O	O	O	_	_	EndOfLine	_	_	_
# segment_iiif_link = https://impresso-project.ch/api/proxy/iiif/LLE-1894-06-27-a-p0001/38,3225,607,60/full/0/default.jpg
8	O	O	O	O	O	O	_	_	_	_	_	_
é	O	O	O	O	O	O	_	_	_	_	_	_
aoCft	O	O	O	O	O	O	_	_	_	_	_	_
eil	O	O	O	O	O	O	_	_	_	_	_	_
g	O	O	O	O	O	O	_	_	_	_	_	_
6	O	O	O	O	O	O	_	_	_	_	_	_
l	O	O	O	O	O	O	_	_	_	_	_	_
-	O	O	O	O	O	O	_	_	NoSpaceAfter	_	_	_
é	O	O	O	O	O	O	_	_	_	_	_	_
*	O	O	O	O	O	O	_	_	_	_	_	_
ral	O	O	O	O	O	O	_	_	_	_	_	_
de	O	O	O	O	O	O	_	_	_	_	_	_
la	O	O	O	O	O	O	_	_	_	_	_	_
Seine	O	O	O	O	O	O	_	_	_	_	_	_
a	O	O	O	O	O	O	_	_	_	_	_	_
levé	O	O	O	O	O	O	_	_	_	_	_	_
la	O	O	O	O	O	O	_	_	EndOfLine	_	_	_
# segment_iiif_link = https://impresso-project.ch/api/proxy/iiif/LLE-1894-06-27-a-p0001/66,3261,316,65/full/0/default.jpg
De	O	O	O	O	O	O	_	_	_	_	_	_
t	O	O	O	O	O	O	_	_	_	_	_	_
eû	O	O	O	O	O	O	_	_	_	_	_	_
s	O	O	O	O	O	O	_	_	_	_	_	_
8	O	O	O	O	O	O	_	_	_	_	_	_
ue	O	O	O	O	O	O	_	_	_	_	_	_
de	O	O	O	O	O	O	_	_	_	_	_	_
deuil	O	O	O	O	O	O	_	_	_	_	_	_
.	O	O	O	O	O	O	_	_	EndOfLine	_	_	_
# segment_iiif_link = https://impresso-project.ch/api/proxy/iiif/LLE-1894-06-27-a-p0001/38,3280,607,66/full/0/default.jpg
l	O	O	O	O	O	O	_	_	_	_	_	_
é	O	O	O	O	O	O	_	_	_	_	_	_
(	O	O	O	O	O	O	_	_	_	_	_	_
ran	O	O	O	O	O	O	_	_	_	_	_	_
0	O	O	O	O	O	O	_	_	_	_	_	_
u	O	O	O	O	O	O	_	_	_	_	_	_
-	O	O	O	O	O	O	_	_	NoSpaceAfter	_	_	_
es	O	O	O	O	O	O	_	_	_	_	_	_
es	O	O	O	O	O	O	_	_	_	_	_	_
parties	O	O	O	O	O	O	_	_	_	_	_	_
de	O	O	O	O	O	O	_	_	_	_	_	_
Ja	O	O	O	O	O	O	_	_	_	_	_	_
Franco	O	O	O	O	O	O	_	_	_	_	_	_
ct	O	O	O	O	O	O	_	_	_	_	_	_
de	O	O	O	O	O	O	_	_	EndOfLine	_	_	_
# segment_iiif_link = https://impresso-project.ch/api/proxy/iiif/LLE-1894-06-27-a-p0001/66,3325,417,64/full/0/default.jpg
M	O	O	O	O	O	O	_	_	_	_	_	_
rt	O	O	O	O	O	O	_	_	_	_	_	_
8	O	O	O	O	O	O	_	_	_	_	_	_
?	O	O	O	O	O	O	_	_	_	_	_	_
r	O	O	O	O	O	O	_	_	_	_	_	_
affluent	O	O	O	O	O	O	_	_	_	_	_	_
les	O	O	O	O	O	O	_	_	_	_	_	_
dépêches	O	O	O	O	O	O	_	_	_	_	_	_
.	O	O	O	O	O	O	_	_	EndOfLine	_	_	_
# segment_iiif_link = https://impresso-project.ch/api/proxy/iiif/LLE-1894-06-27-a-p0001/38,3347,606,64/full/0/default.jpg
dé	O	O	O	O	O	O	_	_	_	_	_	_
pêph	O	O	O	O	O	O	_	_	_	_	_	_
18	O	O	O	O	O	O	_	_	_	_	_	_
pi	O	O	O	O	O	O	_	_	_	_	_	_
a	O	O	O	O	O	O	_	_	_	_	_	_
adressé	O	O	O	O	O	O	_	_	_	_	_	_
à	O	O	O	O	O	O	_	_	_	_	_	_
Mme	O	O	O	O	O	O	_	_	_	_	_	_
Carnot	O	O	O	O	O	O	_	_	_	_	_	_
une	O	O	O	O	O	O	_	_	EndOfLine	_	_	_
# segment_iiif_link = https://impresso-project.ch/api/proxy/iiif/LLE-1894-06-27-a-p0001/38,3376,604,65/full/0/default.jpg
et	O	O	O	O	O	O	_	_	_	_	_	_
vj	O	O	O	O	O	O	_	_	_	_	_	_
^	O	O	O	O	O	O	_	_	_	_	_	_
.	O	O	O	O	O	O	_	_	_	_	_	_
e	O	O	O	O	O	O	_	_	_	_	_	_
.	O	O	O	O	O	O	_	_	_	_	_	_
dans	O	O	O	O	O	O	_	_	_	_	_	_
laquelle	O	O	O	O	O	O	_	_	_	_	_	_
il	O	O	O	O	O	O	_	_	_	_	_	_
dit	O	O	O	O	O	O	_	_	_	_	_	_
que	O	O	O	O	O	O	_	_	_	_	_	_
la	O	O	O	O	O	O	_	_	_	_	_	_
France	O	O	O	O	O	O	_	_	EndOfLine	_	_	_
# segment_iiif_link = https://impresso-project.ch/api/proxy/iiif/LLE-1894-06-27-a-p0001/41,3409,598,59/full/0/default.jpg
Ct	O	O	O	O	O	O	_	_	_	_	_	_
,	O	O	O	O	O	O	_	_	_	_	_	_
*	O	O	O	O	O	O	_	_	NoSpaceAfter	_	_	_
*	O	O	O	O	O	O	_	_	_	_	_	_
u	O	O	O	O	O	O	_	_	_	_	_	_
<	O	O	O	O	O	O	_	_	_	_	_	_
-	O	O	O	O	O	O	_	_	NoSpaceAfter	_	_	_
,	O	O	O	O	O	O	_	_	_	_	_	_
ne	O	O	O	O	O	O	_	_	_	_	_	_
Peuvent	O	O	O	O	O	O	_	_	_	_	_	_
voir	O	O	O	O	O	O	_	_	_	_	_	_
dans	O	O	O	O	O	O	_	_	_	_	_	_
un	O	O	O	O	O	O	_	_	_	_	_	_
pareil	O	O	O	O	O	O	_	_	EndOfLine	_	_	_
# segment_iiif_link = https://impresso-project.ch/api/proxy/iiif/LLE-1894-06-27-a-p0001/96,3429,496,60/full/0/default.jpg
0	O	O	O	O	O	O	_	_	_	_	_	_
W	O	O	O	O	O	O	_	_	_	_	_	_
un	O	O	O	O	O	O	_	_	_	_	_	_
attentat	O	O	O	O	O	O	_	_	_	_	_	_
contre	O	O	O	O	O	O	_	_	_	_	_	_
lhumanité	O	O	O	O	O	O	_	_	_	_	_	_
.	O	O	O	O	O	O	_	_	EndOfLine	_	_	_
# segment_iiif_link = https://impresso-project.ch/api/proxy/iiif/LLE-1894-06-27-a-p0001/64,3479,548,66/full/0/default.jpg
Ton	O	O	O	O	O	O	_	_	_	_	_	_
,	O	O	O	O	O	O	_	_	NoSpaceAfter	_	_	_
,	O	O	O	O	O	O	_	_	_	_	_	_
Paris	O	O	O	O	O	O	_	_	_	_	_	_
,	O	O	O	O	O	O	_	_	_	_	_	_
26	O	O	O	O	O	O	_	_	_	_	_	_
juin	O	O	O	O	O	O	_	_	_	_	_	_
.	O	O	O	O	O	O	_	_	EndOfLine	_	_	_
# segment_iiif_link = https://impresso-project.ch/api/proxy/iiif/LLE-1894-06-27-a-p0001/41,3503,604,64/full/0/default.jpg
ad	O	O	O	O	O	O	_	_	_	_	_	_
re	O	O	O	O	O	O	_	_	_	_	_	_
„	O	O	O	O	O	O	_	_	_	_	_	_
es	O	O	O	O	O	O	_	_	_	_	_	_
corps	O	O	O	O	O	O	_	_	_	_	_	_
constitués	O	O	O	O	O	O	_	_	_	_	_	_
de	O	O	O	O	O	O	_	_	_	_	_	_
France	O	O	O	O	O	O	_	_	_	_	_	_
ont	O	O	O	O	O	O	_	_	EndOfLine	_	_	_
# segment_iiif_link = https://impresso-project.ch/api/proxy/iiif/LLE-1894-06-27-a-p0001/66,3544,581,66/full/0/default.jpg
Le	O	O	O	O	O	O	_	_	_	_	_	_
»	O	O	O	O	O	O	_	_	_	_	_	_
w	O	O	O	O	O	O	_	_	_	_	_	_
6	O	O	O	O	O	O	_	_	_	_	_	_
?	O	O	O	O	O	O	_	_	_	EndOfSentence	_	_
condoléances	O	O	O	O	O	O	_	_	_	_	_	_
à	O	O	O	O	O	O	_	_	_	_	_	_
Madame	O	O	O	O	O	O	_	_	_	_	_	_
Carnot	O	O	O	O	O	O	_	_	_	_	_	_
.	O	O	O	O	O	O	_	_	EndOfLine	EndOfSentence	_	_
# segment_iiif_link = https://impresso-project.ch/api/proxy/iiif/LLE-1894-06-27-a-p0001/45,3563,594,64/full/0/default.jpg
ti	O	O	O	O	O	O	_	_	_	_	_	_
ea	O	O	O	O	O	O	_	_	_	_	_	_
,	O	O	O	O	O	O	_	_	_	_	_	_
a	O	O	O	O	O	O	_	_	_	_	_	_
6	O	O	O	O	O	O	_	_	_	_	_	_
Pêches	O	O	O	O	O	O	_	_	_	_	_	_
affluent	O	O	O	O	O	O	_	_	_	_	_	_
,	O	O	O	O	O	O	_	_	_	_	_	_
même	O	O	O	O	O	O	_	_	_	_	_	_
des	O	O	O	O	O	O	_	_	_	_	_	_
plus	O	O	O	O	O	O	_	_	EndOfLine	_	_	_
# segment_iiif_link = https://impresso-project.ch/api/proxy/iiif/LLE-1894-06-27-a-p0001/68,3602,196,67/full/0/default.jpg
pe	O	O	O	O	O	O	_	_	NoSpaceAfter	_	_	_
-	O	O	O	O	O	O	_	_	NoSpaceAfter	_	_	_
8	O	O	O	O	O	O	_	_	_	_	_	_
L	O	O	O	O	O	O	_	_	_	_	_	_
^	O	O	O	O	O	O	_	_	_	_	_	_
-	O	O	O	O	O	O	_	_	NoSpaceAfter	_	_	_
Sades	O	O	O	O	O	O	_	_	_	_	_	_
.	O	O	O	O	O	O	_	_	EndOfLine	EndOfSentence	_	_
# segment_iiif_link = https://impresso-project.ch/api/proxy/iiif/LLE-1894-06-27-a-p0001/46,3628,591,65/full/0/default.jpg
borg	O	O	O	O	O	O	_	_	_	_	_	_
ocoup	O	O	O	O	O	O	_	_	_	_	_	_
de	O	O	O	O	O	O	_	_	_	_	_	_
maisons	O	O	O	O	O	O	_	_	_	_	_	_
particulière	O	O	O	O	O	O	_	_	_	_	_	_
ont	O	O	O	O	O	O	_	_	EndOfLine	_	_	_
# segment_iiif_link = https://impresso-project.ch/api/proxy/iiif/LLE-1894-06-27-a-p0001/104,3652,319,66/full/0/default.jpg
ares	O	O	O	O	O	O	_	_	_	_	_	_
drapeaux	O	O	O	O	O	O	_	_	_	_	_	_
de	O	O	O	O	O	O	_	_	_	_	_	_
deuil	O	O	O	O	O	O	_	_	_	_	_	_
.	O	O	O	O	O	O	_	_	EndOfLine	EndOfSentence	_	_
# segment_iiif_link = https://impresso-project.ch/api/proxy/iiif/LLE-1894-06-27-a-p0001/68,3697,551,66/full/0/default.jpg
tvl	O	O	O	O	O	O	_	_	_	_	_	_
>	O	O	O	O	O	O	_	_	_	_	_	_
,	O	O	O	O	O	O	_	_	_	_	_	_
Paris	O	O	O	O	O	O	_	_	_	_	_	_
,	O	O	O	O	O	O	_	_	_	_	_	_
26	O	O	O	O	O	O	_	_	_	_	_	_
juin	O	O	O	O	O	O	_	_	_	_	_	_
,	O	O	O	O	O	O	_	_	EndOfLine	_	_	_
# segment_iiif_link = https://impresso-project.ch/api/proxy/iiif/LLE-1894-06-27-a-p0001/41,3727,609,70/full/0/default.jpg
^	O	O	O	O	O	O	_	_	NoSpaceAfter	_	_	_
•	O	O	O	O	O	O	_	_	_	_	_	_
esc	O	O	O	O	O	O	_	_	_	_	_	_
,	O	O	O	O	O	O	_	_	_	_	_	_
!	O	O	O	O	O	O	_	_	_	_	_	_
x	O	O	O	O	O	O	_	_	_	_	_	_
8	O	O	O	O	O	O	_	_	_	_	_	_
smann	O	O	O	O	O	O	_	_	_	_	_	_
,	O	O	O	O	O	O	_	_	_	_	_	_
ambassadeur	O	O	O	O	O	O	_	_	_	_	_	_
dItalie	O	O	O	O	O	O	_	_	_	_	_	_
,	O	O	O	O	O	O	_	_	_	_	_	_
a	O	O	O	O	O	O	_	_	EndOfLine	_	_	_
# segment_iiif_link = https://impresso-project.ch/api/proxy/iiif/LLE-1894-06-27-a-p0001/41,3760,598,66/full/0/default.jpg
^	O	O	O	O	O	O	_	_	_	_	_	_
ant	O	O	O	O	O	O	_	_	_	_	_	_
!	O	O	O	O	O	O	_	_	_	EndOfSentence	_	_
â	O	O	O	O	O	O	_	_	_	_	_	_
M	O	O	O	O	O	O	_	_	_	_	_	_
a	O	O	O	O	O	O	_	_	_	_	_	_
0	O	O	O	O	O	O	_	_	_	_	_	_
Ga	O	O	O	O	O	O	_	_	_	_	_	_
*	O	O	O	O	O	O	_	_	_	_	_	_
,	O	O	O	O	O	O	_	_	_	_	_	_
nf	O	O	O	O	O	O	_	_	_	_	_	_
*	O	O	O	O	O	O	_	_	_	_	_	_
t	O	O	O	O	O	O	_	_	_	_	_	_
«	O	O	O	O	O	O	_	_	_	_	_	_
n	O	O	O	O	O	O	_	_	_	_	_	_
télégramme	O	O	O	O	O	O	_	_	EndOfLine	_	_	_
# segment_iiif_link = https://impresso-project.ch/api/proxy/iiif/LLE-1894-06-27-a-p0001/45,3787,605,65/full/0/default.jpg
expri	O	O	O	O	O	O	_	_	NoSpaceAfter	_	_	_
-	O	O	O	O	O	O	_	_	NoSpaceAfter	_	_	_
Pep	O	O	O	O	O	O	_	_	_	_	_	_
ao	O	O	O	O	O	O	_	_	_	_	_	_
sa	O	O	O	O	O	O	_	_	_	_	_	_
vivo	O	O	O	O	O	O	_	_	_	_	_	_
douleur	O	O	O	O	O	O	_	_	_	_	_	_
6	O	O	O	O	O	O	_	_	_	_	_	_
t	O	O	O	O	O	O	_	_	_	_	_	_
ses	O	O	O	O	O	O	_	_	_	_	_	_
sentiments	O	O	O	O	O	O	_	_	EndOfLine	_	_	_
# segment_iiif_link = https://impresso-project.ch/api/proxy/iiif/LLE-1894-06-27-a-p0001/43,3818,596,67/full/0/default.jpg
8	O	O	O	O	O	O	_	_	_	_	_	_
IQ	O	O	O	O	O	O	_	_	_	_	_	_
(	O	O	O	O	O	O	_	_	_	_	_	_
_	O	O	O	O	O	O	_	_	_	_	_	_
Uel	O	O	O	O	O	O	_	_	_	_	_	_
*	O	O	O	O	O	O	_	_	_	_	_	_
de	O	O	O	O	O	O	_	_	_	_	_	_
condoléance	O	O	O	O	O	O	_	_	_	_	_	_
et	O	O	O	O	O	O	_	_	_	_	_	_
déternel	O	O	O	O	O	O	_	_	EndOfLine	_	_	_
# segment_iiif_link = https://impresso-project.ch/api/proxy/iiif/LLE-1894-06-27-a-p0001/69,3889,550,64/full/0/default.jpg
re	O	O	O	O	O	O	_	_	NoSpaceAfter	_	_	_
-	O	O	O	O	O	O	_	_	NoSpaceAfter	_	_	_
L	O	O	O	O	O	O	_	_	_	_	_	_
as	O	O	O	O	O	O	_	_	_	_	_	_
*	O	O	O	O	O	O	_	_	_	_	_	_
.	O	O	O	O	O	O	_	_	_	_	_	_
»	O	O	O	O	O	O	_	_	_	_	_	_
.	O	O	O	O	O	O	_	_	_	EndOfSentence	_	_
•	O	O	O	O	O	O	_	_	_	_	_	_
-	O	O	O	O	O	O	_	_	NoSpaceAfter	_	_	_
,	O	O	O	O	O	O	_	_	_	_	_	_
Paris	O	O	O	O	O	O	_	_	_	_	_	_
,	O	O	O	O	O	O	_	_	_	_	_	_
26	O	O	O	O	O	O	_	_	_	_	_	_
juin	O	O	O	O	O	O	_	_	_	_	_	_
,	O	O	O	O	O	O	_	_	EndOfLine	_	_	_
# segment_iiif_link = https://impresso-project.ch/api/proxy/iiif/LLE-1894-06-27-a-p0001/96,3897,553,66/full/0/default.jpg
«	O	O	O	O	O	O	_	_	_	_	_	_
-	O	O	O	O	O	O	_	_	_	_	_	_
«	O	O	O	O	O	O	_	_	_	_	_	_
assin	O	O	O	O	O	O	_	_	_	_	_	_
Santo	O	O	O	O	O	O	_	_	_	_	_	_
a	O	O	O	O	O	O	_	_	_	_	_	_
demeuré	O	O	O	O	O	O	_	_	_	_	_	_
sous	O	O	O	O	O	O	_	_	_	_	_	_
un	O	O	O	O	O	O	_	_	_	_	_	_
faux	O	O	O	O	O	O	_	_	EndOfLine	_	_	_
# segment_iiif_link = https://impresso-project.ch/api/proxy/iiif/LLE-1894-06-27-a-p0001/680,662,616,65/full/0/default.jpg
nom	O	O	O	O	O	O	_	_	_	_	_	_
à	O	O	O	O	O	O	_	_	_	_	_	_
Paris	O	O	O	O	O	O	_	_	_	_	_	_
,	O	O	O	O	O	O	_	_	_	_	_	_
rue	O	O	O	O	O	O	_	_	_	_	_	_
Traversière	O	O	O	O	O	O	_	_	_	_	_	_
.	O	O	O	O	O	O	_	_	_	_	_	_
Il	O	O	O	O	O	O	_	_	_	_	_	_
était	O	O	O	O	O	O	_	_	_	_	_	_
chez	O	O	O	O	O	O	_	_	EndOfLine	_	_	_
# segment_iiif_link = https://impresso-project.ch/api/proxy/iiif/LLE-1894-06-27-a-p0001/680,693,493,65/full/0/default.jpg
un	O	O	O	O	O	O	_	_	_	_	_	_
marchand	O	O	O	O	O	O	_	_	_	_	_	_
de	O	O	O	O	O	O	_	_	_	_	_	_
vin	O	O	O	O	O	O	_	_	_	_	_	_
nommé	O	O	O	O	O	O	_	_	_	_	_	_
Berti	O	O	O	O	O	O	_	_	_	_	_	_
.	O	O	O	O	O	O	_	_	EndOfLine	_	_	_
# segment_iiif_link = https://impresso-project.ch/api/proxy/iiif/LLE-1894-06-27-a-p0001/710,726,585,64/full/0/default.jpg
La	O	O	O	O	O	O	_	_	_	_	_	_
police	O	O	O	O	O	O	_	_	_	_	_	_
est	O	O	O	O	O	O	_	_	_	_	_	_
convaincu	O	O	O	O	O	O	_	_	_	_	_	_
que	O	O	O	O	O	O	_	_	_	_	_	_
Santo	O	O	O	O	O	O	_	_	_	_	_	_
avait	O	O	O	O	O	O	_	_	EndOfLine	_	_	_
# segment_iiif_link = https://impresso-project.ch/api/proxy/iiif/LLE-1894-06-27-a-p0001/680,757,618,64/full/0/default.jpg
des	O	O	O	O	O	O	_	_	_	_	_	_
relations	O	O	O	O	O	O	_	_	_	_	_	_
directes	O	O	O	O	O	O	_	_	_	_	_	_
avec	O	O	O	O	O	O	_	_	_	_	_	_
les	O	O	O	O	O	O	_	_	_	_	_	_
anarchistes	O	O	O	O	O	O	_	_	_	_	_	_
.	O	O	O	O	O	O	_	_	EndOfLine	_	_	_
# segment_iiif_link = https://impresso-project.ch/api/proxy/iiif/LLE-1894-06-27-a-p0001/1056,787,207,65/full/0/default.jpg
Lyon	O	O	O	O	O	O	_	_	_	_	_	_
,	O	O	O	O	O	O	_	_	_	_	_	_
26	O	O	O	O	O	O	_	_	_	_	_	_
juin	O	O	O	O	O	O	_	_	_	_	_	_
.	O	O	O	O	O	O	_	_	EndOfLine	_	_	_
# segment_iiif_link = https://impresso-project.ch/api/proxy/iiif/LLE-1894-06-27-a-p0001/710,822,576,64/full/0/default.jpg
Lautopsie	O	O	O	O	O	O	_	_	_	_	_	_
du	O	O	O	O	O	O	_	_	_	_	_	_
corps	O	O	O	O	O	O	_	_	_	_	_	_
de	O	O	O	O	O	O	_	_	_	_	_	_
M	O	O	O	O	O	O	_	_	_	_	_	_
.	O	O	O	O	O	O	_	_	_	_	_	_
Carnot	O	O	O	O	O	O	_	_	_	_	_	_
a	O	O	O	O	O	O	_	_	EndOfLine	_	_	_
# segment_iiif_link = https://impresso-project.ch/api/proxy/iiif/LLE-1894-06-27-a-p0001/680,854,606,65/full/0/default.jpg
démontré	O	O	O	O	O	O	_	_	_	_	_	_
,	O	O	O	O	O	O	_	_	_	_	_	_
au	O	O	O	O	O	O	_	_	_	_	_	_
dire	O	O	O	O	O	O	_	_	_	_	_	_
des	O	O	O	O	O	O	_	_	_	_	_	_
médecins	O	O	O	O	O	O	_	_	_	_	_	_
,	O	O	O	O	O	O	_	_	_	_	_	_
que	O	O	O	O	O	O	_	_	_	_	_	_
la	O	O	O	O	O	O	_	_	EndOfLine	_	_	_
# segment_iiif_link = https://impresso-project.ch/api/proxy/iiif/LLE-1894-06-27-a-p0001/680,885,618,65/full/0/default.jpg
blessure	O	O	O	O	O	O	_	_	_	_	_	_
est	O	O	O	O	O	O	_	_	_	_	_	_
une	O	O	O	O	O	O	_	_	_	_	_	_
des	O	O	O	O	O	O	_	_	_	_	_	_
pins	O	O	O	O	O	O	_	_	_	_	_	_
horribles	O	O	O	O	O	O	_	_	_	_	_	_
quon	O	O	O	O	O	O	_	_	_	_	_	_
puisse	O	O	O	O	O	O	_	_	EndOfLine	_	_	_
# segment_iiif_link = https://impresso-project.ch/api/proxy/iiif/LLE-1894-06-27-a-p0001/680,916,616,65/full/0/default.jpg
voir	O	O	O	O	O	O	_	_	_	_	_	_
.	O	O	O	O	O	O	_	_	_	_	_	_
Le	O	O	O	O	O	O	_	_	_	_	_	_
foie	O	O	O	O	O	O	_	_	_	_	_	_
a	O	O	O	O	O	O	_	_	_	_	_	_
été	O	O	O	O	O	O	_	_	_	_	_	_
transpercé	O	O	O	O	O	O	_	_	_	_	_	_
de	O	O	O	O	O	O	_	_	_	_	_	_
part	O	O	O	O	O	O	_	_	_	_	_	_
en	O	O	O	O	O	O	_	_	EndOfLine	_	_	_
# segment_iiif_link = https://impresso-project.ch/api/proxy/iiif/LLE-1894-06-27-a-p0001/680,949,606,64/full/0/default.jpg
part	O	O	O	O	O	O	_	_	_	_	_	_
,	O	O	O	O	O	O	_	_	_	_	_	_
sur	O	O	O	O	O	O	_	_	_	_	_	_
une	O	O	O	O	O	O	_	_	_	_	_	_
profondeur	O	O	O	O	O	O	_	_	_	_	_	_
de	O	O	O	O	O	O	_	_	_	_	_	_
12	O	O	O	O	O	O	_	_	EndOfLine	_	_	_
# segment_iiif_link = https://impresso-project.ch/api/proxy/iiif/LLE-1894-06-27-a-p0001/680,979,615,65/full/0/default.jpg
centimètres	O	O	O	O	O	O	_	_	_	_	_	_
.	O	O	O	O	O	O	_	_	_	_	_	_
Une	O	O	O	O	O	O	_	_	_	_	_	_
côte	O	O	O	O	O	O	_	_	_	_	_	_
a	O	O	O	O	O	O	_	_	_	_	_	_
étô	O	O	O	O	O	O	_	_	_	_	_	_
brisée	O	O	O	O	O	O	_	_	_	_	_	_
.	O	O	O	O	O	O	_	_	_	_	_	_
La	O	O	O	O	O	O	_	_	_	_	_	_
lame	O	O	O	O	O	O	_	_	_	_	_	_
du	O	O	O	O	O	O	_	_	EndOfLine	_	_	_
# segment_iiif_link = https://impresso-project.ch/api/proxy/iiif/LLE-1894-06-27-a-p0001/680,1010,615,67/full/0/default.jpg
poignard	O	O	O	O	O	O	_	_	_	_	_	_
a	O	O	O	O	O	O	_	_	_	_	_	_
pénétré	O	O	O	O	O	O	_	_	_	_	_	_
dans	O	O	O	O	O	O	_	_	_	_	_	_
toute	O	O	O	O	O	O	_	_	_	_	_	_
sa	O	O	O	O	O	O	_	_	_	_	_	_
longueur	O	O	O	O	O	O	_	_	EndOfLine	_	_	_
# segment_iiif_link = https://impresso-project.ch/api/proxy/iiif/LLE-1894-06-27-a-p0001/680,1043,392,66/full/0/default.jpg
qui	O	O	O	O	O	O	_	_	_	_	_	_
était	O	O	O	O	O	O	_	_	_	_	_	_
de	O	O	O	O	O	O	_	_	_	_	_	_
18	O	O	O	O	O	O	_	_	_	_	_	_
centimètres	O	O	O	O	O	O	_	_	_	_	_	_
.	O	O	O	O	O	O	_	_	EndOfLine	_	_	_
# segment_iiif_link = https://impresso-project.ch/api/proxy/iiif/LLE-1894-06-27-a-p0001/1052,1072,216,65/full/0/default.jpg
Lyon	O	O	O	O	O	O	_	_	_	_	_	_
,	O	O	O	O	O	O	_	_	_	_	_	_
26	O	O	O	O	O	O	_	_	_	_	_	_
juin	O	O	O	O	O	O	_	_	_	_	_	_
.	O	O	O	O	O	O	_	_	EndOfLine	_	_	_
# segment_iiif_link = https://impresso-project.ch/api/proxy/iiif/LLE-1894-06-27-a-p0001/710,1106,586,67/full/0/default.jpg
Le	O	O	O	O	O	O	_	_	_	_	_	_
juge	O	O	O	O	O	O	_	_	_	_	_	_
dinstruction	O	O	O	O	O	O	_	_	_	_	_	_
de	O	O	O	O	O	O	_	_	_	_	_	_
Lyon	O	O	O	O	O	O	_	_	_	_	_	_
croit	O	O	O	O	O	O	_	_	_	_	_	_
que	O	O	O	O	O	O	_	_	EndOfLine	_	_	_
# segment_iiif_link = https://impresso-project.ch/api/proxy/iiif/LLE-1894-06-27-a-p0001/680,1137,618,66/full/0/default.jpg
lassassinat	O	O	O	O	O	O	_	_	_	_	_	_
de	O	O	O	O	O	O	_	_	_	_	_	_
M	O	O	O	O	O	O	_	_	_	_	_	_
.	O	O	O	O	O	O	_	_	_	_	_	_
Carnot	O	O	O	O	O	O	_	_	_	_	_	_
doit	O	O	O	O	O	O	_	_	_	_	_	_
avoir	O	O	O	O	O	O	_	_	_	_	_	_
des	O	O	O	O	O	O	_	_	EndOfLine	_	_	_
# segment_iiif_link = https://impresso-project.ch/api/proxy/iiif/LLE-1894-06-27-a-p0001/680,1170,616,64/full/0/default.jpg
rapports	O	O	O	O	O	O	_	_	_	_	_	_
avec	O	O	O	O	O	O	_	_	_	_	_	_
l	O	O	O	O	O	O	_	_	_	_	_	_
affaire	O	O	O	O	O	O	_	_	_	_	_	_
dAigues	O	O	O	O	O	O	_	_	NoSpaceAfter	_	_	_
-	O	O	O	O	O	O	_	_	NoSpaceAfter	_	_	_
Mortes	O	O	O	O	O	O	_	_	_	_	_	_
,	O	O	O	O	O	O	_	_	_	_	_	_
et	O	O	O	O	O	O	_	_	EndOfLine	_	_	_
# segment_iiif_link = https://impresso-project.ch/api/proxy/iiif/LLE-1894-06-27-a-p0001/680,1201,618,64/full/0/default.jpg
que	O	O	O	O	O	O	_	_	_	_	_	_
lassassin	O	O	O	O	O	O	_	_	_	_	_	_
a	O	O	O	O	O	O	_	_	_	_	_	_
voulu	O	O	O	O	O	O	_	_	_	_	_	_
venger	O	O	O	O	O	O	_	_	_	_	_	_
en	O	O	O	O	O	O	_	_	_	_	_	_
même	O	O	O	O	O	O	_	_	EndOfLine	_	_	_
# segment_iiif_link = https://impresso-project.ch/api/proxy/iiif/LLE-1894-06-27-a-p0001/680,1233,618,65/full/0/default.jpg
temps	O	O	O	O	O	O	_	_	_	_	_	_
les	O	O	O	O	O	O	_	_	_	_	_	_
anarchistes	O	O	O	O	O	O	_	_	_	_	_	_
et	O	O	O	O	O	O	_	_	_	_	_	_
ses	O	O	O	O	O	O	_	_	_	_	_	_
compatriotes	O	O	O	O	O	O	_	_	_	_	_	_
.	O	O	O	O	O	O	_	_	EndOfLine	_	_	_
# segment_iiif_link = https://impresso-project.ch/api/proxy/iiif/LLE-1894-06-27-a-p0001/1054,1262,232,65/full/0/default.jpg
Lyon	O	O	O	O	O	O	_	_	_	_	_	_
,	O	O	O	O	O	O	_	_	_	_	_	_
26	O	O	O	O	O	O	_	_	_	_	_	_
juin	O	O	O	O	O	O	_	_	_	_	_	_
.	O	O	O	O	O	O	_	_	_	_	_	_
.	O	O	O	O	O	O	_	_	EndOfLine	_	_	_
# segment_iiif_link = https://impresso-project.ch/api/proxy/iiif/LLE-1894-06-27-a-p0001/710,1297,586,64/full/0/default.jpg
Un	O	O	O	O	O	O	_	_	_	_	_	_
incendie	O	O	O	O	O	O	_	_	_	_	_	_
s	O	O	O	O	O	O	_	_	_	_	_	_
est	O	O	O	O	O	O	_	_	_	_	_	_
déclaré	O	O	O	O	O	O	_	_	_	_	_	_
cette	O	O	O	O	O	O	_	_	_	_	_	_
nuit	O	O	O	O	O	O	_	_	_	_	_	_
dans	O	O	O	O	O	O	_	_	EndOfLine	_	_	_
# segment_iiif_link = https://impresso-project.ch/api/proxy/iiif/LLE-1894-06-27-a-p0001/680,1327,528,65/full/0/default.jpg
une	O	O	O	O	O	O	_	_	_	_	_	_
maison	O	O	O	O	O	O	_	_	_	_	_	_
occupée	O	O	O	O	O	O	_	_	_	_	_	_
par	O	O	O	O	O	O	_	_	_	_	_	_
des	O	O	O	O	O	O	_	_	_	_	_	_
Italiens	O	O	O	O	O	O	_	_	_	_	_	_
.	O	O	O	O	O	O	_	_	EndOfLine	_	_	_
# segment_iiif_link = https://impresso-project.ch/api/proxy/iiif/LLE-1894-06-27-a-p0001/712,1360,574,65/full/0/default.jpg
Chaque	O	O	O	O	O	O	_	_	_	_	_	_
fois	O	O	O	O	O	O	_	_	_	_	_	_
qu	O	O	O	O	O	O	_	_	_	_	_	_
un	O	O	O	O	O	O	_	_	_	_	_	_
attroupement	O	O	O	O	O	O	_	_	_	_	_	_
se	O	O	O	O	O	O	_	_	EndOfLine	_	_	_
# segment_iiif_link = https://impresso-project.ch/api/proxy/iiif/LLE-1894-06-27-a-p0001/682,1393,606,64/full/0/default.jpg
produit	O	O	O	O	O	O	_	_	_	_	_	_
,	O	O	O	O	O	O	_	_	_	_	_	_
la	O	O	O	O	O	O	_	_	_	_	_	_
police	O	O	O	O	O	O	_	_	_	_	_	_
harangue	O	O	O	O	O	O	_	_	_	_	_	_
la	O	O	O	O	O	O	_	_	_	_	_	_
foule	O	O	O	O	O	O	_	_	_	_	_	_
pour	O	O	O	O	O	O	_	_	EndOfLine	_	_	_
# segment_iiif_link = https://impresso-project.ch/api/proxy/iiif/LLE-1894-06-27-a-p0001/680,1423,606,65/full/0/default.jpg
linviter	O	O	O	O	O	O	_	_	_	_	_	_
au	O	O	O	O	O	O	_	_	_	_	_	_
calme	O	O	O	O	O	O	_	_	_	_	_	_
et	O	O	O	O	O	O	_	_	_	_	_	_
à	O	O	O	O	O	O	_	_	_	_	_	_
respecter	O	O	O	O	O	O	_	_	_	_	_	_
ainsi	O	O	O	O	O	O	_	_	_	_	_	_
la	O	O	O	O	O	O	_	_	EndOfLine	_	_	_
# segment_iiif_link = https://impresso-project.ch/api/proxy/iiif/LLE-1894-06-27-a-p0001/680,1456,283,65/full/0/default.jpg
douleur	O	O	O	O	O	O	_	_	_	_	_	_
de	O	O	O	O	O	O	_	_	_	_	_	_
M	O	O	O	O	O	O	_	_	_	_	_	_
18	O	O	O	O	O	O	_	_	_	_	_	_
Carnot	O	O	O	O	O	O	_	_	_	_	_	_
.	O	O	O	O	O	O	_	_	EndOfLine	_	_	_
# segment_iiif_link = https://impresso-project.ch/api/proxy/iiif/LLE-1894-06-27-a-p0001/697,1487,603,66/full/0/default.jpg
Lafoule	O	O	O	O	O	O	_	_	_	_	_	_
répond	O	O	O	O	O	O	_	_	_	_	_	_
quelle	O	O	O	O	O	O	_	_	_	_	_	_
veut	O	O	O	O	O	O	_	_	_	_	_	_
venger	O	O	O	O	O	O	_	_	_	_	_	_
Carnot	O	O	O	O	O	O	_	_	_	_	_	_
.	O	O	O	O	O	O	_	_	EndOfLine	_	_	_
# segment_iiif_link = https://impresso-project.ch/api/proxy/iiif/LLE-1894-06-27-a-p0001/979,1518,289,64/full/0/default.jpg
Marseille	O	O	O	O	O	O	_	_	_	_	_	_
,	O	O	O	O	O	O	_	_	_	_	_	_
26	O	O	O	O	O	O	_	_	_	_	_	_
juin	O	O	O	O	O	O	_	_	_	_	_	_
.	O	O	O	O	O	O	_	_	EndOfLine	_	_	_
# segment_iiif_link = https://impresso-project.ch/api/proxy/iiif/LLE-1894-06-27-a-p0001/712,1550,589,67/full/0/default.jpg
Hier	O	O	O	O	O	O	_	_	_	_	_	_
soir	O	O	O	O	O	O	_	_	_	_	_	_
,	O	O	O	O	O	O	_	_	_	_	_	_
500	O	O	O	O	O	O	_	_	_	_	_	_
manifestants	O	O	O	O	O	O	_	_	_	_	_	_
se	O	O	O	O	O	O	_	_	_	_	_	_
sont	O	O	O	O	O	O	_	_	_	_	_	_
portés	O	O	O	O	O	O	_	_	EndOfLine	_	_	_
# segment_iiif_link = https://impresso-project.ch/api/proxy/iiif/LLE-1894-06-27-a-p0001/684,1581,619,66/full/0/default.jpg
devant	O	O	O	O	O	O	_	_	_	_	_	_
le	O	O	O	O	O	O	_	_	_	_	_	_
Consulat	O	O	O	O	O	O	_	_	_	_	_	_
italien	O	O	O	O	O	O	_	_	_	_	_	_
.	O	O	O	O	O	O	_	_	_	_	_	_
La	O	O	O	O	O	O	_	_	_	_	_	_
police	O	O	O	O	O	O	_	_	_	_	_	_
les	O	O	O	O	O	O	_	_	_	_	_	_
a	O	O	O	O	O	O	_	_	EndOfLine	_	_	_
# segment_iiif_link = https://impresso-project.ch/api/proxy/iiif/LLE-1894-06-27-a-p0001/680,1612,621,66/full/0/default.jpg
refoulés	O	O	O	O	O	O	_	_	_	_	_	_
en	O	O	O	O	O	O	_	_	_	_	_	_
les	O	O	O	O	O	O	_	_	_	_	_	_
invitant	O	O	O	O	O	O	_	_	_	_	_	_
au	O	O	O	O	O	O	_	_	_	_	_	_
calme	O	O	O	O	O	O	_	_	_	_	_	_
et	O	O	O	O	O	O	_	_	_	_	_	_
à	O	O	O	O	O	O	_	_	_	_	_	_
se	O	O	O	O	O	O	_	_	EndOfLine	_	_	_
# segment_iiif_link = https://impresso-project.ch/api/proxy/iiif/LLE-1894-06-27-a-p0001/680,1646,141,67/full/0/default.jpg
disperser	O	O	O	O	O	O	_	_	_	_	_	_
.	O	O	O	O	O	O	_	_	EndOfLine	_	_	_
# segment_iiif_link = https://impresso-project.ch/api/proxy/iiif/LLE-1894-06-27-a-p0001/710,1677,585,66/full/0/default.jpg
Vers	O	O	O	O	O	O	_	_	_	_	_	_
11	O	O	O	O	O	O	_	_	_	_	_	_
heures	O	O	O	O	O	O	_	_	_	_	_	_
,	O	O	O	O	O	O	_	_	_	_	_	_
une	O	O	O	O	O	O	_	_	_	_	_	_
nouvelle	O	O	O	O	O	O	_	_	_	_	_	_
bande	O	O	O	O	O	O	_	_	_	_	_	_
s	O	O	O	O	O	O	_	_	_	_	_	_
est	O	O	O	O	O	O	_	_	EndOfLine	_	_	_
# segment_iiif_link = https://impresso-project.ch/api/proxy/iiif/LLE-1894-06-27-a-p0001/680,1708,608,66/full/0/default.jpg
dirigée	O	O	O	O	O	O	_	_	_	_	_	_
du	O	O	O	O	O	O	_	_	_	_	_	_
côté	O	O	O	O	O	O	_	_	_	_	_	_
d	O	O	O	O	O	O	_	_	_	_	_	_
un	O	O	O	O	O	O	_	_	_	_	_	_
hôtel	O	O	O	O	O	O	_	_	_	_	_	_
dont	O	O	O	O	O	O	_	_	_	_	_	_
le	O	O	O	O	O	O	_	_	EndOfLine	_	_	_
# segment_iiif_link = https://impresso-project.ch/api/proxy/iiif/LLE-1894-06-27-a-p0001/680,1735,601,67/full/0/default.jpg
propriétaire	O	O	O	O	O	O	_	_	_	_	_	_
est	O	O	O	O	O	O	_	_	_	_	_	_
Italion	O	O	O	O	O	O	_	_	_	_	_	_
.	O	O	O	O	O	O	_	_	_	_	_	_
Ses	O	O	O	O	O	O	_	_	_	_	_	_
fenêtres	O	O	O	O	O	O	_	_	_	_	_	_
ont	O	O	O	O	O	O	_	_	_	_	_	_
été	O	O	O	O	O	O	_	_	EndOfLine	_	_	_
# segment_iiif_link = https://impresso-project.ch/api/proxy/iiif/LLE-1894-06-27-a-p0001/680,1768,341,66/full/0/default.jpg
brisées	O	O	O	O	O	O	_	_	_	_	_	_
à	O	O	O	O	O	O	_	_	_	_	_	_
coups	O	O	O	O	O	O	_	_	_	_	_	_
de	O	O	O	O	O	O	_	_	_	_	_	_
pierres	O	O	O	O	O	O	_	_	_	_	_	_
.	O	O	O	O	O	O	_	_	EndOfLine	_	_	_
# segment_iiif_link = https://impresso-project.ch/api/proxy/iiif/LLE-1894-06-27-a-p0001/712,1799,589,66/full/0/default.jpg
La	O	O	O	O	O	O	_	_	_	_	_	_
troupe	O	O	O	O	O	O	_	_	_	_	_	_
s	O	O	O	O	O	O	_	_	_	_	_	_
est	O	O	O	O	O	O	_	_	_	_	_	_
dispersée	O	O	O	O	O	O	_	_	_	_	_	_
à	O	O	O	O	O	O	_	_	_	_	_	_
l	O	O	O	O	O	O	_	_	_	_	_	_
arrivée	O	O	O	O	O	O	_	_	_	_	_	_
de	O	O	O	O	O	O	_	_	EndOfLine	_	_	_
# segment_iiif_link = https://impresso-project.ch/api/proxy/iiif/LLE-1894-06-27-a-p0001/680,1831,620,67/full/0/default.jpg
la	O	O	O	O	O	O	_	_	_	_	_	_
police	O	O	O	O	O	O	_	_	_	_	_	_
,	O	O	O	O	O	O	_	_	_	_	_	_
mais	O	O	O	O	O	O	_	_	_	_	_	_
pour	O	O	O	O	O	O	_	_	_	_	_	_
se	O	O	O	O	O	O	_	_	_	_	_	_
reformer	O	O	O	O	O	O	_	_	_	_	_	_
bientôt	O	O	O	O	O	O	_	_	_	_	_	_
et	O	O	O	O	O	O	_	_	EndOfLine	_	_	_
# segment_iiif_link = https://impresso-project.ch/api/proxy/iiif/LLE-1894-06-27-a-p0001/680,1862,618,67/full/0/default.jpg
se	O	O	O	O	O	O	_	_	_	_	_	_
diriger	O	O	O	O	O	O	_	_	_	_	_	_
vers	O	O	O	O	O	O	_	_	_	_	_	_
une	O	O	O	O	O	O	_	_	_	_	_	_
huilerie	O	O	O	O	O	O	_	_	_	_	_	_
où	O	O	O	O	O	O	_	_	_	_	_	_
un	O	O	O	O	O	O	_	_	_	_	_	_
grand	O	O	O	O	O	O	_	_	EndOfLine	_	_	_
# segment_iiif_link = https://impresso-project.ch/api/proxy/iiif/LLE-1894-06-27-a-p0001/684,1895,446,64/full/0/default.jpg
nombre	O	O	O	O	O	O	_	_	_	_	_	_
dItaliens	O	O	O	O	O	O	_	_	_	_	_	_
sont	O	O	O	O	O	O	_	_	_	_	_	_
occupés	O	O	O	O	O	O	_	_	_	_	_	_
.	O	O	O	O	O	O	_	_	EndOfLine	_	_	_
# segment_iiif_link = https://impresso-project.ch/api/proxy/iiif/LLE-1894-06-27-a-p0001/714,1927,587,65/full/0/default.jpg
La	O	O	O	O	O	O	_	_	_	_	_	_
bande	O	O	O	O	O	O	_	_	_	_	_	_
qui	O	O	O	O	O	O	_	_	_	_	_	_
chantait	O	O	O	O	O	O	_	_	_	_	_	_
la	O	O	O	O	O	O	_	_	_	_	_	_
Marseillaise	O	O	O	O	O	O	_	_	_	_	_	_
et	O	O	O	O	O	O	_	_	EndOfLine	_	_	_
# segment_iiif_link = https://impresso-project.ch/api/proxy/iiif/LLE-1894-06-27-a-p0001/684,1960,607,65/full/0/default.jpg
criait	O	O	O	O	O	O	_	_	_	_	_	_
:	O	O	O	O	O	O	_	_	_	_	_	_
«	O	O	O	O	O	O	_	_	_	_	_	_
A	O	O	O	O	O	O	_	_	_	_	_	_
bas	O	O	O	O	O	O	_	_	_	_	_	_
les	O	O	O	O	O	O	_	_	_	_	_	_
Italiens	O	O	O	O	O	O	_	_	_	_	_	_
!	O	O	O	O	O	O	_	_	NoSpaceAfter	_	_	_
»	O	O	O	O	O	O	_	_	_	_	_	_
a	O	O	O	O	O	O	_	_	_	_	_	_
dû	O	O	O	O	O	O	_	_	_	_	_	_
se	O	O	O	O	O	O	_	_	EndOfLine	_	_	_
# segment_iiif_link = https://impresso-project.ch/api/proxy/iiif/LLE-1894-06-27-a-p0001/685,1994,606,65/full/0/default.jpg
disperser	O	O	O	O	O	O	_	_	_	_	_	_
avant	O	O	O	O	O	O	_	_	_	_	_	_
d	O	O	O	O	O	O	_	_	_	_	_	_
avoir	O	O	O	O	O	O	_	_	_	_	_	_
eu	O	O	O	O	O	O	_	_	_	_	_	_
le	O	O	O	O	O	O	_	_	_	_	_	_
temps	O	O	O	O	O	O	_	_	_	_	_	_
de	O	O	O	O	O	O	_	_	_	_	_	_
se	O	O	O	O	O	O	_	_	EndOfLine	_	_	_
# segment_iiif_link = https://impresso-project.ch/api/proxy/iiif/LLE-1894-06-27-a-p0001/684,2025,342,65/full/0/default.jpg
livrer	O	O	O	O	O	O	_	_	_	_	_	_
à	O	O	O	O	O	O	_	_	_	_	_	_
des	O	O	O	O	O	O	_	_	_	_	_	_
voies	O	O	O	O	O	O	_	_	_	_	_	_
de	O	O	O	O	O	O	_	_	_	_	_	_
fait	O	O	O	O	O	O	_	_	_	_	_	_
.	O	O	O	O	O	O	_	_	EndOfLine	EndOfSentence	_	_
# segment_iiif_link = https://impresso-project.ch/api/proxy/iiif/LLE-1894-06-27-a-p0001/714,2056,586,65/full/0/default.jpg
Plus	O	O	O	O	O	O	_	_	_	_	_	_
tard	O	O	O	O	O	O	_	_	_	_	_	_
,	O	O	O	O	O	O	_	_	_	_	_	_
un	O	O	O	O	O	O	_	_	_	_	_	_
char	O	O	O	O	O	O	_	_	_	_	_	_
devidange	O	O	O	O	O	O	_	_	_	_	_	_
conduit	O	O	O	O	O	O	_	_	_	_	_	_
par	O	O	O	O	O	O	_	_	EndOfLine	_	_	_
# segment_iiif_link = https://impresso-project.ch/api/proxy/iiif/LLE-1894-06-27-a-p0001/684,2085,607,65/full/0/default.jpg
un	O	O	O	O	O	O	_	_	_	_	_	_
Italien	O	O	O	O	O	O	_	_	_	_	_	_
a	O	O	O	O	O	O	_	_	_	_	_	_
été	O	O	O	O	O	O	_	_	_	_	_	_
jeté	O	O	O	O	O	O	_	_	_	_	_	_
à	O	O	O	O	O	O	_	_	_	_	_	_
la	O	O	O	O	O	O	_	_	_	_	_	_
mer	O	O	O	O	O	O	_	_	_	_	_	_
.	O	O	O	O	O	O	_	_	_	EndOfSentence	_	_
Le	O	O	O	O	O	O	_	_	EndOfLine	_	_	_
# segment_iiif_link = https://impresso-project.ch/api/proxy/iiif/LLE-1894-06-27-a-p0001/684,2114,581,65/full/0/default.jpg
conducteur	O	O	O	O	O	O	_	_	_	_	_	_
a	O	O	O	O	O	O	_	_	_	_	_	_
eu	O	O	O	O	O	O	_	_	_	_	_	_
beaucoup	O	O	O	O	O	O	_	_	_	_	_	_
do	O	O	O	O	O	O	_	_	_	_	_	_
peine	O	O	O	O	O	O	_	_	_	_	_	_
à	O	O	O	O	O	O	_	_	_	_	_	_
se	O	O	O	O	O	O	_	_	_	_	_	_
sauver	O	O	O	O	O	O	_	_	_	_	_	_
.	O	O	O	O	O	O	_	_	EndOfLine	EndOfSentence	_	_
# segment_iiif_link = https://impresso-project.ch/api/proxy/iiif/LLE-1894-06-27-a-p0001/979,2147,289,64/full/0/default.jpg
Marseille	O	O	O	O	O	O	_	_	_	_	_	_
,	O	O	O	O	O	O	_	_	_	_	_	_
26	O	O	O	O	O	O	_	_	_	_	_	_
juin	O	O	O	O	O	O	_	_	_	_	_	_
.	O	O	O	O	O	O	_	_	EndOfLine	EndOfSentence	_	_
# segment_iiif_link = https://impresso-project.ch/api/proxy/iiif/LLE-1894-06-27-a-p0001/715,2173,583,64/full/0/default.jpg
Le	O	O	O	O	O	O	_	_	_	_	_	_
consul	O	O	O	O	O	O	_	_	_	_	_	_
et	O	O	O	O	O	O	_	_	_	_	_	_
le	O	O	O	O	O	O	_	_	_	_	_	_
vice	O	O	O	O	O	O	_	_	NoSpaceAfter	_	_	_
-	O	O	O	O	O	O	_	_	NoSpaceAfter	_	_	_
consul	O	O	O	O	O	O	_	_	_	_	_	_
dItalie	O	O	O	O	O	O	_	_	_	_	_	_
se	O	O	O	O	O	O	_	_	_	_	_	_
aont	O	O	O	O	O	O	_	_	EndOfLine	_	_	_
# segment_iiif_link = https://impresso-project.ch/api/proxy/iiif/LLE-1894-06-27-a-p0001/684,2202,607,66/full/0/default.jpg
rendus	O	O	O	O	O	O	_	_	_	_	_	_
à	O	O	O	O	O	O	_	_	_	_	_	_
2	O	O	O	O	O	O	_	_	_	_	_	_
heures	O	O	O	O	O	O	_	_	_	_	_	_
à	O	O	O	O	O	O	_	_	_	_	_	_
la	O	O	O	O	O	O	_	_	_	_	_	_
préfecture	O	O	O	O	O	O	_	_	_	_	_	_
de	O	O	O	O	O	O	_	_	EndOfLine	_	_	_
# segment_iiif_link = https://impresso-project.ch/api/proxy/iiif/LLE-1894-06-27-a-p0001/684,2233,617,66/full/0/default.jpg
Marseille	O	O	O	O	O	O	_	_	_	_	_	_
pour	O	O	O	O	O	O	_	_	_	_	_	_
annoncer	O	O	O	O	O	O	_	_	_	_	_	_
à	O	O	O	O	O	O	_	_	_	_	_	_
M	O	O	O	O	O	O	_	_	_	_	_	_
.	O	O	O	O	O	O	_	_	_	EndOfSentence	_	_
le	O	O	O	O	O	O	_	_	_	_	_	_
préfet	O	O	O	O	O	O	_	_	_	_	_	_
que	O	O	O	O	O	O	_	_	_	_	_	_
la	O	O	O	O	O	O	_	_	EndOfLine	_	_	_
# segment_iiif_link = https://impresso-project.ch/api/proxy/iiif/LLE-1894-06-27-a-p0001/684,2265,617,65/full/0/default.jpg
colonie	O	O	O	O	O	O	_	_	_	_	_	_
italienne	O	O	O	O	O	O	_	_	_	_	_	_
prend	O	O	O	O	O	O	_	_	_	_	_	_
une	O	O	O	O	O	O	_	_	_	_	_	_
vive	O	O	O	O	O	O	_	_	_	_	_	_
part	O	O	O	O	O	O	_	_	_	_	_	_
au	O	O	O	O	O	O	_	_	EndOfLine	_	_	_
# segment_iiif_link = https://impresso-project.ch/api/proxy/iiif/LLE-1894-06-27-a-p0001/684,2296,617,65/full/0/default.jpg
deuil	O	O	O	O	O	O	_	_	_	_	_	_
de	O	O	O	O	O	O	_	_	_	_	_	_
la	O	O	O	O	O	O	_	_	_	_	_	_
France	O	O	O	O	O	O	_	_	_	_	_	_
à	O	O	O	O	O	O	_	_	_	_	_	_
l	O	O	O	O	O	O	_	_	_	_	_	_
occasion	O	O	O	O	O	O	_	_	_	_	_	_
de	O	O	O	O	O	O	_	_	_	_	_	_
la	O	O	O	O	O	O	_	_	_	_	_	_
mort	O	O	O	O	O	O	_	_	EndOfLine	_	_	_
# segment_iiif_link = https://impresso-project.ch/api/proxy/iiif/LLE-1894-06-27-a-p0001/685,2330,583,65/full/0/default.jpg
de	O	O	O	O	O	O	_	_	_	_	_	_
M	O	O	O	O	O	O	_	_	_	_	_	_
.	O	O	O	O	O	O	_	_	_	EndOfSentence	_	_
Carnot	O	O	O	O	O	O	_	_	_	_	_	_
.	O	O	O	O	O	O	_	_	_	EndOfSentence	_	_
Cette	O	O	O	O	O	O	_	_	_	_	_	_
j	O	O	O	O	O	O	_	_	_	_	_	_
26	O	O	O	O	O	O	_	_	_	_	_	_
juin	O	O	O	O	O	O	_	_	_	_	_	_
.	O	O	O	O	O	O	_	_	EndOfLine	EndOfSentence	_	_
# segment_iiif_link = https://impresso-project.ch/api/proxy/iiif/LLE-1894-06-27-a-p0001/715,2392,523,65/full/0/default.jpg
Le	O	O	O	O	O	O	_	_	_	_	_	_
calme	O	O	O	O	O	O	_	_	_	_	_	_
est	O	O	O	O	O	O	_	_	_	_	_	_
complet	O	O	O	O	O	O	_	_	_	_	_	_
dans	O	O	O	O	O	O	_	_	_	_	_	_
la	O	O	O	O	O	O	_	_	_	_	_	_
région	O	O	O	O	O	O	_	_	_	_	_	_
.	O	O	O	O	O	O	_	_	EndOfLine	EndOfSentence	_	_
# segment_iiif_link = https://impresso-project.ch/api/proxy/iiif/LLE-1894-06-27-a-p0001/714,2425,503,64/full/0/default.jpg
Quatre	O	O	O	O	O	O	_	_	_	_	_	_
anarchistes	O	O	O	O	O	O	_	_	_	_	_	_
ont	O	O	O	O	O	O	_	_	_	_	_	_
été	O	O	O	O	O	O	_	_	_	_	_	_
arrêtés	O	O	O	O	O	O	_	_	_	_	_	_
.	O	O	O	O	O	O	_	_	EndOfLine	EndOfSentence	_	_
# segment_iiif_link = https://impresso-project.ch/api/proxy/iiif/LLE-1894-06-27-a-p0001/1024,2455,242,65/full/0/default.jpg
Toulon	O	O	O	O	O	O	_	_	_	_	_	_
,	O	O	O	O	O	O	_	_	_	_	_	_
26	O	O	O	O	O	O	_	_	_	_	_	_
juin	O	O	O	O	O	O	_	_	_	_	_	_
.	O	O	O	O	O	O	_	_	EndOfLine	EndOfSentence	_	_
# segment_iiif_link = https://impresso-project.ch/api/proxy/iiif/LLE-1894-06-27-a-p0001/717,2491,578,65/full/0/default.jpg
Une	O	O	O	O	O	O	_	_	_	_	_	_
rixe	O	O	O	O	O	O	_	_	_	_	_	_
a	O	O	O	O	O	O	_	_	_	_	_	_
éclaté	O	O	O	O	O	O	_	_	_	_	_	_
hier	O	O	O	O	O	O	_	_	_	_	_	_
soir	O	O	O	O	O	O	_	_	_	_	_	_
,	O	O	O	O	O	O	_	_	_	_	_	_
entre	O	O	O	O	O	O	_	_	_	_	_	_
les	O	O	O	O	O	O	_	_	EndOfLine	_	_	_
# segment_iiif_link = https://impresso-project.ch/api/proxy/iiif/LLE-1894-06-27-a-p0001/685,2522,462,67/full/0/default.jpg
matelots	O	O	O	O	O	O	_	_	_	_	_	_
français	O	O	O	O	O	O	_	_	_	_	_	_
et	O	O	O	O	O	O	_	_	_	_	_	_
des	O	O	O	O	O	O	_	_	_	_	_	_
étrangers	O	O	O	O	O	O	_	_	_	_	_	_
*	O	O	O	O	O	O	_	_	_	_	_	_
.	O	O	O	O	O	O	_	_	EndOfLine	EndOfSentence	_	_
# segment_iiif_link = https://impresso-project.ch/api/proxy/iiif/LLE-1894-06-27-a-p0001/717,2555,576,66/full/0/default.jpg
Ua	O	O	O	O	O	O	_	_	_	_	_	_
ouvrier	O	O	O	O	O	O	_	_	_	_	_	_
décharg	O	O	O	O	O	O	_	_	_	_	_	_
<	O	O	O	O	O	O	_	_	NoSpaceAfter	_	_	_
;	O	O	O	O	O	O	_	_	_	_	_	_
ur	O	O	O	O	O	O	_	_	_	_	_	_
italien	O	O	O	O	O	O	_	_	_	_	_	_
ayant	O	O	O	O	O	O	_	_	EndOfLine	_	_	_
# segment_iiif_link = https://impresso-project.ch/api/proxy/iiif/LLE-1894-06-27-a-p0001/684,2586,622,66/full/0/default.jpg
injurié	O	O	O	O	O	O	_	_	_	_	_	_
la	O	O	O	O	O	O	_	_	_	_	_	_
mémoire	O	O	O	O	O	O	_	_	_	_	_	_
de	O	O	O	O	O	O	_	_	_	_	_	_
Carnot	O	O	O	O	O	O	_	_	_	_	_	_
,	O	O	O	O	O	O	_	_	_	_	_	_
un	O	O	O	O	O	O	_	_	_	_	_	_
matelot	O	O	O	O	O	O	_	_	_	_	_	_
l	O	O	O	O	O	O	_	_	_	_	_	_
a	O	O	O	O	O	O	_	_	EndOfLine	_	_	_
# segment_iiif_link = https://impresso-project.ch/api/proxy/iiif/LLE-1894-06-27-a-p0001/685,2618,618,67/full/0/default.jpg
frappé	O	O	O	O	O	O	_	_	_	_	_	_
à	O	O	O	O	O	O	_	_	_	_	_	_
la	O	O	O	O	O	O	_	_	_	_	_	_
tète	O	O	O	O	O	O	_	_	_	_	_	_
d	O	O	O	O	O	O	_	_	_	_	_	_
un	O	O	O	O	O	O	_	_	_	_	_	_
coup	O	O	O	O	O	O	_	_	_	_	_	_
de	O	O	O	O	O	O	_	_	_	_	_	_
barre	O	O	O	O	O	O	_	_	_	_	_	_
,	O	O	O	O	O	O	_	_	_	_	_	_
sur	O	O	O	O	O	O	_	_	EndOfLine	_	_	_
# segment_iiif_link = https://impresso-project.ch/api/proxy/iiif/LLE-1894-06-27-a-p0001/687,2651,606,64/full/0/default.jpg
quoi	O	O	O	O	O	O	_	_	_	_	_	_
le	O	O	O	O	O	O	_	_	_	_	_	_
blessé	O	O	O	O	O	O	_	_	_	_	_	_
a	O	O	O	O	O	O	_	_	_	_	_	_
sorti	O	O	O	O	O	O	_	_	_	_	_	_
son	O	O	O	O	O	O	_	_	_	_	_	_
couteau	O	O	O	O	O	O	_	_	_	_	_	_
.	O	O	O	O	O	O	_	_	_	EndOfSentence	_	_
Le	O	O	O	O	O	O	_	_	EndOfLine	_	_	_
# segment_iiif_link = https://impresso-project.ch/api/proxy/iiif/LLE-1894-06-27-a-p0001/687,2683,618,65/full/0/default.jpg
matelot	O	O	O	O	O	O	_	_	_	_	_	_
français	O	O	O	O	O	O	_	_	_	_	_	_
s	O	O	O	O	O	O	_	_	_	_	_	_
est	O	O	O	O	O	O	_	_	_	_	_	_
ensuite	O	O	O	O	O	O	_	_	_	_	_	_
précipité	O	O	O	O	O	O	_	_	_	_	_	_
sur	O	O	O	O	O	O	_	_	_	_	_	_
lui	O	O	O	O	O	O	_	_	_	_	_	_
.	O	O	O	O	O	O	_	_	EndOfLine	EndOfSentence	_	_
# segment_iiif_link = https://impresso-project.ch/api/proxy/iiif/LLE-1894-06-27-a-p0001/717,2713,578,64/full/0/default.jpg
LItalien	O	O	O	O	O	O	_	_	_	_	_	_
a	O	O	O	O	O	O	_	_	_	_	_	_
été	O	O	O	O	O	O	_	_	_	_	_	_
transporté	O	O	O	O	O	O	_	_	_	_	_	_
mourant	O	O	O	O	O	O	_	_	_	_	_	_
à	O	O	O	O	O	O	_	_	EndOfLine	_	_	_
# segment_iiif_link = https://impresso-project.ch/api/proxy/iiif/LLE-1894-06-27-a-p0001/689,2745,606,65/full/0/default.jpg
lhôpital	O	O	O	O	O	O	_	_	_	_	_	_
.	O	O	O	O	O	O	_	_	_	EndOfSentence	_	_
Il	O	O	O	O	O	O	_	_	_	_	_	_
a	O	O	O	O	O	O	_	_	_	_	_	_
fallu	O	O	O	O	O	O	_	_	_	_	_	_
maintenir	O	O	O	O	O	O	_	_	_	_	_	_
la	O	O	O	O	O	O	_	_	_	_	_	_
foule	O	O	O	O	O	O	_	_	_	_	_	_
qui	O	O	O	O	O	O	_	_	EndOfLine	_	_	_
# segment_iiif_link = https://impresso-project.ch/api/proxy/iiif/LLE-1894-06-27-a-p0001/689,2778,582,64/full/0/default.jpg
voulait	O	O	O	O	O	O	_	_	_	_	_	_
lôcharper	O	O	O	O	O	O	_	_	_	_	_	_
.	O	O	O	O	O	O	_	_	_	EndOfSentence	_	_
Londres	O	O	O	O	O	O	_	_	_	_	_	_
,	O	O	O	O	O	O	_	_	_	_	_	_
26	O	O	O	O	O	O	_	_	_	_	_	_
juin	O	O	O	O	O	O	_	_	_	_	_	_
.	O	O	O	O	O	O	_	_	EndOfLine	EndOfSentence	_	_
# segment_iiif_link = https://impresso-project.ch/api/proxy/iiif/LLE-1894-06-27-a-p0001/719,2841,584,65/full/0/default.jpg
La	O	O	O	O	O	O	_	_	_	_	_	_
nouvelle	O	O	O	O	O	O	_	_	_	_	_	_
de	O	O	O	O	O	O	_	_	_	_	_	_
l	O	O	O	O	O	O	_	_	_	_	_	_
attentat	O	O	O	O	O	O	_	_	_	_	_	_
sur	O	O	O	O	O	O	_	_	_	_	_	_
la	O	O	O	O	O	O	_	_	_	_	_	_
personne	O	O	O	O	O	O	_	_	EndOfLine	_	_	_
# segment_iiif_link = https://impresso-project.ch/api/proxy/iiif/LLE-1894-06-27-a-p0001/689,2872,616,65/full/0/default.jpg
du	O	O	O	O	O	O	_	_	_	_	_	_
président	O	O	O	O	O	O	_	_	_	_	_	_
de	O	O	O	O	O	O	_	_	_	_	_	_
la	O	O	O	O	O	O	_	_	_	_	_	_
République	O	O	O	O	O	O	_	_	_	_	_	_
française	O	O	O	O	O	O	_	_	_	_	_	_
a	O	O	O	O	O	O	_	_	EndOfLine	_	_	_
# segment_iiif_link = https://impresso-project.ch/api/proxy/iiif/LLE-1894-06-27-a-p0001/690,2905,603,64/full/0/default.jpg
produit	O	O	O	O	O	O	_	_	_	_	_	_
dans	O	O	O	O	O	O	_	_	_	_	_	_
toute	O	O	O	O	O	O	_	_	_	_	_	_
lAngleterre	O	O	O	O	O	O	_	_	_	_	_	_
un	O	O	O	O	O	O	_	_	EndOfLine	_	_	_
# segment_iiif_link = https://impresso-project.ch/api/proxy/iiif/LLE-1894-06-27-a-p0001/689,2937,363,65/full/0/default.jpg
sentiment	O	O	O	O	O	O	_	_	_	_	_	_
unanime	O	O	O	O	O	O	_	_	_	_	_	_
dhorreur	O	O	O	O	O	O	_	_	_	_	_	_
.	O	O	O	O	O	O	_	_	EndOfLine	EndOfSentence	_	_
# segment_iiif_link = https://impresso-project.ch/api/proxy/iiif/LLE-1894-06-27-a-p0001/735,2973,523,66/full/0/default.jpg
DB	O	O	O	O	O	O	_	_	_	_	_	_
nos	O	O	O	O	O	O	_	_	_	_	_	_
correspondants	O	O	O	O	O	O	_	_	_	_	_	_
particuliers	O	O	O	O	O	O	_	_	EndOfLine	_	_	_
# segment_iiif_link = https://impresso-project.ch/api/proxy/iiif/LLE-1894-06-27-a-p0001/1024,3002,252,67/full/0/default.jpg
Genève	O	O	O	O	O	O	_	_	_	_	_	_
,	O	O	O	O	O	O	_	_	_	_	_	_
26	O	O	O	O	O	O	_	_	_	_	_	_
juin	O	O	O	O	O	O	_	_	_	_	_	_
.	O	O	O	O	O	O	_	_	EndOfLine	EndOfSentence	_	_
# segment_iiif_link = https://impresso-project.ch/api/proxy/iiif/LLE-1894-06-27-a-p0001/719,3037,582,64/full/0/default.jpg
Un	O	O	O	O	O	O	_	_	_	_	_	_
grand	O	O	O	O	O	O	_	_	_	_	_	_
nombre	O	O	O	O	O	O	_	_	_	_	_	_
d	O	O	O	O	O	O	_	_	_	_	_	_
ouvriers	O	O	O	O	O	O	_	_	_	_	_	_
italiena	O	O	O	O	O	O	_	_	EndOfLine	_	_	_
# segment_iiif_link = https://impresso-project.ch/api/proxy/iiif/LLE-1894-06-27-a-p0001/690,3067,613,65/full/0/default.jpg
quittant	O	O	O	O	O	O	_	_	_	_	_	_
la	O	O	O	O	O	O	_	_	_	_	_	_
France	O	O	O	O	O	O	_	_	_	_	_	_
sont	O	O	O	O	O	O	_	_	_	_	_	_
arrivés	O	O	O	O	O	O	_	_	_	_	_	_
à	O	O	O	O	O	O	_	_	_	_	_	_
Genève	O	O	O	O	O	O	_	_	EndOfLine	_	_	_
# segment_iiif_link = https://impresso-project.ch/api/proxy/iiif/LLE-1894-06-27-a-p0001/690,3098,342,65/full/0/default.jpg
par	O	O	O	O	O	O	_	_	_	_	_	_
Jes	O	O	O	O	O	O	_	_	_	_	_	_
trains	O	O	O	O	O	O	_	_	_	_	_	_
du	O	O	O	O	O	O	_	_	_	_	_	_
matin	O	O	O	O	O	O	_	_	_	_	_	_
.	O	O	O	O	O	O	_	_	EndOfLine	EndOfSentence	_	_
# segment_iiif_link = https://impresso-project.ch/api/proxy/iiif/LLE-1894-06-27-a-p0001/722,3131,583,64/full/0/default.jpg
Le	O	O	O	O	O	O	_	_	_	_	_	_
Conseil	O	O	O	O	O	O	_	_	_	_	_	_
dEtat	O	O	O	O	O	O	_	_	_	_	_	_
du	O	O	O	O	O	O	_	_	_	_	_	_
canton	O	O	O	O	O	O	_	_	_	_	_	_
de	O	O	O	O	O	O	_	_	_	_	_	_
Genève	O	O	O	O	O	O	_	_	_	_	_	_
a	O	O	O	O	O	O	_	_	EndOfLine	_	_	_
# segment_iiif_link = https://impresso-project.ch/api/proxy/iiif/LLE-1894-06-27-a-p0001/690,3162,610,64/full/0/default.jpg
adressé	O	O	O	O	O	O	_	_	_	_	_	_
une	O	O	O	O	O	O	_	_	_	_	_	_
lettre	O	O	O	O	O	O	_	_	_	_	_	_
de	O	O	O	O	O	O	_	_	_	_	_	_
condoléances	O	O	O	O	O	O	_	_	_	_	_	_
au	O	O	O	O	O	O	_	_	EndOfLine	_	_	_
# segment_iiif_link = https://impresso-project.ch/api/proxy/iiif/LLE-1894-06-27-a-p0001/690,3196,618,65/full/0/default.jpg
Consul	O	O	O	O	O	O	_	_	_	_	_	_
général	O	O	O	O	O	O	_	_	_	_	_	_
de	O	O	O	O	O	O	_	_	_	_	_	_
France	O	O	O	O	O	O	_	_	_	_	_	_
,	O	O	O	O	O	O	_	_	_	_	_	_
pour	O	O	O	O	O	O	_	_	_	_	_	_
s	O	O	O	O	O	O	_	_	_	_	_	_
associer	O	O	O	O	O	O	_	_	_	_	_	_
au	O	O	O	O	O	O	_	_	EndOfLine	_	_	_
# segment_iiif_link = https://impresso-project.ch/api/proxy/iiif/LLE-1894-06-27-a-p0001/689,3229,587,64/full/0/default.jpg
deuil	O	O	O	O	O	O	_	_	_	_	_	_
général	O	O	O	O	O	O	_	_	_	_	_	_
.	O	O	O	O	O	O	_	_	_	EndOfSentence	_	_
Berne	O	O	O	O	O	O	_	_	_	_	_	_
,	O	O	O	O	O	O	_	_	_	_	_	_
26	O	O	O	O	O	O	_	_	_	_	_	_
juin	O	O	O	O	O	O	_	_	_	_	_	_
.	O	O	O	O	O	O	_	_	EndOfLine	EndOfSentence	_	_
# segment_iiif_link = https://impresso-project.ch/api/proxy/iiif/LLE-1894-06-27-a-p0001/720,3290,580,65/full/0/default.jpg
A	O	O	O	O	O	O	_	_	_	_	_	_
linstant	O	O	O	O	O	O	_	_	_	_	_	_
même	O	O	O	O	O	O	_	_	_	_	_	_
où	O	O	O	O	O	O	_	_	_	_	_	_
la	O	O	O	O	O	O	_	_	_	_	_	_
nouvelle	O	O	O	O	O	O	_	_	_	_	_	_
de	O	O	O	O	O	O	_	_	_	_	_	_
l	O	O	O	O	O	O	_	_	EndOfLine	_	_	_
# segment_iiif_link = https://impresso-project.ch/api/proxy/iiif/LLE-1894-06-27-a-p0001/690,3323,618,64/full/0/default.jpg
assassinat	O	O	O	O	O	O	_	_	_	_	_	_
de	O	O	O	O	O	O	_	_	_	_	_	_
M	O	O	O	O	O	O	_	_	_	_	_	_
.	O	O	O	O	O	O	_	_	_	EndOfSentence	_	_
Carnot	O	O	O	O	O	O	_	_	_	_	_	_
arrivait	O	O	O	O	O	O	_	_	_	_	_	_
à	O	O	O	O	O	O	_	_	_	_	_	_
Fribourg	O	O	O	O	O	O	_	_	_	_	_	_
,	O	O	O	O	O	O	_	_	EndOfLine	_	_	_
# segment_iiif_link = https://impresso-project.ch/api/proxy/iiif/LLE-1894-06-27-a-p0001/690,3354,611,64/full/0/default.jpg
hier	O	O	O	O	O	O	_	_	_	_	_	_
matin	O	O	O	O	O	O	_	_	_	_	_	_
,	O	O	O	O	O	O	_	_	_	_	_	_
le	O	O	O	O	O	O	_	_	_	_	_	_
président	O	O	O	O	O	O	_	_	_	_	_	_
de	O	O	O	O	O	O	_	_	_	_	_	_
la	O	O	O	O	O	O	_	_	_	_	_	_
Société	O	O	O	O	O	O	_	_	EndOfLine	_	_	_
# segment_iiif_link = https://impresso-project.ch/api/proxy/iiif/LLE-1894-06-27-a-p0001/690,3386,611,65/full/0/default.jpg
française	O	O	O	O	O	O	_	_	_	_	_	_
de	O	O	O	O	O	O	_	_	_	_	_	_
cette	O	O	O	O	O	O	_	_	_	_	_	_
ville	O	O	O	O	O	O	_	_	_	_	_	_
sempressa	O	O	O	O	O	O	_	_	_	_	_	_
de	O	O	O	O	O	O	_	_	EndOfLine	_	_	_
# segment_iiif_link = https://impresso-project.ch/api/proxy/iiif/LLE-1894-06-27-a-p0001/692,3417,622,65/full/0/default.jpg
télégraphier	O	O	O	O	O	O	_	_	_	_	_	_
au	O	O	O	O	O	O	_	_	_	_	_	_
nom	O	O	O	O	O	O	_	_	_	_	_	_
de	O	O	O	O	O	O	_	_	_	_	_	_
cette	O	O	O	O	O	O	_	_	_	_	_	_
Société	O	O	O	O	O	O	_	_	_	_	_	_
à	O	O	O	O	O	O	_	_	_	_	_	_
M	O	O	O	O	O	O	_	_	_	_	_	_
.	O	O	O	O	O	O	_	_	_	EndOfSentence	_	_
Barrère	O	O	O	O	O	O	_	_	_	_	_	_
,	O	O	O	O	O	O	_	_	EndOfLine	_	_	_
# segment_iiif_link = https://impresso-project.ch/api/proxy/iiif/LLE-1894-06-27-a-p0001/692,3448,475,65/full/0/default.jpg
ambassadeur	O	O	O	O	O	O	_	_	_	_	_	_
de	O	O	O	O	O	O	_	_	_	_	_	_
France	O	O	O	O	O	O	_	_	_	_	_	_
à	O	O	O	O	O	O	_	_	_	_	_	_
Berne	O	O	O	O	O	O	_	_	_	_	_	_
.	O	O	O	O	O	O	_	_	EndOfLine	EndOfSentence	_	_
# segment_iiif_link = https://impresso-project.ch/api/proxy/iiif/LLE-1894-06-27-a-p0001/720,3479,583,66/full/0/default.jpg
M	O	O	O	O	O	O	_	_	_	_	_	_
.	O	O	O	O	O	O	_	_	_	EndOfSentence	_	_
Barrère	O	O	O	O	O	O	_	_	_	_	_	_
vient	O	O	O	O	O	O	_	_	_	_	_	_
de	O	O	O	O	O	O	_	_	_	_	_	_
répondre	O	O	O	O	O	O	_	_	EndOfLine	_	_	_
# segment_iiif_link = https://impresso-project.ch/api/proxy/iiif/LLE-1894-06-27-a-p0001/692,3510,621,66/full/0/default.jpg
télégraphiquement	O	O	O	O	O	O	_	_	_	_	_	_
quil	O	O	O	O	O	O	_	_	_	_	_	_
a	O	O	O	O	O	O	_	_	_	_	_	_
transmis	O	O	O	O	O	O	_	_	_	_	_	_
les	O	O	O	O	O	O	_	_	_	_	_	_
condoléances	O	O	O	O	O	O	_	_	EndOfLine	_	_	_
# segment_iiif_link = https://impresso-project.ch/api/proxy/iiif/LLE-1894-06-27-a-p0001/692,3542,611,67/full/0/default.jpg
de	O	O	O	O	O	O	_	_	_	_	_	_
la	O	O	O	O	O	O	_	_	_	_	_	_
Société	O	O	O	O	O	O	_	_	_	_	_	_
française	O	O	O	O	O	O	_	_	_	_	_	_
de	O	O	O	O	O	O	_	_	_	_	_	_
Fribourg	O	O	O	O	O	O	_	_	_	_	_	_
au	O	O	O	O	O	O	_	_	EndOfLine	_	_	_
# segment_iiif_link = https://impresso-project.ch/api/proxy/iiif/LLE-1894-06-27-a-p0001/692,3573,398,66/full/0/default.jpg
gouvernement	O	O	O	O	O	O	_	_	_	_	_	_
et	O	O	O	O	O	O	_	_	_	_	_	_
à	O	O	O	O	O	O	_	_	_	_	_	_
M	O	O	O	O	O	O	_	_	_	_	_	_
m	O	O	O	O	O	O	_	_	_	_	_	_
»	O	O	O	O	O	O	_	_	_	_	_	_
Carnot	O	O	O	O	O	O	_	_	_	_	_	_
.	O	O	O	O	O	O	_	_	EndOfLine	EndOfSentence	_	_
# segment_iiif_link = https://impresso-project.ch/api/proxy/iiif/LLE-1894-06-27-a-p0001/813,3616,417,65/full/0/default.jpg
Service	O	O	O	O	O	O	_	_	_	_	_	_
de	O	O	O	O	O	O	_	_	_	_	_	_
lAgence	O	O	O	O	O	O	_	_	_	_	_	_
Berna	O	O	O	O	O	O	_	_	EndOfLine	_	_	_
# segment_iiif_link = https://impresso-project.ch/api/proxy/iiif/LLE-1894-06-27-a-p0001/1049,3645,227,66/full/0/default.jpg
Berne	O	O	O	O	O	O	_	_	_	_	_	_
,	O	O	O	O	O	O	_	_	_	_	_	_
26	O	O	O	O	O	O	_	_	_	_	_	_
juin	O	O	O	O	O	O	_	_	_	_	_	_
.	O	O	O	O	O	O	_	_	EndOfLine	EndOfSentence	_	_
# segment_iiif_link = https://impresso-project.ch/api/proxy/iiif/LLE-1894-06-27-a-p0001/724,3678,592,64/full/0/default.jpg
M	O	O	O	O	O	O	_	_	_	_	_	_
.	O	O	O	O	O	O	_	_	_	EndOfSentence	_	_
de	O	O	O	O	O	O	_	_	_	_	_	_
Torrenté	O	O	O	O	O	O	_	_	_	_	_	_
,	O	O	O	O	O	O	_	_	_	_	_	_
président	O	O	O	O	O	O	_	_	_	_	_	_
du	O	O	O	O	O	O	_	_	_	_	_	_
Conseil	O	O	O	O	O	O	_	_	_	_	_	_
dea	O	O	O	O	O	O	_	_	EndOfLine	_	_	_
# segment_iiif_link = https://impresso-project.ch/api/proxy/iiif/LLE-1894-06-27-a-p0001/694,3710,620,65/full/0/default.jpg
Etats	O	O	O	O	O	O	_	_	_	_	_	_
,	O	O	O	O	O	O	_	_	_	_	_	_
et	O	O	O	O	O	O	_	_	_	_	_	_
M	O	O	O	O	O	O	_	_	_	_	_	_
.	O	O	O	O	O	O	_	_	_	EndOfSentence	_	_
Brenner	O	O	O	O	O	O	_	_	_	_	_	_
,	O	O	O	O	O	O	_	_	_	_	_	_
président	O	O	O	O	O	O	_	_	_	_	_	_
du	O	O	O	O	O	O	_	_	_	_	_	_
Conseil	O	O	O	O	O	O	_	_	EndOfLine	_	_	_
# segment_iiif_link = https://impresso-project.ch/api/proxy/iiif/LLE-1894-06-27-a-p0001/694,3741,622,66/full/0/default.jpg
national	O	O	O	O	O	O	_	_	_	_	_	_
,	O	O	O	O	O	O	_	_	_	_	_	_
prononceront	O	O	O	O	O	O	_	_	_	_	_	_
aujourdhui	O	O	O	O	O	O	_	_	_	_	_	_
,	O	O	O	O	O	O	_	_	_	_	_	_
à	O	O	O	O	O	O	_	_	_	_	_	_
3	O	O	O	O	O	O	_	_	_	_	_	_
h	O	O	O	O	O	O	_	_	_	_	_	_
.	O	O	O	O	O	O	_	_	NoSpaceAfter	EndOfSentence	_	_
,	O	O	O	O	O	O	_	_	EndOfLine	_	_	_
# segment_iiif_link = https://impresso-project.ch/api/proxy/iiif/LLE-1894-06-27-a-p0001/695,3772,610,66/full/0/default.jpg
dans	O	O	O	O	O	O	_	_	_	_	_	_
chacune	O	O	O	O	O	O	_	_	_	_	_	_
des	O	O	O	O	O	O	_	_	_	_	_	_
denx	O	O	O	O	O	O	_	_	_	_	_	_
Chambres	O	O	O	O	O	O	_	_	_	_	_	_
,	O	O	O	O	O	O	_	_	_	_	_	_
à	O	O	O	O	O	O	_	_	_	_	_	_
l	O	O	O	O	O	O	_	_	EndOfLine	_	_	_
# segment_iiif_link = https://impresso-project.ch/api/proxy/iiif/LLE-1894-06-27-a-p0001/695,3803,621,66/full/0/default.jpg
ouverture	O	O	O	O	O	O	_	_	_	_	_	_
de	O	O	O	O	O	O	_	_	_	_	_	_
la	O	O	O	O	O	O	_	_	_	_	_	_
séance	O	O	O	O	O	O	_	_	_	_	_	_
,	O	O	O	O	O	O	_	_	_	_	_	_
une	O	O	O	O	O	O	_	_	_	_	_	_
allocution	O	O	O	O	O	O	_	_	_	_	_	_
sur	O	O	O	O	O	O	_	_	_	_	_	_
la	O	O	O	O	O	O	_	_	_	_	_	_
mort	O	O	O	O	O	O	_	_	EndOfLine	_	_	_
# segment_iiif_link = https://impresso-project.ch/api/proxy/iiif/LLE-1894-06-27-a-p0001/694,3835,611,67/full/0/default.jpg
de	O	O	O	O	O	O	_	_	_	_	_	_
M	O	O	O	O	O	O	_	_	_	_	_	_
.	O	O	O	O	O	O	_	_	_	EndOfSentence	_	_
Carnot	O	O	O	O	O	O	_	_	_	_	_	_
et	O	O	O	O	O	O	_	_	_	_	_	_
inviteront	O	O	O	O	O	O	_	_	_	_	_	_
le	O	O	O	O	O	O	_	_	_	_	_	_
.	O	O	O	O	O	O	_	_	_	EndOfSentence	_	_
dites	O	O	O	O	O	O	_	_	EndOfLine	_	_	_
# segment_iiif_link = https://impresso-project.ch/api/proxy/iiif/LLE-1894-06-27-a-p0001/694,3868,622,66/full/0/default.jpg
assemblées	O	O	O	O	O	O	_	_	_	_	_	_
à	O	O	O	O	O	O	_	_	_	_	_	_
se	O	O	O	O	O	O	_	_	_	_	_	_
lover	O	O	O	O	O	O	_	_	_	_	_	_
en	O	O	O	O	O	O	_	_	_	_	_	_
signe	O	O	O	O	O	O	_	_	_	_	_	_
de	O	O	O	O	O	O	_	_	_	_	_	_
sympathie	O	O	O	O	O	O	_	_	_	_	_	_
et	O	O	O	O	O	O	_	_	_	_	_	_
de	O	O	O	O	O	O	_	_	EndOfLine	_	_	_
# segment_iiif_link = https://impresso-project.ch/api/proxy/iiif/LLE-1894-06-27-a-p0001/694,3901,78,64/full/0/default.jpg
deuil	O	O	O	O	O	O	_	_	_	_	_	_
.	O	O	O	O	O	O	_	_	EndOfLine	EndOfSentence	_	_

# language = fr
# newspaper = LLE
# date = 1914-08-14
# document_id = LLE-1914-08-14-a-i0010
# news-agency-as-source = _
# segment_iiif_link = https://impresso-project.ch/api/proxy/iiif/LLE-1914-08-14-a-p0002/1716,3490,139,68/full/0/default.jpg
Prorosatfoit	O	O	O	O	O	O	_	_	EndOfLine	_	_	_
# segment_iiif_link = https://impresso-project.ch/api/proxy/iiif/LLE-1914-08-14-a-p0002/1608,3522,354,68/full/0/default.jpg
dos	O	O	O	O	O	O	_	_	_	_	_	_
billets	O	O	O	O	O	O	_	_	_	_	_	_
de	O	O	O	O	O	O	_	_	_	_	_	_
chemins	O	O	O	O	O	O	_	_	_	_	_	_
de	O	O	O	O	O	O	_	_	_	_	_	_
fer	O	O	O	O	O	O	_	_	EndOfLine	_	_	_
# segment_iiif_link = https://impresso-project.ch/api/proxy/iiif/LLE-1914-08-14-a-p0002/1573,3570,444,54/full/0/default.jpg
La	O	O	O	O	O	O	_	_	_	_	_	_
duréo	O	O	O	O	O	O	_	_	_	_	_	_
de	O	O	O	O	O	O	_	_	_	_	_	_
validité	O	O	O	O	O	O	_	_	_	_	_	_
des	O	O	O	O	O	O	_	_	_	_	_	_
billets	O	O	O	O	O	O	_	_	_	_	_	_
de	O	O	O	O	O	O	_	_	EndOfLine	_	_	_
# segment_iiif_link = https://impresso-project.ch/api/proxy/iiif/LLE-1914-08-14-a-p0002/1536,3597,4,54/full/0/default.jpg
.	O	O	O	O	O	O	_	_	EndOfLine	EndOfSentence	_	_
# segment_iiif_link = https://impresso-project.ch/api/proxy/iiif/LLE-1914-08-14-a-p0002/1538,3599,477,53/full/0/default.jpg
-	O	O	O	O	O	O	_	_	NoSpaceAfter	_	_	_
retour	O	O	O	O	O	O	_	_	NoSpaceAfter	_	_	_
-	O	O	O	O	O	O	_	_	_	_	_	_
ou	O	O	O	O	O	O	_	_	_	_	_	_
-	O	O	O	O	O	O	_	_	NoSpaceAfter	_	_	_
des	O	O	O	O	O	O	_	_	_	_	_	_
billets	O	O	O	O	O	O	_	_	_	_	_	_
circulnires	O	O	O	O	O	O	_	_	_	_	_	_
pour	O	O	O	O	O	O	_	_	EndOfLine	_	_	_
# segment_iiif_link = https://impresso-project.ch/api/proxy/iiif/LLE-1914-08-14-a-p0002/1545,3629,472,53/full/0/default.jpg
létranger	O	O	O	O	O	O	_	_	_	_	_	_
,	O	O	O	O	O	O	_	_	_	_	_	_
périmés	O	O	O	O	O	O	_	_	_	_	_	_
deguis	O	O	O	O	O	O	_	_	_	_	_	_
.	O	O	O	O	O	O	_	_	_	EndOfSentence	_	_
le	O	O	O	O	O	O	_	_	_	_	_	_
31	O	O	O	O	O	O	_	_	_	_	_	_
juillet	O	O	O	O	O	O	_	_	_	_	_	_
,	O	O	O	O	O	O	_	_	_	_	_	_
a	O	O	O	O	O	O	_	_	EndOfLine	_	_	_
# segment_iiif_link = https://impresso-project.ch/api/proxy/iiif/LLE-1914-08-14-a-p0002/1545,3659,470,53/full/0/default.jpg
été	O	O	O	O	O	O	_	_	_	_	_	_
prolongea	O	O	O	O	O	O	_	_	_	_	_	_
,	O	O	O	O	O	O	_	_	_	_	_	_
jusquà	O	O	O	O	O	O	_	_	_	_	_	_
nouvel	O	O	O	O	O	O	_	_	_	_	_	_
avis	O	O	O	O	O	O	_	_	_	_	_	_
pour	O	O	O	O	O	O	_	_	EndOfLine	_	_	_
# segment_iiif_link = https://impresso-project.ch/api/proxy/iiif/LLE-1914-08-14-a-p0002/1545,3687,300,54/full/0/default.jpg
les	O	O	O	O	O	O	_	_	_	_	_	_
.	O	O	O	O	O	O	_	_	_	EndOfSentence	_	_
chpmips	O	O	O	O	O	O	_	_	_	_	_	_
dp	O	O	O	O	O	O	_	_	_	_	_	_
for	O	O	O	O	O	O	_	_	_	_	_	_
.	O	O	O	O	O	O	_	_	_	EndOfSentence	_	_
syjsjes	O	O	O	O	O	O	_	_	_	_	_	_
.	O	O	O	O	O	O	_	_	EndOfLine	EndOfSentence	_	_
# segment_iiif_link = https://impresso-project.ch/api/proxy/iiif/LLE-1914-08-14-a-p0002/1571,3761,441,54/full/0/default.jpg
Les	O	O	O	O	O	O	_	_	_	_	_	_
services	O	O	O	O	O	O	_	_	_	_	_	_
de	O	O	O	O	O	O	_	_	_	_	_	_
la	O	O	O	O	O	O	_	_	_	_	_	_
posto	O	O	O	O	O	O	_	_	_	_	_	_
étant	O	O	O	O	O	O	_	_	EndOfLine	_	_	_
# segment_iiif_link = https://impresso-project.ch/api/proxy/iiif/LLE-1914-08-14-a-p0002/1543,3795,467,53/full/0/default.jpg
très	O	O	O	O	O	O	_	_	_	_	_	_
?	O	O	O	O	O	O	_	_	_	EndOfSentence	_	_
roat	O	O	O	O	O	O	_	_	_	_	_	_
rein	O	O	O	O	O	O	_	_	_	_	_	_
tn	O	O	O	O	O	O	_	_	_	_	_	_
,	O	O	O	O	O	O	_	_	_	_	_	_
nous	O	O	O	O	O	O	_	_	_	_	_	_
prions	O	O	O	O	O	O	_	_	_	_	_	_
noa	O	O	O	O	O	O	_	_	EndOfLine	_	_	_
# segment_iiif_link = https://impresso-project.ch/api/proxy/iiif/LLE-1914-08-14-a-p0002/1546,3830,466,52/full/0/default.jpg
abonnée	O	O	O	O	O	O	_	_	_	_	_	_
t	O	O	O	O	O	O	_	_	_	_	_	_
.	O	O	O	O	O	O	_	_	_	EndOfSentence	_	_
o	O	O	O	O	O	O	_	_	_	_	_	_
no	O	O	O	O	O	O	_	_	_	_	_	_
p	O	O	O	O	O	O	_	_	_	_	_	_
ne	O	O	O	O	O	O	_	_	_	_	_	_
être	O	O	O	O	O	O	_	_	_	_	_	_
surpris	O	O	O	O	O	O	_	_	EndOfLine	_	_	_
# segment_iiif_link = https://impresso-project.ch/api/proxy/iiif/LLE-1914-08-14-a-p0002/1545,3868,467,54/full/0/default.jpg
des	O	O	O	O	O	O	_	_	_	_	_	_
retards	O	O	O	O	O	O	_	_	_	_	_	_
qui	O	O	O	O	O	O	_	_	_	_	_	_
surviennent	O	O	O	O	O	O	_	_	_	_	_	_
dana	O	O	O	O	O	O	_	_	EndOfLine	_	_	_
# segment_iiif_link = https://impresso-project.ch/api/proxy/iiif/LLE-1914-08-14-a-p0002/1545,3903,465,52/full/0/default.jpg
la	O	O	O	O	O	O	_	_	_	_	_	_
réception	O	O	O	O	O	O	_	_	_	_	_	_
du	O	O	O	O	O	O	_	_	_	_	_	_
journal	O	O	O	O	O	O	_	_	_	_	_	_
:	O	O	O	O	O	O	_	_	_	_	_	_
oetlfe	O	O	O	O	O	O	_	_	EndOfLine	_	_	_
# segment_iiif_link = https://impresso-project.ch/api/proxy/iiif/LLE-1914-08-14-a-p0002/1543,3937,470,53/full/0/default.jpg
laoune	O	O	O	O	O	O	_	_	_	_	_	_
éat	O	O	O	O	O	O	_	_	_	_	_	_
oauèôé	O	O	O	O	O	O	_	_	_	_	_	_
par	O	O	O	O	O	O	_	_	_	_	_	_
la	O	O	O	O	O	O	_	_	_	_	_	_
service	O	O	O	O	O	O	_	_	EndOfLine	_	_	_
# segment_iiif_link = https://impresso-project.ch/api/proxy/iiif/LLE-1914-08-14-a-p0002/1543,3972,459,54/full/0/default.jpg
poatai	O	O	O	O	O	O	_	_	_	_	_	_
et	O	O	O	O	O	O	_	_	_	_	_	_
.	O	O	O	O	O	O	_	_	_	EndOfSentence	_	_
non	O	O	O	O	O	O	_	_	_	_	_	_
par	O	O	O	O	O	O	_	_	_	_	_	_
notro	O	O	O	O	O	O	_	_	EndOfLine	_	_	_
# segment_iiif_link = https://impresso-project.ch/api/proxy/iiif/LLE-1914-08-14-a-p0002/1541,4009,476,52/full/0/default.jpg
expédition	O	O	O	O	O	O	_	_	_	_	_	_
,	O	O	O	O	O	O	_	_	_	_	_	_
qui	O	O	O	O	O	O	_	_	_	_	_	_
co	O	O	O	O	O	O	_	_	_	_	_	_
fait	O	O	O	O	O	O	_	_	_	_	_	_
régulièrement	O	O	O	O	O	O	_	_	_	_	_	_
.	O	O	O	O	O	O	_	_	EndOfLine	EndOfSentence	_	_
# segment_iiif_link = https://impresso-project.ch/api/proxy/iiif/LLE-1914-08-14-a-p0002/2063,103,431,97/full/0/default.jpg
A	O	O	O	O	O	O	_	_	_	_	_	_
la	O	O	O	O	O	O	_	_	_	_	_	_
frontière	O	O	O	O	O	O	_	_	_	_	_	_
d	O	O	O	O	O	O	_	_	_	_	_	_
Alsace	O	O	O	O	O	O	_	_	EndOfLine	_	_	_
# segment_iiif_link = https://impresso-project.ch/api/proxy/iiif/LLE-1914-08-14-a-p0002/2115,175,329,47/full/0/default.jpg
|	O	O	O	O	O	O	_	_	_	_	_	_
D	O	O	O	O	O	O	_	_	_	_	_	_
»	O	O	O	O	O	O	_	_	_	_	_	_
noir	O	O	O	O	O	O	_	_	_	_	_	_
»	O	O	O	O	O	O	_	_	_	_	_	_
correspondant	O	O	O	O	O	O	_	_	_	_	_	_
jurmien	O	O	O	O	O	O	_	_	_	_	_	_
)	O	O	O	O	O	O	_	_	EndOfLine	_	_	_
# segment_iiif_link = https://impresso-project.ch/api/proxy/iiif/LLE-1914-08-14-a-p0002/2235,247,259,55/full/0/default.jpg
Porrentrutj	O	O	O	O	O	O	_	_	_	_	_	_
,	O	O	O	O	O	O	_	_	_	_	_	_
12	O	O	O	O	O	O	_	_	_	_	_	_
août	O	O	O	O	O	O	_	_	_	_	_	_
.	O	O	O	O	O	O	_	_	EndOfLine	EndOfSentence	_	_
# segment_iiif_link = https://impresso-project.ch/api/proxy/iiif/LLE-1914-08-14-a-p0002/2077,284,438,53/full/0/default.jpg
Notre	O	O	O	O	O	O	_	_	_	_	_	_
vieille	O	O	O	O	O	O	_	_	_	_	_	_
cité	O	O	O	O	O	O	_	_	_	_	_	_
,	O	O	O	O	O	O	_	_	_	_	_	_
qui	O	O	O	O	O	O	_	_	_	_	_	_
,	O	O	O	O	O	O	_	_	_	_	_	_
à	O	O	O	O	O	O	_	_	_	_	_	_
cause	O	O	O	O	O	O	_	_	_	_	_	_
du	O	O	O	O	O	O	_	_	EndOfLine	_	_	_
# segment_iiif_link = https://impresso-project.ch/api/proxy/iiif/LLE-1914-08-14-a-p0002/2052,315,467,54/full/0/default.jpg
voisinage	O	O	O	O	O	O	_	_	_	_	_	_
de	O	O	O	O	O	O	_	_	_	_	_	_
la	O	O	O	O	O	O	_	_	_	_	_	_
frontière	O	O	O	O	O	O	_	_	_	_	_	_
ct	O	O	O	O	O	O	_	_	_	_	_	_
cn	O	O	O	O	O	O	_	_	_	_	_	_
raison	O	O	O	O	O	O	_	_	EndOfLine	_	_	_
# segment_iiif_link = https://impresso-project.ch/api/proxy/iiif/LLE-1914-08-14-a-p0002/2052,347,455,52/full/0/default.jpg
aussi	O	O	O	O	O	O	_	_	_	_	_	_
de	O	O	O	O	O	O	_	_	_	_	_	_
certaines	O	O	O	O	O	O	_	_	_	_	_	_
sympathies	O	O	O	O	O	O	_	_	_	_	_	_
,	O	O	O	O	O	O	_	_	EndOfLine	_	_	_
# segment_iiif_link = https://impresso-project.ch/api/proxy/iiif/LLE-1914-08-14-a-p0002/2052,379,453,54/full/0/default.jpg
semblait	O	O	O	O	O	O	_	_	_	_	_	_
h	O	O	O	O	O	O	_	_	_	_	_	_
quelques	O	O	O	O	O	O	_	_	NoSpaceAfter	_	_	_
-	O	O	O	O	O	O	_	_	NoSpaceAfter	_	_	_
uns	O	O	O	O	O	O	_	_	_	_	_	_
possukler	O	O	O	O	O	O	_	_	_	_	_	_
un	O	O	O	O	O	O	_	_	EndOfLine	_	_	_
# segment_iiif_link = https://impresso-project.ch/api/proxy/iiif/LLE-1914-08-14-a-p0002/2052,411,467,53/full/0/default.jpg
patriotisme	O	O	O	O	O	O	_	_	_	_	_	_
saas	O	O	O	O	O	O	_	_	_	_	_	_
racines	O	O	O	O	O	O	_	_	_	_	_	_
très	O	O	O	O	O	O	_	_	_	_	_	_
profondes	O	O	O	O	O	O	_	_	_	_	_	_
,	O	O	O	O	O	O	_	_	EndOfLine	_	_	_
# segment_iiif_link = https://impresso-project.ch/api/proxy/iiif/LLE-1914-08-14-a-p0002/2052,443,465,53/full/0/default.jpg
Porrentruy	O	O	O	O	O	O	_	_	_	_	_	_
fait	O	O	O	O	O	O	_	_	_	_	_	_
preuve	O	O	O	O	O	O	_	_	_	_	_	_
aujourdhui	O	O	O	O	O	O	_	_	EndOfLine	_	_	_
# segment_iiif_link = https://impresso-project.ch/api/proxy/iiif/LLE-1914-08-14-a-p0002/2052,474,468,54/full/0/default.jpg
d	O	O	O	O	O	O	_	_	_	_	_	_
un	O	O	O	O	O	O	_	_	_	_	_	_
sang	O	O	O	O	O	O	_	_	NoSpaceAfter	_	_	_
-	O	O	O	O	O	O	_	_	NoSpaceAfter	_	_	_
froid	O	O	O	O	O	O	_	_	_	_	_	_
parfait	O	O	O	O	O	O	_	_	_	_	_	_
et	O	O	O	O	O	O	_	_	_	_	_	_
du	O	O	O	O	O	O	_	_	_	_	_	_
plus	O	O	O	O	O	O	_	_	EndOfLine	_	_	_
# segment_iiif_link = https://impresso-project.ch/api/proxy/iiif/LLE-1914-08-14-a-p0002/2052,508,455,53/full/0/default.jpg
grand	O	O	O	O	O	O	_	_	_	_	_	_
dévouement	O	O	O	O	O	O	_	_	_	_	_	_
aux	O	O	O	O	O	O	_	_	_	_	_	_
intérêts	O	O	O	O	O	O	_	_	EndOfLine	_	_	_
# segment_iiif_link = https://impresso-project.ch/api/proxy/iiif/LLE-1914-08-14-a-p0002/2052,541,457,54/full/0/default.jpg
supérieurs	O	O	O	O	O	O	_	_	_	_	_	_
de	O	O	O	O	O	O	_	_	_	_	_	_
la	O	O	O	O	O	O	_	_	_	_	_	_
Suisse	O	O	O	O	O	O	_	_	_	_	_	_
.	O	O	O	O	O	O	_	_	_	EndOfSentence	_	_
Lcs	O	O	O	O	O	O	_	_	_	_	_	_
chefs	O	O	O	O	O	O	_	_	_	_	_	_
mili	O	O	O	O	O	O	_	_	EndOfLine	_	_	_
# segment_iiif_link = https://impresso-project.ch/api/proxy/iiif/LLE-1914-08-14-a-p0002/2057,573,452,52/full/0/default.jpg
taires	O	O	O	O	O	O	_	_	_	_	_	_
qui	O	O	O	O	O	O	_	_	_	_	_	_
sont	O	O	O	O	O	O	_	_	_	_	_	_
venus	O	O	O	O	O	O	_	_	_	_	_	_
sTétablir	O	O	O	O	O	O	_	_	_	_	_	_
cn	O	O	O	O	O	O	_	_	EndOfLine	_	_	_
# segment_iiif_link = https://impresso-project.ch/api/proxy/iiif/LLE-1914-08-14-a-p0002/2057,605,467,54/full/0/default.jpg
permanence	O	O	O	O	O	O	_	_	_	_	_	_
ici	O	O	O	O	O	O	_	_	_	_	_	_
.	O	O	O	O	O	O	_	_	_	EndOfSentence	_	_
n	O	O	O	O	O	O	_	_	_	_	_	_
ont	O	O	O	O	O	O	_	_	_	_	_	_
que	O	O	O	O	O	O	_	_	_	_	_	_
des	O	O	O	O	O	O	_	_	_	_	_	_
.	O	O	O	O	O	O	_	_	_	EndOfSentence	_	_
éloges	O	O	O	O	O	O	_	_	_	_	_	_
i	O	O	O	O	O	O	_	_	_	_	_	_
»	O	O	O	O	O	O	_	_	EndOfLine	_	_	_
# segment_iiif_link = https://impresso-project.ch/api/proxy/iiif/LLE-1914-08-14-a-p0002/2057,635,453,54/full/0/default.jpg
adresser	O	O	O	O	O	O	_	_	_	_	_	_
i	O	O	O	O	O	O	_	_	_	_	_	_
\	O	O	O	O	O	O	_	_	_	_	_	_
la	O	O	O	O	O	O	_	_	_	_	_	_
population	O	O	O	O	O	O	_	_	_	_	_	_
ct	O	O	O	O	O	O	_	_	_	_	_	_
aux	O	O	O	O	O	O	_	_	EndOfLine	_	_	_
# segment_iiif_link = https://impresso-project.ch/api/proxy/iiif/LLE-1914-08-14-a-p0002/2057,667,173,54/full/0/default.jpg
aulorilés	O	O	O	O	O	O	_	_	_	_	_	_
civiles	O	O	O	O	O	O	_	_	_	_	_	_
.	O	O	O	O	O	O	_	_	EndOfLine	EndOfSentence	_	_
# segment_iiif_link = https://impresso-project.ch/api/proxy/iiif/LLE-1914-08-14-a-p0002/2058,712,462,49/full/0/default.jpg
v	O	O	O	O	O	O	_	_	_	_	_	_
La	O	O	O	O	O	O	_	_	_	_	_	_
,	O	O	O	O	O	O	_	_	_	_	_	_
n	O	O	O	O	O	O	_	_	_	_	_	_
<	O	O	O	O	O	O	_	_	_	_	_	_
p	O	O	O	O	O	O	_	_	_	_	_	_
*	O	O	O	O	O	O	_	_	_	_	_	_
vtjl	O	O	O	O	O	O	_	_	_	_	_	_
.	O	O	O	O	O	O	_	_	_	EndOfSentence	_	_
le	O	O	O	O	O	O	_	_	_	_	_	_
—	O	O	O	O	O	O	_	_	_	_	_	_
Id	O	O	O	O	O	O	_	_	_	_	_	_
ai	O	O	O	O	O	O	_	_	_	_	_	_
.	O	O	O	O	O	O	_	_	_	EndOfSentence	_	_
lllçurs	O	O	O	O	O	O	_	_	_	_	_	_
grossie	O	O	O	O	O	O	_	_	EndOfLine	_	_	_
# segment_iiif_link = https://impresso-project.ch/api/proxy/iiif/LLE-1914-08-14-a-p0002/2057,734,465,53/full/0/default.jpg
par	O	O	O	O	O	O	_	_	_	_	_	_
l	O	O	O	O	O	O	_	_	_	_	_	_
agence	O	O	O	O	O	O	_	_	_	_	_	_
Wolff	O	O	O	O	O	O	_	_	_	_	_	_
et	O	O	O	O	O	O	_	_	_	_	_	_
d	O	O	O	O	O	O	_	_	_	_	_	_
autres	O	O	O	O	O	O	_	_	_	_	_	_
—	O	O	O	O	O	O	_	_	_	_	_	_
dun	O	O	O	O	O	O	_	_	EndOfLine	_	_	_
# segment_iiif_link = https://impresso-project.ch/api/proxy/iiif/LLE-1914-08-14-a-p0002/2057,766,465,53/full/0/default.jpg
échec	O	O	O	O	O	O	_	_	_	_	_	_
français	O	O	O	O	O	O	_	_	_	_	_	_
sous	O	O	O	O	O	O	_	_	_	_	_	_
Mulhouse	O	O	O	O	O	O	_	_	_	_	_	_
a	O	O	O	O	O	O	_	_	_	_	_	_
pose	O	O	O	O	O	O	_	_	EndOfLine	_	_	_
# segment_iiif_link = https://impresso-project.ch/api/proxy/iiif/LLE-1914-08-14-a-p0002/2057,796,453,55/full/0/default.jpg
lhypothèse	O	O	O	O	O	O	_	_	_	_	_	_
du	O	O	O	O	O	O	_	_	_	_	_	_
refoulement	O	O	O	O	O	O	_	_	_	_	_	_
d	O	O	O	O	O	O	_	_	_	_	_	_
une	O	O	O	O	O	O	_	_	EndOfLine	_	_	_
# segment_iiif_link = https://impresso-project.ch/api/proxy/iiif/LLE-1914-08-14-a-p0002/2057,831,463,52/full/0/default.jpg
arméç	O	O	O	O	O	O	_	_	_	_	_	_
cn	O	O	O	O	O	O	_	_	_	_	_	_
deroutç	O	O	O	O	O	O	_	_	_	_	_	_
du	O	O	O	O	O	O	_	_	_	_	_	_
,	O	O	O	O	O	O	_	_	_	_	_	_
c	O	O	O	O	O	O	_	_	_	_	_	_
6	O	O	O	O	O	O	_	_	_	_	_	_
lc	O	O	O	O	O	O	_	_	_	_	_	_
delà	O	O	O	O	O	O	_	_	_	_	_	_
,	O	O	O	O	O	O	_	_	_	_	_	_
fron	O	O	O	O	O	O	_	_	EndOfLine	_	_	_
# segment_iiif_link = https://impresso-project.ch/api/proxy/iiif/LLE-1914-08-14-a-p0002/2058,861,464,54/full/0/default.jpg
.	O	O	O	O	O	O	_	_	NoSpaceAfter	EndOfSentence	_	_
-	O	O	O	O	O	O	_	_	NoSpaceAfter	_	_	_
tière	O	O	O	O	O	O	_	_	_	_	_	_
de	O	O	O	O	O	O	_	_	_	_	_	_
.	O	O	O	O	O	O	_	_	NoSpaceAfter	EndOfSentence	_	_
.	O	O	O	O	O	O	_	_	_	EndOfSentence	_	_
lAjoie	O	O	O	O	O	O	_	_	_	_	_	_
.	O	O	O	O	O	O	_	_	_	EndOfSentence	_	_
On	O	O	O	O	O	O	_	_	_	_	_	_
.	O	O	O	O	O	O	_	_	_	EndOfSentence	_	_
pensa	O	O	O	O	O	O	_	_	_	_	_	_
tout	O	O	O	O	O	O	_	_	_	_	_	_
d	O	O	O	O	O	O	_	_	_	_	_	_
p	O	O	O	O	O	O	_	_	EndOfLine	_	_	_
# segment_iiif_link = https://impresso-project.ch/api/proxy/iiif/LLE-1914-08-14-a-p0002/2057,893,468,54/full/0/default.jpg
suite	O	O	O	O	O	O	_	_	_	_	_	_
,	O	O	O	O	O	O	_	_	_	_	_	_
-	O	O	O	O	O	O	_	_	NoSpaceAfter	_	_	_
pour	O	O	O	O	O	O	_	_	_	_	_	_
ôvilcr	O	O	O	O	O	O	_	_	_	_	_	_
d	O	O	O	O	O	O	_	_	_	_	_	_
<	O	O	O	O	O	O	_	_	NoSpaceAfter	_	_	_
;	O	O	O	O	O	O	_	_	_	_	_	_
s	O	O	O	O	O	O	_	_	_	_	_	_
,	O	O	O	O	O	O	_	_	_	_	_	_
erreurs	O	O	O	O	O	O	_	_	_	_	_	_
el	O	O	O	O	O	O	_	_	_	_	_	_
des	O	O	O	O	O	O	_	_	EndOfLine	_	_	_
# segment_iiif_link = https://impresso-project.ch/api/proxy/iiif/LLE-1914-08-14-a-p0002/2057,927,472,53/full/0/default.jpg
iiialcnlcndus	O	O	O	O	O	O	_	_	_	_	_	_
,	O	O	O	O	O	O	_	_	_	_	_	_
ù	O	O	O	O	O	O	_	_	_	_	_	_
piqueter	O	O	O	O	O	O	_	_	_	_	_	_
la	O	O	O	O	O	O	_	_	_	_	_	_
limite	O	O	O	O	O	O	_	_	EndOfLine	_	_	_
# segment_iiif_link = https://impresso-project.ch/api/proxy/iiif/LLE-1914-08-14-a-p0002/2060,960,469,54/full/0/default.jpg
Rnlrc	O	O	O	O	O	O	_	_	_	_	_	_
notre	O	O	O	O	O	O	_	_	_	_	_	_
pays	O	O	O	O	O	O	_	_	_	_	_	_
cl	O	O	O	O	O	O	_	_	_	_	_	_
;	O	O	O	O	O	O	_	_	_	_	_	_
les	O	O	O	O	O	O	_	_	_	_	_	_
lîlats	O	O	O	O	O	O	_	_	_	_	_	_
.	O	O	O	O	O	O	_	_	_	EndOfSentence	_	_
voisins	O	O	O	O	O	O	_	_	_	_	_	_
,	O	O	O	O	O	O	_	_	EndOfLine	_	_	_
# segment_iiif_link = https://impresso-project.ch/api/proxy/iiif/LLE-1914-08-14-a-p0002/2060,992,469,53/full/0/default.jpg
aux	O	O	O	O	O	O	_	_	_	_	_	_
.	O	O	O	O	O	O	_	_	_	EndOfSentence	_	_
ieiKJroits	O	O	O	O	O	O	_	_	_	_	_	_
mçnaçés	O	O	O	O	O	O	_	_	_	_	_	_
,	O	O	O	O	O	O	_	_	_	_	_	_
avec	O	O	O	O	O	O	_	_	_	_	_	_
des	O	O	O	O	O	O	_	_	_	_	_	_
.	O	O	O	O	O	O	_	_	_	EndOfSentence	_	_
fa	O	O	O	O	O	O	_	_	_	_	_	_
,	O	O	O	O	O	O	_	_	_	_	_	_
-	O	O	O	O	O	O	_	_	EndOfLine	_	_	_
# segment_iiif_link = https://impresso-project.ch/api/proxy/iiif/LLE-1914-08-14-a-p0002/2060,1024,465,53/full/0/default.jpg
iiious	O	O	O	O	O	O	_	_	_	_	_	_
.	O	O	O	O	O	O	_	_	_	EndOfSentence	_	_
aux	O	O	O	O	O	O	_	_	_	_	_	_
cotileurs	O	O	O	O	O	O	_	_	_	_	_	_
nationales	O	O	O	O	O	O	_	_	_	_	_	_
.	O	O	O	O	O	O	_	_	_	EndOfSentence	_	_
.	O	O	O	O	O	O	_	_	_	EndOfSentence	_	_
Un	O	O	O	O	O	O	_	_	EndOfLine	_	_	_
# segment_iiif_link = https://impresso-project.ch/api/proxy/iiif/LLE-1914-08-14-a-p0002/2060,1057,469,52/full/0/default.jpg
appej	O	O	O	O	O	O	_	_	_	_	_	_
aux	O	O	O	O	O	O	_	_	_	_	_	_
dames	O	O	O	O	O	O	_	_	_	_	_	_
dc	O	O	O	O	O	O	_	_	_	_	_	_
ila	O	O	O	O	O	O	_	_	_	_	_	_
ville	O	O	O	O	O	O	_	_	_	_	_	_
fut	O	O	O	O	O	O	_	_	_	_	_	_
pu	O	O	O	O	O	O	_	_	_	_	_	_
.	O	O	O	O	O	O	_	_	_	EndOfSentence	_	_
-	O	O	O	O	O	O	_	_	EndOfLine	_	_	_
# segment_iiif_link = https://impresso-project.ch/api/proxy/iiif/LLE-1914-08-14-a-p0002/2060,1087,455,54/full/0/default.jpg
blié	O	O	O	O	O	O	_	_	_	_	_	_
,	O	O	O	O	O	O	_	_	_	_	_	_
demandant	O	O	O	O	O	O	_	_	_	_	_	_
,	O	O	O	O	O	O	_	_	_	_	_	_
des	O	O	O	O	O	O	_	_	_	_	_	_
personnes	O	O	O	O	O	O	_	_	_	_	_	_
,	O	O	O	O	O	O	_	_	EndOfLine	_	_	_
# segment_iiif_link = https://impresso-project.ch/api/proxy/iiif/LLE-1914-08-14-a-p0002/2060,1121,465,53/full/0/default.jpg
dévouées	O	O	O	O	O	O	_	_	_	_	_	_
pour	O	O	O	O	O	O	_	_	_	_	_	_
la	O	O	O	O	O	O	_	_	_	_	_	_
^	O	O	O	O	O	O	_	_	_	_	_	_
confection	O	O	O	O	O	O	_	_	_	_	_	_
f	O	O	O	O	O	O	_	_	_	_	_	_
ie	O	O	O	O	O	O	_	_	_	_	_	_
ces	O	O	O	O	O	O	_	_	_	_	_	_
.	O	O	O	O	O	O	_	_	_	EndOfSentence	_	_
pq	O	O	O	O	O	O	_	_	_	_	_	_
r	O	O	O	O	O	O	_	_	EndOfLine	_	_	_
# segment_iiif_link = https://impresso-project.ch/api/proxy/iiif/LLE-1914-08-14-a-p0002/2062,1153,465,53/full/0/default.jpg
Uls	O	O	O	O	O	O	_	_	_	_	_	_
dfapeaux	O	O	O	O	O	O	_	_	_	_	_	_
.	O	O	O	O	O	O	_	_	_	EndOfSentence	_	_
^	O	O	O	O	O	O	_	_	_	_	_	_
nc	O	O	O	O	O	O	_	_	_	_	_	_
.	O	O	O	O	O	O	_	_	_	EndOfSentence	_	_
ïieurc	O	O	O	O	O	O	_	_	_	_	_	_
ct	O	O	O	O	O	O	_	_	_	_	_	_
demie	O	O	O	O	O	O	_	_	EndOfLine	_	_	_
# segment_iiif_link = https://impresso-project.ch/api/proxy/iiif/LLE-1914-08-14-a-p0002/2062,1184,463,54/full/0/default.jpg
après	O	O	O	O	O	O	_	_	_	_	_	_
ila	O	O	O	O	O	O	_	_	_	_	_	_
,	O	O	O	O	O	O	_	_	_	_	_	_
publiçalion	O	O	O	O	O	O	_	_	_	_	_	_
,	O	O	O	O	O	O	_	_	_	_	_	_
une	O	O	O	O	O	O	_	_	_	_	_	_
foule	O	O	O	O	O	O	_	_	_	_	_	_
,	O	O	O	O	O	O	_	_	_	_	_	_
était	O	O	O	O	O	O	_	_	EndOfLine	_	_	_
# segment_iiif_link = https://impresso-project.ch/api/proxy/iiif/LLE-1914-08-14-a-p0002/2062,1216,462,54/full/0/default.jpg
à	O	O	O	O	O	O	_	_	_	_	_	_
.	O	O	O	O	O	O	_	_	_	EndOfSentence	_	_
la	O	O	O	O	O	O	_	_	_	_	_	_
disposition	O	O	O	O	O	O	_	_	_	_	_	_
du	O	O	O	O	O	O	_	_	_	_	_	_
commandpnt	O	O	O	O	O	O	_	_	_	_	_	_
d	O	O	O	O	O	O	_	_	_	_	_	_
p	O	O	O	O	O	O	_	_	EndOfLine	_	_	_
# segment_iiif_link = https://impresso-project.ch/api/proxy/iiif/LLE-1914-08-14-a-p0002/2062,1251,462,52/full/0/default.jpg
placç	O	O	O	O	O	O	_	_	_	_	_	_
,	O	O	O	O	O	O	_	_	_	_	_	_
et	O	O	O	O	O	O	_	_	_	_	_	_
ih	O	O	O	O	O	O	_	_	_	_	_	_
:	O	O	O	O	O	O	_	_	_	_	_	_
.	O	O	O	O	O	O	_	_	_	EndOfSentence	_	_
troupe	O	O	O	O	O	O	_	_	_	_	_	_
réquisitionnait	O	O	O	O	O	O	_	_	EndOfLine	_	_	_
# segment_iiif_link = https://impresso-project.ch/api/proxy/iiif/LLE-1914-08-14-a-p0002/2062,1281,467,52/full/0/default.jpg
des	O	O	O	O	O	O	_	_	_	_	_	_
.	O	O	O	O	O	O	_	_	_	EndOfSentence	_	_
inaçlikies	O	O	O	O	O	O	_	_	_	_	_	_
.	O	O	O	O	O	O	_	_	_	EndOfSentence	_	_
à	O	O	O	O	O	O	_	_	_	_	_	_
coudre	O	O	O	O	O	O	_	_	_	_	_	_
.	O	O	O	O	O	O	_	_	NoSpaceAfter	EndOfSentence	_	_
.	O	O	O	O	O	O	_	_	_	EndOfSentence	_	_
Les	O	O	O	O	O	O	_	_	_	_	_	_
fanions	O	O	O	O	O	O	_	_	EndOfLine	_	_	_
# segment_iiif_link = https://impresso-project.ch/api/proxy/iiif/LLE-1914-08-14-a-p0002/2062,1313,468,54/full/0/default.jpg
ÎUTcnt	O	O	O	O	O	O	_	_	_	_	_	_
confectionnés	O	O	O	O	O	O	_	_	_	_	_	_
en	O	O	O	O	O	O	_	_	_	_	_	_
un	O	O	O	O	O	O	_	_	_	_	_	_
din	O	O	O	O	O	O	_	_	_	_	_	_
d	O	O	O	O	O	O	_	_	_	_	_	_
œïl	O	O	O	O	O	O	_	_	EndOfLine	_	_	_
# segment_iiif_link = https://impresso-project.ch/api/proxy/iiif/LLE-1914-08-14-a-p0002/2063,1345,462,54/full/0/default.jpg
et	O	O	O	O	O	O	_	_	_	_	_	_
partirent	O	O	O	O	O	O	_	_	_	_	_	_
île	O	O	O	O	O	O	_	_	_	_	_	_
,	O	O	O	O	O	O	_	_	_	_	_	_
inpme	O	O	O	O	O	O	_	_	_	_	_	_
soir	O	O	O	O	O	O	_	_	_	_	_	_
pour	O	O	O	O	O	O	_	_	_	_	_	_
lji	O	O	O	O	O	O	_	_	EndOfLine	_	_	_
# segment_iiif_link = https://impresso-project.ch/api/proxy/iiif/LLE-1914-08-14-a-p0002/2062,1377,110,53/full/0/default.jpg
frontière	O	O	O	O	O	O	_	_	_	_	_	_
.	O	O	O	O	O	O	_	_	EndOfLine	EndOfSentence	_	_
# segment_iiif_link = https://impresso-project.ch/api/proxy/iiif/LLE-1914-08-14-a-p0002/2087,1410,442,54/full/0/default.jpg
Çcda	O	O	O	O	O	O	_	_	_	_	_	_
.	O	O	O	O	O	O	_	_	_	EndOfSentence	_	_
se	O	O	O	O	O	O	_	_	_	_	_	_
passait	O	O	O	O	O	O	_	_	_	_	_	_
mardi	O	O	O	O	O	O	_	_	_	_	_	_
.	O	O	O	O	O	O	_	_	_	EndOfSentence	_	_
Une	O	O	O	O	O	O	_	_	_	_	_	_
simple	O	O	O	O	O	O	_	_	EndOfLine	_	_	_
# segment_iiif_link = https://impresso-project.ch/api/proxy/iiif/LLE-1914-08-14-a-p0002/2063,1444,471,53/full/0/default.jpg
alerte	O	O	O	O	O	O	_	_	_	_	_	_
.	O	O	O	O	O	O	_	_	_	EndOfSentence	_	_
11	O	O	O	O	O	O	_	_	_	_	_	_
esibien	O	O	O	O	O	O	_	_	_	_	_	_
entenduaujourdhi	O	O	O	O	O	O	_	_	_	_	_	_
\	O	O	O	O	O	O	_	_	_	_	_	_
i	O	O	O	O	O	O	_	_	EndOfLine	_	_	_
# segment_iiif_link = https://impresso-project.ch/api/proxy/iiif/LLE-1914-08-14-a-p0002/2062,1476,467,53/full/0/default.jpg
que	O	O	O	O	O	O	_	_	_	_	_	_
r	O	O	O	O	O	O	_	_	_	_	_	_
la	O	O	O	O	O	O	_	_	_	_	_	_
.	O	O	O	O	O	O	_	_	_	EndOfSentence	_	_
situation	O	O	O	O	O	O	_	_	_	_	_	_
des	O	O	O	O	O	O	_	_	_	_	_	_
Français	O	O	O	O	O	O	_	_	_	_	_	_
es	O	O	O	O	O	O	_	_	_	_	_	_
_	O	O	O	O	O	O	_	_	_	_	_	_
t	O	O	O	O	O	O	_	_	EndOfLine	_	_	_
# segment_iiif_link = https://impresso-project.ch/api/proxy/iiif/LLE-1914-08-14-a-p0002/2065,1509,462,52/full/0/default.jpg
beaucoup	O	O	O	O	O	O	_	_	_	_	_	_
inoi	O	O	O	O	O	O	_	_	_	_	_	_
^	O	O	O	O	O	O	_	_	_	_	_	_
ts	O	O	O	O	O	O	_	_	_	_	_	_
compromise	O	O	O	O	O	O	_	_	_	_	_	_
qu	O	O	O	O	O	O	_	_	_	_	_	_
on	O	O	O	O	O	O	_	_	EndOfLine	_	_	_
# segment_iiif_link = https://impresso-project.ch/api/proxy/iiif/LLE-1914-08-14-a-p0002/2063,1539,469,52/full/0/default.jpg
ne	O	O	O	O	O	O	_	_	_	_	_	_
l	O	O	O	O	O	O	_	_	_	_	_	_
a	O	O	O	O	O	O	_	_	_	_	_	_
dit	O	O	O	O	O	O	_	_	_	_	_	_
.	O	O	O	O	O	O	_	_	_	EndOfSentence	_	_
Ils	O	O	O	O	O	O	_	_	_	_	_	_
se	O	O	O	O	O	O	_	_	_	_	_	_
,	O	O	O	O	O	O	_	_	NoSpaceAfter	_	_	_
,	O	O	O	O	O	O	_	_	_	_	_	_
sont	O	O	O	O	O	O	_	_	_	_	_	_
,	O	O	O	O	O	O	_	_	_	_	_	_
au	O	O	O	O	O	O	_	_	_	_	_	_
contraire	O	O	O	O	O	O	_	_	_	_	_	_
,	O	O	O	O	O	O	_	_	EndOfLine	_	_	_
# segment_iiif_link = https://impresso-project.ch/api/proxy/iiif/LLE-1914-08-14-a-p0002/2063,1573,467,53/full/0/default.jpg
fortifiés	O	O	O	O	O	O	_	_	_	_	_	_
à	O	O	O	O	O	O	_	_	_	_	_	_
AUkirch	O	O	O	O	O	O	_	_	_	_	_	_
;	O	O	O	O	O	O	_	_	_	_	_	_
ils	O	O	O	O	O	O	_	_	_	_	_	_
.	O	O	O	O	O	O	_	_	_	EndOfSentence	_	_
attaquent	O	O	O	O	O	O	_	_	_	_	_	_
à	O	O	O	O	O	O	_	_	EndOfLine	_	_	_
# segment_iiif_link = https://impresso-project.ch/api/proxy/iiif/LLE-1914-08-14-a-p0002/2062,1606,472,54/full/0/default.jpg
nouveau	O	O	O	O	O	O	_	_	_	_	_	_
MuUiouse	O	O	O	O	O	O	_	_	_	_	_	_
—	O	O	O	O	O	O	_	_	_	_	_	_
avoc	O	O	O	O	O	O	_	_	_	_	_	_
des	O	O	O	O	O	O	_	_	_	_	_	_
turcos	O	O	O	O	O	O	_	_	_	_	_	_
,	O	O	O	O	O	O	_	_	EndOfLine	_	_	_
# segment_iiif_link = https://impresso-project.ch/api/proxy/iiif/LLE-1914-08-14-a-p0002/2063,1636,20,54/full/0/default.jpg
lû	O	O	O	O	O	O	_	_	EndOfLine	_	_	_
# segment_iiif_link = https://impresso-project.ch/api/proxy/iiif/LLE-1914-08-14-a-p0002/2083,1643,446,52/full/0/default.jpg
.	O	O	O	O	O	O	_	_	_	EndOfSentence	_	_
lerrcur	O	O	O	O	O	O	_	_	_	_	_	_
des	O	O	O	O	O	O	_	_	_	_	_	_
troupes	O	O	O	O	O	O	_	_	_	_	_	_
iprussiennes	O	O	O	O	O	O	_	_	_	_	_	_
cp	O	O	O	O	O	O	_	_	EndOfLine	_	_	_
# segment_iiif_link = https://impresso-project.ch/api/proxy/iiif/LLE-1914-08-14-a-p0002/2065,1670,158,53/full/0/default.jpg
1870	O	O	O	O	O	O	_	_	_	_	_	_
déjà	O	O	O	O	O	O	_	_	_	_	_	_
.	O	O	O	O	O	O	_	_	_	EndOfSentence	_	_
,	O	O	O	O	O	O	_	_	_	_	_	_
.	O	O	O	O	O	O	_	_	EndOfLine	EndOfSentence	_	_
# segment_iiif_link = https://impresso-project.ch/api/proxy/iiif/LLE-1914-08-14-a-p0002/2088,1703,441,52/full/0/default.jpg
Mardi	O	O	O	O	O	O	_	_	_	_	_	_
encore	O	O	O	O	O	O	_	_	_	_	_	_
,	O	O	O	O	O	O	_	_	_	_	_	_
dans	O	O	O	O	O	O	_	_	_	_	_	_
la	O	O	O	O	O	O	_	_	_	_	_	_
,	O	O	O	O	O	O	_	_	_	_	_	_
soirée	O	O	O	O	O	O	_	_	_	_	_	_
,	O	O	O	O	O	O	_	_	_	_	_	_
unp	O	O	O	O	O	O	_	_	EndOfLine	_	_	_
# segment_iiif_link = https://impresso-project.ch/api/proxy/iiif/LLE-1914-08-14-a-p0002/2063,1734,467,51/full/0/default.jpg
vag	O	O	O	O	O	O	_	_	_	_	_	_
«	O	O	O	O	O	O	_	_	_	_	_	_
c	O	O	O	O	O	O	_	_	_	_	_	_
d	O	O	O	O	O	O	_	_	_	_	_	_
^	O	O	O	O	O	O	_	_	_	_	_	_
ngobse	O	O	O	O	O	O	_	_	_	_	_	_
a	O	O	O	O	O	O	_	_	_	_	_	_
passé	O	O	O	O	O	O	_	_	_	_	_	_
sur	O	O	O	O	O	O	_	_	_	_	_	_
.	O	O	O	O	O	O	_	_	_	EndOfSentence	_	_
moire	O	O	O	O	O	O	_	_	EndOfLine	_	_	_
# segment_iiif_link = https://impresso-project.ch/api/proxy/iiif/LLE-1914-08-14-a-p0002/2065,1765,467,52/full/0/default.jpg
région	O	O	O	O	O	O	_	_	_	_	_	_
,	O	O	O	O	O	O	_	_	_	_	_	_
t	O	O	O	O	O	O	_	_	_	_	_	_
nç	O	O	O	O	O	O	_	_	_	_	_	_
violçnle	O	O	O	O	O	O	_	_	_	_	_	_
canomiadc	O	O	O	O	O	O	_	_	_	_	_	_
a	O	O	O	O	O	O	_	_	EndOfLine	_	_	_
# segment_iiif_link = https://impresso-project.ch/api/proxy/iiif/LLE-1914-08-14-a-p0002/2065,1797,465,54/full/0/default.jpg
éclaté	O	O	O	O	O	O	_	_	_	_	_	_
du	O	O	O	O	O	O	_	_	_	_	_	_
côtç	O	O	O	O	O	O	_	_	_	_	_	_
/	O	O	O	O	O	O	_	_	_	_	_	_
lç	O	O	O	O	O	O	_	_	_	_	_	_
.	O	O	O	O	O	O	_	_	_	EndOfSentence	_	_
Del	O	O	O	O	O	O	_	_	_	_	_	_
!	O	O	O	O	O	O	_	_	_	_	_	_
e	O	O	O	O	O	O	_	_	_	_	_	_
_	O	O	O	O	O	O	_	_	_	_	_	_
.	O	O	O	O	O	O	_	_	_	EndOfSentence	_	_
Le	O	O	O	O	O	O	_	_	_	_	_	_
feu	O	O	O	O	O	O	_	_	_	_	_	_
fu	O	O	O	O	O	O	_	_	_	_	_	_
}	O	O	O	O	O	O	_	_	_	_	_	_
,	O	O	O	O	O	O	_	_	_	_	_	_
def	O	O	O	O	O	O	_	_	EndOfLine	_	_	_
# segment_iiif_link = https://impresso-project.ch/api/proxy/iiif/LLE-1914-08-14-a-p0002/2065,1832,465,54/full/0/default.jpg
plus	O	O	O	O	O	O	_	_	_	_	_	_
nourris	O	O	O	O	O	O	_	_	_	_	_	_
entre	O	O	O	O	O	O	_	_	_	_	_	_
7	O	O	O	O	O	O	_	_	_	_	_	_
.	O	O	O	O	O	O	_	_	_	EndOfSentence	_	_
A	O	O	O	O	O	O	_	_	_	_	_	_
beures	O	O	O	O	O	O	_	_	_	_	_	_
i	O	O	O	O	O	O	_	_	_	_	_	_
^	O	O	O	O	O	O	_	_	_	_	_	_
t	O	O	O	O	O	O	_	_	EndOfLine	_	_	_
# segment_iiif_link = https://impresso-project.ch/api/proxy/iiif/LLE-1914-08-14-a-p0002/2065,1864,474,54/full/0/default.jpg
8	O	O	O	O	O	O	_	_	_	_	_	_
heures	O	O	O	O	O	O	_	_	_	_	_	_
.	O	O	O	O	O	O	_	_	_	EndOfSentence	_	_
Ktaicnt	O	O	O	O	O	O	_	_	NoSpaceAfter	_	_	_
-	O	O	O	O	O	O	_	_	NoSpaceAfter	_	_	_
ice	O	O	O	O	O	O	_	_	_	_	_	_
.	O	O	O	O	O	O	_	_	_	EndOfSentence	_	_
les	O	O	O	O	O	O	_	_	_	_	_	_
forts	O	O	O	O	O	O	_	_	_	_	_	_
Xrfpiçais	O	O	O	O	O	O	_	_	EndOfLine	_	_	_
# segment_iiif_link = https://impresso-project.ch/api/proxy/iiif/LLE-1914-08-14-a-p0002/2065,1896,465,53/full/0/default.jpg
raiiprochés	O	O	O	O	O	O	_	_	_	_	_	_
,	O	O	O	O	O	O	_	_	_	_	_	_
dp	O	O	O	O	O	O	_	_	_	_	_	_
,	O	O	O	O	O	O	_	_	_	_	_	_
la	O	O	O	O	O	O	_	_	_	_	_	_
fronlière	O	O	O	O	O	O	_	_	_	_	_	_
,	O	O	O	O	O	O	_	_	_	_	_	_
qui	O	O	O	O	O	O	_	_	_	_	_	_
cou	O	O	O	O	O	O	_	_	_	_	_	_
r	O	O	O	O	O	O	_	_	EndOfLine	_	_	_
# segment_iiif_link = https://impresso-project.ch/api/proxy/iiif/LLE-1914-08-14-a-p0002/2065,1929,470,52/full/0/default.jpg
yraicut	O	O	O	O	O	O	_	_	_	_	_	_
une	O	O	O	O	O	O	_	_	_	_	_	_
relr	O	O	O	O	O	O	_	_	_	_	_	_
^	O	O	O	O	O	O	_	_	_	_	_	_
itc	O	O	O	O	O	O	_	_	_	_	_	_
?	O	O	O	O	O	O	_	_	_	EndOfSentence	_	_
,	O	O	O	O	O	O	_	_	NoSpaceAfter	_	_	_
.	O	O	O	O	O	O	_	_	NoSpaceAfter	_	_	_
.	O	O	O	O	O	O	_	_	NoSpaceAfter	_	_	_
.	O	O	O	O	O	O	_	_	_	EndOfSentence	_	_
Non	O	O	O	O	O	O	_	_	_	_	_	_
,	O	O	O	O	O	O	_	_	_	_	_	_
cétaient	O	O	O	O	O	O	_	_	EndOfLine	_	_	_
# segment_iiif_link = https://impresso-project.ch/api/proxy/iiif/LLE-1914-08-14-a-p0002/2065,1961,469,52/full/0/default.jpg
les	O	O	O	O	O	O	_	_	_	_	_	_
forls	O	O	O	O	O	O	_	_	_	_	_	_
,	O	O	O	O	O	O	_	_	_	_	_	_
à	O	O	O	O	O	O	_	_	_	_	_	_
quelques	O	O	O	O	O	O	_	_	_	_	_	_
,	O	O	O	O	O	O	_	_	_	_	_	_
kilpipèl	O	O	O	O	O	O	_	_	_	_	_	_
^	O	O	O	O	O	O	_	_	_	_	_	_
cs	O	O	O	O	O	O	_	_	_	_	_	_
,	O	O	O	O	O	O	_	_	NoSpaceAfter	_	_	_
,	O	O	O	O	O	O	_	_	_	_	_	_
dé	O	O	O	O	O	O	_	_	EndOfLine	_	_	_
# segment_iiif_link = https://impresso-project.ch/api/proxy/iiif/LLE-1914-08-14-a-p0002/2065,1991,469,54/full/0/default.jpg
Belfort	O	O	O	O	O	O	_	_	_	_	_	_
,	O	O	O	O	O	O	_	_	NoSpaceAfter	_	_	_
,	O	O	O	O	O	O	_	_	_	_	_	_
cçux	O	O	O	O	O	O	_	_	_	_	_	_
^	O	O	O	O	O	O	_	_	_	_	_	_
dp	O	O	O	O	O	O	_	_	_	_	_	_
.	O	O	O	O	O	O	_	_	_	EndOfSentence	_	_
Çhèvreanpnt	O	O	O	O	O	O	_	_	_	_	_	_
pt	O	O	O	O	O	O	_	_	_	_	_	_
dp	O	O	O	O	O	O	_	_	EndOfLine	_	_	_
# segment_iiif_link = https://impresso-project.ch/api/proxy/iiif/LLE-1914-08-14-a-p0002/2065,2023,469,54/full/0/default.jpg
Mecou	O	O	O	O	O	O	_	_	_	_	_	_
.	O	O	O	O	O	O	_	_	_	EndOfSentence	_	_
ï	O	O	O	O	O	O	_	_	_	_	_	_
,	O	O	O	O	O	O	_	_	NoSpaceAfter	_	_	_
.	O	O	O	O	O	O	_	_	_	EndOfSentence	_	_
«	O	O	O	O	O	O	_	_	_	_	_	_
ittoat	O	O	O	O	O	O	_	_	_	_	_	_
.	O	O	O	O	O	O	_	_	NoSpaceAfter	EndOfSentence	_	_
-	O	O	O	O	O	O	_	_	NoSpaceAfter	_	_	_
5	O	O	O	O	O	O	_	_	_	_	_	_
iVi	O	O	O	O	O	O	_	_	_	_	_	_
twav	O	O	O	O	O	O	_	_	_	_	_	_
«	O	O	O	O	O	O	_	_	_	_	_	_
a	O	O	O	O	O	O	_	_	_	_	_	_
\	O	O	O	O	O	O	_	_	_	_	_	_
.	O	O	O	O	O	O	_	_	_	EndOfSentence	_	_
sw	O	O	O	O	O	O	_	_	_	_	_	_
wve	O	O	O	O	O	O	_	_	EndOfLine	_	_	_
# segment_iiif_link = https://impresso-project.ch/api/proxy/iiif/LLE-1914-08-14-a-p0002/2067,2055,460,54/full/0/default.jpg
floltil	O	O	O	O	O	O	_	_	_	_	_	_
ç	O	O	O	O	O	O	_	_	_	_	_	_
d	O	O	O	O	O	O	_	_	_	_	_	_
aérojjtane	O	O	O	O	O	O	_	_	_	_	_	_
^	O	O	O	O	O	O	_	_	_	_	_	_
allpmaiiids	O	O	O	O	O	O	_	_	EndOfLine	_	_	_
# segment_iiif_link = https://impresso-project.ch/api/proxy/iiif/LLE-1914-08-14-a-p0002/2065,2092,469,53/full/0/default.jpg
clierjchant	O	O	O	O	O	O	_	_	_	_	_	_
à	O	O	O	O	O	O	_	_	_	_	_	_
se	O	O	O	O	O	O	_	_	_	_	_	_
rarjproclier	O	O	O	O	O	O	_	_	_	_	_	_
de	O	O	O	O	O	O	_	_	_	_	_	_
Belfort	O	O	O	O	O	O	_	_	_	_	_	_
,	O	O	O	O	O	O	_	_	NoSpaceAfter	_	_	_
,	O	O	O	O	O	O	_	_	_	_	_	_
Ep	O	O	O	O	O	O	_	_	EndOfLine	_	_	_
# segment_iiif_link = https://impresso-project.ch/api/proxy/iiif/LLE-1914-08-14-a-p0002/2065,2124,467,53/full/0/default.jpg
un	O	O	O	O	O	O	_	_	_	_	_	_
peu	O	O	O	O	O	O	_	_	_	_	_	_
pins	O	O	O	O	O	O	_	_	_	_	_	_
,	O	O	O	O	O	O	_	_	_	_	_	_
dpn	O	O	O	O	O	O	_	_	_	_	_	_
quart	O	O	O	O	O	O	_	_	_	_	_	_
d	O	O	O	O	O	O	_	_	_	_	_	_
i	O	O	O	O	O	O	_	_	_	_	_	_
hçurc	O	O	O	O	O	O	_	_	_	_	_	_
,	O	O	O	O	O	O	_	_	_	_	_	_
une	O	O	O	O	O	O	_	_	EndOfLine	_	_	_
# segment_iiif_link = https://impresso-project.ch/api/proxy/iiif/LLE-1914-08-14-a-p0002/2065,2155,467,52/full/0/default.jpg
centaine	O	O	O	O	O	O	_	_	_	_	_	_
de	O	O	O	O	O	O	_	_	_	_	_	_
coups	O	O	O	O	O	O	_	_	_	_	_	_
partirent	O	O	O	O	O	O	_	_	_	_	_	_
.	O	O	O	O	O	O	_	_	_	EndOfSentence	_	_
Dpus	O	O	O	O	O	O	_	_	EndOfLine	_	_	_
# segment_iiif_link = https://impresso-project.ch/api/proxy/iiif/LLE-1914-08-14-a-p0002/2065,2187,444,52/full/0/default.jpg
aéroplanes	O	O	O	O	O	O	_	_	_	_	_	_
tomberont	O	O	O	O	O	O	_	_	_	_	_	_
,	O	O	O	O	O	O	_	_	_	_	_	_
en	O	O	O	O	O	O	_	_	_	_	_	_
,	O	O	O	O	O	O	_	_	_	_	_	_
flammes	O	O	O	O	O	O	_	_	_	_	_	_
.	O	O	O	O	O	O	_	_	EndOfLine	EndOfSentence	_	_
# segment_iiif_link = https://impresso-project.ch/api/proxy/iiif/LLE-1914-08-14-a-p0002/2065,2224,460,54/full/0/default.jpg
.	O	O	O	O	O	O	_	_	NoSpaceAfter	_	_	_
.	O	O	O	O	O	O	_	_	_	EndOfSentence	_	_
.	O	O	O	O	O	O	_	_	NoSpaceAfter	_	_	_
.	O	O	O	O	O	O	_	_	NoSpaceAfter	_	_	_
.	O	O	O	O	O	O	_	_	_	EndOfSentence	_	_
Ifs	O	O	O	O	O	O	_	_	_	_	_	_
tombèrent	O	O	O	O	O	O	_	_	_	_	_	_
,	O	O	O	O	O	O	_	_	_	_	_	_
dans	O	O	O	O	O	O	_	_	_	_	_	_
ce	O	O	O	O	O	O	_	_	_	_	_	_
.	O	O	O	O	O	O	_	_	EndOfLine	EndOfSentence	_	_
# segment_iiif_link = https://impresso-project.ch/api/proxy/iiif/LLE-1914-08-14-a-p0002/2065,2249,467,54/full/0/default.jpg
créjpusjcuile	O	O	O	O	O	O	_	_	_	_	_	_
dç	O	O	O	O	O	O	_	_	_	_	_	_
.	O	O	O	O	O	O	_	_	_	EndOfSentence	_	_
féerie	O	O	O	O	O	O	_	_	_	_	_	_
quétait	O	O	O	O	O	O	_	_	_	_	_	_
le	O	O	O	O	O	O	_	_	_	_	_	_
soir	O	O	O	O	O	O	_	_	_	_	_	_
.	O	O	O	O	O	O	_	_	_	EndOfSentence	_	_
idiweç	O	O	O	O	O	O	_	_	_	_	_	_
.	O	O	O	O	O	O	_	_	EndOfLine	EndOfSentence	_	_
# segment_iiif_link = https://impresso-project.ch/api/proxy/iiif/LLE-1914-08-14-a-p0002/2065,2286,470,54/full/0/default.jpg
Et	O	O	O	O	O	O	_	_	_	_	_	_
ce	O	O	O	O	O	O	_	_	_	_	_	_
couchant	O	O	O	O	O	O	_	_	_	_	_	_
dair	O	O	O	O	O	O	_	_	_	_	_	_
et	O	O	O	O	O	O	_	_	_	_	_	_
gai	O	O	O	O	O	O	_	_	_	_	_	_
semblait	O	O	O	O	O	O	_	_	EndOfLine	_	_	_
# segment_iiif_link = https://impresso-project.ch/api/proxy/iiif/LLE-1914-08-14-a-p0002/2065,2318,465,53/full/0/default.jpg
le	O	O	O	O	O	O	_	_	_	_	_	_
sourire	O	O	O	O	O	O	_	_	_	_	_	_
des	O	O	O	O	O	O	_	_	_	_	_	_
choses	O	O	O	O	O	O	_	_	_	_	_	_
en	O	O	O	O	O	O	_	_	_	_	_	_
ifacc	O	O	O	O	O	O	_	_	_	_	_	_
de	O	O	O	O	O	O	_	_	_	_	_	_
lina	O	O	O	O	O	O	_	_	_	_	_	_
T	O	O	O	O	O	O	_	_	EndOfLine	_	_	_
# segment_iiif_link = https://impresso-project.ch/api/proxy/iiif/LLE-1914-08-14-a-p0002/2065,2348,133,54/full/0/default.jpg
îiité	O	O	O	O	O	O	_	_	_	_	_	_
hiunai	O	O	O	O	O	O	_	_	EndOfLine	_	_	_
# segment_iiif_link = https://impresso-project.ch/api/proxy/iiif/LLE-1914-08-14-a-p0002/2200,2355,8,53/full/0/default.jpg
.	O	O	O	O	O	O	_	_	EndOfLine	EndOfSentence	_	_
# segment_iiif_link = https://impresso-project.ch/api/proxy/iiif/LLE-1914-08-14-a-p0002/2202,2353,330,52/full/0/default.jpg
ne	O	O	O	O	O	O	_	_	_	_	_	_
.	O	O	O	O	O	O	_	_	_	EndOfSentence	_	_
Nous	O	O	O	O	O	O	_	_	_	_	_	_
dûmes	O	O	O	O	O	O	_	_	_	_	_	_
ces	O	O	O	O	O	O	_	_	_	_	_	_
lignes	O	O	O	O	O	O	_	_	EndOfLine	_	_	_
# segment_iiif_link = https://impresso-project.ch/api/proxy/iiif/LLE-1914-08-14-a-p0002/2065,2383,470,52/full/0/default.jpg
dans	O	O	O	O	O	O	_	_	_	_	_	_
.	O	O	O	O	O	O	_	_	_	EndOfSentence	_	_
les	O	O	O	O	O	O	_	_	_	_	_	_
notes	O	O	O	O	O	O	_	_	_	_	_	_
q	O	O	O	O	O	O	_	_	_	_	_	_
,	O	O	O	O	O	O	_	_	_	_	_	_
ue	O	O	O	O	O	O	_	_	_	_	_	_
:	O	O	O	O	O	O	_	_	_	_	_	_
publia	O	O	O	O	O	O	_	_	_	_	_	_
Raçhçii	O	O	O	O	O	O	_	_	_	_	_	_
»	O	O	O	O	O	O	_	_	EndOfLine	_	_	_
# segment_iiif_link = https://impresso-project.ch/api/proxy/iiif/LLE-1914-08-14-a-p0002/2065,2413,469,54/full/0/default.jpg
au	O	O	O	O	O	O	_	_	_	_	_	_
lendemain	O	O	O	O	O	O	_	_	_	_	_	_
de	O	O	O	O	O	O	_	_	NoSpaceAfter	_	_	_
-	O	O	O	O	O	O	_	_	NoSpaceAfter	_	_	_
1870	O	O	O	O	O	O	_	_	_	_	_	_
,	O	O	O	O	O	O	_	_	_	_	_	_
à	O	O	O	O	O	O	_	_	_	_	_	_
propos	O	O	O	O	O	O	_	_	_	_	_	_
dc	O	O	O	O	O	O	_	_	_	_	_	_
la	O	O	O	O	O	O	_	_	EndOfLine	_	_	_
# segment_iiif_link = https://impresso-project.ch/api/proxy/iiif/LLE-1914-08-14-a-p0002/2065,2445,470,57/full/0/default.jpg
déclaralipn	O	O	O	O	O	O	_	_	_	_	_	_
de	O	O	O	O	O	O	_	_	_	_	_	_
guerre	O	O	O	O	O	O	_	_	_	_	_	_
dil	O	O	O	O	O	O	_	_	_	_	_	_
y	O	O	O	O	O	O	_	_	_	_	_	_
a	O	O	O	O	O	O	_	_	_	_	_	_
,	O	O	O	O	O	O	_	_	_	_	_	_
qua	O	O	O	O	O	O	_	_	NoSpaceAfter	_	_	_
-	O	O	O	O	O	O	_	_	NoSpaceAfter	_	_	_
.	O	O	O	O	O	O	_	_	EndOfLine	EndOfSentence	_	_
# segment_iiif_link = https://impresso-project.ch/api/proxy/iiif/LLE-1914-08-14-a-p0002/2065,2479,237,56/full/0/default.jpg
ranterquatre	O	O	O	O	O	O	_	_	_	_	_	_
ans	O	O	O	O	O	O	_	_	_	_	_	_
:	O	O	O	O	O	O	_	_	EndOfLine	_	_	_
# segment_iiif_link = https://impresso-project.ch/api/proxy/iiif/LLE-1914-08-14-a-p0002/2090,2510,445,54/full/0/default.jpg
«	O	O	O	O	O	O	_	_	_	_	_	_
.	O	O	O	O	O	O	_	_	_	_	_	_
On	O	O	O	O	O	O	_	_	_	_	_	_
ne	O	O	O	O	O	O	_	_	_	_	_	_
pouvait	O	O	O	O	O	O	_	_	_	_	_	_
croire	O	O	O	O	O	O	_	_	_	_	_	_
,	O	O	O	O	O	O	_	_	_	_	_	_
?	O	O	O	O	O	O	_	_	_	_	_	_
ous	O	O	O	O	O	O	_	_	_	_	_	_
Je	O	O	O	O	O	O	_	_	_	_	_	_
ciql	O	O	O	O	O	O	_	_	EndOfLine	_	_	_
# segment_iiif_link = https://impresso-project.ch/api/proxy/iiif/LLE-1914-08-14-a-p0002/2065,2544,462,53/full/0/default.jpg
serein	O	O	O	O	O	O	_	_	_	_	_	_
d	O	O	O	O	O	O	_	_	_	_	_	_
f	O	O	O	O	O	O	_	_	_	_	_	_
un	O	O	O	O	O	O	_	_	_	_	_	_
.	O	O	O	O	O	O	_	_	_	_	_	_
élé	O	O	O	O	O	O	_	_	_	_	_	_
radieux	O	O	O	O	O	O	_	_	_	_	_	_
,	O	O	O	O	O	O	_	_	_	_	_	_
que	O	O	O	O	O	O	_	_	_	_	_	_
des	O	O	O	O	O	O	_	_	EndOfLine	_	_	_
# segment_iiif_link = https://impresso-project.ch/api/proxy/iiif/LLE-1914-08-14-a-p0002/2065,2577,467,54/full/0/default.jpg
peuples	O	O	O	O	O	O	_	_	_	_	_	_
,	O	O	O	O	O	O	_	_	_	_	_	_
nos	O	O	O	O	O	O	_	_	_	_	_	_
vqishis	O	O	O	O	O	O	_	_	_	_	_	_
,	O	O	O	O	O	O	_	_	_	_	_	_
pussent	O	O	O	O	O	O	_	_	_	_	_	_
songer	O	O	O	O	O	O	_	_	_	_	_	_
à	O	O	O	O	O	O	_	_	_	_	_	_
sfc	O	O	O	O	O	O	_	_	EndOfLine	_	_	_
# segment_iiif_link = https://impresso-project.ch/api/proxy/iiif/LLE-1914-08-14-a-p0002/2063,2609,471,52/full/0/default.jpg
battre	O	O	O	O	O	O	_	_	_	_	_	_
,	O	O	O	O	O	O	_	_	_	_	_	_
à	O	O	O	O	O	O	_	_	_	_	_	_
ensanglanter	O	O	O	O	O	O	_	_	_	_	_	_
,	O	O	O	O	O	O	_	_	_	_	_	_
ila	O	O	O	O	O	O	_	_	_	_	_	_
,	O	O	O	O	O	O	_	_	_	_	_	_
terre	O	O	O	O	O	O	_	_	_	_	_	_
.	O	O	O	O	O	O	_	_	_	_	_	_
Etait	O	O	O	O	O	O	_	_	_	_	_	_
;	O	O	O	O	O	O	_	_	_	_	_	_
-	O	O	O	O	O	O	_	_	EndOfLine	_	_	_
# segment_iiif_link = https://impresso-project.ch/api/proxy/iiif/LLE-1914-08-14-a-p0002/2065,2639,469,54/full/0/default.jpg
il	O	O	O	O	O	O	_	_	_	_	_	_
ipossible	O	O	O	O	O	O	_	_	_	_	_	_
qu	O	O	O	O	O	O	_	_	_	_	_	_
on	O	O	O	O	O	O	_	_	_	_	_	_
,	O	O	O	O	O	O	_	_	_	_	_	_
eût	O	O	O	O	O	O	_	_	_	_	_	_
encore	O	O	O	O	O	O	_	_	_	_	_	_
recourp	O	O	O	O	O	O	_	_	EndOfLine	_	_	_
# segment_iiif_link = https://impresso-project.ch/api/proxy/iiif/LLE-1914-08-14-a-p0002/2063,2673,469,53/full/0/default.jpg
aux	O	O	O	O	O	O	_	_	_	_	_	_
armes	O	O	O	O	O	O	_	_	_	_	_	_
,	O	O	O	O	O	O	_	_	_	_	_	_
et	O	O	O	O	O	O	_	_	_	_	_	_
que	O	O	O	O	O	O	_	_	_	_	_	_
des	O	O	O	O	O	O	_	_	_	_	_	_
lionmies	O	O	O	O	O	O	_	_	_	_	_	_
fus	O	O	O	O	O	O	_	_	_	_	_	_
r	O	O	O	O	O	O	_	_	EndOfLine	_	_	_
# segment_iiif_link = https://impresso-project.ch/api/proxy/iiif/LLE-1914-08-14-a-p0002/2063,2705,466,53/full/0/default.jpg
sent	O	O	O	O	O	O	_	_	_	_	_	_
.	O	O	O	O	O	O	_	_	_	_	_	_
ile	O	O	O	O	O	O	_	_	_	_	_	_
^	O	O	O	O	O	O	_	_	_	_	_	_
TIJIS	O	O	O	O	O	O	_	_	_	_	_	_
assez	O	O	O	O	O	O	_	_	_	_	_	_
.	O	O	O	O	O	O	_	_	_	_	_	_
inhumains	O	O	O	O	O	O	_	_	_	_	_	_
pouf	O	O	O	O	O	O	_	_	EndOfLine	_	_	_
# segment_iiif_link = https://impresso-project.ch/api/proxy/iiif/LLE-1914-08-14-a-p0002/2063,2740,471,53/full/0/default.jpg
jeter	O	O	O	O	O	O	_	_	_	_	_	_
leurs	O	O	O	O	O	O	_	_	_	_	_	_
frères	O	O	O	O	O	O	_	_	_	_	_	_
.	O	O	O	O	O	O	_	_	_	_	_	_
dans	O	O	O	O	O	O	_	_	_	_	_	_
upclulle	O	O	O	O	O	O	_	_	_	_	_	_
,	O	O	O	O	O	O	_	_	_	_	_	_
lts	O	O	O	O	O	O	_	_	EndOfLine	_	_	_
# segment_iiif_link = https://impresso-project.ch/api/proxy/iiif/LLE-1914-08-14-a-p0002/2063,2772,469,53/full/0/default.jpg
autres	O	O	O	O	O	O	_	_	_	_	_	_
assez	O	O	O	O	O	O	_	_	_	_	_	_
éga	O	O	O	O	O	O	_	_	_	_	_	_
_	O	O	O	O	O	O	_	_	_	_	_	_
nés	O	O	O	O	O	O	_	_	_	_	_	_
,	O	O	O	O	O	O	_	_	_	_	_	_
ipour	O	O	O	O	O	O	_	_	_	_	_	_
s	O	O	O	O	O	O	_	_	_	_	_	_
y	O	O	O	O	O	O	_	_	_	_	_	_
.	O	O	O	O	O	O	_	_	_	_	_	_
ptéci	O	O	O	O	O	O	_	_	_	_	_	_
pir	O	O	O	O	O	O	_	_	EndOfLine	_	_	_
# segment_iiif_link = https://impresso-project.ch/api/proxy/iiif/LLE-1914-08-14-a-p0002/2063,2805,471,52/full/0/default.jpg
ter	O	O	O	O	O	O	_	_	_	_	_	_
?	O	O	O	O	O	O	_	_	_	_	_	_
Les	O	O	O	O	O	O	_	_	_	_	_	_
r	O	O	O	O	O	O	_	_	_	_	_	_
.	O	O	O	O	O	O	_	_	_	_	_	_
wes	O	O	O	O	O	O	_	_	_	_	_	_
de	O	O	O	O	O	O	_	_	_	_	_	_
pai	O	O	O	O	O	O	_	_	_	_	_	_
^	O	O	O	O	O	O	_	_	_	_	_	_
,	O	O	O	O	O	O	_	_	_	_	_	_
et	O	O	O	O	O	O	_	_	_	_	_	_
d	O	O	O	O	O	O	_	_	_	_	_	_
alliance	O	O	O	O	O	O	_	_	EndOfLine	_	_	_
# segment_iiif_link = https://impresso-project.ch/api/proxy/iiif/LLE-1914-08-14-a-p0002/2062,2835,467,54/full/0/default.jpg
des	O	O	O	O	O	O	_	_	_	_	_	_
peui	O	O	O	O	O	O	_	_	_	_	_	_
.	O	O	O	O	O	O	_	_	_	_	_	_
)	O	O	O	O	O	O	_	_	_	_	_	_
les	O	O	O	O	O	O	_	_	_	_	_	_
,	O	O	O	O	O	O	_	_	_	_	_	_
.	O	O	O	O	O	O	_	_	_	_	_	_
ncLaien	O	O	O	O	O	O	_	_	_	_	_	_
,	O	O	O	O	O	O	_	_	_	_	_	_
t	O	O	O	O	O	O	_	_	NoSpaceAfter	_	_	_
-	O	O	O	O	O	O	_	_	NoSpaceAfter	_	_	_
ils	O	O	O	O	O	O	_	_	_	_	_	_
donc	O	O	O	O	O	O	_	_	_	_	_	_
qu	O	O	O	O	O	O	_	_	_	_	_	_
unp	O	O	O	O	O	O	_	_	EndOfLine	_	_	_
# segment_iiif_link = https://impresso-project.ch/api/proxy/iiif/LLE-1914-08-14-a-p0002/2062,2869,467,53/full/0/default.jpg
djimère	O	O	O	O	O	O	_	_	_	_	_	_
,	O	O	O	O	O	O	_	_	_	_	_	_
ou	O	O	O	O	O	O	_	_	_	_	_	_
,	O	O	O	O	O	O	_	_	_	_	_	_
qu	O	O	O	O	O	O	_	_	_	_	_	_
un	O	O	O	O	O	O	_	_	_	_	_	_
ona	O	O	O	O	O	O	_	_	_	_	_	_
^	O	O	O	O	O	O	_	_	_	_	_	_
juc	O	O	O	O	O	O	_	_	_	_	_	_
derrière	O	O	O	O	O	O	_	_	EndOfLine	_	_	_
# segment_iiif_link = https://impresso-project.ch/api/proxy/iiif/LLE-1914-08-14-a-p0002/2062,2902,468,54/full/0/default.jpg
lequel	O	O	O	O	O	O	_	_	_	_	_	_
on	O	O	O	O	O	O	_	_	_	_	_	_
chenche	O	O	O	O	O	O	_	_	_	_	_	_
ù	O	O	O	O	O	O	_	_	_	_	_	_
cadicr	O	O	O	O	O	O	_	_	_	_	_	_
îles	O	O	O	O	O	O	_	_	_	_	_	_
ins	O	O	O	O	O	O	_	_	_	_	_	_
7	O	O	O	O	O	O	_	_	EndOfLine	_	_	_
# segment_iiif_link = https://impresso-project.ch/api/proxy/iiif/LLE-1914-08-14-a-p0002/2063,2936,457,53/full/0/default.jpg
tinct	O	O	O	O	O	O	_	_	_	_	_	_
?	O	O	O	O	O	O	_	_	_	_	_	_
,	O	O	O	O	O	O	_	_	NoSpaceAfter	_	_	_
,	O	O	O	O	O	O	_	_	_	_	_	_
,	O	O	O	O	O	O	_	_	_	_	_	_
de	O	O	O	O	O	O	_	_	_	_	_	_
lhomme	O	O	O	O	O	O	_	_	_	_	_	_
demeure	O	O	O	O	O	O	_	_	EndOfLine	_	_	_
# segment_iiif_link = https://impresso-project.ch/api/proxy/iiif/LLE-1914-08-14-a-p0002/2062,2968,70,53/full/0/default.jpg
sauvage	O	O	O	O	O	O	_	_	_	_	_	_
.	O	O	O	O	O	O	_	_	_	_	_	_
?	O	O	O	O	O	O	_	_	_	_	_	_
.	O	O	O	O	O	O	_	_	_	_	_	_
»	O	O	O	O	O	O	_	_	EndOfLine	_	_	_
# segment_iiif_link = https://impresso-project.ch/api/proxy/iiif/LLE-1914-08-14-a-p0002/2087,3001,443,52/full/0/default.jpg
Voiila	O	O	O	O	O	O	_	_	_	_	_	_
ibientôt	O	O	O	O	O	O	_	_	_	_	_	_
im	O	O	O	O	O	O	_	_	_	_	_	_
demi	O	O	O	O	O	O	_	_	NoSpaceAfter	_	_	_
-	O	O	O	O	O	O	_	_	NoSpaceAfter	_	_	_
siècle	O	O	O	O	O	O	_	_	_	_	_	_
qu	O	O	O	O	O	O	_	_	_	_	_	_
op	O	O	O	O	O	O	_	_	EndOfLine	_	_	_
# segment_iiif_link = https://impresso-project.ch/api/proxy/iiif/LLE-1914-08-14-a-p0002/2062,3033,468,53/full/0/default.jpg
écrivait	O	O	O	O	O	O	_	_	_	_	_	_
icela	O	O	O	O	O	O	_	_	_	_	_	_
.	O	O	O	O	O	O	_	_	_	EndOfSentence	_	_
Y	O	O	O	O	O	O	_	_	_	_	_	_
a	O	O	O	O	O	O	_	_	NoSpaceAfter	_	_	_
-	O	O	O	O	O	O	_	_	NoSpaceAfter	_	_	_
t	O	O	O	O	O	O	_	_	NoSpaceAfter	_	_	_
-	O	O	O	O	O	O	_	_	NoSpaceAfter	_	_	_
il	O	O	O	O	O	O	_	_	_	_	_	_
quelque	O	O	O	O	O	O	_	_	_	_	_	_
chose	O	O	O	O	O	O	_	_	EndOfLine	_	_	_
# segment_iiif_link = https://impresso-project.ch/api/proxy/iiif/LLE-1914-08-14-a-p0002/2062,3065,468,53/full/0/default.jpg
de	O	O	O	O	O	O	_	_	_	_	_	_
changé	O	O	O	O	O	O	_	_	_	_	_	_
depuis	O	O	O	O	O	O	_	_	_	_	_	_
.	O	O	O	O	O	O	_	_	_	EndOfSentence	_	_
?	O	O	O	O	O	O	_	_	_	EndOfSentence	_	_
Absolument	O	O	O	O	O	O	_	_	_	_	_	_
rien	O	O	O	O	O	O	_	_	_	_	_	_
.	O	O	O	O	O	O	_	_	EndOfLine	EndOfSentence	_	_
# segment_iiif_link = https://impresso-project.ch/api/proxy/iiif/LLE-1914-08-14-a-p0002/2060,3098,469,54/full/0/default.jpg
A	O	O	O	O	O	O	_	_	_	_	_	_
moins	O	O	O	O	O	O	_	_	_	_	_	_
que	O	O	O	O	O	O	_	_	_	_	_	_
l	O	O	O	O	O	O	_	_	_	_	_	_
clonnçnient	O	O	O	O	O	O	_	_	_	_	_	_
as	O	O	O	O	O	O	_	_	_	_	_	_
.	O	O	O	O	O	O	_	_	_	EndOfSentence	_	_
sok	O	O	O	O	O	O	_	_	EndOfLine	_	_	_
# segment_iiif_link = https://impresso-project.ch/api/proxy/iiif/LLE-1914-08-14-a-p0002/2060,3132,469,53/full/0/default.jpg
pjtjs	O	O	O	O	O	O	_	_	_	_	_	_
grand	O	O	O	O	O	O	_	_	_	_	_	_
,	O	O	O	O	O	O	_	_	_	_	_	_
le	O	O	O	O	O	O	_	_	_	_	_	_
rôycil	O	O	O	O	O	O	_	_	_	_	_	_
pl	O	O	O	O	O	O	_	_	_	_	_	_
«	O	O	O	O	O	O	_	_	_	_	_	_
s	O	O	O	O	O	O	_	_	_	_	_	_
douloureux	O	O	O	O	O	O	_	_	_	_	_	_
.	O	O	O	O	O	O	_	_	EndOfLine	_	_	_
# segment_iiif_link = https://impresso-project.ch/api/proxy/iiif/LLE-1914-08-14-a-p0002/2075,3168,452,54/full/0/default.jpg
.	O	O	O	O	O	O	_	_	_	_	_	_
Et	O	O	O	O	O	O	_	_	_	_	_	_
commc	O	O	O	O	O	O	_	_	_	_	_	_
.	O	O	O	O	O	O	_	_	_	_	_	_
de	O	O	O	O	O	O	_	_	_	_	_	_
.	O	O	O	O	O	O	_	_	_	_	_	_
peUtsaïuages	O	O	O	O	O	O	_	_	_	_	_	_
esquis	O	O	O	O	O	O	_	_	_	_	_	_
r	O	O	O	O	O	O	_	_	EndOfLine	_	_	_
# segment_iiif_link = https://impresso-project.ch/api/proxy/iiif/LLE-1914-08-14-a-p0002/2060,3197,465,53/full/0/default.jpg
saient	O	O	O	O	O	O	_	_	_	_	_	_
.	O	O	O	O	O	O	_	_	_	_	_	_
des	O	O	O	O	O	O	_	_	_	_	_	_
fant	O	O	O	O	O	O	_	_	_	_	_	_
a	O	O	O	O	O	O	_	_	_	_	_	_
isies	O	O	O	O	O	O	_	_	_	_	_	_
,	O	O	O	O	O	O	_	_	_	_	_	_
roses	O	O	O	O	O	O	_	_	_	_	_	_
que	O	O	O	O	O	O	_	_	_	_	_	_
la	O	O	O	O	O	O	_	_	_	_	_	_
nuit	O	O	O	O	O	O	_	_	EndOfLine	_	_	_
# segment_iiif_link = https://impresso-project.ch/api/proxy/iiif/LLE-1914-08-14-a-p0002/2062,3227,462,54/full/0/default.jpg
su	O	O	O	O	O	O	_	_	_	_	_	_
,	O	O	O	O	O	O	_	_	_	_	_	_
rivenapl	O	O	O	O	O	O	_	_	_	_	_	_
anéantissait	O	O	O	O	O	O	_	_	_	_	_	_
,	O	O	O	O	O	O	_	_	_	_	_	_
nous	O	O	O	O	O	O	_	_	_	_	_	_
son	O	O	O	O	O	O	_	_	EndOfLine	_	_	_
# segment_iiif_link = https://impresso-project.ch/api/proxy/iiif/LLE-1914-08-14-a-p0002/2062,3261,460,53/full/0/default.jpg
,	O	O	O	O	O	O	_	_	NoSpaceAfter	_	_	_
-	O	O	O	O	O	O	_	_	NoSpaceAfter	_	_	_
gions	O	O	O	O	O	O	_	_	_	_	_	_
.	O	O	O	O	O	O	_	_	_	_	_	_
av	O	O	O	O	O	O	_	_	_	_	_	_
§	O	O	O	O	O	O	_	_	_	_	_	_
îi	O	O	O	O	O	O	_	_	_	_	_	_
à	O	O	O	O	O	O	_	_	_	_	_	_
.	O	O	O	O	O	O	_	_	_	_	_	_
dps	O	O	O	O	O	O	_	_	_	_	_	_
.	O	O	O	O	O	O	_	_	_	_	_	_
rêyps	O	O	O	O	O	O	_	_	_	_	_	_
.	O	O	O	O	O	O	_	_	_	_	_	_
dft	O	O	O	O	O	O	_	_	_	_	_	_
paix	O	O	O	O	O	O	_	_	_	_	_	_
.	O	O	O	O	O	O	_	_	_	_	_	_
d	O	O	O	O	O	O	_	_	EndOfLine	_	_	_
# segment_iiif_link = https://impresso-project.ch/api/proxy/iiif/LLE-1914-08-14-a-p0002/2062,3294,460,53/full/0/default.jpg
aVliançe	O	O	O	O	O	O	_	_	_	_	_	_
,	O	O	O	O	O	O	_	_	_	_	_	_
dçs	O	O	O	O	O	O	_	_	_	_	_	_
.	O	O	O	O	O	O	_	_	_	_	_	_
peuples	O	O	O	O	O	O	_	_	_	_	_	_
,	O	O	O	O	O	O	_	_	_	_	_	_
d	O	O	O	O	O	O	_	_	_	_	_	_
!	O	O	O	O	O	O	_	_	NoSpaceAfter	_	_	_
«	O	O	O	O	O	O	_	_	EndOfLine	_	_	_
# segment_iiif_link = https://impresso-project.ch/api/proxy/iiif/LLE-1914-08-14-a-p0002/2060,3327,467,54/full/0/default.jpg
internaiionalç	O	O	O	O	O	O	_	_	_	_	_	_
»	O	O	O	O	O	O	_	_	_	_	_	_
,	O	O	O	O	O	O	_	_	_	_	_	_
nous	O	O	O	O	O	O	_	_	_	_	_	_
pensions	O	O	O	O	O	O	_	_	_	_	_	_
à	O	O	O	O	O	O	_	_	_	_	_	_
,	O	O	O	O	O	O	_	_	_	_	_	_
la	O	O	O	O	O	O	_	_	_	_	_	_
faillite	O	O	O	O	O	O	_	_	_	_	_	_
tk	O	O	O	O	O	O	_	_	EndOfLine	_	_	_
# segment_iiif_link = https://impresso-project.ch/api/proxy/iiif/LLE-1914-08-14-a-p0002/2060,3363,459,51/full/0/default.jpg
tous	O	O	O	O	O	O	_	_	_	_	_	_
les	O	O	O	O	O	O	_	_	_	_	_	_
ve	O	O	O	O	O	O	_	_	NoSpaceAfter	_	_	_
-	O	O	O	O	O	O	_	_	NoSpaceAfter	_	_	_
rbia	O	O	O	O	O	O	_	_	_	_	_	_
^	O	O	O	O	O	O	_	_	_	_	_	_
as	O	O	O	O	O	O	_	_	_	_	_	_
contemporains	O	O	O	O	O	O	_	_	_	_	_	_
.	O	O	O	O	O	O	_	_	_	EndOfSentence	_	_
(	O	O	O	O	O	O	_	_	EndOfLine	_	_	_
# segment_iiif_link = https://impresso-project.ch/api/proxy/iiif/LLE-1914-08-14-a-p0002/2083,3411,441,70/full/0/default.jpg
On	O	O	O	O	O	O	_	_	_	_	_	_
ijoat	O	O	O	O	O	O	_	_	_	_	_	_
^	O	O	O	O	O	O	_	_	_	_	_	_
aibbnnèr	O	O	O	O	O	O	_	_	_	_	_	_
à	O	O	O	O	O	O	_	_	_	_	_	_
parljr	O	O	O	O	O	O	_	_	_	_	_	_
dp	O	O	O	O	O	O	_	_	EndOfLine	_	_	_
# segment_iiif_link = https://impresso-project.ch/api/proxy/iiif/LLE-1914-08-14-a-p0002/2055,3448,474,70/full/0/default.jpg
uimpqjîte	O	O	O	O	O	O	_	_	_	_	_	_
quel	O	O	O	O	O	O	_	_	_	_	_	_
jour	O	O	O	O	O	O	_	_	_	_	_	_
à	O	O	O	O	O	O	_	_	_	_	_	_
notre	O	O	O	O	O	O	_	_	EndOfLine	_	_	_
# segment_iiif_link = https://impresso-project.ch/api/proxy/iiif/LLE-1914-08-14-a-p0002/2055,3497,302,53/full/0/default.jpg
«	O	O	O	O	O	O	_	_	_	_	_	_
Bulletin	O	O	O	O	O	O	_	_	_	_	_	_
du	O	O	O	O	O	O	_	_	_	_	_	_
splf	O	O	O	O	O	O	_	_	_	_	_	_
»	O	O	O	O	O	O	_	_	_	_	_	_
,	O	O	O	O	O	O	_	_	EndOfLine	_	_	_
# segment_iiif_link = https://impresso-project.ch/api/proxy/iiif/LLE-1914-08-14-a-p0002/2083,3525,442,70/full/0/default.jpg
Il	O	O	O	O	O	O	_	_	_	_	_	_
suflit	O	O	O	O	O	O	_	_	_	_	_	_
d	O	O	O	O	O	O	_	_	_	_	_	_
envoyer	O	O	O	O	O	O	_	_	_	_	_	_
1	O	O	O	O	O	O	_	_	_	_	_	_
ir	O	O	O	O	O	O	_	_	_	_	_	_
.	O	O	O	O	O	O	_	_	_	EndOfSentence	_	_
pour	O	O	O	O	O	O	_	_	EndOfLine	_	_	_
# segment_iiif_link = https://impresso-project.ch/api/proxy/iiif/LLE-1914-08-14-a-p0002/2053,3565,472,69/full/0/default.jpg
recevoir	O	O	O	O	O	O	_	_	_	_	_	_
les	O	O	O	O	O	O	_	_	_	_	_	_
vingt	O	O	O	O	O	O	_	_	_	_	_	_
numéros	O	O	O	O	O	O	_	_	_	_	_	_
qui	O	O	O	O	O	O	_	_	EndOfLine	_	_	_
# segment_iiif_link = https://impresso-project.ch/api/proxy/iiif/LLE-1914-08-14-a-p0002/2053,3604,472,70/full/0/default.jpg
suivront	O	O	O	O	O	O	_	_	_	_	_	_
.	O	O	O	O	O	O	_	_	_	EndOfSentence	_	_
Aucun	O	O	O	O	O	O	_	_	_	_	_	_
abonné	O	O	O	O	O	O	_	_	_	_	_	_
ne	O	O	O	O	O	O	_	_	_	_	_	_
sera	O	O	O	O	O	O	_	_	EndOfLine	_	_	_
# segment_iiif_link = https://impresso-project.ch/api/proxy/iiif/LLE-1914-08-14-a-p0002/2052,3641,472,68/full/0/default.jpg
servi	O	O	O	O	O	O	_	_	_	_	_	_
s	O	O	O	O	O	O	_	_	_	_	_	_
*	O	O	O	O	O	O	_	_	_	_	_	_
ii	O	O	O	O	O	O	_	_	_	_	_	_
n	O	O	O	O	O	O	_	_	_	_	_	_
a	O	O	O	O	O	O	_	_	_	_	_	_
pas	O	O	O	O	O	O	_	_	_	_	_	_
^	O	O	O	O	O	O	_	_	_	_	_	_
eoyoyé	O	O	O	O	O	O	_	_	_	_	_	_
ce	O	O	O	O	O	O	_	_	_	_	_	_
.	O	O	O	O	O	O	_	_	_	EndOfSentence	_	_
prix	O	O	O	O	O	O	_	_	EndOfLine	_	_	_
# segment_iiif_link = https://impresso-project.ch/api/proxy/iiif/LLE-1914-08-14-a-p0002/2052,3681,218,70/full/0/default.jpg
dabonnement	O	O	O	O	O	O	_	_	_	_	_	_
.	O	O	O	O	O	O	_	_	EndOfLine	EndOfSentence	_	_
# segment_iiif_link = https://impresso-project.ch/api/proxy/iiif/LLE-1914-08-14-a-p0002/2080,3719,444,69/full/0/default.jpg
Ceux	O	O	O	O	O	O	_	_	_	_	_	_
nui	O	O	O	O	O	O	_	_	_	_	_	_
s	O	O	O	O	O	O	_	_	_	_	_	_
abonnent	O	O	O	O	O	O	_	_	_	_	_	_
sont	O	O	O	O	O	O	_	_	_	_	_	_
priés	O	O	O	O	O	O	_	_	EndOfLine	_	_	_
# segment_iiif_link = https://impresso-project.ch/api/proxy/iiif/LLE-1914-08-14-a-p0002/2050,3758,462,70/full/0/default.jpg
décrire	O	O	O	O	O	O	_	_	_	_	_	_
leur	O	O	O	O	O	O	_	_	_	_	_	_
.	O	O	O	O	O	O	_	_	_	EndOfSentence	_	_
adresse	O	O	O	O	O	O	_	_	_	_	_	_
très	O	O	O	O	O	O	_	_	EndOfLine	_	_	_
# segment_iiif_link = https://impresso-project.ch/api/proxy/iiif/LLE-1914-08-14-a-p0002/2050,3795,132,70/full/0/default.jpg
lisiblement	O	O	O	O	O	O	_	_	_	_	_	_
.	O	O	O	O	O	O	_	_	EndOfLine	EndOfSentence	_	_
# segment_iiif_link = https://impresso-project.ch/api/proxy/iiif/LLE-1914-08-14-a-p0002/2080,3835,440,68/full/0/default.jpg
Les	O	O	O	O	O	O	_	_	_	_	_	_
demandés	O	O	O	O	O	O	_	_	_	_	_	_
dàbonnpment	O	O	O	O	O	O	_	_	EndOfLine	_	_	_
# segment_iiif_link = https://impresso-project.ch/api/proxy/iiif/LLE-1914-08-14-a-p0002/2052,3872,367,70/full/0/default.jpg
doivent	O	O	O	O	O	O	_	_	_	_	_	_
Être	O	O	O	O	O	O	_	_	_	_	_	_
adressées	O	O	O	O	O	O	_	_	_	_	_	_
,	O	O	O	O	O	O	_	_	_	_	_	_
au	O	O	O	O	O	O	_	_	EndOfLine	_	_	_
# segment_iiif_link = https://impresso-project.ch/api/proxy/iiif/LLE-1914-08-14-a-p0002/2065,3912,440,68/full/0/default.jpg
Burean	O	O	O	O	O	O	_	_	_	_	_	_
du	O	O	O	O	O	O	_	_	_	_	_	_
BDIjiSTIN	O	O	O	O	O	O	_	_	_	_	_	_
DU	O	O	O	O	O	O	_	_	_	_	_	_
SOIR	O	O	O	O	O	O	_	_	EndOfLine	_	_	_
# segment_iiif_link = https://impresso-project.ch/api/proxy/iiif/LLE-1914-08-14-a-p0002/2172,3944,283,68/full/0/default.jpg
de	O	O	O	O	O	O	_	_	_	_	_	_
la	O	O	O	O	O	O	_	_	_	_	_	_
«	O	O	O	O	O	O	_	_	_	_	_	_
LiberW	O	O	O	O	O	O	_	_	_	_	_	_
»	O	O	O	O	O	O	_	_	_	_	_	_
.	O	O	O	O	O	O	_	_	_	EndOfSentence	_	_
<	O	O	O	O	O	O	_	_	EndOfLine	_	_	_
# segment_iiif_link = https://impresso-project.ch/api/proxy/iiif/LLE-1914-08-14-a-p0002/2210,3974,257,68/full/0/default.jpg
Avenue	O	O	O	O	O	O	_	_	_	_	_	_
de	O	O	O	O	O	O	_	_	_	_	_	_
Férolles	O	O	O	O	O	O	_	_	_	_	_	_
,	O	O	O	O	O	O	_	_	EndOfLine	_	_	_
# segment_iiif_link = https://impresso-project.ch/api/proxy/iiif/LLE-1914-08-14-a-p0002/2374,4006,120,68/full/0/default.jpg
Fribonrg	O	O	O	O	O	O	_	_	_	_	_	_
.	O	O	O	O	O	O	_	_	EndOfLine	EndOfSentence	_	_

# language = fr
# newspaper = LLE
# date = 1923-06-27
# document_id = LLE-1923-06-27-a-i0006
# news-agency-as-source = Q130879, unk, Q2826560
# segment_iiif_link = https://impresso-project.ch/api/proxy/iiif/LLE-1923-06-27-a-p0001/1567,838,623,120/full/0/default.jpg
La	O	O	O	O	O	O	_	_	_	_	_	_
politique	O	O	O	O	O	O	_	_	_	_	_	_
française	O	O	O	O	O	O	_	_	EndOfLine	_	_	_
# segment_iiif_link = https://impresso-project.ch/api/proxy/iiif/LLE-1923-06-27-a-p0001/1659,974,429,93/full/0/default.jpg
L	O	O	O	O	O	O	_	_	_	_	_	_
agitation	O	O	O	O	O	O	_	_	_	_	_	_
radicale	O	O	O	O	O	O	_	_	EndOfLine	_	_	_
# segment_iiif_link = https://impresso-project.ch/api/proxy/iiif/LLE-1923-06-27-a-p0001/1957,1074,224,64/full/0/default.jpg
Paris	O	O	O	O	O	O	_	_	_	_	_	_
,	O	O	O	O	O	O	_	_	_	_	_	_
25	O	O	O	O	O	O	_	_	_	_	_	_
juin	O	O	O	O	O	O	_	_	_	_	_	_
.	O	O	O	O	O	O	_	_	EndOfLine	EndOfSentence	_	_
# segment_iiif_link = https://impresso-project.ch/api/proxy/iiif/LLE-1923-06-27-a-p0001/1559,1122,649,63/full/0/default.jpg
Le	O	O	O	O	O	O	_	_	_	_	_	_
parti	O	O	O	O	O	O	_	_	_	_	_	_
radical	O	O	O	O	O	O	_	_	_	_	_	_
na	O	O	O	O	O	O	_	_	_	_	_	_
pas	O	O	O	O	O	O	_	_	_	_	_	_
encoro	O	O	O	O	O	O	_	_	_	_	_	_
digéré	O	O	O	O	O	O	_	_	_	_	_	_
le	O	O	O	O	O	O	_	_	EndOfLine	_	_	_
# segment_iiif_link = https://impresso-project.ch/api/proxy/iiif/LLE-1923-06-27-a-p0001/1532,1159,676,64/full/0/default.jpg
discours	O	O	O	O	O	O	_	_	_	_	_	_
de	O	O	O	O	O	O	_	_	_	_	_	_
M	O	O	O	O	O	O	_	_	_	_	_	_
.	O	O	O	O	O	O	_	_	_	EndOfSentence	_	_
Poincaré	O	O	O	O	O	O	_	_	_	_	_	_
à	O	O	O	O	O	O	_	_	_	_	_	_
la	O	O	O	O	O	O	_	_	_	_	_	_
Cliambre	O	O	O	O	O	O	_	_	_	_	_	_
,	O	O	O	O	O	O	_	_	_	_	_	_
ou	O	O	O	O	O	O	_	_	_	_	_	_
,	O	O	O	O	O	O	_	_	EndOfLine	_	_	_
# segment_iiif_link = https://impresso-project.ch/api/proxy/iiif/LLE-1923-06-27-a-p0001/1530,1197,689,63/full/0/default.jpg
définissant	O	O	O	O	O	O	_	_	_	_	_	_
sa	O	O	O	O	O	O	_	_	_	_	_	_
politique	O	O	O	O	O	O	_	_	_	_	_	_
intérieure	O	O	O	O	O	O	_	_	_	_	_	_
,	O	O	O	O	O	O	_	_	_	_	_	_
lo	O	O	O	O	O	O	_	_	_	_	_	_
président	O	O	O	O	O	O	_	_	_	_	_	_
du	O	O	O	O	O	O	_	_	EndOfLine	_	_	_
# segment_iiif_link = https://impresso-project.ch/api/proxy/iiif/LLE-1923-06-27-a-p0001/1530,1232,691,64/full/0/default.jpg
Coneeil	O	O	O	O	O	O	_	_	_	_	_	_
a	O	O	O	O	O	O	_	_	_	_	_	_
déclaré	O	O	O	O	O	O	_	_	_	_	_	_
no	O	O	O	O	O	O	_	_	_	_	_	_
point	O	O	O	O	O	O	_	_	_	_	_	_
vouloir	O	O	O	O	O	O	_	_	_	_	_	_
,	O	O	O	O	O	O	_	_	_	_	_	_
dans	O	O	O	O	O	O	_	_	_	_	_	_
sa	O	O	O	O	O	O	_	_	EndOfLine	_	_	_
# segment_iiif_link = https://impresso-project.ch/api/proxy/iiif/LLE-1923-06-27-a-p0001/1530,1268,689,63/full/0/default.jpg
majorité	O	O	O	O	O	O	_	_	_	_	_	_
,	O	O	O	O	O	O	_	_	_	_	_	_
de	O	O	O	O	O	O	_	_	_	_	_	_
ceux	O	O	O	O	O	O	_	_	_	_	_	_
qui	O	O	O	O	O	O	_	_	_	_	_	_
.	O	O	O	O	O	O	_	_	_	EndOfSentence	_	_
pactisent	O	O	O	O	O	O	_	_	_	_	_	_
,	O	O	O	O	O	O	_	_	_	_	_	_
plue	O	O	O	O	O	O	_	_	_	_	_	_
ou	O	O	O	O	O	O	_	_	_	_	_	_
moins	O	O	O	O	O	O	_	_	EndOfLine	_	_	_
# segment_iiif_link = https://impresso-project.ch/api/proxy/iiif/LLE-1923-06-27-a-p0001/1530,1305,678,64/full/0/default.jpg
ouvertement	O	O	O	O	O	O	_	_	_	_	_	_
,	O	O	O	O	O	O	_	_	_	_	_	_
avec	O	O	O	O	O	O	_	_	_	_	_	_
l	O	O	O	O	O	O	_	_	_	_	_	_
extrême	O	O	O	O	O	O	_	_	NoSpaceAfter	_	_	_
-	O	O	O	O	O	O	_	_	NoSpaceAfter	_	_	_
droite	O	O	O	O	O	O	_	_	_	_	_	_
ou	O	O	O	O	O	O	_	_	EndOfLine	_	_	_
# segment_iiif_link = https://impresso-project.ch/api/proxy/iiif/LLE-1923-06-27-a-p0001/1530,1340,676,66/full/0/default.jpg
lextréine	O	O	O	O	O	O	_	_	NoSpaceAfter	_	_	_
-	O	O	O	O	O	O	_	_	NoSpaceAfter	_	_	_
gauche	O	O	O	O	O	O	_	_	_	_	_	_
.	O	O	O	O	O	O	_	_	_	EndOfSentence	_	_
Presque	O	O	O	O	O	O	_	_	_	_	_	_
tous	O	O	O	O	O	O	_	_	_	_	_	_
lee	O	O	O	O	O	O	_	_	_	_	_	_
députés	O	O	O	O	O	O	_	_	EndOfLine	_	_	_
# segment_iiif_link = https://impresso-project.ch/api/proxy/iiif/LLE-1923-06-27-a-p0001/1530,1378,691,66/full/0/default.jpg
radicaux	O	O	O	O	O	O	_	_	_	_	_	_
do	O	O	O	O	O	O	_	_	_	_	_	_
la	O	O	O	O	O	O	_	_	_	_	_	_
Chambre	O	O	O	O	O	O	_	_	_	_	_	_
,	O	O	O	O	O	O	_	_	_	_	_	_
à	O	O	O	O	O	O	_	_	_	_	_	_
lexception	O	O	O	O	O	O	_	_	_	_	_	_
dune	O	O	O	O	O	O	_	_	EndOfLine	_	_	_
# segment_iiif_link = https://impresso-project.ch/api/proxy/iiif/LLE-1923-06-27-a-p0001/1530,1415,693,66/full/0/default.jpg
douzaine	O	O	O	O	O	O	_	_	_	_	_	_
,	O	O	O	O	O	O	_	_	_	_	_	_
ont	O	O	O	O	O	O	_	_	_	_	_	_
voté	O	O	O	O	O	O	_	_	_	_	_	_
contre	O	O	O	O	O	O	_	_	_	_	_	_
lo	O	O	O	O	O	O	_	_	_	_	_	_
cabinet	O	O	O	O	O	O	_	_	_	_	_	_
,	O	O	O	O	O	O	_	_	_	_	_	_
lo	O	O	O	O	O	O	_	_	_	_	_	_
15	O	O	O	O	O	O	_	_	_	_	_	_
juin	O	O	O	O	O	O	_	_	_	_	_	_
,	O	O	O	O	O	O	_	_	EndOfLine	_	_	_
# segment_iiif_link = https://impresso-project.ch/api/proxy/iiif/LLE-1923-06-27-a-p0001/1528,1453,687,64/full/0/default.jpg
et	O	O	O	O	O	O	_	_	_	_	_	_
ils	O	O	O	O	O	O	_	_	_	_	_	_
ont	O	O	O	O	O	O	_	_	_	_	_	_
fait	O	O	O	O	O	O	_	_	_	_	_	_
do	O	O	O	O	O	O	_	_	_	_	_	_
même	O	O	O	O	O	O	_	_	_	_	_	_
quand	O	O	O	O	O	O	_	_	_	_	_	_
la	O	O	O	O	O	O	_	_	_	_	_	_
question	O	O	O	O	O	O	_	_	_	_	_	_
dc	O	O	O	O	O	O	_	_	EndOfLine	_	_	_
# segment_iiif_link = https://impresso-project.ch/api/proxy/iiif/LLE-1923-06-27-a-p0001/1526,1486,689,64/full/0/default.jpg
l	O	O	O	O	O	O	_	_	_	_	_	_
affichage	O	O	O	O	O	O	_	_	_	_	_	_
du	O	O	O	O	O	O	_	_	_	_	_	_
discoure	O	O	O	O	O	O	_	_	NoSpaceAfter	_	_	_
-	O	O	O	O	O	O	_	_	NoSpaceAfter	_	_	_
do	O	O	O	O	O	O	_	_	_	_	_	_
M	O	O	O	O	O	O	_	_	_	_	_	_
.	O	O	O	O	O	O	_	_	_	EndOfSentence	_	_
Poincaré	O	O	O	O	O	O	_	_	_	_	_	_
a	O	O	O	O	O	O	_	_	_	_	_	_
été	O	O	O	O	O	O	_	_	EndOfLine	_	_	_
# segment_iiif_link = https://impresso-project.ch/api/proxy/iiif/LLE-1923-06-27-a-p0001/1528,1526,689,64/full/0/default.jpg
décidée	O	O	O	O	O	O	_	_	_	_	_	_
par	O	O	O	O	O	O	_	_	_	_	_	_
la	O	O	O	O	O	O	_	_	_	_	_	_
Cliambre	O	O	O	O	O	O	_	_	_	_	_	_
,	O	O	O	O	O	O	_	_	_	_	_	_
.	O	O	O	O	O	O	_	_	_	EndOfSentence	_	_
sans	O	O	O	O	O	O	_	_	_	_	_	_
débat	O	O	O	O	O	O	_	_	_	_	_	_
,	O	O	O	O	O	O	_	_	_	_	_	_
comme	O	O	O	O	O	O	_	_	_	_	_	_
il	O	O	O	O	O	O	_	_	EndOfLine	_	_	_
# segment_iiif_link = https://impresso-project.ch/api/proxy/iiif/LLE-1923-06-27-a-p0001/1528,1563,689,64/full/0/default.jpg
est	O	O	O	O	O	O	_	_	_	_	_	_
de	O	O	O	O	O	O	_	_	_	_	_	_
règle	O	O	O	O	O	O	_	_	_	_	_	_
,	O	O	O	O	O	O	_	_	_	_	_	_
au	O	O	O	O	O	O	_	_	_	_	_	_
début	O	O	O	O	O	O	_	_	_	_	_	_
de	O	O	O	O	O	O	_	_	_	_	_	_
la	O	O	O	O	O	O	_	_	_	_	_	_
séance	O	O	O	O	O	O	_	_	_	_	_	_
du	O	O	O	O	O	O	_	_	_	_	_	_
19	O	O	O	O	O	O	_	_	_	_	_	_
juin	O	O	O	O	O	O	_	_	_	_	_	_
.	O	O	O	O	O	O	_	_	EndOfLine	EndOfSentence	_	_
# segment_iiif_link = https://impresso-project.ch/api/proxy/iiif/LLE-1923-06-27-a-p0001/1526,1599,691,64/full/0/default.jpg
Pour	O	O	O	O	O	O	_	_	_	_	_	_
donner	O	O	O	O	O	O	_	_	_	_	_	_
plus	O	O	O	O	O	O	_	_	_	_	_	_
de	O	O	O	O	O	O	_	_	_	_	_	_
poids	O	O	O	O	O	O	_	_	_	_	_	_
à	O	O	O	O	O	O	_	_	_	_	_	_
cet	O	O	O	O	O	O	_	_	_	_	_	_
affichage	O	O	O	O	O	O	_	_	_	_	_	_
,	O	O	O	O	O	O	_	_	_	_	_	_
la	O	O	O	O	O	O	_	_	EndOfLine	_	_	_
# segment_iiif_link = https://impresso-project.ch/api/proxy/iiif/LLE-1923-06-27-a-p0001/1526,1636,687,64/full/0/default.jpg
majorité	O	O	O	O	O	O	_	_	_	_	_	_
a	O	O	O	O	O	O	_	_	_	_	_	_
voté	O	O	O	O	O	O	_	_	_	_	_	_
aussi	O	O	O	O	O	O	_	_	_	_	_	_
celui	O	O	O	O	O	O	_	_	_	_	_	_
de	O	O	O	O	O	O	_	_	_	_	_	_
lordre	O	O	O	O	O	O	_	_	_	_	_	_
du	O	O	O	O	O	O	_	_	_	_	_	_
jour	O	O	O	O	O	O	_	_	EndOfLine	_	_	_
# segment_iiif_link = https://impresso-project.ch/api/proxy/iiif/LLE-1923-06-27-a-p0001/1528,1674,685,64/full/0/default.jpg
quello	O	O	O	O	O	O	_	_	_	_	_	_
a	O	O	O	O	O	O	_	_	_	_	_	_
adopté	O	O	O	O	O	O	_	_	_	_	_	_
et	O	O	O	O	O	O	_	_	_	_	_	_
,	O	O	O	O	O	O	_	_	_	_	_	_
fciit	O	O	O	O	O	O	_	_	_	_	_	_
nouveau	O	O	O	O	O	O	_	_	_	_	_	_
autant	O	O	O	O	O	O	_	_	_	_	_	_
que	O	O	O	O	O	O	_	_	EndOfLine	_	_	_
# segment_iiif_link = https://impresso-project.ch/api/proxy/iiif/LLE-1923-06-27-a-p0001/1526,1711,689,64/full/0/default.jpg
significatif	O	O	O	O	O	O	_	_	_	_	_	_
,	O	O	O	O	O	O	_	_	_	_	_	_
celui	O	O	O	O	O	O	_	_	_	_	_	_
des	O	O	O	O	O	O	_	_	_	_	_	_
nome	O	O	O	O	O	O	_	_	_	_	_	_
dos	O	O	O	O	O	O	_	_	_	_	_	_
députés	O	O	O	O	O	O	_	_	_	_	_	_
qui	O	O	O	O	O	O	_	_	EndOfLine	_	_	_
# segment_iiif_link = https://impresso-project.ch/api/proxy/iiif/LLE-1923-06-27-a-p0001/1526,1747,678,63/full/0/default.jpg
lont	O	O	O	O	O	O	_	_	_	_	_	_
approuvé	O	O	O	O	O	O	_	_	_	_	_	_
,	O	O	O	O	O	O	_	_	_	_	_	_
classée	O	O	O	O	O	O	_	_	_	_	_	_
non	O	O	O	O	O	O	_	_	_	_	_	_
par	O	O	O	O	O	O	_	_	_	_	_	_
ordre	O	O	O	O	O	O	_	_	EndOfLine	_	_	_
# segment_iiif_link = https://impresso-project.ch/api/proxy/iiif/LLE-1923-06-27-a-p0001/1528,1784,420,64/full/0/default.jpg
alphabétique	O	O	O	O	O	O	_	_	_	_	_	_
maie	O	O	O	O	O	O	_	_	_	_	_	_
par	O	O	O	O	O	O	_	_	_	_	_	_
départements	O	O	O	O	O	O	_	_	_	_	_	_
.	O	O	O	O	O	O	_	_	EndOfLine	EndOfSentence	_	_
# segment_iiif_link = https://impresso-project.ch/api/proxy/iiif/LLE-1923-06-27-a-p0001/1555,1805,6,64/full/0/default.jpg
¦	O	O	O	O	O	O	_	_	EndOfLine	_	_	_
# segment_iiif_link = https://impresso-project.ch/api/proxy/iiif/LLE-1923-06-27-a-p0001/1555,1822,660,63/full/0/default.jpg
La	O	O	O	O	O	O	_	_	_	_	_	_
lutte	O	O	O	O	O	O	_	_	_	_	_	_
est	O	O	O	O	O	O	_	_	_	_	_	_
donc	O	O	O	O	O	O	_	_	_	_	_	_
engagée	O	O	O	O	O	O	_	_	_	_	_	_
entre	O	O	O	O	O	O	_	_	_	_	_	_
les	O	O	O	O	O	O	_	_	_	_	_	_
radicaux	O	O	O	O	O	O	_	_	EndOfLine	_	_	_
# segment_iiif_link = https://impresso-project.ch/api/proxy/iiif/LLE-1923-06-27-a-p0001/1526,1857,689,64/full/0/default.jpg
qui	O	O	O	O	O	O	_	_	_	_	_	_
suivent	O	O	O	O	O	O	_	_	_	_	_	_
(	O	O	O	O	O	O	_	_	_	_	_	_
M	O	O	O	O	O	O	_	_	_	_	_	_
.	O	O	O	O	O	O	_	_	_	EndOfSentence	_	_
Herriot	O	O	O	O	O	O	_	_	_	_	_	_
et	O	O	O	O	O	O	_	_	_	_	_	_
le	O	O	O	O	O	O	_	_	_	_	_	_
gouvernement	O	O	O	O	O	O	_	_	_	_	_	_
.	O	O	O	O	O	O	_	_	_	EndOfSentence	_	_
Dc	O	O	O	O	O	O	_	_	EndOfLine	_	_	_
# segment_iiif_link = https://impresso-project.ch/api/proxy/iiif/LLE-1923-06-27-a-p0001/1526,1893,691,63/full/0/default.jpg
ce	O	O	O	O	O	O	_	_	_	_	_	_
fait	O	O	O	O	O	O	_	_	_	_	_	_
,	O	O	O	O	O	O	_	_	_	_	_	_
on	O	O	O	O	O	O	_	_	_	_	_	_
.	O	O	O	O	O	O	_	_	_	EndOfSentence	_	_
peut	O	O	O	O	O	O	_	_	_	_	_	_
dire	O	O	O	O	O	O	_	_	_	_	_	_
que	O	O	O	O	O	O	_	_	_	_	_	_
Ja	O	O	O	O	O	O	_	_	_	_	_	_
période	O	O	O	O	O	O	_	_	_	_	_	_
électorale	O	O	O	O	O	O	_	_	EndOfLine	_	_	_
# segment_iiif_link = https://impresso-project.ch/api/proxy/iiif/LLE-1923-06-27-a-p0001/1524,1930,693,64/full/0/default.jpg
so	O	O	O	O	O	O	_	_	_	_	_	_
trouve	O	O	O	O	O	O	_	_	_	_	_	_
virtuellement	O	O	O	O	O	O	_	_	_	_	_	_
ouverte	O	O	O	O	O	O	_	_	_	_	_	_
et	O	O	O	O	O	O	_	_	_	_	_	_
quil	O	O	O	O	O	O	_	_	_	_	_	_
y	O	O	O	O	O	O	_	_	_	_	_	_
a	O	O	O	O	O	O	_	_	EndOfLine	_	_	_
# segment_iiif_link = https://impresso-project.ch/api/proxy/iiif/LLE-1923-06-27-a-p0001/1524,1968,691,63/full/0/default.jpg
chance	O	O	O	O	O	O	_	_	_	_	_	_
pour	O	O	O	O	O	O	_	_	_	_	_	_
quo	O	O	O	O	O	O	_	_	_	_	_	_
ce	O	O	O	O	O	O	_	_	_	_	_	_
soit	O	O	O	O	O	O	_	_	_	_	_	_
,	O	O	O	O	O	O	_	_	_	_	_	_
malheureusement	O	O	O	O	O	O	_	_	_	_	_	_
,	O	O	O	O	O	O	_	_	_	_	_	_
la	O	O	O	O	O	O	_	_	EndOfLine	_	_	_
# segment_iiif_link = https://impresso-project.ch/api/proxy/iiif/LLE-1923-06-27-a-p0001/1524,2005,691,64/full/0/default.jpg
question	O	O	O	O	O	O	_	_	_	_	_	_
religieuse	O	O	O	O	O	O	_	_	_	_	_	_
qui	O	O	O	O	O	O	_	_	_	_	_	_
en	O	O	O	O	O	O	_	_	NoSpaceAfter	_	_	_
-	O	O	O	O	O	O	_	_	NoSpaceAfter	_	_	_
fasse	O	O	O	O	O	O	_	_	_	_	_	_
les	O	O	O	O	O	O	_	_	_	_	_	_
fraie	O	O	O	O	O	O	_	_	_	_	_	_
.	O	O	O	O	O	O	_	_	_	EndOfSentence	_	_
Il	O	O	O	O	O	O	_	_	_	_	_	_
,	O	O	O	O	O	O	_	_	_	_	_	_
eût	O	O	O	O	O	O	_	_	EndOfLine	_	_	_
# segment_iiif_link = https://impresso-project.ch/api/proxy/iiif/LLE-1923-06-27-a-p0001/1524,2043,691,63/full/0/default.jpg
été	O	O	O	O	O	O	_	_	_	_	_	_
préférable	O	O	O	O	O	O	_	_	_	_	_	_
quon	O	O	O	O	O	O	_	_	_	_	_	_
ne	O	O	O	O	O	O	_	_	_	_	_	_
centrât	O	O	O	O	O	O	_	_	_	_	_	_
pas	O	O	O	O	O	O	_	_	_	_	_	_
dans	O	O	O	O	O	O	_	_	_	_	_	_
ce	O	O	O	O	O	O	_	_	_	_	_	_
6	O	O	O	O	O	O	_	_	EndOfLine	_	_	_
# segment_iiif_link = https://impresso-project.ch/api/proxy/iiif/LLE-1923-06-27-a-p0001/1524,2080,680,64/full/0/default.jpg
querelles	O	O	O	O	O	O	_	_	_	_	_	_
,	O	O	O	O	O	O	_	_	_	_	_	_
mais	O	O	O	O	O	O	_	_	_	_	_	_
lanticléricalisme	O	O	O	O	O	O	_	_	_	_	_	_
radical	O	O	O	O	O	O	_	_	_	_	_	_
est	O	O	O	O	O	O	_	_	EndOfLine	_	_	_
# segment_iiif_link = https://impresso-project.ch/api/proxy/iiif/LLE-1923-06-27-a-p0001/1524,2115,689,64/full/0/default.jpg
intraitable	O	O	O	O	O	O	_	_	_	_	_	_
,	O	O	O	O	O	O	_	_	_	_	_	_
et	O	O	O	O	O	O	_	_	_	_	_	_
,	O	O	O	O	O	O	_	_	_	_	_	_
puisque	O	O	O	O	O	O	_	_	_	_	_	_
c	O	O	O	O	O	O	_	_	_	_	_	_
est	O	O	O	O	O	O	_	_	_	_	_	_
sur	O	O	O	O	O	O	_	_	_	_	_	_
ce	O	O	O	O	O	O	_	_	_	_	_	_
terrain	O	O	O	O	O	O	_	_	NoSpaceAfter	_	_	_
-	O	O	O	O	O	O	_	_	NoSpaceAfter	_	_	_
là	O	O	O	O	O	O	_	_	_	_	_	_
que	O	O	O	O	O	O	_	_	EndOfLine	_	_	_
# segment_iiif_link = https://impresso-project.ch/api/proxy/iiif/LLE-1923-06-27-a-p0001/1524,2153,691,64/full/0/default.jpg
ces	O	O	O	O	O	O	_	_	_	_	_	_
messieure	O	O	O	O	O	O	_	_	_	_	_	_
de	O	O	O	O	O	O	_	_	_	_	_	_
la	O	O	O	O	O	O	_	_	_	_	_	_
ruo	O	O	O	O	O	O	_	_	_	_	_	_
do	O	O	O	O	O	O	_	_	_	_	_	_
Valois	O	O	O	O	O	O	_	_	_	_	_	_
ont	O	O	O	O	O	O	_	_	_	_	_	_
décidé	O	O	O	O	O	O	_	_	EndOfLine	_	_	_
# segment_iiif_link = https://impresso-project.ch/api/proxy/iiif/LLE-1923-06-27-a-p0001/1524,2188,691,64/full/0/default.jpg
do	O	O	O	O	O	O	_	_	_	_	_	_
livrer	O	O	O	O	O	O	_	_	_	_	_	_
bataille	O	O	O	O	O	O	_	_	_	_	_	_
,	O	O	O	O	O	O	_	_	_	_	_	_
il	O	O	O	O	O	O	_	_	_	_	_	_
faudra	O	O	O	O	O	O	_	_	_	_	_	_
bien	O	O	O	O	O	O	_	_	_	_	_	_
quon	O	O	O	O	O	O	_	_	_	_	_	_
les	O	O	O	O	O	O	_	_	_	_	_	_
y	O	O	O	O	O	O	_	_	EndOfLine	_	_	_
# segment_iiif_link = https://impresso-project.ch/api/proxy/iiif/LLE-1923-06-27-a-p0001/1522,2228,83,64/full/0/default.jpg
suive	O	O	O	O	O	O	_	_	_	_	_	_
.	O	O	O	O	O	O	_	_	EndOfLine	EndOfSentence	_	_
# segment_iiif_link = https://impresso-project.ch/api/proxy/iiif/LLE-1923-06-27-a-p0001/1555,2263,649,64/full/0/default.jpg
Au	O	O	O	O	O	O	_	_	_	_	_	_
cours	O	O	O	O	O	O	_	_	_	_	_	_
ne	O	O	O	O	O	O	_	_	_	_	_	_
la	O	O	O	O	O	O	_	_	_	_	_	_
discussion	O	O	O	O	O	O	_	_	_	_	_	_
rin	O	O	O	O	O	O	_	_	_	_	_	_
budget	O	O	O	O	O	O	_	_	_	_	_	_
,	O	O	O	O	O	O	_	_	EndOfLine	_	_	_
# segment_iiif_link = https://impresso-project.ch/api/proxy/iiif/LLE-1923-06-27-a-p0001/1524,2301,693,64/full/0/default.jpg
desaffaires	O	O	O	O	O	O	_	_	_	_	_	_
étrangères	O	O	O	O	O	O	_	_	_	_	_	_
,	O	O	O	O	O	O	_	_	_	_	_	_
ils	O	O	O	O	O	O	_	_	_	_	_	_
se	O	O	O	O	O	O	_	_	_	_	_	_
sont	O	O	O	O	O	O	_	_	_	_	_	_
livrés	O	O	O	O	O	O	_	_	_	_	_	_
,	O	O	O	O	O	O	_	_	_	_	_	_
au	O	O	O	O	O	O	_	_	_	_	_	_
Sénat	O	O	O	O	O	O	_	_	_	_	_	_
,	O	O	O	O	O	O	_	_	EndOfLine	_	_	_
# segment_iiif_link = https://impresso-project.ch/api/proxy/iiif/LLE-1923-06-27-a-p0001/1524,2338,691,64/full/0/default.jpg
lo	O	O	O	O	O	O	_	_	_	_	_	_
mardi	O	O	O	O	O	O	_	_	_	_	_	_
19	O	O	O	O	O	O	_	_	_	_	_	_
juin	O	O	O	O	O	O	_	_	_	_	_	_
,	O	O	O	O	O	O	_	_	_	_	_	_
à	O	O	O	O	O	O	_	_	_	_	_	_
une	O	O	O	O	O	O	_	_	_	_	_	_
de	O	O	O	O	O	O	_	_	_	_	_	_
ces	O	O	O	O	O	O	_	_	_	_	_	_
manifestations	O	O	O	O	O	O	_	_	EndOfLine	_	_	_
# segment_iiif_link = https://impresso-project.ch/api/proxy/iiif/LLE-1923-06-27-a-p0001/1524,2376,691,64/full/0/default.jpg
de	O	O	O	O	O	O	_	_	_	_	_	_
sectarisme	O	O	O	O	O	O	_	_	_	_	_	_
pour	O	O	O	O	O	O	_	_	_	_	_	_
lesquelles	O	O	O	O	O	O	_	_	_	_	_	_
ils	O	O	O	O	O	O	_	_	_	_	_	_
ont	O	O	O	O	O	O	_	_	_	_	_	_
un	O	O	O	O	O	O	_	_	_	_	_	_
goût	O	O	O	O	O	O	_	_	_	_	_	_
de	O	O	O	O	O	O	_	_	EndOfLine	_	_	_
# segment_iiif_link = https://impresso-project.ch/api/proxy/iiif/LLE-1923-06-27-a-p0001/1524,2411,689,64/full/0/default.jpg
plus	O	O	O	O	O	O	_	_	_	_	_	_
en	O	O	O	O	O	O	_	_	_	_	_	_
plu	O	O	O	O	O	O	_	_	_	_	_	_
6	O	O	O	O	O	O	_	_	_	_	_	_
prononcé	O	O	O	O	O	O	_	_	_	_	_	_
.	O	O	O	O	O	O	_	_	_	EndOfSentence	_	_
Elle	O	O	O	O	O	O	_	_	_	_	_	_
a	O	O	O	O	O	O	_	_	_	_	_	_
dailleurs	O	O	O	O	O	O	_	_	_	_	_	_
tourné	O	O	O	O	O	O	_	_	EndOfLine	_	_	_
# segment_iiif_link = https://impresso-project.ch/api/proxy/iiif/LLE-1923-06-27-a-p0001/1524,2447,682,63/full/0/default.jpg
contro	O	O	O	O	O	O	_	_	_	_	_	_
eux	O	O	O	O	O	O	_	_	_	_	_	_
,	O	O	O	O	O	O	_	_	_	_	_	_
et	O	O	O	O	O	O	_	_	_	_	_	_
la	O	O	O	O	O	O	_	_	_	_	_	_
majorité	O	O	O	O	O	O	_	_	_	_	_	_
do	O	O	O	O	O	O	_	_	_	_	_	_
la	O	O	O	O	O	O	_	_	EndOfLine	_	_	_
# segment_iiif_link = https://impresso-project.ch/api/proxy/iiif/LLE-1923-06-27-a-p0001/1524,2484,693,64/full/0/default.jpg
Haute	O	O	O	O	O	O	_	_	NoSpaceAfter	_	_	_
-	O	O	O	O	O	O	_	_	NoSpaceAfter	_	_	_
Assemblée	O	O	O	O	O	O	_	_	_	_	_	_
s	O	O	O	O	O	O	_	_	_	_	_	_
est	O	O	O	O	O	O	_	_	_	_	_	_
refusée	O	O	O	O	O	O	_	_	_	_	_	_
,	O	O	O	O	O	O	_	_	_	_	_	_
par	O	O	O	O	O	O	_	_	_	_	_	_
1	O	O	O	O	O	O	_	_	_	_	_	_
J	O	O	O	O	O	O	_	_	_	_	_	_
0	O	O	O	O	O	O	_	_	_	_	_	_
voix	O	O	O	O	O	O	_	_	_	_	_	_
contre	O	O	O	O	O	O	_	_	_	_	_	_
117	O	O	O	O	O	O	_	_	_	_	_	_
,	O	O	O	O	O	O	_	_	_	_	_	_
à	O	O	O	O	O	O	_	_	EndOfLine	_	_	_
# segment_iiif_link = https://impresso-project.ch/api/proxy/iiif/LLE-1923-06-27-a-p0001/1522,2520,403,63/full/0/default.jpg
leur	O	O	O	O	O	O	_	_	_	_	_	_
donner	O	O	O	O	O	O	_	_	_	_	_	_
gain	O	O	O	O	O	O	_	_	_	_	_	_
do	O	O	O	O	O	O	_	_	_	_	_	_
cat	O	O	O	O	O	O	_	_	_	_	_	_
.	O	O	O	O	O	O	_	_	_	EndOfSentence	_	_
n	O	O	O	O	O	O	_	_	_	_	_	_
.	O	O	O	O	O	O	_	_	NoSpaceAfter	EndOfSentence	_	_
:	O	O	O	O	O	O	_	_	NoSpaceAfter	_	_	_
.	O	O	O	O	O	O	_	_	EndOfLine	EndOfSentence	_	_
# segment_iiif_link = https://impresso-project.ch/api/proxy/iiif/LLE-1923-06-27-a-p0001/1553,2557,653,64/full/0/default.jpg
H	O	O	O	O	O	O	_	_	_	_	_	_
s	O	O	O	O	O	O	_	_	_	_	_	_
agissait	O	O	O	O	O	O	_	_	_	_	_	_
des	O	O	O	O	O	O	_	_	_	_	_	_
crédits	O	O	O	O	O	O	_	_	_	_	_	_
demandés	O	O	O	O	O	O	_	_	_	_	_	_
par	O	O	O	O	O	O	_	_	_	_	_	_
le	O	O	O	O	O	O	_	_	EndOfLine	_	_	_
# segment_iiif_link = https://impresso-project.ch/api/proxy/iiif/LLE-1923-06-27-a-p0001/1524,2595,691,63/full/0/default.jpg
gouvernement	O	O	O	O	O	O	_	_	_	_	_	_
pour	O	O	O	O	O	O	_	_	_	_	_	_
les	O	O	O	O	O	O	_	_	_	_	_	_
frais	O	O	O	O	O	O	_	_	_	_	_	_
généraux	O	O	O	O	O	O	_	_	_	_	_	_
des	O	O	O	O	O	O	_	_	_	_	_	_
postes	O	O	O	O	O	O	_	_	EndOfLine	_	_	_
# segment_iiif_link = https://impresso-project.ch/api/proxy/iiif/LLE-1923-06-27-a-p0001/1522,2630,691,64/full/0/default.jpg
diplomatiques	O	O	O	O	O	O	_	_	_	_	_	_
.	O	O	O	O	O	O	_	_	_	EndOfSentence	_	_
Les	O	O	O	O	O	O	_	_	_	_	_	_
radicaux	O	O	O	O	O	O	_	_	_	_	_	_
du	O	O	O	O	O	O	_	_	_	_	_	_
Luxembourg	O	O	O	O	O	O	_	_	EndOfLine	_	_	_
# segment_iiif_link = https://impresso-project.ch/api/proxy/iiif/LLE-1923-06-27-a-p0001/1524,2668,680,63/full/0/default.jpg
proposèrent	O	O	O	O	O	O	_	_	_	_	_	_
,	O	O	O	O	O	O	_	_	_	_	_	_
défendirent	O	O	O	O	O	O	_	_	_	_	_	_
et	O	O	O	O	O	O	_	_	_	_	_	_
votèrent	O	O	O	O	O	O	_	_	_	_	_	_
un	O	O	O	O	O	O	_	_	EndOfLine	_	_	_
# segment_iiif_link = https://impresso-project.ch/api/proxy/iiif/LLE-1923-06-27-a-p0001/1522,2705,695,64/full/0/default.jpg
amendement	O	O	O	O	O	O	_	_	_	_	_	_
tendant	O	O	O	O	O	O	_	_	_	_	_	_
à	O	O	O	O	O	O	_	_	_	_	_	_
réduire	O	O	O	O	O	O	_	_	_	_	_	_
de	O	O	O	O	O	O	_	_	_	_	_	_
mille	O	O	O	O	O	O	_	_	_	_	_	_
francs	O	O	O	O	O	O	_	_	_	_	_	_
ces	O	O	O	O	O	O	_	_	EndOfLine	_	_	_
# segment_iiif_link = https://impresso-project.ch/api/proxy/iiif/LLE-1923-06-27-a-p0001/1522,2740,693,64/full/0/default.jpg
crédits	O	O	O	O	O	O	_	_	_	_	_	_
,	O	O	O	O	O	O	_	_	_	_	_	_
à	O	O	O	O	O	O	_	_	_	_	_	_
titre	O	O	O	O	O	O	_	_	_	_	_	_
indicatif	O	O	O	O	O	O	_	_	_	_	_	_
,	O	O	O	O	O	O	_	_	_	_	_	_
pour	O	O	O	O	O	O	_	_	_	_	_	_
protester	O	O	O	O	O	O	_	_	_	_	_	_
contre	O	O	O	O	O	O	_	_	EndOfLine	_	_	_
# segment_iiif_link = https://impresso-project.ch/api/proxy/iiif/LLE-1923-06-27-a-p0001/1524,2778,689,64/full/0/default.jpg
lo	O	O	O	O	O	O	_	_	_	_	_	_
maintien	O	O	O	O	O	O	_	_	_	_	_	_
de	O	O	O	O	O	O	_	_	_	_	_	_
lambassade	O	O	O	O	O	O	_	_	_	_	_	_
do	O	O	O	O	O	O	_	_	_	_	_	_
France	O	O	O	O	O	O	_	_	_	_	_	_
auprès	O	O	O	O	O	O	_	_	EndOfLine	_	_	_
# segment_iiif_link = https://impresso-project.ch/api/proxy/iiif/LLE-1923-06-27-a-p0001/1524,2815,691,64/full/0/default.jpg
du	O	O	O	O	O	O	_	_	_	_	_	_
Saint	O	O	O	O	O	O	_	_	NoSpaceAfter	_	_	_
-	O	O	O	O	O	O	_	_	NoSpaceAfter	_	_	_
Siège	O	O	O	O	O	O	_	_	_	_	_	_
.	O	O	O	O	O	O	_	_	_	EndOfSentence	_	_
Co	O	O	O	O	O	O	_	_	_	_	_	_
débat	O	O	O	O	O	O	_	_	_	_	_	_
fut	O	O	O	O	O	O	_	_	_	_	_	_
pour	O	O	O	O	O	O	_	_	_	_	_	_
M	O	O	O	O	O	O	_	_	_	_	_	_
.	O	O	O	O	O	O	_	_	_	EndOfSentence	_	_
Victor	O	O	O	O	O	O	_	_	EndOfLine	_	_	_
# segment_iiif_link = https://impresso-project.ch/api/proxy/iiif/LLE-1923-06-27-a-p0001/1522,2851,693,64/full/0/default.jpg
Béràrd	O	O	O	O	O	O	_	_	_	_	_	_
,	O	O	O	O	O	O	_	_	_	_	_	_
leur	O	O	O	O	O	O	_	_	_	_	_	_
porte	O	O	O	O	O	O	_	_	NoSpaceAfter	_	_	_
-	O	O	O	O	O	O	_	_	NoSpaceAfter	_	_	_
parole	O	O	O	O	O	O	_	_	_	_	_	_
,	O	O	O	O	O	O	_	_	_	_	_	_
loccasion	O	O	O	O	O	O	_	_	_	_	_	_
d	O	O	O	O	O	O	_	_	_	_	_	_
un	O	O	O	O	O	O	_	_	_	_	_	_
long	O	O	O	O	O	O	_	_	EndOfLine	_	_	_
# segment_iiif_link = https://impresso-project.ch/api/proxy/iiif/LLE-1923-06-27-a-p0001/1522,2886,693,64/full/0/default.jpg
discours	O	O	O	O	O	O	_	_	_	_	_	_
.	O	O	O	O	O	O	_	_	_	EndOfSentence	_	_
-	O	O	O	O	O	O	_	_	_	_	_	_
où	O	O	O	O	O	O	_	_	_	_	_	_
,	O	O	O	O	O	O	_	_	_	_	_	_
reprenant	O	O	O	O	O	O	_	_	_	_	_	_
dee	O	O	O	O	O	O	_	_	_	_	_	_
arguments	O	O	O	O	O	O	_	_	_	_	_	_
cent	O	O	O	O	O	O	_	_	EndOfLine	_	_	_
# segment_iiif_link = https://impresso-project.ch/api/proxy/iiif/LLE-1923-06-27-a-p0001/1524,2926,691,64/full/0/default.jpg
fois	O	O	O	O	O	O	_	_	_	_	_	_
réfutés	O	O	O	O	O	O	_	_	_	_	_	_
,	O	O	O	O	O	O	_	_	_	_	_	_
il	O	O	O	O	O	O	_	_	_	_	_	_
soutint	O	O	O	O	O	O	_	_	_	_	_	_
quo	O	O	O	O	O	O	_	_	_	_	_	_
lambassade	O	O	O	O	O	O	_	_	_	_	_	_
était	O	O	O	O	O	O	_	_	_	_	_	_
une	O	O	O	O	O	O	_	_	EndOfLine	_	_	_
# segment_iiif_link = https://impresso-project.ch/api/proxy/iiif/LLE-1923-06-27-a-p0001/1524,2959,693,64/full/0/default.jpg
source	O	O	O	O	O	O	_	_	_	_	_	_
do	O	O	O	O	O	O	_	_	_	_	_	_
division	O	O	O	O	O	O	_	_	_	_	_	_
parmi	O	O	O	O	O	O	_	_	_	_	_	_
les	O	O	O	O	O	O	_	_	_	_	_	_
français	O	O	O	O	O	O	_	_	_	_	_	_
et	O	O	O	O	O	O	_	_	_	_	_	_
que	O	O	O	O	O	O	_	_	_	_	_	_
.	O	O	O	O	O	O	_	_	EndOfLine	EndOfSentence	_	_
# segment_iiif_link = https://impresso-project.ch/api/proxy/iiif/LLE-1923-06-27-a-p0001/1524,2997,689,63/full/0/default.jpg
par	O	O	O	O	O	O	_	_	NoSpaceAfter	_	_	_
-	O	O	O	O	O	O	_	_	NoSpaceAfter	_	_	_
dessus	O	O	O	O	O	O	_	_	_	_	_	_
le	O	O	O	O	O	O	_	_	_	_	_	_
marché	O	O	O	O	O	O	_	_	_	_	_	_
,	O	O	O	O	O	O	_	_	_	_	_	_
depuis	O	O	O	O	O	O	_	_	_	_	_	_
qu	O	O	O	O	O	O	_	_	_	_	_	_
elle	O	O	O	O	O	O	_	_	_	_	_	_
avait	O	O	O	O	O	O	_	_	_	_	_	_
ét	O	O	O	O	O	O	_	_	_	_	_	_
<	O	O	O	O	O	O	_	_	_	_	_	_
j	O	O	O	O	O	O	_	_	EndOfLine	_	_	_
# segment_iiif_link = https://impresso-project.ch/api/proxy/iiif/LLE-1923-06-27-a-p0001/1526,3032,676,64/full/0/default.jpg
établie	O	O	O	O	O	O	_	_	_	_	_	_
,	O	O	O	O	O	O	_	_	_	_	_	_
loin	O	O	O	O	O	O	_	_	_	_	_	_
de	O	O	O	O	O	O	_	_	_	_	_	_
procurer	O	O	O	O	O	O	_	_	_	_	_	_
à	O	O	O	O	O	O	_	_	_	_	_	_
la	O	O	O	O	O	O	_	_	_	_	_	_
politique	O	O	O	O	O	O	_	_	_	_	_	_
fran	O	O	O	O	O	O	_	_	EndOfLine	_	_	_
# segment_iiif_link = https://impresso-project.ch/api/proxy/iiif/LLE-1923-06-27-a-p0001/1526,3072,578,63/full/0/default.jpg
çaise	O	O	O	O	O	O	_	_	_	_	_	_
des	O	O	O	O	O	O	_	_	_	_	_	_
avantages	O	O	O	O	O	O	_	_	_	_	_	_
,	O	O	O	O	O	O	_	_	_	_	_	_
elle	O	O	O	O	O	O	_	_	_	_	_	_
lui	O	O	O	O	O	O	_	_	_	_	_	_
avait	O	O	O	O	O	O	_	_	_	_	_	_
nui	O	O	O	O	O	O	_	_	_	_	_	_
.	O	O	O	O	O	O	_	_	EndOfLine	EndOfSentence	_	_
# segment_iiif_link = https://impresso-project.ch/api/proxy/iiif/LLE-1923-06-27-a-p0001/1553,3105,666,64/full/0/default.jpg
M	O	O	O	O	O	O	_	_	_	_	_	_
.	O	O	O	O	O	O	_	_	_	EndOfSentence	_	_
Poincaré	O	O	O	O	O	O	_	_	_	_	_	_
,	O	O	O	O	O	O	_	_	_	_	_	_
qui	O	O	O	O	O	O	_	_	_	_	_	_
,	O	O	O	O	O	O	_	_	_	_	_	_
décidément	O	O	O	O	O	O	_	_	_	_	_	_
,	O	O	O	O	O	O	_	_	_	_	_	_
a	O	O	O	O	O	O	_	_	_	_	_	_
pris	O	O	O	O	O	O	_	_	_	_	_	_
,	O	O	O	O	O	O	_	_	_	_	_	_
sur	O	O	O	O	O	O	_	_	_	_	_	_
les	O	O	O	O	O	O	_	_	EndOfLine	_	_	_
# segment_iiif_link = https://impresso-project.ch/api/proxy/iiif/LLE-1923-06-27-a-p0001/1524,3145,695,63/full/0/default.jpg
questions	O	O	O	O	O	O	_	_	_	_	_	_
religieuses	O	O	O	O	O	O	_	_	_	_	_	_
,	O	O	O	O	O	O	_	_	_	_	_	_
une	O	O	O	O	O	O	_	_	_	_	_	_
position	O	O	O	O	O	O	_	_	_	_	_	_
courageuso	O	O	O	O	O	O	_	_	EndOfLine	_	_	_
# segment_iiif_link = https://impresso-project.ch/api/proxy/iiif/LLE-1923-06-27-a-p0001/1524,3180,695,64/full/0/default.jpg
et	O	O	O	O	O	O	_	_	_	_	_	_
nette	O	O	O	O	O	O	_	_	_	_	_	_
de	O	O	O	O	O	O	_	_	_	_	_	_
tolérance	O	O	O	O	O	O	_	_	_	_	_	_
ct	O	O	O	O	O	O	_	_	_	_	_	_
de	O	O	O	O	O	O	_	_	_	_	_	_
bon	O	O	O	O	O	O	_	_	_	_	_	_
sens	O	O	O	O	O	O	_	_	_	_	_	_
,	O	O	O	O	O	O	_	_	_	_	_	_
dont	O	O	O	O	O	O	_	_	_	_	_	_
ou	O	O	O	O	O	O	_	_	EndOfLine	_	_	_
# segment_iiif_link = https://impresso-project.ch/api/proxy/iiif/LLE-1923-06-27-a-p0001/1524,3218,684,63/full/0/default.jpg
espère	O	O	O	O	O	O	_	_	_	_	_	_
bien	O	O	O	O	O	O	_	_	_	_	_	_
quil	O	O	O	O	O	O	_	_	_	_	_	_
no	O	O	O	O	O	O	_	_	_	_	_	_
so	O	O	O	O	O	O	_	_	_	_	_	_
départira	O	O	O	O	O	O	_	_	_	_	_	_
plus	O	O	O	O	O	O	_	_	_	_	_	_
,	O	O	O	O	O	O	_	_	_	_	_	_
a	O	O	O	O	O	O	_	_	EndOfLine	_	_	_
# segment_iiif_link = https://impresso-project.ch/api/proxy/iiif/LLE-1923-06-27-a-p0001/1526,3253,691,64/full/0/default.jpg
répondu	O	O	O	O	O	O	_	_	_	_	_	_
,	O	O	O	O	O	O	_	_	_	_	_	_
.	O	O	O	O	O	O	_	_	_	EndOfSentence	_	_
avec	O	O	O	O	O	O	_	_	_	_	_	_
bonne	O	O	O	O	O	O	_	_	_	_	_	_
humeur	O	O	O	O	O	O	_	_	_	_	_	_
,	O	O	O	O	O	O	_	_	_	_	_	_
à	O	O	O	O	O	O	_	_	_	_	_	_
M	O	O	O	O	O	O	_	_	_	_	_	_
.	O	O	O	O	O	O	_	_	_	EndOfSentence	_	_
Bérard	O	O	O	O	O	O	_	_	_	_	_	_
pour	O	O	O	O	O	O	_	_	EndOfLine	_	_	_
# segment_iiif_link = https://impresso-project.ch/api/proxy/iiif/LLE-1923-06-27-a-p0001/1524,3290,693,64/full/0/default.jpg
lui	O	O	O	O	O	O	_	_	_	_	_	_
montrer	O	O	O	O	O	O	_	_	_	_	_	_
,	O	O	O	O	O	O	_	_	_	_	_	_
par	O	O	O	O	O	O	_	_	_	_	_	_
des	O	O	O	O	O	O	_	_	_	_	_	_
faits	O	O	O	O	O	O	_	_	_	_	_	_
,	O	O	O	O	O	O	_	_	_	_	_	_
quil	O	O	O	O	O	O	_	_	_	_	_	_
se	O	O	O	O	O	O	_	_	_	_	_	_
trompait	O	O	O	O	O	O	_	_	EndOfLine	_	_	_
# segment_iiif_link = https://impresso-project.ch/api/proxy/iiif/LLE-1923-06-27-a-p0001/1526,3328,693,64/full/0/default.jpg
lourdement	O	O	O	O	O	O	_	_	_	_	_	_
,	O	O	O	O	O	O	_	_	_	_	_	_
lï	O	O	O	O	O	O	_	_	_	_	_	_
a	O	O	O	O	O	O	_	_	_	_	_	_
tenu	O	O	O	O	O	O	_	_	_	_	_	_
à	O	O	O	O	O	O	_	_	_	_	_	_
faire	O	O	O	O	O	O	_	_	_	_	_	_
remarquer	O	O	O	O	O	O	_	_	_	_	_	_
à	O	O	O	O	O	O	_	_	_	_	_	_
son	O	O	O	O	O	O	_	_	EndOfLine	_	_	_
# segment_iiif_link = https://impresso-project.ch/api/proxy/iiif/LLE-1923-06-27-a-p0001/1528,3363,678,64/full/0/default.jpg
contradicteur	O	O	O	O	O	O	_	_	_	_	_	_
que	O	O	O	O	O	O	_	_	_	_	_	_
son	O	O	O	O	O	O	_	_	_	_	_	_
gouvernement	O	O	O	O	O	O	_	_	_	_	_	_
,	O	O	O	O	O	O	_	_	_	_	_	_
en	O	O	O	O	O	O	_	_	EndOfLine	_	_	_
# segment_iiif_link = https://impresso-project.ch/api/proxy/iiif/LLE-1923-06-27-a-p0001/1526,3401,695,64/full/0/default.jpg
traitant	O	O	O	O	O	O	_	_	_	_	_	_
avec	O	O	O	O	O	O	_	_	_	_	_	_
Rome	O	O	O	O	O	O	_	_	_	_	_	_
,	O	O	O	O	O	O	_	_	_	_	_	_
n	O	O	O	O	O	O	_	_	_	_	_	_
avait	O	O	O	O	O	O	_	_	_	_	_	_
rien	O	O	O	O	O	O	_	_	_	_	_	_
abandonné	O	O	O	O	O	O	_	_	_	_	_	_
do	O	O	O	O	O	O	_	_	_	_	_	_
la	O	O	O	O	O	O	_	_	EndOfLine	_	_	_
# segment_iiif_link = https://impresso-project.ch/api/proxy/iiif/LLE-1923-06-27-a-p0001/1528,3436,682,64/full/0/default.jpg
législation	O	O	O	O	O	O	_	_	_	_	_	_
française	O	O	O	O	O	O	_	_	_	_	_	_
existante	O	O	O	O	O	O	_	_	_	_	_	_
et	O	O	O	O	O	O	_	_	_	_	_	_
quil	O	O	O	O	O	O	_	_	_	_	_	_
demeu	O	O	O	O	O	O	_	_	EndOfLine	_	_	_
# segment_iiif_link = https://impresso-project.ch/api/proxy/iiif/LLE-1923-06-27-a-p0001/1530,3474,689,64/full/0/default.jpg
rait	O	O	O	O	O	O	_	_	_	_	_	_
dans	O	O	O	O	O	O	_	_	_	_	_	_
son	O	O	O	O	O	O	_	_	_	_	_	_
esprit	O	O	O	O	O	O	_	_	_	_	_	_
véritable	O	O	O	O	O	O	_	_	_	_	_	_
en	O	O	O	O	O	O	_	_	_	_	_	_
1	O	O	O	O	O	O	_	_	_	_	_	_
appliquant	O	O	O	O	O	O	_	_	EndOfLine	_	_	_
# segment_iiif_link = https://impresso-project.ch/api/proxy/iiif/LLE-1923-06-27-a-p0001/1530,3511,691,64/full/0/default.jpg
dans	O	O	O	O	O	O	_	_	_	_	_	_
lo	O	O	O	O	O	O	_	_	_	_	_	_
sens	O	O	O	O	O	O	_	_	_	_	_	_
mémo	O	O	O	O	O	O	_	_	_	_	_	_
que	O	O	O	O	O	O	_	_	_	_	_	_
ceux	O	O	O	O	O	O	_	_	_	_	_	_
do	O	O	O	O	O	O	_	_	_	_	_	_
scs	O	O	O	O	O	O	_	_	_	_	_	_
auteurs	O	O	O	O	O	O	_	_	EndOfLine	_	_	_
# segment_iiif_link = https://impresso-project.ch/api/proxy/iiif/LLE-1923-06-27-a-p0001/1530,3545,683,63/full/0/default.jpg
qui	O	O	O	O	O	O	_	_	_	_	_	_
nétaient	O	O	O	O	O	O	_	_	_	_	_	_
pas	O	O	O	O	O	O	_	_	_	_	_	_
aveuglés	O	O	O	O	O	O	_	_	_	_	_	_
par	O	O	O	O	O	O	_	_	_	_	_	_
le	O	O	O	O	O	O	_	_	_	_	_	_
parti	O	O	O	O	O	O	_	_	NoSpaceAfter	_	_	_
-	O	O	O	O	O	O	_	_	NoSpaceAfter	_	_	_
pris	O	O	O	O	O	O	_	_	EndOfLine	_	_	_
# segment_iiif_link = https://impresso-project.ch/api/proxy/iiif/LLE-1923-06-27-a-p0001/1530,3582,697,64/full/0/default.jpg
anticlérical	O	O	O	O	O	O	_	_	_	_	_	_
avaient	O	O	O	O	O	O	_	_	_	_	_	_
voulu	O	O	O	O	O	O	_	_	_	_	_	_
lui	O	O	O	O	O	O	_	_	_	_	_	_
donner	O	O	O	O	O	O	_	_	_	_	_	_
.	O	O	O	O	O	O	_	_	_	EndOfSentence	_	_
Il	O	O	O	O	O	O	_	_	_	_	_	_
a	O	O	O	O	O	O	_	_	_	_	_	_
distingué	O	O	O	O	O	O	_	_	_	_	_	_
,	O	O	O	O	O	O	_	_	EndOfLine	_	_	_
# segment_iiif_link = https://impresso-project.ch/api/proxy/iiif/LLE-1923-06-27-a-p0001/1530,3618,695,63/full/0/default.jpg
avec	O	O	O	O	O	O	_	_	_	_	_	_
raison	O	O	O	O	O	O	_	_	_	_	_	_
,	O	O	O	O	O	O	_	_	_	_	_	_
la	O	O	O	O	O	O	_	_	_	_	_	_
question	O	O	O	O	O	O	_	_	_	_	_	_
de	O	O	O	O	O	O	_	_	_	_	_	_
lambassade	O	O	O	O	O	O	_	_	_	_	_	_
do	O	O	O	O	O	O	_	_	_	_	_	_
celle	O	O	O	O	O	O	_	_	EndOfLine	_	_	_
# segment_iiif_link = https://impresso-project.ch/api/proxy/iiif/LLE-1923-06-27-a-p0001/1530,3655,685,64/full/0/default.jpg
de	O	O	O	O	O	O	_	_	_	_	_	_
la	O	O	O	O	O	O	_	_	_	_	_	_
Séparation	O	O	O	O	O	O	_	_	_	_	_	_
.	O	O	O	O	O	O	_	_	_	EndOfSentence	_	_
Ce	O	O	O	O	O	O	_	_	_	_	_	_
sont	O	O	O	O	O	O	_	_	_	_	_	_
les	O	O	O	O	O	O	_	_	_	_	_	_
Circonstances	O	O	O	O	O	O	_	_	EndOfLine	_	_	_
# segment_iiif_link = https://impresso-project.ch/api/proxy/iiif/LLE-1923-06-27-a-p0001/1530,3693,685,63/full/0/default.jpg
seules	O	O	O	O	O	O	_	_	_	_	_	_
qui	O	O	O	O	O	O	_	_	_	_	_	_
les	O	O	O	O	O	O	_	_	_	_	_	_
ont	O	O	O	O	O	O	_	_	_	_	_	_
liéos	O	O	O	O	O	O	_	_	_	_	_	_
et	O	O	O	O	O	O	_	_	_	_	_	_
lon	O	O	O	O	O	O	_	_	_	_	_	_
peut	O	O	O	O	O	O	_	_	_	_	_	_
très	O	O	O	O	O	O	_	_	_	_	_	_
bien	O	O	O	O	O	O	_	_	EndOfLine	_	_	_
# segment_iiif_link = https://impresso-project.ch/api/proxy/iiif/LLE-1923-06-27-a-p0001/1530,3730,697,64/full/0/default.jpg
admettre	O	O	O	O	O	O	_	_	_	_	_	_
la	O	O	O	O	O	O	_	_	_	_	_	_
Séparation	O	O	O	O	O	O	_	_	_	_	_	_
,	O	O	O	O	O	O	_	_	_	_	_	_
telle	O	O	O	O	O	O	_	_	_	_	_	_
qu	O	O	O	O	O	O	_	_	_	_	_	_
elle	O	O	O	O	O	O	_	_	_	_	_	_
a	O	O	O	O	O	O	_	_	_	_	_	_
été	O	O	O	O	O	O	_	_	_	_	_	_
faite	O	O	O	O	O	O	_	_	_	_	_	_
,	O	O	O	O	O	O	_	_	EndOfLine	_	_	_
# segment_iiif_link = https://impresso-project.ch/api/proxy/iiif/LLE-1923-06-27-a-p0001/1530,3765,685,64/full/0/default.jpg
sans	O	O	O	O	O	O	_	_	_	_	_	_
en	O	O	O	O	O	O	_	_	_	_	_	_
,	O	O	O	O	O	O	_	_	_	_	_	_
conclure	O	O	O	O	O	O	_	_	_	_	_	_
qu	O	O	O	O	O	O	_	_	_	_	_	_
elle	O	O	O	O	O	O	_	_	_	_	_	_
implique	O	O	O	O	O	O	_	_	_	_	_	_
,	O	O	O	O	O	O	_	_	_	_	_	_
pour	O	O	O	O	O	O	_	_	_	_	_	_
le	O	O	O	O	O	O	_	_	EndOfLine	_	_	_
# segment_iiif_link = https://impresso-project.ch/api/proxy/iiif/LLE-1923-06-27-a-p0001/1532,3801,683,64/full/0/default.jpg
gouvernement	O	O	O	O	O	O	_	_	_	_	_	_
français	O	O	O	O	O	O	_	_	_	_	_	_
,	O	O	O	O	O	O	_	_	_	_	_	_
l	O	O	O	O	O	O	_	_	_	_	_	_
absence	O	O	O	O	O	O	_	_	_	_	_	_
do	O	O	O	O	O	O	_	_	_	_	_	_
relations	O	O	O	O	O	O	_	_	EndOfLine	_	_	_
# segment_iiif_link = https://impresso-project.ch/api/proxy/iiif/LLE-1923-06-27-a-p0001/1532,3838,683,64/full/0/default.jpg
diplomatiques	O	O	O	O	O	O	_	_	_	_	_	_
avec	O	O	O	O	O	O	_	_	_	_	_	_
le	O	O	O	O	O	O	_	_	_	_	_	_
Saint	O	O	O	O	O	O	_	_	NoSpaceAfter	_	_	_
-	O	O	O	O	O	O	_	_	NoSpaceAfter	_	_	_
Siège	O	O	O	O	O	O	_	_	_	_	_	_
.	O	O	O	O	O	O	_	_	_	EndOfSentence	_	_
11	O	O	O	O	O	O	_	_	_	_	_	_
a	O	O	O	O	O	O	_	_	_	_	_	_
lu	O	O	O	O	O	O	_	_	_	_	_	_
eu	O	O	O	O	O	O	_	_	EndOfLine	_	_	_
# segment_iiif_link = https://impresso-project.ch/api/proxy/iiif/LLE-1923-06-27-a-p0001/1532,3874,695,64/full/0/default.jpg
suite	O	O	O	O	O	O	_	_	_	_	_	_
,	O	O	O	O	O	O	_	_	_	_	_	_
à	O	O	O	O	O	O	_	_	_	_	_	_
la	O	O	O	O	O	O	_	_	_	_	_	_
tribune	O	O	O	O	O	O	_	_	_	_	_	_
,	O	O	O	O	O	O	_	_	_	_	_	_
la	O	O	O	O	O	O	_	_	_	_	_	_
correspondance	O	O	O	O	O	O	_	_	_	_	_	_
échangée	O	O	O	O	O	O	_	_	EndOfLine	_	_	_
# segment_iiif_link = https://impresso-project.ch/api/proxy/iiif/LLE-1923-06-27-a-p0001/1532,3911,693,64/full/0/default.jpg
entre	O	O	O	O	O	O	_	_	_	_	_	_
lo	O	O	O	O	O	O	_	_	_	_	_	_
Nonce	O	O	O	O	O	O	_	_	_	_	_	_
apostolique	O	O	O	O	O	O	_	_	_	_	_	_
à	O	O	O	O	O	O	_	_	_	_	_	_
Paris	O	O	O	O	O	O	_	_	_	_	_	_
et	O	O	O	O	O	O	_	_	_	_	_	_
lui	O	O	O	O	O	O	_	_	_	_	_	_
,	O	O	O	O	O	O	_	_	_	_	_	_
au	O	O	O	O	O	O	_	_	EndOfLine	_	_	_
# segment_iiif_link = https://impresso-project.ch/api/proxy/iiif/LLE-1923-06-27-a-p0001/1534,3949,695,64/full/0/default.jpg
sujet	O	O	O	O	O	O	_	_	_	_	_	_
du	O	O	O	O	O	O	_	_	_	_	_	_
statut	O	O	O	O	O	O	_	_	_	_	_	_
légal	O	O	O	O	O	O	_	_	_	_	_	_
de	O	O	O	O	O	O	_	_	_	_	_	_
lEglise	O	O	O	O	O	O	_	_	_	_	_	_
,	O	O	O	O	O	O	_	_	_	_	_	_
en	O	O	O	O	O	O	_	_	_	_	_	_
France	O	O	O	O	O	O	_	_	_	_	_	_
.	O	O	O	O	O	O	_	_	EndOfLine	EndOfSentence	_	_
# segment_iiif_link = https://impresso-project.ch/api/proxy/iiif/LLE-1923-06-27-a-p0001/1532,3984,685,64/full/0/default.jpg
Rome	O	O	O	O	O	O	_	_	_	_	_	_
a	O	O	O	O	O	O	_	_	_	_	_	_
fait	O	O	O	O	O	O	_	_	_	_	_	_
présenter	O	O	O	O	O	O	_	_	_	_	_	_
au	O	O	O	O	O	O	_	_	_	_	_	_
gouvernement	O	O	O	O	O	O	_	_	EndOfLine	_	_	_
# segment_iiif_link = https://impresso-project.ch/api/proxy/iiif/LLE-1923-06-27-a-p0001/1536,4020,691,63/full/0/default.jpg
français	O	O	O	O	O	O	_	_	_	_	_	_
un	O	O	O	O	O	O	_	_	_	_	_	_
projet	O	O	O	O	O	O	_	_	_	_	_	_
dassociations	O	O	O	O	O	O	_	_	_	_	_	_
paroissiales	O	O	O	O	O	O	_	_	_	_	_	_
et	O	O	O	O	O	O	_	_	EndOfLine	_	_	_
# segment_iiif_link = https://impresso-project.ch/api/proxy/iiif/LLE-1923-06-27-a-p0001/1534,4057,689,64/full/0/default.jpg
diocésaines	O	O	O	O	O	O	_	_	_	_	_	_
.	O	O	O	O	O	O	_	_	_	EndOfSentence	_	_
Ce	O	O	O	O	O	O	_	_	_	_	_	_
dernier	O	O	O	O	O	O	_	_	_	_	_	_
la	O	O	O	O	O	O	_	_	_	_	_	_
fait	O	O	O	O	O	O	_	_	_	_	_	_
examiner	O	O	O	O	O	O	_	_	_	_	_	_
par	O	O	O	O	O	O	_	_	EndOfLine	_	_	_
# segment_iiif_link = https://impresso-project.ch/api/proxy/iiif/LLE-1923-06-27-a-p0001/1534,4093,681,63/full/0/default.jpg
trois	O	O	O	O	O	O	_	_	_	_	_	_
juristes	O	O	O	O	O	O	_	_	_	_	_	_
duno	O	O	O	O	O	O	_	_	_	_	_	_
compétence	O	O	O	O	O	O	_	_	_	_	_	_
et	O	O	O	O	O	O	_	_	_	_	_	_
d	O	O	O	O	O	O	_	_	_	_	_	_
une	O	O	O	O	O	O	_	_	EndOfLine	_	_	_
# segment_iiif_link = https://impresso-project.ch/api/proxy/iiif/LLE-1923-06-27-a-p0001/1536,4130,681,64/full/0/default.jpg
impartialité	O	O	O	O	O	O	_	_	_	_	_	_
reconnues	O	O	O	O	O	O	_	_	_	_	_	_
et	O	O	O	O	O	O	_	_	_	_	_	_
ceux	O	O	O	O	O	O	_	_	NoSpaceAfter	_	_	_
-	O	O	O	O	O	O	_	_	NoSpaceAfter	_	_	_
ci	O	O	O	O	O	O	_	_	_	_	_	_
l	O	O	O	O	O	O	_	_	_	_	_	_
ont	O	O	O	O	O	O	_	_	_	_	_	_
déclaré	O	O	O	O	O	O	_	_	EndOfLine	_	_	_
# segment_iiif_link = https://impresso-project.ch/api/proxy/iiif/LLE-1923-06-27-a-p0001/1534,4168,691,63/full/0/default.jpg
parfaitement	O	O	O	O	O	O	_	_	_	_	_	_
compatible	O	O	O	O	O	O	_	_	_	_	_	_
avec	O	O	O	O	O	O	_	_	_	_	_	_
les	O	O	O	O	O	O	_	_	_	_	_	_
lois	O	O	O	O	O	O	_	_	_	_	_	_
do	O	O	O	O	O	O	_	_	_	_	_	_
1905	O	O	O	O	O	O	_	_	_	_	_	_
et	O	O	O	O	O	O	_	_	EndOfLine	_	_	_
# segment_iiif_link = https://impresso-project.ch/api/proxy/iiif/LLE-1923-06-27-a-p0001/1534,4201,689,64/full/0/default.jpg
cle	O	O	O	O	O	O	_	_	_	_	_	_
1	O	O	O	O	O	O	_	_	_	_	_	_
S	O	O	O	O	O	O	_	_	_	_	_	_
107	O	O	O	O	O	O	_	_	_	_	_	_
.	O	O	O	O	O	O	_	_	_	EndOfSentence	_	_
sur	O	O	O	O	O	O	_	_	_	_	_	_
lorganisation	O	O	O	O	O	O	_	_	_	_	_	_
générale	O	O	O	O	O	O	_	_	_	_	_	_
des	O	O	O	O	O	O	_	_	_	_	_	_
cultes	O	O	O	O	O	O	_	_	EndOfLine	_	_	_
# segment_iiif_link = https://impresso-project.ch/api/proxy/iiif/LLE-1923-06-27-a-p0001/1534,4240,683,64/full/0/default.jpg
Dès	O	O	O	O	O	O	_	_	_	_	_	_
lors	O	O	O	O	O	O	_	_	_	_	_	_
,	O	O	O	O	O	O	_	_	_	_	_	_
de	O	O	O	O	O	O	_	_	_	_	_	_
quelles	O	O	O	O	O	O	_	_	_	_	_	_
concessions	O	O	O	O	O	O	_	_	_	_	_	_
vient	O	O	O	O	O	O	_	_	_	_	_	_
so	O	O	O	O	O	O	_	_	_	_	_	_
plain	O	O	O	O	O	O	_	_	EndOfLine	_	_	_
# segment_iiif_link = https://impresso-project.ch/api/proxy/iiif/LLE-1923-06-27-a-p0001/1534,4274,687,64/full/0/default.jpg
dre	O	O	O	O	O	O	_	_	_	_	_	_
•	O	O	O	O	O	O	_	_	_	_	_	_
xl	O	O	O	O	O	O	_	_	_	_	_	_
.	O	O	O	O	O	O	_	_	_	EndOfSentence	_	_
-	O	O	O	O	O	O	_	_	NoSpaceAfter	_	_	_
liera	O	O	O	O	O	O	_	_	_	_	_	_
rd	O	O	O	O	O	O	_	_	_	_	_	_
et	O	O	O	O	O	O	_	_	_	_	_	_
qno	O	O	O	O	O	O	_	_	_	_	_	_
signifient	O	O	O	O	O	O	_	_	_	_	_	_
ees	O	O	O	O	O	O	_	_	EndOfLine	_	_	_
# segment_iiif_link = https://impresso-project.ch/api/proxy/iiif/LLE-1923-06-27-a-p0001/1536,4311,96,64/full/0/default.jpg
récriminations	O	O	O	O	O	O	_	_	_	_	_	_
?	O	O	O	O	O	O	_	_	EndOfLine	EndOfSentence	_	_
# segment_iiif_link = https://impresso-project.ch/api/proxy/iiif/LLE-1923-06-27-a-p0001/1565,4349,670,64/full/0/default.jpg
.	O	O	O	O	O	O	_	_	_	EndOfSentence	_	_
Mais	O	O	O	O	O	O	_	_	_	_	_	_
Io	O	O	O	O	O	O	_	_	_	_	_	_
parti	O	O	O	O	O	O	_	_	_	_	_	_
radical	O	O	O	O	O	O	_	_	_	_	_	_
no	O	O	O	O	O	O	_	_	_	_	_	_
sest	O	O	O	O	O	O	_	_	_	_	_	_
point	O	O	O	O	O	O	_	_	_	_	_	_
borné	O	O	O	O	O	O	_	_	_	_	_	_
à	O	O	O	O	O	O	_	_	EndOfLine	_	_	_
# segment_iiif_link = https://impresso-project.ch/api/proxy/iiif/LLE-1923-06-27-a-p0001/1534,4384,699,64/full/0/default.jpg
soulever	O	O	O	O	O	O	_	_	_	_	_	_
cette	O	O	O	O	O	O	_	_	_	_	_	_
oiseuse	O	O	O	O	O	O	_	_	_	_	_	_
discussion	O	O	O	O	O	O	_	_	_	_	_	_
.	O	O	O	O	O	O	_	_	_	EndOfSentence	_	_
Son	O	O	O	O	O	O	_	_	_	_	_	_
comité	O	O	O	O	O	O	_	_	EndOfLine	_	_	_
# segment_iiif_link = https://impresso-project.ch/api/proxy/iiif/LLE-1923-06-27-a-p0001/1538,4422,687,63/full/0/default.jpg
exécutif	O	O	O	O	O	O	_	_	_	_	_	_
sest	O	O	O	O	O	O	_	_	_	_	_	_
,	O	O	O	O	O	O	_	_	_	_	_	_
réuni	O	O	O	O	O	O	_	_	_	_	_	_
le	O	O	O	O	O	O	_	_	_	_	_	_
20	O	O	O	O	O	O	_	_	_	_	_	_
juin	O	O	O	O	O	O	_	_	_	_	_	_
pour	O	O	O	O	O	O	_	_	_	_	_	_
porter	O	O	O	O	O	O	_	_	_	_	_	_
l	O	O	O	O	O	O	_	_	EndOfLine	_	_	_
# segment_iiif_link = https://impresso-project.ch/api/proxy/iiif/LLE-1923-06-27-a-p0001/1538,4459,695,64/full/0/default.jpg
exclusive	O	O	O	O	O	O	_	_	_	_	_	_
contre	O	O	O	O	O	O	_	_	_	_	_	_
les	O	O	O	O	O	O	_	_	_	_	_	_
trois	O	O	O	O	O	O	_	_	_	_	_	_
membres	O	O	O	O	O	O	_	_	_	_	_	_
du	O	O	O	O	O	O	_	_	_	_	_	_
cabinet	O	O	O	O	O	O	_	_	EndOfLine	_	_	_
# segment_iiif_link = https://impresso-project.ch/api/proxy/iiif/LLE-1923-06-27-a-p0001/1538,4495,697,63/full/0/default.jpg
Poincaré	O	O	O	O	O	O	_	_	_	_	_	_
qui	O	O	O	O	O	O	_	_	_	_	_	_
continuent	O	O	O	O	O	O	_	_	_	_	_	_
à	O	O	O	O	O	O	_	_	_	_	_	_
lui	O	O	O	O	O	O	_	_	_	_	_	_
appartenir	O	O	O	O	O	O	_	_	_	_	_	_
et	O	O	O	O	O	O	_	_	_	_	_	_
sont	O	O	O	O	O	O	_	_	EndOfLine	_	_	_
# segment_iiif_link = https://impresso-project.ch/api/proxy/iiif/LLE-1923-06-27-a-p0001/1538,4532,685,64/full/0/default.jpg
en	O	O	O	O	O	O	_	_	_	_	_	_
mémo	O	O	O	O	O	O	_	_	_	_	_	_
temps	O	O	O	O	O	O	_	_	_	_	_	_
inscrits	O	O	O	O	O	O	_	_	_	_	_	_
aux	O	O	O	O	O	O	_	_	_	_	_	_
groupes	O	O	O	O	O	O	_	_	EndOfLine	_	_	_
# segment_iiif_link = https://impresso-project.ch/api/proxy/iiif/LLE-1923-06-27-a-p0001/1538,4570,695,63/full/0/default.jpg
radicauxsocialistes	O	O	O	O	O	O	_	_	_	_	_	_
do	O	O	O	O	O	O	_	_	_	_	_	_
la	O	O	O	O	O	O	_	_	_	_	_	_
Chambro	O	O	O	O	O	O	_	_	_	_	_	_
et	O	O	O	O	O	O	_	_	_	_	_	_
du	O	O	O	O	O	O	_	_	_	_	_	_
Sénat	O	O	O	O	O	O	_	_	_	_	_	_
.	O	O	O	O	O	O	_	_	_	EndOfSentence	_	_
Ce	O	O	O	O	O	O	_	_	_	_	_	_
sont	O	O	O	O	O	O	_	_	EndOfLine	_	_	_
# segment_iiif_link = https://impresso-project.ch/api/proxy/iiif/LLE-1923-06-27-a-p0001/1542,4605,698,64/full/0/default.jpg
M	O	O	O	O	O	O	_	_	_	_	_	_
.	O	O	O	O	O	O	_	_	_	EndOfSentence	_	_
Sarraut	O	O	O	O	O	O	_	_	_	_	_	_
,	O	O	O	O	O	O	_	_	_	_	_	_
ministro	O	O	O	O	O	O	_	_	_	_	_	_
des	O	O	O	O	O	O	_	_	_	_	_	_
colonies	O	O	O	O	O	O	_	_	_	_	_	_
,	O	O	O	O	O	O	_	_	_	_	_	_
M	O	O	O	O	O	O	_	_	_	_	_	_
.	O	O	O	O	O	O	_	_	_	EndOfSentence	_	_
Strauss	O	O	O	O	O	O	_	_	_	_	_	_
,	O	O	O	O	O	O	_	_	EndOfLine	_	_	_
# segment_iiif_link = https://impresso-project.ch/api/proxy/iiif/LLE-1923-06-27-a-p0001/1542,4643,696,63/full/0/default.jpg
qui	O	O	O	O	O	O	_	_	_	_	_	_
détient	O	O	O	O	O	O	_	_	_	_	_	_
le	O	O	O	O	O	O	_	_	_	_	_	_
portefeuille	O	O	O	O	O	O	_	_	_	_	_	_
do	O	O	O	O	O	O	_	_	_	_	_	_
lhygiène	O	O	O	O	O	O	_	_	_	_	_	_
,	O	O	O	O	O	O	_	_	_	_	_	_
et	O	O	O	O	O	O	_	_	EndOfLine	_	_	_
# segment_iiif_link = https://impresso-project.ch/api/proxy/iiif/LLE-1923-06-27-a-p0001/1542,4678,696,66/full/0/default.jpg
M	O	O	O	O	O	O	_	_	_	_	_	_
.	O	O	O	O	O	O	_	_	_	EndOfSentence	_	_
Paul	O	O	O	O	O	O	_	_	_	_	_	_
Laîfont	O	O	O	O	O	O	_	_	_	_	_	_
,	O	O	O	O	O	O	_	_	_	_	_	_
qui	O	O	O	O	O	O	_	_	_	_	_	_
est	O	O	O	O	O	O	_	_	_	_	_	_
sous	O	O	O	O	O	O	_	_	NoSpaceAfter	_	_	_
-	O	O	O	O	O	O	_	_	NoSpaceAfter	_	_	_
secrétaire	O	O	O	O	O	O	_	_	_	_	_	_
dEtat	O	O	O	O	O	O	_	_	EndOfLine	_	_	_
# segment_iiif_link = https://impresso-project.ch/api/proxy/iiif/LLE-1923-06-27-a-p0001/1542,4715,696,66/full/0/default.jpg
aux	O	O	O	O	O	O	_	_	_	_	_	_
postes	O	O	O	O	O	O	_	_	_	_	_	_
et	O	O	O	O	O	O	_	_	_	_	_	_
télégraphes	O	O	O	O	O	O	_	_	_	_	_	_
.	O	O	O	O	O	O	_	_	_	EndOfSentence	_	_
L	O	O	O	O	O	O	_	_	_	_	_	_
ostracisme	O	O	O	O	O	O	_	_	_	_	_	_
lancé	O	O	O	O	O	O	_	_	EndOfLine	_	_	_
# segment_iiif_link = https://impresso-project.ch/api/proxy/iiif/LLE-1923-06-27-a-p0001/1544,4753,683,64/full/0/default.jpg
contre	O	O	O	O	O	O	_	_	_	_	_	_
eux	O	O	O	O	O	O	_	_	_	_	_	_
par	O	O	O	O	O	O	_	_	_	_	_	_
ceux	O	O	O	O	O	O	_	_	_	_	_	_
quo	O	O	O	O	O	O	_	_	_	_	_	_
le	O	O	O	O	O	O	_	_	_	_	_	_
Temps	O	O	O	O	O	O	_	_	_	_	_	_
appelle	O	O	O	O	O	O	_	_	EndOfLine	_	_	_
# segment_iiif_link = https://impresso-project.ch/api/proxy/iiif/LLE-1923-06-27-a-p0001/1544,4788,696,64/full/0/default.jpg
ironiquement	O	O	O	O	O	O	_	_	_	_	_	_
les	O	O	O	O	O	O	_	_	_	_	_	_
«	O	O	O	O	O	O	_	_	_	_	_	_
croquemitaines	O	O	O	O	O	O	_	_	_	_	_	_
»	O	O	O	O	O	O	_	_	_	_	_	_
n	O	O	O	O	O	O	_	_	_	_	_	_
a	O	O	O	O	O	O	_	_	_	_	_	_
point	O	O	O	O	O	O	_	_	_	_	_	_
ému	O	O	O	O	O	O	_	_	EndOfLine	_	_	_
# segment_iiif_link = https://impresso-project.ch/api/proxy/iiif/LLE-1923-06-27-a-p0001/1544,4826,698,64/full/0/default.jpg
les	O	O	O	O	O	O	_	_	_	_	_	_
ministres	O	O	O	O	O	O	_	_	_	_	_	_
qui	O	O	O	O	O	O	_	_	_	_	_	_
en	O	O	O	O	O	O	_	_	_	_	_	_
sont	O	O	O	O	O	O	_	_	_	_	_	_
l	O	O	O	O	O	O	_	_	_	_	_	_
objet	O	O	O	O	O	O	_	_	_	_	_	_
.	O	O	O	O	O	O	_	_	_	EndOfSentence	_	_
Tous	O	O	O	O	O	O	_	_	_	_	_	_
trois	O	O	O	O	O	O	_	_	_	_	_	_
se	O	O	O	O	O	O	_	_	EndOfLine	_	_	_
# segment_iiif_link = https://impresso-project.ch/api/proxy/iiif/LLE-1923-06-27-a-p0001/1544,4863,687,64/full/0/default.jpg
sont	O	O	O	O	O	O	_	_	_	_	_	_
déclarés	O	O	O	O	O	O	_	_	_	_	_	_
fiers	O	O	O	O	O	O	_	_	_	_	_	_
de	O	O	O	O	O	O	_	_	_	_	_	_
collaborer	O	O	O	O	O	O	_	_	_	_	_	_
avec	O	O	O	O	O	O	_	_	_	_	_	_
M	O	O	O	O	O	O	_	_	_	_	_	_
.	O	O	O	O	O	O	_	_	EndOfLine	EndOfSentence	_	_
# segment_iiif_link = https://impresso-project.ch/api/proxy/iiif/LLE-1923-06-27-a-p0001/1546,4899,687,64/full/0/default.jpg
Poincaré	O	O	O	O	O	O	_	_	_	_	_	_
et	O	O	O	O	O	O	_	_	_	_	_	_
.	O	O	O	O	O	O	_	_	_	EndOfSentence	_	_
ont	O	O	O	O	O	O	_	_	_	_	_	_
décidé	O	O	O	O	O	O	_	_	_	_	_	_
de	O	O	O	O	O	O	_	_	_	_	_	_
lui	O	O	O	O	O	O	_	_	_	_	_	_
conserver	O	O	O	O	O	O	_	_	_	_	_	_
leur	O	O	O	O	O	O	_	_	EndOfLine	_	_	_
# segment_iiif_link = https://impresso-project.ch/api/proxy/iiif/LLE-1923-06-27-a-p0001/1549,4936,83,64/full/0/default.jpg
concours	O	O	O	O	O	O	_	_	_	_	_	_
.	O	O	O	O	O	O	_	_	EndOfLine	EndOfSentence	_	_
# segment_iiif_link = https://impresso-project.ch/api/proxy/iiif/LLE-1923-06-27-a-p0001/1576,4976,670,64/full/0/default.jpg
En	O	O	O	O	O	O	_	_	_	_	_	_
commentant	O	O	O	O	O	O	_	_	_	_	_	_
,	O	O	O	O	O	O	_	_	_	_	_	_
le	O	O	O	O	O	O	_	_	_	_	_	_
22	O	O	O	O	O	O	_	_	_	_	_	_
juin	O	O	O	O	O	O	_	_	_	_	_	_
,	O	O	O	O	O	O	_	_	_	_	_	_
cet	O	O	O	O	O	O	_	_	_	_	_	_
événement	O	O	O	O	O	O	_	_	_	_	_	_
.	O	O	O	O	O	O	_	_	EndOfLine	EndOfSentence	_	_
# segment_iiif_link = https://impresso-project.ch/api/proxy/iiif/LLE-1923-06-27-a-p0001/2271,853,676,64/full/0/default.jpg
lo	O	O	O	O	O	O	_	_	_	_	_	_
Temps	O	O	O	O	O	O	_	_	_	_	_	_
,	O	O	O	O	O	O	_	_	_	_	_	_
avec	O	O	O	O	O	O	_	_	_	_	_	_
verdeur	O	O	O	O	O	O	_	_	_	_	_	_
,	O	O	O	O	O	O	_	_	_	_	_	_
rappelle	O	O	O	O	O	O	_	_	_	_	_	_
aux	O	O	O	O	O	O	_	_	EndOfLine	_	_	_
# segment_iiif_link = https://impresso-project.ch/api/proxy/iiif/LLE-1923-06-27-a-p0001/2271,886,689,64/full/0/default.jpg
radicauxsocialistes	O	O	O	O	O	O	_	_	_	_	_	_
leurs	O	O	O	O	O	O	_	_	_	_	_	_
manies	O	O	O	O	O	O	_	_	_	_	_	_
exeommunicatrices	O	O	O	O	O	O	_	_	_	_	_	_
.	O	O	O	O	O	O	_	_	_	EndOfSentence	_	_
En	O	O	O	O	O	O	_	_	EndOfLine	_	_	_
# segment_iiif_link = https://impresso-project.ch/api/proxy/iiif/LLE-1923-06-27-a-p0001/2271,926,687,64/full/0/default.jpg
juin	O	O	O	O	O	O	_	_	_	_	_	_
3914	O	O	O	O	O	O	_	_	_	_	_	_
,	O	O	O	O	O	O	_	_	_	_	_	_
ils	O	O	O	O	O	O	_	_	_	_	_	_
no	O	O	O	O	O	O	_	_	_	_	_	_
trouvaient	O	O	O	O	O	O	_	_	_	_	_	_
pas	O	O	O	O	O	O	_	_	_	_	_	_
le	O	O	O	O	O	O	_	_	_	_	_	_
ministère	O	O	O	O	O	O	_	_	EndOfLine	_	_	_
# segment_iiif_link = https://impresso-project.ch/api/proxy/iiif/LLE-1923-06-27-a-p0001/2271,961,689,64/full/0/default.jpg
Doumergue	O	O	O	O	O	O	_	_	_	_	_	_
assez	O	O	O	O	O	O	_	_	_	_	_	_
avancé	O	O	O	O	O	O	_	_	_	_	_	_
et	O	O	O	O	O	O	_	_	_	_	_	_
réclamaient	O	O	O	O	O	O	_	_	_	_	_	_
son	O	O	O	O	O	O	_	_	EndOfLine	_	_	_
# segment_iiif_link = https://impresso-project.ch/api/proxy/iiif/LLE-1923-06-27-a-p0001/2271,999,691,64/full/0/default.jpg
épuration	O	O	O	O	O	O	_	_	_	_	_	_
.	O	O	O	O	O	O	_	_	_	EndOfSentence	_	_
Ue	O	O	O	O	O	O	_	_	_	_	_	_
prononçaient	O	O	O	O	O	O	_	_	_	_	_	_
,	O	O	O	O	O	O	_	_	_	_	_	_
à	O	O	O	O	O	O	_	_	_	_	_	_
la	O	O	O	O	O	O	_	_	_	_	_	_
mémo	O	O	O	O	O	O	_	_	_	_	_	_
époque	O	O	O	O	O	O	_	_	_	_	_	_
,	O	O	O	O	O	O	_	_	EndOfLine	_	_	_
# segment_iiif_link = https://impresso-project.ch/api/proxy/iiif/LLE-1923-06-27-a-p0001/2271,1034,678,64/full/0/default.jpg
un	O	O	O	O	O	O	_	_	_	_	_	_
jugement	O	O	O	O	O	O	_	_	_	_	_	_
identique	O	O	O	O	O	O	_	_	_	_	_	_
contre	O	O	O	O	O	O	_	_	_	_	_	_
M	O	O	O	O	O	O	_	_	_	_	_	_
.	O	O	O	O	O	O	_	_	_	EndOfSentence	_	_
Viviani	O	O	O	O	O	O	_	_	EndOfLine	_	_	_
# segment_iiif_link = https://impresso-project.ch/api/proxy/iiif/LLE-1923-06-27-a-p0001/2267,1072,695,63/full/0/default.jpg
luimême	O	O	O	O	O	O	_	_	_	_	_	_
.	O	O	O	O	O	O	_	_	_	EndOfSentence	_	_
Les	O	O	O	O	O	O	_	_	_	_	_	_
hommes	O	O	O	O	O	O	_	_	_	_	_	_
quils	O	O	O	O	O	O	_	_	_	_	_	_
proscrivaient	O	O	O	O	O	O	_	_	_	_	_	_
alor	O	O	O	O	O	O	_	_	_	_	_	_
.	O	O	O	O	O	O	_	_	_	EndOfSentence	_	_
;	O	O	O	O	O	O	_	_	EndOfLine	_	_	_
# segment_iiif_link = https://impresso-project.ch/api/proxy/iiif/LLE-1923-06-27-a-p0001/2271,1109,687,64/full/0/default.jpg
comme	O	O	O	O	O	O	_	_	_	_	_	_
réactionnaires	O	O	O	O	O	O	_	_	_	_	_	_
,	O	O	O	O	O	O	_	_	_	_	_	_
cétait	O	O	O	O	O	O	_	_	_	_	_	_
AI	O	O	O	O	O	O	_	_	_	_	_	_
.	O	O	O	O	O	O	_	_	_	EndOfSentence	_	_
Briand	O	O	O	O	O	O	_	_	_	_	_	_
,	O	O	O	O	O	O	_	_	_	_	_	_
c	O	O	O	O	O	O	_	_	_	_	_	_
était	O	O	O	O	O	O	_	_	EndOfLine	_	_	_
# segment_iiif_link = https://impresso-project.ch/api/proxy/iiif/LLE-1923-06-27-a-p0001/2271,1147,691,63/full/0/default.jpg
M	O	O	O	O	O	O	_	_	_	_	_	_
.	O	O	O	O	O	O	_	_	_	EndOfSentence	_	_
.	O	O	O	O	O	O	_	_	_	EndOfSentence	_	_
Millerand	O	O	O	O	O	O	_	_	_	_	_	_
ot	O	O	O	O	O	O	_	_	_	_	_	_
M	O	O	O	O	O	O	_	_	_	_	_	_
.	O	O	O	O	O	O	_	_	_	EndOfSentence	_	_
Barthou	O	O	O	O	O	O	_	_	_	_	_	_
;	O	O	O	O	O	O	_	_	_	_	_	_
cétait	O	O	O	O	O	O	_	_	_	_	_	_
même	O	O	O	O	O	O	_	_	_	_	_	_
M	O	O	O	O	O	O	_	_	_	_	_	_
.	O	O	O	O	O	O	_	_	EndOfLine	EndOfSentence	_	_
# segment_iiif_link = https://impresso-project.ch/api/proxy/iiif/LLE-1923-06-27-a-p0001/2271,1182,691,64/full/0/default.jpg
Klotz	O	O	O	O	O	O	_	_	_	_	_	_
,	O	O	O	O	O	O	_	_	_	_	_	_
l	O	O	O	O	O	O	_	_	_	_	_	_
un	O	O	O	O	O	O	_	_	_	_	_	_
de	O	O	O	O	O	O	_	_	_	_	_	_
6	O	O	O	O	O	O	_	_	_	_	_	_
adversaires	O	O	O	O	O	O	_	_	_	_	_	_
de	O	O	O	O	O	O	_	_	_	_	_	_
-	O	O	O	O	O	O	_	_	NoSpaceAfter	_	_	_
M	O	O	O	O	O	O	_	_	_	_	_	_
.	O	O	O	O	O	O	_	_	_	EndOfSentence	_	_
Poincaré	O	O	O	O	O	O	_	_	_	_	_	_
,	O	O	O	O	O	O	_	_	_	_	_	_
le	O	O	O	O	O	O	_	_	EndOfLine	_	_	_
# segment_iiif_link = https://impresso-project.ch/api/proxy/iiif/LLE-1923-06-27-a-p0001/2273,1218,229,63/full/0/default.jpg
15	O	O	O	O	O	O	_	_	_	_	_	_
juin	O	O	O	O	O	O	_	_	_	_	_	_
dernier	O	O	O	O	O	O	_	_	_	_	_	_
.	O	O	O	O	O	O	_	_	EndOfLine	EndOfSentence	_	_
# segment_iiif_link = https://impresso-project.ch/api/proxy/iiif/LLE-1923-06-27-a-p0001/2304,1261,654,64/full/0/default.jpg
En	O	O	O	O	O	O	_	_	_	_	_	_
septembre	O	O	O	O	O	O	_	_	_	_	_	_
1919	O	O	O	O	O	O	_	_	_	_	_	_
,	O	O	O	O	O	O	_	_	_	_	_	_
ile	O	O	O	O	O	O	_	_	_	_	_	_
faisaient	O	O	O	O	O	O	_	_	_	_	_	_
volte	O	O	O	O	O	O	_	_	NoSpaceAfter	_	_	_
-	O	O	O	O	O	O	_	_	NoSpaceAfter	_	_	_
face	O	O	O	O	O	O	_	_	_	_	_	_
et	O	O	O	O	O	O	_	_	EndOfLine	_	_	_
# segment_iiif_link = https://impresso-project.ch/api/proxy/iiif/LLE-1923-06-27-a-p0001/2271,1299,691,64/full/0/default.jpg
renvoyaient	O	O	O	O	O	O	_	_	_	_	_	_
io	O	O	O	O	O	O	_	_	_	_	_	_
parti	O	O	O	O	O	O	_	_	_	_	_	_
socialiste	O	O	O	O	O	O	_	_	_	_	_	_
,	O	O	O	O	O	O	_	_	_	_	_	_
qui	O	O	O	O	O	O	_	_	_	_	_	_
nétait	O	O	O	O	O	O	_	_	_	_	_	_
pas	O	O	O	O	O	O	_	_	EndOfLine	_	_	_
# segment_iiif_link = https://impresso-project.ch/api/proxy/iiif/LLE-1923-06-27-a-p0001/2271,1336,689,64/full/0/default.jpg
encoro	O	O	O	O	O	O	_	_	_	_	_	_
divisé	O	O	O	O	O	O	_	_	_	_	_	_
comme	O	O	O	O	O	O	_	_	_	_	_	_
il	O	O	O	O	O	O	_	_	_	_	_	_
l	O	O	O	O	O	O	_	_	_	_	_	_
est	O	O	O	O	O	O	_	_	_	_	_	_
maintenant	O	O	O	O	O	O	_	_	_	_	_	_
,	O	O	O	O	O	O	_	_	_	_	_	_
«	O	O	O	O	O	O	_	_	_	_	_	_
à	O	O	O	O	O	O	_	_	EndOfLine	_	_	_
# segment_iiif_link = https://impresso-project.ch/api/proxy/iiif/LLE-1923-06-27-a-p0001/2271,1374,560,64/full/0/default.jpg
son	O	O	O	O	O	O	_	_	_	_	_	_
isolement	O	O	O	O	O	O	_	_	_	_	_	_
hautain	O	O	O	O	O	O	_	_	_	_	_	_
»	O	O	O	O	O	O	_	_	_	_	_	_
.	O	O	O	O	O	O	_	_	_	EndOfSentence	_	_
>	O	O	O	O	O	O	_	_	EndOfLine	_	_	_
# segment_iiif_link = https://impresso-project.ch/api/proxy/iiif/LLE-1923-06-27-a-p0001/2300,1415,658,64/full/0/default.jpg
Et	O	O	O	O	O	O	_	_	_	_	_	_
le	O	O	O	O	O	O	_	_	_	_	_	_
Temps	O	O	O	O	O	O	_	_	_	_	_	_
do	O	O	O	O	O	O	_	_	_	_	_	_
conclure	O	O	O	O	O	O	_	_	_	_	_	_
:	O	O	O	O	O	O	_	_	_	_	_	_
«	O	O	O	O	O	O	_	_	_	_	_	_
Aveugle	O	O	O	O	O	O	_	_	_	_	_	_
avant	O	O	O	O	O	O	_	_	EndOfLine	_	_	_
# segment_iiif_link = https://impresso-project.ch/api/proxy/iiif/LLE-1923-06-27-a-p0001/2267,1453,691,66/full/0/default.jpg
la	O	O	O	O	O	O	_	_	_	_	_	_
guerre	O	O	O	O	O	O	_	_	_	_	_	_
,	O	O	O	O	O	O	_	_	_	_	_	_
déséquilibré	O	O	O	O	O	O	_	_	_	_	_	_
depuis	O	O	O	O	O	O	_	_	_	_	_	_
la	O	O	O	O	O	O	_	_	_	_	_	_
guerre	O	O	O	O	O	O	_	_	_	_	_	_
,	O	O	O	O	O	O	_	_	_	_	_	_
avec	O	O	O	O	O	O	_	_	EndOfLine	_	_	_
# segment_iiif_link = https://impresso-project.ch/api/proxy/iiif/LLE-1923-06-27-a-p0001/2267,1488,693,64/full/0/default.jpg
leé	O	O	O	O	O	O	_	_	_	_	_	_
socialistes	O	O	O	O	O	O	_	_	_	_	_	_
avant	O	O	O	O	O	O	_	_	_	_	_	_
la	O	O	O	O	O	O	_	_	_	_	_	_
guerre	O	O	O	O	O	O	_	_	_	_	_	_
,	O	O	O	O	O	O	_	_	_	_	_	_
contre	O	O	O	O	O	O	_	_	_	_	_	_
eux	O	O	O	O	O	O	_	_	_	_	_	_
en	O	O	O	O	O	O	_	_	EndOfLine	_	_	_
# segment_iiif_link = https://impresso-project.ch/api/proxy/iiif/LLE-1923-06-27-a-p0001/2269,1526,695,64/full/0/default.jpg
1919	O	O	O	O	O	O	_	_	_	_	_	_
,	O	O	O	O	O	O	_	_	_	_	_	_
avec	O	O	O	O	O	O	_	_	_	_	_	_
eux	O	O	O	O	O	O	_	_	_	_	_	_
en	O	O	O	O	O	O	_	_	_	_	_	_
1928	O	O	O	O	O	O	_	_	_	_	_	_
,	O	O	O	O	O	O	_	_	_	_	_	_
ballotté	O	O	O	O	O	O	_	_	_	_	_	_
,	O	O	O	O	O	O	_	_	_	_	_	_
disloqué	O	O	O	O	O	O	_	_	_	_	_	_
,	O	O	O	O	O	O	_	_	EndOfLine	_	_	_
# segment_iiif_link = https://impresso-project.ch/api/proxy/iiif/LLE-1923-06-27-a-p0001/2267,1563,699,64/full/0/default.jpg
ahuri	O	O	O	O	O	O	_	_	_	_	_	_
,	O	O	O	O	O	O	_	_	_	_	_	_
tel	O	O	O	O	O	O	_	_	_	_	_	_
est	O	O	O	O	O	O	_	_	_	_	_	_
le	O	O	O	O	O	O	_	_	_	_	_	_
parti	O	O	O	O	O	O	_	_	_	_	_	_
radical	O	O	O	O	O	O	_	_	_	_	_	_
socialiste	O	O	O	O	O	O	_	_	_	_	_	_
.	O	O	O	O	O	O	_	_	_	_	_	_
Quelle	O	O	O	O	O	O	_	_	EndOfLine	_	_	_
# segment_iiif_link = https://impresso-project.ch/api/proxy/iiif/LLE-1923-06-27-a-p0001/2267,1601,276,64/full/0/default.jpg
est	O	O	O	O	O	O	_	_	_	_	_	_
sa	O	O	O	O	O	O	_	_	_	_	_	_
doctrine	O	O	O	O	O	O	_	_	_	_	_	_
?	O	O	O	O	O	O	_	_	_	_	_	_
.	O	O	O	O	O	O	_	_	_	_	_	_
»	O	O	O	O	O	O	_	_	_	_	_	_
.	O	O	O	O	O	O	_	_	EndOfLine	EndOfSentence	_	_
# segment_iiif_link = https://impresso-project.ch/api/proxy/iiif/LLE-1923-06-27-a-p0001/2300,1645,662,63/full/0/default.jpg
Il	O	O	O	O	O	O	_	_	_	_	_	_
nen	O	O	O	O	O	O	_	_	_	_	_	_
a	O	O	O	O	O	O	_	_	_	_	_	_
quune	O	O	O	O	O	O	_	_	_	_	_	_
:	O	O	O	O	O	O	_	_	_	_	_	_
le	O	O	O	O	O	O	_	_	_	_	_	_
pouvoir	O	O	O	O	O	O	_	_	_	_	_	_
pour	O	O	O	O	O	O	_	_	_	_	_	_
lui	O	O	O	O	O	O	_	_	_	_	_	_
,	O	O	O	O	O	O	_	_	_	_	_	_
quii	O	O	O	O	O	O	_	_	EndOfLine	_	_	_
# segment_iiif_link = https://impresso-project.ch/api/proxy/iiif/LLE-1923-06-27-a-p0001/2267,1680,695,64/full/0/default.jpg
a	O	O	O	O	O	O	_	_	_	_	_	_
perdu	O	O	O	O	O	O	_	_	_	_	_	_
,	O	O	O	O	O	O	_	_	_	_	_	_
ce	O	O	O	O	O	O	_	_	_	_	_	_
dont	O	O	O	O	O	O	_	_	_	_	_	_
il	O	O	O	O	O	O	_	_	_	_	_	_
ne	O	O	O	O	O	O	_	_	_	_	_	_
peut	O	O	O	O	O	O	_	_	_	_	_	_
pas	O	O	O	O	O	O	_	_	_	_	_	_
se	O	O	O	O	O	O	_	_	_	_	_	_
consoler	O	O	O	O	O	O	_	_	_	_	_	_
;	O	O	O	O	O	O	_	_	_	_	_	_
el	O	O	O	O	O	O	_	_	_	_	_	_
.	O	O	O	O	O	O	_	_	EndOfLine	EndOfSentence	_	_
# segment_iiif_link = https://impresso-project.ch/api/proxy/iiif/LLE-1923-06-27-a-p0001/2267,1715,693,66/full/0/default.jpg
pour	O	O	O	O	O	O	_	_	_	_	_	_
le	O	O	O	O	O	O	_	_	_	_	_	_
reconquérir	O	O	O	O	O	O	_	_	_	_	_	_
,	O	O	O	O	O	O	_	_	_	_	_	_
la	O	O	O	O	O	O	_	_	_	_	_	_
surenchère	O	O	O	O	O	O	_	_	_	_	_	_
démagogique	O	O	O	O	O	O	_	_	_	_	_	_
,	O	O	O	O	O	O	_	_	EndOfLine	_	_	_
# segment_iiif_link = https://impresso-project.ch/api/proxy/iiif/LLE-1923-06-27-a-p0001/2267,1753,693,66/full/0/default.jpg
le	O	O	O	O	O	O	_	_	_	_	_	_
.	O	O	O	O	O	O	_	_	_	EndOfSentence	_	_
double	O	O	O	O	O	O	_	_	_	_	_	_
jeu	O	O	O	O	O	O	_	_	_	_	_	_
,	O	O	O	O	O	O	_	_	_	_	_	_
jusqu	O	O	O	O	O	O	_	_	_	_	_	_
à	O	O	O	O	O	O	_	_	_	_	_	_
hier	O	O	O	O	O	O	_	_	_	_	_	_
,	O	O	O	O	O	O	_	_	_	_	_	_
au	O	O	O	O	O	O	_	_	_	_	_	_
Parlement	O	O	O	O	O	O	_	_	_	_	_	_
et	O	O	O	O	O	O	_	_	EndOfLine	_	_	_
# segment_iiif_link = https://impresso-project.ch/api/proxy/iiif/LLE-1923-06-27-a-p0001/2269,1790,682,66/full/0/default.jpg
devant	O	O	O	O	O	O	_	_	_	_	_	_
le	O	O	O	O	O	O	_	_	_	_	_	_
paye	O	O	O	O	O	O	_	_	_	_	_	_
;	O	O	O	O	O	O	_	_	_	_	_	_
l	O	O	O	O	O	O	_	_	_	_	_	_
exploitation	O	O	O	O	O	O	_	_	_	_	_	_
du	O	O	O	O	O	O	_	_	_	_	_	_
«	O	O	O	O	O	O	_	_	_	_	_	_
péril	O	O	O	O	O	O	_	_	EndOfLine	_	_	_
# segment_iiif_link = https://impresso-project.ch/api/proxy/iiif/LLE-1923-06-27-a-p0001/2269,1828,695,64/full/0/default.jpg
clérical	O	O	O	O	O	O	_	_	_	_	_	_
»	O	O	O	O	O	O	_	_	_	_	_	_
,	O	O	O	O	O	O	_	_	_	_	_	_
qui	O	O	O	O	O	O	_	_	NoSpaceAfter	_	_	_
-	O	O	O	O	O	O	_	_	NoSpaceAfter	_	_	_
est	O	O	O	O	O	O	_	_	_	_	_	_
sa	O	O	O	O	O	O	_	_	_	_	_	_
plus	O	O	O	O	O	O	_	_	_	_	_	_
savante	O	O	O	O	O	O	_	_	_	_	_	_
machine	O	O	O	O	O	O	_	_	_	_	_	_
cle	O	O	O	O	O	O	_	_	EndOfLine	_	_	_
# segment_iiif_link = https://impresso-project.ch/api/proxy/iiif/LLE-1923-06-27-a-p0001/2267,1865,684,64/full/0/default.jpg
guerre	O	O	O	O	O	O	_	_	_	_	_	_
.	O	O	O	O	O	O	_	_	_	EndOfSentence	_	_
Ils	O	O	O	O	O	O	_	_	_	_	_	_
sont	O	O	O	O	O	O	_	_	_	_	_	_
quelque	O	O	O	O	O	O	_	_	_	_	_	_
80	O	O	O	O	O	O	_	_	_	_	_	_
jacobins	O	O	O	O	O	O	_	_	_	_	_	_
à	O	O	O	O	O	O	_	_	_	_	_	_
la	O	O	O	O	O	O	_	_	EndOfLine	_	_	_
# segment_iiif_link = https://impresso-project.ch/api/proxy/iiif/LLE-1923-06-27-a-p0001/2271,1901,689,64/full/0/default.jpg
Chambre	O	O	O	O	O	O	_	_	_	_	_	_
et	O	O	O	O	O	O	_	_	_	_	_	_
une	O	O	O	O	O	O	_	_	_	_	_	_
centaine	O	O	O	O	O	O	_	_	_	_	_	_
au	O	O	O	O	O	O	_	_	_	_	_	_
Sénat	O	O	O	O	O	O	_	_	NoSpaceAfter	_	_	_
-	O	O	O	O	O	O	_	_	NoSpaceAfter	_	_	_
,	O	O	O	O	O	O	_	_	_	_	_	_
qui	O	O	O	O	O	O	_	_	_	_	_	_
nont	O	O	O	O	O	O	_	_	_	_	_	_
pas	O	O	O	O	O	O	_	_	EndOfLine	_	_	_
# segment_iiif_link = https://impresso-project.ch/api/proxy/iiif/LLE-1923-06-27-a-p0001/2267,1940,695,64/full/0/default.jpg
d	O	O	O	O	O	O	_	_	_	_	_	_
autre	O	O	O	O	O	O	_	_	_	_	_	_
raison	O	O	O	O	O	O	_	_	_	_	_	_
pol	O	O	O	O	O	O	_	_	_	_	_	_
iti	O	O	O	O	O	O	_	_	_	_	_	_
quo	O	O	O	O	O	O	_	_	_	_	_	_
do	O	O	O	O	O	O	_	_	_	_	_	_
vivre	O	O	O	O	O	O	_	_	_	_	_	_
quo	O	O	O	O	O	O	_	_	_	_	_	_
celle	O	O	O	O	O	O	_	_	NoSpaceAfter	_	_	_
-	O	O	O	O	O	O	_	_	NoSpaceAfter	_	_	_
là	O	O	O	O	O	O	_	_	_	_	_	_
.	O	O	O	O	O	O	_	_	EndOfLine	EndOfSentence	_	_
# segment_iiif_link = https://impresso-project.ch/api/proxy/iiif/LLE-1923-06-27-a-p0001/2267,1974,693,64/full/0/default.jpg
Ils	O	O	O	O	O	O	_	_	_	_	_	_
no	O	O	O	O	O	O	_	_	_	_	_	_
sont	O	O	O	O	O	O	_	_	_	_	_	_
pas	O	O	O	O	O	O	_	_	_	_	_	_
encore	O	O	O	O	O	O	_	_	_	_	_	_
les	O	O	O	O	O	O	_	_	_	_	_	_
maîtres	O	O	O	O	O	O	_	_	_	_	_	_
et	O	O	O	O	O	O	_	_	_	_	_	_
il	O	O	O	O	O	O	_	_	_	_	_	_
y	O	O	O	O	O	O	_	_	_	_	_	_
a	O	O	O	O	O	O	_	_	EndOfLine	_	_	_
# segment_iiif_link = https://impresso-project.ch/api/proxy/iiif/LLE-1923-06-27-a-p0001/2267,2013,562,64/full/0/default.jpg
chance	O	O	O	O	O	O	_	_	_	_	_	_
quils	O	O	O	O	O	O	_	_	_	_	_	_
,	O	O	O	O	O	O	_	_	_	_	_	_
no	O	O	O	O	O	O	_	_	_	_	_	_
le	O	O	O	O	O	O	_	_	_	_	_	_
soient	O	O	O	O	O	O	_	_	_	_	_	_
jamais	O	O	O	O	O	O	_	_	_	_	_	_
pius	O	O	O	O	O	O	_	_	_	_	_	_
.	O	O	O	O	O	O	_	_	EndOfLine	EndOfSentence	_	_
# segment_iiif_link = https://impresso-project.ch/api/proxy/iiif/LLE-1923-06-27-a-p0001/2849,2049,71,64/full/0/default.jpg
E	O	O	O	O	O	O	_	_	_	_	_	_
.	O	O	O	O	O	O	_	_	_	EndOfSentence	_	_
B	O	O	O	O	O	O	_	_	EndOfLine	_	_	_
# segment_iiif_link = https://impresso-project.ch/api/proxy/iiif/LLE-1923-06-27-a-p0001/2267,2136,695,95/full/0/default.jpg
LA	O	O	O	O	O	O	_	_	_	_	_	_
CONFERENCE	O	O	O	O	O	O	_	_	_	_	_	_
DE	O	O	O	O	O	O	_	_	_	_	_	_
LAUSANNE	O	O	O	O	O	O	_	_	EndOfLine	_	_	_
# segment_iiif_link = https://impresso-project.ch/api/proxy/iiif/LLE-1923-06-27-a-p0001/2298,2259,662,64/full/0/default.jpg
(	O	O	O	O	O	O	_	_	_	_	_	_
Le	O	O	O	O	O	O	_	_	_	_	_	_
comité	O	O	O	O	O	O	_	_	_	_	_	_
politique	O	O	O	O	O	O	_	_	_	_	_	_
a	O	O	O	O	O	O	_	_	_	_	_	_
entériné	O	O	O	O	O	O	_	_	_	_	_	_
hier	O	O	O	O	O	O	_	_	_	_	_	_
matin	O	O	O	O	O	O	_	_	EndOfLine	_	_	_
# segment_iiif_link = https://impresso-project.ch/api/proxy/iiif/LLE-1923-06-27-a-p0001/2267,2299,693,64/full/0/default.jpg
l	O	O	O	O	O	O	_	_	_	_	_	_
accord	O	O	O	O	O	O	_	_	_	_	_	_
intervenu	O	O	O	O	O	O	_	_	_	_	_	_
au	O	O	O	O	O	O	_	_	_	_	_	_
.	O	O	O	O	O	O	_	_	_	EndOfSentence	_	_
sujet	O	O	O	O	O	O	_	_	_	_	_	_
do	O	O	O	O	O	O	_	_	_	_	_	_
la	O	O	O	O	O	O	_	_	_	_	_	_
frontière	O	O	O	O	O	O	_	_	_	_	_	_
de	O	O	O	O	O	O	_	_	EndOfLine	_	_	_
# segment_iiif_link = https://impresso-project.ch/api/proxy/iiif/LLE-1923-06-27-a-p0001/2267,2332,693,64/full/0/default.jpg
Kairagatch	O	O	O	O	O	O	_	_	_	_	_	_
.	O	O	O	O	O	O	_	_	_	EndOfSentence	_	_
M	O	O	O	O	O	O	_	_	_	_	_	_
.	O	O	O	O	O	O	_	_	_	EndOfSentence	_	_
Venizelos	O	O	O	O	O	O	_	_	_	_	_	_
a	O	O	O	O	O	O	_	_	_	_	_	_
demandé	O	O	O	O	O	O	_	_	_	_	_	_
que	O	O	O	O	O	O	_	_	_	_	_	_
la	O	O	O	O	O	O	_	_	EndOfLine	_	_	_
# segment_iiif_link = https://impresso-project.ch/api/proxy/iiif/LLE-1923-06-27-a-p0001/2267,2370,691,63/full/0/default.jpg
remise	O	O	O	O	O	O	_	_	_	_	_	_
du	O	O	O	O	O	O	_	_	_	_	_	_
[	O	O	O	O	O	O	_	_	_	_	_	_
territoire	O	O	O	O	O	O	_	_	_	_	_	_
de	O	O	O	O	O	O	_	_	_	_	_	_
Kaa	O	O	O	O	O	O	_	_	NoSpaceAfter	_	_	_
-	O	O	O	O	O	O	_	_	NoSpaceAfter	_	_	_
agateh	O	O	O	O	O	O	_	_	_	_	_	_
eût	O	O	O	O	O	O	_	_	_	_	_	_
lieu	O	O	O	O	O	O	_	_	EndOfLine	_	_	_
# segment_iiif_link = https://impresso-project.ch/api/proxy/iiif/LLE-1923-06-27-a-p0001/2267,2407,684,64/full/0/default.jpg
après	O	O	O	O	O	O	_	_	_	_	_	_
.	O	O	O	O	O	O	_	_	_	EndOfSentence	_	_
!	O	O	O	O	O	O	_	_	_	_	_	_
achèvement	O	O	O	O	O	O	_	_	_	_	_	_
des	O	O	O	O	O	O	_	_	_	_	_	_
travaux	O	O	O	O	O	O	_	_	_	_	_	_
de	O	O	O	O	O	O	_	_	_	_	_	_
Ja	O	O	O	O	O	O	_	_	EndOfLine	_	_	_
# segment_iiif_link = https://impresso-project.ch/api/proxy/iiif/LLE-1923-06-27-a-p0001/2267,2443,689,63/full/0/default.jpg
commission	O	O	O	O	O	O	_	_	_	_	_	_
de	O	O	O	O	O	O	_	_	_	_	_	_
.	O	O	O	O	O	O	_	_	_	EndOfSentence	_	_
délninitoltion	O	O	O	O	O	O	_	_	_	_	_	_
,	O	O	O	O	O	O	_	_	_	_	_	_
qui	O	O	O	O	O	O	_	_	_	_	_	_
devra	O	O	O	O	O	O	_	_	_	_	_	_
les	O	O	O	O	O	O	_	_	_	_	_	_
avoir	O	O	O	O	O	O	_	_	EndOfLine	_	_	_
# segment_iiif_link = https://impresso-project.ch/api/proxy/iiif/LLE-1923-06-27-a-p0001/2267,2478,341,64/full/0/default.jpg
-	O	O	O	O	O	O	_	_	NoSpaceAfter	_	_	_
terminé	O	O	O	O	O	O	_	_	_	_	_	_
dans	O	O	O	O	O	O	_	_	_	_	_	_
deux	O	O	O	O	O	O	_	_	_	_	_	_
mois	O	O	O	O	O	O	_	_	_	_	_	_
.	O	O	O	O	O	O	_	_	EndOfLine	EndOfSentence	_	_
# segment_iiif_link = https://impresso-project.ch/api/proxy/iiif/LLE-1923-06-27-a-p0001/2267,2518,682,63/full/0/default.jpg
sriîiL	O	O	O	O	O	O	_	_	_	_	_	_
iMorfof	O	O	O	O	O	O	_	_	_	_	_	_
,	O	O	O	O	O	O	_	_	_	_	_	_
nouveau	O	O	O	O	O	O	_	_	_	_	_	_
délégué	O	O	O	O	O	O	_	_	_	_	_	_
bulgare	O	O	O	O	O	O	_	_	_	_	_	_
,	O	O	O	O	O	O	_	_	NoSpaceAfter	_	_	_
.	O	O	O	O	O	O	_	_	NoSpaceAfter	EndOfSentence	_	_
.	O	O	O	O	O	O	_	_	_	EndOfSentence	_	_
a	O	O	O	O	O	O	_	_	EndOfLine	_	_	_
# segment_iiif_link = https://impresso-project.ch/api/proxy/iiif/LLE-1923-06-27-a-p0001/2267,2551,693,64/full/0/default.jpg
renouvelé	O	O	O	O	O	O	_	_	_	_	_	_
les	O	O	O	O	O	O	_	_	_	_	_	_
iré	O	O	O	O	O	O	_	_	_	_	_	_
:	O	O	O	O	O	O	_	_	NoSpaceAfter	_	_	_
-	O	O	O	O	O	O	_	_	NoSpaceAfter	_	_	_
arves	O	O	O	O	O	O	_	_	_	_	_	_
clo	O	O	O	O	O	O	_	_	_	_	_	_
la	O	O	O	O	O	O	_	_	_	_	_	_
Bulgarie	O	O	O	O	O	O	_	_	_	_	_	_
concernant	O	O	O	O	O	O	_	_	EndOfLine	_	_	_
# segment_iiif_link = https://impresso-project.ch/api/proxy/iiif/LLE-1923-06-27-a-p0001/2267,2590,339,64/full/0/default.jpg
l	O	O	O	O	O	O	_	_	_	_	_	_
accès	O	O	O	O	O	O	_	_	_	_	_	_
à	O	O	O	O	O	O	_	_	_	_	_	_
Ja	O	O	O	O	O	O	_	_	_	_	_	_
imer	O	O	O	O	O	O	_	_	_	_	_	_
Egêe	O	O	O	O	O	O	_	_	_	_	_	_
.	O	O	O	O	O	O	_	_	EndOfLine	EndOfSentence	_	_
# segment_iiif_link = https://impresso-project.ch/api/proxy/iiif/LLE-1923-06-27-a-p0001/2302,2626,652,64/full/0/default.jpg
A	O	O	O	O	O	O	_	_	_	_	_	_
l	O	O	O	O	O	O	_	_	_	_	_	_
article	O	O	O	O	O	O	_	_	_	_	_	_
159	O	O	O	O	O	O	_	_	_	_	_	_
,	O	O	O	O	O	O	_	_	_	_	_	_
les	O	O	O	O	O	O	_	_	_	_	_	_
/	O	O	O	O	O	O	_	_	_	_	_	_
Parcs	O	O	O	O	O	O	_	_	_	_	_	_
ont	O	O	O	O	O	O	_	_	_	_	_	_
déclaré	O	O	O	O	O	O	_	_	EndOfLine	_	_	_
# segment_iiif_link = https://impresso-project.ch/api/proxy/iiif/LLE-1923-06-27-a-p0001/2267,2659,693,64/full/0/default.jpg
accepter	O	O	O	O	O	O	_	_	_	_	_	_
que	O	O	O	O	O	O	_	_	_	_	_	_
la	O	O	O	O	O	O	_	_	_	_	_	_
iBeilgique	O	O	O	O	O	O	_	_	_	_	_	_
et	O	O	O	O	O	O	_	_	_	_	_	_
.	O	O	O	O	O	O	_	_	_	EndOfSentence	_	_
le	O	O	O	O	O	O	_	_	_	_	_	_
Portugal	O	O	O	O	O	O	_	_	_	_	_	_
fussent	O	O	O	O	O	O	_	_	EndOfLine	_	_	_
# segment_iiif_link = https://impresso-project.ch/api/proxy/iiif/LLE-1923-06-27-a-p0001/2267,2697,691,63/full/0/default.jpg
mis	O	O	O	O	O	O	_	_	_	_	_	_
au	O	O	O	O	O	O	_	_	_	_	_	_
bânôfiiee	O	O	O	O	O	O	_	_	_	_	_	_
desi	O	O	O	O	O	O	_	_	_	_	_	_
clauses	O	O	O	O	O	O	_	_	_	_	_	_
économiques	O	O	O	O	O	O	_	_	_	_	_	_
et	O	O	O	O	O	O	_	_	EndOfLine	_	_	_
# segment_iiif_link = https://impresso-project.ch/api/proxy/iiif/LLE-1923-06-27-a-p0001/2271,2734,693,64/full/0/default.jpg
financières	O	O	O	O	O	O	_	_	_	_	_	_
du	O	O	O	O	O	O	_	_	_	_	_	_
traité	O	O	O	O	O	O	_	_	_	_	_	_
de	O	O	O	O	O	O	_	_	_	_	_	_
paix	O	O	O	O	O	O	_	_	_	_	_	_
,	O	O	O	O	O	O	_	_	_	_	_	_
ce	O	O	O	O	O	O	_	_	_	_	_	_
qui	O	O	O	O	O	O	_	_	_	_	_	_
entraîne	O	O	O	O	O	O	_	_	EndOfLine	_	_	_
# segment_iiif_link = https://impresso-project.ch/api/proxy/iiif/LLE-1923-06-27-a-p0001/2267,2770,693,63/full/0/default.jpg
ki	O	O	O	O	O	O	_	_	_	_	_	_
.	O	O	O	O	O	O	_	_	_	EndOfSentence	_	_
suppression	O	O	O	O	O	O	_	_	_	_	_	_
do	O	O	O	O	O	O	_	_	_	_	_	_
létab	O	O	O	O	O	O	_	_	_	_	_	_
de	O	O	O	O	O	O	_	_	_	_	_	_
guerre	O	O	O	O	O	O	_	_	_	_	_	_
entre	O	O	O	O	O	O	_	_	_	_	_	_
ce	O	O	O	O	O	O	_	_	_	_	_	_
?	O	O	O	O	O	O	_	_	EndOfLine	EndOfSentence	_	_
# segment_iiif_link = https://impresso-project.ch/api/proxy/iiif/LLE-1923-06-27-a-p0001/2269,2805,320,64/full/0/default.jpg
Etalts	O	O	O	O	O	O	_	_	_	_	_	_
eb	O	O	O	O	O	O	_	_	_	_	_	_
la	O	O	O	O	O	O	_	_	_	_	_	_
;	O	O	O	O	O	O	_	_	_	_	_	_
Turquie	O	O	O	O	O	O	_	_	_	_	_	_
.	O	O	O	O	O	O	_	_	EndOfLine	EndOfSentence	_	_
# segment_iiif_link = https://impresso-project.ch/api/proxy/iiif/LLE-1923-06-27-a-p0001/2304,2843,658,63/full/0/default.jpg
Lea	O	O	O	O	O	O	_	_	_	_	_	_
plénipotentiaires	O	O	O	O	O	O	_	_	_	_	_	_
auront	O	O	O	O	O	O	_	_	_	_	_	_
probablement	O	O	O	O	O	O	_	_	EndOfLine	_	_	_
# segment_iiif_link = https://impresso-project.ch/api/proxy/iiif/LLE-1923-06-27-a-p0001/2269,2878,695,64/full/0/default.jpg
aujourdhui	O	O	O	O	O	O	_	_	_	_	_	_
mardi	O	O	O	O	O	O	_	_	_	_	_	_
,	O	O	O	O	O	O	_	_	_	_	_	_
unc	O	O	O	O	O	O	_	_	_	_	_	_
nouvelle	O	O	O	O	O	O	_	_	_	_	_	_
«	O	O	O	O	O	O	_	_	_	_	_	_
réunion	O	O	O	O	O	O	_	_	_	_	_	_
,	O	O	O	O	O	O	_	_	_	_	_	_
oaa	O	O	O	O	O	O	_	_	EndOfLine	_	_	_
# segment_iiif_link = https://impresso-project.ch/api/proxy/iiif/LLE-1923-06-27-a-p0001/2271,2915,658,64/full/0/default.jpg
ils	O	O	O	O	O	O	_	_	_	_	_	_
auraient	O	O	O	O	O	O	_	_	_	_	_	_
reçu	O	O	O	O	O	O	_	_	_	_	_	_
,	O	O	O	O	O	O	_	_	_	_	_	_
de	O	O	O	O	O	O	_	_	_	_	_	_
nouvelles	O	O	O	O	O	O	_	_	_	_	_	_
instructions	O	O	O	O	O	O	_	_	_	_	_	_
.	O	O	O	O	O	O	_	_	EndOfLine	_	_	_
# segment_iiif_link = https://impresso-project.ch/api/proxy/iiif/LLE-1923-06-27-a-p0001/2304,2951,652,64/full/0/default.jpg
iM	O	O	O	O	O	O	_	_	_	_	_	_
.	O	O	O	O	O	O	_	_	_	_	_	_
Baldwin	O	O	O	O	O	O	_	_	_	_	_	_
a	O	O	O	O	O	O	_	_	_	_	_	_
dit	O	O	O	O	O	O	_	_	_	_	_	_
,	O	O	O	O	O	O	_	_	_	_	_	_
hier	O	O	O	O	O	O	_	_	_	_	_	_
mardi	O	O	O	O	O	O	_	_	_	_	_	_
,	O	O	O	O	O	O	_	_	_	_	_	_
ù	O	O	O	O	O	O	_	_	_	_	_	_
la	O	O	O	O	O	O	_	_	EndOfLine	_	_	_
# segment_iiif_link = https://impresso-project.ch/api/proxy/iiif/LLE-1923-06-27-a-p0001/2271,2986,693,64/full/0/default.jpg
Chambre	O	O	O	O	O	O	_	_	_	_	_	_
des	O	O	O	O	O	O	_	_	_	_	_	_
.	O	O	O	O	O	O	_	_	_	_	_	_
communes	O	O	O	O	O	O	_	_	_	_	_	_
,	O	O	O	O	O	O	_	_	_	_	_	_
que	O	O	O	O	O	O	_	_	_	_	_	_
le	O	O	O	O	O	O	_	_	_	_	_	_
relfbiû	O	O	O	O	O	O	_	_	_	_	_	_
apporté	O	O	O	O	O	O	_	_	_	_	_	_
à	O	O	O	O	O	O	_	_	_	_	_	_
la	O	O	O	O	O	O	_	_	EndOfLine	_	_	_
# segment_iiif_link = https://impresso-project.ch/api/proxy/iiif/LLE-1923-06-27-a-p0001/2273,3024,691,64/full/0/default.jpg
conclusion	O	O	O	O	O	O	_	_	_	_	_	_
des	O	O	O	O	O	O	_	_	_	_	_	_
négociations	O	O	O	O	O	O	_	_	_	_	_	_
clo	O	O	O	O	O	O	_	_	_	_	_	_
Lausanne	O	O	O	O	O	O	_	_	_	_	_	_
ost	O	O	O	O	O	O	_	_	EndOfLine	_	_	_
# segment_iiif_link = https://impresso-project.ch/api/proxy/iiif/LLE-1923-06-27-a-p0001/2271,3061,685,64/full/0/default.jpg
dû	O	O	O	O	O	O	_	_	_	_	_	_
au	O	O	O	O	O	O	_	_	_	_	_	_
fait	O	O	O	O	O	O	_	_	_	_	_	_
que	O	O	O	O	O	O	_	_	_	_	_	_
les	O	O	O	O	O	O	_	_	_	_	_	_
Turcs	O	O	O	O	O	O	_	_	_	_	_	_
exigent	O	O	O	O	O	O	_	_	_	_	_	_
que	O	O	O	O	O	O	_	_	_	_	_	_
le	O	O	O	O	O	O	_	_	EndOfLine	_	_	_
# segment_iiif_link = https://impresso-project.ch/api/proxy/iiif/LLE-1923-06-27-a-p0001/2273,3097,691,63/full/0/default.jpg
payement	O	O	O	O	O	O	_	_	_	_	_	_
des	O	O	O	O	O	O	_	_	_	_	_	_
intérêts	O	O	O	O	O	O	_	_	_	_	_	_
so	O	O	O	O	O	O	_	_	_	_	_	_
fasse	O	O	O	O	O	O	_	_	_	_	_	_
en	O	O	O	O	O	O	_	_	_	_	_	_
francs	O	O	O	O	O	O	_	_	_	_	_	_
et	O	O	O	O	O	O	_	_	_	_	_	_
non	O	O	O	O	O	O	_	_	EndOfLine	_	_	_
# segment_iiif_link = https://impresso-project.ch/api/proxy/iiif/LLE-1923-06-27-a-p0001/2273,3134,693,64/full/0/default.jpg
pas	O	O	O	O	O	O	_	_	_	_	_	_
en	O	O	O	O	O	O	_	_	_	_	_	_
livres	O	O	O	O	O	O	_	_	_	_	_	_
sterling	O	O	O	O	O	O	_	_	_	_	_	_
.	O	O	O	O	O	O	_	_	_	_	_	_
«	O	O	O	O	O	O	_	_	_	_	_	_
Los	O	O	O	O	O	O	_	_	_	_	_	_
puissances	O	O	O	O	O	O	_	_	_	_	_	_
alliées	O	O	O	O	O	O	_	_	_	_	_	_
,	O	O	O	O	O	O	_	_	EndOfLine	_	_	_
# segment_iiif_link = https://impresso-project.ch/api/proxy/iiif/LLE-1923-06-27-a-p0001/2273,3170,693,63/full/0/default.jpg
a	O	O	O	O	O	O	_	_	NoSpaceAfter	_	_	_
-	O	O	O	O	O	O	_	_	NoSpaceAfter	_	_	_
t	O	O	O	O	O	O	_	_	NoSpaceAfter	_	_	_
-	O	O	O	O	O	O	_	_	NoSpaceAfter	_	_	_
il	O	O	O	O	O	O	_	_	_	_	_	_
ajouté	O	O	O	O	O	O	_	_	_	_	_	_
,	O	O	O	O	O	O	_	_	_	_	_	_
nont	O	O	O	O	O	O	_	_	_	_	_	_
aucune	O	O	O	O	O	O	_	_	_	_	_	_
autorité	O	O	O	O	O	O	_	_	_	_	_	_
légale	O	O	O	O	O	O	_	_	EndOfLine	_	_	_
# segment_iiif_link = https://impresso-project.ch/api/proxy/iiif/LLE-1923-06-27-a-p0001/2277,3205,689,64/full/0/default.jpg
pour	O	O	O	O	O	O	_	_	_	_	_	_
faire	O	O	O	O	O	O	_	_	_	_	_	_
droit	O	O	O	O	O	O	_	_	_	_	_	_
à	O	O	O	O	O	O	_	_	_	_	_	_
cette	O	O	O	O	O	O	_	_	_	_	_	_
demande	O	O	O	O	O	O	_	_	_	_	_	_
des	O	O	O	O	O	O	_	_	_	_	_	_
Turcs	O	O	O	O	O	O	_	_	_	_	_	_
.	O	O	O	O	O	O	_	_	_	_	_	_
»	O	O	O	O	O	O	_	_	EndOfLine	_	_	_
# segment_iiif_link = https://impresso-project.ch/api/proxy/iiif/LLE-1923-06-27-a-p0001/2294,3286,657,93/full/0/default.jpg
Le	O	O	O	O	O	O	_	_	_	_	_	_
patriarche	O	O	O	O	O	O	_	_	_	_	_	_
Tikhon	O	O	O	O	O	O	_	_	_	_	_	_
remis	O	O	O	O	O	O	_	_	_	_	_	_
en	O	O	O	O	O	O	_	_	_	_	_	_
liberté	O	O	O	O	O	O	_	_	EndOfLine	_	_	_
# segment_iiif_link = https://impresso-project.ch/api/proxy/iiif/LLE-1923-06-27-a-p0001/2673,3403,264,66/full/0/default.jpg
Moscou	O	O	O	O	O	O	_	_	_	_	_	_
,	O	O	O	O	O	O	_	_	_	_	_	_
20	O	O	O	O	O	O	_	_	_	_	_	_
juin	O	O	O	O	O	O	_	_	_	_	_	_
,	O	O	O	O	O	O	_	_	EndOfLine	_	_	_
# segment_iiif_link = https://impresso-project.ch/api/proxy/iiif/LLE-1923-06-27-a-p0001/2312,3447,660,63/full/0/default.jpg
(	O	O	O	O	O	O	_	_	_	_	_	_
HnviiH	O	O	O	O	O	O	_	_	_	_	_	_
.	O	O	O	O	O	O	_	_	_	_	_	_
)	O	O	O	O	O	O	_	_	_	_	_	_
¦	O	O	O	O	O	O	_	_	_	_	_	_
¦	O	O	O	O	O	O	_	_	_	_	_	_
—	O	O	O	O	O	O	_	_	_	_	_	_
:	O	O	O	O	O	O	_	_	_	_	_	_
Le	O	O	O	O	O	O	_	_	_	_	_	_
patriarche	O	O	O	O	O	O	_	_	_	_	_	_
Tikhon	O	O	O	O	O	O	_	_	_	_	_	_
a	O	O	O	O	O	O	_	_	_	_	_	_
été	O	O	O	O	O	O	_	_	EndOfLine	_	_	_
# segment_iiif_link = https://impresso-project.ch/api/proxy/iiif/LLE-1923-06-27-a-p0001/2277,3484,85,64/full/0/default.jpg
Lifoéré	O	O	O	O	O	O	_	_	_	_	_	_
.	O	O	O	O	O	O	_	_	EndOfLine	EndOfSentence	_	_
# segment_iiif_link = https://impresso-project.ch/api/proxy/iiif/LLE-1923-06-27-a-p0001/2315,3522,661,63/full/0/default.jpg
(	O	O	O	O	O	O	_	_	_	_	_	_
.	O	O	O	O	O	O	_	_	_	_	_	_
Note	O	O	O	O	O	O	_	_	_	_	_	_
die	O	O	O	O	O	O	_	_	_	_	_	_
Y	O	O	O	O	O	O	_	_	_	_	_	_
Agence	B-org	O	B-org.ent.pressagency.Havas	O	O	O	_	_	_	_	_	_
Ilavas	O	O	O	O	O	O	Q2826560	_	_	_	Transcript:Havas|LED0.33	_
:	O	O	O	O	O	O	_	_	_	_	_	_
Notre	O	O	O	O	O	O	_	_	_	_	_	_
dépêche	O	O	O	O	O	O	_	_	EndOfLine	_	_	_
# segment_iiif_link = https://impresso-project.ch/api/proxy/iiif/LLE-1923-06-27-a-p0001/2277,3557,689,64/full/0/default.jpg
datée	O	O	O	O	O	O	_	_	_	_	_	_
de	O	O	O	O	O	O	_	_	_	_	_	_
.	O	O	O	O	O	O	_	_	_	_	_	_
Moscou	O	O	O	O	O	O	_	_	_	_	_	_
,	O	O	O	O	O	O	_	_	_	_	_	_
2	O	O	O	O	O	O	_	_	_	_	_	_
G	O	O	O	O	O	O	_	_	_	_	_	_
juin	O	O	O	O	O	O	_	_	_	_	_	_
,	O	O	O	O	O	O	_	_	_	_	_	_
2	O	O	O	O	O	O	_	_	_	_	_	_
h	O	O	O	O	O	O	_	_	_	_	_	_
.	O	O	O	O	O	O	_	_	_	_	_	_
40	O	O	O	O	O	O	_	_	_	_	_	_
,	O	O	O	O	O	O	_	_	_	_	_	_
ost	O	O	O	O	O	O	_	_	EndOfLine	_	_	_
# segment_iiif_link = https://impresso-project.ch/api/proxy/iiif/LLE-1923-06-27-a-p0001/2275,3593,701,63/full/0/default.jpg
libellée	O	O	O	O	O	O	_	_	_	_	_	_
exactement	O	O	O	O	O	O	_	_	_	_	_	_
ainsi	O	O	O	O	O	O	_	_	_	_	_	_
:	O	O	O	O	O	O	_	_	_	_	_	_
«	O	O	O	O	O	O	_	_	_	_	_	_
Paèriarebe	O	O	O	O	O	O	_	_	_	_	_	_
libéré	O	O	O	O	O	O	_	_	_	_	_	_
,	O	O	O	O	O	O	_	_	EndOfLine	_	_	_
# segment_iiif_link = https://impresso-project.ch/api/proxy/iiif/LLE-1923-06-27-a-p0001/2277,3628,697,66/full/0/default.jpg
détails	O	O	O	O	O	O	_	_	_	_	_	_
suivront	O	O	O	O	O	O	_	_	_	_	_	_
.	O	O	O	O	O	O	_	_	_	_	_	_
»	O	O	O	O	O	O	_	_	_	_	_	_
Nous	O	O	O	O	O	O	_	_	_	_	_	_
avons	O	O	O	O	O	O	_	_	_	_	_	_
pensé	O	O	O	O	O	O	_	_	_	_	_	_
,	O	O	O	O	O	O	_	_	_	_	_	_
ajoute	O	O	O	O	O	O	_	_	EndOfLine	_	_	_
# segment_iiif_link = https://impresso-project.ch/api/proxy/iiif/LLE-1923-06-27-a-p0001/2277,3665,695,66/full/0/default.jpg
lAgence	O	O	O	O	O	O	_	_	_	_	_	_
Havas	B-org	O	B-org.ent.pressagency.Havas	O	O	O	Q2826560	_	_	_	LED0.00	_
,	O	O	O	O	O	O	_	_	_	_	_	_
quil	O	O	O	O	O	O	_	_	_	_	_	_
sagissait	O	O	O	O	O	O	_	_	_	_	_	_
dn	O	O	O	O	O	O	_	_	_	_	_	_
patriarche	O	O	O	O	O	O	_	_	EndOfLine	Partial-0:3	LED0.00	_
# segment_iiif_link = https://impresso-project.ch/api/proxy/iiif/LLE-1923-06-27-a-p0001/2277,3703,129,64/full/0/default.jpg
Tilkhon	O	O	O	O	O	O	_	_	_	_	_	_
.	O	O	O	O	O	O	_	_	_	_	_	_
)	O	O	O	O	O	O	_	_	EndOfLine	_	_	_
# segment_iiif_link = https://impresso-project.ch/api/proxy/iiif/LLE-1923-06-27-a-p0001/2310,3745,666,63/full/0/default.jpg
,	O	O	O	O	O	O	_	_	_	_	_	_
Dautre	O	O	O	O	O	O	_	_	_	_	_	_
part	O	O	O	O	O	O	_	_	_	_	_	_
,	O	O	O	O	O	O	_	_	_	_	_	_
lagence	O	O	O	O	O	O	_	_	_	_	_	_
-	O	O	O	O	O	O	_	_	NoSpaceAfter	_	_	_
.	O	O	O	O	O	O	_	_	_	EndOfSentence	_	_
Router	O	O	O	O	O	O	_	_	_	_	_	_
a	O	O	O	O	O	O	_	_	_	_	_	_
publié	O	O	O	O	O	O	_	_	_	_	_	_
la	O	O	O	O	O	O	_	_	_	_	_	_
.	O	O	O	O	O	O	_	_	EndOfLine	EndOfSentence	_	_
# segment_iiif_link = https://impresso-project.ch/api/proxy/iiif/LLE-1923-06-27-a-p0001/2277,3780,437,64/full/0/default.jpg
dépêche	O	O	O	O	O	O	_	_	_	_	_	_
FU	O	O	O	O	O	O	_	_	_	_	_	_
.	O	O	O	O	O	O	_	_	_	EndOfSentence	_	_
vvanta	O	O	O	O	O	O	_	_	_	_	_	_
de	O	O	O	O	O	O	_	_	_	_	_	_
(	O	O	O	O	O	O	_	_	_	_	_	_
Riga	O	O	O	O	O	O	_	_	_	_	_	_
.	O	O	O	O	O	O	_	_	_	EndOfSentence	_	_
:	O	O	O	O	O	O	_	_	_	_	_	_
.	O	O	O	O	O	O	_	_	EndOfLine	EndOfSentence	_	_
# segment_iiif_link = https://impresso-project.ch/api/proxy/iiif/LLE-1923-06-27-a-p0001/2317,3826,645,64/full/0/default.jpg
«	O	O	O	O	O	O	_	_	_	_	_	_
Suivante	O	O	O	O	O	O	_	_	_	_	_	_
les	O	O	O	O	O	O	_	_	_	_	_	_
journaux	O	O	O	O	O	O	_	_	_	_	_	_
esthonions	O	O	O	O	O	O	_	_	_	_	_	_
,	O	O	O	O	O	O	_	_	_	_	_	_
le	O	O	O	O	O	O	_	_	EndOfLine	_	_	_
# segment_iiif_link = https://impresso-project.ch/api/proxy/iiif/LLE-1923-06-27-a-p0001/2279,3863,685,64/full/0/default.jpg
patriarche	O	O	O	O	O	O	_	_	_	_	_	_
Tiklhon	O	O	O	O	O	O	_	_	_	_	_	_
.	O	O	O	O	O	O	_	_	_	_	_	_
soraib	O	O	O	O	O	O	_	_	_	_	_	_
mort	O	O	O	O	O	O	_	_	_	_	_	_
en	O	O	O	O	O	O	_	_	_	_	_	_
prison	O	O	O	O	O	O	_	_	_	_	_	_
à	O	O	O	O	O	O	_	_	EndOfLine	_	_	_
# segment_iiif_link = https://impresso-project.ch/api/proxy/iiif/LLE-1923-06-27-a-p0001/2279,3901,693,64/full/0/default.jpg
Moscou	O	O	O	O	O	O	_	_	_	_	_	_
,	O	O	O	O	O	O	_	_	_	_	_	_
lo	O	O	O	O	O	O	_	_	_	_	_	_
IG	O	O	O	O	O	O	_	_	_	_	_	_
jnin	O	O	O	O	O	O	_	_	_	_	_	_
.	O	O	O	O	O	O	_	_	_	_	_	_
Lo	O	O	O	O	O	O	_	_	_	_	_	_
bruit	O	O	O	O	O	O	_	_	_	_	_	_
courte	O	O	O	O	O	O	_	_	_	_	_	_
quil	O	O	O	O	O	O	_	_	_	_	_	_
aurait	O	O	O	O	O	O	_	_	EndOfLine	_	_	_
# segment_iiif_link = https://impresso-project.ch/api/proxy/iiif/LLE-1923-06-27-a-p0001/2281,3936,685,64/full/0/default.jpg
été	O	O	O	O	O	O	_	_	_	_	_	_
empoisonné	O	O	O	O	O	O	_	_	_	_	_	_
pair	O	O	O	O	O	O	_	_	_	_	_	_
Jèfe	O	O	O	O	O	O	_	_	_	_	_	_
bolchévistes	O	O	O	O	O	O	_	_	_	_	_	_
.	O	O	O	O	O	O	_	_	_	_	_	_
!	O	O	O	O	O	O	_	_	_	_	_	_
Le	O	O	O	O	O	O	_	_	_	_	_	_
®	O	O	O	O	O	O	_	_	EndOfLine	_	_	_
# segment_iiif_link = https://impresso-project.ch/api/proxy/iiif/LLE-1923-06-27-a-p0001/2279,3972,693,63/full/0/default.jpg
personnes	O	O	O	O	O	O	_	_	_	_	_	_
qui	O	O	O	O	O	O	_	_	_	_	_	_
-	O	O	O	O	O	O	_	_	NoSpaceAfter	_	_	_
arrivent	O	O	O	O	O	O	_	_	_	_	_	_
do	O	O	O	O	O	O	_	_	_	_	_	_
Moscou	O	O	O	O	O	O	_	_	_	_	_	_
ne	O	O	O	O	O	O	_	_	_	_	_	_
peuvent	O	O	O	O	O	O	_	_	_	_	_	_
ni	O	O	O	O	O	O	_	_	EndOfLine	_	_	_
# segment_iiif_link = https://impresso-project.ch/api/proxy/iiif/LLE-1923-06-27-a-p0001/2283,4009,608,64/full/0/default.jpg
confirmer	O	O	O	O	O	O	_	_	_	_	_	_
mi	O	O	O	O	O	O	_	_	_	_	_	_
infirmier	O	O	O	O	O	O	_	_	_	_	_	_
cette	O	O	O	O	O	O	_	_	_	_	_	_
noai	O	O	O	O	O	O	_	_	_	_	_	_
.	O	O	O	O	O	O	_	_	_	_	_	_
vel	O	O	O	O	O	O	_	_	_	_	_	_
.	O	O	O	O	O	O	_	_	_	_	_	_
le	O	O	O	O	O	O	_	_	_	_	_	_
.	O	O	O	O	O	O	_	_	_	_	_	_
»	O	O	O	O	O	O	_	_	EndOfLine	_	_	_
# segment_iiif_link = https://impresso-project.ch/api/proxy/iiif/LLE-1923-06-27-a-p0001/2673,4059,276,64/full/0/default.jpg
Londres	O	O	O	O	O	O	_	_	_	_	_	_
,	O	O	O	O	O	O	_	_	_	_	_	_
27	O	O	O	O	O	O	_	_	_	_	_	_
juin	O	O	O	O	O	O	_	_	_	_	_	_
.	O	O	O	O	O	O	_	_	EndOfLine	EndOfSentence	_	_
# segment_iiif_link = https://impresso-project.ch/api/proxy/iiif/LLE-1923-06-27-a-p0001/2321,4107,655,64/full/0/default.jpg
(	O	O	O	O	O	O	_	_	_	_	_	_
Reuter	B-org	O	B-org.ent.pressagency.Reuters	O	O	O	Q130879	_	_	_	LED0.00	_
.	O	O	O	O	O	O	_	_	_	_	_	_
)	O	O	O	O	O	O	_	_	_	_	_	_
—	O	O	O	O	O	O	_	_	_	_	_	_
L	O	O	O	O	O	O	_	_	_	_	_	_
agence	O	O	O	O	O	O	_	_	_	_	_	_
(	O	O	O	O	O	O	_	_	_	_	_	_
Router	O	O	O	O	O	O	_	_	_	_	_	_
a	O	O	O	O	O	O	_	_	_	_	_	_
reçu	O	O	O	O	O	O	_	_	_	_	_	_
,	O	O	O	O	O	O	_	_	_	_	_	_
en	O	O	O	O	O	O	_	_	EndOfLine	_	_	_
# segment_iiif_link = https://impresso-project.ch/api/proxy/iiif/LLE-1923-06-27-a-p0001/2283,4145,696,63/full/0/default.jpg
date	O	O	O	O	O	O	_	_	_	_	_	_
du	O	O	O	O	O	O	_	_	_	_	_	_
.	O	O	O	O	O	O	_	_	_	EndOfSentence	_	_
2	O	O	O	O	O	O	_	_	_	_	_	_
G	O	O	O	O	O	O	_	_	_	_	_	_
juin	O	O	O	O	O	O	_	_	_	_	_	_
,	O	O	O	O	O	O	_	_	_	_	_	_
un	O	O	O	O	O	O	_	_	_	_	_	_
télégramme	O	O	O	O	O	O	_	_	_	_	_	_
de	O	O	O	O	O	O	_	_	_	_	_	_
Moscou	O	O	O	O	O	O	_	_	_	_	_	_
,	O	O	O	O	O	O	_	_	EndOfLine	_	_	_
# segment_iiif_link = https://impresso-project.ch/api/proxy/iiif/LLE-1923-06-27-a-p0001/2283,4180,696,64/full/0/default.jpg
annonçant	O	O	O	O	O	O	_	_	_	_	_	_
,	O	O	O	O	O	O	_	_	_	_	_	_
oontrairoment	O	O	O	O	O	O	_	_	_	_	_	_
à	O	O	O	O	O	O	_	_	_	_	_	_
dos	O	O	O	O	O	O	_	_	_	_	_	_
nouvelles	O	O	O	O	O	O	_	_	_	_	_	_
die	O	O	O	O	O	O	_	_	EndOfLine	_	_	_
# segment_iiif_link = https://impresso-project.ch/api/proxy/iiif/LLE-1923-06-27-a-p0001/2283,4218,693,65/full/0/default.jpg
itiga	O	O	O	O	O	O	_	_	_	_	_	_
,	O	O	O	O	O	O	_	_	_	_	_	_
que	O	O	O	O	O	O	_	_	_	_	_	_
lie	O	O	O	O	O	O	_	_	_	_	_	_
patiriarehe	O	O	O	O	O	O	_	_	_	_	_	_
Tikhon	O	O	O	O	O	O	_	_	_	_	_	_
a	O	O	O	O	O	O	_	_	_	_	_	_
été	O	O	O	O	O	O	_	_	_	_	_	_
tamis	O	O	O	O	O	O	_	_	EndOfLine	_	_	_
# segment_iiif_link = https://impresso-project.ch/api/proxy/iiif/LLE-1923-06-27-a-p0001/2283,4255,381,64/full/0/default.jpg
en	O	O	O	O	O	O	_	_	_	_	_	_
liberté	O	O	O	O	O	O	_	_	_	_	_	_
ce	O	O	O	O	O	O	_	_	_	_	_	_
jour	O	O	O	O	O	O	_	_	_	_	_	_
même	O	O	O	O	O	O	_	_	_	_	_	_
.	O	O	O	O	O	O	_	_	EndOfLine	EndOfSentence	_	_

# language = fr
# newspaper = LLE
# date = 1940-06-03
# document_id = LLE-1940-06-03-a-i0017
# news-agency-as-source = Q493845, Q2826560
# segment_iiif_link = https://impresso-project.ch/api/proxy/iiif/LLE-1940-06-03-a-p0005/1917,82,1508,228/full/0/default.jpg
de	O	O	O	O	O	O	_	_	_	_	_	_
la	O	O	O	O	O	O	_	_	_	_	_	_
dernière	O	O	O	O	O	O	_	_	_	_	_	_
heure	O	O	O	O	O	O	_	_	EndOfLine	_	_	_
# segment_iiif_link = https://impresso-project.ch/api/proxy/iiif/LLE-1940-06-03-a-p0005/1873,311,850,64/full/0/default.jpg
lui	O	O	O	O	O	O	_	_	_	_	_	_
assigne	O	O	O	O	O	O	_	_	_	_	_	_
le	O	O	O	O	O	O	_	_	_	_	_	_
devoir	O	O	O	O	O	O	_	_	_	_	_	_
commun	O	O	O	O	O	O	_	_	_	_	_	_
.	O	O	O	O	O	O	_	_	_	EndOfSentence	_	_
Il	O	O	O	O	O	O	_	_	_	_	_	_
ne	O	O	O	O	O	O	_	_	_	_	_	_
s	O	O	O	O	O	O	_	_	_	_	_	_
agit	O	O	O	O	O	O	_	_	_	_	_	_
plus	O	O	O	O	O	O	_	_	EndOfLine	_	_	_
# segment_iiif_link = https://impresso-project.ch/api/proxy/iiif/LLE-1940-06-03-a-p0005/1873,355,850,64/full/0/default.jpg
de	O	O	O	O	O	O	_	_	_	_	_	_
professer	O	O	O	O	O	O	_	_	_	_	_	_
l	O	O	O	O	O	O	_	_	_	_	_	_
optimisme	O	O	O	O	O	O	_	_	_	_	_	_
ou	O	O	O	O	O	O	_	_	_	_	_	_
le	O	O	O	O	O	O	_	_	_	_	_	_
pessimisme	O	O	O	O	O	O	_	_	_	_	_	_
;	O	O	O	O	O	O	_	_	_	_	_	_
il	O	O	O	O	O	O	_	_	EndOfLine	_	_	_
# segment_iiif_link = https://impresso-project.ch/api/proxy/iiif/LLE-1940-06-03-a-p0005/1873,397,852,63/full/0/default.jpg
s	O	O	O	O	O	O	_	_	_	_	_	_
agit	O	O	O	O	O	O	_	_	_	_	_	_
seulement	O	O	O	O	O	O	_	_	_	_	_	_
de	O	O	O	O	O	O	_	_	_	_	_	_
reconnaître	O	O	O	O	O	O	_	_	_	_	_	_
que	O	O	O	O	O	O	_	_	_	_	_	_
lAllemagne	O	O	O	O	O	O	_	_	EndOfLine	_	_	_
# segment_iiif_link = https://impresso-project.ch/api/proxy/iiif/LLE-1940-06-03-a-p0005/1871,442,852,64/full/0/default.jpg
n	O	O	O	O	O	O	_	_	_	_	_	_
ayant	O	O	O	O	O	O	_	_	_	_	_	_
pas	O	O	O	O	O	O	_	_	_	_	_	_
atteint	O	O	O	O	O	O	_	_	_	_	_	_
immédiatement	O	O	O	O	O	O	_	_	_	_	_	_
son	O	O	O	O	O	O	_	_	_	_	_	_
but	O	O	O	O	O	O	_	_	_	_	_	_
,	O	O	O	O	O	O	_	_	_	_	_	_
il	O	O	O	O	O	O	_	_	_	_	_	_
lui	O	O	O	O	O	O	_	_	EndOfLine	_	_	_
# segment_iiif_link = https://impresso-project.ch/api/proxy/iiif/LLE-1940-06-03-a-p0005/1871,486,852,64/full/0/default.jpg
est	O	O	O	O	O	O	_	_	_	_	_	_
à	O	O	O	O	O	O	_	_	_	_	_	_
peu	O	O	O	O	O	O	_	_	_	_	_	_
près	O	O	O	O	O	O	_	_	_	_	_	_
impossible	O	O	O	O	O	O	_	_	_	_	_	_
de	O	O	O	O	O	O	_	_	_	_	_	_
nc	O	O	O	O	O	O	_	_	_	_	_	_
pas	O	O	O	O	O	O	_	_	_	_	_	_
revenir	O	O	O	O	O	O	_	_	_	_	_	_
à	O	O	O	O	O	O	_	_	_	_	_	_
la	O	O	O	O	O	O	_	_	EndOfLine	_	_	_
# segment_iiif_link = https://impresso-project.ch/api/proxy/iiif/LLE-1940-06-03-a-p0005/1871,528,852,64/full/0/default.jpg
charge	O	O	O	O	O	O	_	_	_	_	_	_
,	O	O	O	O	O	O	_	_	_	_	_	_
même	O	O	O	O	O	O	_	_	_	_	_	_
si	O	O	O	O	O	O	_	_	_	_	_	_
son	O	O	O	O	O	O	_	_	_	_	_	_
élan	O	O	O	O	O	O	_	_	_	_	_	_
est	O	O	O	O	O	O	_	_	_	_	_	_
ralenti	O	O	O	O	O	O	_	_	_	_	_	_
,	O	O	O	O	O	O	_	_	_	_	_	_
même	O	O	O	O	O	O	_	_	_	_	_	_
si	O	O	O	O	O	O	_	_	EndOfLine	_	_	_
# segment_iiif_link = https://impresso-project.ch/api/proxy/iiif/LLE-1940-06-03-a-p0005/1871,574,641,63/full/0/default.jpg
ses	O	O	O	O	O	O	_	_	_	_	_	_
forces	O	O	O	O	O	O	_	_	_	_	_	_
agressives	O	O	O	O	O	O	_	_	_	_	_	_
sont	O	O	O	O	O	O	_	_	_	_	_	_
diminuées	O	O	O	O	O	O	_	_	_	_	_	_
.	O	O	O	O	O	O	_	_	EndOfLine	EndOfSentence	_	_
# segment_iiif_link = https://impresso-project.ch/api/proxy/iiif/LLE-1940-06-03-a-p0005/1956,619,767,64/full/0/default.jpg
Dan	O	O	O	O	O	O	_	_	_	_	_	_
.	O	O	O	O	O	O	_	_	_	EndOfSentence	_	_
s	O	O	O	O	O	O	_	_	_	_	_	_
le	O	O	O	O	O	O	_	_	_	_	_	_
domaine	O	O	O	O	O	O	_	_	_	_	_	_
militaire	O	O	O	O	O	O	_	_	_	_	_	_
comme	O	O	O	O	O	O	_	_	_	_	_	_
dans	O	O	O	O	O	O	_	_	EndOfLine	_	_	_
# segment_iiif_link = https://impresso-project.ch/api/proxy/iiif/LLE-1940-06-03-a-p0005/1871,663,850,64/full/0/default.jpg
I	O	O	O	O	O	O	_	_	_	_	_	_
ordre	O	O	O	O	O	O	_	_	_	_	_	_
diplomatique	O	O	O	O	O	O	_	_	_	_	_	_
,	O	O	O	O	O	O	_	_	_	_	_	_
il	O	O	O	O	O	O	_	_	_	_	_	_
est	O	O	O	O	O	O	_	_	_	_	_	_
donc	O	O	O	O	O	O	_	_	_	_	_	_
sage	O	O	O	O	O	O	_	_	_	_	_	_
cle	O	O	O	O	O	O	_	_	_	_	_	_
prévoii	O	O	O	O	O	O	_	_	EndOfLine	_	_	_
# segment_iiif_link = https://impresso-project.ch/api/proxy/iiif/LLE-1940-06-03-a-p0005/1869,705,852,64/full/0/default.jpg
que	O	O	O	O	O	O	_	_	_	_	_	_
,	O	O	O	O	O	O	_	_	_	_	_	_
sous	O	O	O	O	O	O	_	_	_	_	_	_
une	O	O	O	O	O	O	_	_	_	_	_	_
tonne	O	O	O	O	O	O	_	_	_	_	_	_
ou	O	O	O	O	O	O	_	_	_	_	_	_
sous	O	O	O	O	O	O	_	_	_	_	_	_
une	O	O	O	O	O	O	_	_	_	_	_	_
autre	O	O	O	O	O	O	_	_	_	_	_	_
,	O	O	O	O	O	O	_	_	_	_	_	_
nous	O	O	O	O	O	O	_	_	EndOfLine	_	_	_
# segment_iiif_link = https://impresso-project.ch/api/proxy/iiif/LLE-1940-06-03-a-p0005/1871,749,850,63/full/0/default.jpg
verrons	O	O	O	O	O	O	_	_	_	_	_	_
se	O	O	O	O	O	O	_	_	_	_	_	_
produire	O	O	O	O	O	O	_	_	_	_	_	_
elo	O	O	O	O	O	O	_	_	_	_	_	_
nouvelles	O	O	O	O	O	O	_	_	_	_	_	_
offensives	O	O	O	O	O	O	_	_	EndOfLine	_	_	_
# segment_iiif_link = https://impresso-project.ch/api/proxy/iiif/LLE-1940-06-03-a-p0005/1869,790,843,66/full/0/default.jpg
allemandes	O	O	O	O	O	O	_	_	_	_	_	_
.	O	O	O	O	O	O	_	_	_	EndOfSentence	_	_
La	O	O	O	O	O	O	_	_	_	_	_	_
ruse	O	O	O	O	O	O	_	_	_	_	_	_
et	O	O	O	O	O	O	_	_	_	_	_	_
la	O	O	O	O	O	O	_	_	_	_	_	_
violence	O	O	O	O	O	O	_	_	_	_	_	_
de	O	O	O	O	O	O	_	_	_	_	_	_
nos	O	O	O	O	O	O	_	_	EndOfLine	_	_	_
# segment_iiif_link = https://impresso-project.ch/api/proxy/iiif/LLE-1940-06-03-a-p0005/1869,836,843,64/full/0/default.jpg
ennemis	O	O	O	O	O	O	_	_	_	_	_	_
y	O	O	O	O	O	O	_	_	_	_	_	_
joueront	O	O	O	O	O	O	_	_	_	_	_	_
leur	O	O	O	O	O	O	_	_	_	_	_	_
rôle	O	O	O	O	O	O	_	_	_	_	_	_
;	O	O	O	O	O	O	_	_	_	_	_	_
mais	O	O	O	O	O	O	_	_	_	_	_	_
nous	O	O	O	O	O	O	_	_	_	_	_	_
n	O	O	O	O	O	O	_	_	_	_	_	_
en	O	O	O	O	O	O	_	_	EndOfLine	_	_	_
# segment_iiif_link = https://impresso-project.ch/api/proxy/iiif/LLE-1940-06-03-a-p0005/1869,878,843,64/full/0/default.jpg
sommes	O	O	O	O	O	O	_	_	_	_	_	_
heureusement	O	O	O	O	O	O	_	_	_	_	_	_
plus	O	O	O	O	O	O	_	_	_	_	_	_
à	O	O	O	O	O	O	_	_	_	_	_	_
nons	O	O	O	O	O	O	_	_	_	_	_	_
en	O	O	O	O	O	O	_	_	_	_	_	_
trouver	O	O	O	O	O	O	_	_	EndOfLine	_	_	_
# segment_iiif_link = https://impresso-project.ch/api/proxy/iiif/LLE-1940-06-03-a-p0005/1871,922,848,63/full/0/default.jpg
surpris	O	O	O	O	O	O	_	_	_	_	_	_
.	O	O	O	O	O	O	_	_	_	EndOfSentence	_	_
Tout	O	O	O	O	O	O	_	_	_	_	_	_
est	O	O	O	O	O	O	_	_	_	_	_	_
prêt	O	O	O	O	O	O	_	_	_	_	_	_
ou	O	O	O	O	O	O	_	_	_	_	_	_
tout	O	O	O	O	O	O	_	_	_	_	_	_
s	O	O	O	O	O	O	_	_	_	_	_	_
apprête	O	O	O	O	O	O	_	_	_	_	_	_
à	O	O	O	O	O	O	_	_	_	_	_	_
tenir	O	O	O	O	O	O	_	_	_	_	_	_
tète	O	O	O	O	O	O	_	_	EndOfLine	_	_	_
# segment_iiif_link = https://impresso-project.ch/api/proxy/iiif/LLE-1940-06-03-a-p0005/1869,965,850,66/full/0/default.jpg
à	O	O	O	O	O	O	_	_	_	_	_	_
lAllemand	O	O	O	O	O	O	_	_	_	_	_	_
.	O	O	O	O	O	O	_	_	_	EndOfSentence	_	_
Les	O	O	O	O	O	O	_	_	_	_	_	_
fautes	O	O	O	O	O	O	_	_	_	_	_	_
commises	O	O	O	O	O	O	_	_	_	_	_	_
hier	O	O	O	O	O	O	_	_	_	_	_	_
ont	O	O	O	O	O	O	_	_	EndOfLine	_	_	_
# segment_iiif_link = https://impresso-project.ch/api/proxy/iiif/LLE-1940-06-03-a-p0005/1869,1009,856,64/full/0/default.jpg
porté	O	O	O	O	O	O	_	_	_	_	_	_
leçon	O	O	O	O	O	O	_	_	_	_	_	_
.	O	O	O	O	O	O	_	_	_	EndOfSentence	_	_
Des	O	O	O	O	O	O	_	_	_	_	_	_
troupes	O	O	O	O	O	O	_	_	_	_	_	_
aguerries	O	O	O	O	O	O	_	_	_	_	_	_
ont	O	O	O	O	O	O	_	_	_	_	_	_
derrière	O	O	O	O	O	O	_	_	EndOfLine	_	_	_
# segment_iiif_link = https://impresso-project.ch/api/proxy/iiif/LLE-1940-06-03-a-p0005/1869,1053,852,63/full/0/default.jpg
elles	O	O	O	O	O	O	_	_	_	_	_	_
une	O	O	O	O	O	O	_	_	_	_	_	_
population	O	O	O	O	O	O	_	_	_	_	_	_
décidée	O	O	O	O	O	O	_	_	_	_	_	_
à	O	O	O	O	O	O	_	_	_	_	_	_
ne	O	O	O	O	O	O	_	_	_	_	_	_
sc	O	O	O	O	O	O	_	_	_	_	_	_
laisser	O	O	O	O	O	O	_	_	EndOfLine	_	_	_
# segment_iiif_link = https://impresso-project.ch/api/proxy/iiif/LLE-1940-06-03-a-p0005/1869,1094,839,64/full/0/default.jpg
émouvoir	O	O	O	O	O	O	_	_	_	_	_	_
par	O	O	O	O	O	O	_	_	_	_	_	_
aucune	O	O	O	O	O	O	_	_	_	_	_	_
menace	O	O	O	O	O	O	_	_	_	_	_	_
ni	O	O	O	O	O	O	_	_	_	_	_	_
même	O	O	O	O	O	O	_	_	_	_	_	_
par	O	O	O	O	O	O	_	_	EndOfLine	_	_	_
# segment_iiif_link = https://impresso-project.ch/api/proxy/iiif/LLE-1940-06-03-a-p0005/1869,1140,854,64/full/0/default.jpg
aucun	O	O	O	O	O	O	_	_	_	_	_	_
danger	O	O	O	O	O	O	_	_	_	_	_	_
,	O	O	O	O	O	O	_	_	_	_	_	_
ol	O	O	O	O	O	O	_	_	_	_	_	_
si	O	O	O	O	O	O	_	_	_	_	_	_
nos	O	O	O	O	O	O	_	_	_	_	_	_
armées	O	O	O	O	O	O	_	_	_	_	_	_
nous	O	O	O	O	O	O	_	_	_	_	_	_
servent	O	O	O	O	O	O	_	_	EndOfLine	_	_	_
# segment_iiif_link = https://impresso-project.ch/api/proxy/iiif/LLE-1940-06-03-a-p0005/1869,1184,854,64/full/0/default.jpg
d	O	O	O	O	O	O	_	_	_	_	_	_
exemple	O	O	O	O	O	O	_	_	_	_	_	_
,	O	O	O	O	O	O	_	_	_	_	_	_
nous	O	O	O	O	O	O	_	_	_	_	_	_
leur	O	O	O	O	O	O	_	_	_	_	_	_
apportons	O	O	O	O	O	O	_	_	_	_	_	_
en	O	O	O	O	O	O	_	_	_	_	_	_
relour	O	O	O	O	O	O	_	_	_	_	_	_
le	O	O	O	O	O	O	_	_	EndOfLine	_	_	_
# segment_iiif_link = https://impresso-project.ch/api/proxy/iiif/LLE-1940-06-03-a-p0005/1871,1228,841,63/full/0/default.jpg
réconfort	O	O	O	O	O	O	_	_	_	_	_	_
de	O	O	O	O	O	O	_	_	_	_	_	_
noire	O	O	O	O	O	O	_	_	_	_	_	_
aide	O	O	O	O	O	O	_	_	_	_	_	_
,	O	O	O	O	O	O	_	_	_	_	_	_
morale	O	O	O	O	O	O	_	_	_	_	_	_
cl	O	O	O	O	O	O	_	_	_	_	_	_
de	O	O	O	O	O	O	_	_	_	_	_	_
notre	O	O	O	O	O	O	_	_	EndOfLine	_	_	_
# segment_iiif_link = https://impresso-project.ch/api/proxy/iiif/LLE-1940-06-03-a-p0005/1871,1267,850,64/full/0/default.jpg
soulien	O	O	O	O	O	O	_	_	_	_	_	_
matériel	O	O	O	O	O	O	_	_	_	_	_	_
.	O	O	O	O	O	O	_	_	_	EndOfSentence	_	_
La	O	O	O	O	O	O	_	_	_	_	_	_
France	O	O	O	O	O	O	_	_	_	_	_	_
est	O	O	O	O	O	O	_	_	_	_	_	_
tout	O	O	O	O	O	O	_	_	_	_	_	_
entière	O	O	O	O	O	O	_	_	_	_	_	_
sous	O	O	O	O	O	O	_	_	EndOfLine	_	_	_
# segment_iiif_link = https://impresso-project.ch/api/proxy/iiif/LLE-1940-06-03-a-p0005/1871,1313,852,64/full/0/default.jpg
les	O	O	O	O	O	O	_	_	_	_	_	_
armes	O	O	O	O	O	O	_	_	_	_	_	_
—	O	O	O	O	O	O	_	_	_	_	_	_
car	O	O	O	O	O	O	_	_	_	_	_	_
lc	O	O	O	O	O	O	_	_	_	_	_	_
non	O	O	O	O	O	O	_	_	NoSpaceAfter	_	_	_
-	O	O	O	O	O	O	_	_	NoSpaceAfter	_	_	_
combattant	O	O	O	O	O	O	_	_	_	_	_	_
dispose	O	O	O	O	O	O	_	_	_	_	_	_
lui	O	O	O	O	O	O	_	_	EndOfLine	_	_	_
# segment_iiif_link = https://impresso-project.ch/api/proxy/iiif/LLE-1940-06-03-a-p0005/1869,1355,854,64/full/0/default.jpg
aussi	O	O	O	O	O	O	_	_	_	_	_	_
d	O	O	O	O	O	O	_	_	_	_	_	_
une	O	O	O	O	O	O	_	_	_	_	_	_
arme	O	O	O	O	O	O	_	_	_	_	_	_
invincible	O	O	O	O	O	O	_	_	_	_	_	_
qui	O	O	O	O	O	O	_	_	_	_	_	_
est	O	O	O	O	O	O	_	_	_	_	_	_
faite	O	O	O	O	O	O	_	_	_	_	_	_
de	O	O	O	O	O	O	_	_	_	_	_	_
sa	O	O	O	O	O	O	_	_	EndOfLine	_	_	_
# segment_iiif_link = https://impresso-project.ch/api/proxy/iiif/LLE-1940-06-03-a-p0005/1867,1399,858,63/full/0/default.jpg
patience	O	O	O	O	O	O	_	_	_	_	_	_
,	O	O	O	O	O	O	_	_	_	_	_	_
de	O	O	O	O	O	O	_	_	_	_	_	_
son	O	O	O	O	O	O	_	_	_	_	_	_
confiance	O	O	O	O	O	O	_	_	_	_	_	_
,	O	O	O	O	O	O	_	_	_	_	_	_
dc	O	O	O	O	O	O	_	_	_	_	_	_
sa	O	O	O	O	O	O	_	_	_	_	_	_
fermeté	O	O	O	O	O	O	_	_	_	_	_	_
dâme	O	O	O	O	O	O	_	_	_	_	_	_
,	O	O	O	O	O	O	_	_	EndOfLine	_	_	_
# segment_iiif_link = https://impresso-project.ch/api/proxy/iiif/LLE-1940-06-03-a-p0005/1908,1438,804,64/full/0/default.jpg
«	O	O	O	O	O	O	_	_	_	_	_	_
Si	O	O	O	O	O	O	_	_	_	_	_	_
ingénieuse	O	O	O	O	O	O	_	_	_	_	_	_
qu	O	O	O	O	O	O	_	_	_	_	_	_
ail	O	O	O	O	O	O	_	_	_	_	_	_
été	O	O	O	O	O	O	_	_	_	_	_	_
lAllemagne	O	O	O	O	O	O	_	_	_	_	_	_
hitlé	O	O	O	O	O	O	_	_	EndOfLine	_	_	_
# segment_iiif_link = https://impresso-project.ch/api/proxy/iiif/LLE-1940-06-03-a-p0005/1867,1486,858,64/full/0/default.jpg
rienne	O	O	O	O	O	O	_	_	_	_	_	_
dans	O	O	O	O	O	O	_	_	_	_	_	_
la	O	O	O	O	O	O	_	_	_	_	_	_
perpétration	O	O	O	O	O	O	_	_	_	_	_	_
de	O	O	O	O	O	O	_	_	_	_	_	_
ses	O	O	O	O	O	O	_	_	_	_	_	_
crimes	O	O	O	O	O	O	_	_	_	_	_	_
contre	O	O	O	O	O	O	_	_	EndOfLine	_	_	_
# segment_iiif_link = https://impresso-project.ch/api/proxy/iiif/LLE-1940-06-03-a-p0005/1867,1528,856,63/full/0/default.jpg
la	O	O	O	O	O	O	_	_	_	_	_	_
civilisation	O	O	O	O	O	O	_	_	_	_	_	_
,	O	O	O	O	O	O	_	_	_	_	_	_
ello	O	O	O	O	O	O	_	_	_	_	_	_
.	O	O	O	O	O	O	_	_	_	EndOfSentence	_	_
a	O	O	O	O	O	O	_	_	_	_	_	_
péché	O	O	O	O	O	O	_	_	_	_	_	_
en	O	O	O	O	O	O	_	_	_	_	_	_
sous	O	O	O	O	O	O	_	_	NoSpaceAfter	_	_	_
-	O	O	O	O	O	O	_	_	NoSpaceAfter	_	_	_
estimant	O	O	O	O	O	O	_	_	_	_	_	_
à	O	O	O	O	O	O	_	_	_	_	_	_
la	O	O	O	O	O	O	_	_	EndOfLine	_	_	_
# segment_iiif_link = https://impresso-project.ch/api/proxy/iiif/LLE-1940-06-03-a-p0005/1867,1569,862,64/full/0/default.jpg
l	O	O	O	O	O	O	_	_	_	_	_	_
ois	O	O	O	O	O	O	_	_	_	_	_	_
el	O	O	O	O	O	O	_	_	_	_	_	_
notre	O	O	O	O	O	O	_	_	_	_	_	_
valeur	O	O	O	O	O	O	_	_	_	_	_	_
militaire	O	O	O	O	O	O	_	_	_	_	_	_
,	O	O	O	O	O	O	_	_	_	_	_	_
et	O	O	O	O	O	O	_	_	_	_	_	_
noire	O	O	O	O	O	O	_	_	_	_	_	_
bon	O	O	O	O	O	O	_	_	_	_	_	_
sens	O	O	O	O	O	O	_	_	EndOfLine	_	_	_
# segment_iiif_link = https://impresso-project.ch/api/proxy/iiif/LLE-1940-06-03-a-p0005/1869,1617,860,64/full/0/default.jpg
et	O	O	O	O	O	O	_	_	_	_	_	_
notre	O	O	O	O	O	O	_	_	_	_	_	_
patriotisme	O	O	O	O	O	O	_	_	_	_	_	_
.	O	O	O	O	O	O	_	_	_	EndOfSentence	_	_
Par	O	O	O	O	O	O	_	_	_	_	_	_
les	O	O	O	O	O	O	_	_	_	_	_	_
mille	O	O	O	O	O	O	_	_	_	_	_	_
et	O	O	O	O	O	O	_	_	_	_	_	_
un	O	O	O	O	O	O	_	_	_	_	_	_
moyens	O	O	O	O	O	O	_	_	EndOfLine	_	_	_
# segment_iiif_link = https://impresso-project.ch/api/proxy/iiif/LLE-1940-06-03-a-p0005/1867,1661,858,64/full/0/default.jpg
de	O	O	O	O	O	O	_	_	_	_	_	_
sa	O	O	O	O	O	O	_	_	_	_	_	_
propagande	O	O	O	O	O	O	_	_	_	_	_	_
perfide	O	O	O	O	O	O	_	_	_	_	_	_
,	O	O	O	O	O	O	_	_	_	_	_	_
elle	O	O	O	O	O	O	_	_	_	_	_	_
reprend	O	O	O	O	O	O	_	_	_	_	_	_
contre	O	O	O	O	O	O	_	_	EndOfLine	_	_	_
# segment_iiif_link = https://impresso-project.ch/api/proxy/iiif/LLE-1940-06-03-a-p0005/1867,1705,860,63/full/0/default.jpg
nous	O	O	O	O	O	O	_	_	_	_	_	_
depuis	O	O	O	O	O	O	_	_	_	_	_	_
quelques	O	O	O	O	O	O	_	_	_	_	_	_
jours	O	O	O	O	O	O	_	_	_	_	_	_
son	O	O	O	O	O	O	_	_	_	_	_	_
entreprise	O	O	O	O	O	O	_	_	_	_	_	_
de	O	O	O	O	O	O	_	_	EndOfLine	_	_	_
# segment_iiif_link = https://impresso-project.ch/api/proxy/iiif/LLE-1940-06-03-a-p0005/1867,1748,860,64/full/0/default.jpg
terrorisation	O	O	O	O	O	O	_	_	_	_	_	_
.	O	O	O	O	O	O	_	_	_	EndOfSentence	_	_
Elle	O	O	O	O	O	O	_	_	_	_	_	_
ne	O	O	O	O	O	O	_	_	_	_	_	_
dit	O	O	O	O	O	O	_	_	_	_	_	_
plus	O	O	O	O	O	O	_	_	_	_	_	_
aux	O	O	O	O	O	O	_	_	_	_	_	_
Français	O	O	O	O	O	O	_	_	EndOfLine	_	_	_
# segment_iiif_link = https://impresso-project.ch/api/proxy/iiif/LLE-1940-06-03-a-p0005/1865,1792,862,64/full/0/default.jpg
qu	O	O	O	O	O	O	_	_	_	_	_	_
elle	O	O	O	O	O	O	_	_	_	_	_	_
ne	O	O	O	O	O	O	_	_	_	_	_	_
leur	O	O	O	O	O	O	_	_	_	_	_	_
veut	O	O	O	O	O	O	_	_	_	_	_	_
aucun	O	O	O	O	O	O	_	_	_	_	_	_
mal	O	O	O	O	O	O	_	_	_	_	_	_
,	O	O	O	O	O	O	_	_	_	_	_	_
et	O	O	O	O	O	O	_	_	_	_	_	_
que	O	O	O	O	O	O	_	_	_	_	_	_
tout	O	O	O	O	O	O	_	_	EndOfLine	_	_	_
# segment_iiif_link = https://impresso-project.ch/api/proxy/iiif/LLE-1940-06-03-a-p0005/1865,1836,862,64/full/0/default.jpg
s	O	O	O	O	O	O	_	_	_	_	_	_
arrangerait	O	O	O	O	O	O	_	_	_	_	_	_
entre	O	O	O	O	O	O	_	_	_	_	_	_
Germanie	O	O	O	O	O	O	_	_	_	_	_	_
et	O	O	O	O	O	O	_	_	_	_	_	_
France	O	O	O	O	O	O	_	_	_	_	_	_
si	O	O	O	O	O	O	_	_	_	_	_	_
les	O	O	O	O	O	O	_	_	EndOfLine	_	_	_
# segment_iiif_link = https://impresso-project.ch/api/proxy/iiif/LLE-1940-06-03-a-p0005/1867,1878,860,63/full/0/default.jpg
Anglais	O	O	O	O	O	O	_	_	_	_	_	_
n	O	O	O	O	O	O	_	_	_	_	_	_
existaient	O	O	O	O	O	O	_	_	_	_	_	_
point	O	O	O	O	O	O	_	_	_	_	_	_
ou	O	O	O	O	O	O	_	_	_	_	_	_
plutôt	O	O	O	O	O	O	_	_	_	_	_	_
sils	O	O	O	O	O	O	_	_	_	_	_	_
élaienl	O	O	O	O	O	O	_	_	EndOfLine	_	_	_
# segment_iiif_link = https://impresso-project.ch/api/proxy/iiif/LLE-1940-06-03-a-p0005/1865,1923,864,64/full/0/default.jpg
anéantis	O	O	O	O	O	O	_	_	_	_	_	_
.	O	O	O	O	O	O	_	_	_	EndOfSentence	_	_
Elle	O	O	O	O	O	O	_	_	_	_	_	_
annonce	O	O	O	O	O	O	_	_	_	_	_	_
maintenant	O	O	O	O	O	O	_	_	_	_	_	_
aux	O	O	O	O	O	O	_	_	_	_	_	_
Français	O	O	O	O	O	O	_	_	EndOfLine	_	_	_
# segment_iiif_link = https://impresso-project.ch/api/proxy/iiif/LLE-1940-06-03-a-p0005/1865,1967,866,66/full/0/default.jpg
quelle	O	O	O	O	O	O	_	_	_	_	_	_
est	O	O	O	O	O	O	_	_	_	_	_	_
résolue	O	O	O	O	O	O	_	_	_	_	_	_
à	O	O	O	O	O	O	_	_	_	_	_	_
leur	O	O	O	O	O	O	_	_	_	_	_	_
faire	O	O	O	O	O	O	_	_	_	_	_	_
le	O	O	O	O	O	O	_	_	_	_	_	_
plus	O	O	O	O	O	O	_	_	_	_	_	_
grand	O	O	O	O	O	O	_	_	_	_	_	_
mal	O	O	O	O	O	O	_	_	_	_	_	_
,	O	O	O	O	O	O	_	_	EndOfLine	_	_	_
# segment_iiif_link = https://impresso-project.ch/api/proxy/iiif/LLE-1940-06-03-a-p0005/1867,2011,860,64/full/0/default.jpg
à	O	O	O	O	O	O	_	_	_	_	_	_
ruiner	O	O	O	O	O	O	_	_	_	_	_	_
leurs	O	O	O	O	O	O	_	_	_	_	_	_
cités	O	O	O	O	O	O	_	_	_	_	_	_
,	O	O	O	O	O	O	_	_	_	_	_	_
à	O	O	O	O	O	O	_	_	_	_	_	_
dévaster	O	O	O	O	O	O	_	_	_	_	_	_
tout	O	O	O	O	O	O	_	_	_	_	_	_
leur	O	O	O	O	O	O	_	_	_	_	_	_
pays	O	O	O	O	O	O	_	_	EndOfLine	_	_	_
# segment_iiif_link = https://impresso-project.ch/api/proxy/iiif/LLE-1940-06-03-a-p0005/1865,2055,860,63/full/0/default.jpg
coupable	O	O	O	O	O	O	_	_	_	_	_	_
de	O	O	O	O	O	O	_	_	_	_	_	_
ne	O	O	O	O	O	O	_	_	_	_	_	_
point	O	O	O	O	O	O	_	_	_	_	_	_
se	O	O	O	O	O	O	_	_	_	_	_	_
soumettre	O	O	O	O	O	O	_	_	_	_	_	_
d	O	O	O	O	O	O	_	_	_	_	_	_
avance	O	O	O	O	O	O	_	_	_	_	_	_
aux	O	O	O	O	O	O	_	_	EndOfLine	_	_	_
# segment_iiif_link = https://impresso-project.ch/api/proxy/iiif/LLE-1940-06-03-a-p0005/1867,2098,679,64/full/0/default.jpg
lois	O	O	O	O	O	O	_	_	_	_	_	_
sacrées	O	O	O	O	O	O	_	_	_	_	_	_
du	O	O	O	O	O	O	_	_	_	_	_	_
germanisme	O	O	O	O	O	O	_	_	_	_	_	_
hitlérien	O	O	O	O	O	O	_	_	_	_	_	_
.	O	O	O	O	O	O	_	_	EndOfLine	EndOfSentence	_	_
# segment_iiif_link = https://impresso-project.ch/api/proxy/iiif/LLE-1940-06-03-a-p0005/1908,2138,819,64/full/0/default.jpg
«	O	O	O	O	O	O	_	_	_	_	_	_
Ainsi	O	O	O	O	O	O	_	_	_	_	_	_
,	O	O	O	O	O	O	_	_	_	_	_	_
l	O	O	O	O	O	O	_	_	_	_	_	_
on	O	O	O	O	O	O	_	_	_	_	_	_
espère	O	O	O	O	O	O	_	_	_	_	_	_
encore	O	O	O	O	O	O	_	_	_	_	_	_
nous	O	O	O	O	O	O	_	_	_	_	_	_
affaiblir	O	O	O	O	O	O	_	_	_	_	_	_
en	O	O	O	O	O	O	_	_	EndOfLine	_	_	_
# segment_iiif_link = https://impresso-project.ch/api/proxy/iiif/LLE-1940-06-03-a-p0005/1867,2188,862,64/full/0/default.jpg
nous	O	O	O	O	O	O	_	_	_	_	_	_
communiquant	O	O	O	O	O	O	_	_	_	_	_	_
lépouvante	O	O	O	O	O	O	_	_	_	_	_	_
cpie	O	O	O	O	O	O	_	_	_	_	_	_
répandait	O	O	O	O	O	O	_	_	EndOfLine	_	_	_
# segment_iiif_link = https://impresso-project.ch/api/proxy/iiif/LLE-1940-06-03-a-p0005/1867,2228,856,63/full/0/default.jpg
Attila	O	O	O	O	O	O	_	_	_	_	_	_
,	O	O	O	O	O	O	_	_	_	_	_	_
selon	O	O	O	O	O	O	_	_	_	_	_	_
la	O	O	O	O	O	O	_	_	_	_	_	_
légende	O	O	O	O	O	O	_	_	_	_	_	_
séculaire	O	O	O	O	O	O	_	_	_	_	_	_
.	O	O	O	O	O	O	_	_	_	EndOfSentence	_	_
Mais	O	O	O	O	O	O	_	_	_	_	_	_
lhistoire	O	O	O	O	O	O	_	_	EndOfLine	_	_	_
# segment_iiif_link = https://impresso-project.ch/api/proxy/iiif/LLE-1940-06-03-a-p0005/1867,2271,860,64/full/0/default.jpg
dil	O	O	O	O	O	O	_	_	_	_	_	_
aussi	O	O	O	O	O	O	_	_	_	_	_	_
comment	O	O	O	O	O	O	_	_	_	_	_	_
justice	O	O	O	O	O	O	_	_	_	_	_	_
fut	O	O	O	O	O	O	_	_	_	_	_	_
faite	O	O	O	O	O	O	_	_	_	_	_	_
des	O	O	O	O	O	O	_	_	_	_	_	_
cruautés	O	O	O	O	O	O	_	_	EndOfLine	_	_	_
# segment_iiif_link = https://impresso-project.ch/api/proxy/iiif/LLE-1940-06-03-a-p0005/1867,2317,862,64/full/0/default.jpg
du	O	O	O	O	O	O	_	_	_	_	_	_
chef	O	O	O	O	O	O	_	_	_	_	_	_
des	O	O	O	O	O	O	_	_	_	_	_	_
Huns	O	O	O	O	O	O	_	_	_	_	_	_
.	O	O	O	O	O	O	_	_	_	EndOfSentence	_	_
Aujourdhui	O	O	O	O	O	O	_	_	_	_	_	_
comme	O	O	O	O	O	O	_	_	_	_	_	_
jadis	O	O	O	O	O	O	_	_	_	_	_	_
,	O	O	O	O	O	O	_	_	EndOfLine	_	_	_
# segment_iiif_link = https://impresso-project.ch/api/proxy/iiif/LLE-1940-06-03-a-p0005/1867,2363,860,64/full/0/default.jpg
la	O	O	O	O	O	O	_	_	_	_	_	_
France	O	O	O	O	O	O	_	_	_	_	_	_
arrêtera	O	O	O	O	O	O	_	_	_	_	_	_
la	O	O	O	O	O	O	_	_	_	_	_	_
marche	O	O	O	O	O	O	_	_	_	_	_	_
du	O	O	O	O	O	O	_	_	_	_	_	_
fléau	O	O	O	O	O	O	_	_	_	_	_	_
.	O	O	O	O	O	O	_	_	_	EndOfSentence	_	_
Aidée	O	O	O	O	O	O	_	_	_	_	_	_
de	O	O	O	O	O	O	_	_	EndOfLine	_	_	_
# segment_iiif_link = https://impresso-project.ch/api/proxy/iiif/LLE-1940-06-03-a-p0005/1869,2405,858,63/full/0/default.jpg
sa	O	O	O	O	O	O	_	_	_	_	_	_
vaillante	O	O	O	O	O	O	_	_	_	_	_	_
alliée	O	O	O	O	O	O	_	_	_	_	_	_
la	O	O	O	O	O	O	_	_	_	_	_	_
Grande	O	O	O	O	O	O	_	_	NoSpaceAfter	_	_	_
-	O	O	O	O	O	O	_	_	NoSpaceAfter	_	_	_
Bretagne	O	O	O	O	O	O	_	_	_	_	_	_
,	O	O	O	O	O	O	_	_	_	_	_	_
elle	O	O	O	O	O	O	_	_	EndOfLine	_	_	_
# segment_iiif_link = https://impresso-project.ch/api/proxy/iiif/LLE-1940-06-03-a-p0005/1871,2450,858,64/full/0/default.jpg
redonnera	O	O	O	O	O	O	_	_	_	_	_	_
la	O	O	O	O	O	O	_	_	_	_	_	_
paix	O	O	O	O	O	O	_	_	_	_	_	_
à	O	O	O	O	O	O	_	_	_	_	_	_
lEurope	O	O	O	O	O	O	_	_	_	_	_	_
.	O	O	O	O	O	O	_	_	_	EndOfSentence	_	_
Il	O	O	O	O	O	O	_	_	_	_	_	_
n	O	O	O	O	O	O	_	_	_	_	_	_
est	O	O	O	O	O	O	_	_	_	_	_	_
pour	O	O	O	O	O	O	_	_	_	_	_	_
cela	O	O	O	O	O	O	_	_	EndOfLine	_	_	_
# segment_iiif_link = https://impresso-project.ch/api/proxy/iiif/LLE-1940-06-03-a-p0005/1869,2492,845,66/full/0/default.jpg
que	O	O	O	O	O	O	_	_	_	_	_	_
de	O	O	O	O	O	O	_	_	_	_	_	_
savoir	O	O	O	O	O	O	_	_	_	_	_	_
attendre	O	O	O	O	O	O	_	_	_	_	_	_
cn	O	O	O	O	O	O	_	_	_	_	_	_
travaillant	O	O	O	O	O	O	_	_	_	_	_	_
et	O	O	O	O	O	O	_	_	_	_	_	_
en	O	O	O	O	O	O	_	_	EndOfLine	_	_	_
# segment_iiif_link = https://impresso-project.ch/api/proxy/iiif/LLE-1940-06-03-a-p0005/1869,2538,862,64/full/0/default.jpg
combattant	O	O	O	O	O	O	_	_	_	_	_	_
toujours	O	O	O	O	O	O	_	_	_	_	_	_
plus	O	O	O	O	O	O	_	_	_	_	_	_
,	O	O	O	O	O	O	_	_	_	_	_	_
toujours	O	O	O	O	O	O	_	_	_	_	_	_
mieux	O	O	O	O	O	O	_	_	_	_	_	_
.	O	O	O	O	O	O	_	_	_	EndOfSentence	_	_
II	O	O	O	O	O	O	_	_	_	_	_	_
n	O	O	O	O	O	O	_	_	_	_	_	_
est	O	O	O	O	O	O	_	_	EndOfLine	_	_	_
# segment_iiif_link = https://impresso-project.ch/api/proxy/iiif/LLE-1940-06-03-a-p0005/1867,2582,862,63/full/0/default.jpg
que	O	O	O	O	O	O	_	_	_	_	_	_
de	O	O	O	O	O	O	_	_	_	_	_	_
tenir	O	O	O	O	O	O	_	_	_	_	_	_
.	O	O	O	O	O	O	_	_	_	EndOfSentence	_	_
Cet	O	O	O	O	O	O	_	_	_	_	_	_
effort	O	O	O	O	O	O	_	_	_	_	_	_
suprême	O	O	O	O	O	O	_	_	_	_	_	_
devra	O	O	O	O	O	O	_	_	_	_	_	_
peut	O	O	O	O	O	O	_	_	NoSpaceAfter	_	_	_
-	O	O	O	O	O	O	_	_	NoSpaceAfter	_	_	_
être	O	O	O	O	O	O	_	_	EndOfLine	_	_	_
# segment_iiif_link = https://impresso-project.ch/api/proxy/iiif/LLE-1940-06-03-a-p0005/1867,2623,854,64/full/0/default.jpg
s	O	O	O	O	O	O	_	_	_	_	_	_
exercer	O	O	O	O	O	O	_	_	_	_	_	_
avec	O	O	O	O	O	O	_	_	_	_	_	_
une	O	O	O	O	O	O	_	_	_	_	_	_
nouvelle	O	O	O	O	O	O	_	_	_	_	_	_
ardeur	O	O	O	O	O	O	_	_	_	_	_	_
,	O	O	O	O	O	O	_	_	_	_	_	_
et	O	O	O	O	O	O	_	_	_	_	_	_
un	O	O	O	O	O	O	_	_	EndOfLine	_	_	_
# segment_iiif_link = https://impresso-project.ch/api/proxy/iiif/LLE-1940-06-03-a-p0005/1871,2667,860,64/full/0/default.jpg
sangfroid	O	O	O	O	O	O	_	_	_	_	_	_
pour	O	O	O	O	O	O	_	_	_	_	_	_
ainsi	O	O	O	O	O	O	_	_	_	_	_	_
dire	O	O	O	O	O	O	_	_	_	_	_	_
retrempé	O	O	O	O	O	O	_	_	_	_	_	_
,	O	O	O	O	O	O	_	_	_	_	_	_
dans	O	O	O	O	O	O	_	_	_	_	_	_
quelques	O	O	O	O	O	O	_	_	EndOfLine	_	_	_
# segment_iiif_link = https://impresso-project.ch/api/proxy/iiif/LLE-1940-06-03-a-p0005/1873,2713,862,64/full/0/default.jpg
jours	O	O	O	O	O	O	_	_	_	_	_	_
ou	O	O	O	O	O	O	_	_	_	_	_	_
dans	O	O	O	O	O	O	_	_	_	_	_	_
quelques	O	O	O	O	O	O	_	_	_	_	_	_
semaines	O	O	O	O	O	O	_	_	_	_	_	_
.	O	O	O	O	O	O	_	_	_	EndOfSentence	_	_
Nous	O	O	O	O	O	O	_	_	_	_	_	_
le	O	O	O	O	O	O	_	_	_	_	_	_
savons	O	O	O	O	O	O	_	_	_	_	_	_
,	O	O	O	O	O	O	_	_	EndOfLine	_	_	_
# segment_iiif_link = https://impresso-project.ch/api/proxy/iiif/LLE-1940-06-03-a-p0005/1869,2755,723,63/full/0/default.jpg
cl	O	O	O	O	O	O	_	_	_	_	_	_
.	O	O	O	O	O	O	_	_	_	EndOfSentence	_	_
le	O	O	O	O	O	O	_	_	_	_	_	_
sachant	O	O	O	O	O	O	_	_	_	_	_	_
,	O	O	O	O	O	O	_	_	_	_	_	_
nous	O	O	O	O	O	O	_	_	_	_	_	_
y	O	O	O	O	O	O	_	_	_	_	_	_
somme	O	O	O	O	O	O	_	_	_	_	_	_
:	O	O	O	O	O	O	_	_	NoSpaceAfter	_	_	_
:	O	O	O	O	O	O	_	_	_	_	_	_
prêts	O	O	O	O	O	O	_	_	_	_	_	_
.	O	O	O	O	O	O	_	_	_	EndOfSentence	_	_
>	O	O	O	O	O	O	_	_	EndOfLine	_	_	_
# segment_iiif_link = https://impresso-project.ch/api/proxy/iiif/LLE-1940-06-03-a-p0005/2087,2842,430,80/full/0/default.jpg
Devant	O	O	O	O	O	O	_	_	_	_	_	_
Dunkerque	O	O	O	O	O	O	_	_	EndOfLine	_	_	_
# segment_iiif_link = https://impresso-project.ch/api/proxy/iiif/LLE-1940-06-03-a-p0005/2433,2909,256,63/full/0/default.jpg
Berlin	O	O	O	O	O	O	_	_	_	_	_	_
,	O	O	O	O	O	O	_	_	_	_	_	_
3	O	O	O	O	O	O	_	_	_	_	_	_
juin	O	O	O	O	O	O	_	_	_	_	_	_
.	O	O	O	O	O	O	_	_	EndOfLine	EndOfSentence	_	_
# segment_iiif_link = https://impresso-project.ch/api/proxy/iiif/LLE-1940-06-03-a-p0005/1908,2963,817,66/full/0/default.jpg
(	O	O	O	O	O	O	_	_	_	_	_	_
United	B-org	O	B-org.ent.pressagency.UP-UPI	O	O	O	Q493845	_	_	_	LED0.00	_
Press	I-org	O	I-org.ent.pressagency.UP-UPI	O	O	O	Q493845	_	_	_	LED0.00	_
.	O	O	O	O	O	O	_	_	_	_	_	_
)	O	O	O	O	O	O	_	_	_	_	_	_
—	O	O	O	O	O	O	_	_	_	_	_	_
Dans	O	O	O	O	O	O	_	_	_	_	_	_
les	O	O	O	O	O	O	_	_	_	_	_	_
milieux	O	O	O	O	O	O	_	_	_	_	_	_
militaires	O	O	O	O	O	O	_	_	EndOfLine	_	_	_
# segment_iiif_link = https://impresso-project.ch/api/proxy/iiif/LLE-1940-06-03-a-p0005/1871,3007,856,63/full/0/default.jpg
allemands	O	O	O	O	O	O	_	_	_	_	_	_
,	O	O	O	O	O	O	_	_	_	_	_	_
on	O	O	O	O	O	O	_	_	_	_	_	_
est	O	O	O	O	O	O	_	_	_	_	_	_
d	O	O	O	O	O	O	_	_	_	_	_	_
avis	O	O	O	O	O	O	_	_	_	_	_	_
que	O	O	O	O	O	O	_	_	_	_	_	_
Dunkerque	O	O	O	O	O	O	_	_	_	_	_	_
sera	O	O	O	O	O	O	_	_	EndOfLine	_	_	_
# segment_iiif_link = https://impresso-project.ch/api/proxy/iiif/LLE-1940-06-03-a-p0005/1871,3050,856,64/full/0/default.jpg
bientôt	O	O	O	O	O	O	_	_	_	_	_	_
pris	O	O	O	O	O	O	_	_	_	_	_	_
.	O	O	O	O	O	O	_	_	_	EndOfSentence	_	_
Alors	O	O	O	O	O	O	_	_	_	_	_	_
qu	O	O	O	O	O	O	_	_	_	_	_	_
elles	O	O	O	O	O	O	_	_	_	_	_	_
n	O	O	O	O	O	O	_	_	_	_	_	_
avaient	O	O	O	O	O	O	_	_	_	_	_	_
l	O	O	O	O	O	O	_	_	_	_	_	_
ait	O	O	O	O	O	O	_	_	_	_	_	_
que	O	O	O	O	O	O	_	_	_	_	_	_
pou	O	O	O	O	O	O	_	_	EndOfLine	_	_	_
# segment_iiif_link = https://impresso-project.ch/api/proxy/iiif/LLE-1940-06-03-a-p0005/1873,3094,844,64/full/0/default.jpg
de	O	O	O	O	O	O	_	_	_	_	_	_
progrès	O	O	O	O	O	O	_	_	_	_	_	_
ces	O	O	O	O	O	O	_	_	_	_	_	_
derniers	O	O	O	O	O	O	_	_	_	_	_	_
jours	O	O	O	O	O	O	_	_	_	_	_	_
,	O	O	O	O	O	O	_	_	_	_	_	_
les	O	O	O	O	O	O	_	_	_	_	_	_
troupes	O	O	O	O	O	O	_	_	EndOfLine	_	_	_
# segment_iiif_link = https://impresso-project.ch/api/proxy/iiif/LLE-1940-06-03-a-p0005/1873,3140,858,64/full/0/default.jpg
allemandes	O	O	O	O	O	O	_	_	_	_	_	_
ont	O	O	O	O	O	O	_	_	_	_	_	_
occupé	O	O	O	O	O	O	_	_	_	_	_	_
Nieuport	O	O	O	O	O	O	_	_	_	_	_	_
et	O	O	O	O	O	O	_	_	_	_	_	_
enfoncé	O	O	O	O	O	O	_	_	_	_	_	_
le	O	O	O	O	O	O	_	_	_	_	_	_
froni	O	O	O	O	O	O	_	_	EndOfLine	_	_	_
# segment_iiif_link = https://impresso-project.ch/api/proxy/iiif/LLE-1940-06-03-a-p0005/1871,3186,846,63/full/0/default.jpg
allié	O	O	O	O	O	O	_	_	_	_	_	_
jusqu	O	O	O	O	O	O	_	_	_	_	_	_
à	O	O	O	O	O	O	_	_	_	_	_	_
la	O	O	O	O	O	O	_	_	_	_	_	_
côte	O	O	O	O	O	O	_	_	_	_	_	_
,	O	O	O	O	O	O	_	_	_	_	_	_
où	O	O	O	O	O	O	_	_	_	_	_	_
,	O	O	O	O	O	O	_	_	_	_	_	_
estime	O	O	O	O	O	O	_	_	NoSpaceAfter	_	_	_
-	O	O	O	O	O	O	_	_	NoSpaceAfter	_	_	_
t	O	O	O	O	O	O	_	_	NoSpaceAfter	_	_	_
-	O	O	O	O	O	O	_	_	NoSpaceAfter	_	_	_
on	O	O	O	O	O	O	_	_	_	_	_	_
,	O	O	O	O	O	O	_	_	_	_	_	_
il	O	O	O	O	O	O	_	_	_	_	_	_
y	O	O	O	O	O	O	_	_	_	_	_	_
a	O	O	O	O	O	O	_	_	EndOfLine	_	_	_
# segment_iiif_link = https://impresso-project.ch/api/proxy/iiif/LLE-1940-06-03-a-p0005/1871,3227,856,64/full/0/default.jpg
encore	O	O	O	O	O	O	_	_	_	_	_	_
100	O	O	O	O	O	O	_	_	_	_	_	_
.	O	O	O	O	O	O	_	_	_	EndOfSentence	_	_
000	O	O	O	O	O	O	_	_	_	_	_	_
hommes	O	O	O	O	O	O	_	_	_	_	_	_
environ	O	O	O	O	O	O	_	_	_	_	_	_
appartenant	O	O	O	O	O	O	_	_	_	_	_	_
aux	O	O	O	O	O	O	_	_	EndOfLine	_	_	_
# segment_iiif_link = https://impresso-project.ch/api/proxy/iiif/LLE-1940-06-03-a-p0005/1873,3271,425,64/full/0/default.jpg
i	O	O	O	O	O	O	_	_	_	_	_	_
roui	O	O	O	O	O	O	_	_	_	_	_	_
ies	O	O	O	O	O	O	_	_	_	_	_	_
annlo	O	O	O	O	O	O	_	_	NoSpaceAfter	_	_	_
-	O	O	O	O	O	O	_	_	NoSpaceAfter	_	_	_
françaises	O	O	O	O	O	O	_	_	_	_	_	_
,	O	O	O	O	O	O	_	_	EndOfLine	_	_	_
# segment_iiif_link = https://impresso-project.ch/api/proxy/iiif/LLE-1940-06-03-a-p0005/2017,3350,570,74/full/0/default.jpg
Le	O	O	O	O	O	O	_	_	_	_	_	_
communiqué	O	O	O	O	O	O	_	_	_	_	_	_
français	O	O	O	O	O	O	_	_	EndOfLine	_	_	_
# segment_iiif_link = https://impresso-project.ch/api/proxy/iiif/LLE-1940-06-03-a-p0005/2464,3413,225,64/full/0/default.jpg
Paris	O	O	O	O	O	O	_	_	_	_	_	_
,	O	O	O	O	O	O	_	_	_	_	_	_
3	O	O	O	O	O	O	_	_	_	_	_	_
juin	O	O	O	O	O	O	_	_	_	_	_	_
.	O	O	O	O	O	O	_	_	EndOfLine	EndOfSentence	_	_
# segment_iiif_link = https://impresso-project.ch/api/proxy/iiif/LLE-1940-06-03-a-p0005/1910,3467,817,66/full/0/default.jpg
(	O	O	O	O	O	O	_	_	_	_	_	_
Havas	B-org	O	B-org.ent.pressagency.Havas	O	O	O	Q2826560	_	_	_	LED0.00	_
.	O	O	O	O	O	O	_	_	_	_	_	_
)	O	O	O	O	O	O	_	_	_	_	_	_
—	O	O	O	O	O	O	_	_	_	_	_	_
Communiqué	O	O	O	O	O	O	_	_	_	_	_	_
français	O	O	O	O	O	O	_	_	_	_	_	_
du	O	O	O	O	O	O	_	_	_	_	_	_
3	O	O	O	O	O	O	_	_	_	_	_	_
juin	O	O	O	O	O	O	_	_	EndOfLine	_	_	_
# segment_iiif_link = https://impresso-project.ch/api/proxy/iiif/LLE-1940-06-03-a-p0005/1879,3513,185,64/full/0/default.jpg
ni	O	O	O	O	O	O	_	_	_	_	_	_
matin	O	O	O	O	O	O	_	_	_	_	_	_
:	O	O	O	O	O	O	_	_	EndOfLine	_	_	_
# segment_iiif_link = https://impresso-project.ch/api/proxy/iiif/LLE-1940-06-03-a-p0005/1910,3569,821,64/full/0/default.jpg
Aucun	O	O	O	O	O	O	_	_	_	_	_	_
événement	O	O	O	O	O	O	_	_	_	_	_	_
nouveau	O	O	O	O	O	O	_	_	_	_	_	_
au	O	O	O	O	O	O	_	_	_	_	_	_
cours	O	O	O	O	O	O	_	_	_	_	_	_
de	O	O	O	O	O	O	_	_	_	_	_	_
la	O	O	O	O	O	O	_	_	_	_	_	_
nuit	O	O	O	O	O	O	_	_	_	_	_	_
.	O	O	O	O	O	O	_	_	EndOfLine	EndOfSentence	_	_
# segment_iiif_link = https://impresso-project.ch/api/proxy/iiif/LLE-1940-06-03-a-p0005/1894,3642,820,80/full/0/default.jpg
Les	O	O	O	O	O	O	_	_	_	_	_	_
raids	O	O	O	O	O	O	_	_	_	_	_	_
aérien	O	O	O	O	O	O	_	_	_	_	_	_
.	O	O	O	O	O	O	_	_	NoSpaceAfter	EndOfSentence	_	_
,	O	O	O	O	O	O	_	_	_	_	_	_
en	O	O	O	O	O	O	_	_	_	_	_	_
Scandinavie	O	O	O	O	O	O	_	_	EndOfLine	_	_	_
# segment_iiif_link = https://impresso-project.ch/api/proxy/iiif/LLE-1940-06-03-a-p0005/2373,3709,321,63/full/0/default.jpg
.	O	O	O	O	O	O	_	_	_	EndOfSentence	_	_
Stockholm	O	O	O	O	O	O	_	_	_	_	_	_
,	O	O	O	O	O	O	_	_	_	_	_	_
3	O	O	O	O	O	O	_	_	_	_	_	_
juin	O	O	O	O	O	O	_	_	_	_	_	_
.	O	O	O	O	O	O	_	_	EndOfLine	EndOfSentence	_	_
# segment_iiif_link = https://impresso-project.ch/api/proxy/iiif/LLE-1940-06-03-a-p0005/1910,3765,825,66/full/0/default.jpg
(	O	O	O	O	O	O	_	_	_	_	_	_
Havas	B-org	O	B-org.ent.pressagency.Havas	O	O	O	Q2826560	_	_	_	LED0.00	_
.	O	O	O	O	O	O	_	_	_	_	_	_
)	O	O	O	O	O	O	_	_	_	_	_	_
—	O	O	O	O	O	O	_	_	_	_	_	_
Unc	O	O	O	O	O	O	_	_	_	_	_	_
vive	O	O	O	O	O	O	_	_	_	_	_	_
activité	O	O	O	O	O	O	_	_	_	_	_	_
de	O	O	O	O	O	O	_	_	_	_	_	_
la	O	O	O	O	O	O	_	_	_	_	_	_
part	O	O	O	O	O	O	_	_	_	_	_	_
des	O	O	O	O	O	O	_	_	EndOfLine	_	_	_
# segment_iiif_link = https://impresso-project.ch/api/proxy/iiif/LLE-1940-06-03-a-p0005/1879,3811,856,63/full/0/default.jpg
ivions	O	O	O	O	O	O	_	_	_	_	_	_
étrangers	O	O	O	O	O	O	_	_	_	_	_	_
a	O	O	O	O	O	O	_	_	_	_	_	_
été	O	O	O	O	O	O	_	_	_	_	_	_
constatée	O	O	O	O	O	O	_	_	_	_	_	_
au	O	O	O	O	O	O	_	_	NoSpaceAfter	_	_	_
-	O	O	O	O	O	O	_	_	NoSpaceAfter	_	_	_
dessus	O	O	O	O	O	O	_	_	_	_	_	_
des	O	O	O	O	O	O	_	_	EndOfLine	_	_	_
# segment_iiif_link = https://impresso-project.ch/api/proxy/iiif/LLE-1940-06-03-a-p0005/1873,3854,860,64/full/0/default.jpg
régions	O	O	O	O	O	O	_	_	_	_	_	_
frontalières	O	O	O	O	O	O	_	_	_	_	_	_
suédo	O	O	O	O	O	O	_	_	NoSpaceAfter	_	_	_
-	O	O	O	O	O	O	_	_	NoSpaceAfter	_	_	_
norvégiennes	O	O	O	O	O	O	_	_	_	_	_	_
,	O	O	O	O	O	O	_	_	_	_	_	_
au	O	O	O	O	O	O	_	_	_	_	_	_
nord	O	O	O	O	O	O	_	_	EndOfLine	_	_	_
# segment_iiif_link = https://impresso-project.ch/api/proxy/iiif/LLE-1940-06-03-a-p0005/1873,3898,500,64/full/0/default.jpg
de	O	O	O	O	O	O	_	_	_	_	_	_
la	O	O	O	O	O	O	_	_	_	_	_	_
province	O	O	O	O	O	O	_	_	_	_	_	_
de	O	O	O	O	O	O	_	_	_	_	_	_
Lappland	O	O	O	O	O	O	_	_	_	_	_	_
,	O	O	O	O	O	O	_	_	EndOfLine	_	_	_
# segment_iiif_link = https://impresso-project.ch/api/proxy/iiif/LLE-1940-06-03-a-p0005/1914,3942,821,64/full/0/default.jpg
La	O	O	O	O	O	O	_	_	_	_	_	_
garde	O	O	O	O	O	O	_	_	_	_	_	_
de	O	O	O	O	O	O	_	_	_	_	_	_
neutralité	O	O	O	O	O	O	_	_	_	_	_	_
suédoise	O	O	O	O	O	O	_	_	_	_	_	_
ost	O	O	O	O	O	O	_	_	_	_	_	_
onlreSe	O	O	O	O	O	O	_	_	_	_	_	_
on	O	O	O	O	O	O	_	_	EndOfLine	_	_	_
# segment_iiif_link = https://impresso-project.ch/api/proxy/iiif/LLE-1940-06-03-a-p0005/1873,3988,471,63/full/0/default.jpg
action	O	O	O	O	O	O	_	_	_	_	_	_
à	O	O	O	O	O	O	_	_	_	_	_	_
plusieurs	O	O	O	O	O	O	_	_	_	_	_	_
reprises	O	O	O	O	O	O	_	_	_	_	_	_
.	O	O	O	O	O	O	_	_	EndOfLine	EndOfSentence	_	_
# segment_iiif_link = https://impresso-project.ch/api/proxy/iiif/LLE-1940-06-03-a-p0005/1919,4029,816,64/full/0/default.jpg
Selon	O	O	O	O	O	O	_	_	_	_	_	_
le	O	O	O	O	O	O	_	_	_	_	_	_
.	O	O	O	O	O	O	_	_	_	EndOfSentence	_	_
s	O	O	O	O	O	O	_	_	_	_	_	_
constatations	O	O	O	O	O	O	_	_	_	_	_	_
faites	O	O	O	O	O	O	_	_	_	_	_	_
jusqu	O	O	O	O	O	O	_	_	_	_	_	_
ici	O	O	O	O	O	O	_	_	_	_	_	_
,	O	O	O	O	O	O	_	_	_	_	_	_
deux	O	O	O	O	O	O	_	_	EndOfLine	_	_	_
# segment_iiif_link = https://impresso-project.ch/api/proxy/iiif/LLE-1940-06-03-a-p0005/1873,4073,862,64/full/0/default.jpg
avions	O	O	O	O	O	O	_	_	_	_	_	_
allemands	O	O	O	O	O	O	_	_	_	_	_	_
furent	O	O	O	O	O	O	_	_	_	_	_	_
obligés	O	O	O	O	O	O	_	_	_	_	_	_
d	O	O	O	O	O	O	_	_	_	_	_	_
atterrir	O	O	O	O	O	O	_	_	_	_	_	_
en	O	O	O	O	O	O	_	_	EndOfLine	_	_	_
# segment_iiif_link = https://impresso-project.ch/api/proxy/iiif/LLE-1940-06-03-a-p0005/1875,4117,300,64/full/0/default.jpg
territoire	O	O	O	O	O	O	_	_	_	_	_	_
suédois	O	O	O	O	O	O	_	_	_	_	_	_
.	O	O	O	O	O	O	_	_	EndOfLine	EndOfSentence	_	_
# segment_iiif_link = https://impresso-project.ch/api/proxy/iiif/LLE-1940-06-03-a-p0005/1912,4161,688,63/full/0/default.jpg
L	O	O	O	O	O	O	_	_	_	_	_	_
un	O	O	O	O	O	O	_	_	_	_	_	_
d	O	O	O	O	O	O	_	_	_	_	_	_
eux	O	O	O	O	O	O	_	_	_	_	_	_
a	O	O	O	O	O	O	_	_	_	_	_	_
été	O	O	O	O	O	O	_	_	_	_	_	_
complèlemenl	O	O	O	O	O	O	_	_	_	_	_	_
détruit	O	O	O	O	O	O	_	_	_	_	_	_
.	O	O	O	O	O	O	_	_	EndOfLine	EndOfSentence	_	_
# segment_iiif_link = https://impresso-project.ch/api/proxy/iiif/LLE-1940-06-03-a-p0005/1914,4202,819,64/full/0/default.jpg
Les	O	O	O	O	O	O	_	_	_	_	_	_
équipages	O	O	O	O	O	O	_	_	_	_	_	_
purent	O	O	O	O	O	O	_	_	_	_	_	_
en	O	O	O	O	O	O	_	_	_	_	_	_
partie	O	O	O	O	O	O	_	_	_	_	_	_
se	O	O	O	O	O	O	_	_	_	_	_	_
sauver	O	O	O	O	O	O	_	_	_	_	_	_
on	O	O	O	O	O	O	_	_	EndOfLine	_	_	_
# segment_iiif_link = https://impresso-project.ch/api/proxy/iiif/LLE-1940-06-03-a-p0005/1875,4248,194,64/full/0/default.jpg
parachutes	O	O	O	O	O	O	_	_	_	_	_	_
.	O	O	O	O	O	O	_	_	EndOfLine	EndOfSentence	_	_
# segment_iiif_link = https://impresso-project.ch/api/proxy/iiif/LLE-1940-06-03-a-p0005/1912,4292,823,64/full/0/default.jpg
La	O	O	O	O	O	O	_	_	_	_	_	_
garde	O	O	O	O	O	O	_	_	_	_	_	_
de	O	O	O	O	O	O	_	_	_	_	_	_
neutralité	O	O	O	O	O	O	_	_	_	_	_	_
suédoise	O	O	O	O	O	O	_	_	_	_	_	_
s	O	O	O	O	O	O	_	_	_	_	_	_
esl	O	O	O	O	O	O	_	_	_	_	_	_
emparée	O	O	O	O	O	O	_	_	EndOfLine	_	_	_
# segment_iiif_link = https://impresso-project.ch/api/proxy/iiif/LLE-1940-06-03-a-p0005/1875,4333,664,64/full/0/default.jpg
de	O	O	O	O	O	O	_	_	_	_	_	_
deux	O	O	O	O	O	O	_	_	_	_	_	_
officiers	O	O	O	O	O	O	_	_	_	_	_	_
et	O	O	O	O	O	O	_	_	_	_	_	_
de	O	O	O	O	O	O	_	_	_	_	_	_
sept	O	O	O	O	O	O	_	_	_	_	_	_
hommes	O	O	O	O	O	O	_	_	_	_	_	_
.	O	O	O	O	O	O	_	_	EndOfLine	EndOfSentence	_	_
# segment_iiif_link = https://impresso-project.ch/api/proxy/iiif/LLE-1940-06-03-a-p0005/1944,4404,729,81/full/0/default.jpg
Les	O	O	O	O	O	O	_	_	_	_	_	_
Etats	O	O	O	O	O	O	_	_	_	_	_	_
baltes	O	O	O	O	O	O	_	_	_	_	_	_
et	O	O	O	O	O	O	_	_	_	_	_	_
la	O	O	O	O	O	O	_	_	_	_	_	_
Russie	O	O	O	O	O	O	_	_	EndOfLine	_	_	_
# segment_iiif_link = https://impresso-project.ch/api/proxy/iiif/LLE-1940-06-03-a-p0005/2427,4481,273,66/full/0/default.jpg
Kaunas	O	O	O	O	O	O	_	_	_	_	_	_
,	O	O	O	O	O	O	_	_	_	_	_	_
3	O	O	O	O	O	O	_	_	_	_	_	_
juin	O	O	O	O	O	O	_	_	_	_	_	_
.	O	O	O	O	O	O	_	_	EndOfLine	EndOfSentence	_	_
# segment_iiif_link = https://impresso-project.ch/api/proxy/iiif/LLE-1940-06-03-a-p0005/1917,4525,816,64/full/0/default.jpg
(	O	O	O	O	O	O	_	_	_	_	_	_
Uniled	O	O	O	O	O	O	Q493845	_	_	_	Transcript:United Press|LED0.08	_
Press	I-org	O	I-org.ent.pressagency.UP-UPI	O	O	O	Q493845	_	_	_	Transcript:United Press|LED0.08	_
.	O	O	O	O	O	O	_	_	_	_	_	_
)	O	O	O	O	O	O	_	_	_	_	_	_
—	O	O	O	O	O	O	_	_	_	_	_	_
Depuis	O	O	O	O	O	O	_	_	_	_	_	_
la	O	O	O	O	O	O	_	_	_	_	_	_
protestation	O	O	O	O	O	O	_	_	EndOfLine	_	_	_
# segment_iiif_link = https://impresso-project.ch/api/proxy/iiif/LLE-1940-06-03-a-p0005/1877,4571,862,64/full/0/default.jpg
russe	O	O	O	O	O	O	_	_	_	_	_	_
contre	O	O	O	O	O	O	_	_	_	_	_	_
l	O	O	O	O	O	O	_	_	_	_	_	_
attitude	O	O	O	O	O	O	_	_	_	_	_	_
cle	O	O	O	O	O	O	_	_	_	_	_	_
la	O	O	O	O	O	O	_	_	_	_	_	_
presse	O	O	O	O	O	O	_	_	_	_	_	_
esthonienne	O	O	O	O	O	O	_	_	_	_	_	_
,	O	O	O	O	O	O	_	_	EndOfLine	_	_	_
# segment_iiif_link = https://impresso-project.ch/api/proxy/iiif/LLE-1940-06-03-a-p0005/1877,4615,862,63/full/0/default.jpg
règne	O	O	O	O	O	O	_	_	_	_	_	_
maintenant	O	O	O	O	O	O	_	_	_	_	_	_
une	O	O	O	O	O	O	_	_	_	_	_	_
grande	O	O	O	O	O	O	_	_	_	_	_	_
Incertitude	O	O	O	O	O	O	_	_	_	_	_	_
dans	O	O	O	O	O	O	_	_	EndOfLine	_	_	_
# segment_iiif_link = https://impresso-project.ch/api/proxy/iiif/LLE-1940-06-03-a-p0005/1875,4658,277,64/full/0/default.jpg
les	O	O	O	O	O	O	_	_	_	_	_	_
pays	O	O	O	O	O	O	_	_	_	_	_	_
balles	O	O	O	O	O	O	_	_	_	_	_	_
.	O	O	O	O	O	O	_	_	EndOfLine	EndOfSentence	_	_
# segment_iiif_link = https://impresso-project.ch/api/proxy/iiif/LLE-1940-06-03-a-p0005/1919,4702,820,64/full/0/default.jpg
On	O	O	O	O	O	O	_	_	_	_	_	_
souligne	O	O	O	O	O	O	_	_	_	_	_	_
,	O	O	O	O	O	O	_	_	_	_	_	_
par	O	O	O	O	O	O	_	_	_	_	_	_
ailleurs	O	O	O	O	O	O	_	_	_	_	_	_
,	O	O	O	O	O	O	_	_	_	_	_	_
le	O	O	O	O	O	O	_	_	_	_	_	_
brusque	O	O	O	O	O	O	_	_	_	_	_	_
voyage	O	O	O	O	O	O	_	_	EndOfLine	_	_	_
# segment_iiif_link = https://impresso-project.ch/api/proxy/iiif/LLE-1940-06-03-a-p0005/1875,4744,864,64/full/0/default.jpg
du	O	O	O	O	O	O	_	_	_	_	_	_
général	O	O	O	O	O	O	_	_	_	_	_	_
letton	O	O	O	O	O	O	_	_	_	_	_	_
Berkis	O	O	O	O	O	O	_	_	_	_	_	_
et	O	O	O	O	O	O	_	_	_	_	_	_
lu	O	O	O	O	O	O	_	_	_	_	_	_
note	O	O	O	O	O	O	_	_	_	_	_	_
énergique	O	O	O	O	O	O	_	_	EndOfLine	_	_	_
# segment_iiif_link = https://impresso-project.ch/api/proxy/iiif/LLE-1940-06-03-a-p0005/1877,4788,862,63/full/0/default.jpg
remise	O	O	O	O	O	O	_	_	_	_	_	_
à	O	O	O	O	O	O	_	_	_	_	_	_
propos	O	O	O	O	O	O	_	_	_	_	_	_
de	O	O	O	O	O	O	_	_	_	_	_	_
la	O	O	O	O	O	O	_	_	_	_	_	_
prétendue	O	O	O	O	O	O	_	_	_	_	_	_
disparition	O	O	O	O	O	O	_	_	_	_	_	_
de	O	O	O	O	O	O	_	_	EndOfLine	_	_	_
# segment_iiif_link = https://impresso-project.ch/api/proxy/iiif/LLE-1940-06-03-a-p0005/1875,4833,864,64/full/0/default.jpg
quelques	O	O	O	O	O	O	_	_	_	_	_	_
soldats	O	O	O	O	O	O	_	_	_	_	_	_
do	O	O	O	O	O	O	_	_	_	_	_	_
la	O	O	O	O	O	O	_	_	_	_	_	_
garnison	O	O	O	O	O	O	_	_	_	_	_	_
russe	O	O	O	O	O	O	_	_	_	_	_	_
,	O	O	O	O	O	O	_	_	_	_	_	_
en	O	O	O	O	O	O	_	_	EndOfLine	_	_	_
# segment_iiif_link = https://impresso-project.ch/api/proxy/iiif/LLE-1940-06-03-a-p0005/1877,4875,142,64/full/0/default.jpg
Lettonie	O	O	O	O	O	O	_	_	_	_	_	_
.	O	O	O	O	O	O	_	_	EndOfLine	EndOfSentence	_	_
# segment_iiif_link = https://impresso-project.ch/api/proxy/iiif/LLE-1940-06-03-a-p0005/1914,4919,828,64/full/0/default.jpg
Dans	O	O	O	O	O	O	_	_	_	_	_	_
certains	O	O	O	O	O	O	_	_	_	_	_	_
milieux	O	O	O	O	O	O	_	_	_	_	_	_
,	O	O	O	O	O	O	_	_	_	_	_	_
on	O	O	O	O	O	O	_	_	_	_	_	_
est	O	O	O	O	O	O	_	_	_	_	_	_
d	O	O	O	O	O	O	_	_	_	_	_	_
avis	O	O	O	O	O	O	_	_	_	_	_	_
que	O	O	O	O	O	O	_	_	_	_	_	_
ces	O	O	O	O	O	O	_	_	EndOfLine	_	_	_
# segment_iiif_link = https://impresso-project.ch/api/proxy/iiif/LLE-1940-06-03-a-p0005/1875,4963,852,63/full/0/default.jpg
derniers	O	O	O	O	O	O	_	_	_	_	_	_
événements	O	O	O	O	O	O	_	_	_	_	_	_
révèlent	O	O	O	O	O	O	_	_	_	_	_	_
une	O	O	O	O	O	O	_	_	_	_	_	_
nouvelle	O	O	O	O	O	O	_	_	EndOfLine	_	_	_
# segment_iiif_link = https://impresso-project.ch/api/proxy/iiif/LLE-1940-06-03-a-p0005/1875,5006,864,64/full/0/default.jpg
activilé	O	O	O	O	O	O	_	_	_	_	_	_
de	O	O	O	O	O	O	_	_	_	_	_	_
lUnion	O	O	O	O	O	O	_	_	_	_	_	_
soviétique	O	O	O	O	O	O	_	_	_	_	_	_
,	O	O	O	O	O	O	_	_	_	_	_	_
mais	O	O	O	O	O	O	_	_	_	_	_	_
lc	O	O	O	O	O	O	_	_	_	_	_	_
but	O	O	O	O	O	O	_	_	_	_	_	_
n	O	O	O	O	O	O	_	_	_	_	_	_
en	O	O	O	O	O	O	_	_	EndOfLine	_	_	_
# segment_iiif_link = https://impresso-project.ch/api/proxy/iiif/LLE-1940-06-03-a-p0005/1875,5050,856,64/full/0/default.jpg
apparat	O	O	O	O	O	O	_	_	_	_	_	_
)	O	O	O	O	O	O	_	_	_	_	_	_
pas	O	O	O	O	O	O	_	_	_	_	_	_
clairement	O	O	O	O	O	O	_	_	_	_	_	_
et	O	O	O	O	O	O	_	_	_	_	_	_
on	O	O	O	O	O	O	_	_	_	_	_	_
a	O	O	O	O	O	O	_	_	_	_	_	_
certaines	O	O	O	O	O	O	_	_	EndOfLine	_	_	_
# segment_iiif_link = https://impresso-project.ch/api/proxy/iiif/LLE-1940-06-03-a-p0005/1877,5096,98,64/full/0/default.jpg
inquiétudes	O	O	O	O	O	O	_	_	_	_	_	_
.	O	O	O	O	O	O	_	_	EndOfLine	EndOfSentence	_	_
# segment_iiif_link = https://impresso-project.ch/api/proxy/iiif/LLE-1940-06-03-a-p0005/1917,5140,822,63/full/0/default.jpg
On	O	O	O	O	O	O	_	_	_	_	_	_
croit	O	O	O	O	O	O	_	_	_	_	_	_
ici	O	O	O	O	O	O	_	_	_	_	_	_
que	O	O	O	O	O	O	_	_	_	_	_	_
la	O	O	O	O	O	O	_	_	_	_	_	_
Russie	O	O	O	O	O	O	_	_	_	_	_	_
pourrait	O	O	O	O	O	O	_	_	_	_	_	_
profiter	O	O	O	O	O	O	_	_	EndOfLine	_	_	_
# segment_iiif_link = https://impresso-project.ch/api/proxy/iiif/LLE-1940-06-03-a-p0005/1875,5183,856,64/full/0/default.jpg
de	O	O	O	O	O	O	_	_	_	_	_	_
ce	O	O	O	O	O	O	_	_	_	_	_	_
que	O	O	O	O	O	O	_	_	_	_	_	_
la	O	O	O	O	O	O	_	_	_	_	_	_
guerre	O	O	O	O	O	O	_	_	_	_	_	_
a	O	O	O	O	O	O	_	_	_	_	_	_
atteint	O	O	O	O	O	O	_	_	_	_	_	_
son	O	O	O	O	O	O	_	_	_	_	_	_
point	O	O	O	O	O	O	_	_	EndOfLine	_	_	_
# segment_iiif_link = https://impresso-project.ch/api/proxy/iiif/LLE-1940-06-03-a-p0005/1877,5227,848,64/full/0/default.jpg
culminant	O	O	O	O	O	O	_	_	_	_	_	_
à	O	O	O	O	O	O	_	_	_	_	_	_
l	O	O	O	O	O	O	_	_	_	_	_	_
ouest	O	O	O	O	O	O	_	_	_	_	_	_
pour	O	O	O	O	O	O	_	_	_	_	_	_
étendre	O	O	O	O	O	O	_	_	_	_	_	_
peut	O	O	O	O	O	O	_	_	NoSpaceAfter	_	_	_
-	O	O	O	O	O	O	_	_	NoSpaceAfter	_	_	_
être	O	O	O	O	O	O	_	_	_	_	_	_
définitive	O	O	O	O	O	O	_	_	EndOfLine	_	_	_
# segment_iiif_link = https://impresso-project.ch/api/proxy/iiif/LLE-1940-06-03-a-p0005/1877,5269,710,64/full/0/default.jpg
menl	O	O	O	O	O	O	_	_	_	_	_	_
son	O	O	O	O	O	O	_	_	_	_	_	_
coulrôle	O	O	O	O	O	O	_	_	_	_	_	_
sur	O	O	O	O	O	O	_	_	_	_	_	_
les	O	O	O	O	O	O	_	_	_	_	_	_
Etats	O	O	O	O	O	O	_	_	_	_	_	_
haltes	O	O	O	O	O	O	_	_	_	_	_	_
.	O	O	O	O	O	O	_	_	EndOfLine	EndOfSentence	_	_
# segment_iiif_link = https://impresso-project.ch/api/proxy/iiif/LLE-1940-06-03-a-p0005/2977,286,437,81/full/0/default.jpg
La	O	O	O	O	O	O	_	_	_	_	_	_
guerre	O	O	O	O	O	O	_	_	_	_	_	_
sur	O	O	O	O	O	O	_	_	_	_	_	_
mer	O	O	O	O	O	O	_	_	EndOfLine	_	_	_
# segment_iiif_link = https://impresso-project.ch/api/proxy/iiif/LLE-1940-06-03-a-p0005/3300,355,283,64/full/0/default.jpg
Londres	O	O	O	O	O	O	_	_	_	_	_	_
,	O	O	O	O	O	O	_	_	_	_	_	_
3	O	O	O	O	O	O	_	_	_	_	_	_
juin	O	O	O	O	O	O	_	_	_	_	_	_
.	O	O	O	O	O	O	_	_	EndOfLine	EndOfSentence	_	_
# segment_iiif_link = https://impresso-project.ch/api/proxy/iiif/LLE-1940-06-03-a-p0005/2808,397,815,63/full/0/default.jpg
(	O	O	O	O	O	O	_	_	_	_	_	_
Havas	B-org	O	B-org.ent.pressagency.Havas	O	O	O	Q2826560	_	_	_	LED0.00	_
.	O	O	O	O	O	O	_	_	_	_	_	_
)	O	O	O	O	O	O	_	_	_	_	_	_
—	O	O	O	O	O	O	_	_	_	_	_	_
Peu	O	O	O	O	O	O	_	_	_	_	_	_
avant	O	O	O	O	O	O	_	_	_	_	_	_
minuit	O	O	O	O	O	O	_	_	_	_	_	_
,	O	O	O	O	O	O	_	_	_	_	_	_
des	O	O	O	O	O	O	_	_	_	_	_	_
tirs	O	O	O	O	O	O	_	_	_	_	_	_
de	O	O	O	O	O	O	_	_	EndOfLine	_	_	_
# segment_iiif_link = https://impresso-project.ch/api/proxy/iiif/LLE-1940-06-03-a-p0005/2773,442,850,64/full/0/default.jpg
mitrailleuses	O	O	O	O	O	O	_	_	_	_	_	_
ont	O	O	O	O	O	O	_	_	_	_	_	_
été	O	O	O	O	O	O	_	_	_	_	_	_
entendus	O	O	O	O	O	O	_	_	_	_	_	_
au	O	O	O	O	O	O	_	_	_	_	_	_
large	O	O	O	O	O	O	_	_	_	_	_	_
dc	O	O	O	O	O	O	_	_	_	_	_	_
la	O	O	O	O	O	O	_	_	EndOfLine	_	_	_
# segment_iiif_link = https://impresso-project.ch/api/proxy/iiif/LLE-1940-06-03-a-p0005/2773,484,837,64/full/0/default.jpg
côte	O	O	O	O	O	O	_	_	_	_	_	_
du	O	O	O	O	O	O	_	_	_	_	_	_
sud	O	O	O	O	O	O	_	_	NoSpaceAfter	_	_	_
-	O	O	O	O	O	O	_	_	NoSpaceAfter	_	_	_
esl	O	O	O	O	O	O	_	_	_	_	_	_
,	O	O	O	O	O	O	_	_	_	_	_	_
suivis	O	O	O	O	O	O	_	_	_	_	_	_
du	O	O	O	O	O	O	_	_	_	_	_	_
tir	O	O	O	O	O	O	_	_	_	_	_	_
ele	O	O	O	O	O	O	_	_	_	_	_	_
canons	O	O	O	O	O	O	_	_	_	_	_	_
anti	O	O	O	O	O	O	_	_	EndOfLine	_	_	_
# segment_iiif_link = https://impresso-project.ch/api/proxy/iiif/LLE-1940-06-03-a-p0005/2887,528,9,64/full/0/default.jpg
.	O	O	O	O	O	O	_	_	EndOfLine	EndOfSentence	_	_
# segment_iiif_link = https://impresso-project.ch/api/proxy/iiif/LLE-1940-06-03-a-p0005/2810,572,811,63/full/0/default.jpg
Les	O	O	O	O	O	O	_	_	_	_	_	_
projecteurs	O	O	O	O	O	O	_	_	_	_	_	_
sont	O	O	O	O	O	O	_	_	_	_	_	_
entrés	O	O	O	O	O	O	_	_	_	_	_	_
en	O	O	O	O	O	O	_	_	_	_	_	_
action	O	O	O	O	O	O	_	_	_	_	_	_
el	O	O	O	O	O	O	_	_	_	_	_	_
des	O	O	O	O	O	O	_	_	EndOfLine	_	_	_
# segment_iiif_link = https://impresso-project.ch/api/proxy/iiif/LLE-1940-06-03-a-p0005/2771,615,633,64/full/0/default.jpg
moteurs	O	O	O	O	O	O	_	_	_	_	_	_
d	O	O	O	O	O	O	_	_	_	_	_	_
avions	O	O	O	O	O	O	_	_	_	_	_	_
ont	O	O	O	O	O	O	_	_	_	_	_	_
été	O	O	O	O	O	O	_	_	_	_	_	_
entendus	O	O	O	O	O	O	_	_	_	_	_	_
.	O	O	O	O	O	O	_	_	EndOfLine	EndOfSentence	_	_
# segment_iiif_link = https://impresso-project.ch/api/proxy/iiif/LLE-1940-06-03-a-p0005/2810,659,813,64/full/0/default.jpg
On	O	O	O	O	O	O	_	_	_	_	_	_
croit	O	O	O	O	O	O	_	_	_	_	_	_
qu	O	O	O	O	O	O	_	_	_	_	_	_
un	O	O	O	O	O	O	_	_	_	_	_	_
avion	O	O	O	O	O	O	_	_	_	_	_	_
ennemi	O	O	O	O	O	O	_	_	_	_	_	_
mitraillait	O	O	O	O	O	O	_	_	_	_	_	_
des	O	O	O	O	O	O	_	_	EndOfLine	_	_	_
# segment_iiif_link = https://impresso-project.ch/api/proxy/iiif/LLE-1940-06-03-a-p0005/2771,703,333,64/full/0/default.jpg
navires	O	O	O	O	O	O	_	_	_	_	_	_
marchands	O	O	O	O	O	O	_	_	_	_	_	_
,	O	O	O	O	O	O	_	_	EndOfLine	_	_	_
# segment_iiif_link = https://impresso-project.ch/api/proxy/iiif/LLE-1940-06-03-a-p0005/2917,759,564,80/full/0/default.jpg
Le	O	O	O	O	O	O	_	_	_	_	_	_
centenaire	O	O	O	O	O	O	_	_	_	_	_	_
portugais	O	O	O	O	O	O	_	_	EndOfLine	_	_	_
# segment_iiif_link = https://impresso-project.ch/api/proxy/iiif/LLE-1940-06-03-a-p0005/3281,826,302,63/full/0/default.jpg
Lisbonne	O	O	O	O	O	O	_	_	_	_	_	_
,	O	O	O	O	O	O	_	_	_	_	_	_
3	O	O	O	O	O	O	_	_	_	_	_	_
juin	O	O	O	O	O	O	_	_	_	_	_	_
.	O	O	O	O	O	O	_	_	EndOfLine	EndOfSentence	_	_
# segment_iiif_link = https://impresso-project.ch/api/proxy/iiif/LLE-1940-06-03-a-p0005/2808,867,813,64/full/0/default.jpg
(	O	O	O	O	O	O	_	_	_	_	_	_
Havas	B-org	O	B-org.ent.pressagency.Havas	O	O	O	Q2826560	_	_	_	LED0.00	_
.	O	O	O	O	O	O	_	_	_	_	_	_
)	O	O	O	O	O	O	_	_	_	_	_	_
—	O	O	O	O	O	O	_	_	_	_	_	_
Le	O	O	O	O	O	O	_	_	_	_	_	_
président	O	O	O	O	O	O	_	_	_	_	_	_
Carmona	O	O	O	O	O	O	_	_	_	_	_	_
a	O	O	O	O	O	O	_	_	_	_	_	_
ouvert	O	O	O	O	O	O	_	_	EndOfLine	_	_	_
# segment_iiif_link = https://impresso-project.ch/api/proxy/iiif/LLE-1940-06-03-a-p0005/2773,913,839,64/full/0/default.jpg
solennellement	O	O	O	O	O	O	_	_	_	_	_	_
la	O	O	O	O	O	O	_	_	_	_	_	_
période	O	O	O	O	O	O	_	_	_	_	_	_
des	O	O	O	O	O	O	_	_	_	_	_	_
fêles	O	O	O	O	O	O	_	_	EndOfLine	_	_	_
# segment_iiif_link = https://impresso-project.ch/api/proxy/iiif/LLE-1940-06-03-a-p0005/2773,957,856,64/full/0/default.jpg
eommémoratives	O	O	O	O	O	O	_	_	_	_	_	_
du	O	O	O	O	O	O	_	_	_	_	_	_
VIII	O	O	O	O	O	O	_	_	_	_	_	_
me	O	O	O	O	O	O	_	_	_	_	_	_
centenaire	O	O	O	O	O	O	_	_	_	_	_	_
de	O	O	O	O	O	O	_	_	_	_	_	_
l	O	O	O	O	O	O	_	_	_	_	_	_
Etat	O	O	O	O	O	O	_	_	_	_	_	_
portugais	O	O	O	O	O	O	_	_	_	_	_	_
.	O	O	O	O	O	O	_	_	EndOfLine	EndOfSentence	_	_
# segment_iiif_link = https://impresso-project.ch/api/proxy/iiif/LLE-1940-06-03-a-p0005/2808,1001,815,63/full/0/default.jpg
A	O	O	O	O	O	O	_	_	_	_	_	_
celte	O	O	O	O	O	O	_	_	_	_	_	_
occasion	O	O	O	O	O	O	_	_	_	_	_	_
,	O	O	O	O	O	O	_	_	_	_	_	_
il	O	O	O	O	O	O	_	_	_	_	_	_
a	O	O	O	O	O	O	_	_	_	_	_	_
prononcé	O	O	O	O	O	O	_	_	_	_	_	_
un	O	O	O	O	O	O	_	_	_	_	_	_
discours	O	O	O	O	O	O	_	_	EndOfLine	_	_	_
# segment_iiif_link = https://impresso-project.ch/api/proxy/iiif/LLE-1940-06-03-a-p0005/2771,1044,841,64/full/0/default.jpg
en	O	O	O	O	O	O	_	_	_	_	_	_
présence	O	O	O	O	O	O	_	_	_	_	_	_
du	O	O	O	O	O	O	_	_	_	_	_	_
président	O	O	O	O	O	O	_	_	_	_	_	_
Salazar	O	O	O	O	O	O	_	_	_	_	_	_
,	O	O	O	O	O	O	_	_	_	_	_	_
des	O	O	O	O	O	O	_	_	EndOfLine	_	_	_
# segment_iiif_link = https://impresso-project.ch/api/proxy/iiif/LLE-1940-06-03-a-p0005/2771,1088,841,64/full/0/default.jpg
ministres	O	O	O	O	O	O	_	_	_	_	_	_
,	O	O	O	O	O	O	_	_	_	_	_	_
des	O	O	O	O	O	O	_	_	_	_	_	_
chefs	O	O	O	O	O	O	_	_	_	_	_	_
de	O	O	O	O	O	O	_	_	_	_	_	_
l	O	O	O	O	O	O	_	_	_	_	_	_
armée	O	O	O	O	O	O	_	_	_	_	_	_
,	O	O	O	O	O	O	_	_	_	_	_	_
des	O	O	O	O	O	O	_	_	_	_	_	_
hauts	O	O	O	O	O	O	_	_	EndOfLine	_	_	_
# segment_iiif_link = https://impresso-project.ch/api/proxy/iiif/LLE-1940-06-03-a-p0005/2773,1130,633,64/full/0/default.jpg
fonctionnaires	O	O	O	O	O	O	_	_	_	_	_	_
,	O	O	O	O	O	O	_	_	_	_	_	_
où	O	O	O	O	O	O	_	_	_	_	_	_
il	O	O	O	O	O	O	_	_	_	_	_	_
a	O	O	O	O	O	O	_	_	_	_	_	_
dit	O	O	O	O	O	O	_	_	_	_	_	_
en	O	O	O	O	O	O	_	_	_	_	_	_
terminant	O	O	O	O	O	O	_	_	_	_	_	_
:	O	O	O	O	O	O	_	_	EndOfLine	_	_	_
# segment_iiif_link = https://impresso-project.ch/api/proxy/iiif/LLE-1940-06-03-a-p0005/2812,1178,813,63/full/0/default.jpg
*	O	O	O	O	O	O	_	_	_	_	_	_
Nous	O	O	O	O	O	O	_	_	_	_	_	_
serions	O	O	O	O	O	O	_	_	_	_	_	_
en	O	O	O	O	O	O	_	_	_	_	_	_
fêle	O	O	O	O	O	O	_	_	_	_	_	_
ct	O	O	O	O	O	O	_	_	_	_	_	_
en	O	O	O	O	O	O	_	_	_	_	_	_
pleine	O	O	O	O	O	O	_	_	_	_	_	_
joie	O	O	O	O	O	O	_	_	_	_	_	_
si	O	O	O	O	O	O	_	_	EndOfLine	_	_	_
# segment_iiif_link = https://impresso-project.ch/api/proxy/iiif/LLE-1940-06-03-a-p0005/2773,1215,850,64/full/0/default.jpg
le	O	O	O	O	O	O	_	_	_	_	_	_
monde	O	O	O	O	O	O	_	_	_	_	_	_
ne	O	O	O	O	O	O	_	_	_	_	_	_
souffrait	O	O	O	O	O	O	_	_	_	_	_	_
pas	O	O	O	O	O	O	_	_	_	_	_	_
actuellement	O	O	O	O	O	O	_	_	_	_	_	_
d	O	O	O	O	O	O	_	_	_	_	_	_
une	O	O	O	O	O	O	_	_	EndOfLine	_	_	_
# segment_iiif_link = https://impresso-project.ch/api/proxy/iiif/LLE-1940-06-03-a-p0005/2769,1255,854,64/full/0/default.jpg
si	O	O	O	O	O	O	_	_	_	_	_	_
grande	O	O	O	O	O	O	_	_	_	_	_	_
crise	O	O	O	O	O	O	_	_	_	_	_	_
.	O	O	O	O	O	O	_	_	_	EndOfSentence	_	_
Nous	O	O	O	O	O	O	_	_	_	_	_	_
ne	O	O	O	O	O	O	_	_	_	_	_	_
rouillions	O	O	O	O	O	O	_	_	_	_	_	_
pas	O	O	O	O	O	O	_	_	_	_	_	_
et	O	O	O	O	O	O	_	_	_	_	_	_
nous	O	O	O	O	O	O	_	_	_	_	_	_
ne	O	O	O	O	O	O	_	_	EndOfLine	_	_	_
# segment_iiif_link = https://impresso-project.ch/api/proxy/iiif/LLE-1940-06-03-a-p0005/2773,1303,850,63/full/0/default.jpg
fermons	O	O	O	O	O	O	_	_	_	_	_	_
pas	O	O	O	O	O	O	_	_	_	_	_	_
les	O	O	O	O	O	O	_	_	_	_	_	_
yeux	O	O	O	O	O	O	_	_	_	_	_	_
devant	O	O	O	O	O	O	_	_	_	_	_	_
un	O	O	O	O	O	O	_	_	_	_	_	_
si	O	O	O	O	O	O	_	_	_	_	_	_
grand	O	O	O	O	O	O	_	_	EndOfLine	_	_	_
# segment_iiif_link = https://impresso-project.ch/api/proxy/iiif/LLE-1940-06-03-a-p0005/2771,1344,850,64/full/0/default.jpg
malheur	O	O	O	O	O	O	_	_	_	_	_	_
,	O	O	O	O	O	O	_	_	_	_	_	_
mais	O	O	O	O	O	O	_	_	_	_	_	_
nous	O	O	O	O	O	O	_	_	_	_	_	_
avons	O	O	O	O	O	O	_	_	_	_	_	_
le	O	O	O	O	O	O	_	_	_	_	_	_
devoir	O	O	O	O	O	O	_	_	_	_	_	_
de	O	O	O	O	O	O	_	_	_	_	_	_
rappeler	O	O	O	O	O	O	_	_	EndOfLine	_	_	_
# segment_iiif_link = https://impresso-project.ch/api/proxy/iiif/LLE-1940-06-03-a-p0005/2771,1390,852,64/full/0/default.jpg
ce	O	O	O	O	O	O	_	_	_	_	_	_
que	O	O	O	O	O	O	_	_	_	_	_	_
nous	O	O	O	O	O	O	_	_	_	_	_	_
avons	O	O	O	O	O	O	_	_	_	_	_	_
élé	O	O	O	O	O	O	_	_	_	_	_	_
,	O	O	O	O	O	O	_	_	_	_	_	_
tout	O	O	O	O	O	O	_	_	_	_	_	_
en	O	O	O	O	O	O	_	_	_	_	_	_
nous	O	O	O	O	O	O	_	_	_	_	_	_
inclinant	O	O	O	O	O	O	_	_	EndOfLine	_	_	_
# segment_iiif_link = https://impresso-project.ch/api/proxy/iiif/LLE-1940-06-03-a-p0005/2773,1432,481,64/full/0/default.jpg
devant	O	O	O	O	O	O	_	_	_	_	_	_
la	O	O	O	O	O	O	_	_	_	_	_	_
douleur	O	O	O	O	O	O	_	_	_	_	_	_
d	O	O	O	O	O	O	_	_	_	_	_	_
autrui	O	O	O	O	O	O	_	_	_	_	_	_
.	O	O	O	O	O	O	_	_	EndOfLine	EndOfSentence	_	_
# segment_iiif_link = https://impresso-project.ch/api/proxy/iiif/LLE-1940-06-03-a-p0005/2814,1469,798,64/full/0/default.jpg
«	O	O	O	O	O	O	_	_	_	_	_	_
Cest	O	O	O	O	O	O	_	_	_	_	_	_
avec	O	O	O	O	O	O	_	_	_	_	_	_
un	O	O	O	O	O	O	_	_	_	_	_	_
grand	O	O	O	O	O	O	_	_	_	_	_	_
orgueil	O	O	O	O	O	O	_	_	_	_	_	_
que	O	O	O	O	O	O	_	_	_	_	_	_
nous	O	O	O	O	O	O	_	_	EndOfLine	_	_	_
# segment_iiif_link = https://impresso-project.ch/api/proxy/iiif/LLE-1940-06-03-a-p0005/2771,1519,852,64/full/0/default.jpg
évoquons	O	O	O	O	O	O	_	_	_	_	_	_
les	O	O	O	O	O	O	_	_	_	_	_	_
faits	O	O	O	O	O	O	_	_	_	_	_	_
de	O	O	O	O	O	O	_	_	_	_	_	_
notre	O	O	O	O	O	O	_	_	_	_	_	_
histoire	O	O	O	O	O	O	_	_	_	_	_	_
et	O	O	O	O	O	O	_	_	_	_	_	_
do	O	O	O	O	O	O	_	_	_	_	_	_
la	O	O	O	O	O	O	_	_	_	_	_	_
vie	O	O	O	O	O	O	_	_	EndOfLine	_	_	_
# segment_iiif_link = https://impresso-project.ch/api/proxy/iiif/LLE-1940-06-03-a-p0005/2773,1563,329,64/full/0/default.jpg
de	O	O	O	O	O	O	_	_	_	_	_	_
notre	O	O	O	O	O	O	_	_	_	_	_	_
peuplo	O	O	O	O	O	O	_	_	_	_	_	_
.	O	O	O	O	O	O	_	_	_	EndOfSentence	_	_
<	O	O	O	O	O	O	_	_	EndOfLine	EndOfSentence	_	_

# language = fr
# newspaper = LLE
# date = 1948-05-20
# document_id = LLE-1948-05-20-a-i0082
# news-agency-as-source = Q130879, Q1522416, Q40464, Q493845
# segment_iiif_link = https://impresso-project.ch/api/proxy/iiif/LLE-1948-05-20-a-p0010/1877,531,855,154/full/0/default.jpg
Dttsloii	O	O	O	O	O	O	_	_	_	_	_	_
(	O	O	O	O	O	O	_	_	_	_	_	_
ie	O	O	O	O	O	O	_	_	_	_	_	_
N	O	O	O	O	O	O	_	_	_	_	_	_
.	O	O	O	O	O	O	_	_	_	EndOfSentence	_	_
laïques	O	O	O	O	O	O	_	_	_	_	_	_
Maritain	O	O	O	O	O	O	_	_	EndOfLine	_	_	_
# segment_iiif_link = https://impresso-project.ch/api/proxy/iiif/LLE-1948-05-20-a-p0010/2287,651,416,70/full/0/default.jpg
Cité	O	O	O	O	O	O	_	_	_	_	_	_
du	O	O	O	O	O	O	_	_	_	_	_	_
Vatican	O	O	O	O	O	O	_	_	_	_	_	_
,	O	O	O	O	O	O	_	_	_	_	_	_
20	O	O	O	O	O	O	_	_	_	_	_	_
mai	O	O	O	O	O	O	_	_	_	_	_	_
.	O	O	O	O	O	O	_	_	EndOfLine	EndOfSentence	_	_
# segment_iiif_link = https://impresso-project.ch/api/proxy/iiif/LLE-1948-05-20-a-p0010/1915,688,819,69/full/0/default.jpg
(	O	O	O	O	O	O	_	_	_	_	_	_
Kipa	B-org	O	B-org.ent.pressagency.unk	O	O	O	_	_	_	_	LED0.00	_
.	O	O	O	O	O	O	_	_	_	_	_	_
)	O	O	O	O	O	O	_	_	_	_	_	_
—	O	O	O	O	O	O	_	_	_	_	_	_
Son	O	O	O	O	O	O	_	_	_	_	_	_
Exe	O	O	O	O	O	O	_	_	_	_	_	_
.	O	O	O	O	O	O	_	_	_	EndOfSentence	_	_
M	O	O	O	O	O	O	_	_	_	_	_	_
.	O	O	O	O	O	O	_	_	_	EndOfSentence	_	_
Jacques	O	O	O	O	O	O	_	_	_	_	_	_
Maritain	O	O	O	O	O	O	_	_	_	_	_	_
,	O	O	O	O	O	O	_	_	EndOfLine	_	_	_
# segment_iiif_link = https://impresso-project.ch/api/proxy/iiif/LLE-1948-05-20-a-p0010/1877,730,857,71/full/0/default.jpg
ambassadeur	O	O	O	O	O	O	_	_	_	_	_	_
auprès	O	O	O	O	O	O	_	_	_	_	_	_
du	O	O	O	O	O	O	_	_	_	_	_	_
Saint	O	O	O	O	O	O	_	_	NoSpaceAfter	_	_	_
-	O	O	O	O	O	O	_	_	NoSpaceAfter	_	_	_
Siège	O	O	O	O	O	O	_	_	_	_	_	_
,	O	O	O	O	O	O	_	_	_	_	_	_
vient	O	O	O	O	O	O	_	_	_	_	_	_
de	O	O	O	O	O	O	_	_	EndOfLine	_	_	_
# segment_iiif_link = https://impresso-project.ch/api/proxy/iiif/LLE-1948-05-20-a-p0010/1877,770,863,70/full/0/default.jpg
donner	O	O	O	O	O	O	_	_	_	_	_	_
sa	O	O	O	O	O	O	_	_	_	_	_	_
démission	O	O	O	O	O	O	_	_	_	_	_	_
.	O	O	O	O	O	O	_	_	_	EndOfSentence	_	_
Il	O	O	O	O	O	O	_	_	_	_	_	_
regagnera	O	O	O	O	O	O	_	_	_	_	_	_
la	O	O	O	O	O	O	_	_	_	_	_	_
France	O	O	O	O	O	O	_	_	_	_	_	_
,	O	O	O	O	O	O	_	_	EndOfLine	_	_	_
# segment_iiif_link = https://impresso-project.ch/api/proxy/iiif/LLE-1948-05-20-a-p0010/1884,812,858,70/full/0/default.jpg
au	O	O	O	O	O	O	_	_	_	_	_	_
moins	O	O	O	O	O	O	_	_	_	_	_	_
de	O	O	O	O	O	O	_	_	_	_	_	_
juin	O	O	O	O	O	O	_	_	_	_	_	_
,	O	O	O	O	O	O	_	_	_	_	_	_
pour	O	O	O	O	O	O	_	_	_	_	_	_
y	O	O	O	O	O	O	_	_	_	_	_	_
reprendre	O	O	O	O	O	O	_	_	_	_	_	_
ses	O	O	O	O	O	O	_	_	_	_	_	_
études	O	O	O	O	O	O	_	_	EndOfLine	_	_	_
# segment_iiif_link = https://impresso-project.ch/api/proxy/iiif/LLE-1948-05-20-a-p0010/1875,852,371,70/full/0/default.jpg
et	O	O	O	O	O	O	_	_	_	_	_	_
son	O	O	O	O	O	O	_	_	_	_	_	_
enseignement	O	O	O	O	O	O	_	_	_	_	_	_
.	O	O	O	O	O	O	_	_	EndOfLine	EndOfSentence	_	_
# segment_iiif_link = https://impresso-project.ch/api/proxy/iiif/LLE-1948-05-20-a-p0010/1917,894,809,68/full/0/default.jpg
M	O	O	O	O	O	O	_	_	_	_	_	_
.	O	O	O	O	O	O	_	_	_	EndOfSentence	_	_
Jacques	O	O	O	O	O	O	_	_	_	_	_	_
Maritain	O	O	O	O	O	O	_	_	_	_	_	_
occupait	O	O	O	O	O	O	_	_	_	_	_	_
le	O	O	O	O	O	O	_	_	_	_	_	_
poste	O	O	O	O	O	O	_	_	_	_	_	_
d	O	O	O	O	O	O	_	_	EndOfLine	_	_	_
# segment_iiif_link = https://impresso-project.ch/api/proxy/iiif/LLE-1948-05-20-a-p0010/1880,933,846,69/full/0/default.jpg
ambassadeur	O	O	O	O	O	O	_	_	_	_	_	_
de	O	O	O	O	O	O	_	_	_	_	_	_
France	O	O	O	O	O	O	_	_	_	_	_	_
au	O	O	O	O	O	O	_	_	_	_	_	_
Vatican	O	O	O	O	O	O	_	_	_	_	_	_
depuis	O	O	O	O	O	O	_	_	_	_	_	_
la	O	O	O	O	O	O	_	_	EndOfLine	_	_	_
# segment_iiif_link = https://impresso-project.ch/api/proxy/iiif/LLE-1948-05-20-a-p0010/1869,973,863,71/full/0/default.jpg
Libération	O	O	O	O	O	O	_	_	_	_	_	_
.	O	O	O	O	O	O	_	_	_	EndOfSentence	_	_
Il	O	O	O	O	O	O	_	_	_	_	_	_
avait	O	O	O	O	O	O	_	_	_	_	_	_
présenté	O	O	O	O	O	O	_	_	_	_	_	_
ses	O	O	O	O	O	O	_	_	_	_	_	_
lettres	O	O	O	O	O	O	_	_	_	_	_	_
de	O	O	O	O	O	O	_	_	_	_	_	_
créance	O	O	O	O	O	O	_	_	_	_	_	_
,	O	O	O	O	O	O	_	_	EndOfLine	_	_	_
# segment_iiif_link = https://impresso-project.ch/api/proxy/iiif/LLE-1948-05-20-a-p0010/1869,1015,548,70/full/0/default.jpg
le	O	O	O	O	O	O	_	_	_	_	_	_
10	O	O	O	O	O	O	_	_	_	_	_	_
mai	O	O	O	O	O	O	_	_	_	_	_	_
1945	O	O	O	O	O	O	_	_	_	_	_	_
,	O	O	O	O	O	O	_	_	_	_	_	_
à	O	O	O	O	O	O	_	_	_	_	_	_
S	O	O	O	O	O	O	_	_	_	_	_	_
.	O	O	O	O	O	O	_	_	_	EndOfSentence	_	_
S	O	O	O	O	O	O	_	_	_	_	_	_
.	O	O	O	O	O	O	_	_	_	EndOfSentence	_	_
Pie	O	O	O	O	O	O	_	_	_	_	_	_
XII	O	O	O	O	O	O	_	_	_	_	_	_
.	O	O	O	O	O	O	_	_	EndOfLine	EndOfSentence	_	_
# segment_iiif_link = https://impresso-project.ch/api/proxy/iiif/LLE-1948-05-20-a-p0010/1915,1095,769,80/full/0/default.jpg
Des	O	O	O	O	O	O	_	_	_	_	_	_
artistes	O	O	O	O	O	O	_	_	_	_	_	_
français	O	O	O	O	O	O	_	_	_	_	_	_
au	O	O	O	O	O	O	_	_	_	_	_	_
Vatican	O	O	O	O	O	O	_	_	EndOfLine	_	_	_
# segment_iiif_link = https://impresso-project.ch/api/proxy/iiif/LLE-1948-05-20-a-p0010/2283,1155,412,69/full/0/default.jpg
Cité	O	O	O	O	O	O	_	_	_	_	_	_
du	O	O	O	O	O	O	_	_	_	_	_	_
Vatican	O	O	O	O	O	O	_	_	_	_	_	_
,	O	O	O	O	O	O	_	_	_	_	_	_
20	O	O	O	O	O	O	_	_	_	_	_	_
mai	O	O	O	O	O	O	_	_	_	_	_	_
.	O	O	O	O	O	O	_	_	EndOfLine	EndOfSentence	_	_
# segment_iiif_link = https://impresso-project.ch/api/proxy/iiif/LLE-1948-05-20-a-p0010/1913,1193,804,70/full/0/default.jpg
(	O	O	O	O	O	O	_	_	_	_	_	_
United	B-org	O	B-org.ent.pressagency.UP-UPI	O	O	O	Q493845	_	_	_	LED0.00	_
Press	I-org	O	I-org.ent.pressagency.UP-UPI	O	O	O	Q493845	_	_	_	LED0.00	_
.	O	O	O	O	O	O	_	_	_	_	_	_
)	O	O	O	O	O	O	_	_	_	_	_	_
—	O	O	O	O	O	O	_	_	_	_	_	_
Le	O	O	O	O	O	O	_	_	_	_	_	_
Pape	O	O	O	O	O	O	_	_	_	_	_	_
a	O	O	O	O	O	O	_	_	_	_	_	_
accordé	O	O	O	O	O	O	_	_	_	_	_	_
,	O	O	O	O	O	O	_	_	EndOfLine	_	_	_
# segment_iiif_link = https://impresso-project.ch/api/proxy/iiif/LLE-1948-05-20-a-p0010/1875,1235,844,68/full/0/default.jpg
mercredi	O	O	O	O	O	O	_	_	_	_	_	_
,	O	O	O	O	O	O	_	_	_	_	_	_
une	O	O	O	O	O	O	_	_	_	_	_	_
audience	O	O	O	O	O	O	_	_	_	_	_	_
spéciale	O	O	O	O	O	O	_	_	_	_	_	_
à	O	O	O	O	O	O	_	_	_	_	_	_
un	O	O	O	O	O	O	_	_	_	_	_	_
groupe	O	O	O	O	O	O	_	_	_	_	_	_
d	O	O	O	O	O	O	_	_	EndOfLine	_	_	_
# segment_iiif_link = https://impresso-project.ch/api/proxy/iiif/LLE-1948-05-20-a-p0010/1882,1273,852,70/full/0/default.jpg
artites	O	O	O	O	O	O	_	_	_	_	_	_
de	O	O	O	O	O	O	_	_	_	_	_	_
l	O	O	O	O	O	O	_	_	_	_	_	_
Académie	O	O	O	O	O	O	_	_	_	_	_	_
de	O	O	O	O	O	O	_	_	_	_	_	_
France	O	O	O	O	O	O	_	_	_	_	_	_
à	O	O	O	O	O	O	_	_	_	_	_	_
Rome	O	O	O	O	O	O	_	_	_	_	_	_
,	O	O	O	O	O	O	_	_	_	_	_	_
qui	O	O	O	O	O	O	_	_	_	_	_	_
furent	O	O	O	O	O	O	_	_	EndOfLine	_	_	_
# segment_iiif_link = https://impresso-project.ch/api/proxy/iiif/LLE-1948-05-20-a-p0010/1873,1313,857,70/full/0/default.jpg
introduits	O	O	O	O	O	O	_	_	_	_	_	_
par	O	O	O	O	O	O	_	_	_	_	_	_
M	O	O	O	O	O	O	_	_	_	_	_	_
.	O	O	O	O	O	O	_	_	_	EndOfSentence	_	_
Jacques	O	O	O	O	O	O	_	_	_	_	_	_
Ibert	O	O	O	O	O	O	_	_	_	_	_	_
et	O	O	O	O	O	O	_	_	_	_	_	_
l	O	O	O	O	O	O	_	_	_	_	_	_
ambassadeur	O	O	O	O	O	O	_	_	EndOfLine	_	_	_
# segment_iiif_link = https://impresso-project.ch/api/proxy/iiif/LLE-1948-05-20-a-p0010/1877,1352,857,71/full/0/default.jpg
de	O	O	O	O	O	O	_	_	_	_	_	_
France	O	O	O	O	O	O	_	_	_	_	_	_
auprès	O	O	O	O	O	O	_	_	_	_	_	_
du	O	O	O	O	O	O	_	_	_	_	_	_
Vatican	O	O	O	O	O	O	_	_	_	_	_	_
,	O	O	O	O	O	O	_	_	_	_	_	_
M	O	O	O	O	O	O	_	_	_	_	_	_
.	O	O	O	O	O	O	_	_	_	EndOfSentence	_	_
Jacques	O	O	O	O	O	O	_	_	EndOfLine	_	_	_
# segment_iiif_link = https://impresso-project.ch/api/proxy/iiif/LLE-1948-05-20-a-p0010/1880,1392,142,68/full/0/default.jpg
Maritain	O	O	O	O	O	O	_	_	_	_	_	_
.	O	O	O	O	O	O	_	_	EndOfLine	EndOfSentence	_	_
# segment_iiif_link = https://impresso-project.ch/api/proxy/iiif/LLE-1948-05-20-a-p0010/2093,1426,415,80/full/0/default.jpg
Nouvelle	O	O	O	O	O	O	_	_	_	_	_	_
offensive	O	O	O	O	O	O	_	_	EndOfLine	_	_	_
# segment_iiif_link = https://impresso-project.ch/api/proxy/iiif/LLE-1948-05-20-a-p0010/1956,1470,689,80/full/0/default.jpg
de	O	O	O	O	O	O	_	_	_	_	_	_
lextrême	O	O	O	O	O	O	_	_	NoSpaceAfter	_	_	_
-	O	O	O	O	O	O	_	_	NoSpaceAfter	_	_	_
gauche	O	O	O	O	O	O	_	_	_	_	_	_
en	O	O	O	O	O	O	_	_	_	_	_	_
Italie	O	O	O	O	O	O	_	_	EndOfLine	_	_	_
# segment_iiif_link = https://impresso-project.ch/api/proxy/iiif/LLE-1948-05-20-a-p0010/2442,1526,263,70/full/0/default.jpg
Rome	O	O	O	O	O	O	_	_	_	_	_	_
,	O	O	O	O	O	O	_	_	_	_	_	_
20	O	O	O	O	O	O	_	_	_	_	_	_
mai	O	O	O	O	O	O	_	_	_	_	_	_
.	O	O	O	O	O	O	_	_	EndOfLine	EndOfSentence	_	_
# segment_iiif_link = https://impresso-project.ch/api/proxy/iiif/LLE-1948-05-20-a-p0010/1919,1562,803,70/full/0/default.jpg
(	O	O	O	O	O	O	_	_	_	_	_	_
United	B-org	O	B-org.ent.pressagency.UP-UPI	O	O	O	Q493845	_	_	_	LED0.00	_
Press	I-org	O	I-org.ent.pressagency.UP-UPI	O	O	O	Q493845	_	_	_	LED0.00	_
.	O	O	O	O	O	O	_	_	_	_	_	_
)	O	O	O	O	O	O	_	_	_	_	_	_
—	O	O	O	O	O	O	_	_	_	_	_	_
Dans	O	O	O	O	O	O	_	_	_	_	_	_
lUnità	O	O	O	O	O	O	_	_	_	_	_	_
,	O	O	O	O	O	O	_	_	_	_	_	_
le	O	O	O	O	O	O	_	_	_	_	_	_
parti	O	O	O	O	O	O	_	_	EndOfLine	_	_	_
# segment_iiif_link = https://impresso-project.ch/api/proxy/iiif/LLE-1948-05-20-a-p0010/1882,1604,840,70/full/0/default.jpg
communiste	O	O	O	O	O	O	_	_	_	_	_	_
italien	O	O	O	O	O	O	_	_	_	_	_	_
a	O	O	O	O	O	O	_	_	_	_	_	_
déclenché	O	O	O	O	O	O	_	_	_	_	_	_
une	O	O	O	O	O	O	_	_	_	_	_	_
nouvelle	O	O	O	O	O	O	_	_	EndOfLine	_	_	_
# segment_iiif_link = https://impresso-project.ch/api/proxy/iiif/LLE-1948-05-20-a-p0010/1873,1643,857,71/full/0/default.jpg
campagne	O	O	O	O	O	O	_	_	_	_	_	_
contre	O	O	O	O	O	O	_	_	_	_	_	_
lEglise	O	O	O	O	O	O	_	_	_	_	_	_
,	O	O	O	O	O	O	_	_	_	_	_	_
le	O	O	O	O	O	O	_	_	_	_	_	_
plan	O	O	O	O	O	O	_	_	_	_	_	_
Marshall	O	O	O	O	O	O	_	_	_	_	_	_
,	O	O	O	O	O	O	_	_	_	_	_	_
les	O	O	O	O	O	O	_	_	EndOfLine	_	_	_
# segment_iiif_link = https://impresso-project.ch/api/proxy/iiif/LLE-1948-05-20-a-p0010/1873,1683,745,71/full/0/default.jpg
socialistes	O	O	O	O	O	O	_	_	_	_	_	_
de	O	O	O	O	O	O	_	_	_	_	_	_
droite	O	O	O	O	O	O	_	_	_	_	_	_
et	O	O	O	O	O	O	_	_	_	_	_	_
le	O	O	O	O	O	O	_	_	_	_	_	_
gouvernement	O	O	O	O	O	O	_	_	_	_	_	_
.	O	O	O	O	O	O	_	_	EndOfLine	EndOfSentence	_	_
# segment_iiif_link = https://impresso-project.ch/api/proxy/iiif/LLE-1948-05-20-a-p0010/1911,1723,821,68/full/0/default.jpg
Selon	O	O	O	O	O	O	_	_	_	_	_	_
ces	O	O	O	O	O	O	_	_	_	_	_	_
déclarations	O	O	O	O	O	O	_	_	_	_	_	_
,	O	O	O	O	O	O	_	_	_	_	_	_
qui	O	O	O	O	O	O	_	_	_	_	_	_
paraissent	O	O	O	O	O	O	_	_	_	_	_	_
sous	O	O	O	O	O	O	_	_	EndOfLine	_	_	_
# segment_iiif_link = https://impresso-project.ch/api/proxy/iiif/LLE-1948-05-20-a-p0010/1875,1763,861,68/full/0/default.jpg
forme	O	O	O	O	O	O	_	_	_	_	_	_
d	O	O	O	O	O	O	_	_	_	_	_	_
un	O	O	O	O	O	O	_	_	_	_	_	_
rapport	O	O	O	O	O	O	_	_	_	_	_	_
sur	O	O	O	O	O	O	_	_	_	_	_	_
les	O	O	O	O	O	O	_	_	_	_	_	_
élections	O	O	O	O	O	O	_	_	_	_	_	_
du	O	O	O	O	O	O	_	_	_	_	_	_
18	O	O	O	O	O	O	_	_	_	_	_	_
avril	O	O	O	O	O	O	_	_	_	_	_	_
,	O	O	O	O	O	O	_	_	EndOfLine	_	_	_
# segment_iiif_link = https://impresso-project.ch/api/proxy/iiif/LLE-1948-05-20-a-p0010/1875,1801,857,70/full/0/default.jpg
la	O	O	O	O	O	O	_	_	_	_	_	_
victoire	O	O	O	O	O	O	_	_	_	_	_	_
des	O	O	O	O	O	O	_	_	_	_	_	_
démocrates	O	O	O	O	O	O	_	_	NoSpaceAfter	_	_	_
-	O	O	O	O	O	O	_	_	NoSpaceAfter	_	_	_
chrétiens	O	O	O	O	O	O	_	_	_	_	_	_
naurait	O	O	O	O	O	O	_	_	EndOfLine	_	_	_
# segment_iiif_link = https://impresso-project.ch/api/proxy/iiif/LLE-1948-05-20-a-p0010/1877,1838,855,70/full/0/default.jpg
été	O	O	O	O	O	O	_	_	_	_	_	_
possible	O	O	O	O	O	O	_	_	_	_	_	_
que	O	O	O	O	O	O	_	_	_	_	_	_
grâce	O	O	O	O	O	O	_	_	_	_	_	_
à	O	O	O	O	O	O	_	_	_	_	_	_
lintervention	O	O	O	O	O	O	_	_	_	_	_	_
des	O	O	O	O	O	O	_	_	EndOfLine	_	_	_
# segment_iiif_link = https://impresso-project.ch/api/proxy/iiif/LLE-1948-05-20-a-p0010/1880,1878,858,70/full/0/default.jpg
impérialistes	O	O	O	O	O	O	_	_	_	_	_	_
étrangers	O	O	O	O	O	O	_	_	_	_	_	_
,	O	O	O	O	O	O	_	_	_	_	_	_
à	O	O	O	O	O	O	_	_	_	_	_	_
la	O	O	O	O	O	O	_	_	_	_	_	_
terreur	O	O	O	O	O	O	_	_	_	_	_	_
religieuse	O	O	O	O	O	O	_	_	EndOfLine	_	_	_
# segment_iiif_link = https://impresso-project.ch/api/proxy/iiif/LLE-1948-05-20-a-p0010/1877,1918,857,68/full/0/default.jpg
et	O	O	O	O	O	O	_	_	_	_	_	_
aux	O	O	O	O	O	O	_	_	_	_	_	_
fraudes	O	O	O	O	O	O	_	_	_	_	_	_
électorales	O	O	O	O	O	O	_	_	_	_	_	_
.	O	O	O	O	O	O	_	_	_	EndOfSentence	_	_
Cette	O	O	O	O	O	O	_	_	_	_	_	_
victoire	O	O	O	O	O	O	_	_	_	_	_	_
réduit	O	O	O	O	O	O	_	_	EndOfLine	_	_	_
# segment_iiif_link = https://impresso-project.ch/api/proxy/iiif/LLE-1948-05-20-a-p0010/1877,1958,845,70/full/0/default.jpg
lItalie	O	O	O	O	O	O	_	_	_	_	_	_
en	O	O	O	O	O	O	_	_	_	_	_	_
esclavage	O	O	O	O	O	O	_	_	_	_	_	_
,	O	O	O	O	O	O	_	_	_	_	_	_
affirme	O	O	O	O	O	O	_	_	_	_	_	_
lUnità	O	O	O	O	O	O	_	_	_	_	_	_
:	O	O	O	O	O	O	_	_	EndOfLine	_	_	_
# segment_iiif_link = https://impresso-project.ch/api/proxy/iiif/LLE-1948-05-20-a-p0010/1880,1997,856,69/full/0/default.jpg
économiquement	O	O	O	O	O	O	_	_	_	_	_	_
et	O	O	O	O	O	O	_	_	_	_	_	_
militairement	O	O	O	O	O	O	_	_	_	_	_	_
,	O	O	O	O	O	O	_	_	_	_	_	_
la	O	O	O	O	O	O	_	_	_	_	_	_
nation	O	O	O	O	O	O	_	_	_	_	_	_
doit	O	O	O	O	O	O	_	_	EndOfLine	_	_	_
# segment_iiif_link = https://impresso-project.ch/api/proxy/iiif/LLE-1948-05-20-a-p0010/1877,2037,857,68/full/0/default.jpg
obéir	O	O	O	O	O	O	_	_	_	_	_	_
,	O	O	O	O	O	O	_	_	_	_	_	_
dorénavant	O	O	O	O	O	O	_	_	_	_	_	_
,	O	O	O	O	O	O	_	_	_	_	_	_
aux	O	O	O	O	O	O	_	_	_	_	_	_
ordres	O	O	O	O	O	O	_	_	_	_	_	_
de	O	O	O	O	O	O	_	_	_	_	_	_
limpérialisme	O	O	O	O	O	O	_	_	EndOfLine	_	_	_
# segment_iiif_link = https://impresso-project.ch/api/proxy/iiif/LLE-1948-05-20-a-p0010/1877,2077,857,68/full/0/default.jpg
américain	O	O	O	O	O	O	_	_	_	_	_	_
,	O	O	O	O	O	O	_	_	_	_	_	_
tandis	O	O	O	O	O	O	_	_	_	_	_	_
que	O	O	O	O	O	O	_	_	_	_	_	_
le	O	O	O	O	O	O	_	_	_	_	_	_
peuple	O	O	O	O	O	O	_	_	_	_	_	_
italien	O	O	O	O	O	O	_	_	_	_	_	_
devient	O	O	O	O	O	O	_	_	EndOfLine	_	_	_
# segment_iiif_link = https://impresso-project.ch/api/proxy/iiif/LLE-1948-05-20-a-p0010/1877,2115,845,70/full/0/default.jpg
lInstrument	O	O	O	O	O	O	_	_	_	_	_	_
d	O	O	O	O	O	O	_	_	_	_	_	_
une	O	O	O	O	O	O	_	_	_	_	_	_
nouvelle	O	O	O	O	O	O	_	_	_	_	_	_
guerre	O	O	O	O	O	O	_	_	_	_	_	_
de	O	O	O	O	O	O	_	_	EndOfLine	_	_	_
# segment_iiif_link = https://impresso-project.ch/api/proxy/iiif/LLE-1948-05-20-a-p0010/1877,2154,842,71/full/0/default.jpg
destructon	O	O	O	O	O	O	_	_	_	_	_	_
.	O	O	O	O	O	O	_	_	_	EndOfSentence	_	_
Le	O	O	O	O	O	O	_	_	_	_	_	_
Front	O	O	O	O	O	O	_	_	_	_	_	_
populaire	O	O	O	O	O	O	_	_	_	_	_	_
démocratique	O	O	O	O	O	O	_	_	_	_	_	_
doit	O	O	O	O	O	O	_	_	EndOfLine	_	_	_
# segment_iiif_link = https://impresso-project.ch/api/proxy/iiif/LLE-1948-05-20-a-p0010/1877,2194,859,68/full/0/default.jpg
poursuivre	O	O	O	O	O	O	_	_	_	_	_	_
ses	O	O	O	O	O	O	_	_	_	_	_	_
efforts	O	O	O	O	O	O	_	_	_	_	_	_
pour	O	O	O	O	O	O	_	_	_	_	_	_
sauvegarder	O	O	O	O	O	O	_	_	_	_	_	_
la	O	O	O	O	O	O	_	_	_	_	_	_
paix	O	O	O	O	O	O	_	_	_	_	_	_
,	O	O	O	O	O	O	_	_	EndOfLine	_	_	_
# segment_iiif_link = https://impresso-project.ch/api/proxy/iiif/LLE-1948-05-20-a-p0010/1877,2232,857,70/full/0/default.jpg
au	O	O	O	O	O	O	_	_	_	_	_	_
moment	O	O	O	O	O	O	_	_	_	_	_	_
où	O	O	O	O	O	O	_	_	_	_	_	_
les	O	O	O	O	O	O	_	_	_	_	_	_
institutions	O	O	O	O	O	O	_	_	_	_	_	_
démocratiques	O	O	O	O	O	O	_	_	EndOfLine	_	_	_
# segment_iiif_link = https://impresso-project.ch/api/proxy/iiif/LLE-1948-05-20-a-p0010/1877,2272,857,70/full/0/default.jpg
italiennes	O	O	O	O	O	O	_	_	_	_	_	_
sont	O	O	O	O	O	O	_	_	_	_	_	_
menacées	O	O	O	O	O	O	_	_	_	_	_	_
par	O	O	O	O	O	O	_	_	_	_	_	_
un	O	O	O	O	O	O	_	_	_	_	_	_
régime	O	O	O	O	O	O	_	_	_	_	_	_
clérical	O	O	O	O	O	O	_	_	_	_	_	_
.	O	O	O	O	O	O	_	_	EndOfLine	EndOfSentence	_	_
# segment_iiif_link = https://impresso-project.ch/api/proxy/iiif/LLE-1948-05-20-a-p0010/2122,2332,575,81/full/0/default.jpg
La	O	O	O	O	O	O	_	_	_	_	_	_
fuite	O	O	O	O	O	O	_	_	_	_	_	_
dIgor	O	O	O	O	O	O	_	_	_	_	_	_
Londres	O	O	O	O	O	O	_	_	_	_	_	_
,	O	O	O	O	O	O	_	_	_	_	_	_
20	O	O	O	O	O	O	_	_	_	_	_	_
moi	O	O	O	O	O	O	_	_	_	_	_	_
.	O	O	O	O	O	O	_	_	EndOfLine	EndOfSentence	_	_
# segment_iiif_link = https://impresso-project.ch/api/proxy/iiif/LLE-1948-05-20-a-p0010/1915,2423,817,70/full/0/default.jpg
(	O	O	O	O	O	O	_	_	_	_	_	_
Reuter	B-org	O	B-org.ent.pressagency.Reuters	O	O	O	Q130879	_	_	_	LED0.00	_
.	O	O	O	O	O	O	_	_	_	_	_	_
)	O	O	O	O	O	O	_	_	_	_	_	_
—	O	O	O	O	O	O	_	_	_	_	_	_
Igor	O	O	O	O	O	O	_	_	_	_	_	_
Klein	O	O	O	O	O	O	_	_	_	_	_	_
,	O	O	O	O	O	O	_	_	_	_	_	_
d	O	O	O	O	O	O	_	_	_	_	_	_
origine	O	O	O	O	O	O	_	_	_	_	_	_
russe	O	O	O	O	O	O	_	_	_	_	_	_
,	O	O	O	O	O	O	_	_	_	_	_	_
ancien	O	O	O	O	O	O	_	_	EndOfLine	_	_	_
# segment_iiif_link = https://impresso-project.ch/api/proxy/iiif/LLE-1948-05-20-a-p0010/1880,2462,852,71/full/0/default.jpg
agent	O	O	O	O	O	O	_	_	_	_	_	_
de	O	O	O	O	O	O	_	_	_	_	_	_
liaison	O	O	O	O	O	O	_	_	_	_	_	_
britannique	O	O	O	O	O	O	_	_	_	_	_	_
,	O	O	O	O	O	O	_	_	_	_	_	_
qui	O	O	O	O	O	O	_	_	_	_	_	_
avait	O	O	O	O	O	O	_	_	_	_	_	_
disparu	O	O	O	O	O	O	_	_	EndOfLine	_	_	_
# segment_iiif_link = https://impresso-project.ch/api/proxy/iiif/LLE-1948-05-20-a-p0010/1877,2504,861,68/full/0/default.jpg
de	O	O	O	O	O	O	_	_	_	_	_	_
Rerlin	O	O	O	O	O	O	_	_	_	_	_	_
à	O	O	O	O	O	O	_	_	_	_	_	_
l	O	O	O	O	O	O	_	_	_	_	_	_
expiration	O	O	O	O	O	O	_	_	_	_	_	_
de	O	O	O	O	O	O	_	_	_	_	_	_
son	O	O	O	O	O	O	_	_	_	_	_	_
contrat	O	O	O	O	O	O	_	_	_	_	_	_
avec	O	O	O	O	O	O	_	_	_	_	_	_
la	O	O	O	O	O	O	_	_	EndOfLine	_	_	_
# segment_iiif_link = https://impresso-project.ch/api/proxy/iiif/LLE-1948-05-20-a-p0010/1880,2542,856,70/full/0/default.jpg
Coinmission	O	O	O	O	O	O	_	_	_	_	_	_
de	O	O	O	O	O	O	_	_	_	_	_	_
contrôle	O	O	O	O	O	O	_	_	_	_	_	_
britannique	O	O	O	O	O	O	_	_	_	_	_	_
,	O	O	O	O	O	O	_	_	_	_	_	_
a	O	O	O	O	O	O	_	_	_	_	_	_
contesté	O	O	O	O	O	O	_	_	EndOfLine	_	_	_
# segment_iiif_link = https://impresso-project.ch/api/proxy/iiif/LLE-1948-05-20-a-p0010/1877,2582,859,70/full/0/default.jpg
ênergiquement	O	O	O	O	O	O	_	_	_	_	_	_
avoir	O	O	O	O	O	O	_	_	_	_	_	_
déserté	O	O	O	O	O	O	_	_	_	_	_	_
et	O	O	O	O	O	O	_	_	_	_	_	_
passé	O	O	O	O	O	O	_	_	_	_	_	_
du	O	O	O	O	O	O	_	_	_	_	_	_
côté	O	O	O	O	O	O	_	_	EndOfLine	_	_	_
# segment_iiif_link = https://impresso-project.ch/api/proxy/iiif/LLE-1948-05-20-a-p0010/1880,2622,856,70/full/0/default.jpg
russe	O	O	O	O	O	O	_	_	_	_	_	_
.	O	O	O	O	O	O	_	_	_	EndOfSentence	_	_
«	O	O	O	O	O	O	_	_	_	_	_	_
J	O	O	O	O	O	O	_	_	_	_	_	_
ai	O	O	O	O	O	O	_	_	_	_	_	_
été	O	O	O	O	O	O	_	_	_	_	_	_
retenu	O	O	O	O	O	O	_	_	_	_	_	_
par	O	O	O	O	O	O	_	_	_	_	_	_
les	O	O	O	O	O	O	_	_	_	_	_	_
Russes	O	O	O	O	O	O	_	_	_	_	_	_
contre	O	O	O	O	O	O	_	_	_	_	_	_
ma	O	O	O	O	O	O	_	_	EndOfLine	_	_	_
# segment_iiif_link = https://impresso-project.ch/api/proxy/iiif/LLE-1948-05-20-a-p0010/1877,2661,859,71/full/0/default.jpg
volonté	O	O	O	O	O	O	_	_	_	_	_	_
,	O	O	O	O	O	O	_	_	_	_	_	_
a	O	O	O	O	O	O	_	_	NoSpaceAfter	_	_	_
-	O	O	O	O	O	O	_	_	NoSpaceAfter	_	_	_
l	O	O	O	O	O	O	_	_	NoSpaceAfter	_	_	_
-	O	O	O	O	O	O	_	_	NoSpaceAfter	_	_	_
il	O	O	O	O	O	O	_	_	_	_	_	_
dit	O	O	O	O	O	O	_	_	_	_	_	_
.	O	O	O	O	O	O	_	_	_	_	_	_
J	O	O	O	O	O	O	_	_	_	_	_	_
ai	O	O	O	O	O	O	_	_	_	_	_	_
été	O	O	O	O	O	O	_	_	_	_	_	_
arrête	O	O	O	O	O	O	_	_	_	_	_	_
,	O	O	O	O	O	O	_	_	_	_	_	_
le	O	O	O	O	O	O	_	_	_	_	_	_
12	O	O	O	O	O	O	_	_	_	_	_	_
avril	O	O	O	O	O	O	_	_	_	_	_	_
,	O	O	O	O	O	O	_	_	_	_	_	_
alors	O	O	O	O	O	O	_	_	EndOfLine	_	_	_
# segment_iiif_link = https://impresso-project.ch/api/proxy/iiif/LLE-1948-05-20-a-p0010/1877,2699,847,70/full/0/default.jpg
que	O	O	O	O	O	O	_	_	_	_	_	_
je	O	O	O	O	O	O	_	_	_	_	_	_
circulais	O	O	O	O	O	O	_	_	_	_	_	_
en	O	O	O	O	O	O	_	_	_	_	_	_
automobile	O	O	O	O	O	O	_	_	_	_	_	_
à	O	O	O	O	O	O	_	_	_	_	_	_
Berlin	O	O	O	O	O	O	_	_	_	_	_	_
,	O	O	O	O	O	O	_	_	EndOfLine	_	_	_
# segment_iiif_link = https://impresso-project.ch/api/proxy/iiif/LLE-1948-05-20-a-p0010/1877,2739,861,70/full/0/default.jpg
probablement	O	O	O	O	O	O	_	_	_	_	_	_
dans	O	O	O	O	O	O	_	_	_	_	_	_
le	O	O	O	O	O	O	_	_	_	_	_	_
secteur	O	O	O	O	O	O	_	_	_	_	_	_
russe	O	O	O	O	O	O	_	_	_	_	_	_
.	O	O	O	O	O	O	_	_	_	_	_	_
Je	O	O	O	O	O	O	_	_	_	_	_	_
n	O	O	O	O	O	O	_	_	_	_	_	_
ai	O	O	O	O	O	O	_	_	_	_	_	_
pas	O	O	O	O	O	O	_	_	_	_	_	_
élé	O	O	O	O	O	O	_	_	EndOfLine	_	_	_
# segment_iiif_link = https://impresso-project.ch/api/proxy/iiif/LLE-1948-05-20-a-p0010/1880,2779,633,70/full/0/default.jpg
maltraité	O	O	O	O	O	O	_	_	_	_	_	_
,	O	O	O	O	O	O	_	_	_	_	_	_
mais	O	O	O	O	O	O	_	_	_	_	_	_
retenu	O	O	O	O	O	O	_	_	_	_	_	_
en	O	O	O	O	O	O	_	_	_	_	_	_
cellule	O	O	O	O	O	O	_	_	_	_	_	_
.	O	O	O	O	O	O	_	_	_	_	_	_
»	O	O	O	O	O	O	_	_	EndOfLine	_	_	_
# segment_iiif_link = https://impresso-project.ch/api/proxy/iiif/LLE-1948-05-20-a-p0010/1915,2816,817,71/full/0/default.jpg
Klein	O	O	O	O	O	O	_	_	_	_	_	_
a	O	O	O	O	O	O	_	_	_	_	_	_
été	O	O	O	O	O	O	_	_	_	_	_	_
rendu	O	O	O	O	O	O	_	_	_	_	_	_
aux	O	O	O	O	O	O	_	_	_	_	_	_
autorités	O	O	O	O	O	O	_	_	_	_	_	_
britanniques	O	O	O	O	O	O	_	_	_	_	_	_
.	O	O	O	O	O	O	_	_	EndOfLine	EndOfSentence	_	_
# segment_iiif_link = https://impresso-project.ch/api/proxy/iiif/LLE-1948-05-20-a-p0010/1880,2858,856,68/full/0/default.jpg
11	O	O	O	O	O	O	_	_	_	_	_	_
est	O	O	O	O	O	O	_	_	_	_	_	_
arrivé	O	O	O	O	O	O	_	_	_	_	_	_
,	O	O	O	O	O	O	_	_	_	_	_	_
mercredi	O	O	O	O	O	O	_	_	_	_	_	_
,	O	O	O	O	O	O	_	_	_	_	_	_
par	O	O	O	O	O	O	_	_	_	_	_	_
avion	O	O	O	O	O	O	_	_	_	_	_	_
,	O	O	O	O	O	O	_	_	_	_	_	_
à	O	O	O	O	O	O	_	_	_	_	_	_
Londres	O	O	O	O	O	O	_	_	_	_	_	_
.	O	O	O	O	O	O	_	_	EndOfLine	EndOfSentence	_	_
# segment_iiif_link = https://impresso-project.ch/api/proxy/iiif/LLE-1948-05-20-a-p0010/1877,2896,861,70/full/0/default.jpg
Les	O	O	O	O	O	O	_	_	_	_	_	_
autorités	O	O	O	O	O	O	_	_	_	_	_	_
britanniques	O	O	O	O	O	O	_	_	_	_	_	_
déclarent	O	O	O	O	O	O	_	_	_	_	_	_
qu	O	O	O	O	O	O	_	_	_	_	_	_
aucune	O	O	O	O	O	O	_	_	EndOfLine	_	_	_
# segment_iiif_link = https://impresso-project.ch/api/proxy/iiif/LLE-1948-05-20-a-p0010/1875,2936,598,70/full/0/default.jpg
mesure	O	O	O	O	O	O	_	_	_	_	_	_
ne	O	O	O	O	O	O	_	_	_	_	_	_
sera	O	O	O	O	O	O	_	_	_	_	_	_
prise	O	O	O	O	O	O	_	_	_	_	_	_
contre	O	O	O	O	O	O	_	_	_	_	_	_
lui	O	O	O	O	O	O	_	_	_	_	_	_
.	O	O	O	O	O	O	_	_	EndOfLine	EndOfSentence	_	_
# segment_iiif_link = https://impresso-project.ch/api/proxy/iiif/LLE-1948-05-20-a-p0010/1923,2996,757,87/full/0/default.jpg
L	O	O	O	O	O	O	_	_	_	_	_	_
expulsion	O	O	O	O	O	O	_	_	_	_	_	_
d	O	O	O	O	O	O	_	_	_	_	_	_
un	O	O	O	O	O	O	_	_	_	_	_	_
journaliste	O	O	O	O	O	O	_	_	_	_	_	_
anglais	O	O	O	O	O	O	_	_	EndOfLine	_	_	_
# segment_iiif_link = https://impresso-project.ch/api/proxy/iiif/LLE-1948-05-20-a-p0010/2198,3061,501,87/full/0/default.jpg
de	O	O	O	O	O	O	_	_	_	_	_	_
Prague	O	O	O	O	O	O	_	_	_	_	_	_
Londres	O	O	O	O	O	O	_	_	_	_	_	_
,	O	O	O	O	O	O	_	_	_	_	_	_
20	O	O	O	O	O	O	_	_	_	_	_	_
mai	O	O	O	O	O	O	_	_	_	_	_	_
.	O	O	O	O	O	O	_	_	EndOfLine	EndOfSentence	_	_
# segment_iiif_link = https://impresso-project.ch/api/proxy/iiif/LLE-1948-05-20-a-p0010/1913,3168,825,68/full/0/default.jpg
(	O	O	O	O	O	O	_	_	_	_	_	_
AFP	B-org	O	B-org.ent.pressagency.AFP	O	O	O	Q40464	_	_	_	LED0.00	_
.	O	O	O	O	O	O	_	_	_	_	_	_
)	O	O	O	O	O	O	_	_	_	_	_	_
—	O	O	O	O	O	O	_	_	_	_	_	_
Le	O	O	O	O	O	O	_	_	_	_	_	_
journal	O	O	O	O	O	O	_	_	_	_	_	_
libéral	O	O	O	O	O	O	_	_	_	_	_	_
News	O	O	O	O	O	O	_	_	_	_	_	_
Chronicle	O	O	O	O	O	O	_	_	_	_	_	_
,	O	O	O	O	O	O	_	_	EndOfLine	_	_	_
# segment_iiif_link = https://impresso-project.ch/api/proxy/iiif/LLE-1948-05-20-a-p0010/1875,3208,863,70/full/0/default.jpg
dont	O	O	O	O	O	O	_	_	_	_	_	_
le	O	O	O	O	O	O	_	_	_	_	_	_
correspondant	O	O	O	O	O	O	_	_	_	_	_	_
à	O	O	O	O	O	O	_	_	_	_	_	_
Prague	O	O	O	O	O	O	_	_	_	_	_	_
,	O	O	O	O	O	O	_	_	_	_	_	_
M	O	O	O	O	O	O	_	_	_	_	_	_
.	O	O	O	O	O	O	_	_	_	EndOfSentence	_	_
Karl	O	O	O	O	O	O	_	_	_	_	_	_
Robson	O	O	O	O	O	O	_	_	_	_	_	_
,	O	O	O	O	O	O	_	_	EndOfLine	_	_	_
# segment_iiif_link = https://impresso-project.ch/api/proxy/iiif/LLE-1948-05-20-a-p0010/1875,3248,865,70/full/0/default.jpg
vient	O	O	O	O	O	O	_	_	_	_	_	_
d	O	O	O	O	O	O	_	_	_	_	_	_
être	O	O	O	O	O	O	_	_	_	_	_	_
obligé	O	O	O	O	O	O	_	_	_	_	_	_
de	O	O	O	O	O	O	_	_	_	_	_	_
quitter	O	O	O	O	O	O	_	_	_	_	_	_
la	O	O	O	O	O	O	_	_	_	_	_	_
Tchécoslovaquie	O	O	O	O	O	O	_	_	_	_	_	_
,	O	O	O	O	O	O	_	_	EndOfLine	_	_	_
# segment_iiif_link = https://impresso-project.ch/api/proxy/iiif/LLE-1948-05-20-a-p0010/1877,3285,861,71/full/0/default.jpg
commente	O	O	O	O	O	O	_	_	_	_	_	_
cette	O	O	O	O	O	O	_	_	_	_	_	_
mesure	O	O	O	O	O	O	_	_	_	_	_	_
en	O	O	O	O	O	O	_	_	_	_	_	_
ces	O	O	O	O	O	O	_	_	_	_	_	_
termes	O	O	O	O	O	O	_	_	_	_	_	_
:	O	O	O	O	O	O	_	_	_	_	_	_
«	O	O	O	O	O	O	_	_	_	_	_	_
C	O	O	O	O	O	O	_	_	_	_	_	_
est	O	O	O	O	O	O	_	_	EndOfLine	_	_	_
# segment_iiif_link = https://impresso-project.ch/api/proxy/iiif/LLE-1948-05-20-a-p0010/1875,3325,859,70/full/0/default.jpg
une	O	O	O	O	O	O	_	_	_	_	_	_
amère	O	O	O	O	O	O	_	_	_	_	_	_
ironie	O	O	O	O	O	O	_	_	_	_	_	_
de	O	O	O	O	O	O	_	_	_	_	_	_
voir	O	O	O	O	O	O	_	_	_	_	_	_
que	O	O	O	O	O	O	_	_	_	_	_	_
c	O	O	O	O	O	O	_	_	_	_	_	_
est	O	O	O	O	O	O	_	_	_	_	_	_
précisément	O	O	O	O	O	O	_	_	EndOfLine	_	_	_
# segment_iiif_link = https://impresso-project.ch/api/proxy/iiif/LLE-1948-05-20-a-p0010/1875,3365,857,70/full/0/default.jpg
le	O	O	O	O	O	O	_	_	_	_	_	_
News	O	O	O	O	O	O	_	_	_	_	_	_
Chronicle	O	O	O	O	O	O	_	_	_	_	_	_
que	O	O	O	O	O	O	_	_	_	_	_	_
les	O	O	O	O	O	O	_	_	_	_	_	_
«	O	O	O	O	O	O	_	_	_	_	_	_
libérateurs	O	O	O	O	O	O	_	_	_	_	_	_
»	O	O	O	O	O	O	_	_	_	_	_	_
de	O	O	O	O	O	O	_	_	_	_	_	_
la	O	O	O	O	O	O	_	_	EndOfLine	_	_	_
# segment_iiif_link = https://impresso-project.ch/api/proxy/iiif/LLE-1948-05-20-a-p0010/1875,3405,857,68/full/0/default.jpg
Tchécoslovaquie	O	O	O	O	O	O	_	_	_	_	_	_
craignent	O	O	O	O	O	O	_	_	_	_	_	_
tant	O	O	O	O	O	O	_	_	_	_	_	_
.	O	O	O	O	O	O	_	_	_	EndOfSentence	_	_
En	O	O	O	O	O	O	_	_	_	_	_	_
effet	O	O	O	O	O	O	_	_	_	_	_	_
,	O	O	O	O	O	O	_	_	_	_	_	_
quand	O	O	O	O	O	O	_	_	EndOfLine	_	_	_
# segment_iiif_link = https://impresso-project.ch/api/proxy/iiif/LLE-1948-05-20-a-p0010/1877,3445,853,68/full/0/default.jpg
Chamberlain	O	O	O	O	O	O	_	_	_	_	_	_
,	O	O	O	O	O	O	_	_	_	_	_	_
revenant	O	O	O	O	O	O	_	_	_	_	_	_
de	O	O	O	O	O	O	_	_	_	_	_	_
Munich	O	O	O	O	O	O	_	_	_	_	_	_
,	O	O	O	O	O	O	_	_	_	_	_	_
déclarait	O	O	O	O	O	O	_	_	_	_	_	_
qu	O	O	O	O	O	O	_	_	_	_	_	_
il	O	O	O	O	O	O	_	_	EndOfLine	_	_	_
# segment_iiif_link = https://impresso-project.ch/api/proxy/iiif/LLE-1948-05-20-a-p0010/1877,3484,853,71/full/0/default.jpg
rapportait	O	O	O	O	O	O	_	_	_	_	_	_
la	O	O	O	O	O	O	_	_	_	_	_	_
paix	O	O	O	O	O	O	_	_	_	_	_	_
,	O	O	O	O	O	O	_	_	_	_	_	_
notre	O	O	O	O	O	O	_	_	_	_	_	_
journal	O	O	O	O	O	O	_	_	_	_	_	_
a	O	O	O	O	O	O	_	_	_	_	_	_
été	O	O	O	O	O	O	_	_	_	_	_	_
le	O	O	O	O	O	O	_	_	_	_	_	_
premier	O	O	O	O	O	O	_	_	EndOfLine	_	_	_
# segment_iiif_link = https://impresso-project.ch/api/proxy/iiif/LLE-1948-05-20-a-p0010/1875,3524,859,68/full/0/default.jpg
à	O	O	O	O	O	O	_	_	_	_	_	_
dire	O	O	O	O	O	O	_	_	_	_	_	_
qu	O	O	O	O	O	O	_	_	_	_	_	_
il	O	O	O	O	O	O	_	_	_	_	_	_
la	O	O	O	O	O	O	_	_	_	_	_	_
ramenait	O	O	O	O	O	O	_	_	_	_	_	_
avec	O	O	O	O	O	O	_	_	_	_	_	_
le	O	O	O	O	O	O	_	_	_	_	_	_
déshonneur	O	O	O	O	O	O	_	_	_	_	_	_
.	O	O	O	O	O	O	_	_	EndOfLine	EndOfSentence	_	_
# segment_iiif_link = https://impresso-project.ch/api/proxy/iiif/LLE-1948-05-20-a-p0010/1880,3562,850,70/full/0/default.jpg
Depuis	O	O	O	O	O	O	_	_	_	_	_	_
cette	O	O	O	O	O	O	_	_	_	_	_	_
date	O	O	O	O	O	O	_	_	_	_	_	_
,	O	O	O	O	O	O	_	_	_	_	_	_
nous	O	O	O	O	O	O	_	_	_	_	_	_
n	O	O	O	O	O	O	_	_	_	_	_	_
avons	O	O	O	O	O	O	_	_	_	_	_	_
cessé	O	O	O	O	O	O	_	_	_	_	_	_
de	O	O	O	O	O	O	_	_	_	_	_	_
défendre	O	O	O	O	O	O	_	_	EndOfLine	_	_	_
# segment_iiif_link = https://impresso-project.ch/api/proxy/iiif/LLE-1948-05-20-a-p0010/1875,3602,844,70/full/0/default.jpg
la	O	O	O	O	O	O	_	_	_	_	_	_
liberté	O	O	O	O	O	O	_	_	_	_	_	_
et	O	O	O	O	O	O	_	_	_	_	_	_
lindépendance	O	O	O	O	O	O	_	_	_	_	_	_
du	O	O	O	O	O	O	_	_	_	_	_	_
peuple	O	O	O	O	O	O	_	_	EndOfLine	_	_	_
# segment_iiif_link = https://impresso-project.ch/api/proxy/iiif/LLE-1948-05-20-a-p0010/1877,3641,226,71/full/0/default.jpg
tchécoslovaque	O	O	O	O	O	O	_	_	_	_	_	_
.	O	O	O	O	O	O	_	_	_	EndOfSentence	_	_
»	O	O	O	O	O	O	_	_	EndOfLine	_	_	_
# segment_iiif_link = https://impresso-project.ch/api/proxy/iiif/LLE-1948-05-20-a-p0010/1915,3681,815,68/full/0/default.jpg
Dans	O	O	O	O	O	O	_	_	_	_	_	_
le	O	O	O	O	O	O	_	_	_	_	_	_
même	O	O	O	O	O	O	_	_	_	_	_	_
journal	O	O	O	O	O	O	_	_	_	_	_	_
,	O	O	O	O	O	O	_	_	_	_	_	_
Karl	O	O	O	O	O	O	_	_	_	_	_	_
Robson	O	O	O	O	O	O	_	_	_	_	_	_
,	O	O	O	O	O	O	_	_	_	_	_	_
qui	O	O	O	O	O	O	_	_	_	_	_	_
avait	O	O	O	O	O	O	_	_	EndOfLine	_	_	_
# segment_iiif_link = https://impresso-project.ch/api/proxy/iiif/LLE-1948-05-20-a-p0010/1877,3719,857,70/full/0/default.jpg
déjà	O	O	O	O	O	O	_	_	_	_	_	_
élé	O	O	O	O	O	O	_	_	_	_	_	_
expulsé	O	O	O	O	O	O	_	_	_	_	_	_
d	O	O	O	O	O	O	_	_	_	_	_	_
Allemagne	O	O	O	O	O	O	_	_	_	_	_	_
par	O	O	O	O	O	O	_	_	_	_	_	_
Hitler	O	O	O	O	O	O	_	_	_	_	_	_
(	O	O	O	O	O	O	_	_	_	_	_	_
1936	O	O	O	O	O	O	_	_	_	_	_	_
)	O	O	O	O	O	O	_	_	EndOfLine	_	_	_
# segment_iiif_link = https://impresso-project.ch/api/proxy/iiif/LLE-1948-05-20-a-p0010/1877,3761,857,68/full/0/default.jpg
et	O	O	O	O	O	O	_	_	_	_	_	_
d	O	O	O	O	O	O	_	_	_	_	_	_
Espagne	O	O	O	O	O	O	_	_	_	_	_	_
par	O	O	O	O	O	O	_	_	_	_	_	_
Franco	O	O	O	O	O	O	_	_	_	_	_	_
(	O	O	O	O	O	O	_	_	_	_	_	_
1938	O	O	O	O	O	O	_	_	_	_	_	_
)	O	O	O	O	O	O	_	_	_	_	_	_
,	O	O	O	O	O	O	_	_	_	_	_	_
raconte	O	O	O	O	O	O	_	_	_	_	_	_
que	O	O	O	O	O	O	_	_	_	_	_	_
les	O	O	O	O	O	O	_	_	EndOfLine	_	_	_
# segment_iiif_link = https://impresso-project.ch/api/proxy/iiif/LLE-1948-05-20-a-p0010/1877,3799,853,70/full/0/default.jpg
autorités	O	O	O	O	O	O	_	_	_	_	_	_
tchécoslovaques	O	O	O	O	O	O	_	_	_	_	_	_
,	O	O	O	O	O	O	_	_	_	_	_	_
avant	O	O	O	O	O	O	_	_	_	_	_	_
de	O	O	O	O	O	O	_	_	_	_	_	_
lui	O	O	O	O	O	O	_	_	_	_	_	_
refuser	O	O	O	O	O	O	_	_	EndOfLine	_	_	_
# segment_iiif_link = https://impresso-project.ch/api/proxy/iiif/LLE-1948-05-20-a-p0010/1877,3838,855,69/full/0/default.jpg
purement	O	O	O	O	O	O	_	_	_	_	_	_
et	O	O	O	O	O	O	_	_	_	_	_	_
simplement	O	O	O	O	O	O	_	_	_	_	_	_
le	O	O	O	O	O	O	_	_	_	_	_	_
renouvellement	O	O	O	O	O	O	_	_	_	_	_	_
de	O	O	O	O	O	O	_	_	EndOfLine	_	_	_
# segment_iiif_link = https://impresso-project.ch/api/proxy/iiif/LLE-1948-05-20-a-p0010/1877,3878,853,68/full/0/default.jpg
son	O	O	O	O	O	O	_	_	_	_	_	_
séjour	O	O	O	O	O	O	_	_	_	_	_	_
,	O	O	O	O	O	O	_	_	_	_	_	_
onl	O	O	O	O	O	O	_	_	_	_	_	_
essayé	O	O	O	O	O	O	_	_	_	_	_	_
de	O	O	O	O	O	O	_	_	_	_	_	_
susciter	O	O	O	O	O	O	_	_	_	_	_	_
des	O	O	O	O	O	O	_	_	_	_	_	_
motifs	O	O	O	O	O	O	_	_	_	_	_	_
pour	O	O	O	O	O	O	_	_	EndOfLine	_	_	_
# segment_iiif_link = https://impresso-project.ch/api/proxy/iiif/LLE-1948-05-20-a-p0010/1877,3916,855,70/full/0/default.jpg
l	O	O	O	O	O	O	_	_	_	_	_	_
expulser	O	O	O	O	O	O	_	_	_	_	_	_
,	O	O	O	O	O	O	_	_	_	_	_	_
au	O	O	O	O	O	O	_	_	_	_	_	_
moyen	O	O	O	O	O	O	_	_	_	_	_	_
d	O	O	O	O	O	O	_	_	_	_	_	_
agents	O	O	O	O	O	O	_	_	_	_	_	_
provocateurs	O	O	O	O	O	O	_	_	_	_	_	_
et	O	O	O	O	O	O	_	_	_	_	_	_
en	O	O	O	O	O	O	_	_	EndOfLine	_	_	_
# segment_iiif_link = https://impresso-project.ch/api/proxy/iiif/LLE-1948-05-20-a-p0010/1880,3956,852,70/full/0/default.jpg
introduisant	O	O	O	O	O	O	_	_	_	_	_	_
dans	O	O	O	O	O	O	_	_	_	_	_	_
ses	O	O	O	O	O	O	_	_	_	_	_	_
affaires	O	O	O	O	O	O	_	_	_	_	_	_
personnelles	O	O	O	O	O	O	_	_	_	_	_	_
des	O	O	O	O	O	O	_	_	EndOfLine	_	_	_
# segment_iiif_link = https://impresso-project.ch/api/proxy/iiif/LLE-1948-05-20-a-p0010/1880,3995,424,71/full/0/default.jpg
papiers	O	O	O	O	O	O	_	_	_	_	_	_
compromettants	O	O	O	O	O	O	_	_	_	_	_	_
.	O	O	O	O	O	O	_	_	EndOfLine	EndOfSentence	_	_

# language = fr
# newspaper = LLE
# date = 1952-05-23
# document_id = LLE-1952-05-23-a-i0115
# news-agency-as-source = Q40464, Q130879, Q312653, Q493845
# segment_iiif_link = https://impresso-project.ch/api/proxy/iiif/LLE-1952-05-23-a-p0016/304,600,552,146/full/0/default.jpg
Le	O	O	O	O	O	O	_	_	_	_	_	_
general	O	O	O	O	O	O	_	_	_	_	_	_
.	O	O	O	O	O	O	_	_	_	EndOfSentence	_	_
irigway	O	O	O	O	O	O	_	_	EndOfLine	_	_	_
# segment_iiif_link = https://impresso-project.ch/api/proxy/iiif/LLE-1952-05-23-a-p0016/162,716,805,146/full/0/default.jpg
devant	O	O	O	O	O	O	_	_	_	_	_	_
le	O	O	O	O	O	O	_	_	_	_	_	_
Congres	O	O	O	O	O	O	_	_	_	_	_	_
americain	O	O	O	O	O	O	_	_	EndOfLine	_	_	_
# segment_iiif_link = https://impresso-project.ch/api/proxy/iiif/LLE-1952-05-23-a-p0016/1124,591,1628,188/full/0/default.jpg
Le	O	O	O	O	O	O	_	_	_	_	_	_
taite	O	O	O	O	O	O	_	_	_	_	_	_
general	O	O	O	O	O	O	_	_	_	_	_	_
germano	O	O	O	O	O	O	_	_	NoSpaceAfter	_	_	_
-	O	O	O	O	O	O	_	_	NoSpaceAfter	_	_	_
allie	O	O	O	O	O	O	_	_	EndOfLine	_	_	_
# segment_iiif_link = https://impresso-project.ch/api/proxy/iiif/LLE-1952-05-23-a-p0016/1274,721,1333,188/full/0/default.jpg
sera	O	O	O	O	O	O	_	_	_	_	_	_
s	O	O	O	O	O	O	_	_	_	_	_	_
\	O	O	O	O	O	O	_	_	_	_	_	_
gn	O	O	O	O	O	O	_	_	_	_	_	_
6	O	O	O	O	O	O	_	_	_	_	_	_
,	O	O	O	O	O	O	_	_	_	_	_	_
lundi	O	O	O	O	O	O	_	_	_	_	_	_
,	O	O	O	O	O	O	_	_	_	_	_	_
ä	O	O	O	O	O	O	_	_	_	_	_	_
Bonn	O	O	O	O	O	O	_	_	EndOfLine	_	_	_
# segment_iiif_link = https://impresso-project.ch/api/proxy/iiif/LLE-1952-05-23-a-p0016/599,834,375,64/full/0/default.jpg
Washington	O	O	O	O	O	O	_	_	_	_	_	_
,	O	O	O	O	O	O	_	_	_	_	_	_
23	O	O	O	O	O	O	_	_	_	_	_	_
mai	O	O	O	O	O	O	_	_	_	_	_	_
.	O	O	O	O	O	O	_	_	EndOfLine	EndOfSentence	_	_
# segment_iiif_link = https://impresso-project.ch/api/proxy/iiif/LLE-1952-05-23-a-p0016/174,873,812,62/full/0/default.jpg
(	O	O	O	O	O	O	_	_	_	_	_	_
Reuter	B-org	O	B-org.ent.pressagency.Reuters	O	O	O	Q130879	_	_	_	LED0.00	_
.	O	O	O	O	O	O	_	_	_	EndOfSentence	_	_
i	O	O	O	O	O	O	_	_	_	_	_	_
—	O	O	O	O	O	O	_	_	_	_	_	_
Le	O	O	O	O	O	O	_	_	_	_	_	_
general	O	O	O	O	O	O	_	_	_	_	_	_
Ridgway	O	O	O	O	O	O	_	_	_	_	_	_
s	O	O	O	O	O	O	_	_	_	_	_	_
est	O	O	O	O	O	O	_	_	EndOfLine	_	_	_
# segment_iiif_link = https://impresso-project.ch/api/proxy/iiif/LLE-1952-05-23-a-p0016/134,912,865,63/full/0/default.jpg
presente	O	O	O	O	O	O	_	_	_	_	_	_
devant	O	O	O	O	O	O	_	_	_	_	_	_
les	O	O	O	O	O	O	_	_	_	_	_	_
deux	O	O	O	O	O	O	_	_	_	_	_	_
Chambres	O	O	O	O	O	O	_	_	_	_	_	_
du	O	O	O	O	O	O	_	_	_	_	_	_
Congres	O	O	O	O	O	O	_	_	EndOfLine	_	_	_
# segment_iiif_link = https://impresso-project.ch/api/proxy/iiif/LLE-1952-05-23-a-p0016/132,951,185,63/full/0/default.jpg
americain	O	O	O	O	O	O	_	_	_	_	_	_
.	O	O	O	O	O	O	_	_	EndOfLine	EndOfSentence	_	_
# segment_iiif_link = https://impresso-project.ch/api/proxy/iiif/LLE-1952-05-23-a-p0016/167,989,824,62/full/0/default.jpg
Ridgway	O	O	O	O	O	O	_	_	_	_	_	_
a	O	O	O	O	O	O	_	_	_	_	_	_
dementi	O	O	O	O	O	O	_	_	_	_	_	_
,	O	O	O	O	O	O	_	_	_	_	_	_
comme	O	O	O	O	O	O	_	_	_	_	_	_
fausses	O	O	O	O	O	O	_	_	_	_	_	_
,	O	O	O	O	O	O	_	_	_	_	_	_
les	O	O	O	O	O	O	_	_	EndOfLine	_	_	_
# segment_iiif_link = https://impresso-project.ch/api/proxy/iiif/LLE-1952-05-23-a-p0016/131,1026,861,64/full/0/default.jpg
aecusations	O	O	O	O	O	O	_	_	_	_	_	_
communistes	O	O	O	O	O	O	_	_	_	_	_	_
sur	O	O	O	O	O	O	_	_	_	_	_	_
la	O	O	O	O	O	O	_	_	_	_	_	_
guerre	O	O	O	O	O	O	_	_	EndOfLine	_	_	_
# segment_iiif_link = https://impresso-project.ch/api/proxy/iiif/LLE-1952-05-23-a-p0016/132,1066,874,62/full/0/default.jpg
bacteriologique	O	O	O	O	O	O	_	_	_	_	_	_
et	O	O	O	O	O	O	_	_	_	_	_	_
toxique	O	O	O	O	O	O	_	_	_	_	_	_
que	O	O	O	O	O	O	_	_	_	_	_	_
les	O	O	O	O	O	O	_	_	_	_	_	_
Nations	O	O	O	O	O	O	_	_	NoSpaceAfter	_	_	_
-	O	O	O	O	O	O	_	_	NoSpaceAfter	_	_	_
Unies	O	O	O	O	O	O	_	_	_	_	_	_
meneraient	O	O	O	O	O	O	_	_	EndOfLine	_	_	_
# segment_iiif_link = https://impresso-project.ch/api/proxy/iiif/LLE-1952-05-23-a-p0016/132,1103,875,63/full/0/default.jpg
en	O	O	O	O	O	O	_	_	_	_	_	_
Coree	O	O	O	O	O	O	_	_	_	_	_	_
.	O	O	O	O	O	O	_	_	_	EndOfSentence	_	_
Personne	O	O	O	O	O	O	_	_	_	_	_	_
,	O	O	O	O	O	O	_	_	_	_	_	_
parmi	O	O	O	O	O	O	_	_	_	_	_	_
les	O	O	O	O	O	O	_	_	_	_	_	_
forces	O	O	O	O	O	O	_	_	_	_	_	_
de	O	O	O	O	O	O	_	_	_	_	_	_
VONU	O	O	O	O	O	O	_	_	_	_	_	_
,	O	O	O	O	O	O	_	_	EndOfLine	_	_	_
# segment_iiif_link = https://impresso-project.ch/api/proxy/iiif/LLE-1952-05-23-a-p0016/131,1141,871,64/full/0/default.jpg
n	O	O	O	O	O	O	_	_	_	_	_	_
a	O	O	O	O	O	O	_	_	_	_	_	_
jamais	O	O	O	O	O	O	_	_	_	_	_	_
employe	O	O	O	O	O	O	_	_	_	_	_	_
,	O	O	O	O	O	O	_	_	_	_	_	_
ä	O	O	O	O	O	O	_	_	_	_	_	_
aueun	O	O	O	O	O	O	_	_	_	_	_	_
moment	O	O	O	O	O	O	_	_	_	_	_	_
les	O	O	O	O	O	O	_	_	_	_	_	_
gaz	O	O	O	O	O	O	_	_	EndOfLine	_	_	_
# segment_iiif_link = https://impresso-project.ch/api/proxy/iiif/LLE-1952-05-23-a-p0016/129,1180,288,62/full/0/default.jpg
ni	O	O	O	O	O	O	_	_	_	_	_	_
les	O	O	O	O	O	O	_	_	_	_	_	_
bacteries	O	O	O	O	O	O	_	_	_	_	_	_
.	O	O	O	O	O	O	_	_	EndOfLine	EndOfSentence	_	_
# segment_iiif_link = https://impresso-project.ch/api/proxy/iiif/LLE-1952-05-23-a-p0016/167,1217,824,64/full/0/default.jpg
En	O	O	O	O	O	O	_	_	_	_	_	_
ce	O	O	O	O	O	O	_	_	_	_	_	_
qui	O	O	O	O	O	O	_	_	_	_	_	_
concerne	O	O	O	O	O	O	_	_	_	_	_	_
les	O	O	O	O	O	O	_	_	_	_	_	_
negociations	O	O	O	O	O	O	_	_	EndOfLine	_	_	_
# segment_iiif_link = https://impresso-project.ch/api/proxy/iiif/LLE-1952-05-23-a-p0016/132,1257,874,62/full/0/default.jpg
darmistice	O	O	O	O	O	O	_	_	_	_	_	_
le	O	O	O	O	O	O	_	_	_	_	_	_
general	O	O	O	O	O	O	_	_	_	_	_	_
a	O	O	O	O	O	O	_	_	_	_	_	_
dit	O	O	O	O	O	O	_	_	_	_	_	_
que	O	O	O	O	O	O	_	_	_	_	_	_
celles	O	O	O	O	O	O	_	_	NoSpaceAfter	_	_	_
-	O	O	O	O	O	O	_	_	NoSpaceAfter	_	_	_
ci	O	O	O	O	O	O	_	_	_	_	_	_
ne	O	O	O	O	O	O	_	_	_	_	_	_
constituent	O	O	O	O	O	O	_	_	EndOfLine	_	_	_
# segment_iiif_link = https://impresso-project.ch/api/proxy/iiif/LLE-1952-05-23-a-p0016/131,1294,875,62/full/0/default.jpg
pas	O	O	O	O	O	O	_	_	_	_	_	_
un	O	O	O	O	O	O	_	_	_	_	_	_
coup	O	O	O	O	O	O	_	_	_	_	_	_
manque	O	O	O	O	O	O	_	_	_	_	_	_
,	O	O	O	O	O	O	_	_	_	_	_	_
bien	O	O	O	O	O	O	_	_	_	_	_	_
que	O	O	O	O	O	O	_	_	_	_	_	_
les	O	O	O	O	O	O	_	_	_	_	_	_
hostilites	O	O	O	O	O	O	_	_	EndOfLine	_	_	_
# segment_iiif_link = https://impresso-project.ch/api/proxy/iiif/LLE-1952-05-23-a-p0016/131,1333,870,63/full/0/default.jpg
n	O	O	O	O	O	O	_	_	_	_	_	_
aient	O	O	O	O	O	O	_	_	_	_	_	_
pas	O	O	O	O	O	O	_	_	_	_	_	_
ete	O	O	O	O	O	O	_	_	_	_	_	_
suspendues	O	O	O	O	O	O	_	_	_	_	_	_
.	O	O	O	O	O	O	_	_	_	EndOfSentence	_	_
Les	O	O	O	O	O	O	_	_	_	_	_	_
negociations	O	O	O	O	O	O	_	_	EndOfLine	_	_	_
# segment_iiif_link = https://impresso-project.ch/api/proxy/iiif/LLE-1952-05-23-a-p0016/131,1371,868,62/full/0/default.jpg
sont	O	O	O	O	O	O	_	_	_	_	_	_
menees	O	O	O	O	O	O	_	_	_	_	_	_
avec	O	O	O	O	O	O	_	_	_	_	_	_
franchise	O	O	O	O	O	O	_	_	_	_	_	_
et	O	O	O	O	O	O	_	_	_	_	_	_
probite	O	O	O	O	O	O	_	_	_	_	_	_
par	O	O	O	O	O	O	_	_	_	_	_	_
les	O	O	O	O	O	O	_	_	EndOfLine	_	_	_
# segment_iiif_link = https://impresso-project.ch/api/proxy/iiif/LLE-1952-05-23-a-p0016/131,1408,865,64/full/0/default.jpg
Allies	O	O	O	O	O	O	_	_	_	_	_	_
,	O	O	O	O	O	O	_	_	_	_	_	_
afin	O	O	O	O	O	O	_	_	_	_	_	_
d	O	O	O	O	O	O	_	_	_	_	_	_
arriver	O	O	O	O	O	O	_	_	_	_	_	_
ä	O	O	O	O	O	O	_	_	_	_	_	_
un	O	O	O	O	O	O	_	_	_	_	_	_
armistice	O	O	O	O	O	O	_	_	_	_	_	_
honorable	O	O	O	O	O	O	_	_	EndOfLine	_	_	_
# segment_iiif_link = https://impresso-project.ch/api/proxy/iiif/LLE-1952-05-23-a-p0016/131,1447,855,65/full/0/default.jpg
conforme	O	O	O	O	O	O	_	_	_	_	_	_
aux	O	O	O	O	O	O	_	_	_	_	_	_
Instructions	O	O	O	O	O	O	_	_	_	_	_	_
donnees	O	O	O	O	O	O	_	_	_	_	_	_
par	O	O	O	O	O	O	_	_	_	_	_	_
les	O	O	O	O	O	O	_	_	EndOfLine	_	_	_
# segment_iiif_link = https://impresso-project.ch/api/proxy/iiif/LLE-1952-05-23-a-p0016/129,1487,870,62/full/0/default.jpg
autorites	O	O	O	O	O	O	_	_	_	_	_	_
competentes	O	O	O	O	O	O	_	_	_	_	_	_
.	O	O	O	O	O	O	_	_	_	EndOfSentence	_	_
Si	O	O	O	O	O	O	_	_	_	_	_	_
un	O	O	O	O	O	O	_	_	_	_	_	_
succes	O	O	O	O	O	O	_	_	_	_	_	_
n	O	O	O	O	O	O	_	_	_	_	_	_
a	O	O	O	O	O	O	_	_	_	_	_	_
pas	O	O	O	O	O	O	_	_	_	_	_	_
encore	O	O	O	O	O	O	_	_	EndOfLine	_	_	_
# segment_iiif_link = https://impresso-project.ch/api/proxy/iiif/LLE-1952-05-23-a-p0016/132,1524,867,63/full/0/default.jpg
ete	O	O	O	O	O	O	_	_	_	_	_	_
atteint	O	O	O	O	O	O	_	_	_	_	_	_
jusquici	O	O	O	O	O	O	_	_	_	_	_	_
,	O	O	O	O	O	O	_	_	_	_	_	_
cela	O	O	O	O	O	O	_	_	_	_	_	_
ne	O	O	O	O	O	O	_	_	_	_	_	_
signifie	O	O	O	O	O	O	_	_	_	_	_	_
pas	O	O	O	O	O	O	_	_	_	_	_	_
non	O	O	O	O	O	O	_	_	EndOfLine	_	_	_
# segment_iiif_link = https://impresso-project.ch/api/proxy/iiif/LLE-1952-05-23-a-p0016/131,1562,866,64/full/0/default.jpg
plus	O	O	O	O	O	O	_	_	_	_	_	_
quil	O	O	O	O	O	O	_	_	_	_	_	_
y	O	O	O	O	O	O	_	_	_	_	_	_
ait	O	O	O	O	O	O	_	_	_	_	_	_
eu	O	O	O	O	O	O	_	_	_	_	_	_
echec	O	O	O	O	O	O	_	_	_	_	_	_
,	O	O	O	O	O	O	_	_	_	_	_	_
mais	O	O	O	O	O	O	_	_	_	_	_	_
c	O	O	O	O	O	O	_	_	_	_	_	_
est	O	O	O	O	O	O	_	_	_	_	_	_
plutöt	O	O	O	O	O	O	_	_	_	_	_	_
la	O	O	O	O	O	O	_	_	EndOfLine	_	_	_
# segment_iiif_link = https://impresso-project.ch/api/proxy/iiif/LLE-1952-05-23-a-p0016/131,1601,871,62/full/0/default.jpg
preuve	O	O	O	O	O	O	_	_	_	_	_	_
que	O	O	O	O	O	O	_	_	_	_	_	_
les	O	O	O	O	O	O	_	_	_	_	_	_
coneeptions	O	O	O	O	O	O	_	_	_	_	_	_
des	O	O	O	O	O	O	_	_	_	_	_	_
Nations	O	O	O	O	O	O	_	_	NoSpaceAfter	_	_	_
-	O	O	O	O	O	O	_	_	NoSpaceAfter	_	_	_
Unies	O	O	O	O	O	O	_	_	EndOfLine	_	_	_
# segment_iiif_link = https://impresso-project.ch/api/proxy/iiif/LLE-1952-05-23-a-p0016/132,1638,855,65/full/0/default.jpg
ont	O	O	O	O	O	O	_	_	_	_	_	_
ete	O	O	O	O	O	O	_	_	_	_	_	_
strictement	O	O	O	O	O	O	_	_	_	_	_	_
respectees	O	O	O	O	O	O	_	_	_	_	_	_
.	O	O	O	O	O	O	_	_	_	EndOfSentence	_	_
Les	O	O	O	O	O	O	_	_	EndOfLine	_	_	_
# segment_iiif_link = https://impresso-project.ch/api/proxy/iiif/LLE-1952-05-23-a-p0016/131,1678,868,62/full/0/default.jpg
parlementaires	O	O	O	O	O	O	_	_	_	_	_	_
allies	O	O	O	O	O	O	_	_	_	_	_	_
luttent	O	O	O	O	O	O	_	_	_	_	_	_
pour	O	O	O	O	O	O	_	_	_	_	_	_
surmonter	O	O	O	O	O	O	_	_	_	_	_	_
la	O	O	O	O	O	O	_	_	_	_	_	_
haine	O	O	O	O	O	O	_	_	EndOfLine	_	_	_
# segment_iiif_link = https://impresso-project.ch/api/proxy/iiif/LLE-1952-05-23-a-p0016/131,1715,856,63/full/0/default.jpg
aveugle	O	O	O	O	O	O	_	_	_	_	_	_
et	O	O	O	O	O	O	_	_	_	_	_	_
Ia	O	O	O	O	O	O	_	_	_	_	_	_
faussete	O	O	O	O	O	O	_	_	_	_	_	_
repoussant	O	O	O	O	O	O	_	_	_	_	_	_
de	O	O	O	O	O	O	_	_	_	_	_	_
la	O	O	O	O	O	O	_	_	EndOfLine	_	_	_
# segment_iiif_link = https://impresso-project.ch/api/proxy/iiif/LLE-1952-05-23-a-p0016/131,1753,868,64/full/0/default.jpg
technique	O	O	O	O	O	O	_	_	_	_	_	_
employee	O	O	O	O	O	O	_	_	_	_	_	_
par	O	O	O	O	O	O	_	_	_	_	_	_
les	O	O	O	O	O	O	_	_	_	_	_	_
communistes	O	O	O	O	O	O	_	_	_	_	_	_
dans	O	O	O	O	O	O	_	_	_	_	_	_
leui	O	O	O	O	O	O	_	_	EndOfLine	_	_	_
# segment_iiif_link = https://impresso-project.ch/api/proxy/iiif/LLE-1952-05-23-a-p0016/132,1792,855,62/full/0/default.jpg
facon	O	O	O	O	O	O	_	_	_	_	_	_
de	O	O	O	O	O	O	_	_	_	_	_	_
negocier	O	O	O	O	O	O	_	_	_	_	_	_
.	O	O	O	O	O	O	_	_	_	EndOfSentence	_	_
Les	O	O	O	O	O	O	_	_	_	_	_	_
communistes	O	O	O	O	O	O	_	_	_	_	_	_
ont	O	O	O	O	O	O	_	_	EndOfLine	_	_	_
# segment_iiif_link = https://impresso-project.ch/api/proxy/iiif/LLE-1952-05-23-a-p0016/132,1829,854,65/full/0/default.jpg
maintenant	O	O	O	O	O	O	_	_	_	_	_	_
en	O	O	O	O	O	O	_	_	_	_	_	_
mains	O	O	O	O	O	O	_	_	_	_	_	_
une	O	O	O	O	O	O	_	_	_	_	_	_
proposition	O	O	O	O	O	O	_	_	_	_	_	_
logique	O	O	O	O	O	O	_	_	_	_	_	_
,	O	O	O	O	O	O	_	_	EndOfLine	_	_	_
# segment_iiif_link = https://impresso-project.ch/api/proxy/iiif/LLE-1952-05-23-a-p0016/132,1869,865,62/full/0/default.jpg
raisonnable	O	O	O	O	O	O	_	_	_	_	_	_
et	O	O	O	O	O	O	_	_	_	_	_	_
honorable	O	O	O	O	O	O	_	_	_	_	_	_
de	O	O	O	O	O	O	_	_	_	_	_	_
mettre	O	O	O	O	O	O	_	_	_	_	_	_
fin	O	O	O	O	O	O	_	_	_	_	_	_
ä	O	O	O	O	O	O	_	_	_	_	_	_
la	O	O	O	O	O	O	_	_	_	_	_	_
lutte	O	O	O	O	O	O	_	_	EndOfLine	_	_	_
# segment_iiif_link = https://impresso-project.ch/api/proxy/iiif/LLE-1952-05-23-a-p0016/134,1906,865,63/full/0/default.jpg
en	O	O	O	O	O	O	_	_	_	_	_	_
Coree	O	O	O	O	O	O	_	_	_	_	_	_
.	O	O	O	O	O	O	_	_	_	EndOfSentence	_	_
II	O	O	O	O	O	O	_	_	_	_	_	_
n	O	O	O	O	O	O	_	_	_	_	_	_
y	O	O	O	O	O	O	_	_	_	_	_	_
aura	O	O	O	O	O	O	_	_	_	_	_	_
aueun	O	O	O	O	O	O	_	_	_	_	_	_
marche	O	O	O	O	O	O	_	_	_	_	_	_
sur	O	O	O	O	O	O	_	_	_	_	_	_
les	O	O	O	O	O	O	_	_	EndOfLine	_	_	_
# segment_iiif_link = https://impresso-project.ch/api/proxy/iiif/LLE-1952-05-23-a-p0016/131,1944,868,64/full/0/default.jpg
points	O	O	O	O	O	O	_	_	_	_	_	_
qui	O	O	O	O	O	O	_	_	_	_	_	_
restent	O	O	O	O	O	O	_	_	_	_	_	_
encore	O	O	O	O	O	O	_	_	_	_	_	_
ä	O	O	O	O	O	O	_	_	_	_	_	_
traiter	O	O	O	O	O	O	_	_	_	_	_	_
.	O	O	O	O	O	O	_	_	_	EndOfSentence	_	_
Les	O	O	O	O	O	O	_	_	_	_	_	_
chefs	O	O	O	O	O	O	_	_	EndOfLine	_	_	_
# segment_iiif_link = https://impresso-project.ch/api/proxy/iiif/LLE-1952-05-23-a-p0016/131,1981,868,64/full/0/default.jpg
communistes	O	O	O	O	O	O	_	_	_	_	_	_
sont	O	O	O	O	O	O	_	_	_	_	_	_
responsables	O	O	O	O	O	O	_	_	_	_	_	_
de	O	O	O	O	O	O	_	_	_	_	_	_
l	O	O	O	O	O	O	_	_	_	_	_	_
acceptation	O	O	O	O	O	O	_	_	EndOfLine	_	_	_
# segment_iiif_link = https://impresso-project.ch/api/proxy/iiif/LLE-1952-05-23-a-p0016/131,2020,821,65/full/0/default.jpg
ou	O	O	O	O	O	O	_	_	_	_	_	_
du	O	O	O	O	O	O	_	_	_	_	_	_
refus	O	O	O	O	O	O	_	_	_	_	_	_
de	O	O	O	O	O	O	_	_	_	_	_	_
la	O	O	O	O	O	O	_	_	_	_	_	_
Suspension	O	O	O	O	O	O	_	_	_	_	_	_
des	O	O	O	O	O	O	_	_	_	_	_	_
hostilites	O	O	O	O	O	O	_	_	_	_	_	_
.	O	O	O	O	O	O	_	_	EndOfLine	EndOfSentence	_	_
# segment_iiif_link = https://impresso-project.ch/api/proxy/iiif/LLE-1952-05-23-a-p0016/167,2060,832,62/full/0/default.jpg
Le	O	O	O	O	O	O	_	_	_	_	_	_
general	O	O	O	O	O	O	_	_	_	_	_	_
Ridgway	O	O	O	O	O	O	_	_	_	_	_	_
a	O	O	O	O	O	O	_	_	_	_	_	_
declare	O	O	O	O	O	O	_	_	_	_	_	_
ensuite	O	O	O	O	O	O	_	_	_	_	_	_
que	O	O	O	O	O	O	_	_	_	_	_	_
les	O	O	O	O	O	O	_	_	EndOfLine	_	_	_
# segment_iiif_link = https://impresso-project.ch/api/proxy/iiif/LLE-1952-05-23-a-p0016/132,2096,867,64/full/0/default.jpg
Japonais	O	O	O	O	O	O	_	_	_	_	_	_
etaient	O	O	O	O	O	O	_	_	_	_	_	_
favorablement	O	O	O	O	O	O	_	_	_	_	_	_
disposes	O	O	O	O	O	O	_	_	_	_	_	_
ji	O	O	O	O	O	O	_	_	EndOfLine	_	_	_
# segment_iiif_link = https://impresso-project.ch/api/proxy/iiif/LLE-1952-05-23-a-p0016/132,2133,869,64/full/0/default.jpg
l	O	O	O	O	O	O	_	_	_	_	_	_
egard	O	O	O	O	O	O	_	_	_	_	_	_
des	O	O	O	O	O	O	_	_	_	_	_	_
Etats	O	O	O	O	O	O	_	_	NoSpaceAfter	_	_	_
-	O	O	O	O	O	O	_	_	NoSpaceAfter	_	_	_
Unis	O	O	O	O	O	O	_	_	_	_	_	_
.	O	O	O	O	O	O	_	_	_	EndOfSentence	_	_
II	O	O	O	O	O	O	_	_	_	_	_	_
a	O	O	O	O	O	O	_	_	_	_	_	_
conclu	O	O	O	O	O	O	_	_	_	_	_	_
en	O	O	O	O	O	O	_	_	_	_	_	_
faisan	O	O	O	O	O	O	_	_	_	_	_	_
.	O	O	O	O	O	O	_	_	EndOfLine	EndOfSentence	_	_
# segment_iiif_link = https://impresso-project.ch/api/proxy/iiif/LLE-1952-05-23-a-p0016/132,2172,855,64/full/0/default.jpg
allusion	O	O	O	O	O	O	_	_	_	_	_	_
ä	O	O	O	O	O	O	_	_	_	_	_	_
ses	O	O	O	O	O	O	_	_	_	_	_	_
nouvelles	O	O	O	O	O	O	_	_	_	_	_	_
fonetions	O	O	O	O	O	O	_	_	_	_	_	_
et	O	O	O	O	O	O	_	_	_	_	_	_
en	O	O	O	O	O	O	_	_	EndOfLine	_	_	_
# segment_iiif_link = https://impresso-project.ch/api/proxy/iiif/LLE-1952-05-23-a-p0016/132,2211,865,63/full/0/default.jpg
proelamant	O	O	O	O	O	O	_	_	_	_	_	_
sa	O	O	O	O	O	O	_	_	_	_	_	_
foi	O	O	O	O	O	O	_	_	_	_	_	_
dans	O	O	O	O	O	O	_	_	_	_	_	_
la	O	O	O	O	O	O	_	_	_	_	_	_
collaboration	O	O	O	O	O	O	_	_	_	_	_	_
de	O	O	O	O	O	O	_	_	_	_	_	_
tous	O	O	O	O	O	O	_	_	_	_	_	_
poui	O	O	O	O	O	O	_	_	EndOfLine	_	_	_
# segment_iiif_link = https://impresso-project.ch/api/proxy/iiif/LLE-1952-05-23-a-p0016/132,2249,864,62/full/0/default.jpg
la	O	O	O	O	O	O	_	_	_	_	_	_
lutte	O	O	O	O	O	O	_	_	_	_	_	_
en	O	O	O	O	O	O	_	_	_	_	_	_
faveur	O	O	O	O	O	O	_	_	_	_	_	_
de	O	O	O	O	O	O	_	_	_	_	_	_
la	O	O	O	O	O	O	_	_	_	_	_	_
paix	O	O	O	O	O	O	_	_	_	_	_	_
et	O	O	O	O	O	O	_	_	_	_	_	_
de	O	O	O	O	O	O	_	_	_	_	_	_
la	O	O	O	O	O	O	_	_	_	_	_	_
securite	O	O	O	O	O	O	_	_	EndOfLine	_	_	_
# segment_iiif_link = https://impresso-project.ch/api/proxy/iiif/LLE-1952-05-23-a-p0016/597,2311,375,64/full/0/default.jpg
Washington	O	O	O	O	O	O	_	_	_	_	_	_
,	O	O	O	O	O	O	_	_	_	_	_	_
23	O	O	O	O	O	O	_	_	_	_	_	_
mai	O	O	O	O	O	O	_	_	_	_	_	_
.	O	O	O	O	O	O	_	_	EndOfLine	EndOfSentence	_	_
# segment_iiif_link = https://impresso-project.ch/api/proxy/iiif/LLE-1952-05-23-a-p0016/174,2349,825,64/full/0/default.jpg
(	O	O	O	O	O	O	_	_	_	_	_	_
Reuter	B-org	O	B-org.ent.pressagency.Reuters	O	O	O	Q130879	_	_	_	LED0.00	_
.	O	O	O	O	O	O	_	_	_	_	_	_
)	O	O	O	O	O	O	_	_	_	_	_	_
—	O	O	O	O	O	O	_	_	_	_	_	_
La	O	O	O	O	O	O	_	_	_	_	_	_
Commission	O	O	O	O	O	O	_	_	_	_	_	_
senatoriale	O	O	O	O	O	O	_	_	_	_	_	_
des	O	O	O	O	O	O	_	_	EndOfLine	_	_	_
# segment_iiif_link = https://impresso-project.ch/api/proxy/iiif/LLE-1952-05-23-a-p0016/132,2389,870,63/full/0/default.jpg
Affaires	O	O	O	O	O	O	_	_	_	_	_	_
etrangeres	O	O	O	O	O	O	_	_	_	_	_	_
a	O	O	O	O	O	O	_	_	_	_	_	_
entendu	O	O	O	O	O	O	_	_	_	_	_	_
,	O	O	O	O	O	O	_	_	_	_	_	_
jeudi	O	O	O	O	O	O	_	_	_	_	_	_
,	O	O	O	O	O	O	_	_	_	_	_	_
le	O	O	O	O	O	O	_	_	_	_	_	_
genera	O	O	O	O	O	O	_	_	_	_	_	_
:	O	O	O	O	O	O	_	_	EndOfLine	_	_	_
# segment_iiif_link = https://impresso-project.ch/api/proxy/iiif/LLE-1952-05-23-a-p0016/132,2427,869,64/full/0/default.jpg
Ridgway	O	O	O	O	O	O	_	_	_	_	_	_
.	O	O	O	O	O	O	_	_	_	EndOfSentence	_	_
Son	O	O	O	O	O	O	_	_	_	_	_	_
president	O	O	O	O	O	O	_	_	_	_	_	_
,	O	O	O	O	O	O	_	_	_	_	_	_
M	O	O	O	O	O	O	_	_	_	_	_	_
.	O	O	O	O	O	O	_	_	_	EndOfSentence	_	_
Connally	O	O	O	O	O	O	_	_	_	_	_	_
,	O	O	O	O	O	O	_	_	_	_	_	_
a	O	O	O	O	O	O	_	_	_	_	_	_
ensuite	O	O	O	O	O	O	_	_	EndOfLine	_	_	_
# segment_iiif_link = https://impresso-project.ch/api/proxy/iiif/LLE-1952-05-23-a-p0016/132,2466,867,64/full/0/default.jpg
mis	O	O	O	O	O	O	_	_	_	_	_	_
la	O	O	O	O	O	O	_	_	_	_	_	_
presse	O	O	O	O	O	O	_	_	_	_	_	_
au	O	O	O	O	O	O	_	_	_	_	_	_
courant	O	O	O	O	O	O	_	_	_	_	_	_
des	O	O	O	O	O	O	_	_	_	_	_	_
grandes	O	O	O	O	O	O	_	_	_	_	_	_
lignes	O	O	O	O	O	O	_	_	_	_	_	_
d	O	O	O	O	O	O	_	_	_	_	_	_
.	O	O	O	O	O	O	_	_	EndOfLine	EndOfSentence	_	_
# segment_iiif_link = https://impresso-project.ch/api/proxy/iiif/LLE-1952-05-23-a-p0016/131,2505,855,64/full/0/default.jpg
rapport	O	O	O	O	O	O	_	_	_	_	_	_
de	O	O	O	O	O	O	_	_	_	_	_	_
Ridgway	O	O	O	O	O	O	_	_	_	_	_	_
et	O	O	O	O	O	O	_	_	_	_	_	_
de	O	O	O	O	O	O	_	_	_	_	_	_
ses	O	O	O	O	O	O	_	_	_	_	_	_
reponses	O	O	O	O	O	O	_	_	_	_	_	_
ä	O	O	O	O	O	O	_	_	EndOfLine	_	_	_
# segment_iiif_link = https://impresso-project.ch/api/proxy/iiif/LLE-1952-05-23-a-p0016/129,2544,245,63/full/0/default.jpg
diverses	O	O	O	O	O	O	_	_	_	_	_	_
questions	O	O	O	O	O	O	_	_	_	_	_	_
.	O	O	O	O	O	O	_	_	EndOfLine	EndOfSentence	_	_
# segment_iiif_link = https://impresso-project.ch/api/proxy/iiif/LLE-1952-05-23-a-p0016/169,2582,828,62/full/0/default.jpg
Le	O	O	O	O	O	O	_	_	_	_	_	_
general	O	O	O	O	O	O	_	_	_	_	_	_
a	O	O	O	O	O	O	_	_	_	_	_	_
declare	O	O	O	O	O	O	_	_	_	_	_	_
,	O	O	O	O	O	O	_	_	_	_	_	_
entre	O	O	O	O	O	O	_	_	_	_	_	_
autres	O	O	O	O	O	O	_	_	_	_	_	_
,	O	O	O	O	O	O	_	_	_	_	_	_
quil	O	O	O	O	O	O	_	_	_	_	_	_
ne	O	O	O	O	O	O	_	_	EndOfLine	_	_	_
# segment_iiif_link = https://impresso-project.ch/api/proxy/iiif/LLE-1952-05-23-a-p0016/132,2621,855,63/full/0/default.jpg
saurait	O	O	O	O	O	O	_	_	_	_	_	_
predire	O	O	O	O	O	O	_	_	_	_	_	_
lissue	O	O	O	O	O	O	_	_	_	_	_	_
des	O	O	O	O	O	O	_	_	_	_	_	_
pourparlers	O	O	O	O	O	O	_	_	_	_	_	_
d	O	O	O	O	O	O	_	_	EndOfLine	_	_	_
# segment_iiif_link = https://impresso-project.ch/api/proxy/iiif/LLE-1952-05-23-a-p0016/132,2659,869,64/full/0/default.jpg
armistice	O	O	O	O	O	O	_	_	_	_	_	_
de	O	O	O	O	O	O	_	_	_	_	_	_
Coree	O	O	O	O	O	O	_	_	_	_	_	_
,	O	O	O	O	O	O	_	_	_	_	_	_
car	O	O	O	O	O	O	_	_	_	_	_	_
«	O	O	O	O	O	O	_	_	_	_	_	_
personne	O	O	O	O	O	O	_	_	_	_	_	_
ne	O	O	O	O	O	O	_	_	_	_	_	_
sait	O	O	O	O	O	O	_	_	_	_	_	_
ce	O	O	O	O	O	O	_	_	_	_	_	_
qu	O	O	O	O	O	O	_	_	_	_	_	_
:	O	O	O	O	O	O	_	_	EndOfLine	_	_	_
# segment_iiif_link = https://impresso-project.ch/api/proxy/iiif/LLE-1952-05-23-a-p0016/132,2698,870,62/full/0/default.jpg
se	O	O	O	O	O	O	_	_	_	_	_	_
passe	O	O	O	O	O	O	_	_	_	_	_	_
dans	O	O	O	O	O	O	_	_	_	_	_	_
la	O	O	O	O	O	O	_	_	_	_	_	_
tete	O	O	O	O	O	O	_	_	_	_	_	_
des	O	O	O	O	O	O	_	_	_	_	_	_
communistes	O	O	O	O	O	O	_	_	_	_	_	_
»	O	O	O	O	O	O	_	_	_	_	_	_
.	O	O	O	O	O	O	_	_	_	EndOfSentence	_	_
A	O	O	O	O	O	O	_	_	_	_	_	_
son	O	O	O	O	O	O	_	_	EndOfLine	_	_	_
# segment_iiif_link = https://impresso-project.ch/api/proxy/iiif/LLE-1952-05-23-a-p0016/134,2735,868,65/full/0/default.jpg
avis	O	O	O	O	O	O	_	_	_	_	_	_
,	O	O	O	O	O	O	_	_	_	_	_	_
le	O	O	O	O	O	O	_	_	_	_	_	_
probieme	O	O	O	O	O	O	_	_	_	_	_	_
essentiel	O	O	O	O	O	O	_	_	_	_	_	_
auquel	O	O	O	O	O	O	_	_	_	_	_	_
s	O	O	O	O	O	O	_	_	_	_	_	_
aehoppent	O	O	O	O	O	O	_	_	EndOfLine	_	_	_
# segment_iiif_link = https://impresso-project.ch/api/proxy/iiif/LLE-1952-05-23-a-p0016/134,2775,870,62/full/0/default.jpg
les	O	O	O	O	O	O	_	_	_	_	_	_
.	O	O	O	O	O	O	_	_	_	EndOfSentence	_	_
negociateurs	O	O	O	O	O	O	_	_	_	_	_	_
est	O	O	O	O	O	O	_	_	_	_	_	_
celui	O	O	O	O	O	O	_	_	_	_	_	_
du	O	O	O	O	O	O	_	_	_	_	_	_
rapatriement	O	O	O	O	O	O	_	_	_	_	_	_
des	O	O	O	O	O	O	_	_	EndOfLine	_	_	_
# segment_iiif_link = https://impresso-project.ch/api/proxy/iiif/LLE-1952-05-23-a-p0016/134,2812,870,63/full/0/default.jpg
prisonniers	O	O	O	O	O	O	_	_	_	_	_	_
de	O	O	O	O	O	O	_	_	_	_	_	_
guerre	O	O	O	O	O	O	_	_	_	_	_	_
.	O	O	O	O	O	O	_	_	_	EndOfSentence	_	_
«	O	O	O	O	O	O	_	_	_	_	_	_
II	O	O	O	O	O	O	_	_	_	_	_	_
y	O	O	O	O	O	O	_	_	_	_	_	_
a	O	O	O	O	O	O	_	_	_	_	_	_
,	O	O	O	O	O	O	_	_	_	_	_	_
entre	O	O	O	O	O	O	_	_	_	_	_	_
les	O	O	O	O	O	O	_	_	_	_	_	_
idees	O	O	O	O	O	O	_	_	EndOfLine	_	_	_
# segment_iiif_link = https://impresso-project.ch/api/proxy/iiif/LLE-1952-05-23-a-p0016/134,2851,857,63/full/0/default.jpg
communistes	O	O	O	O	O	O	_	_	_	_	_	_
et	O	O	O	O	O	O	_	_	_	_	_	_
demoeratiques	O	O	O	O	O	O	_	_	_	_	_	_
sur	O	O	O	O	O	O	_	_	_	_	_	_
la	O	O	O	O	O	O	_	_	_	_	_	_
vie	O	O	O	O	O	O	_	_	EndOfLine	_	_	_
# segment_iiif_link = https://impresso-project.ch/api/proxy/iiif/LLE-1952-05-23-a-p0016/132,2891,874,62/full/0/default.jpg
humaine	O	O	O	O	O	O	_	_	_	_	_	_
;	O	O	O	O	O	O	_	_	_	_	_	_
une	O	O	O	O	O	O	_	_	_	_	_	_
difference	O	O	O	O	O	O	_	_	_	_	_	_
fundamentale	O	O	O	O	O	O	_	_	_	_	_	_
,	O	O	O	O	O	O	_	_	_	_	_	_
qui	O	O	O	O	O	O	_	_	_	_	_	_
se	O	O	O	O	O	O	_	_	EndOfLine	_	_	_
# segment_iiif_link = https://impresso-project.ch/api/proxy/iiif/LLE-1952-05-23-a-p0016/129,2926,452,64/full/0/default.jpg
manifeste	O	O	O	O	O	O	_	_	_	_	_	_
dans	O	O	O	O	O	O	_	_	_	_	_	_
ce	O	O	O	O	O	O	_	_	_	_	_	_
cas	O	O	O	O	O	O	_	_	_	_	_	_
.	O	O	O	O	O	O	_	_	_	_	_	_
»	O	O	O	O	O	O	_	_	EndOfLine	_	_	_
# segment_iiif_link = https://impresso-project.ch/api/proxy/iiif/LLE-1952-05-23-a-p0016/169,2967,835,63/full/0/default.jpg
Le	O	O	O	O	O	O	_	_	_	_	_	_
general	O	O	O	O	O	O	_	_	_	_	_	_
a	O	O	O	O	O	O	_	_	_	_	_	_
loue	O	O	O	O	O	O	_	_	_	_	_	_
la	O	O	O	O	O	O	_	_	_	_	_	_
combattivite	O	O	O	O	O	O	_	_	_	_	_	_
des	O	O	O	O	O	O	_	_	_	_	_	_
troupes	O	O	O	O	O	O	_	_	EndOfLine	_	_	_
# segment_iiif_link = https://impresso-project.ch/api/proxy/iiif/LLE-1952-05-23-a-p0016/134,3005,873,64/full/0/default.jpg
des	O	O	O	O	O	O	_	_	_	_	_	_
Nations	O	O	O	O	O	O	_	_	NoSpaceAfter	_	_	_
-	O	O	O	O	O	O	_	_	NoSpaceAfter	_	_	_
Unies	O	O	O	O	O	O	_	_	_	_	_	_
en	O	O	O	O	O	O	_	_	_	_	_	_
Coree	O	O	O	O	O	O	_	_	_	_	_	_
et	O	O	O	O	O	O	_	_	_	_	_	_
,	O	O	O	O	O	O	_	_	_	_	_	_
en	O	O	O	O	O	O	_	_	_	_	_	_
particulier	O	O	O	O	O	O	_	_	_	_	_	_
.	O	O	O	O	O	O	_	_	EndOfLine	EndOfSentence	_	_
# segment_iiif_link = https://impresso-project.ch/api/proxy/iiif/LLE-1952-05-23-a-p0016/134,3044,870,62/full/0/default.jpg
celle	O	O	O	O	O	O	_	_	_	_	_	_
des	O	O	O	O	O	O	_	_	_	_	_	_
contingents	O	O	O	O	O	O	_	_	_	_	_	_
europeens	O	O	O	O	O	O	_	_	_	_	_	_
.	O	O	O	O	O	O	_	_	_	EndOfSentence	_	_
II	O	O	O	O	O	O	_	_	_	_	_	_
a	O	O	O	O	O	O	_	_	_	_	_	_
ajoute	O	O	O	O	O	O	_	_	EndOfLine	_	_	_
# segment_iiif_link = https://impresso-project.ch/api/proxy/iiif/LLE-1952-05-23-a-p0016/134,3081,872,63/full/0/default.jpg
qu	O	O	O	O	O	O	_	_	_	_	_	_
elles	O	O	O	O	O	O	_	_	_	_	_	_
avaient	O	O	O	O	O	O	_	_	_	_	_	_
realise	O	O	O	O	O	O	_	_	_	_	_	_
une	O	O	O	O	O	O	_	_	_	_	_	_
partie	O	O	O	O	O	O	_	_	_	_	_	_
importante	O	O	O	O	O	O	_	_	EndOfLine	_	_	_
# segment_iiif_link = https://impresso-project.ch/api/proxy/iiif/LLE-1952-05-23-a-p0016/134,3121,858,62/full/0/default.jpg
de	O	O	O	O	O	O	_	_	_	_	_	_
leur	O	O	O	O	O	O	_	_	_	_	_	_
mission	O	O	O	O	O	O	_	_	_	_	_	_
en	O	O	O	O	O	O	_	_	_	_	_	_
stoppant	O	O	O	O	O	O	_	_	_	_	_	_
les	O	O	O	O	O	O	_	_	_	_	_	_
attaques	O	O	O	O	O	O	_	_	EndOfLine	_	_	_
# segment_iiif_link = https://impresso-project.ch/api/proxy/iiif/LLE-1952-05-23-a-p0016/134,3158,858,63/full/0/default.jpg
communistes	O	O	O	O	O	O	_	_	_	_	_	_
,	O	O	O	O	O	O	_	_	_	_	_	_
au	O	O	O	O	O	O	_	_	_	_	_	_
prix	O	O	O	O	O	O	_	_	_	_	_	_
de	O	O	O	O	O	O	_	_	_	_	_	_
grosses	O	O	O	O	O	O	_	_	_	_	_	_
pertes	O	O	O	O	O	O	_	_	_	_	_	_
pour	O	O	O	O	O	O	_	_	_	_	_	_
l	O	O	O	O	O	O	_	_	EndOfLine	_	_	_
# segment_iiif_link = https://impresso-project.ch/api/proxy/iiif/LLE-1952-05-23-a-p0016/134,3196,870,64/full/0/default.jpg
ennemi	O	O	O	O	O	O	_	_	_	_	_	_
,	O	O	O	O	O	O	_	_	_	_	_	_
mais	O	O	O	O	O	O	_	_	_	_	_	_
a	O	O	O	O	O	O	_	_	_	_	_	_
laisse	O	O	O	O	O	O	_	_	_	_	_	_
entendre	O	O	O	O	O	O	_	_	_	_	_	_
quil	O	O	O	O	O	O	_	_	_	_	_	_
n	O	O	O	O	O	O	_	_	_	_	_	_
escomptait	O	O	O	O	O	O	_	_	EndOfLine	_	_	_
# segment_iiif_link = https://impresso-project.ch/api/proxy/iiif/LLE-1952-05-23-a-p0016/134,3237,722,62/full/0/default.jpg
pas	O	O	O	O	O	O	_	_	_	_	_	_
une	O	O	O	O	O	O	_	_	_	_	_	_
Solution	O	O	O	O	O	O	_	_	_	_	_	_
prochaine	O	O	O	O	O	O	_	_	_	_	_	_
du	O	O	O	O	O	O	_	_	_	_	_	_
conflit	O	O	O	O	O	O	_	_	_	_	_	_
.	O	O	O	O	O	O	_	_	EndOfLine	EndOfSentence	_	_
# segment_iiif_link = https://impresso-project.ch/api/proxy/iiif/LLE-1952-05-23-a-p0016/169,3274,835,64/full/0/default.jpg
Parlant	O	O	O	O	O	O	_	_	_	_	_	_
de	O	O	O	O	O	O	_	_	_	_	_	_
sa	O	O	O	O	O	O	_	_	_	_	_	_
täche	O	O	O	O	O	O	_	_	_	_	_	_
future	O	O	O	O	O	O	_	_	_	_	_	_
,	O	O	O	O	O	O	_	_	_	_	_	_
Ridgway	O	O	O	O	O	O	_	_	_	_	_	_
a	O	O	O	O	O	O	_	_	EndOfLine	_	_	_
# segment_iiif_link = https://impresso-project.ch/api/proxy/iiif/LLE-1952-05-23-a-p0016/134,3312,872,62/full/0/default.jpg
annonce	O	O	O	O	O	O	_	_	_	_	_	_
quil	O	O	O	O	O	O	_	_	_	_	_	_
insisterait	O	O	O	O	O	O	_	_	_	_	_	_
aupres	O	O	O	O	O	O	_	_	_	_	_	_
des	O	O	O	O	O	O	_	_	_	_	_	_
membres	O	O	O	O	O	O	_	_	EndOfLine	_	_	_
# segment_iiif_link = https://impresso-project.ch/api/proxy/iiif/LLE-1952-05-23-a-p0016/134,3351,868,62/full/0/default.jpg
europeens	O	O	O	O	O	O	_	_	_	_	_	_
de	O	O	O	O	O	O	_	_	_	_	_	_
VOTAN	O	O	O	O	O	O	_	_	_	_	_	_
pour	O	O	O	O	O	O	_	_	_	_	_	_
quils	O	O	O	O	O	O	_	_	_	_	_	_
apportent	O	O	O	O	O	O	_	_	_	_	_	_
leur	O	O	O	O	O	O	_	_	EndOfLine	_	_	_
# segment_iiif_link = https://impresso-project.ch/api/proxy/iiif/LLE-1952-05-23-a-p0016/134,3390,870,62/full/0/default.jpg
pleine	O	O	O	O	O	O	_	_	_	_	_	_
contribution	O	O	O	O	O	O	_	_	_	_	_	_
ä	O	O	O	O	O	O	_	_	_	_	_	_
la	O	O	O	O	O	O	_	_	_	_	_	_
defense	O	O	O	O	O	O	_	_	_	_	_	_
commune	O	O	O	O	O	O	_	_	_	_	_	_
.	O	O	O	O	O	O	_	_	_	EndOfSentence	_	_
II	O	O	O	O	O	O	_	_	EndOfLine	_	_	_
# segment_iiif_link = https://impresso-project.ch/api/proxy/iiif/LLE-1952-05-23-a-p0016/134,3429,868,63/full/0/default.jpg
continuera	O	O	O	O	O	O	_	_	_	_	_	_
ä	O	O	O	O	O	O	_	_	_	_	_	_
suivre	O	O	O	O	O	O	_	_	_	_	_	_
la	O	O	O	O	O	O	_	_	_	_	_	_
ligne	O	O	O	O	O	O	_	_	_	_	_	_
de	O	O	O	O	O	O	_	_	_	_	_	_
conduite	O	O	O	O	O	O	_	_	_	_	_	_
du	O	O	O	O	O	O	_	_	EndOfLine	_	_	_
# segment_iiif_link = https://impresso-project.ch/api/proxy/iiif/LLE-1952-05-23-a-p0016/136,3468,856,63/full/0/default.jpg
general	O	O	O	O	O	O	_	_	_	_	_	_
Eisenhower	O	O	O	O	O	O	_	_	_	_	_	_
sur	O	O	O	O	O	O	_	_	_	_	_	_
tous	O	O	O	O	O	O	_	_	_	_	_	_
les	O	O	O	O	O	O	_	_	_	_	_	_
points	O	O	O	O	O	O	_	_	_	_	_	_
essen	O	O	O	O	O	O	_	_	EndOfLine	_	_	_
# segment_iiif_link = https://impresso-project.ch/api/proxy/iiif/LLE-1952-05-23-a-p0016/136,3504,868,64/full/0/default.jpg
tiels	O	O	O	O	O	O	_	_	_	_	_	_
,	O	O	O	O	O	O	_	_	_	_	_	_
sans	O	O	O	O	O	O	_	_	_	_	_	_
rien	O	O	O	O	O	O	_	_	_	_	_	_
y	O	O	O	O	O	O	_	_	_	_	_	_
changer	O	O	O	O	O	O	_	_	_	_	_	_
.	O	O	O	O	O	O	_	_	_	EndOfSentence	_	_
Le	O	O	O	O	O	O	_	_	_	_	_	_
moral	O	O	O	O	O	O	_	_	_	_	_	_
de	O	O	O	O	O	O	_	_	_	_	_	_
lEurope	O	O	O	O	O	O	_	_	EndOfLine	_	_	_
# segment_iiif_link = https://impresso-project.ch/api/proxy/iiif/LLE-1952-05-23-a-p0016/136,3543,865,65/full/0/default.jpg
occidentale	O	O	O	O	O	O	_	_	_	_	_	_
sera	O	O	O	O	O	O	_	_	_	_	_	_
un	O	O	O	O	O	O	_	_	_	_	_	_
des	O	O	O	O	O	O	_	_	_	_	_	_
plus	O	O	O	O	O	O	_	_	_	_	_	_
grands	O	O	O	O	O	O	_	_	_	_	_	_
problemes	O	O	O	O	O	O	_	_	EndOfLine	_	_	_
# segment_iiif_link = https://impresso-project.ch/api/proxy/iiif/LLE-1952-05-23-a-p0016/136,3583,868,62/full/0/default.jpg
ä	O	O	O	O	O	O	_	_	_	_	_	_
son	O	O	O	O	O	O	_	_	_	_	_	_
avis	O	O	O	O	O	O	_	_	_	_	_	_
,	O	O	O	O	O	O	_	_	_	_	_	_
quil	O	O	O	O	O	O	_	_	_	_	_	_
aura	O	O	O	O	O	O	_	_	_	_	_	_
ä	O	O	O	O	O	O	_	_	_	_	_	_
resoudre	O	O	O	O	O	O	_	_	_	_	_	_
.	O	O	O	O	O	O	_	_	_	EndOfSentence	_	_
II	O	O	O	O	O	O	_	_	_	_	_	_
a	O	O	O	O	O	O	_	_	_	_	_	_
releve	O	O	O	O	O	O	_	_	EndOfLine	_	_	_
# segment_iiif_link = https://impresso-project.ch/api/proxy/iiif/LLE-1952-05-23-a-p0016/136,3620,871,63/full/0/default.jpg
ä	O	O	O	O	O	O	_	_	_	_	_	_
ce	O	O	O	O	O	O	_	_	_	_	_	_
sujet	O	O	O	O	O	O	_	_	_	_	_	_
que	O	O	O	O	O	O	_	_	_	_	_	_
,	O	O	O	O	O	O	_	_	_	_	_	_
dans	O	O	O	O	O	O	_	_	_	_	_	_
chaque	O	O	O	O	O	O	_	_	_	_	_	_
pays	O	O	O	O	O	O	_	_	_	_	_	_
,	O	O	O	O	O	O	_	_	_	_	_	_
le	O	O	O	O	O	O	_	_	_	_	_	_
moral	O	O	O	O	O	O	_	_	_	_	_	_
des	O	O	O	O	O	O	_	_	_	_	_	_
;	O	O	O	O	O	O	_	_	EndOfLine	_	_	_
# segment_iiif_link = https://impresso-project.ch/api/proxy/iiif/LLE-1952-05-23-a-p0016/137,3659,867,63/full/0/default.jpg
troupes	O	O	O	O	O	O	_	_	_	_	_	_
dependait	O	O	O	O	O	O	_	_	_	_	_	_
de	O	O	O	O	O	O	_	_	_	_	_	_
leur	O	O	O	O	O	O	_	_	_	_	_	_
entrainement	O	O	O	O	O	O	_	_	_	_	_	_
,	O	O	O	O	O	O	_	_	_	_	_	_
de	O	O	O	O	O	O	_	_	_	_	_	_
leui	O	O	O	O	O	O	_	_	EndOfLine	_	_	_
# segment_iiif_link = https://impresso-project.ch/api/proxy/iiif/LLE-1952-05-23-a-p0016/137,3699,865,62/full/0/default.jpg
equipement	O	O	O	O	O	O	_	_	_	_	_	_
et	O	O	O	O	O	O	_	_	_	_	_	_
de	O	O	O	O	O	O	_	_	_	_	_	_
la	O	O	O	O	O	O	_	_	_	_	_	_
maniere	O	O	O	O	O	O	_	_	_	_	_	_
dont	O	O	O	O	O	O	_	_	_	_	_	_
elles	O	O	O	O	O	O	_	_	_	_	_	_
sont	O	O	O	O	O	O	_	_	EndOfLine	_	_	_
# segment_iiif_link = https://impresso-project.ch/api/proxy/iiif/LLE-1952-05-23-a-p0016/136,3736,870,63/full/0/default.jpg
menees	O	O	O	O	O	O	_	_	_	_	_	_
.	O	O	O	O	O	O	_	_	_	EndOfSentence	_	_
«	O	O	O	O	O	O	_	_	_	_	_	_
II	O	O	O	O	O	O	_	_	_	_	_	_
faut	O	O	O	O	O	O	_	_	_	_	_	_
qu	O	O	O	O	O	O	_	_	_	_	_	_
elles	O	O	O	O	O	O	_	_	_	_	_	_
aillent	O	O	O	O	O	O	_	_	_	_	_	_
au	O	O	O	O	O	O	_	_	_	_	_	_
comba	O	O	O	O	O	O	_	_	_	_	_	_
.	O	O	O	O	O	O	_	_	EndOfLine	_	_	_
# segment_iiif_link = https://impresso-project.ch/api/proxy/iiif/LLE-1952-05-23-a-p0016/137,3775,854,63/full/0/default.jpg
avec	O	O	O	O	O	O	_	_	_	_	_	_
la	O	O	O	O	O	O	_	_	_	_	_	_
perspective	O	O	O	O	O	O	_	_	_	_	_	_
de	O	O	O	O	O	O	_	_	_	_	_	_
vaincre	O	O	O	O	O	O	_	_	_	_	_	_
.	O	O	O	O	O	O	_	_	_	_	_	_
»	O	O	O	O	O	O	_	_	_	_	_	_
Enfin	O	O	O	O	O	O	_	_	_	_	_	_
,	O	O	O	O	O	O	_	_	_	_	_	_
le	O	O	O	O	O	O	_	_	EndOfLine	_	_	_
# segment_iiif_link = https://impresso-project.ch/api/proxy/iiif/LLE-1952-05-23-a-p0016/137,3813,867,64/full/0/default.jpg
general	O	O	O	O	O	O	_	_	_	_	_	_
a	O	O	O	O	O	O	_	_	_	_	_	_
fait	O	O	O	O	O	O	_	_	_	_	_	_
observer	O	O	O	O	O	O	_	_	_	_	_	_
quil	O	O	O	O	O	O	_	_	_	_	_	_
ne	O	O	O	O	O	O	_	_	_	_	_	_
conaissait	O	O	O	O	O	O	_	_	_	_	_	_
pas	O	O	O	O	O	O	_	_	_	_	_	_
encore	O	O	O	O	O	O	_	_	EndOfLine	_	_	_
# segment_iiif_link = https://impresso-project.ch/api/proxy/iiif/LLE-1952-05-23-a-p0016/137,3852,854,62/full/0/default.jpg
assez	O	O	O	O	O	O	_	_	_	_	_	_
bien	O	O	O	O	O	O	_	_	_	_	_	_
la	O	O	O	O	O	O	_	_	_	_	_	_
Situation	O	O	O	O	O	O	_	_	_	_	_	_
de	O	O	O	O	O	O	_	_	_	_	_	_
lEurope	O	O	O	O	O	O	_	_	_	_	_	_
pour	O	O	O	O	O	O	_	_	_	_	_	_
se	O	O	O	O	O	O	_	_	EndOfLine	_	_	_
# segment_iiif_link = https://impresso-project.ch/api/proxy/iiif/LLE-1952-05-23-a-p0016/137,3890,867,62/full/0/default.jpg
prononcer	O	O	O	O	O	O	_	_	_	_	_	_
sur	O	O	O	O	O	O	_	_	_	_	_	_
l	O	O	O	O	O	O	_	_	_	_	_	_
opportunite	O	O	O	O	O	O	_	_	_	_	_	_
d	O	O	O	O	O	O	_	_	_	_	_	_
une	O	O	O	O	O	O	_	_	_	_	_	_
r	O	O	O	O	O	O	_	_	_	_	_	_
.	O	O	O	O	O	O	_	_	_	EndOfSentence	_	_
duction	O	O	O	O	O	O	_	_	_	_	_	_
de	O	O	O	O	O	O	_	_	EndOfLine	_	_	_
# segment_iiif_link = https://impresso-project.ch/api/proxy/iiif/LLE-1952-05-23-a-p0016/136,3927,335,62/full/0/default.jpg
l	O	O	O	O	O	O	_	_	_	_	_	_
aide	O	O	O	O	O	O	_	_	_	_	_	_
ä	O	O	O	O	O	O	_	_	_	_	_	_
l	O	O	O	O	O	O	_	_	_	_	_	_
etranger	O	O	O	O	O	O	_	_	_	_	_	_
.	O	O	O	O	O	O	_	_	EndOfLine	EndOfSentence	_	_
# segment_iiif_link = https://impresso-project.ch/api/proxy/iiif/LLE-1952-05-23-a-p0016/294,4009,557,106/full/0/default.jpg
Nouvelles	O	O	O	O	O	O	_	_	_	_	_	_
breves	O	O	O	O	O	O	_	_	EndOfLine	_	_	_
# segment_iiif_link = https://impresso-project.ch/api/proxy/iiif/LLE-1952-05-23-a-p0016/167,4095,839,63/full/0/default.jpg
FRANCE	O	O	O	O	O	O	_	_	_	_	_	_
.	O	O	O	O	O	O	_	_	_	EndOfSentence	_	_
—	O	O	O	O	O	O	_	_	_	_	_	_
M	O	O	O	O	O	O	_	_	_	_	_	_
.	O	O	O	O	O	O	_	_	_	EndOfSentence	_	_
Anthony	O	O	O	O	O	O	_	_	_	_	_	_
Eden	O	O	O	O	O	O	_	_	_	_	_	_
,	O	O	O	O	O	O	_	_	_	_	_	_
chef	O	O	O	O	O	O	_	_	_	_	_	_
du	O	O	O	O	O	O	_	_	_	_	_	_
Foreign	O	O	O	O	O	O	_	_	EndOfLine	_	_	_
# segment_iiif_link = https://impresso-project.ch/api/proxy/iiif/LLE-1952-05-23-a-p0016/136,4128,871,62/full/0/default.jpg
Office	O	O	O	O	O	O	_	_	_	_	_	_
,	O	O	O	O	O	O	_	_	_	_	_	_
est	O	O	O	O	O	O	_	_	_	_	_	_
arrive	O	O	O	O	O	O	_	_	_	_	_	_
sur	O	O	O	O	O	O	_	_	_	_	_	_
l	O	O	O	O	O	O	_	_	_	_	_	_
aerodrome	O	O	O	O	O	O	_	_	_	_	_	_
du	O	O	O	O	O	O	_	_	_	_	_	_
Bourget	O	O	O	O	O	O	_	_	_	_	_	_
,	O	O	O	O	O	O	_	_	_	_	_	_
venant	O	O	O	O	O	O	_	_	EndOfLine	_	_	_
# segment_iiif_link = https://impresso-project.ch/api/proxy/iiif/LLE-1952-05-23-a-p0016/136,4164,190,62/full/0/default.jpg
de	O	O	O	O	O	O	_	_	_	_	_	_
Londres	O	O	O	O	O	O	_	_	_	_	_	_
.	O	O	O	O	O	O	_	_	EndOfLine	EndOfSentence	_	_
# segment_iiif_link = https://impresso-project.ch/api/proxy/iiif/LLE-1952-05-23-a-p0016/167,4198,842,62/full/0/default.jpg
—	O	O	O	O	O	O	_	_	_	_	_	_
Les	O	O	O	O	O	O	_	_	_	_	_	_
500	O	O	O	O	O	O	_	_	_	_	_	_
membres	O	O	O	O	O	O	_	_	_	_	_	_
du	O	O	O	O	O	O	_	_	_	_	_	_
personnel	O	O	O	O	O	O	_	_	_	_	_	_
de	O	O	O	O	O	O	_	_	_	_	_	_
^	O	O	O	O	O	O	_	_	_	_	_	_
Organisation	O	O	O	O	O	O	_	_	EndOfLine	_	_	_
# segment_iiif_link = https://impresso-project.ch/api/proxy/iiif/LLE-1952-05-23-a-p0016/137,4234,872,62/full/0/default.jpg
atlantique	O	O	O	O	O	O	_	_	_	_	_	_
ont	O	O	O	O	O	O	_	_	_	_	_	_
assistfe	O	O	O	O	O	O	_	_	_	_	_	_
aux	O	O	O	O	O	O	_	_	_	_	_	_
adieux	O	O	O	O	O	O	_	_	_	_	_	_
du	O	O	O	O	O	O	_	_	_	_	_	_
genera	O	O	O	O	O	O	_	_	_	_	_	_
]	O	O	O	O	O	O	_	_	EndOfLine	_	_	_
# segment_iiif_link = https://impresso-project.ch/api/proxy/iiif/LLE-1952-05-23-a-p0016/134,4267,190,62/full/0/default.jpg
Eisenhower	O	O	O	O	O	O	_	_	_	_	_	_
.	O	O	O	O	O	O	_	_	EndOfLine	EndOfSentence	_	_
# segment_iiif_link = https://impresso-project.ch/api/proxy/iiif/LLE-1952-05-23-a-p0016/167,4301,840,62/full/0/default.jpg
—	O	O	O	O	O	O	_	_	_	_	_	_
La	O	O	O	O	O	O	_	_	_	_	_	_
ll	O	O	O	O	O	O	_	_	_	_	_	_
session	O	O	O	O	O	O	_	_	_	_	_	_
du	O	O	O	O	O	O	_	_	_	_	_	_
Comitfe	O	O	O	O	O	O	_	_	_	_	_	_
des	O	O	O	O	O	O	_	_	_	_	_	_
ministres	O	O	O	O	O	O	_	_	_	_	_	_
du	O	O	O	O	O	O	_	_	EndOfLine	_	_	_
# segment_iiif_link = https://impresso-project.ch/api/proxy/iiif/LLE-1952-05-23-a-p0016/134,4335,872,63/full/0/default.jpg
Conseil	O	O	O	O	O	O	_	_	_	_	_	_
de	O	O	O	O	O	O	_	_	_	_	_	_
lEurope	O	O	O	O	O	O	_	_	_	_	_	_
s	O	O	O	O	O	O	_	_	_	_	_	_
est	O	O	O	O	O	O	_	_	_	_	_	_
ouverte	O	O	O	O	O	O	_	_	_	_	_	_
sous	O	O	O	O	O	O	_	_	_	_	_	_
la	O	O	O	O	O	O	_	_	_	_	_	_
prfesidence	O	O	O	O	O	O	_	_	EndOfLine	_	_	_
# segment_iiif_link = https://impresso-project.ch/api/proxy/iiif/LLE-1952-05-23-a-p0016/136,4369,873,63/full/0/default.jpg
de	O	O	O	O	O	O	_	_	_	_	_	_
M	O	O	O	O	O	O	_	_	_	_	_	_
.	O	O	O	O	O	O	_	_	_	EndOfSentence	_	_
van	O	O	O	O	O	O	_	_	_	_	_	_
Zeeland	O	O	O	O	O	O	_	_	_	_	_	_
,	O	O	O	O	O	O	_	_	_	_	_	_
ministre	O	O	O	O	O	O	_	_	_	_	_	_
des	O	O	O	O	O	O	_	_	_	_	_	_
Affaires	O	O	O	O	O	O	_	_	_	_	_	_
etrangeres	O	O	O	O	O	O	_	_	EndOfLine	_	_	_
# segment_iiif_link = https://impresso-project.ch/api/proxy/iiif/LLE-1952-05-23-a-p0016/134,4402,198,63/full/0/default.jpg
de	O	O	O	O	O	O	_	_	_	_	_	_
Belgique	O	O	O	O	O	O	_	_	_	_	_	_
.	O	O	O	O	O	O	_	_	EndOfLine	EndOfSentence	_	_
# segment_iiif_link = https://impresso-project.ch/api/proxy/iiif/LLE-1952-05-23-a-p0016/171,4436,841,64/full/0/default.jpg
UNION	O	O	O	O	O	O	_	_	_	_	_	_
SOVIETIQUE	O	O	O	O	O	O	_	_	_	_	_	_
.	O	O	O	O	O	O	_	_	_	EndOfSentence	_	_
-	O	O	O	O	O	O	_	_	_	_	_	_
Le	O	O	O	O	O	O	_	_	_	_	_	_
ministere	O	O	O	O	O	O	_	_	_	_	_	_
des	O	O	O	O	O	O	_	_	_	_	_	_
Affaires	O	O	O	O	O	O	_	_	EndOfLine	_	_	_
# segment_iiif_link = https://impresso-project.ch/api/proxy/iiif/LLE-1952-05-23-a-p0016/136,4472,876,63/full/0/default.jpg
fetrangferes	O	O	O	O	O	O	_	_	_	_	_	_
de	O	O	O	O	O	O	_	_	_	_	_	_
VURSS	O	O	O	O	O	O	_	_	_	_	_	_
a	O	O	O	O	O	O	_	_	_	_	_	_
remis	O	O	O	O	O	O	_	_	_	_	_	_
k	O	O	O	O	O	O	_	_	_	_	_	_
l	O	O	O	O	O	O	_	_	_	_	_	_
ambassade	O	O	O	O	O	O	_	_	_	_	_	_
de	O	O	O	O	O	O	_	_	EndOfLine	_	_	_
# segment_iiif_link = https://impresso-project.ch/api/proxy/iiif/LLE-1952-05-23-a-p0016/134,4507,877,62/full/0/default.jpg
Grande	O	O	O	O	O	O	_	_	NoSpaceAfter	_	_	_
-	O	O	O	O	O	O	_	_	NoSpaceAfter	_	_	_
Bretagne	O	O	O	O	O	O	_	_	_	_	_	_
ä	O	O	O	O	O	O	_	_	_	_	_	_
Moscou	O	O	O	O	O	O	_	_	_	_	_	_
une	O	O	O	O	O	O	_	_	_	_	_	_
note	O	O	O	O	O	O	_	_	_	_	_	_
indiquant	O	O	O	O	O	O	_	_	_	_	_	_
que	O	O	O	O	O	O	_	_	EndOfLine	_	_	_
# segment_iiif_link = https://impresso-project.ch/api/proxy/iiif/LLE-1952-05-23-a-p0016/136,4541,875,62/full/0/default.jpg
le	O	O	O	O	O	O	_	_	_	_	_	_
chalutier	O	O	O	O	O	O	_	_	_	_	_	_
Valafell	O	O	O	O	O	O	_	_	_	_	_	_
,	O	O	O	O	O	O	_	_	_	_	_	_
qui	O	O	O	O	O	O	_	_	_	_	_	_
avait	O	O	O	O	O	O	_	_	_	_	_	_
ete	O	O	O	O	O	O	_	_	_	_	_	_
arraisonnfe	O	O	O	O	O	O	_	_	_	_	_	_
et	O	O	O	O	O	O	_	_	EndOfLine	_	_	_
# segment_iiif_link = https://impresso-project.ch/api/proxy/iiif/LLE-1952-05-23-a-p0016/134,4575,877,63/full/0/default.jpg
retenu	O	O	O	O	O	O	_	_	_	_	_	_
dans	O	O	O	O	O	O	_	_	_	_	_	_
les	O	O	O	O	O	O	_	_	_	_	_	_
eaux	O	O	O	O	O	O	_	_	_	_	_	_
territoirales	O	O	O	O	O	O	_	_	_	_	_	_
sovietiques	O	O	O	O	O	O	_	_	_	_	_	_
,	O	O	O	O	O	O	_	_	_	_	_	_
devait	O	O	O	O	O	O	_	_	EndOfLine	_	_	_
# segment_iiif_link = https://impresso-project.ch/api/proxy/iiif/LLE-1952-05-23-a-p0016/134,4609,555,63/full/0/default.jpg
payer	O	O	O	O	O	O	_	_	_	_	_	_
une	O	O	O	O	O	O	_	_	_	_	_	_
amende	O	O	O	O	O	O	_	_	_	_	_	_
de	O	O	O	O	O	O	_	_	_	_	_	_
300	O	O	O	O	O	O	_	_	_	_	_	_
roubles	O	O	O	O	O	O	_	_	_	_	_	_
.	O	O	O	O	O	O	_	_	EndOfLine	EndOfSentence	_	_
# segment_iiif_link = https://impresso-project.ch/api/proxy/iiif/LLE-1952-05-23-a-p0016/167,4642,832,64/full/0/default.jpg
ITALIE	O	O	O	O	O	O	_	_	_	_	_	_
.	O	O	O	O	O	O	_	_	_	EndOfSentence	_	_
—	O	O	O	O	O	O	_	_	_	_	_	_
On	O	O	O	O	O	O	_	_	_	_	_	_
apprend	O	O	O	O	O	O	_	_	_	_	_	_
que	O	O	O	O	O	O	_	_	_	_	_	_
le	O	O	O	O	O	O	_	_	_	_	_	_
gouvernement	O	O	O	O	O	O	_	_	EndOfLine	_	_	_
# segment_iiif_link = https://impresso-project.ch/api/proxy/iiif/LLE-1952-05-23-a-p0016/134,4678,878,62/full/0/default.jpg
italien	O	O	O	O	O	O	_	_	_	_	_	_
a	O	O	O	O	O	O	_	_	_	_	_	_
refusfe	O	O	O	O	O	O	_	_	_	_	_	_
un	O	O	O	O	O	O	_	_	_	_	_	_
passeport	O	O	O	O	O	O	_	_	_	_	_	_
k	O	O	O	O	O	O	_	_	_	_	_	_
M	O	O	O	O	O	O	_	_	_	_	_	_
.	O	O	O	O	O	O	_	_	_	EndOfSentence	_	_
Di	O	O	O	O	O	O	_	_	_	_	_	_
Vittorio	O	O	O	O	O	O	_	_	_	_	_	_
,	O	O	O	O	O	O	_	_	_	_	_	_
chef	O	O	O	O	O	O	_	_	_	_	_	_
de	O	O	O	O	O	O	_	_	EndOfLine	_	_	_
# segment_iiif_link = https://impresso-project.ch/api/proxy/iiif/LLE-1952-05-23-a-p0016/134,4712,880,63/full/0/default.jpg
la	O	O	O	O	O	O	_	_	_	_	_	_
Confederation	O	O	O	O	O	O	_	_	_	_	_	_
gfenferale	O	O	O	O	O	O	_	_	_	_	_	_
des	O	O	O	O	O	O	_	_	_	_	_	_
syndicats	O	O	O	O	O	O	_	_	_	_	_	_
dItalie	O	O	O	O	O	O	_	_	_	_	_	_
,	O	O	O	O	O	O	_	_	EndOfLine	_	_	_
# segment_iiif_link = https://impresso-project.ch/api/proxy/iiif/LLE-1952-05-23-a-p0016/134,4748,877,63/full/0/default.jpg
d	O	O	O	O	O	O	_	_	_	_	_	_
obfedience	O	O	O	O	O	O	_	_	_	_	_	_
communiste	O	O	O	O	O	O	_	_	_	_	_	_
,	O	O	O	O	O	O	_	_	_	_	_	_
et	O	O	O	O	O	O	_	_	_	_	_	_
cela	O	O	O	O	O	O	_	_	_	_	_	_
,	O	O	O	O	O	O	_	_	_	_	_	_
<	O	O	O	O	O	O	_	_	_	_	_	_
_	O	O	O	O	O	O	_	_	_	_	_	_
¦	O	O	O	O	O	O	_	_	_	_	_	_
dans	O	O	O	O	O	O	_	_	_	_	_	_
linteret	O	O	O	O	O	O	_	_	EndOfLine	_	_	_
# segment_iiif_link = https://impresso-project.ch/api/proxy/iiif/LLE-1952-05-23-a-p0016/134,4781,177,62/full/0/default.jpg
national	O	O	O	O	O	O	_	_	_	_	_	_
.	O	O	O	O	O	O	_	_	EndOfLine	EndOfSentence	_	_
# segment_iiif_link = https://impresso-project.ch/api/proxy/iiif/LLE-1952-05-23-a-p0016/166,4815,846,62/full/0/default.jpg
—	O	O	O	O	O	O	_	_	_	_	_	_
M	O	O	O	O	O	O	_	_	_	_	_	_
.	O	O	O	O	O	O	_	_	_	EndOfSentence	_	_
Giuseppe	O	O	O	O	O	O	_	_	_	_	_	_
Belluzzo	O	O	O	O	O	O	_	_	_	_	_	_
.	O	O	O	O	O	O	_	_	_	EndOfSentence	_	_
specialiste	O	O	O	O	O	O	_	_	_	_	_	_
des	O	O	O	O	O	O	_	_	_	_	_	_
problemes	O	O	O	O	O	O	_	_	EndOfLine	_	_	_
# segment_iiif_link = https://impresso-project.ch/api/proxy/iiif/LLE-1952-05-23-a-p0016/134,4851,880,62/full/0/default.jpg
techniques	O	O	O	O	O	O	_	_	_	_	_	_
et	O	O	O	O	O	O	_	_	_	_	_	_
feconomiques	O	O	O	O	O	O	_	_	_	_	_	_
sous	O	O	O	O	O	O	_	_	_	_	_	_
le	O	O	O	O	O	O	_	_	_	_	_	_
regime	O	O	O	O	O	O	_	_	_	_	_	_
fasciste	O	O	O	O	O	O	_	_	_	_	_	_
,	O	O	O	O	O	O	_	_	EndOfLine	_	_	_
# segment_iiif_link = https://impresso-project.ch/api/proxy/iiif/LLE-1952-05-23-a-p0016/136,4884,876,62/full/0/default.jpg
est	O	O	O	O	O	O	_	_	_	_	_	_
dfecfedfe	O	O	O	O	O	O	_	_	_	_	_	_
k	O	O	O	O	O	O	_	_	_	_	_	_
läge	O	O	O	O	O	O	_	_	_	_	_	_
de	O	O	O	O	O	O	_	_	_	_	_	_
75	O	O	O	O	O	O	_	_	_	_	_	_
ans	O	O	O	O	O	O	_	_	_	_	_	_
;	O	O	O	O	O	O	_	_	_	_	_	_
il	O	O	O	O	O	O	_	_	_	_	_	_
avait	O	O	O	O	O	O	_	_	_	_	_	_
fetfe	O	O	O	O	O	O	_	_	_	_	_	_
ministre	O	O	O	O	O	O	_	_	EndOfLine	_	_	_
# segment_iiif_link = https://impresso-project.ch/api/proxy/iiif/LLE-1952-05-23-a-p0016/134,4918,867,62/full/0/default.jpg
de	O	O	O	O	O	O	_	_	_	_	_	_
lEconomie	O	O	O	O	O	O	_	_	_	_	_	_
de	O	O	O	O	O	O	_	_	_	_	_	_
1925	O	O	O	O	O	O	_	_	_	_	_	_
k	O	O	O	O	O	O	_	_	_	_	_	_
1928	O	O	O	O	O	O	_	_	_	_	_	_
,	O	O	O	O	O	O	_	_	_	_	_	_
puis	O	O	O	O	O	O	_	_	_	_	_	_
ministre	O	O	O	O	O	O	_	_	_	_	_	_
de	O	O	O	O	O	O	_	_	EndOfLine	_	_	_
# segment_iiif_link = https://impresso-project.ch/api/proxy/iiif/LLE-1952-05-23-a-p0016/136,4952,413,63/full/0/default.jpg
lEducation	O	O	O	O	O	O	_	_	_	_	_	_
et	O	O	O	O	O	O	_	_	_	_	_	_
ministre	O	O	O	O	O	O	_	_	_	_	_	_
dEtat	O	O	O	O	O	O	_	_	_	_	_	_
.	O	O	O	O	O	O	_	_	EndOfLine	EndOfSentence	_	_
# segment_iiif_link = https://impresso-project.ch/api/proxy/iiif/LLE-1952-05-23-a-p0016/166,4986,845,63/full/0/default.jpg
LUXEMBOURG	O	O	O	O	O	O	_	_	_	_	_	_
.	O	O	O	O	O	O	_	_	_	EndOfSentence	_	_
—	O	O	O	O	O	O	_	_	_	_	_	_
Le	O	O	O	O	O	O	_	_	_	_	_	_
Comitfe	O	O	O	O	O	O	_	_	_	_	_	_
international	O	O	O	O	O	O	_	_	_	_	_	_
du	O	O	O	O	O	O	_	_	EndOfLine	_	_	_
# segment_iiif_link = https://impresso-project.ch/api/proxy/iiif/LLE-1952-05-23-a-p0016/134,5022,878,63/full/0/default.jpg
Mouvement	O	O	O	O	O	O	_	_	_	_	_	_
europeen	O	O	O	O	O	O	_	_	_	_	_	_
a	O	O	O	O	O	O	_	_	_	_	_	_
commenefe	O	O	O	O	O	O	_	_	_	_	_	_
k	O	O	O	O	O	O	_	_	_	_	_	_
Luxembourg	O	O	O	O	O	O	_	_	_	_	_	_
une	O	O	O	O	O	O	_	_	EndOfLine	_	_	_
# segment_iiif_link = https://impresso-project.ch/api/proxy/iiif/LLE-1952-05-23-a-p0016/134,5057,732,62/full/0/default.jpg
session	O	O	O	O	O	O	_	_	_	_	_	_
prfesidee	O	O	O	O	O	O	_	_	_	_	_	_
par	O	O	O	O	O	O	_	_	_	_	_	_
M	O	O	O	O	O	O	_	_	_	_	_	_
.	O	O	O	O	O	O	_	_	_	EndOfSentence	_	_
Paul	O	O	O	O	O	O	_	_	NoSpaceAfter	_	_	_
-	O	O	O	O	O	O	_	_	NoSpaceAfter	_	_	_
Henri	O	O	O	O	O	O	_	_	_	_	_	_
Spaak	O	O	O	O	O	O	_	_	_	_	_	_
.	O	O	O	O	O	O	_	_	EndOfLine	EndOfSentence	_	_
# segment_iiif_link = https://impresso-project.ch/api/proxy/iiif/LLE-1952-05-23-a-p0016/167,5089,844,63/full/0/default.jpg
SUISSE	O	O	O	O	O	O	_	_	_	_	_	_
.	O	O	O	O	O	O	_	_	_	EndOfSentence	_	_
—	O	O	O	O	O	O	_	_	_	_	_	_
A	O	O	O	O	O	O	_	_	_	_	_	_
Geneve	O	O	O	O	O	O	_	_	_	_	_	_
,	O	O	O	O	O	O	_	_	_	_	_	_
lassemblfee	O	O	O	O	O	O	_	_	_	_	_	_
mondiale	O	O	O	O	O	O	_	_	_	_	_	_
de	O	O	O	O	O	O	_	_	_	_	_	_
la	O	O	O	O	O	O	_	_	EndOfLine	_	_	_
# segment_iiif_link = https://impresso-project.ch/api/proxy/iiif/LLE-1952-05-23-a-p0016/134,5125,878,63/full/0/default.jpg
santfe	O	O	O	O	O	O	_	_	_	_	_	_
a	O	O	O	O	O	O	_	_	_	_	_	_
tenu	O	O	O	O	O	O	_	_	_	_	_	_
une	O	O	O	O	O	O	_	_	_	_	_	_
dernifere	O	O	O	O	O	O	_	_	_	_	_	_
seance	O	O	O	O	O	O	_	_	_	_	_	_
plfenifere	O	O	O	O	O	O	_	_	_	_	_	_
au	O	O	O	O	O	O	_	_	_	_	_	_
cours	O	O	O	O	O	O	_	_	EndOfLine	_	_	_
# segment_iiif_link = https://impresso-project.ch/api/proxy/iiif/LLE-1952-05-23-a-p0016/136,5159,875,63/full/0/default.jpg
de	O	O	O	O	O	O	_	_	_	_	_	_
laquelle	O	O	O	O	O	O	_	_	_	_	_	_
eile	O	O	O	O	O	O	_	_	_	_	_	_
a	O	O	O	O	O	O	_	_	_	_	_	_
entendu	O	O	O	O	O	O	_	_	_	_	_	_
le	O	O	O	O	O	O	_	_	_	_	_	_
discours	O	O	O	O	O	O	_	_	_	_	_	_
de	O	O	O	O	O	O	_	_	_	_	_	_
clöture	O	O	O	O	O	O	_	_	_	_	_	_
du	O	O	O	O	O	O	_	_	EndOfLine	_	_	_
# segment_iiif_link = https://impresso-project.ch/api/proxy/iiif/LLE-1952-05-23-a-p0016/134,5194,878,62/full/0/default.jpg
prfesident	O	O	O	O	O	O	_	_	_	_	_	_
,	O	O	O	O	O	O	_	_	_	_	_	_
le	O	O	O	O	O	O	_	_	_	_	_	_
docteur	O	O	O	O	O	O	_	_	_	_	_	_
Juan	O	O	O	O	O	O	_	_	_	_	_	_
Salcedo	O	O	O	O	O	O	_	_	_	_	_	_
(	O	O	O	O	O	O	_	_	_	_	_	_
Philippines	O	O	O	O	O	O	_	_	_	_	_	_
)	O	O	O	O	O	O	_	_	_	_	_	_
,	O	O	O	O	O	O	_	_	_	_	_	_
qui	O	O	O	O	O	O	_	_	EndOfLine	_	_	_
# segment_iiif_link = https://impresso-project.ch/api/proxy/iiif/LLE-1952-05-23-a-p0016/136,5228,818,62/full/0/default.jpg
a	O	O	O	O	O	O	_	_	_	_	_	_
exposfe	O	O	O	O	O	O	_	_	_	_	_	_
les	O	O	O	O	O	O	_	_	_	_	_	_
caraetferistiques	O	O	O	O	O	O	_	_	_	_	_	_
du	O	O	O	O	O	O	_	_	_	_	_	_
travail	O	O	O	O	O	O	_	_	_	_	_	_
accompli	O	O	O	O	O	O	_	_	_	_	_	_
.	O	O	O	O	O	O	_	_	EndOfLine	EndOfSentence	_	_
# segment_iiif_link = https://impresso-project.ch/api/proxy/iiif/LLE-1952-05-23-a-p0016/169,5261,833,64/full/0/default.jpg
GRANDE	O	O	O	O	O	O	_	_	NoSpaceAfter	_	_	_
-	O	O	O	O	O	O	_	_	NoSpaceAfter	_	_	_
BRETAGNE	O	O	O	O	O	O	_	_	_	_	_	_
.	O	O	O	O	O	O	_	_	_	EndOfSentence	_	_
—	O	O	O	O	O	O	_	_	_	_	_	_
La	O	O	O	O	O	O	_	_	_	_	_	_
Chambre	O	O	O	O	O	O	_	_	_	_	_	_
des	O	O	O	O	O	O	_	_	EndOfLine	_	_	_
# segment_iiif_link = https://impresso-project.ch/api/proxy/iiif/LLE-1952-05-23-a-p0016/136,5297,865,62/full/0/default.jpg
communes	O	O	O	O	O	O	_	_	_	_	_	_
a	O	O	O	O	O	O	_	_	_	_	_	_
approuvfe	O	O	O	O	O	O	_	_	_	_	_	_
,	O	O	O	O	O	O	_	_	_	_	_	_
par	O	O	O	O	O	O	_	_	_	_	_	_
307	O	O	O	O	O	O	_	_	_	_	_	_
voix	O	O	O	O	O	O	_	_	_	_	_	_
contre	O	O	O	O	O	O	_	_	_	_	_	_
283	O	O	O	O	O	O	_	_	_	_	_	_
,	O	O	O	O	O	O	_	_	_	_	_	_
le	O	O	O	O	O	O	_	_	EndOfLine	_	_	_
# segment_iiif_link = https://impresso-project.ch/api/proxy/iiif/LLE-1952-05-23-a-p0016/137,5331,870,62/full/0/default.jpg
principe	O	O	O	O	O	O	_	_	_	_	_	_
de	O	O	O	O	O	O	_	_	_	_	_	_
la	O	O	O	O	O	O	_	_	_	_	_	_
dfenationalisation	O	O	O	O	O	O	_	_	_	_	_	_
des	O	O	O	O	O	O	_	_	_	_	_	_
transports	O	O	O	O	O	O	_	_	_	_	_	_
routiers	O	O	O	O	O	O	_	_	EndOfLine	_	_	_
# segment_iiif_link = https://impresso-project.ch/api/proxy/iiif/LLE-1952-05-23-a-p0016/137,5365,879,63/full/0/default.jpg
tel	O	O	O	O	O	O	_	_	_	_	_	_
quil	O	O	O	O	O	O	_	_	_	_	_	_
avait	O	O	O	O	O	O	_	_	_	_	_	_
fetfe	O	O	O	O	O	O	_	_	_	_	_	_
fenonefe	O	O	O	O	O	O	_	_	_	_	_	_
dans	O	O	O	O	O	O	_	_	_	_	_	_
un	O	O	O	O	O	O	_	_	_	_	_	_
rfecent	O	O	O	O	O	O	_	_	_	_	_	_
<	O	O	O	O	O	O	_	_	_	_	_	_
livre	O	O	O	O	O	O	_	_	EndOfLine	_	_	_
# segment_iiif_link = https://impresso-project.ch/api/proxy/iiif/LLE-1952-05-23-a-p0016/137,5398,764,62/full/0/default.jpg
blanc	O	O	O	O	O	O	_	_	_	_	_	_
»	O	O	O	O	O	O	_	_	_	_	_	_
publife	O	O	O	O	O	O	_	_	_	_	_	_
par	O	O	O	O	O	O	_	_	_	_	_	_
le	O	O	O	O	O	O	_	_	_	_	_	_
gouvernement	O	O	O	O	O	O	_	_	_	_	_	_
Churcb	O	O	O	O	O	O	_	_	_	_	_	_
11	O	O	O	O	O	O	_	_	EndOfLine	_	_	_
# segment_iiif_link = https://impresso-project.ch/api/proxy/iiif/LLE-1952-05-23-a-p0016/1164,910,808,105/full/0/default.jpg
Fatouche	O	O	O	O	O	O	_	_	_	_	_	_
Opposition	O	O	O	O	O	O	_	_	_	_	_	_
des	O	O	O	O	O	O	_	_	EndOfLine	_	_	_
# segment_iiif_link = https://impresso-project.ch/api/proxy/iiif/LLE-1952-05-23-a-p0016/1612,1007,265,64/full/0/default.jpg
Bonn	O	O	O	O	O	O	_	_	_	_	_	_
,	O	O	O	O	O	O	_	_	_	_	_	_
23	O	O	O	O	O	O	_	_	_	_	_	_
mai	O	O	O	O	O	O	_	_	_	_	_	_
.	O	O	O	O	O	O	_	_	EndOfLine	EndOfSentence	_	_
# segment_iiif_link = https://impresso-project.ch/api/proxy/iiif/LLE-1952-05-23-a-p0016/1089,1049,821,63/full/0/default.jpg
(	O	O	O	O	O	O	_	_	_	_	_	_
Reuter	B-org	O	B-org.ent.pressagency.Reuters	O	O	O	Q130879	_	_	_	LED0.00	_
.	O	O	O	O	O	O	_	_	_	_	_	_
)	O	O	O	O	O	O	_	_	_	_	_	_
—	O	O	O	O	O	O	_	_	_	_	_	_
Le	O	O	O	O	O	O	_	_	_	_	_	_
chef	O	O	O	O	O	O	_	_	_	_	_	_
du	O	O	O	O	O	O	_	_	_	_	_	_
protocole	O	O	O	O	O	O	_	_	_	_	_	_
du	O	O	O	O	O	O	_	_	_	_	_	_
gou	O	O	O	O	O	O	_	_	NoSpaceAfter	_	_	_
-	O	O	O	O	O	O	_	_	EndOfLine	_	_	_
# segment_iiif_link = https://impresso-project.ch/api/proxy/iiif/LLE-1952-05-23-a-p0016/1047,1087,870,62/full/0/default.jpg
vernement	O	O	O	O	O	O	_	_	_	_	_	_
de	O	O	O	O	O	O	_	_	_	_	_	_
la	O	O	O	O	O	O	_	_	_	_	_	_
Rfepublique	O	O	O	O	O	O	_	_	_	_	_	_
ffederale	O	O	O	O	O	O	_	_	_	_	_	_
a	O	O	O	O	O	O	_	_	_	_	_	_
dfeclarfe	O	O	O	O	O	O	_	_	_	_	_	_
,	O	O	O	O	O	O	_	_	EndOfLine	_	_	_
# segment_iiif_link = https://impresso-project.ch/api/proxy/iiif/LLE-1952-05-23-a-p0016/1052,1128,863,62/full/0/default.jpg
jeudi	O	O	O	O	O	O	_	_	_	_	_	_
,	O	O	O	O	O	O	_	_	_	_	_	_
que	O	O	O	O	O	O	_	_	_	_	_	_
le	O	O	O	O	O	O	_	_	_	_	_	_
traitfe	O	O	O	O	O	O	_	_	_	_	_	_
gfenferal	O	O	O	O	O	O	_	_	_	_	_	_
sera	O	O	O	O	O	O	_	_	_	_	_	_
signfe	O	O	O	O	O	O	_	_	_	_	_	_
,	O	O	O	O	O	O	_	_	_	_	_	_
lundi	O	O	O	O	O	O	_	_	EndOfLine	_	_	_
# segment_iiif_link = https://impresso-project.ch/api/proxy/iiif/LLE-1952-05-23-a-p0016/1052,1167,322,62/full/0/default.jpg
prochain	O	O	O	O	O	O	_	_	_	_	_	_
,	O	O	O	O	O	O	_	_	_	_	_	_
ä	O	O	O	O	O	O	_	_	_	_	_	_
Bonn	O	O	O	O	O	O	_	_	_	_	_	_
.	O	O	O	O	O	O	_	_	EndOfLine	EndOfSentence	_	_
# segment_iiif_link = https://impresso-project.ch/api/proxy/iiif/LLE-1952-05-23-a-p0016/1181,1229,599,80/full/0/default.jpg
tes	O	O	O	O	O	O	_	_	_	_	_	_
negociations	O	O	O	O	O	O	_	_	_	_	_	_
de	O	O	O	O	O	O	_	_	_	_	_	_
Bonn	O	O	O	O	O	O	_	_	EndOfLine	_	_	_
# segment_iiif_link = https://impresso-project.ch/api/proxy/iiif/LLE-1952-05-23-a-p0016/1314,1279,340,79/full/0/default.jpg
sont	O	O	O	O	O	O	_	_	_	_	_	_
terminees	O	O	O	O	O	O	_	_	EndOfLine	_	_	_
# segment_iiif_link = https://impresso-project.ch/api/proxy/iiif/LLE-1952-05-23-a-p0016/1612,1343,265,62/full/0/default.jpg
Bonn	O	O	O	O	O	O	_	_	_	_	_	_
,	O	O	O	O	O	O	_	_	_	_	_	_
23	O	O	O	O	O	O	_	_	_	_	_	_
mai	O	O	O	O	O	O	_	_	_	_	_	_
.	O	O	O	O	O	O	_	_	EndOfLine	EndOfSentence	_	_
# segment_iiif_link = https://impresso-project.ch/api/proxy/iiif/LLE-1952-05-23-a-p0016/1086,1382,819,63/full/0/default.jpg
(	O	O	O	O	O	O	_	_	_	_	_	_
AFP	B-org	O	B-org.ent.pressagency.AFP	O	O	O	Q40464	_	_	_	LED0.00	_
.	O	O	O	O	O	O	_	_	_	_	_	_
)	O	O	O	O	O	O	_	_	_	_	_	_
—	O	O	O	O	O	O	_	_	_	_	_	_
Les	O	O	O	O	O	O	_	_	_	_	_	_
hauts	O	O	O	O	O	O	_	_	NoSpaceAfter	_	_	_
-	O	O	O	O	O	O	_	_	NoSpaceAfter	_	_	_
commissaires	O	O	O	O	O	O	_	_	_	_	_	_
allies	O	O	O	O	O	O	_	_	_	_	_	_
el	O	O	O	O	O	O	_	_	EndOfLine	_	_	_
# segment_iiif_link = https://impresso-project.ch/api/proxy/iiif/LLE-1952-05-23-a-p0016/1047,1420,857,64/full/0/default.jpg
le	O	O	O	O	O	O	_	_	_	_	_	_
chancelier	O	O	O	O	O	O	_	_	_	_	_	_
Adenauer	O	O	O	O	O	O	_	_	_	_	_	_
ont	O	O	O	O	O	O	_	_	_	_	_	_
acheve	O	O	O	O	O	O	_	_	_	_	_	_
,	O	O	O	O	O	O	_	_	_	_	_	_
jeudi	O	O	O	O	O	O	_	_	_	_	_	_
soir	O	O	O	O	O	O	_	_	EndOfLine	_	_	_
# segment_iiif_link = https://impresso-project.ch/api/proxy/iiif/LLE-1952-05-23-a-p0016/1047,1459,860,64/full/0/default.jpg
au	O	O	O	O	O	O	_	_	_	_	_	_
siege	O	O	O	O	O	O	_	_	_	_	_	_
du	O	O	O	O	O	O	_	_	_	_	_	_
haut	O	O	O	O	O	O	_	_	NoSpaceAfter	_	_	_
-	O	O	O	O	O	O	_	_	NoSpaceAfter	_	_	_
commissariat	O	O	O	O	O	O	_	_	_	_	_	_
americain	O	O	O	O	O	O	_	_	_	_	_	_
,	O	O	O	O	O	O	_	_	_	_	_	_
leun	O	O	O	O	O	O	_	_	EndOfLine	_	_	_
# segment_iiif_link = https://impresso-project.ch/api/proxy/iiif/LLE-1952-05-23-a-p0016/1047,1498,853,64/full/0/default.jpg
negociations	O	O	O	O	O	O	_	_	_	_	_	_
au	O	O	O	O	O	O	_	_	_	_	_	_
sujet	O	O	O	O	O	O	_	_	_	_	_	_
des	O	O	O	O	O	O	_	_	_	_	_	_
aecords	O	O	O	O	O	O	_	_	EndOfLine	_	_	_
# segment_iiif_link = https://impresso-project.ch/api/proxy/iiif/LLE-1952-05-23-a-p0016/1047,1537,858,63/full/0/default.jpg
ciermanoallies	O	O	O	O	O	O	_	_	_	_	_	_
.	O	O	O	O	O	O	_	_	_	EndOfSentence	_	_
Les	O	O	O	O	O	O	_	_	_	_	_	_
experts	O	O	O	O	O	O	_	_	_	_	_	_
allemands	O	O	O	O	O	O	_	_	_	_	_	_
et	O	O	O	O	O	O	_	_	_	_	_	_
allies	O	O	O	O	O	O	_	_	_	_	_	_
ont	O	O	O	O	O	O	_	_	_	_	_	_
eti	O	O	O	O	O	O	_	_	EndOfLine	_	_	_
# segment_iiif_link = https://impresso-project.ch/api/proxy/iiif/LLE-1952-05-23-a-p0016/1049,1576,863,63/full/0/default.jpg
charqes	O	O	O	O	O	O	_	_	_	_	_	_
de	O	O	O	O	O	O	_	_	_	_	_	_
rediqer	O	O	O	O	O	O	_	_	_	_	_	_
les	O	O	O	O	O	O	_	_	_	_	_	_
textes	O	O	O	O	O	O	_	_	_	_	_	_
de	O	O	O	O	O	O	_	_	_	_	_	_
la	O	O	O	O	O	O	_	_	_	_	_	_
Convention	O	O	O	O	O	O	_	_	EndOfLine	_	_	_
# segment_iiif_link = https://impresso-project.ch/api/proxy/iiif/LLE-1952-05-23-a-p0016/1049,1616,860,62/full/0/default.jpg
qenerale	O	O	O	O	O	O	_	_	_	_	_	_
et	O	O	O	O	O	O	_	_	_	_	_	_
des	O	O	O	O	O	O	_	_	_	_	_	_
aecords	O	O	O	O	O	O	_	_	_	_	_	_
annexes	O	O	O	O	O	O	_	_	_	_	_	_
.	O	O	O	O	O	O	_	_	_	EndOfSentence	_	_
qui	O	O	O	O	O	O	_	_	_	_	_	_
seronl	O	O	O	O	O	O	_	_	EndOfLine	_	_	_
# segment_iiif_link = https://impresso-project.ch/api/proxy/iiif/LLE-1952-05-23-a-p0016/1049,1655,863,62/full/0/default.jpg
soumis	O	O	O	O	O	O	_	_	_	_	_	_
ensuite	O	O	O	O	O	O	_	_	_	_	_	_
aux	O	O	O	O	O	O	_	_	_	_	_	_
ministres	O	O	O	O	O	O	_	_	_	_	_	_
des	O	O	O	O	O	O	_	_	_	_	_	_
Affaires	O	O	O	O	O	O	_	_	EndOfLine	_	_	_
# segment_iiif_link = https://impresso-project.ch/api/proxy/iiif/LLE-1952-05-23-a-p0016/1051,1692,198,64/full/0/default.jpg
etrangeres	O	O	O	O	O	O	_	_	_	_	_	_
.	O	O	O	O	O	O	_	_	EndOfLine	EndOfSentence	_	_
# segment_iiif_link = https://impresso-project.ch/api/proxy/iiif/LLE-1952-05-23-a-p0016/1089,1732,808,64/full/0/default.jpg
Une	O	O	O	O	O	O	_	_	_	_	_	_
nouvelle	O	O	O	O	O	O	_	_	_	_	_	_
entrevue	O	O	O	O	O	O	_	_	_	_	_	_
entre	O	O	O	O	O	O	_	_	_	_	_	_
les	O	O	O	O	O	O	_	_	EndOfLine	_	_	_
# segment_iiif_link = https://impresso-project.ch/api/proxy/iiif/LLE-1952-05-23-a-p0016/1049,1769,861,64/full/0/default.jpg
hautscommissaires	O	O	O	O	O	O	_	_	_	_	_	_
et	O	O	O	O	O	O	_	_	_	_	_	_
le	O	O	O	O	O	O	_	_	_	_	_	_
chancelier	O	O	O	O	O	O	_	_	_	_	_	_
Adenauer	O	O	O	O	O	O	_	_	_	_	_	_
n	O	O	O	O	O	O	_	_	_	_	_	_
esi	O	O	O	O	O	O	_	_	EndOfLine	_	_	_
# segment_iiif_link = https://impresso-project.ch/api/proxy/iiif/LLE-1952-05-23-a-p0016/1051,1808,861,63/full/0/default.jpg
vas	O	O	O	O	O	O	_	_	_	_	_	_
prevue	O	O	O	O	O	O	_	_	_	_	_	_
.	O	O	O	O	O	O	_	_	_	EndOfSentence	_	_
ä	O	O	O	O	O	O	_	_	_	_	_	_
moins	O	O	O	O	O	O	_	_	_	_	_	_
aue	O	O	O	O	O	O	_	_	_	_	_	_
les	O	O	O	O	O	O	_	_	_	_	_	_
experts	O	O	O	O	O	O	_	_	_	_	_	_
Vestimem	O	O	O	O	O	O	_	_	EndOfLine	_	_	_
# segment_iiif_link = https://impresso-project.ch/api/proxy/iiif/LLE-1952-05-23-a-p0016/1234,1847,10,63/full/0/default.jpg
.	O	O	O	O	O	O	_	_	EndOfLine	EndOfSentence	_	_
# segment_iiif_link = https://impresso-project.ch/api/proxy/iiif/LLE-1952-05-23-a-p0016/1089,1887,821,62/full/0/default.jpg
Le	O	O	O	O	O	O	_	_	_	_	_	_
contenu	O	O	O	O	O	O	_	_	_	_	_	_
des	O	O	O	O	O	O	_	_	_	_	_	_
aecords	O	O	O	O	O	O	_	_	_	_	_	_
qermano	O	O	O	O	O	O	_	_	NoSpaceAfter	_	_	_
-	O	O	O	O	O	O	_	_	NoSpaceAfter	_	_	_
allies	O	O	O	O	O	O	_	_	_	_	_	_
a	O	O	O	O	O	O	_	_	_	_	_	_
eti	O	O	O	O	O	O	_	_	EndOfLine	_	_	_
# segment_iiif_link = https://impresso-project.ch/api/proxy/iiif/LLE-1952-05-23-a-p0016/1051,1924,859,63/full/0/default.jpg
arrete	O	O	O	O	O	O	_	_	_	_	_	_
,	O	O	O	O	O	O	_	_	_	_	_	_
ä	O	O	O	O	O	O	_	_	_	_	_	_
l	O	O	O	O	O	O	_	_	_	_	_	_
exception	O	O	O	O	O	O	_	_	_	_	_	_
du	O	O	O	O	O	O	_	_	_	_	_	_
Statut	O	O	O	O	O	O	_	_	_	_	_	_
officiei	O	O	O	O	O	O	_	_	_	_	_	_
dei	O	O	O	O	O	O	_	_	EndOfLine	_	_	_
# segment_iiif_link = https://impresso-project.ch/api/proxy/iiif/LLE-1952-05-23-a-p0016/1051,1963,859,63/full/0/default.jpg
troupes	O	O	O	O	O	O	_	_	_	_	_	_
francaises	O	O	O	O	O	O	_	_	_	_	_	_
et	O	O	O	O	O	O	_	_	_	_	_	_
belaes	O	O	O	O	O	O	_	_	_	_	_	_
en	O	O	O	O	O	O	_	_	_	_	_	_
Allemaqni	O	O	O	O	O	O	_	_	EndOfLine	_	_	_
# segment_iiif_link = https://impresso-project.ch/api/proxy/iiif/LLE-1952-05-23-a-p0016/1051,2001,863,64/full/0/default.jpg
occidentale	O	O	O	O	O	O	_	_	_	_	_	_
,	O	O	O	O	O	O	_	_	_	_	_	_
ainsi	O	O	O	O	O	O	_	_	_	_	_	_
que	O	O	O	O	O	O	_	_	_	_	_	_
de	O	O	O	O	O	O	_	_	_	_	_	_
certains	O	O	O	O	O	O	_	_	_	_	_	_
detail	O	O	O	O	O	O	_	_	_	_	_	_
:	O	O	O	O	O	O	_	_	EndOfLine	_	_	_
# segment_iiif_link = https://impresso-project.ch/api/proxy/iiif/LLE-1952-05-23-a-p0016/1049,2042,850,62/full/0/default.jpg
techniques	O	O	O	O	O	O	_	_	_	_	_	_
des	O	O	O	O	O	O	_	_	_	_	_	_
reqlements	O	O	O	O	O	O	_	_	_	_	_	_
financiers	O	O	O	O	O	O	_	_	_	_	_	_
,	O	O	O	O	O	O	_	_	_	_	_	_
qui	O	O	O	O	O	O	_	_	EndOfLine	_	_	_
# segment_iiif_link = https://impresso-project.ch/api/proxy/iiif/LLE-1952-05-23-a-p0016/1052,2079,860,64/full/0/default.jpg
doivent	O	O	O	O	O	O	_	_	_	_	_	_
etre	O	O	O	O	O	O	_	_	_	_	_	_
approuves	O	O	O	O	O	O	_	_	_	_	_	_
par	O	O	O	O	O	O	_	_	_	_	_	_
les	O	O	O	O	O	O	_	_	_	_	_	_
qouvernement	O	O	O	O	O	O	_	_	_	_	_	_
:	O	O	O	O	O	O	_	_	EndOfLine	_	_	_
# segment_iiif_link = https://impresso-project.ch/api/proxy/iiif/LLE-1952-05-23-a-p0016/1052,2117,858,62/full/0/default.jpg
francais	O	O	O	O	O	O	_	_	_	_	_	_
et	O	O	O	O	O	O	_	_	_	_	_	_
britannique	O	O	O	O	O	O	_	_	_	_	_	_
.	O	O	O	O	O	O	_	_	_	EndOfSentence	_	_
Ces	O	O	O	O	O	O	_	_	_	_	_	_
deux	O	O	O	O	O	O	_	_	_	_	_	_
problemes	O	O	O	O	O	O	_	_	EndOfLine	_	_	_
# segment_iiif_link = https://impresso-project.ch/api/proxy/iiif/LLE-1952-05-23-a-p0016/1052,2156,850,64/full/0/default.jpg
de	O	O	O	O	O	O	_	_	_	_	_	_
meme	O	O	O	O	O	O	_	_	_	_	_	_
que	O	O	O	O	O	O	_	_	_	_	_	_
la	O	O	O	O	O	O	_	_	_	_	_	_
mise	O	O	O	O	O	O	_	_	_	_	_	_
en	O	O	O	O	O	O	_	_	_	_	_	_
viqueur	O	O	O	O	O	O	_	_	_	_	_	_
de	O	O	O	O	O	O	_	_	_	_	_	_
l	O	O	O	O	O	O	_	_	EndOfLine	_	_	_
# segment_iiif_link = https://impresso-project.ch/api/proxy/iiif/LLE-1952-05-23-a-p0016/1052,2195,863,63/full/0/default.jpg
ensemble	O	O	O	O	O	O	_	_	_	_	_	_
des	O	O	O	O	O	O	_	_	_	_	_	_
aecords	O	O	O	O	O	O	_	_	_	_	_	_
,	O	O	O	O	O	O	_	_	_	_	_	_
seront	O	O	O	O	O	O	_	_	_	_	_	_
tranches	O	O	O	O	O	O	_	_	_	_	_	_
au	O	O	O	O	O	O	_	_	_	_	_	_
cours	O	O	O	O	O	O	_	_	_	_	_	_
de	O	O	O	O	O	O	_	_	EndOfLine	_	_	_
# segment_iiif_link = https://impresso-project.ch/api/proxy/iiif/LLE-1952-05-23-a-p0016/1052,2234,850,63/full/0/default.jpg
la	O	O	O	O	O	O	_	_	_	_	_	_
reunion	O	O	O	O	O	O	_	_	_	_	_	_
des	O	O	O	O	O	O	_	_	_	_	_	_
ministres	O	O	O	O	O	O	_	_	_	_	_	_
des	O	O	O	O	O	O	_	_	_	_	_	_
Affaires	O	O	O	O	O	O	_	_	EndOfLine	_	_	_
# segment_iiif_link = https://impresso-project.ch/api/proxy/iiif/LLE-1952-05-23-a-p0016/1052,2272,863,62/full/0/default.jpg
etranqeres	O	O	O	O	O	O	_	_	_	_	_	_
.	O	O	O	O	O	O	_	_	_	EndOfSentence	_	_
Ceux	O	O	O	O	O	O	_	_	NoSpaceAfter	_	_	_
-	O	O	O	O	O	O	_	_	NoSpaceAfter	_	_	_
ci	O	O	O	O	O	O	_	_	_	_	_	_
se	O	O	O	O	O	O	_	_	_	_	_	_
reuniront	O	O	O	O	O	O	_	_	_	_	_	_
ä	O	O	O	O	O	O	_	_	_	_	_	_
Bonn	O	O	O	O	O	O	_	_	_	_	_	_
,	O	O	O	O	O	O	_	_	_	_	_	_
dans	O	O	O	O	O	O	_	_	_	_	_	_
lo	O	O	O	O	O	O	_	_	EndOfLine	_	_	_
# segment_iiif_link = https://impresso-project.ch/api/proxy/iiif/LLE-1952-05-23-a-p0016/1049,2311,868,62/full/0/default.jpg
matinee	O	O	O	O	O	O	_	_	_	_	_	_
de	O	O	O	O	O	O	_	_	_	_	_	_
samedi	O	O	O	O	O	O	_	_	_	_	_	_
,	O	O	O	O	O	O	_	_	_	_	_	_
et	O	O	O	O	O	O	_	_	_	_	_	_
examineront	O	O	O	O	O	O	_	_	_	_	_	_
les	O	O	O	O	O	O	_	_	_	_	_	_
textes	O	O	O	O	O	O	_	_	EndOfLine	_	_	_
# segment_iiif_link = https://impresso-project.ch/api/proxy/iiif/LLE-1952-05-23-a-p0016/1052,2347,215,64/full/0/default.jpg
des	O	O	O	O	O	O	_	_	_	_	_	_
aecords	O	O	O	O	O	O	_	_	_	_	_	_
.	O	O	O	O	O	O	_	_	EndOfLine	EndOfSentence	_	_
# segment_iiif_link = https://impresso-project.ch/api/proxy/iiif/LLE-1952-05-23-a-p0016/1959,1003,16,65/full/0/default.jpg
s	O	O	O	O	O	O	_	_	EndOfLine	_	_	_
# segment_iiif_link = https://impresso-project.ch/api/proxy/iiif/LLE-1952-05-23-a-p0016/1959,1048,15,62/full/0/default.jpg
E	O	O	O	O	O	O	_	_	EndOfLine	_	_	_
# segment_iiif_link = https://impresso-project.ch/api/proxy/iiif/LLE-1952-05-23-a-p0016/1959,1085,16,58/full/0/default.jpg
£	O	O	O	O	O	O	_	_	EndOfLine	_	_	_
# segment_iiif_link = https://impresso-project.ch/api/proxy/iiif/LLE-1952-05-23-a-p0016/1959,1123,15,57/full/0/default.jpg
a	O	O	O	O	O	O	_	_	EndOfLine	_	_	_
# segment_iiif_link = https://impresso-project.ch/api/proxy/iiif/LLE-1952-05-23-a-p0016/1960,1163,15,58/full/0/default.jpg
c	O	O	O	O	O	O	_	_	EndOfLine	_	_	_
# segment_iiif_link = https://impresso-project.ch/api/proxy/iiif/LLE-1952-05-23-a-p0016/1960,1194,15,65/full/0/default.jpg
g	O	O	O	O	O	O	_	_	EndOfLine	_	_	_
# segment_iiif_link = https://impresso-project.ch/api/proxy/iiif/LLE-1952-05-23-a-p0016/1960,1265,15,74/full/0/default.jpg
c	O	O	O	O	O	O	_	_	EndOfLine	_	_	_
# segment_iiif_link = https://impresso-project.ch/api/proxy/iiif/LLE-1952-05-23-a-p0016/1954,909,768,106/full/0/default.jpg
s	O	O	O	O	O	O	_	_	_	_	_	_
socialistes	O	O	O	O	O	O	_	_	_	_	_	_
allemands	O	O	O	O	O	O	_	_	EndOfLine	_	_	_
# segment_iiif_link = https://impresso-project.ch/api/proxy/iiif/LLE-1952-05-23-a-p0016/1957,1002,850,64/full/0/default.jpg
sive	O	O	O	O	O	O	_	_	_	_	_	_
aecordee	O	O	O	O	O	O	_	_	_	_	_	_
ä	O	O	O	O	O	O	_	_	_	_	_	_
M	O	O	O	O	O	O	_	_	_	_	_	_
.	O	O	O	O	O	O	_	_	_	EndOfSentence	_	_
Wellington	O	O	O	O	O	O	_	_	_	_	_	_
Long	O	O	O	O	O	O	_	_	_	_	_	_
,	O	O	O	O	O	O	_	_	EndOfLine	_	_	_
# segment_iiif_link = https://impresso-project.ch/api/proxy/iiif/LLE-1952-05-23-a-p0016/1959,1041,855,62/full/0/default.jpg
correspondant	O	O	O	O	O	O	_	_	_	_	_	_
particulier	O	O	O	O	O	O	_	_	_	_	_	_
dUnited	O	O	O	O	O	O	_	_	_	_	_	_
Press	O	O	O	O	O	O	_	_	_	_	_	_
,	O	O	O	O	O	O	_	_	_	_	_	_
M	O	O	O	O	O	O	_	_	_	_	_	_
.	O	O	O	O	O	O	_	_	_	EndOfSentence	_	_
Kur	O	O	O	O	O	O	_	_	EndOfLine	_	_	_
# segment_iiif_link = https://impresso-project.ch/api/proxy/iiif/LLE-1952-05-23-a-p0016/1959,1079,863,62/full/0/default.jpg
Schumacher	O	O	O	O	O	O	_	_	_	_	_	_
,	O	O	O	O	O	O	_	_	_	_	_	_
leader	O	O	O	O	O	O	_	_	_	_	_	_
du	O	O	O	O	O	O	_	_	_	_	_	_
parti	O	O	O	O	O	O	_	_	_	_	_	_
social	O	O	O	O	O	O	_	_	NoSpaceAfter	_	_	_
-	O	O	O	O	O	O	_	_	NoSpaceAfter	_	_	_
democrate	O	O	O	O	O	O	_	_	EndOfLine	_	_	_
# segment_iiif_link = https://impresso-project.ch/api/proxy/iiif/LLE-1952-05-23-a-p0016/1959,1118,861,62/full/0/default.jpg
a	O	O	O	O	O	O	_	_	_	_	_	_
declare	O	O	O	O	O	O	_	_	_	_	_	_
,	O	O	O	O	O	O	_	_	_	_	_	_
ä	O	O	O	O	O	O	_	_	_	_	_	_
la	O	O	O	O	O	O	_	_	_	_	_	_
veille	O	O	O	O	O	O	_	_	_	_	_	_
de	O	O	O	O	O	O	_	_	_	_	_	_
la	O	O	O	O	O	O	_	_	_	_	_	_
signature	O	O	O	O	O	O	_	_	_	_	_	_
du	O	O	O	O	O	O	_	_	_	_	_	_
traiti	O	O	O	O	O	O	_	_	EndOfLine	_	_	_
# segment_iiif_link = https://impresso-project.ch/api/proxy/iiif/LLE-1952-05-23-a-p0016/1960,1155,854,64/full/0/default.jpg
de	O	O	O	O	O	O	_	_	_	_	_	_
Bonn	O	O	O	O	O	O	_	_	_	_	_	_
,	O	O	O	O	O	O	_	_	_	_	_	_
que	O	O	O	O	O	O	_	_	_	_	_	_
quiconque	O	O	O	O	O	O	_	_	_	_	_	_
approuve	O	O	O	O	O	O	_	_	_	_	_	_
ce	O	O	O	O	O	O	_	_	_	_	_	_
contra	O	O	O	O	O	O	_	_	EndOfLine	_	_	_
# segment_iiif_link = https://impresso-project.ch/api/proxy/iiif/LLE-1952-05-23-a-p0016/1960,1194,657,63/full/0/default.jpg
general	O	O	O	O	O	O	_	_	_	_	_	_
cesse	O	O	O	O	O	O	_	_	_	_	_	_
detre	O	O	O	O	O	O	_	_	_	_	_	_
un	O	O	O	O	O	O	_	_	_	_	_	_
Allemand	O	O	O	O	O	O	_	_	_	_	_	_
»	O	O	O	O	O	O	_	_	_	_	_	_
.	O	O	O	O	O	O	_	_	EndOfLine	EndOfSentence	_	_
# segment_iiif_link = https://impresso-project.ch/api/proxy/iiif/LLE-1952-05-23-a-p0016/1997,1234,823,62/full/0/default.jpg
«	O	O	O	O	O	O	_	_	_	_	_	_
II	O	O	O	O	O	O	_	_	_	_	_	_
est	O	O	O	O	O	O	_	_	_	_	_	_
impossible	O	O	O	O	O	O	_	_	_	_	_	_
,	O	O	O	O	O	O	_	_	_	_	_	_
a	O	O	O	O	O	O	_	_	_	_	_	_
affirme	O	O	O	O	O	O	_	_	_	_	_	_
M	O	O	O	O	O	O	_	_	_	_	_	_
.	O	O	O	O	O	O	_	_	_	_	_	_
Schumacher	O	O	O	O	O	O	_	_	EndOfLine	_	_	_
# segment_iiif_link = https://impresso-project.ch/api/proxy/iiif/LLE-1952-05-23-a-p0016/1959,1271,855,63/full/0/default.jpg
de	O	O	O	O	O	O	_	_	_	_	_	_
laisser	O	O	O	O	O	O	_	_	_	_	_	_
l	O	O	O	O	O	O	_	_	_	_	_	_
unite	O	O	O	O	O	O	_	_	_	_	_	_
allemande	O	O	O	O	O	O	_	_	_	_	_	_
dependre	O	O	O	O	O	O	_	_	_	_	_	_
de	O	O	O	O	O	O	_	_	_	_	_	_
mena	O	O	O	O	O	O	_	_	EndOfLine	_	_	_
# segment_iiif_link = https://impresso-project.ch/api/proxy/iiif/LLE-1952-05-23-a-p0016/1959,1310,860,63/full/0/default.jpg
ces	O	O	O	O	O	O	_	_	_	_	_	_
militaires	O	O	O	O	O	O	_	_	_	_	_	_
.	O	O	O	O	O	O	_	_	_	_	_	_
Quelque	O	O	O	O	O	O	_	_	_	_	_	_
effort	O	O	O	O	O	O	_	_	_	_	_	_
qu	O	O	O	O	O	O	_	_	_	_	_	_
on	O	O	O	O	O	O	_	_	_	_	_	_
fasse	O	O	O	O	O	O	_	_	_	_	_	_
,	O	O	O	O	O	O	_	_	_	_	_	_
l	O	O	O	O	O	O	_	_	EndOfLine	_	_	_
# segment_iiif_link = https://impresso-project.ch/api/proxy/iiif/LLE-1952-05-23-a-p0016/1959,1350,866,62/full/0/default.jpg
1	O	O	O	O	O	O	_	_	_	_	_	_
Ouest	O	O	O	O	O	O	_	_	_	_	_	_
,	O	O	O	O	O	O	_	_	_	_	_	_
pour	O	O	O	O	O	O	_	_	_	_	_	_
renforcer	O	O	O	O	O	O	_	_	_	_	_	_
la	O	O	O	O	O	O	_	_	_	_	_	_
puissance	O	O	O	O	O	O	_	_	_	_	_	_
militaire	O	O	O	O	O	O	_	_	EndOfLine	_	_	_
# segment_iiif_link = https://impresso-project.ch/api/proxy/iiif/LLE-1952-05-23-a-p0016/1960,1385,869,65/full/0/default.jpg
de	O	O	O	O	O	O	_	_	_	_	_	_
cet	O	O	O	O	O	O	_	_	_	_	_	_
hemisphere	O	O	O	O	O	O	_	_	_	_	_	_
,	O	O	O	O	O	O	_	_	_	_	_	_
il	O	O	O	O	O	O	_	_	_	_	_	_
sera	O	O	O	O	O	O	_	_	_	_	_	_
immediatemenl	O	O	O	O	O	O	_	_	EndOfLine	_	_	_
# segment_iiif_link = https://impresso-project.ch/api/proxy/iiif/LLE-1952-05-23-a-p0016/1960,1425,862,64/full/0/default.jpg
contre	O	O	O	O	O	O	_	_	NoSpaceAfter	_	_	_
-	O	O	O	O	O	O	_	_	NoSpaceAfter	_	_	_
balance	O	O	O	O	O	O	_	_	_	_	_	_
ä	O	O	O	O	O	O	_	_	_	_	_	_
lEst	O	O	O	O	O	O	_	_	_	_	_	_
.	O	O	O	O	O	O	_	_	_	_	_	_
Le	O	O	O	O	O	O	_	_	_	_	_	_
rearmement	O	O	O	O	O	O	_	_	_	_	_	_
d	O	O	O	O	O	O	_	_	_	_	_	_
<	O	O	O	O	O	O	_	_	EndOfLine	_	_	_
# segment_iiif_link = https://impresso-project.ch/api/proxy/iiif/LLE-1952-05-23-a-p0016/1962,1464,853,62/full/0/default.jpg
lAllemagne	O	O	O	O	O	O	_	_	_	_	_	_
occidentale	O	O	O	O	O	O	_	_	_	_	_	_
ne	O	O	O	O	O	O	_	_	_	_	_	_
changera	O	O	O	O	O	O	_	_	_	_	_	_
,	O	O	O	O	O	O	_	_	_	_	_	_
par	O	O	O	O	O	O	_	_	EndOfLine	_	_	_
# segment_iiif_link = https://impresso-project.ch/api/proxy/iiif/LLE-1952-05-23-a-p0016/1957,1503,853,62/full/0/default.jpg
consequent	O	O	O	O	O	O	_	_	_	_	_	_
,	O	O	O	O	O	O	_	_	_	_	_	_
rien	O	O	O	O	O	O	_	_	_	_	_	_
du	O	O	O	O	O	O	_	_	_	_	_	_
tout	O	O	O	O	O	O	_	_	_	_	_	_
,	O	O	O	O	O	O	_	_	_	_	_	_
parce	O	O	O	O	O	O	_	_	_	_	_	_
que	O	O	O	O	O	O	_	_	_	_	_	_
,	O	O	O	O	O	O	_	_	_	_	_	_
plus	O	O	O	O	O	O	_	_	_	_	_	_
de	O	O	O	O	O	O	_	_	EndOfLine	_	_	_
# segment_iiif_link = https://impresso-project.ch/api/proxy/iiif/LLE-1952-05-23-a-p0016/1962,1541,862,64/full/0/default.jpg
divisions	O	O	O	O	O	O	_	_	_	_	_	_
seront	O	O	O	O	O	O	_	_	_	_	_	_
formees	O	O	O	O	O	O	_	_	_	_	_	_
ä	O	O	O	O	O	O	_	_	_	_	_	_
lOuest	O	O	O	O	O	O	_	_	_	_	_	_
,	O	O	O	O	O	O	_	_	_	_	_	_
plus	O	O	O	O	O	O	_	_	_	_	_	_
il	O	O	O	O	O	O	_	_	_	_	_	_
y	O	O	O	O	O	O	_	_	_	_	_	_
en	O	O	O	O	O	O	_	_	_	_	_	_
aun	O	O	O	O	O	O	_	_	EndOfLine	_	_	_
# segment_iiif_link = https://impresso-project.ch/api/proxy/iiif/LLE-1952-05-23-a-p0016/1962,1580,862,62/full/0/default.jpg
de	O	O	O	O	O	O	_	_	_	_	_	_
lautre	O	O	O	O	O	O	_	_	_	_	_	_
cöte	O	O	O	O	O	O	_	_	_	_	_	_
,	O	O	O	O	O	O	_	_	_	_	_	_
ce	O	O	O	O	O	O	_	_	_	_	_	_
qui	O	O	O	O	O	O	_	_	_	_	_	_
maintiendra	O	O	O	O	O	O	_	_	_	_	_	_
la	O	O	O	O	O	O	_	_	_	_	_	_
superiorite	O	O	O	O	O	O	_	_	EndOfLine	_	_	_
# segment_iiif_link = https://impresso-project.ch/api/proxy/iiif/LLE-1952-05-23-a-p0016/1962,1617,435,63/full/0/default.jpg
de	O	O	O	O	O	O	_	_	_	_	_	_
lEst	O	O	O	O	O	O	_	_	_	_	_	_
en	O	O	O	O	O	O	_	_	_	_	_	_
armements	O	O	O	O	O	O	_	_	_	_	_	_
.	O	O	O	O	O	O	_	_	EndOfLine	_	_	_
# segment_iiif_link = https://impresso-project.ch/api/proxy/iiif/LLE-1952-05-23-a-p0016/1999,1656,813,63/full/0/default.jpg
«	O	O	O	O	O	O	_	_	_	_	_	_
Le	O	O	O	O	O	O	_	_	_	_	_	_
traite	O	O	O	O	O	O	_	_	_	_	_	_
de	O	O	O	O	O	O	_	_	_	_	_	_
Bonn	O	O	O	O	O	O	_	_	_	_	_	_
mene	O	O	O	O	O	O	_	_	_	_	_	_
le	O	O	O	O	O	O	_	_	_	_	_	_
probieme	O	O	O	O	O	O	_	_	EndOfLine	_	_	_
# segment_iiif_link = https://impresso-project.ch/api/proxy/iiif/LLE-1952-05-23-a-p0016/1962,1694,867,64/full/0/default.jpg
allemand	O	O	O	O	O	O	_	_	_	_	_	_
dans	O	O	O	O	O	O	_	_	_	_	_	_
une	O	O	O	O	O	O	_	_	_	_	_	_
impasse	O	O	O	O	O	O	_	_	_	_	_	_
,	O	O	O	O	O	O	_	_	_	_	_	_
dont	O	O	O	O	O	O	_	_	_	_	_	_
il	O	O	O	O	O	O	_	_	_	_	_	_
ne	O	O	O	O	O	O	_	_	_	_	_	_
pourrai	O	O	O	O	O	O	_	_	EndOfLine	_	_	_
# segment_iiif_link = https://impresso-project.ch/api/proxy/iiif/LLE-1952-05-23-a-p0016/1962,1733,867,63/full/0/default.jpg
etre	O	O	O	O	O	O	_	_	_	_	_	_
sorti	O	O	O	O	O	O	_	_	_	_	_	_
que	O	O	O	O	O	O	_	_	_	_	_	_
si	O	O	O	O	O	O	_	_	_	_	_	_
les	O	O	O	O	O	O	_	_	_	_	_	_
Amerieains	O	O	O	O	O	O	_	_	_	_	_	_
et	O	O	O	O	O	O	_	_	_	_	_	_
les	O	O	O	O	O	O	_	_	_	_	_	_
Russe	O	O	O	O	O	O	_	_	_	_	_	_
!	O	O	O	O	O	O	_	_	EndOfLine	_	_	_
# segment_iiif_link = https://impresso-project.ch/api/proxy/iiif/LLE-1952-05-23-a-p0016/1960,1771,440,64/full/0/default.jpg
se	O	O	O	O	O	O	_	_	_	_	_	_
mettent	O	O	O	O	O	O	_	_	_	_	_	_
ä	O	O	O	O	O	O	_	_	_	_	_	_
discuter	O	O	O	O	O	O	_	_	_	_	_	_
.	O	O	O	O	O	O	_	_	_	_	_	_
_	O	O	O	O	O	O	_	_	_	_	_	_
>	O	O	O	O	O	O	_	_	EndOfLine	_	_	_
# segment_iiif_link = https://impresso-project.ch/api/proxy/iiif/LLE-1952-05-23-a-p0016/1997,1810,832,62/full/0/default.jpg
M	O	O	O	O	O	O	_	_	_	_	_	_
.	O	O	O	O	O	O	_	_	_	_	_	_
Schumacher	O	O	O	O	O	O	_	_	_	_	_	_
a	O	O	O	O	O	O	_	_	_	_	_	_
assure	O	O	O	O	O	O	_	_	_	_	_	_
que	O	O	O	O	O	O	_	_	_	_	_	_
les	O	O	O	O	O	O	_	_	_	_	_	_
socialiste	O	O	O	O	O	O	_	_	_	_	_	_
!	O	O	O	O	O	O	_	_	EndOfLine	_	_	_
# segment_iiif_link = https://impresso-project.ch/api/proxy/iiif/LLE-1952-05-23-a-p0016/1962,1847,862,63/full/0/default.jpg
reitereront	O	O	O	O	O	O	_	_	_	_	_	_
,	O	O	O	O	O	O	_	_	_	_	_	_
au	O	O	O	O	O	O	_	_	_	_	_	_
Bundestag	O	O	O	O	O	O	_	_	_	_	_	_
,	O	O	O	O	O	O	_	_	_	_	_	_
leur	O	O	O	O	O	O	_	_	_	_	_	_
demande	O	O	O	O	O	O	_	_	_	_	_	_
de	O	O	O	O	O	O	_	_	EndOfLine	_	_	_
# segment_iiif_link = https://impresso-project.ch/api/proxy/iiif/LLE-1952-05-23-a-p0016/1962,1887,862,62/full/0/default.jpg
reunion	O	O	O	O	O	O	_	_	_	_	_	_
des	O	O	O	O	O	O	_	_	_	_	_	_
Quatre	O	O	O	O	O	O	_	_	_	_	_	_
Grands	O	O	O	O	O	O	_	_	_	_	_	_
,	O	O	O	O	O	O	_	_	_	_	_	_
en	O	O	O	O	O	O	_	_	_	_	_	_
vue	O	O	O	O	O	O	_	_	_	_	_	_
de	O	O	O	O	O	O	_	_	_	_	_	_
reglei	O	O	O	O	O	O	_	_	EndOfLine	_	_	_
# segment_iiif_link = https://impresso-project.ch/api/proxy/iiif/LLE-1952-05-23-a-p0016/1962,1924,852,64/full/0/default.jpg
la	O	O	O	O	O	O	_	_	_	_	_	_
question	O	O	O	O	O	O	_	_	_	_	_	_
allemande	O	O	O	O	O	O	_	_	_	_	_	_
,	O	O	O	O	O	O	_	_	_	_	_	_
et	O	O	O	O	O	O	_	_	_	_	_	_
de	O	O	O	O	O	O	_	_	_	_	_	_
concession	O	O	O	O	O	O	_	_	_	_	_	_
ä	O	O	O	O	O	O	_	_	EndOfLine	_	_	_
# segment_iiif_link = https://impresso-project.ch/api/proxy/iiif/LLE-1952-05-23-a-p0016/1962,1963,863,63/full/0/default.jpg
lAllemagne	O	O	O	O	O	O	_	_	_	_	_	_
dune	O	O	O	O	O	O	_	_	_	_	_	_
egalite	O	O	O	O	O	O	_	_	_	_	_	_
,	O	O	O	O	O	O	_	_	_	_	_	_
.	O	O	O	O	O	O	_	_	_	_	_	_
liberte	O	O	O	O	O	O	_	_	_	_	_	_
et	O	O	O	O	O	O	_	_	_	_	_	_
souverainete	O	O	O	O	O	O	_	_	EndOfLine	_	_	_
# segment_iiif_link = https://impresso-project.ch/api/proxy/iiif/LLE-1952-05-23-a-p0016/1962,2001,185,64/full/0/default.jpg
completes	O	O	O	O	O	O	_	_	_	_	_	_
.	O	O	O	O	O	O	_	_	EndOfLine	_	_	_
# segment_iiif_link = https://impresso-project.ch/api/proxy/iiif/LLE-1952-05-23-a-p0016/2539,2040,90,64/full/0/default.jpg
Bonn	O	O	O	O	O	O	_	_	EndOfLine	_	_	_
# segment_iiif_link = https://impresso-project.ch/api/proxy/iiif/LLE-1952-05-23-a-p0016/2632,2048,168,63/full/0/default.jpg
,	O	O	O	O	O	O	_	_	_	_	_	_
23	O	O	O	O	O	O	_	_	_	_	_	_
mai	O	O	O	O	O	O	_	_	_	_	_	_
.	O	O	O	O	O	O	_	_	EndOfLine	_	_	_
# segment_iiif_link = https://impresso-project.ch/api/proxy/iiif/LLE-1952-05-23-a-p0016/2002,2078,822,62/full/0/default.jpg
(	O	O	O	O	O	O	_	_	_	_	_	_
United	B-org	O	B-org.ent.pressagency.UP-UPI	O	O	O	Q493845	_	_	_	LED0.00	_
Press	O	O	O	O	O	O	Q493845	_	_	_	LED0.00	_
.	O	O	O	O	O	O	_	_	_	_	_	_
)	O	O	O	O	O	O	_	_	_	_	_	_
—	O	O	O	O	O	O	_	_	_	_	_	_
Le	O	O	O	O	O	O	_	_	_	_	_	_
chancelier	O	O	O	O	O	O	_	_	_	_	_	_
Adenauer	O	O	O	O	O	O	_	_	EndOfLine	_	_	_
# segment_iiif_link = https://impresso-project.ch/api/proxy/iiif/LLE-1952-05-23-a-p0016/1962,2117,857,62/full/0/default.jpg
interroge	O	O	O	O	O	O	_	_	_	_	_	_
sur	O	O	O	O	O	O	_	_	_	_	_	_
1	O	O	O	O	O	O	_	_	_	_	_	_
affirmation	O	O	O	O	O	O	_	_	_	_	_	_
de	O	O	O	O	O	O	_	_	_	_	_	_
M	O	O	O	O	O	O	_	_	_	_	_	_
.	O	O	O	O	O	O	_	_	_	_	_	_
Schumacher	O	O	O	O	O	O	_	_	EndOfLine	_	_	_
# segment_iiif_link = https://impresso-project.ch/api/proxy/iiif/LLE-1952-05-23-a-p0016/1962,2154,860,64/full/0/default.jpg
que	O	O	O	O	O	O	_	_	_	_	_	_
tout	O	O	O	O	O	O	_	_	_	_	_	_
Allemand	O	O	O	O	O	O	_	_	_	_	_	_
qui	O	O	O	O	O	O	_	_	_	_	_	_
se	O	O	O	O	O	O	_	_	_	_	_	_
declare	O	O	O	O	O	O	_	_	_	_	_	_
en	O	O	O	O	O	O	_	_	_	_	_	_
faveur	O	O	O	O	O	O	_	_	_	_	_	_
di	O	O	O	O	O	O	_	_	EndOfLine	_	_	_
# segment_iiif_link = https://impresso-project.ch/api/proxy/iiif/LLE-1952-05-23-a-p0016/1962,2193,838,65/full/0/default.jpg
traite	O	O	O	O	O	O	_	_	_	_	_	_
de	O	O	O	O	O	O	_	_	_	_	_	_
Bonn	O	O	O	O	O	O	_	_	_	_	_	_
cesse	O	O	O	O	O	O	_	_	_	_	_	_
d	O	O	O	O	O	O	_	_	_	_	_	_
etre	O	O	O	O	O	O	_	_	_	_	_	_
un	O	O	O	O	O	O	_	_	_	_	_	_
Allemand	O	O	O	O	O	O	_	_	_	_	_	_
,	O	O	O	O	O	O	_	_	_	_	_	_
a	O	O	O	O	O	O	_	_	_	_	_	_
dit	O	O	O	O	O	O	_	_	EndOfLine	_	_	_
# segment_iiif_link = https://impresso-project.ch/api/proxy/iiif/LLE-1952-05-23-a-p0016/1964,2233,858,64/full/0/default.jpg
«	O	O	O	O	O	O	_	_	_	_	_	_
II	O	O	O	O	O	O	_	_	_	_	_	_
est	O	O	O	O	O	O	_	_	_	_	_	_
regrettable	O	O	O	O	O	O	_	_	_	_	_	_
que	O	O	O	O	O	O	_	_	_	_	_	_
le	O	O	O	O	O	O	_	_	_	_	_	_
chef	O	O	O	O	O	O	_	_	_	_	_	_
de	O	O	O	O	O	O	_	_	_	_	_	_
l	O	O	O	O	O	O	_	_	_	_	_	_
oppositior	O	O	O	O	O	O	_	_	EndOfLine	_	_	_
# segment_iiif_link = https://impresso-project.ch/api/proxy/iiif/LLE-1952-05-23-a-p0016/1962,2272,860,62/full/0/default.jpg
emploie	O	O	O	O	O	O	_	_	_	_	_	_
les	O	O	O	O	O	O	_	_	_	_	_	_
memes	O	O	O	O	O	O	_	_	_	_	_	_
arguments	O	O	O	O	O	O	_	_	_	_	_	_
et	O	O	O	O	O	O	_	_	_	_	_	_
le	O	O	O	O	O	O	_	_	_	_	_	_
meme	O	O	O	O	O	O	_	_	_	_	_	_
tor	O	O	O	O	O	O	_	_	EndOfLine	_	_	_
# segment_iiif_link = https://impresso-project.ch/api/proxy/iiif/LLE-1952-05-23-a-p0016/1962,2309,630,64/full/0/default.jpg
que	O	O	O	O	O	O	_	_	_	_	_	_
MM	O	O	O	O	O	O	_	_	_	_	_	_
.	O	O	O	O	O	O	_	_	_	_	_	_
Ulbricht	O	O	O	O	O	O	_	_	_	_	_	_
et	O	O	O	O	O	O	_	_	_	_	_	_
Grotewohl	O	O	O	O	O	O	_	_	_	_	_	_
.	O	O	O	O	O	O	_	_	_	_	_	_
»	O	O	O	O	O	O	_	_	EndOfLine	_	_	_
# segment_iiif_link = https://impresso-project.ch/api/proxy/iiif/LLE-1952-05-23-a-p0016/2160,2370,480,77/full/0/default.jpg
Le	O	O	O	O	O	O	_	_	_	_	_	_
Senat	O	O	O	O	O	O	_	_	_	_	_	_
de	O	O	O	O	O	O	_	_	_	_	_	_
Breme	O	O	O	O	O	O	_	_	EndOfLine	_	_	_
# segment_iiif_link = https://impresso-project.ch/api/proxy/iiif/LLE-1952-05-23-a-p0016/2054,2407,690,77/full/0/default.jpg
contre	O	O	O	O	O	O	_	_	_	_	_	_
le	O	O	O	O	O	O	_	_	_	_	_	_
traite	O	O	O	O	O	O	_	_	_	_	_	_
germano	O	O	O	O	O	O	_	_	NoSpaceAfter	_	_	_
-	O	O	O	O	O	O	_	_	NoSpaceAfter	_	_	_
alli	O	O	O	O	O	O	_	_	_	_	_	_
£	O	O	O	O	O	O	_	_	EndOfLine	_	_	_
# segment_iiif_link = https://impresso-project.ch/api/proxy/iiif/LLE-1952-05-23-a-p0016/2527,2463,277,62/full/0/default.jpg
Breme	O	O	O	O	O	O	_	_	_	_	_	_
,	O	O	O	O	O	O	_	_	_	_	_	_
23	O	O	O	O	O	O	_	_	_	_	_	_
mai	O	O	O	O	O	O	_	_	_	_	_	_
.	O	O	O	O	O	O	_	_	EndOfLine	EndOfSentence	_	_
# segment_iiif_link = https://impresso-project.ch/api/proxy/iiif/LLE-1952-05-23-a-p0016/2000,2497,817,64/full/0/default.jpg
(	O	O	O	O	O	O	_	_	_	_	_	_
DPA	B-org	O	B-org.ent.pressagency.DNB	O	O	O	Q312653	_	_	_	LED0.00	_
.	O	O	O	O	O	O	_	_	_	_	_	_
)	O	O	O	O	O	O	_	_	_	_	_	_
—	O	O	O	O	O	O	_	_	_	_	_	_
Le	O	O	O	O	O	O	_	_	_	_	_	_
Senat	O	O	O	O	O	O	_	_	_	_	_	_
de	O	O	O	O	O	O	_	_	_	_	_	_
Breme	O	O	O	O	O	O	_	_	_	_	_	_
a	O	O	O	O	O	O	_	_	_	_	_	_
adopte	O	O	O	O	O	O	_	_	_	_	_	_
,	O	O	O	O	O	O	_	_	EndOfLine	_	_	_
# segment_iiif_link = https://impresso-project.ch/api/proxy/iiif/LLE-1952-05-23-a-p0016/1960,2538,867,62/full/0/default.jpg
mercredi	O	O	O	O	O	O	_	_	_	_	_	_
soir	O	O	O	O	O	O	_	_	_	_	_	_
,	O	O	O	O	O	O	_	_	_	_	_	_
une	O	O	O	O	O	O	_	_	_	_	_	_
motion	O	O	O	O	O	O	_	_	_	_	_	_
communiste	O	O	O	O	O	O	_	_	_	_	_	_
Protestant	O	O	O	O	O	O	_	_	EndOfLine	_	_	_
# segment_iiif_link = https://impresso-project.ch/api/proxy/iiif/LLE-1952-05-23-a-p0016/1962,2579,867,62/full/0/default.jpg
contre	O	O	O	O	O	O	_	_	_	_	_	_
la	O	O	O	O	O	O	_	_	_	_	_	_
signature	O	O	O	O	O	O	_	_	_	_	_	_
des	O	O	O	O	O	O	_	_	_	_	_	_
aecords	O	O	O	O	O	O	_	_	_	_	_	_
contractuels	O	O	O	O	O	O	_	_	_	_	_	_
pai	O	O	O	O	O	O	_	_	EndOfLine	_	_	_
# segment_iiif_link = https://impresso-project.ch/api/proxy/iiif/LLE-1952-05-23-a-p0016/1959,2615,438,64/full/0/default.jpg
le	O	O	O	O	O	O	_	_	_	_	_	_
chancelier	O	O	O	O	O	O	_	_	_	_	_	_
Adenauer	O	O	O	O	O	O	_	_	_	_	_	_
.	O	O	O	O	O	O	_	_	EndOfLine	EndOfSentence	_	_
# segment_iiif_link = https://impresso-project.ch/api/proxy/iiif/LLE-1952-05-23-a-p0016/1997,2654,822,64/full/0/default.jpg
Ont	O	O	O	O	O	O	_	_	_	_	_	_
vote	O	O	O	O	O	O	_	_	_	_	_	_
pour	O	O	O	O	O	O	_	_	_	_	_	_
:	O	O	O	O	O	O	_	_	_	_	_	_
56	O	O	O	O	O	O	_	_	_	_	_	_
deputes	O	O	O	O	O	O	_	_	_	_	_	_
communistes	O	O	O	O	O	O	_	_	_	_	_	_
,	O	O	O	O	O	O	_	_	EndOfLine	_	_	_
# segment_iiif_link = https://impresso-project.ch/api/proxy/iiif/LLE-1952-05-23-a-p0016/1962,2691,853,63/full/0/default.jpg
socialistes	O	O	O	O	O	O	_	_	_	_	_	_
,	O	O	O	O	O	O	_	_	_	_	_	_
du	O	O	O	O	O	O	_	_	_	_	_	_
parti	O	O	O	O	O	O	_	_	_	_	_	_
du	O	O	O	O	O	O	_	_	_	_	_	_
Reich	O	O	O	O	O	O	_	_	_	_	_	_
et	O	O	O	O	O	O	_	_	_	_	_	_
du	O	O	O	O	O	O	_	_	_	_	_	_
Bloc	O	O	O	O	O	O	_	_	_	_	_	_
des	O	O	O	O	O	O	_	_	_	_	_	_
expul	O	O	O	O	O	O	_	_	EndOfLine	_	_	_
# segment_iiif_link = https://impresso-project.ch/api/proxy/iiif/LLE-1952-05-23-a-p0016/1959,2731,866,64/full/0/default.jpg
ses	O	O	O	O	O	O	_	_	_	_	_	_
et	O	O	O	O	O	O	_	_	_	_	_	_
depossedes	O	O	O	O	O	O	_	_	_	_	_	_
.	O	O	O	O	O	O	_	_	_	EndOfSentence	_	_
Ont	O	O	O	O	O	O	_	_	_	_	_	_
vote	O	O	O	O	O	O	_	_	_	_	_	_
contre	O	O	O	O	O	O	_	_	_	_	_	_
:	O	O	O	O	O	O	_	_	_	_	_	_
22	O	O	O	O	O	O	_	_	_	_	_	_
depute	O	O	O	O	O	O	_	_	_	_	_	_
,	O	O	O	O	O	O	_	_	EndOfLine	_	_	_
# segment_iiif_link = https://impresso-project.ch/api/proxy/iiif/LLE-1952-05-23-a-p0016/1967,2770,853,62/full/0/default.jpg
die	O	O	O	O	O	O	_	_	_	_	_	_
lUnion	O	O	O	O	O	O	_	_	_	_	_	_
chretienne	O	O	O	O	O	O	_	_	NoSpaceAfter	_	_	_
-	O	O	O	O	O	O	_	_	NoSpaceAfter	_	_	_
demoeratique	O	O	O	O	O	O	_	_	_	_	_	_
,	O	O	O	O	O	O	_	_	_	_	_	_
du	O	O	O	O	O	O	_	_	_	_	_	_
part	O	O	O	O	O	O	_	_	EndOfLine	_	_	_
# segment_iiif_link = https://impresso-project.ch/api/proxy/iiif/LLE-1952-05-23-a-p0016/1962,2806,857,64/full/0/default.jpg
demoeratique	O	O	O	O	O	O	_	_	_	_	_	_
et	O	O	O	O	O	O	_	_	_	_	_	_
du	O	O	O	O	O	O	_	_	_	_	_	_
parti	O	O	O	O	O	O	_	_	_	_	_	_
allemand	O	O	O	O	O	O	_	_	_	_	_	_
.	O	O	O	O	O	O	_	_	_	EndOfSentence	_	_
Deux	O	O	O	O	O	O	_	_	_	_	_	_
depu	O	O	O	O	O	O	_	_	EndOfLine	_	_	_
# segment_iiif_link = https://impresso-project.ch/api/proxy/iiif/LLE-1952-05-23-a-p0016/1962,2843,857,64/full/0/default.jpg
tes	O	O	O	O	O	O	_	_	_	_	_	_
se	O	O	O	O	O	O	_	_	_	_	_	_
sont	O	O	O	O	O	O	_	_	_	_	_	_
abstenus	O	O	O	O	O	O	_	_	_	_	_	_
et	O	O	O	O	O	O	_	_	_	_	_	_
20	O	O	O	O	O	O	_	_	_	_	_	_
n	O	O	O	O	O	O	_	_	_	_	_	_
ont	O	O	O	O	O	O	_	_	_	_	_	_
point	O	O	O	O	O	O	_	_	_	_	_	_
pris	O	O	O	O	O	O	_	_	_	_	_	_
par	O	O	O	O	O	O	_	_	EndOfLine	_	_	_
# segment_iiif_link = https://impresso-project.ch/api/proxy/iiif/LLE-1952-05-23-a-p0016/1962,2881,143,62/full/0/default.jpg
au	O	O	O	O	O	O	_	_	_	_	_	_
vote	O	O	O	O	O	O	_	_	_	_	_	_
.	O	O	O	O	O	O	_	_	EndOfLine	EndOfSentence	_	_
# segment_iiif_link = https://impresso-project.ch/api/proxy/iiif/LLE-1952-05-23-a-p0016/1997,2922,827,62/full/0/default.jpg
Au	O	O	O	O	O	O	_	_	_	_	_	_
cours	O	O	O	O	O	O	_	_	_	_	_	_
des	O	O	O	O	O	O	_	_	_	_	_	_
debats	O	O	O	O	O	O	_	_	_	_	_	_
qui	O	O	O	O	O	O	_	_	_	_	_	_
ont	O	O	O	O	O	O	_	_	_	_	_	_
precede	O	O	O	O	O	O	_	_	_	_	_	_
ce	O	O	O	O	O	O	_	_	_	_	_	_
vote	O	O	O	O	O	O	_	_	EndOfLine	_	_	_
# segment_iiif_link = https://impresso-project.ch/api/proxy/iiif/LLE-1952-05-23-a-p0016/1962,2959,862,63/full/0/default.jpg
un	O	O	O	O	O	O	_	_	_	_	_	_
orateur	O	O	O	O	O	O	_	_	_	_	_	_
social	O	O	O	O	O	O	_	_	NoSpaceAfter	_	_	_
-	O	O	O	O	O	O	_	_	NoSpaceAfter	_	_	_
democrate	O	O	O	O	O	O	_	_	_	_	_	_
a	O	O	O	O	O	O	_	_	_	_	_	_
exprime	O	O	O	O	O	O	_	_	_	_	_	_
lavis	O	O	O	O	O	O	_	_	_	_	_	_
qui	O	O	O	O	O	O	_	_	EndOfLine	_	_	_
# segment_iiif_link = https://impresso-project.ch/api/proxy/iiif/LLE-1952-05-23-a-p0016/1962,2998,863,63/full/0/default.jpg
la	O	O	O	O	O	O	_	_	_	_	_	_
reunification	O	O	O	O	O	O	_	_	_	_	_	_
de	O	O	O	O	O	O	_	_	_	_	_	_
lAllemagne	O	O	O	O	O	O	_	_	_	_	_	_
serait	O	O	O	O	O	O	_	_	_	_	_	_
mise	O	O	O	O	O	O	_	_	_	_	_	_
ei	O	O	O	O	O	O	_	_	EndOfLine	_	_	_
# segment_iiif_link = https://impresso-project.ch/api/proxy/iiif/LLE-1952-05-23-a-p0016/1962,3036,863,62/full/0/default.jpg
peril	O	O	O	O	O	O	_	_	_	_	_	_
par	O	O	O	O	O	O	_	_	_	_	_	_
la	O	O	O	O	O	O	_	_	_	_	_	_
signature	O	O	O	O	O	O	_	_	_	_	_	_
des	O	O	O	O	O	O	_	_	_	_	_	_
aecords	O	O	O	O	O	O	_	_	_	_	_	_
contractuels	O	O	O	O	O	O	_	_	EndOfLine	_	_	_
# segment_iiif_link = https://impresso-project.ch/api/proxy/iiif/LLE-1952-05-23-a-p0016/1992,3096,818,76/full/0/default.jpg
Appel	O	O	O	O	O	O	_	_	_	_	_	_
oriental	O	O	O	O	O	O	_	_	_	_	_	_
au	O	O	O	O	O	O	_	_	_	_	_	_
peuple	O	O	O	O	O	O	_	_	_	_	_	_
allemand	O	O	O	O	O	O	_	_	EndOfLine	_	_	_
# segment_iiif_link = https://impresso-project.ch/api/proxy/iiif/LLE-1952-05-23-a-p0016/2527,3150,277,64/full/0/default.jpg
Berlin	O	O	O	O	O	O	_	_	_	_	_	_
,	O	O	O	O	O	O	_	_	_	_	_	_
23	O	O	O	O	O	O	_	_	_	_	_	_
mai	O	O	O	O	O	O	_	_	_	_	_	_
.	O	O	O	O	O	O	_	_	EndOfLine	EndOfSentence	_	_
# segment_iiif_link = https://impresso-project.ch/api/proxy/iiif/LLE-1952-05-23-a-p0016/2002,3184,815,64/full/0/default.jpg
(	O	O	O	O	O	O	_	_	_	_	_	_
AFP	B-org	O	B-org.ent.pressagency.AFP	O	O	O	Q40464	_	_	_	LED0.00	_
.	O	O	O	O	O	O	_	_	_	_	_	_
)	O	O	O	O	O	O	_	_	_	_	_	_
—	O	O	O	O	O	O	_	_	_	_	_	_
Le	O	O	O	O	O	O	_	_	_	_	_	_
Conseil	O	O	O	O	O	O	_	_	_	_	_	_
national	O	O	O	O	O	O	_	_	_	_	_	_
du	O	O	O	O	O	O	_	_	_	_	_	_
Front	O	O	O	O	O	O	_	_	EndOfLine	_	_	_
# segment_iiif_link = https://impresso-project.ch/api/proxy/iiif/LLE-1952-05-23-a-p0016/1960,3227,857,62/full/0/default.jpg
national	O	O	O	O	O	O	_	_	_	_	_	_
de	O	O	O	O	O	O	_	_	_	_	_	_
lAllemagne	O	O	O	O	O	O	_	_	_	_	_	_
demoeratique	O	O	O	O	O	O	_	_	_	_	_	_
s	O	O	O	O	O	O	_	_	_	_	_	_
est	O	O	O	O	O	O	_	_	_	_	_	_
reuni	O	O	O	O	O	O	_	_	EndOfLine	_	_	_
# segment_iiif_link = https://impresso-project.ch/api/proxy/iiif/LLE-1952-05-23-a-p0016/1962,3264,863,64/full/0/default.jpg
mercredi	O	O	O	O	O	O	_	_	_	_	_	_
,	O	O	O	O	O	O	_	_	_	_	_	_
en	O	O	O	O	O	O	_	_	_	_	_	_
seance	O	O	O	O	O	O	_	_	_	_	_	_
extraordinaire	O	O	O	O	O	O	_	_	_	_	_	_
,	O	O	O	O	O	O	_	_	_	_	_	_
ä	O	O	O	O	O	O	_	_	_	_	_	_
Berlin	O	O	O	O	O	O	_	_	NoSpaceAfter	_	_	_
-	O	O	O	O	O	O	_	_	NoSpaceAfter	_	_	_
Est	O	O	O	O	O	O	_	_	EndOfLine	_	_	_
# segment_iiif_link = https://impresso-project.ch/api/proxy/iiif/LLE-1952-05-23-a-p0016/1962,3303,867,65/full/0/default.jpg
en	O	O	O	O	O	O	_	_	_	_	_	_
presence	O	O	O	O	O	O	_	_	_	_	_	_
de	O	O	O	O	O	O	_	_	_	_	_	_
M	O	O	O	O	O	O	_	_	_	_	_	_
.	O	O	O	O	O	O	_	_	_	EndOfSentence	_	_
Otto	O	O	O	O	O	O	_	_	_	_	_	_
Grotewohl	O	O	O	O	O	O	_	_	_	_	_	_
,	O	O	O	O	O	O	_	_	_	_	_	_
president	O	O	O	O	O	O	_	_	_	_	_	_
di	O	O	O	O	O	O	_	_	EndOfLine	_	_	_
# segment_iiif_link = https://impresso-project.ch/api/proxy/iiif/LLE-1952-05-23-a-p0016/1962,3343,865,62/full/0/default.jpg
Conseil	O	O	O	O	O	O	_	_	_	_	_	_
de	O	O	O	O	O	O	_	_	_	_	_	_
lAllemagne	O	O	O	O	O	O	_	_	_	_	_	_
Orientale	O	O	O	O	O	O	_	_	_	_	_	_
,	O	O	O	O	O	O	_	_	_	_	_	_
et	O	O	O	O	O	O	_	_	_	_	_	_
de	O	O	O	O	O	O	_	_	_	_	_	_
M	O	O	O	O	O	O	_	_	_	_	_	_
.	O	O	O	O	O	O	_	_	_	EndOfSentence	_	_
J	O	O	O	O	O	O	_	_	EndOfLine	_	_	_
# segment_iiif_link = https://impresso-project.ch/api/proxy/iiif/LLE-1952-05-23-a-p0016/1960,3380,869,63/full/0/default.jpg
Dieckmann	O	O	O	O	O	O	_	_	_	_	_	_
,	O	O	O	O	O	O	_	_	_	_	_	_
president	O	O	O	O	O	O	_	_	_	_	_	_
de	O	O	O	O	O	O	_	_	_	_	_	_
la	O	O	O	O	O	O	_	_	_	_	_	_
Chambre	O	O	O	O	O	O	_	_	_	_	_	_
du	O	O	O	O	O	O	_	_	_	_	_	_
peuple	O	O	O	O	O	O	_	_	EndOfLine	_	_	_
# segment_iiif_link = https://impresso-project.ch/api/proxy/iiif/LLE-1952-05-23-a-p0016/1997,3419,832,63/full/0/default.jpg
A	O	O	O	O	O	O	_	_	_	_	_	_
lissue	O	O	O	O	O	O	_	_	_	_	_	_
de	O	O	O	O	O	O	_	_	_	_	_	_
cette	O	O	O	O	O	O	_	_	_	_	_	_
seance	O	O	O	O	O	O	_	_	_	_	_	_
,	O	O	O	O	O	O	_	_	_	_	_	_
le	O	O	O	O	O	O	_	_	_	_	_	_
Conseil	O	O	O	O	O	O	_	_	_	_	_	_
a	O	O	O	O	O	O	_	_	_	_	_	_
publie	O	O	O	O	O	O	_	_	EndOfLine	_	_	_
# segment_iiif_link = https://impresso-project.ch/api/proxy/iiif/LLE-1952-05-23-a-p0016/1962,3457,870,62/full/0/default.jpg
un	O	O	O	O	O	O	_	_	_	_	_	_
«	O	O	O	O	O	O	_	_	_	_	_	_
appel	O	O	O	O	O	O	_	_	_	_	_	_
au	O	O	O	O	O	O	_	_	_	_	_	_
peuple	O	O	O	O	O	O	_	_	_	_	_	_
allemand	O	O	O	O	O	O	_	_	_	_	_	_
»	O	O	O	O	O	O	_	_	_	_	_	_
,	O	O	O	O	O	O	_	_	_	_	_	_
aecusant	O	O	O	O	O	O	_	_	_	_	_	_
1	O	O	O	O	O	O	_	_	_	_	_	_
<	O	O	O	O	O	O	_	_	EndOfLine	_	_	_
# segment_iiif_link = https://impresso-project.ch/api/proxy/iiif/LLE-1952-05-23-a-p0016/1960,3496,870,63/full/0/default.jpg
chancelier	O	O	O	O	O	O	_	_	_	_	_	_
Adenauer	O	O	O	O	O	O	_	_	_	_	_	_
de	O	O	O	O	O	O	_	_	_	_	_	_
vouloir	O	O	O	O	O	O	_	_	_	_	_	_
ä	O	O	O	O	O	O	_	_	_	_	_	_
tout	O	O	O	O	O	O	_	_	_	_	_	_
prix	O	O	O	O	O	O	_	_	_	_	_	_
signei	O	O	O	O	O	O	_	_	EndOfLine	_	_	_
# segment_iiif_link = https://impresso-project.ch/api/proxy/iiif/LLE-1952-05-23-a-p0016/1960,3534,857,62/full/0/default.jpg
le	O	O	O	O	O	O	_	_	_	_	_	_
traite	O	O	O	O	O	O	_	_	_	_	_	_
general	O	O	O	O	O	O	_	_	_	_	_	_
et	O	O	O	O	O	O	_	_	_	_	_	_
«	O	O	O	O	O	O	_	_	_	_	_	_
d	O	O	O	O	O	O	_	_	_	_	_	_
engager	O	O	O	O	O	O	_	_	_	_	_	_
ä	O	O	O	O	O	O	_	_	_	_	_	_
nouveau	O	O	O	O	O	O	_	_	EndOfLine	_	_	_
# segment_iiif_link = https://impresso-project.ch/api/proxy/iiif/LLE-1952-05-23-a-p0016/1960,3571,869,63/full/0/default.jpg
lAllemagne	O	O	O	O	O	O	_	_	_	_	_	_
sur	O	O	O	O	O	O	_	_	_	_	_	_
la	O	O	O	O	O	O	_	_	_	_	_	_
voie	O	O	O	O	O	O	_	_	_	_	_	_
de	O	O	O	O	O	O	_	_	_	_	_	_
l	O	O	O	O	O	O	_	_	_	_	_	_
aventure	O	O	O	O	O	O	_	_	_	_	_	_
et	O	O	O	O	O	O	_	_	_	_	_	_
de	O	O	O	O	O	O	_	_	_	_	_	_
la	O	O	O	O	O	O	_	_	_	_	_	_
guerre	O	O	O	O	O	O	_	_	_	_	_	_
»	O	O	O	O	O	O	_	_	EndOfLine	_	_	_
# segment_iiif_link = https://impresso-project.ch/api/proxy/iiif/LLE-1952-05-23-a-p0016/1959,3610,856,63/full/0/default.jpg
Le	O	O	O	O	O	O	_	_	_	_	_	_
Front	O	O	O	O	O	O	_	_	_	_	_	_
national	O	O	O	O	O	O	_	_	_	_	_	_
soutiendra	O	O	O	O	O	O	_	_	_	_	_	_
toutes	O	O	O	O	O	O	_	_	_	_	_	_
les	O	O	O	O	O	O	_	_	EndOfLine	_	_	_
# segment_iiif_link = https://impresso-project.ch/api/proxy/iiif/LLE-1952-05-23-a-p0016/1960,3650,869,62/full/0/default.jpg
protestations	O	O	O	O	O	O	_	_	_	_	_	_
et	O	O	O	O	O	O	_	_	_	_	_	_
actes	O	O	O	O	O	O	_	_	_	_	_	_
de	O	O	O	O	O	O	_	_	_	_	_	_
resistance	O	O	O	O	O	O	_	_	_	_	_	_
des	O	O	O	O	O	O	_	_	_	_	_	_
habitants	O	O	O	O	O	O	_	_	_	_	_	_
de	O	O	O	O	O	O	_	_	EndOfLine	_	_	_
# segment_iiif_link = https://impresso-project.ch/api/proxy/iiif/LLE-1952-05-23-a-p0016/1959,3687,865,63/full/0/default.jpg
la	O	O	O	O	O	O	_	_	_	_	_	_
Republique	O	O	O	O	O	O	_	_	_	_	_	_
federale	O	O	O	O	O	O	_	_	_	_	_	_
contre	O	O	O	O	O	O	_	_	_	_	_	_
le	O	O	O	O	O	O	_	_	_	_	_	_
traite	O	O	O	O	O	O	_	_	_	_	_	_
gfeneral	O	O	O	O	O	O	_	_	EndOfLine	_	_	_
# segment_iiif_link = https://impresso-project.ch/api/proxy/iiif/LLE-1952-05-23-a-p0016/1960,3725,870,62/full/0/default.jpg
affirme	O	O	O	O	O	O	_	_	_	_	_	_
l	O	O	O	O	O	O	_	_	_	_	_	_
appel	O	O	O	O	O	O	_	_	_	_	_	_
,	O	O	O	O	O	O	_	_	_	_	_	_
qui	O	O	O	O	O	O	_	_	_	_	_	_
conclut	O	O	O	O	O	O	_	_	_	_	_	_
en	O	O	O	O	O	O	_	_	_	_	_	_
conyiant	O	O	O	O	O	O	_	_	_	_	_	_
tous	O	O	O	O	O	O	_	_	_	_	_	_
les	O	O	O	O	O	O	_	_	EndOfLine	_	_	_
# segment_iiif_link = https://impresso-project.ch/api/proxy/iiif/LLE-1952-05-23-a-p0016/1959,3764,868,64/full/0/default.jpg
Allemands	O	O	O	O	O	O	_	_	_	_	_	_
ä	O	O	O	O	O	O	_	_	_	_	_	_
s	O	O	O	O	O	O	_	_	_	_	_	_
unir	O	O	O	O	O	O	_	_	_	_	_	_
dans	O	O	O	O	O	O	_	_	_	_	_	_
un	O	O	O	O	O	O	_	_	_	_	_	_
mouvement	O	O	O	O	O	O	_	_	_	_	_	_
dt	O	O	O	O	O	O	_	_	EndOfLine	_	_	_
# segment_iiif_link = https://impresso-project.ch/api/proxy/iiif/LLE-1952-05-23-a-p0016/1962,3803,652,62/full/0/default.jpg
«	O	O	O	O	O	O	_	_	_	_	_	_
resistance	O	O	O	O	O	O	_	_	_	_	_	_
populaire	O	O	O	O	O	O	_	_	_	_	_	_
nationale	O	O	O	O	O	O	_	_	_	_	_	_
»	O	O	O	O	O	O	_	_	_	_	_	_
.	O	O	O	O	O	O	_	_	EndOfLine	EndOfSentence	_	_
# segment_iiif_link = https://impresso-project.ch/api/proxy/iiif/LLE-1952-05-23-a-p0016/2954,599,709,85/full/0/default.jpg
Restrictions	O	O	O	O	O	O	_	_	_	_	_	_
des	O	O	O	O	O	O	_	_	_	_	_	_
horaires	O	O	O	O	O	O	_	_	_	_	_	_
aeriens	O	O	O	O	O	O	_	_	EndOfLine	_	_	_
# segment_iiif_link = https://impresso-project.ch/api/proxy/iiif/LLE-1952-05-23-a-p0016/3157,662,300,86/full/0/default.jpg
aux	O	O	O	O	O	O	_	_	_	_	_	_
Etats	O	O	O	O	O	O	_	_	NoSpaceAfter	_	_	_
-	O	O	O	O	O	O	_	_	NoSpaceAfter	_	_	_
Unis	O	O	O	O	O	O	_	_	EndOfLine	_	_	_
# segment_iiif_link = https://impresso-project.ch/api/proxy/iiif/LLE-1952-05-23-a-p0016/3375,731,335,62/full/0/default.jpg
Washington	O	O	O	O	O	O	_	_	_	_	_	_
.	O	O	O	O	O	O	_	_	_	EndOfSentence	_	_
98	O	O	O	O	O	O	_	_	_	_	_	_
mai	O	O	O	O	O	O	_	_	_	_	_	_
.	O	O	O	O	O	O	_	_	EndOfLine	EndOfSentence	_	_
# segment_iiif_link = https://impresso-project.ch/api/proxy/iiif/LLE-1952-05-23-a-p0016/2902,767,830,64/full/0/default.jpg
(	O	O	O	O	O	O	_	_	_	_	_	_
United	B-org	O	B-org.ent.pressagency.UP-UPI	O	O	O	Q493845	_	_	_	LED0.00	_
Press	I-org	O	I-org.ent.pressagency.UP-UPI	O	O	O	Q493845	_	_	_	LED0.00	_
.	O	O	O	O	O	O	_	_	_	_	_	_
)	O	O	O	O	O	O	_	_	_	_	_	_
—	O	O	O	O	O	O	_	_	_	_	_	_
Les	O	O	O	O	O	O	_	_	_	_	_	_
compagnies	O	O	O	O	O	O	_	_	_	_	_	_
aeriennnes	O	O	O	O	O	O	_	_	_	_	_	_
am	O	O	O	O	O	O	_	_	_	_	_	_
*	O	O	O	O	O	O	_	_	EndOfLine	_	_	_
# segment_iiif_link = https://impresso-project.ch/api/proxy/iiif/LLE-1952-05-23-a-p0016/2872,801,860,64/full/0/default.jpg
ricaines	O	O	O	O	O	O	_	_	_	_	_	_
ont	O	O	O	O	O	O	_	_	_	_	_	_
annonefe	O	O	O	O	O	O	_	_	_	_	_	_
qu	O	O	O	O	O	O	_	_	_	_	_	_
elles	O	O	O	O	O	O	_	_	_	_	_	_
suppriment	O	O	O	O	O	O	_	_	_	_	_	_
104	O	O	O	O	O	O	_	_	_	_	_	_
vol	O	O	O	O	O	O	_	_	EndOfLine	_	_	_
# segment_iiif_link = https://impresso-project.ch/api/proxy/iiif/LLE-1952-05-23-a-p0016/2869,835,863,63/full/0/default.jpg
par	O	O	O	O	O	O	_	_	_	_	_	_
jour	O	O	O	O	O	O	_	_	_	_	_	_
affeetant	O	O	O	O	O	O	_	_	_	_	_	_
49	O	O	O	O	O	O	_	_	_	_	_	_
villes	O	O	O	O	O	O	_	_	_	_	_	_
dans	O	O	O	O	O	O	_	_	_	_	_	_
Ie	O	O	O	O	O	O	_	_	_	_	_	_
pays	O	O	O	O	O	O	_	_	_	_	_	_
ä	O	O	O	O	O	O	_	_	_	_	_	_
partii	O	O	O	O	O	O	_	_	EndOfLine	_	_	_
# segment_iiif_link = https://impresso-project.ch/api/proxy/iiif/LLE-1952-05-23-a-p0016/2869,870,864,64/full/0/default.jpg
de	O	O	O	O	O	O	_	_	_	_	_	_
demain	O	O	O	O	O	O	_	_	_	_	_	_
samedi	O	O	O	O	O	O	_	_	_	_	_	_
,	O	O	O	O	O	O	_	_	_	_	_	_
ä	O	O	O	O	O	O	_	_	_	_	_	_
cause	O	O	O	O	O	O	_	_	_	_	_	_
de	O	O	O	O	O	O	_	_	_	_	_	_
la	O	O	O	O	O	O	_	_	_	_	_	_
pfenurle	O	O	O	O	O	O	_	_	_	_	_	_
dessenci	O	O	O	O	O	O	_	_	EndOfLine	_	_	_
# segment_iiif_link = https://impresso-project.ch/api/proxy/iiif/LLE-1952-05-23-a-p0016/2872,906,430,62/full/0/default.jpg
due	O	O	O	O	O	O	_	_	_	_	_	_
aux	O	O	O	O	O	O	_	_	_	_	_	_
grfeves	O	O	O	O	O	O	_	_	_	_	_	_
generales	O	O	O	O	O	O	_	_	_	_	_	_
.	O	O	O	O	O	O	_	_	EndOfLine	EndOfSentence	_	_
# segment_iiif_link = https://impresso-project.ch/api/proxy/iiif/LLE-1952-05-23-a-p0016/2910,938,828,64/full/0/default.jpg
Pendant	O	O	O	O	O	O	_	_	_	_	_	_
ce	O	O	O	O	O	O	_	_	_	_	_	_
temps	O	O	O	O	O	O	_	_	_	_	_	_
,	O	O	O	O	O	O	_	_	_	_	_	_
la	O	O	O	O	O	O	_	_	_	_	_	_
grfeve	O	O	O	O	O	O	_	_	_	_	_	_
du	O	O	O	O	O	O	_	_	_	_	_	_
petrole	O	O	O	O	O	O	_	_	_	_	_	_
,	O	O	O	O	O	O	_	_	_	_	_	_
qui	O	O	O	O	O	O	_	_	_	_	_	_
dun	O	O	O	O	O	O	_	_	EndOfLine	_	_	_
# segment_iiif_link = https://impresso-project.ch/api/proxy/iiif/LLE-1952-05-23-a-p0016/2879,972,863,65/full/0/default.jpg
depuis	O	O	O	O	O	O	_	_	_	_	_	_
23	O	O	O	O	O	O	_	_	_	_	_	_
jours	O	O	O	O	O	O	_	_	_	_	_	_
,	O	O	O	O	O	O	_	_	_	_	_	_
continue	O	O	O	O	O	O	_	_	_	_	_	_
ä	O	O	O	O	O	O	_	_	_	_	_	_
etre	O	O	O	O	O	O	_	_	_	_	_	_
rfeglee	O	O	O	O	O	O	_	_	_	_	_	_
it	O	O	O	O	O	O	_	_	_	_	_	_
un	O	O	O	O	O	O	_	_	_	_	_	_
rytbm	O	O	O	O	O	O	_	_	_	_	_	_
«	O	O	O	O	O	O	_	_	EndOfLine	_	_	_
# segment_iiif_link = https://impresso-project.ch/api/proxy/iiif/LLE-1952-05-23-a-p0016/2872,1007,873,64/full/0/default.jpg
lent	O	O	O	O	O	O	_	_	_	_	_	_
,	O	O	O	O	O	O	_	_	_	_	_	_
sur	O	O	O	O	O	O	_	_	_	_	_	_
Ia	O	O	O	O	O	O	_	_	_	_	_	_
base	O	O	O	O	O	O	_	_	_	_	_	_
d	O	O	O	O	O	O	_	_	_	_	_	_
une	O	O	O	O	O	O	_	_	_	_	_	_
Solution	O	O	O	O	O	O	_	_	_	_	_	_
«	O	O	O	O	O	O	_	_	_	_	_	_
usine	O	O	O	O	O	O	_	_	_	_	_	_
apres	O	O	O	O	O	O	_	_	_	_	_	_
usine	O	O	O	O	O	O	_	_	_	_	_	_
»	O	O	O	O	O	O	_	_	_	_	_	_
.	O	O	O	O	O	O	_	_	EndOfLine	EndOfSentence	_	_
# segment_iiif_link = https://impresso-project.ch/api/proxy/iiif/LLE-1952-05-23-a-p0016/2902,1043,838,62/full/0/default.jpg
Environ	O	O	O	O	O	O	_	_	_	_	_	_
,	O	O	O	O	O	O	_	_	_	_	_	_
un	O	O	O	O	O	O	_	_	_	_	_	_
tiers	O	O	O	O	O	O	_	_	_	_	_	_
des	O	O	O	O	O	O	_	_	_	_	_	_
90	O	O	O	O	O	O	_	_	_	_	_	_
.	O	O	O	O	O	O	_	_	_	EndOfSentence	_	_
000	O	O	O	O	O	O	_	_	_	_	_	_
grevistes	O	O	O	O	O	O	_	_	_	_	_	_
ont	O	O	O	O	O	O	_	_	_	_	_	_
repris	O	O	O	O	O	O	_	_	_	_	_	_
le	O	O	O	O	O	O	_	_	EndOfLine	_	_	_
# segment_iiif_link = https://impresso-project.ch/api/proxy/iiif/LLE-1952-05-23-a-p0016/2874,1075,866,64/full/0/default.jpg
travail	O	O	O	O	O	O	_	_	_	_	_	_
.	O	O	O	O	O	O	_	_	_	EndOfSentence	_	_
«	O	O	O	O	O	O	_	_	_	_	_	_
Cette	O	O	O	O	O	O	_	_	_	_	_	_
methode	O	O	O	O	O	O	_	_	_	_	_	_
de	O	O	O	O	O	O	_	_	_	_	_	_
reglement	O	O	O	O	O	O	_	_	_	_	_	_
du	O	O	O	O	O	O	_	_	_	_	_	_
conflit	O	O	O	O	O	O	_	_	_	_	_	_
esl	O	O	O	O	O	O	_	_	EndOfLine	_	_	_
# segment_iiif_link = https://impresso-project.ch/api/proxy/iiif/LLE-1952-05-23-a-p0016/2875,1111,865,63/full/0/default.jpg
evidemment	O	O	O	O	O	O	_	_	_	_	_	_
plus	O	O	O	O	O	O	_	_	_	_	_	_
longue	O	O	O	O	O	O	_	_	_	_	_	_
qu	O	O	O	O	O	O	_	_	_	_	_	_
une	O	O	O	O	O	O	_	_	_	_	_	_
Solution	O	O	O	O	O	O	_	_	_	_	_	_
globale	O	O	O	O	O	O	_	_	_	_	_	_
»	O	O	O	O	O	O	_	_	_	_	_	_
,	O	O	O	O	O	O	_	_	EndOfLine	_	_	_
# segment_iiif_link = https://impresso-project.ch/api/proxy/iiif/LLE-1952-05-23-a-p0016/2875,1146,639,62/full/0/default.jpg
a	O	O	O	O	O	O	_	_	_	_	_	_
declare	O	O	O	O	O	O	_	_	_	_	_	_
un	O	O	O	O	O	O	_	_	_	_	_	_
porte	O	O	O	O	O	O	_	_	NoSpaceAfter	_	_	_
-	O	O	O	O	O	O	_	_	NoSpaceAfter	_	_	_
parole	O	O	O	O	O	O	_	_	_	_	_	_
de	O	O	O	O	O	O	_	_	_	_	_	_
lUnion	O	O	O	O	O	O	_	_	_	_	_	_
.	O	O	O	O	O	O	_	_	EndOfLine	EndOfSentence	_	_

# language = fr
# newspaper = LLE
# date = 1958-01-22
# document_id = LLE-1958-01-22-a-i0095
# news-agency-as-source = Q130879
# segment_iiif_link = https://impresso-project.ch/api/proxy/iiif/LLE-1958-01-22-a-p0016/370,454,676,108/full/0/default.jpg
La	O	O	O	O	O	O	_	_	_	_	_	_
manie	O	O	O	O	O	O	_	_	_	_	_	_
des	O	O	O	O	O	O	_	_	_	_	_	_
complots	O	O	O	O	O	O	_	_	EndOfLine	_	_	_
# segment_iiif_link = https://impresso-project.ch/api/proxy/iiif/LLE-1958-01-22-a-p0016/772,536,341,63/full/0/default.jpg
Beigrade	O	O	O	O	O	O	_	_	_	_	_	_
,	O	O	O	O	O	O	_	_	_	_	_	_
22	O	O	O	O	O	O	_	_	_	_	_	_
janvier	O	O	O	O	O	O	_	_	_	_	_	_
.	O	O	O	O	O	O	_	_	EndOfLine	EndOfSentence	_	_
# segment_iiif_link = https://impresso-project.ch/api/proxy/iiif/LLE-1958-01-22-a-p0016/303,571,830,63/full/0/default.jpg
(	O	O	O	O	O	O	_	_	_	_	_	_
Reuter	B-org	O	B-org.ent.pressagency.Reuters	O	O	O	Q130879	_	_	_	LED0.00	_
.	O	O	O	O	O	O	_	_	_	_	_	_
)	O	O	O	O	O	O	_	_	_	_	_	_
—	O	O	O	O	O	O	_	_	_	_	_	_
On	O	O	O	O	O	O	_	_	_	_	_	_
apprend	O	O	O	O	O	O	_	_	_	_	_	_
que	O	O	O	O	O	O	_	_	_	_	_	_
deux	O	O	O	O	O	O	_	_	_	_	_	_
leaders	O	O	O	O	O	O	_	_	EndOfLine	_	_	_
# segment_iiif_link = https://impresso-project.ch/api/proxy/iiif/LLE-1958-01-22-a-p0016/268,606,864,65/full/0/default.jpg
socialistes	O	O	O	O	O	O	_	_	_	_	_	_
yougoslaves	O	O	O	O	O	O	_	_	_	_	_	_
,	O	O	O	O	O	O	_	_	_	_	_	_
l	O	O	O	O	O	O	_	_	_	_	_	_
ancien	O	O	O	O	O	O	_	_	_	_	_	_
avocat	O	O	O	O	O	O	_	_	_	_	_	_
Alexander	O	O	O	O	O	O	_	_	EndOfLine	_	_	_
# segment_iiif_link = https://impresso-project.ch/api/proxy/iiif/LLE-1958-01-22-a-p0016/268,644,872,65/full/0/default.jpg
Pavlovitch	O	O	O	O	O	O	_	_	_	_	_	_
et	O	O	O	O	O	O	_	_	_	_	_	_
le	O	O	O	O	O	O	_	_	_	_	_	_
syndicaliste	O	O	O	O	O	O	_	_	_	_	_	_
Bogdan	O	O	O	O	O	O	_	_	_	_	_	_
Kreykitch	O	O	O	O	O	O	_	_	_	_	_	_
,	O	O	O	O	O	O	_	_	_	_	_	_
qui	O	O	O	O	O	O	_	_	_	_	_	_
fut	O	O	O	O	O	O	_	_	EndOfLine	_	_	_
# segment_iiif_link = https://impresso-project.ch/api/proxy/iiif/LLE-1958-01-22-a-p0016/268,681,879,64/full/0/default.jpg
actif	O	O	O	O	O	O	_	_	_	_	_	_
avant	O	O	O	O	O	O	_	_	_	_	_	_
la	O	O	O	O	O	O	_	_	_	_	_	_
guerre	O	O	O	O	O	O	_	_	_	_	_	_
,	O	O	O	O	O	O	_	_	_	_	_	_
ainsi	O	O	O	O	O	O	_	_	_	_	_	_
que	O	O	O	O	O	O	_	_	_	_	_	_
deux	O	O	O	O	O	O	_	_	_	_	_	_
professeurs	O	O	O	O	O	O	_	_	_	_	_	_
,	O	O	O	O	O	O	_	_	EndOfLine	_	_	_
# segment_iiif_link = https://impresso-project.ch/api/proxy/iiif/LLE-1958-01-22-a-p0016/268,716,874,64/full/0/default.jpg
Dragoslav	O	O	O	O	O	O	_	_	_	_	_	_
Stranjakovitch	O	O	O	O	O	O	_	_	_	_	_	_
,	O	O	O	O	O	O	_	_	_	_	_	_
de	O	O	O	O	O	O	_	_	_	_	_	_
la	O	O	O	O	O	O	_	_	_	_	_	_
Faculte	O	O	O	O	O	O	_	_	_	_	_	_
de	O	O	O	O	O	O	_	_	_	_	_	_
theolocic	O	O	O	O	O	O	_	_	EndOfLine	_	_	_
# segment_iiif_link = https://impresso-project.ch/api/proxy/iiif/LLE-1958-01-22-a-p0016/270,751,877,65/full/0/default.jpg
de	O	O	O	O	O	O	_	_	_	_	_	_
Beigrade	O	O	O	O	O	O	_	_	_	_	_	_
,	O	O	O	O	O	O	_	_	_	_	_	_
et	O	O	O	O	O	O	_	_	_	_	_	_
Milan	O	O	O	O	O	O	_	_	_	_	_	_
Zujovitch	O	O	O	O	O	O	_	_	_	_	_	_
,	O	O	O	O	O	O	_	_	_	_	_	_
de	O	O	O	O	O	O	_	_	_	_	_	_
la	O	O	O	O	O	O	_	_	_	_	_	_
Faculte	O	O	O	O	O	O	_	_	_	_	_	_
de	O	O	O	O	O	O	_	_	EndOfLine	_	_	_
# segment_iiif_link = https://impresso-project.ch/api/proxy/iiif/LLE-1958-01-22-a-p0016/268,790,875,63/full/0/default.jpg
droit	O	O	O	O	O	O	_	_	_	_	_	_
de	O	O	O	O	O	O	_	_	_	_	_	_
la	O	O	O	O	O	O	_	_	_	_	_	_
meme	O	O	O	O	O	O	_	_	_	_	_	_
Universite	O	O	O	O	O	O	_	_	_	_	_	_
,	O	O	O	O	O	O	_	_	_	_	_	_
vont	O	O	O	O	O	O	_	_	_	_	_	_
comparaitre	O	O	O	O	O	O	_	_	_	_	_	_
en	O	O	O	O	O	O	_	_	EndOfLine	_	_	_
# segment_iiif_link = https://impresso-project.ch/api/proxy/iiif/LLE-1958-01-22-a-p0016/268,825,877,63/full/0/default.jpg
justice	O	O	O	O	O	O	_	_	_	_	_	_
pour	O	O	O	O	O	O	_	_	_	_	_	_
complot	O	O	O	O	O	O	_	_	_	_	_	_
contre	O	O	O	O	O	O	_	_	_	_	_	_
la	O	O	O	O	O	O	_	_	_	_	_	_
securite	O	O	O	O	O	O	_	_	_	_	_	_
de	O	O	O	O	O	O	_	_	_	_	_	_
lEtat	O	O	O	O	O	O	_	_	_	_	_	_
.	O	O	O	O	O	O	_	_	EndOfLine	EndOfSentence	_	_
# segment_iiif_link = https://impresso-project.ch/api/proxy/iiif/LLE-1958-01-22-a-p0016/268,860,864,65/full/0/default.jpg
C	O	O	O	O	O	O	_	_	_	_	_	_
est	O	O	O	O	O	O	_	_	_	_	_	_
la	O	O	O	O	O	O	_	_	_	_	_	_
premiere	O	O	O	O	O	O	_	_	_	_	_	_
fois	O	O	O	O	O	O	_	_	_	_	_	_
depuis	O	O	O	O	O	O	_	_	_	_	_	_
des	O	O	O	O	O	O	_	_	_	_	_	_
annees	O	O	O	O	O	O	_	_	_	_	_	_
quun	O	O	O	O	O	O	_	_	EndOfLine	_	_	_
# segment_iiif_link = https://impresso-project.ch/api/proxy/iiif/LLE-1958-01-22-a-p0016/266,898,876,64/full/0/default.jpg
proces	O	O	O	O	O	O	_	_	_	_	_	_
est	O	O	O	O	O	O	_	_	_	_	_	_
intente	O	O	O	O	O	O	_	_	_	_	_	_
ä	O	O	O	O	O	O	_	_	_	_	_	_
un	O	O	O	O	O	O	_	_	_	_	_	_
tel	O	O	O	O	O	O	_	_	_	_	_	_
groupement	O	O	O	O	O	O	_	_	_	_	_	_
politique	O	O	O	O	O	O	_	_	_	_	_	_
.	O	O	O	O	O	O	_	_	_	EndOfSentence	_	_
Les	O	O	O	O	O	O	_	_	EndOfLine	_	_	_
# segment_iiif_link = https://impresso-project.ch/api/proxy/iiif/LLE-1958-01-22-a-p0016/266,932,879,65/full/0/default.jpg
quatre	O	O	O	O	O	O	_	_	_	_	_	_
aecuses	O	O	O	O	O	O	_	_	_	_	_	_
sont	O	O	O	O	O	O	_	_	_	_	_	_
aecuses	O	O	O	O	O	O	_	_	_	_	_	_
d	O	O	O	O	O	O	_	_	_	_	_	_
avoir	O	O	O	O	O	O	_	_	_	_	_	_
eu	O	O	O	O	O	O	_	_	_	_	_	_
des	O	O	O	O	O	O	_	_	_	_	_	_
contacts	O	O	O	O	O	O	_	_	EndOfLine	_	_	_
# segment_iiif_link = https://impresso-project.ch/api/proxy/iiif/LLE-1958-01-22-a-p0016/268,970,872,65/full/0/default.jpg
avec	O	O	O	O	O	O	_	_	_	_	_	_
des	O	O	O	O	O	O	_	_	_	_	_	_
emigres	O	O	O	O	O	O	_	_	_	_	_	_
vivant	O	O	O	O	O	O	_	_	_	_	_	_
ä	O	O	O	O	O	O	_	_	_	_	_	_
lOuest	O	O	O	O	O	O	_	_	_	_	_	_
et	O	O	O	O	O	O	_	_	_	_	_	_
opposes	O	O	O	O	O	O	_	_	_	_	_	_
au	O	O	O	O	O	O	_	_	EndOfLine	_	_	_
# segment_iiif_link = https://impresso-project.ch/api/proxy/iiif/LLE-1958-01-22-a-p0016/265,1005,118,65/full/0/default.jpg
rechne	O	O	O	O	O	O	_	_	_	_	_	_
.	O	O	O	O	O	O	_	_	EndOfLine	EndOfSentence	_	_

# language = fr
# newspaper = LLE
# date = 1968-07-12
# document_id = LLE-1968-07-12-a-i0278
# news-agency-as-source = Q40464
# segment_iiif_link = https://impresso-project.ch/api/proxy/iiif/LLE-1968-07-12-a-p0032/1000,1179,154,63/full/0/default.jpg
¦	O	O	O	O	O	O	_	_	_	_	_	_
MI	O	O	O	O	O	O	_	_	EndOfLine	_	_	_
# segment_iiif_link = https://impresso-project.ch/api/proxy/iiif/LLE-1968-07-12-a-p0032/1064,1087,1677,200/full/0/default.jpg
.	O	O	O	O	O	O	_	_	NoSpaceAfter	_	_	_
.	O	O	O	O	O	O	_	_	NoSpaceAfter	_	_	_
.	O	O	O	O	O	O	_	_	_	_	_	_
la	O	O	O	O	O	O	_	_	_	_	_	_
presse	O	O	O	O	O	O	_	_	_	_	_	_
tchecoslovaque	O	O	O	O	O	O	_	_	EndOfLine	_	_	_
# segment_iiif_link = https://impresso-project.ch/api/proxy/iiif/LLE-1968-07-12-a-p0032/1065,1217,1076,200/full/0/default.jpg
repond	O	O	O	O	O	O	_	_	_	_	_	_
vertement	O	O	O	O	O	O	_	_	EndOfLine	_	_	_
# segment_iiif_link = https://impresso-project.ch/api/proxy/iiif/LLE-1968-07-12-a-p0032/1099,1391,820,63/full/0/default.jpg
PRAGUE	O	O	O	O	O	O	_	_	_	_	_	_
(	O	O	O	O	O	O	_	_	_	_	_	_
AFP	B-org	O	B-org.ent.pressagency.AFP	O	O	O	Q40464	_	_	_	LED0.00	_
)	O	O	O	O	O	O	_	_	_	_	_	_
—	O	O	O	O	O	O	_	_	_	_	_	_
La	O	O	O	O	O	O	_	_	_	_	_	_
Tchecoslovaquie	O	O	O	O	O	O	_	_	_	_	_	_
na	O	O	O	O	O	O	_	_	_	_	_	_
n	O	O	O	O	O	O	_	_	EndOfLine	_	_	_
# segment_iiif_link = https://impresso-project.ch/api/proxy/iiif/LLE-1968-07-12-a-p0032/1062,1426,858,63/full/0/default.jpg
lintention	O	O	O	O	O	O	_	_	_	_	_	_
ni	O	O	O	O	O	O	_	_	_	_	_	_
le	O	O	O	O	O	O	_	_	_	_	_	_
desir	O	O	O	O	O	O	_	_	_	_	_	_
de	O	O	O	O	O	O	_	_	_	_	_	_
changer	O	O	O	O	O	O	_	_	_	_	_	_
lorientation	O	O	O	O	O	O	_	_	_	_	_	_
de	O	O	O	O	O	O	_	_	EndOfLine	_	_	_
# segment_iiif_link = https://impresso-project.ch/api/proxy/iiif/LLE-1968-07-12-a-p0032/1064,1461,858,65/full/0/default.jpg
sa	O	O	O	O	O	O	_	_	_	_	_	_
politique	O	O	O	O	O	O	_	_	_	_	_	_
etrangere	O	O	O	O	O	O	_	_	_	_	_	_
envers	O	O	O	O	O	O	_	_	_	_	_	_
lURSS	O	O	O	O	O	O	_	_	_	_	_	_
et	O	O	O	O	O	O	_	_	_	_	_	_
les	O	O	O	O	O	O	_	_	_	_	_	_
pays	O	O	O	O	O	O	_	_	EndOfLine	_	_	_
# segment_iiif_link = https://impresso-project.ch/api/proxy/iiif/LLE-1968-07-12-a-p0032/1064,1497,861,64/full/0/default.jpg
socialistes	O	O	O	O	O	O	_	_	_	_	_	_
.	O	O	O	O	O	O	_	_	_	EndOfSentence	_	_
Seule	O	O	O	O	O	O	_	_	_	_	_	_
une	O	O	O	O	O	O	_	_	_	_	_	_
action	O	O	O	O	O	O	_	_	_	_	_	_
qui	O	O	O	O	O	O	_	_	_	_	_	_
ne	O	O	O	O	O	O	_	_	_	_	_	_
voudrait	O	O	O	O	O	O	_	_	_	_	_	_
pa	O	O	O	O	O	O	_	_	_	_	_	_
!	O	O	O	O	O	O	_	_	EndOfLine	_	_	_
# segment_iiif_link = https://impresso-project.ch/api/proxy/iiif/LLE-1968-07-12-a-p0032/1062,1532,848,64/full/0/default.jpg
respecter	O	O	O	O	O	O	_	_	_	_	_	_
le	O	O	O	O	O	O	_	_	_	_	_	_
droit	O	O	O	O	O	O	_	_	_	_	_	_
de	O	O	O	O	O	O	_	_	_	_	_	_
la	O	O	O	O	O	O	_	_	_	_	_	_
Tchecoslovaquie	O	O	O	O	O	O	_	_	_	_	_	_
de	O	O	O	O	O	O	_	_	EndOfLine	_	_	_
# segment_iiif_link = https://impresso-project.ch/api/proxy/iiif/LLE-1968-07-12-a-p0032/1064,1567,858,64/full/0/default.jpg
choisir	O	O	O	O	O	O	_	_	_	_	_	_
sa	O	O	O	O	O	O	_	_	_	_	_	_
propre	O	O	O	O	O	O	_	_	_	_	_	_
voie	O	O	O	O	O	O	_	_	_	_	_	_
,	O	O	O	O	O	O	_	_	_	_	_	_
qui	O	O	O	O	O	O	_	_	_	_	_	_
voudrait	O	O	O	O	O	O	_	_	_	_	_	_
la	O	O	O	O	O	O	_	_	_	_	_	_
soumettre	O	O	O	O	O	O	_	_	_	_	_	_
ä	O	O	O	O	O	O	_	_	EndOfLine	_	_	_
# segment_iiif_link = https://impresso-project.ch/api/proxy/iiif/LLE-1968-07-12-a-p0032/1069,1604,850,64/full/0/default.jpg
certaines	O	O	O	O	O	O	_	_	_	_	_	_
idees	O	O	O	O	O	O	_	_	_	_	_	_
et	O	O	O	O	O	O	_	_	_	_	_	_
pratiques	O	O	O	O	O	O	_	_	_	_	_	_
surannees	O	O	O	O	O	O	_	_	_	_	_	_
pourrait	O	O	O	O	O	O	_	_	EndOfLine	_	_	_
# segment_iiif_link = https://impresso-project.ch/api/proxy/iiif/LLE-1968-07-12-a-p0032/1064,1639,845,64/full/0/default.jpg
avoir	O	O	O	O	O	O	_	_	_	_	_	_
pour	O	O	O	O	O	O	_	_	_	_	_	_
consequence	O	O	O	O	O	O	_	_	_	_	_	_
de	O	O	O	O	O	O	_	_	_	_	_	_
lamener	O	O	O	O	O	O	_	_	_	_	_	_
ä	O	O	O	O	O	O	_	_	_	_	_	_
reviser	O	O	O	O	O	O	_	_	EndOfLine	_	_	_
# segment_iiif_link = https://impresso-project.ch/api/proxy/iiif/LLE-1968-07-12-a-p0032/1065,1674,857,64/full/0/default.jpg
certains	O	O	O	O	O	O	_	_	_	_	_	_
aspects	O	O	O	O	O	O	_	_	_	_	_	_
de	O	O	O	O	O	O	_	_	_	_	_	_
ses	O	O	O	O	O	O	_	_	_	_	_	_
rapports	O	O	O	O	O	O	_	_	_	_	_	_
ä	O	O	O	O	O	O	_	_	_	_	_	_
legard	O	O	O	O	O	O	_	_	_	_	_	_
des	O	O	O	O	O	O	_	_	_	_	_	_
payi	O	O	O	O	O	O	_	_	EndOfLine	_	_	_
# segment_iiif_link = https://impresso-project.ch/api/proxy/iiif/LLE-1968-07-12-a-p0032/1064,1711,863,65/full/0/default.jpg
socialistes	O	O	O	O	O	O	_	_	_	_	_	_
,	O	O	O	O	O	O	_	_	_	_	_	_
rapports	O	O	O	O	O	O	_	_	_	_	_	_
quelle	O	O	O	O	O	O	_	_	_	_	_	_
considere	O	O	O	O	O	O	_	_	_	_	_	_
comme	O	O	O	O	O	O	_	_	_	_	_	_
des	O	O	O	O	O	O	_	_	EndOfLine	_	_	_
# segment_iiif_link = https://impresso-project.ch/api/proxy/iiif/LLE-1968-07-12-a-p0032/1064,1746,863,65/full/0/default.jpg
valeurs	O	O	O	O	O	O	_	_	_	_	_	_
durables	O	O	O	O	O	O	_	_	_	_	_	_
de	O	O	O	O	O	O	_	_	_	_	_	_
sa	O	O	O	O	O	O	_	_	_	_	_	_
coneeption	O	O	O	O	O	O	_	_	_	_	_	_
de	O	O	O	O	O	O	_	_	_	_	_	_
politique	O	O	O	O	O	O	_	_	EndOfLine	_	_	_
# segment_iiif_link = https://impresso-project.ch/api/proxy/iiif/LLE-1968-07-12-a-p0032/1064,1783,851,63/full/0/default.jpg
etrangere	O	O	O	O	O	O	_	_	_	_	_	_
.	O	O	O	O	O	O	_	_	_	EndOfSentence	_	_
Le	O	O	O	O	O	O	_	_	_	_	_	_
developpement	O	O	O	O	O	O	_	_	_	_	_	_
dans	O	O	O	O	O	O	_	_	_	_	_	_
Ie	O	O	O	O	O	O	_	_	_	_	_	_
monde	O	O	O	O	O	O	_	_	EndOfLine	_	_	_
# segment_iiif_link = https://impresso-project.ch/api/proxy/iiif/LLE-1968-07-12-a-p0032/1064,1818,850,63/full/0/default.jpg
socialiste	O	O	O	O	O	O	_	_	_	_	_	_
demontre	O	O	O	O	O	O	_	_	_	_	_	_
que	O	O	O	O	O	O	_	_	_	_	_	_
meme	O	O	O	O	O	O	_	_	_	_	_	_
dans	O	O	O	O	O	O	_	_	_	_	_	_
ce	O	O	O	O	O	O	_	_	_	_	_	_
cas	O	O	O	O	O	O	_	_	_	_	_	_
,	O	O	O	O	O	O	_	_	_	_	_	_
la	O	O	O	O	O	O	_	_	EndOfLine	_	_	_
# segment_iiif_link = https://impresso-project.ch/api/proxy/iiif/LLE-1968-07-12-a-p0032/1064,1853,606,65/full/0/default.jpg
Tchecoslovaquie	O	O	O	O	O	O	_	_	_	_	_	_
ne	O	O	O	O	O	O	_	_	_	_	_	_
resterait	O	O	O	O	O	O	_	_	_	_	_	_
pas	O	O	O	O	O	O	_	_	_	_	_	_
seule	O	O	O	O	O	O	_	_	_	_	_	_
.	O	O	O	O	O	O	_	_	EndOfLine	EndOfSentence	_	_
# segment_iiif_link = https://impresso-project.ch/api/proxy/iiif/LLE-1968-07-12-a-p0032/1099,1889,815,64/full/0/default.jpg
C	O	O	O	O	O	O	_	_	_	_	_	_
est	O	O	O	O	O	O	_	_	_	_	_	_
par	O	O	O	O	O	O	_	_	_	_	_	_
ces	O	O	O	O	O	O	_	_	_	_	_	_
reflexions	O	O	O	O	O	O	_	_	_	_	_	_
,	O	O	O	O	O	O	_	_	_	_	_	_
prenant	O	O	O	O	O	O	_	_	_	_	_	_
allure	O	O	O	O	O	O	_	_	_	_	_	_
d	O	O	O	O	O	O	_	_	EndOfLine	_	_	_
# segment_iiif_link = https://impresso-project.ch/api/proxy/iiif/LLE-1968-07-12-a-p0032/1065,1926,862,65/full/0/default.jpg
avertissement	O	O	O	O	O	O	_	_	_	_	_	_
,	O	O	O	O	O	O	_	_	_	_	_	_
que	O	O	O	O	O	O	_	_	_	_	_	_
se	O	O	O	O	O	O	_	_	_	_	_	_
termine	O	O	O	O	O	O	_	_	_	_	_	_
dans	O	O	O	O	O	O	_	_	_	_	_	_
le	O	O	O	O	O	O	_	_	_	_	_	_
Journal	O	O	O	O	O	O	_	_	_	_	_	_
«	O	O	O	O	O	O	_	_	_	_	_	_
Prace	O	O	O	O	O	O	_	_	_	_	_	_
i	O	O	O	O	O	O	_	_	EndOfLine	_	_	_
# segment_iiif_link = https://impresso-project.ch/api/proxy/iiif/LLE-1968-07-12-a-p0032/1064,1961,861,63/full/0/default.jpg
(	O	O	O	O	O	O	_	_	_	_	_	_
organe	O	O	O	O	O	O	_	_	_	_	_	_
des	O	O	O	O	O	O	_	_	_	_	_	_
syndicats	O	O	O	O	O	O	_	_	_	_	_	_
)	O	O	O	O	O	O	_	_	_	_	_	_
un	O	O	O	O	O	O	_	_	_	_	_	_
article	O	O	O	O	O	O	_	_	_	_	_	_
deplorant	O	O	O	O	O	O	_	_	_	_	_	_
que	O	O	O	O	O	O	_	_	_	_	_	_
la	O	O	O	O	O	O	_	_	EndOfLine	_	_	_
# segment_iiif_link = https://impresso-project.ch/api/proxy/iiif/LLE-1968-07-12-a-p0032/1065,1998,849,63/full/0/default.jpg
theorie	O	O	O	O	O	O	_	_	_	_	_	_
,	O	O	O	O	O	O	_	_	_	_	_	_
maintes	O	O	O	O	O	O	_	_	_	_	_	_
fois	O	O	O	O	O	O	_	_	_	_	_	_
proolamee	O	O	O	O	O	O	_	_	_	_	_	_
,	O	O	O	O	O	O	_	_	_	_	_	_
de	O	O	O	O	O	O	_	_	_	_	_	_
la	O	O	O	O	O	O	_	_	EndOfLine	_	_	_
# segment_iiif_link = https://impresso-project.ch/api/proxy/iiif/LLE-1968-07-12-a-p0032/1065,2031,860,65/full/0/default.jpg
souverainete	O	O	O	O	O	O	_	_	_	_	_	_
de	O	O	O	O	O	O	_	_	_	_	_	_
chaque	O	O	O	O	O	O	_	_	_	_	_	_
parti	O	O	O	O	O	O	_	_	_	_	_	_
communiste	O	O	O	O	O	O	_	_	_	_	_	_
nait	O	O	O	O	O	O	_	_	_	_	_	_
pas	O	O	O	O	O	O	_	_	_	_	_	_
encore	O	O	O	O	O	O	_	_	EndOfLine	_	_	_
# segment_iiif_link = https://impresso-project.ch/api/proxy/iiif/LLE-1968-07-12-a-p0032/1064,2126,379,107/full/0/default.jpg
Les	O	O	O	O	O	O	_	_	_	_	_	_
entretiens	O	O	O	O	O	O	_	_	EndOfLine	_	_	_
# segment_iiif_link = https://impresso-project.ch/api/proxy/iiif/LLE-1968-07-12-a-p0032/1065,2198,553,108/full/0/default.jpg
Kossyguine	O	O	O	O	O	O	_	_	NoSpaceAfter	_	_	_
-	O	O	O	O	O	O	_	_	NoSpaceAfter	_	_	_
Erlander	O	O	O	O	O	O	_	_	EndOfLine	_	_	_
# segment_iiif_link = https://impresso-project.ch/api/proxy/iiif/LLE-1968-07-12-a-p0032/1102,2293,832,65/full/0/default.jpg
STOCKHOLM	O	O	O	O	O	O	_	_	_	_	_	_
(	O	O	O	O	O	O	_	_	_	_	_	_
AFP	B-org	O	B-org.ent.pressagency.AFP	O	O	O	Q40464	_	_	_	LED0.00	_
)	O	O	O	O	O	O	_	_	_	_	_	_
—	O	O	O	O	O	O	_	_	_	_	_	_
Le	O	O	O	O	O	O	_	_	_	_	_	_
Moyen	O	O	O	O	O	O	_	_	NoSpaceAfter	_	_	_
-	O	O	O	O	O	O	_	_	NoSpaceAfter	_	_	_
Orient	O	O	O	O	O	O	_	_	_	_	_	_
,	O	O	O	O	O	O	_	_	EndOfLine	_	_	_
# segment_iiif_link = https://impresso-project.ch/api/proxy/iiif/LLE-1968-07-12-a-p0032/1065,2330,855,63/full/0/default.jpg
lAllemagne	O	O	O	O	O	O	_	_	_	_	_	_
,	O	O	O	O	O	O	_	_	_	_	_	_
la	O	O	O	O	O	O	_	_	_	_	_	_
securite	O	O	O	O	O	O	_	_	_	_	_	_
en	O	O	O	O	O	O	_	_	_	_	_	_
Europe	O	O	O	O	O	O	_	_	_	_	_	_
,	O	O	O	O	O	O	_	_	_	_	_	_
la	O	O	O	O	O	O	_	_	EndOfLine	_	_	_
# segment_iiif_link = https://impresso-project.ch/api/proxy/iiif/LLE-1968-07-12-a-p0032/1065,2365,869,63/full/0/default.jpg
non	O	O	O	O	O	O	_	_	NoSpaceAfter	_	_	_
-	O	O	O	O	O	O	_	_	NoSpaceAfter	_	_	_
dissemination	O	O	O	O	O	O	_	_	_	_	_	_
des	O	O	O	O	O	O	_	_	_	_	_	_
armes	O	O	O	O	O	O	_	_	_	_	_	_
nucleaires	O	O	O	O	O	O	_	_	_	_	_	_
,	O	O	O	O	O	O	_	_	_	_	_	_
le	O	O	O	O	O	O	_	_	_	_	_	_
Vietnam	O	O	O	O	O	O	_	_	_	_	_	_
,	O	O	O	O	O	O	_	_	_	_	_	_
ainsi	O	O	O	O	O	O	_	_	EndOfLine	_	_	_
# segment_iiif_link = https://impresso-project.ch/api/proxy/iiif/LLE-1968-07-12-a-p0032/1069,2401,863,64/full/0/default.jpg
que	O	O	O	O	O	O	_	_	_	_	_	_
les	O	O	O	O	O	O	_	_	_	_	_	_
relations	O	O	O	O	O	O	_	_	_	_	_	_
suedo	O	O	O	O	O	O	_	_	NoSpaceAfter	_	_	_
-	O	O	O	O	O	O	_	_	NoSpaceAfter	_	_	_
sovietiques	O	O	O	O	O	O	_	_	_	_	_	_
,	O	O	O	O	O	O	_	_	_	_	_	_
ont	O	O	O	O	O	O	_	_	_	_	_	_
ete	O	O	O	O	O	O	_	_	_	_	_	_
Ies	O	O	O	O	O	O	_	_	EndOfLine	_	_	_
# segment_iiif_link = https://impresso-project.ch/api/proxy/iiif/LLE-1968-07-12-a-p0032/1069,2436,865,64/full/0/default.jpg
questions	O	O	O	O	O	O	_	_	_	_	_	_
examinees	O	O	O	O	O	O	_	_	_	_	_	_
au	O	O	O	O	O	O	_	_	_	_	_	_
cours	O	O	O	O	O	O	_	_	_	_	_	_
des	O	O	O	O	O	O	_	_	_	_	_	_
entretiens	O	O	O	O	O	O	_	_	_	_	_	_
.	O	O	O	O	O	O	_	_	_	_	_	_
qui	O	O	O	O	O	O	_	_	EndOfLine	_	_	_
# segment_iiif_link = https://impresso-project.ch/api/proxy/iiif/LLE-1968-07-12-a-p0032/1067,2473,869,63/full/0/default.jpg
se	O	O	O	O	O	O	_	_	_	_	_	_
sont	O	O	O	O	O	O	_	_	_	_	_	_
deroules	O	O	O	O	O	O	_	_	_	_	_	_
hier	O	O	O	O	O	O	_	_	_	_	_	_
apres	O	O	O	O	O	O	_	_	_	_	_	_
midi	O	O	O	O	O	O	_	_	_	_	_	_
,	O	O	O	O	O	O	_	_	_	_	_	_
ä	O	O	O	O	O	O	_	_	_	_	_	_
Stockholm	O	O	O	O	O	O	_	_	_	_	_	_
,	O	O	O	O	O	O	_	_	EndOfLine	_	_	_
# segment_iiif_link = https://impresso-project.ch/api/proxy/iiif/LLE-1968-07-12-a-p0032/1069,2508,851,64/full/0/default.jpg
entre	O	O	O	O	O	O	_	_	_	_	_	_
Ie	O	O	O	O	O	O	_	_	_	_	_	_
chef	O	O	O	O	O	O	_	_	_	_	_	_
du	O	O	O	O	O	O	_	_	_	_	_	_
gouvernement	O	O	O	O	O	O	_	_	_	_	_	_
sovietique	O	O	O	O	O	O	_	_	_	_	_	_
,	O	O	O	O	O	O	_	_	_	_	_	_
M	O	O	O	O	O	O	_	_	_	_	_	_
.	O	O	O	O	O	O	_	_	EndOfLine	_	_	_
# segment_iiif_link = https://impresso-project.ch/api/proxy/iiif/LLE-1968-07-12-a-p0032/1065,2543,855,65/full/0/default.jpg
Kossyguine	O	O	O	O	O	O	_	_	_	_	_	_
,	O	O	O	O	O	O	_	_	_	_	_	_
et	O	O	O	O	O	O	_	_	_	_	_	_
son	O	O	O	O	O	O	_	_	_	_	_	_
höte	O	O	O	O	O	O	_	_	_	_	_	_
M	O	O	O	O	O	O	_	_	_	_	_	_
.	O	O	O	O	O	O	_	_	_	_	_	_
Erlander	O	O	O	O	O	O	_	_	_	_	_	_
,	O	O	O	O	O	O	_	_	_	_	_	_
premier	O	O	O	O	O	O	_	_	EndOfLine	_	_	_
# segment_iiif_link = https://impresso-project.ch/api/proxy/iiif/LLE-1968-07-12-a-p0032/1069,2582,628,63/full/0/default.jpg
ministre	O	O	O	O	O	O	_	_	_	_	_	_
suedois	O	O	O	O	O	O	_	_	_	_	_	_
.	O	O	O	O	O	O	_	_	_	_	_	_
,	O	O	O	O	O	O	_	_	EndOfLine	_	_	_
# segment_iiif_link = https://impresso-project.ch/api/proxy/iiif/LLE-1968-07-12-a-p0032/1972,1391,855,65/full/0/default.jpg
ete	O	O	O	O	O	O	_	_	_	_	_	_
mise	O	O	O	O	O	O	_	_	_	_	_	_
en	O	O	O	O	O	O	_	_	_	_	_	_
pratique	O	O	O	O	O	O	_	_	_	_	_	_
.	O	O	O	O	O	O	_	_	_	_	_	_
Bien	O	O	O	O	O	O	_	_	_	_	_	_
au	O	O	O	O	O	O	_	_	_	_	_	_
contraire	O	O	O	O	O	O	_	_	_	_	_	_
,	O	O	O	O	O	O	_	_	_	_	_	_
ecril	O	O	O	O	O	O	_	_	EndOfLine	_	_	_
# segment_iiif_link = https://impresso-project.ch/api/proxy/iiif/LLE-1968-07-12-a-p0032/1972,1426,855,65/full/0/default.jpg
«	O	O	O	O	O	O	_	_	_	_	_	_
Prace	O	O	O	O	O	O	_	_	_	_	_	_
»	O	O	O	O	O	O	_	_	_	_	_	_
,	O	O	O	O	O	O	_	_	_	_	_	_
on	O	O	O	O	O	O	_	_	_	_	_	_
ne	O	O	O	O	O	O	_	_	_	_	_	_
peut	O	O	O	O	O	O	_	_	_	_	_	_
pas	O	O	O	O	O	O	_	_	_	_	_	_
ne	O	O	O	O	O	O	_	_	_	_	_	_
pas	O	O	O	O	O	O	_	_	_	_	_	_
remarquer	O	O	O	O	O	O	_	_	_	_	_	_
ur	O	O	O	O	O	O	_	_	EndOfLine	_	_	_
# segment_iiif_link = https://impresso-project.ch/api/proxy/iiif/LLE-1968-07-12-a-p0032/1971,1462,846,65/full/0/default.jpg
retour	O	O	O	O	O	O	_	_	_	_	_	_
aux	O	O	O	O	O	O	_	_	_	_	_	_
vieilles	O	O	O	O	O	O	_	_	_	_	_	_
formules	O	O	O	O	O	O	_	_	_	_	_	_
et	O	O	O	O	O	O	_	_	_	_	_	_
methodes	O	O	O	O	O	O	_	_	_	_	_	_
de	O	O	O	O	O	O	_	_	EndOfLine	_	_	_
# segment_iiif_link = https://impresso-project.ch/api/proxy/iiif/LLE-1968-07-12-a-p0032/1971,1497,846,65/full/0/default.jpg
collaboration	O	O	O	O	O	O	_	_	_	_	_	_
dans	O	O	O	O	O	O	_	_	_	_	_	_
les	O	O	O	O	O	O	_	_	_	_	_	_
rapports	O	O	O	O	O	O	_	_	_	_	_	_
entre	O	O	O	O	O	O	_	_	_	_	_	_
partis	O	O	O	O	O	O	_	_	EndOfLine	_	_	_
# segment_iiif_link = https://impresso-project.ch/api/proxy/iiif/LLE-1968-07-12-a-p0032/1971,1534,858,63/full/0/default.jpg
communistes	O	O	O	O	O	O	_	_	_	_	_	_
.	O	O	O	O	O	O	_	_	_	EndOfSentence	_	_
On	O	O	O	O	O	O	_	_	_	_	_	_
en	O	O	O	O	O	O	_	_	_	_	_	_
revient	O	O	O	O	O	O	_	_	_	_	_	_
ä	O	O	O	O	O	O	_	_	_	_	_	_
la	O	O	O	O	O	O	_	_	_	_	_	_
coneeption	O	O	O	O	O	O	_	_	_	_	_	_
de	O	O	O	O	O	O	_	_	_	_	_	_
«	O	O	O	O	O	O	_	_	_	_	_	_
payi	O	O	O	O	O	O	_	_	EndOfLine	_	_	_
# segment_iiif_link = https://impresso-project.ch/api/proxy/iiif/LLE-1968-07-12-a-p0032/1966,1571,867,63/full/0/default.jpg
leaders	O	O	O	O	O	O	_	_	_	_	_	_
»	O	O	O	O	O	O	_	_	_	_	_	_
de	O	O	O	O	O	O	_	_	_	_	_	_
«	O	O	O	O	O	O	_	_	_	_	_	_
partis	O	O	O	O	O	O	_	_	_	_	_	_
leaders	O	O	O	O	O	O	_	_	_	_	_	_
»	O	O	O	O	O	O	_	_	_	_	_	_
et	O	O	O	O	O	O	_	_	_	_	_	_
de	O	O	O	O	O	O	_	_	_	_	_	_
partis	O	O	O	O	O	O	_	_	_	_	_	_
«	O	O	O	O	O	O	_	_	_	_	_	_
plu	O	O	O	O	O	O	_	_	_	_	_	_
;	O	O	O	O	O	O	_	_	EndOfLine	_	_	_
# segment_iiif_link = https://impresso-project.ch/api/proxy/iiif/LLE-1968-07-12-a-p0032/1972,1606,389,63/full/0/default.jpg
ou	O	O	O	O	O	O	_	_	_	_	_	_
moins	O	O	O	O	O	O	_	_	_	_	_	_
marxistes	O	O	O	O	O	O	_	_	_	_	_	_
»	O	O	O	O	O	O	_	_	_	_	_	_
.	O	O	O	O	O	O	_	_	EndOfLine	EndOfSentence	_	_
# segment_iiif_link = https://impresso-project.ch/api/proxy/iiif/LLE-1968-07-12-a-p0032/2006,1641,811,63/full/0/default.jpg
«	O	O	O	O	O	O	_	_	_	_	_	_
Nous	O	O	O	O	O	O	_	_	_	_	_	_
refusons	O	O	O	O	O	O	_	_	_	_	_	_
categoriquement	O	O	O	O	O	O	_	_	_	_	_	_
,	O	O	O	O	O	O	_	_	_	_	_	_
comme	O	O	O	O	O	O	_	_	EndOfLine	_	_	_
# segment_iiif_link = https://impresso-project.ch/api/proxy/iiif/LLE-1968-07-12-a-p0032/1972,1676,857,63/full/0/default.jpg
inacceptables	O	O	O	O	O	O	_	_	_	_	_	_
et	O	O	O	O	O	O	_	_	_	_	_	_
fausses	O	O	O	O	O	O	_	_	_	_	_	_
,	O	O	O	O	O	O	_	_	_	_	_	_
ces	O	O	O	O	O	O	_	_	_	_	_	_
tendances	O	O	O	O	O	O	_	_	_	_	_	_
dun	O	O	O	O	O	O	_	_	_	_	_	_
retour	O	O	O	O	O	O	_	_	_	_	_	_
i	O	O	O	O	O	O	_	_	EndOfLine	_	_	_
# segment_iiif_link = https://impresso-project.ch/api/proxy/iiif/LLE-1968-07-12-a-p0032/1966,1711,863,65/full/0/default.jpg
lancienne	O	O	O	O	O	O	_	_	_	_	_	_
coneeption	O	O	O	O	O	O	_	_	_	_	_	_
de	O	O	O	O	O	O	_	_	_	_	_	_
lunite	O	O	O	O	O	O	_	_	_	_	_	_
monolithique	O	O	O	O	O	O	_	_	_	_	_	_
di	O	O	O	O	O	O	_	_	EndOfLine	_	_	_
# segment_iiif_link = https://impresso-project.ch/api/proxy/iiif/LLE-1968-07-12-a-p0032/1972,1746,857,65/full/0/default.jpg
parti	O	O	O	O	O	O	_	_	_	_	_	_
.	O	O	O	O	O	O	_	_	_	_	_	_
Elles	O	O	O	O	O	O	_	_	_	_	_	_
aboutiraient	O	O	O	O	O	O	_	_	_	_	_	_
ä	O	O	O	O	O	O	_	_	_	_	_	_
des	O	O	O	O	O	O	_	_	_	_	_	_
resultats	O	O	O	O	O	O	_	_	_	_	_	_
que	O	O	O	O	O	O	_	_	_	_	_	_
memi	O	O	O	O	O	O	_	_	EndOfLine	_	_	_
# segment_iiif_link = https://impresso-project.ch/api/proxy/iiif/LLE-1968-07-12-a-p0032/1972,1781,849,65/full/0/default.jpg
la	O	O	O	O	O	O	_	_	_	_	_	_
politique	O	O	O	O	O	O	_	_	_	_	_	_
anti	O	O	O	O	O	O	_	_	NoSpaceAfter	_	_	_
-	O	O	O	O	O	O	_	_	NoSpaceAfter	_	_	_
socialiste	O	O	O	O	O	O	_	_	_	_	_	_
la	O	O	O	O	O	O	_	_	_	_	_	_
plus	O	O	O	O	O	O	_	_	_	_	_	_
intense	O	O	O	O	O	O	_	_	_	_	_	_
narri	O	O	O	O	O	O	_	_	EndOfLine	_	_	_
# segment_iiif_link = https://impresso-project.ch/api/proxy/iiif/LLE-1968-07-12-a-p0032/1972,1818,852,63/full/0/default.jpg
verait	O	O	O	O	O	O	_	_	_	_	_	_
pas	O	O	O	O	O	O	_	_	_	_	_	_
ä	O	O	O	O	O	O	_	_	_	_	_	_
atteindre	O	O	O	O	O	O	_	_	_	_	_	_
,	O	O	O	O	O	O	_	_	_	_	_	_
surtout	O	O	O	O	O	O	_	_	_	_	_	_
si	O	O	O	O	O	O	_	_	_	_	_	_
elles	O	O	O	O	O	O	_	_	_	_	_	_
devaien	O	O	O	O	O	O	_	_	EndOfLine	_	_	_
# segment_iiif_link = https://impresso-project.ch/api/proxy/iiif/LLE-1968-07-12-a-p0032/1974,1853,859,63/full/0/default.jpg
etre	O	O	O	O	O	O	_	_	_	_	_	_
appuyees	O	O	O	O	O	O	_	_	_	_	_	_
par	O	O	O	O	O	O	_	_	_	_	_	_
des	O	O	O	O	O	O	_	_	_	_	_	_
allusions	O	O	O	O	O	O	_	_	_	_	_	_
ä	O	O	O	O	O	O	_	_	_	_	_	_
une	O	O	O	O	O	O	_	_	_	_	_	_
pressioi	O	O	O	O	O	O	_	_	EndOfLine	_	_	_
# segment_iiif_link = https://impresso-project.ch/api/proxy/iiif/LLE-1968-07-12-a-p0032/1972,1888,625,65/full/0/default.jpg
possible	O	O	O	O	O	O	_	_	_	_	_	_
economique	O	O	O	O	O	O	_	_	_	_	_	_
ou	O	O	O	O	O	O	_	_	_	_	_	_
militaire	O	O	O	O	O	O	_	_	_	_	_	_
.	O	O	O	O	O	O	_	_	_	_	_	_
»	O	O	O	O	O	O	_	_	EndOfLine	EndOfSentence	_	_

# language = fr
# newspaper = LLE
# date = 1974-11-28
# document_id = LLE-1974-11-28-a-i0060
# news-agency-as-source = Q430109
# segment_iiif_link = https://impresso-project.ch/api/proxy/iiif/LLE-1974-11-28-a-p0003/2999,2693,48,115/full/0/default.jpg
RI	O	O	O	O	O	O	_	_	EndOfLine	_	_	_
# segment_iiif_link = https://impresso-project.ch/api/proxy/iiif/LLE-1974-11-28-a-p0003/2977,2786,70,118/full/0/default.jpg
DE	O	O	O	O	O	O	_	_	EndOfLine	_	_	_
# segment_iiif_link = https://impresso-project.ch/api/proxy/iiif/LLE-1974-11-28-a-p0003/2999,2690,640,118/full/0/default.jpg
RECHERCHE	O	O	O	O	O	O	_	_	_	_	_	_
APPLIQUEE	O	O	O	O	O	O	_	_	EndOfLine	_	_	_
# segment_iiif_link = https://impresso-project.ch/api/proxy/iiif/LLE-1974-11-28-a-p0003/2999,2781,687,118/full/0/default.jpg
IE	O	O	O	O	O	O	_	_	_	_	_	_
LENERGIE	O	O	O	O	O	O	_	_	_	_	_	_
NUCLEAIRE	O	O	O	O	O	O	_	_	EndOfLine	_	_	_
# segment_iiif_link = https://impresso-project.ch/api/proxy/iiif/LLE-1974-11-28-a-p0003/3079,2888,685,63/full/0/default.jpg
aussi	O	O	O	O	O	O	_	_	_	_	_	_
au	O	O	O	O	O	O	_	_	_	_	_	_
projet	O	O	O	O	O	O	_	_	_	_	_	_
de	O	O	O	O	O	O	_	_	_	_	_	_
reacteurs	O	O	O	O	O	O	_	_	_	_	_	_
ä	O	O	O	O	O	O	_	_	_	_	_	_
haute	O	O	O	O	O	O	_	_	EndOfLine	_	_	_
# segment_iiif_link = https://impresso-project.ch/api/proxy/iiif/LLE-1974-11-28-a-p0003/3079,2923,672,63/full/0/default.jpg
temperature	O	O	O	O	O	O	_	_	_	_	_	_
qui	O	O	O	O	O	O	_	_	_	_	_	_
a	O	O	O	O	O	O	_	_	_	_	_	_
necessite	O	O	O	O	O	O	_	_	_	_	_	_
la	O	O	O	O	O	O	_	_	EndOfLine	_	_	_
# segment_iiif_link = https://impresso-project.ch/api/proxy/iiif/LLE-1974-11-28-a-p0003/3079,2958,683,63/full/0/default.jpg
collaboration	O	O	O	O	O	O	_	_	_	_	_	_
conjointe	O	O	O	O	O	O	_	_	_	_	_	_
de	O	O	O	O	O	O	_	_	_	_	_	_
lindustrie	O	O	O	O	O	O	_	_	_	_	_	_
suisse	O	O	O	O	O	O	_	_	_	_	_	_
et	O	O	O	O	O	O	_	_	EndOfLine	_	_	_
# segment_iiif_link = https://impresso-project.ch/api/proxy/iiif/LLE-1974-11-28-a-p0003/3077,2993,687,63/full/0/default.jpg
de	O	O	O	O	O	O	_	_	_	_	_	_
lindustrie	O	O	O	O	O	O	_	_	_	_	_	_
ouest	O	O	O	O	O	O	_	_	NoSpaceAfter	_	_	_
-	O	O	O	O	O	O	_	_	NoSpaceAfter	_	_	_
allemande	O	O	O	O	O	O	_	_	_	_	_	_
.	O	O	O	O	O	O	_	_	_	EndOfSentence	_	_
MM	O	O	O	O	O	O	_	_	_	_	_	_
.	O	O	O	O	O	O	_	_	EndOfLine	EndOfSentence	_	_
# segment_iiif_link = https://impresso-project.ch/api/proxy/iiif/LLE-1974-11-28-a-p0003/3079,3028,683,63/full/0/default.jpg
Jauslin	O	O	O	O	O	O	_	_	_	_	_	_
(	O	O	O	O	O	O	_	_	_	_	_	_
Rad	O	O	O	O	O	O	_	_	_	_	_	_
/	O	O	O	O	O	O	_	_	_	_	_	_
BL	O	O	O	O	O	O	_	_	_	_	_	_
)	O	O	O	O	O	O	_	_	_	_	_	_
et	O	O	O	O	O	O	_	_	_	_	_	_
Reimann	B-org	O	B-org.ent.pressagency.Reuters	O	O	O	_	_	_	_	_	_
(	O	O	O	O	O	O	_	_	_	_	_	_
PDC	O	O	O	O	O	O	_	_	_	_	_	_
/	O	O	O	O	O	O	_	_	EndOfLine	_	_	_
# segment_iiif_link = https://impresso-project.ch/api/proxy/iiif/LLE-1974-11-28-a-p0003/3077,3063,685,63/full/0/default.jpg
AG	O	O	O	O	O	O	_	_	_	_	_	_
)	O	O	O	O	O	O	_	_	_	_	_	_
se	O	O	O	O	O	O	_	_	_	_	_	_
montrent	O	O	O	O	O	O	_	_	_	_	_	_
moins	O	O	O	O	O	O	_	_	_	_	_	_
critiques	O	O	O	O	O	O	_	_	_	_	_	_
.	O	O	O	O	O	O	_	_	_	EndOfSentence	_	_
Ca	O	O	O	O	O	O	_	_	EndOfLine	_	_	_
# segment_iiif_link = https://impresso-project.ch/api/proxy/iiif/LLE-1974-11-28-a-p0003/3077,3099,674,63/full/0/default.jpg
dernier	O	O	O	O	O	O	_	_	_	_	_	_
regrette	O	O	O	O	O	O	_	_	_	_	_	_
toutefois	O	O	O	O	O	O	_	_	_	_	_	_
que	O	O	O	O	O	O	_	_	_	_	_	_
les	O	O	O	O	O	O	_	_	EndOfLine	_	_	_
# segment_iiif_link = https://impresso-project.ch/api/proxy/iiif/LLE-1974-11-28-a-p0003/3077,3134,685,63/full/0/default.jpg
perspectives	O	O	O	O	O	O	_	_	_	_	_	_
de	O	O	O	O	O	O	_	_	_	_	_	_
financement	O	O	O	O	O	O	_	_	_	_	_	_
ne	O	O	O	O	O	O	_	_	_	_	_	_
soient	O	O	O	O	O	O	_	_	_	_	_	_
pas	O	O	O	O	O	O	_	_	EndOfLine	_	_	_
# segment_iiif_link = https://impresso-project.ch/api/proxy/iiif/LLE-1974-11-28-a-p0003/3077,3169,685,63/full/0/default.jpg
etudiees	O	O	O	O	O	O	_	_	_	_	_	_
avec	O	O	O	O	O	O	_	_	_	_	_	_
suffisamment	O	O	O	O	O	O	_	_	_	_	_	_
de	O	O	O	O	O	O	_	_	_	_	_	_
soin	O	O	O	O	O	O	_	_	EndOfLine	_	_	_
# segment_iiif_link = https://impresso-project.ch/api/proxy/iiif/LLE-1974-11-28-a-p0003/3077,3204,685,63/full/0/default.jpg
dans	O	O	O	O	O	O	_	_	_	_	_	_
le	O	O	O	O	O	O	_	_	_	_	_	_
rapport	O	O	O	O	O	O	_	_	_	_	_	_
.	O	O	O	O	O	O	_	_	_	EndOfSentence	_	_
Le	O	O	O	O	O	O	_	_	_	_	_	_
conseiller	O	O	O	O	O	O	_	_	_	_	_	_
federal	O	O	O	O	O	O	_	_	EndOfLine	_	_	_
# segment_iiif_link = https://impresso-project.ch/api/proxy/iiif/LLE-1974-11-28-a-p0003/3077,3239,674,65/full/0/default.jpg
Huerlimann	O	O	O	O	O	O	_	_	_	_	_	_
defend	O	O	O	O	O	O	_	_	_	_	_	_
linstitut	O	O	O	O	O	O	_	_	_	_	_	_
.	O	O	O	O	O	O	_	_	_	EndOfSentence	_	_
Le	O	O	O	O	O	O	_	_	_	_	_	_
Dio	O	O	O	O	O	O	_	_	EndOfLine	_	_	_
# segment_iiif_link = https://impresso-project.ch/api/proxy/iiif/LLE-1974-11-28-a-p0003/3079,3274,672,65/full/0/default.jpg
rit	O	O	O	O	O	O	_	_	_	_	_	_
mis	O	O	O	O	O	O	_	_	_	_	_	_
en	O	O	O	O	O	O	_	_	_	_	_	_
service	O	O	O	O	O	O	_	_	_	_	_	_
en	O	O	O	O	O	O	_	_	_	_	_	_
1960	O	O	O	O	O	O	_	_	_	_	_	_
a	O	O	O	O	O	O	_	_	_	_	_	_
ete	O	O	O	O	O	O	_	_	EndOfLine	_	_	_
# segment_iiif_link = https://impresso-project.ch/api/proxy/iiif/LLE-1974-11-28-a-p0003/3077,3309,687,65/full/0/default.jpg
deconnecte	O	O	O	O	O	O	_	_	_	_	_	_
pour	O	O	O	O	O	O	_	_	_	_	_	_
des	O	O	O	O	O	O	_	_	_	_	_	_
raisons	O	O	O	O	O	O	_	_	_	_	_	_
deconomie	O	O	O	O	O	O	_	_	_	_	_	_
:	O	O	O	O	O	O	_	_	_	_	_	_
son	O	O	O	O	O	O	_	_	EndOfLine	_	_	_
# segment_iiif_link = https://impresso-project.ch/api/proxy/iiif/LLE-1974-11-28-a-p0003/3077,3346,685,63/full/0/default.jpg
maintien	O	O	O	O	O	O	_	_	_	_	_	_
en	O	O	O	O	O	O	_	_	_	_	_	_
service	O	O	O	O	O	O	_	_	_	_	_	_
revenait	O	O	O	O	O	O	_	_	_	_	_	_
ä	O	O	O	O	O	O	_	_	_	_	_	_
trois	O	O	O	O	O	O	_	_	EndOfLine	_	_	_
# segment_iiif_link = https://impresso-project.ch/api/proxy/iiif/LLE-1974-11-28-a-p0003/3077,3381,672,63/full/0/default.jpg
millions	O	O	O	O	O	O	_	_	_	_	_	_
de	O	O	O	O	O	O	_	_	_	_	_	_
francs	O	O	O	O	O	O	_	_	_	_	_	_
par	O	O	O	O	O	O	_	_	_	_	_	_
annee	O	O	O	O	O	O	_	_	_	_	_	_
.	O	O	O	O	O	O	_	_	_	EndOfSentence	_	_
La	O	O	O	O	O	O	_	_	EndOfLine	_	_	_
# segment_iiif_link = https://impresso-project.ch/api/proxy/iiif/LLE-1974-11-28-a-p0003/3077,3416,675,63/full/0/default.jpg
formation	O	O	O	O	O	O	_	_	_	_	_	_
du	O	O	O	O	O	O	_	_	_	_	_	_
personnel	O	O	O	O	O	O	_	_	_	_	_	_
specialise	O	O	O	O	O	O	_	_	EndOfLine	_	_	_
# segment_iiif_link = https://impresso-project.ch/api/proxy/iiif/LLE-1974-11-28-a-p0003/3079,3450,672,64/full/0/default.jpg
demeure	O	O	O	O	O	O	_	_	_	_	_	_
assuree	O	O	O	O	O	O	_	_	_	_	_	_
.	O	O	O	O	O	O	_	_	_	EndOfSentence	_	_
Linstitut	O	O	O	O	O	O	_	_	_	_	_	_
assume	O	O	O	O	O	O	_	_	_	_	_	_
une	O	O	O	O	O	O	_	_	EndOfLine	_	_	_
# segment_iiif_link = https://impresso-project.ch/api/proxy/iiif/LLE-1974-11-28-a-p0003/3077,3485,685,64/full/0/default.jpg
fonetion	O	O	O	O	O	O	_	_	_	_	_	_
importante	O	O	O	O	O	O	_	_	_	_	_	_
:	O	O	O	O	O	O	_	_	_	_	_	_
il	O	O	O	O	O	O	_	_	_	_	_	_
doit	O	O	O	O	O	O	_	_	_	_	_	_
permettre	O	O	O	O	O	O	_	_	_	_	_	_
de	O	O	O	O	O	O	_	_	EndOfLine	_	_	_
# segment_iiif_link = https://impresso-project.ch/api/proxy/iiif/LLE-1974-11-28-a-p0003/3077,3520,674,64/full/0/default.jpg
developper	O	O	O	O	O	O	_	_	_	_	_	_
de	O	O	O	O	O	O	_	_	_	_	_	_
nouveaux	O	O	O	O	O	O	_	_	_	_	_	_
moyens	O	O	O	O	O	O	_	_	EndOfLine	_	_	_
# segment_iiif_link = https://impresso-project.ch/api/proxy/iiif/LLE-1974-11-28-a-p0003/3075,3557,685,63/full/0/default.jpg
techniques	O	O	O	O	O	O	_	_	_	_	_	_
au	O	O	O	O	O	O	_	_	_	_	_	_
service	O	O	O	O	O	O	_	_	_	_	_	_
de	O	O	O	O	O	O	_	_	_	_	_	_
notre	O	O	O	O	O	O	_	_	_	_	_	_
produetion	O	O	O	O	O	O	_	_	EndOfLine	_	_	_
# segment_iiif_link = https://impresso-project.ch/api/proxy/iiif/LLE-1974-11-28-a-p0003/3075,3592,687,63/full/0/default.jpg
denergie	O	O	O	O	O	O	_	_	_	_	_	_
.	O	O	O	O	O	O	_	_	_	EndOfSentence	_	_
II	O	O	O	O	O	O	_	_	_	_	_	_
assure	O	O	O	O	O	O	_	_	_	_	_	_
en	O	O	O	O	O	O	_	_	_	_	_	_
deuxieme	O	O	O	O	O	O	_	_	_	_	_	_
lieu	O	O	O	O	O	O	_	_	EndOfLine	_	_	_
# segment_iiif_link = https://impresso-project.ch/api/proxy/iiif/LLE-1974-11-28-a-p0003/3077,3627,670,63/full/0/default.jpg
une	O	O	O	O	O	O	_	_	_	_	_	_
bonne	O	O	O	O	O	O	_	_	_	_	_	_
formation	O	O	O	O	O	O	_	_	_	_	_	_
au	O	O	O	O	O	O	_	_	_	_	_	_
personnel	O	O	O	O	O	O	_	_	EndOfLine	_	_	_
# segment_iiif_link = https://impresso-project.ch/api/proxy/iiif/LLE-1974-11-28-a-p0003/3075,3662,672,63/full/0/default.jpg
specialise	O	O	O	O	O	O	_	_	_	_	_	_
dans	O	O	O	O	O	O	_	_	_	_	_	_
le	O	O	O	O	O	O	_	_	_	_	_	_
domaine	O	O	O	O	O	O	_	_	_	_	_	_
nucleaire	O	O	O	O	O	O	_	_	_	_	_	_
.	O	O	O	O	O	O	_	_	EndOfLine	EndOfSentence	_	_
# segment_iiif_link = https://impresso-project.ch/api/proxy/iiif/LLE-1974-11-28-a-p0003/3077,3697,682,63/full/0/default.jpg
Enfin	O	O	O	O	O	O	_	_	_	_	_	_
,	O	O	O	O	O	O	_	_	_	_	_	_
il	O	O	O	O	O	O	_	_	_	_	_	_
contribue	O	O	O	O	O	O	_	_	_	_	_	_
ä	O	O	O	O	O	O	_	_	_	_	_	_
une	O	O	O	O	O	O	_	_	_	_	_	_
evaluation	O	O	O	O	O	O	_	_	_	_	_	_
des	O	O	O	O	O	O	_	_	EndOfLine	_	_	_
# segment_iiif_link = https://impresso-project.ch/api/proxy/iiif/LLE-1974-11-28-a-p0003/3077,3732,682,63/full/0/default.jpg
acquisitions	O	O	O	O	O	O	_	_	_	_	_	_
obtenues	O	O	O	O	O	O	_	_	_	_	_	_
par	O	O	O	O	O	O	_	_	_	_	_	_
la	O	O	O	O	O	O	_	_	_	_	_	_
science	O	O	O	O	O	O	_	_	_	_	_	_
et	O	O	O	O	O	O	_	_	EndOfLine	_	_	_
# segment_iiif_link = https://impresso-project.ch/api/proxy/iiif/LLE-1974-11-28-a-p0003/3077,3767,683,63/full/0/default.jpg
la	O	O	O	O	O	O	_	_	_	_	_	_
technique	O	O	O	O	O	O	_	_	_	_	_	_
dans	O	O	O	O	O	O	_	_	_	_	_	_
le	O	O	O	O	O	O	_	_	_	_	_	_
domaine	O	O	O	O	O	O	_	_	_	_	_	_
nucleaire	O	O	O	O	O	O	_	_	_	_	_	_
.	O	O	O	O	O	O	_	_	EndOfLine	EndOfSentence	_	_
# segment_iiif_link = https://impresso-project.ch/api/proxy/iiif/LLE-1974-11-28-a-p0003/3075,3802,687,63/full/0/default.jpg
Aueun	O	O	O	O	O	O	_	_	_	_	_	_
pays	O	O	O	O	O	O	_	_	_	_	_	_
industrialise	O	O	O	O	O	O	_	_	_	_	_	_
n	O	O	O	O	O	O	_	_	_	_	_	_
a	O	O	O	O	O	O	_	_	_	_	_	_
renonce	O	O	O	O	O	O	_	_	_	_	_	_
,	O	O	O	O	O	O	_	_	EndOfLine	_	_	_
# segment_iiif_link = https://impresso-project.ch/api/proxy/iiif/LLE-1974-11-28-a-p0003/3075,3837,672,63/full/0/default.jpg
jusquä	O	O	O	O	O	O	_	_	_	_	_	_
present	O	O	O	O	O	O	_	_	_	_	_	_
,	O	O	O	O	O	O	_	_	_	_	_	_
ä	O	O	O	O	O	O	_	_	_	_	_	_
poursuivre	O	O	O	O	O	O	_	_	_	_	_	_
ses	O	O	O	O	O	O	_	_	EndOfLine	_	_	_
# segment_iiif_link = https://impresso-project.ch/api/proxy/iiif/LLE-1974-11-28-a-p0003/3077,3872,683,63/full/0/default.jpg
efforts	O	O	O	O	O	O	_	_	_	_	_	_
en	O	O	O	O	O	O	_	_	_	_	_	_
matiere	O	O	O	O	O	O	_	_	_	_	_	_
de	O	O	O	O	O	O	_	_	_	_	_	_
recherche	O	O	O	O	O	O	_	_	_	_	_	_
applique	O	O	O	O	O	O	_	_	_	_	_	_
«	O	O	O	O	O	O	_	_	EndOfLine	_	_	_
# segment_iiif_link = https://impresso-project.ch/api/proxy/iiif/LLE-1974-11-28-a-p0003/3075,3907,687,63/full/0/default.jpg
dans	O	O	O	O	O	O	_	_	_	_	_	_
le	O	O	O	O	O	O	_	_	_	_	_	_
secteur	O	O	O	O	O	O	_	_	_	_	_	_
de	O	O	O	O	O	O	_	_	_	_	_	_
l	O	O	O	O	O	O	_	_	_	_	_	_
energie	O	O	O	O	O	O	_	_	_	_	_	_
nucleaire	O	O	O	O	O	O	_	_	_	_	_	_
.	O	O	O	O	O	O	_	_	EndOfLine	EndOfSentence	_	_
# segment_iiif_link = https://impresso-project.ch/api/proxy/iiif/LLE-1974-11-28-a-p0003/3112,3943,645,64/full/0/default.jpg
Le	O	O	O	O	O	O	_	_	_	_	_	_
rapport	O	O	O	O	O	O	_	_	_	_	_	_
du	O	O	O	O	O	O	_	_	_	_	_	_
Conseil	O	O	O	O	O	O	_	_	_	_	_	_
federal	O	O	O	O	O	O	_	_	_	_	_	_
sur	O	O	O	O	O	O	_	_	EndOfLine	_	_	_
# segment_iiif_link = https://impresso-project.ch/api/proxy/iiif/LLE-1974-11-28-a-p0003/3075,3977,687,63/full/0/default.jpg
lIFR	O	O	O	O	O	O	_	_	_	_	_	_
est	O	O	O	O	O	O	_	_	_	_	_	_
finaiement	O	O	O	O	O	O	_	_	_	_	_	_
agree	O	O	O	O	O	O	_	_	_	_	_	_
tacitement	O	O	O	O	O	O	_	_	_	_	_	_
.	O	O	O	O	O	O	_	_	EndOfLine	EndOfSentence	_	_
# segment_iiif_link = https://impresso-project.ch/api/proxy/iiif/LLE-1974-11-28-a-p0003/3297,4043,297,88/full/0/default.jpg
Autres	O	O	O	O	O	O	_	_	_	_	_	_
sujets	O	O	O	O	O	O	_	_	EndOfLine	_	_	_
# segment_iiif_link = https://impresso-project.ch/api/proxy/iiif/LLE-1974-11-28-a-p0003/3110,4115,649,63/full/0/default.jpg
La	O	O	O	O	O	O	_	_	_	_	_	_
Chambre	O	O	O	O	O	O	_	_	_	_	_	_
des	O	O	O	O	O	O	_	_	_	_	_	_
cantons	O	O	O	O	O	O	_	_	_	_	_	_
a	O	O	O	O	O	O	_	_	_	_	_	_
egalement	O	O	O	O	O	O	_	_	EndOfLine	_	_	_
# segment_iiif_link = https://impresso-project.ch/api/proxy/iiif/LLE-1974-11-28-a-p0003/3075,4148,684,65/full/0/default.jpg
ratifie	O	O	O	O	O	O	_	_	_	_	_	_
,	O	O	O	O	O	O	_	_	_	_	_	_
avant	O	O	O	O	O	O	_	_	_	_	_	_
le	O	O	O	O	O	O	_	_	_	_	_	_
Conseil	O	O	O	O	O	O	_	_	_	_	_	_
national	O	O	O	O	O	O	_	_	_	_	_	_
,	O	O	O	O	O	O	_	_	_	_	_	_
la	O	O	O	O	O	O	_	_	EndOfLine	_	_	_
# segment_iiif_link = https://impresso-project.ch/api/proxy/iiif/LLE-1974-11-28-a-p0003/3075,4183,684,65/full/0/default.jpg
Prorogation	O	O	O	O	O	O	_	_	_	_	_	_
de	O	O	O	O	O	O	_	_	_	_	_	_
l	O	O	O	O	O	O	_	_	_	_	_	_
accord	O	O	O	O	O	O	_	_	_	_	_	_
sur	O	O	O	O	O	O	_	_	_	_	_	_
le	O	O	O	O	O	O	_	_	_	_	_	_
bie	O	O	O	O	O	O	_	_	_	_	_	_
de	O	O	O	O	O	O	_	_	EndOfLine	_	_	_
# segment_iiif_link = https://impresso-project.ch/api/proxy/iiif/LLE-1974-11-28-a-p0003/3077,4220,680,63/full/0/default.jpg
1971	O	O	O	O	O	O	_	_	_	_	_	_
conclu	O	O	O	O	O	O	_	_	_	_	_	_
par	O	O	O	O	O	O	_	_	_	_	_	_
38	O	O	O	O	O	O	_	_	_	_	_	_
pays	O	O	O	O	O	O	_	_	_	_	_	_
importateurs	O	O	O	O	O	O	_	_	_	_	_	_
et	O	O	O	O	O	O	_	_	EndOfLine	_	_	_
# segment_iiif_link = https://impresso-project.ch/api/proxy/iiif/LLE-1974-11-28-a-p0003/3075,4255,685,63/full/0/default.jpg
9	O	O	O	O	O	O	_	_	_	_	_	_
pays	O	O	O	O	O	O	_	_	_	_	_	_
exportateurs	O	O	O	O	O	O	_	_	_	_	_	_
,	O	O	O	O	O	O	_	_	_	_	_	_
ainsi	O	O	O	O	O	O	_	_	_	_	_	_
que	O	O	O	O	O	O	_	_	_	_	_	_
par	O	O	O	O	O	O	_	_	_	_	_	_
les	O	O	O	O	O	O	_	_	EndOfLine	_	_	_
# segment_iiif_link = https://impresso-project.ch/api/proxy/iiif/LLE-1974-11-28-a-p0003/3075,4291,674,64/full/0/default.jpg
9	O	O	O	O	O	O	_	_	_	_	_	_
Etats	O	O	O	O	O	O	_	_	_	_	_	_
membres	O	O	O	O	O	O	_	_	_	_	_	_
de	O	O	O	O	O	O	_	_	_	_	_	_
la	O	O	O	O	O	O	_	_	_	_	_	_
CEE	O	O	O	O	O	O	_	_	_	_	_	_
.	O	O	O	O	O	O	_	_	_	EndOfSentence	_	_
Les	O	O	O	O	O	O	_	_	EndOfLine	_	_	_
# segment_iiif_link = https://impresso-project.ch/api/proxy/iiif/LLE-1974-11-28-a-p0003/3075,4326,671,64/full/0/default.jpg
Conventions	O	O	O	O	O	O	_	_	_	_	_	_
que	O	O	O	O	O	O	_	_	_	_	_	_
comprend	O	O	O	O	O	O	_	_	_	_	_	_
cet	O	O	O	O	O	O	_	_	_	_	_	_
accord	O	O	O	O	O	O	_	_	EndOfLine	_	_	_
# segment_iiif_link = https://impresso-project.ch/api/proxy/iiif/LLE-1974-11-28-a-p0003/3075,4361,671,64/full/0/default.jpg
reglementent	O	O	O	O	O	O	_	_	_	_	_	_
le	O	O	O	O	O	O	_	_	_	_	_	_
commerce	O	O	O	O	O	O	_	_	_	_	_	_
du	O	O	O	O	O	O	_	_	_	_	_	_
ble	O	O	O	O	O	O	_	_	_	_	_	_
et	O	O	O	O	O	O	_	_	EndOfLine	_	_	_
# segment_iiif_link = https://impresso-project.ch/api/proxy/iiif/LLE-1974-11-28-a-p0003/3075,4396,671,63/full/0/default.jpg
prevoient	O	O	O	O	O	O	_	_	_	_	_	_
une	O	O	O	O	O	O	_	_	_	_	_	_
aide	O	O	O	O	O	O	_	_	_	_	_	_
alimentaire	O	O	O	O	O	O	_	_	_	_	_	_
pour	O	O	O	O	O	O	_	_	EndOfLine	_	_	_
# segment_iiif_link = https://impresso-project.ch/api/proxy/iiif/LLE-1974-11-28-a-p0003/3075,4429,684,64/full/0/default.jpg
laquelle	O	O	O	O	O	O	_	_	_	_	_	_
la	O	O	O	O	O	O	_	_	_	_	_	_
part	O	O	O	O	O	O	_	_	_	_	_	_
de	O	O	O	O	O	O	_	_	_	_	_	_
la	O	O	O	O	O	O	_	_	_	_	_	_
Suisse	O	O	O	O	O	O	_	_	_	_	_	_
a	O	O	O	O	O	O	_	_	_	_	_	_
ete	O	O	O	O	O	O	_	_	_	_	_	_
fixee	O	O	O	O	O	O	_	_	EndOfLine	_	_	_
# segment_iiif_link = https://impresso-project.ch/api/proxy/iiif/LLE-1974-11-28-a-p0003/3075,4466,672,63/full/0/default.jpg
ä	O	O	O	O	O	O	_	_	_	_	_	_
326	O	O	O	O	O	O	_	_	_	_	_	_
000	O	O	O	O	O	O	_	_	_	_	_	_
tonnes	O	O	O	O	O	O	_	_	_	_	_	_
et	O	O	O	O	O	O	_	_	_	_	_	_
ses	O	O	O	O	O	O	_	_	_	_	_	_
depenses	O	O	O	O	O	O	_	_	EndOfLine	_	_	_
# segment_iiif_link = https://impresso-project.ch/api/proxy/iiif/LLE-1974-11-28-a-p0003/3075,4501,685,63/full/0/default.jpg
evaluees	O	O	O	O	O	O	_	_	_	_	_	_
ä	O	O	O	O	O	O	_	_	_	_	_	_
environ	O	O	O	O	O	O	_	_	_	_	_	_
13	O	O	O	O	O	O	_	_	_	_	_	_
millions	O	O	O	O	O	O	_	_	_	_	_	_
de	O	O	O	O	O	O	_	_	_	_	_	_
francs	O	O	O	O	O	O	_	_	_	_	_	_
.	O	O	O	O	O	O	_	_	EndOfLine	EndOfSentence	_	_
# segment_iiif_link = https://impresso-project.ch/api/proxy/iiif/LLE-1974-11-28-a-p0003/3109,4544,648,64/full/0/default.jpg
Quatre	O	O	O	O	O	O	_	_	_	_	_	_
divergences	O	O	O	O	O	O	_	_	_	_	_	_
subsisteront	O	O	O	O	O	O	_	_	_	_	_	_
dans	O	O	O	O	O	O	_	_	EndOfLine	_	_	_
# segment_iiif_link = https://impresso-project.ch/api/proxy/iiif/LLE-1974-11-28-a-p0003/3074,4579,673,64/full/0/default.jpg
le	O	O	O	O	O	O	_	_	_	_	_	_
texte	O	O	O	O	O	O	_	_	_	_	_	_
de	O	O	O	O	O	O	_	_	_	_	_	_
la	O	O	O	O	O	O	_	_	_	_	_	_
future	O	O	O	O	O	O	_	_	_	_	_	_
loi	O	O	O	O	O	O	_	_	_	_	_	_
sur	O	O	O	O	O	O	_	_	_	_	_	_
la	O	O	O	O	O	O	_	_	EndOfLine	_	_	_
# segment_iiif_link = https://impresso-project.ch/api/proxy/iiif/LLE-1974-11-28-a-p0003/3074,4614,688,64/full/0/default.jpg
circulation	O	O	O	O	O	O	_	_	_	_	_	_
routiere	O	O	O	O	O	O	_	_	_	_	_	_
.	O	O	O	O	O	O	_	_	_	EndOfSentence	_	_
Le	O	O	O	O	O	O	_	_	_	_	_	_
Conseil	O	O	O	O	O	O	_	_	_	_	_	_
des	O	O	O	O	O	O	_	_	_	_	_	_
Etats	O	O	O	O	O	O	_	_	_	_	_	_
a	O	O	O	O	O	O	_	_	_	_	_	_
,	O	O	O	O	O	O	_	_	EndOfLine	_	_	_
# segment_iiif_link = https://impresso-project.ch/api/proxy/iiif/LLE-1974-11-28-a-p0003/3072,4648,688,65/full/0/default.jpg
en	O	O	O	O	O	O	_	_	_	_	_	_
effet	O	O	O	O	O	O	_	_	_	_	_	_
,	O	O	O	O	O	O	_	_	_	_	_	_
suivi	O	O	O	O	O	O	_	_	_	_	_	_
l	O	O	O	O	O	O	_	_	_	_	_	_
avis	O	O	O	O	O	O	_	_	_	_	_	_
de	O	O	O	O	O	O	_	_	_	_	_	_
sa	O	O	O	O	O	O	_	_	_	_	_	_
commission	O	O	O	O	O	O	_	_	EndOfLine	_	_	_
# segment_iiif_link = https://impresso-project.ch/api/proxy/iiif/LLE-1974-11-28-a-p0003/3074,4683,686,65/full/0/default.jpg
qui	O	O	O	O	O	O	_	_	_	_	_	_
n	O	O	O	O	O	O	_	_	_	_	_	_
a	O	O	O	O	O	O	_	_	_	_	_	_
pas	O	O	O	O	O	O	_	_	_	_	_	_
voulu	O	O	O	O	O	O	_	_	_	_	_	_
se	O	O	O	O	O	O	_	_	_	_	_	_
rallier	O	O	O	O	O	O	_	_	_	_	_	_
au	O	O	O	O	O	O	_	_	_	_	_	_
point	O	O	O	O	O	O	_	_	_	_	_	_
de	O	O	O	O	O	O	_	_	EndOfLine	_	_	_
# segment_iiif_link = https://impresso-project.ch/api/proxy/iiif/LLE-1974-11-28-a-p0003/3074,4719,672,63/full/0/default.jpg
vue	O	O	O	O	O	O	_	_	_	_	_	_
du	O	O	O	O	O	O	_	_	_	_	_	_
Conseil	O	O	O	O	O	O	_	_	_	_	_	_
national	O	O	O	O	O	O	_	_	_	_	_	_
sur	O	O	O	O	O	O	_	_	_	_	_	_
quatre	O	O	O	O	O	O	_	_	EndOfLine	_	_	_
# segment_iiif_link = https://impresso-project.ch/api/proxy/iiif/LLE-1974-11-28-a-p0003/3072,4754,687,63/full/0/default.jpg
articles	O	O	O	O	O	O	_	_	_	_	_	_
de	O	O	O	O	O	O	_	_	_	_	_	_
la	O	O	O	O	O	O	_	_	_	_	_	_
loi	O	O	O	O	O	O	_	_	_	_	_	_
.	O	O	O	O	O	O	_	_	_	EndOfSentence	_	_
Les	O	O	O	O	O	O	_	_	_	_	_	_
representants	O	O	O	O	O	O	_	_	_	_	_	_
du	O	O	O	O	O	O	_	_	EndOfLine	_	_	_
# segment_iiif_link = https://impresso-project.ch/api/proxy/iiif/LLE-1974-11-28-a-p0003/3072,4787,685,65/full/0/default.jpg
peuple	O	O	O	O	O	O	_	_	_	_	_	_
devront	O	O	O	O	O	O	_	_	_	_	_	_
donc	O	O	O	O	O	O	_	_	_	_	_	_
encore	O	O	O	O	O	O	_	_	_	_	_	_
deliberer	O	O	O	O	O	O	_	_	EndOfLine	_	_	_
# segment_iiif_link = https://impresso-project.ch/api/proxy/iiif/LLE-1974-11-28-a-p0003/3074,4824,672,63/full/0/default.jpg
sur	O	O	O	O	O	O	_	_	_	_	_	_
le	O	O	O	O	O	O	_	_	_	_	_	_
projet	O	O	O	O	O	O	_	_	_	_	_	_
de	O	O	O	O	O	O	_	_	_	_	_	_
loi	O	O	O	O	O	O	_	_	_	_	_	_
afin	O	O	O	O	O	O	_	_	_	_	_	_
de	O	O	O	O	O	O	_	_	_	_	_	_
tenter	O	O	O	O	O	O	_	_	_	_	_	_
d	O	O	O	O	O	O	_	_	EndOfLine	_	_	_
# segment_iiif_link = https://impresso-project.ch/api/proxy/iiif/LLE-1974-11-28-a-p0003/3074,4857,376,65/full/0/default.jpg
eliminer	O	O	O	O	O	O	_	_	_	_	_	_
ces	O	O	O	O	O	O	_	_	_	_	_	_
divergences	O	O	O	O	O	O	_	_	_	_	_	_
.	O	O	O	O	O	O	_	_	EndOfLine	EndOfSentence	_	_
# segment_iiif_link = https://impresso-project.ch/api/proxy/iiif/LLE-1974-11-28-a-p0003/3107,4892,648,65/full/0/default.jpg
En	O	O	O	O	O	O	_	_	_	_	_	_
outre	O	O	O	O	O	O	_	_	_	_	_	_
,	O	O	O	O	O	O	_	_	_	_	_	_
les	O	O	O	O	O	O	_	_	_	_	_	_
senateurs	O	O	O	O	O	O	_	_	_	_	_	_
ont	O	O	O	O	O	O	_	_	_	_	_	_
donne	O	O	O	O	O	O	_	_	EndOfLine	_	_	_
# segment_iiif_link = https://impresso-project.ch/api/proxy/iiif/LLE-1974-11-28-a-p0003/3074,4929,683,63/full/0/default.jpg
leur	O	O	O	O	O	O	_	_	_	_	_	_
agrement	O	O	O	O	O	O	_	_	_	_	_	_
ä	O	O	O	O	O	O	_	_	_	_	_	_
la	O	O	O	O	O	O	_	_	_	_	_	_
gestion	O	O	O	O	O	O	_	_	_	_	_	_
et	O	O	O	O	O	O	_	_	_	_	_	_
au	O	O	O	O	O	O	_	_	_	_	_	_
compte	O	O	O	O	O	O	_	_	EndOfLine	_	_	_
# segment_iiif_link = https://impresso-project.ch/api/proxy/iiif/LLE-1974-11-28-a-p0003/3072,4964,682,63/full/0/default.jpg
de	O	O	O	O	O	O	_	_	_	_	_	_
la	O	O	O	O	O	O	_	_	_	_	_	_
Regie	O	O	O	O	O	O	_	_	_	_	_	_
federale	O	O	O	O	O	O	_	_	_	_	_	_
des	O	O	O	O	O	O	_	_	_	_	_	_
alcools	O	O	O	O	O	O	_	_	_	_	_	_
dont	O	O	O	O	O	O	_	_	EndOfLine	_	_	_
# segment_iiif_link = https://impresso-project.ch/api/proxy/iiif/LLE-1974-11-28-a-p0003/3072,4999,682,63/full/0/default.jpg
le	O	O	O	O	O	O	_	_	_	_	_	_
benefice	O	O	O	O	O	O	_	_	_	_	_	_
est	O	O	O	O	O	O	_	_	_	_	_	_
reparti	O	O	O	O	O	O	_	_	_	_	_	_
en	O	O	O	O	O	O	_	_	_	_	_	_
deux	O	O	O	O	O	O	_	_	_	_	_	_
parts	O	O	O	O	O	O	_	_	EndOfLine	_	_	_
# segment_iiif_link = https://impresso-project.ch/api/proxy/iiif/LLE-1974-11-28-a-p0003/3072,5032,672,65/full/0/default.jpg
de	O	O	O	O	O	O	_	_	_	_	_	_
150	O	O	O	O	O	O	_	_	_	_	_	_
,	O	O	O	O	O	O	_	_	_	_	_	_
5	O	O	O	O	O	O	_	_	_	_	_	_
millions	O	O	O	O	O	O	_	_	_	_	_	_
chaeune	O	O	O	O	O	O	_	_	_	_	_	_
ä	O	O	O	O	O	O	_	_	_	_	_	_
la	O	O	O	O	O	O	_	_	EndOfLine	_	_	_
# segment_iiif_link = https://impresso-project.ch/api/proxy/iiif/LLE-1974-11-28-a-p0003/3072,5069,672,63/full/0/default.jpg
Confederation	O	O	O	O	O	O	_	_	_	_	_	_
et	O	O	O	O	O	O	_	_	_	_	_	_
aux	O	O	O	O	O	O	_	_	_	_	_	_
cantons	O	O	O	O	O	O	_	_	_	_	_	_
.	O	O	O	O	O	O	_	_	_	EndOfSentence	_	_
Ils	O	O	O	O	O	O	_	_	_	_	_	_
ont	O	O	O	O	O	O	_	_	EndOfLine	_	_	_
# segment_iiif_link = https://impresso-project.ch/api/proxy/iiif/LLE-1974-11-28-a-p0003/3072,5104,683,63/full/0/default.jpg
egalement	O	O	O	O	O	O	_	_	_	_	_	_
approuve	O	O	O	O	O	O	_	_	_	_	_	_
le	O	O	O	O	O	O	_	_	_	_	_	_
deuxieme	O	O	O	O	O	O	_	_	_	_	_	_
Supplement	O	O	O	O	O	O	_	_	EndOfLine	_	_	_
# segment_iiif_link = https://impresso-project.ch/api/proxy/iiif/LLE-1974-11-28-a-p0003/3074,5139,678,63/full/0/default.jpg
du	O	O	O	O	O	O	_	_	_	_	_	_
budget	O	O	O	O	O	O	_	_	_	_	_	_
de	O	O	O	O	O	O	_	_	_	_	_	_
la	O	O	O	O	O	O	_	_	_	_	_	_
Confederation	O	O	O	O	O	O	_	_	_	_	_	_
pour	O	O	O	O	O	O	_	_	_	_	_	_
1974	O	O	O	O	O	O	_	_	EndOfLine	_	_	_
# segment_iiif_link = https://impresso-project.ch/api/proxy/iiif/LLE-1974-11-28-a-p0003/3072,5175,682,64/full/0/default.jpg
qui	O	O	O	O	O	O	_	_	_	_	_	_
prevoit	O	O	O	O	O	O	_	_	_	_	_	_
des	O	O	O	O	O	O	_	_	_	_	_	_
credits	O	O	O	O	O	O	_	_	_	_	_	_
supplementaires	O	O	O	O	O	O	_	_	EndOfLine	_	_	_
# segment_iiif_link = https://impresso-project.ch/api/proxy/iiif/LLE-1974-11-28-a-p0003/3072,5209,683,63/full/0/default.jpg
d	O	O	O	O	O	O	_	_	_	_	_	_
un	O	O	O	O	O	O	_	_	_	_	_	_
montant	O	O	O	O	O	O	_	_	_	_	_	_
de	O	O	O	O	O	O	_	_	_	_	_	_
476	O	O	O	O	O	O	_	_	_	_	_	_
,	O	O	O	O	O	O	_	_	_	_	_	_
4	O	O	O	O	O	O	_	_	_	_	_	_
millions	O	O	O	O	O	O	_	_	_	_	_	_
et	O	O	O	O	O	O	_	_	_	_	_	_
des	O	O	O	O	O	O	_	_	EndOfLine	_	_	_
# segment_iiif_link = https://impresso-project.ch/api/proxy/iiif/LLE-1974-11-28-a-p0003/3072,5244,682,63/full/0/default.jpg
credits	O	O	O	O	O	O	_	_	_	_	_	_
d	O	O	O	O	O	O	_	_	_	_	_	_
engagement	O	O	O	O	O	O	_	_	_	_	_	_
pour	O	O	O	O	O	O	_	_	_	_	_	_
des	O	O	O	O	O	O	_	_	_	_	_	_
terrains	O	O	O	O	O	O	_	_	EndOfLine	_	_	_
# segment_iiif_link = https://impresso-project.ch/api/proxy/iiif/LLE-1974-11-28-a-p0003/3072,5280,682,64/full/0/default.jpg
et	O	O	O	O	O	O	_	_	_	_	_	_
des	O	O	O	O	O	O	_	_	_	_	_	_
bätiments	O	O	O	O	O	O	_	_	_	_	_	_
pour	O	O	O	O	O	O	_	_	_	_	_	_
un	O	O	O	O	O	O	_	_	_	_	_	_
montant	O	O	O	O	O	O	_	_	_	_	_	_
de	O	O	O	O	O	O	_	_	EndOfLine	_	_	_
# segment_iiif_link = https://impresso-project.ch/api/proxy/iiif/LLE-1974-11-28-a-p0003/3072,5314,680,63/full/0/default.jpg
2	O	O	O	O	O	O	_	_	_	_	_	_
,	O	O	O	O	O	O	_	_	_	_	_	_
2	O	O	O	O	O	O	_	_	_	_	_	_
millions	O	O	O	O	O	O	_	_	_	_	_	_
.	O	O	O	O	O	O	_	_	_	EndOfSentence	_	_
Le	O	O	O	O	O	O	_	_	_	_	_	_
Conseil	O	O	O	O	O	O	_	_	_	_	_	_
national	O	O	O	O	O	O	_	_	_	_	_	_
devra	O	O	O	O	O	O	_	_	EndOfLine	_	_	_
# segment_iiif_link = https://impresso-project.ch/api/proxy/iiif/LLE-1974-11-28-a-p0003/3072,5350,679,64/full/0/default.jpg
encor	O	O	O	O	O	O	_	_	_	_	_	_
«	O	O	O	O	O	O	_	_	_	_	_	_
se	O	O	O	O	O	O	_	_	_	_	_	_
prononcer	O	O	O	O	O	O	_	_	_	_	_	_
ä	O	O	O	O	O	O	_	_	_	_	_	_
ce	O	O	O	O	O	O	_	_	_	_	_	_
sujet	O	O	O	O	O	O	_	_	_	_	_	_
.	O	O	O	O	O	O	_	_	_	EndOfSentence	_	_
(	O	O	O	O	O	O	_	_	_	_	_	_
ATS	B-org	O	B-org.ent.pressagency.ATS-SDA	O	O	O	Q430109	_	_	_	LED0.00	_
)	O	O	O	O	O	O	_	_	EndOfLine	EndOfSentence	_	_

# language = fr
# newspaper = LLE
# date = 1975-11-21
# document_id = LLE-1975-11-21-a-i0318
# news-agency-as-source = Q130879
# segment_iiif_link = https://impresso-project.ch/api/proxy/iiif/LLE-1975-11-21-a-p0032/2368,2780,1404,136/full/0/default.jpg
Reduetion	O	O	O	O	O	O	_	_	_	_	_	_
des	O	O	O	O	O	O	_	_	_	_	_	_
troupes	O	O	O	O	O	O	_	_	_	_	_	_
en	O	O	O	O	O	O	_	_	_	_	_	_
Europe	O	O	O	O	O	O	_	_	_	_	_	_
centrale	O	O	O	O	O	O	_	_	EndOfLine	_	_	_
# segment_iiif_link = https://impresso-project.ch/api/proxy/iiif/LLE-1975-11-21-a-p0032/2368,2915,1381,135/full/0/default.jpg
LES	O	O	O	O	O	O	_	_	_	_	_	_
NATIONS	O	O	O	O	O	O	_	_	_	_	_	_
DE	O	O	O	O	O	O	_	_	_	_	_	_
LOTAN	O	O	O	O	O	O	_	_	_	_	_	_
SE	O	O	O	O	O	O	_	_	_	_	_	_
PLAIGNENT	O	O	O	O	O	O	_	_	EndOfLine	_	_	_
# segment_iiif_link = https://impresso-project.ch/api/proxy/iiif/LLE-1975-11-21-a-p0032/2403,3048,625,64/full/0/default.jpg
Les	O	O	O	O	O	O	_	_	_	_	_	_
nations	O	O	O	O	O	O	_	_	_	_	_	_
de	O	O	O	O	O	O	_	_	_	_	_	_
lOTAN	O	O	O	O	O	O	_	_	_	_	_	_
ont	O	O	O	O	O	O	_	_	_	_	_	_
protesti	O	O	O	O	O	O	_	_	EndOfLine	_	_	_
# segment_iiif_link = https://impresso-project.ch/api/proxy/iiif/LLE-1975-11-21-a-p0032/2368,3083,660,64/full/0/default.jpg
hier	O	O	O	O	O	O	_	_	_	_	_	_
aupres	O	O	O	O	O	O	_	_	_	_	_	_
des	O	O	O	O	O	O	_	_	_	_	_	_
pays	O	O	O	O	O	O	_	_	_	_	_	_
membres	O	O	O	O	O	O	_	_	_	_	_	_
du	O	O	O	O	O	O	_	_	_	_	_	_
Facti	O	O	O	O	O	O	_	_	EndOfLine	_	_	_
# segment_iiif_link = https://impresso-project.ch/api/proxy/iiif/LLE-1975-11-21-a-p0032/2368,3120,658,63/full/0/default.jpg
de	O	O	O	O	O	O	_	_	_	_	_	_
Varsovie	O	O	O	O	O	O	_	_	_	_	_	_
auxquels	O	O	O	O	O	O	_	_	_	_	_	_
ils	O	O	O	O	O	O	_	_	_	_	_	_
reprochent	O	O	O	O	O	O	_	_	_	_	_	_
di	O	O	O	O	O	O	_	_	EndOfLine	_	_	_
# segment_iiif_link = https://impresso-project.ch/api/proxy/iiif/LLE-1975-11-21-a-p0032/2366,3155,663,63/full/0/default.jpg
n	O	O	O	O	O	O	_	_	_	_	_	_
avoir	O	O	O	O	O	O	_	_	_	_	_	_
fourni	O	O	O	O	O	O	_	_	_	_	_	_
aueune	O	O	O	O	O	O	_	_	_	_	_	_
precision	O	O	O	O	O	O	_	_	_	_	_	_
sui	O	O	O	O	O	O	_	_	EndOfLine	_	_	_
# segment_iiif_link = https://impresso-project.ch/api/proxy/iiif/LLE-1975-11-21-a-p0032/2364,3192,657,63/full/0/default.jpg
leurs	O	O	O	O	O	O	_	_	_	_	_	_
effectifs	O	O	O	O	O	O	_	_	_	_	_	_
militaires	O	O	O	O	O	O	_	_	_	_	_	_
en	O	O	O	O	O	O	_	_	_	_	_	_
Europe	O	O	O	O	O	O	_	_	_	_	_	_
cen	O	O	O	O	O	O	_	_	EndOfLine	_	_	_
# segment_iiif_link = https://impresso-project.ch/api/proxy/iiif/LLE-1975-11-21-a-p0032/3137,3048,620,64/full/0/default.jpg
Au	O	O	O	O	O	O	_	_	_	_	_	_
nom	O	O	O	O	O	O	_	_	_	_	_	_
des	O	O	O	O	O	O	_	_	_	_	_	_
douze	O	O	O	O	O	O	_	_	_	_	_	_
nations	O	O	O	O	O	O	_	_	_	_	_	_
de	O	O	O	O	O	O	_	_	_	_	_	_
lOTAr	O	O	O	O	O	O	_	_	EndOfLine	_	_	_
# segment_iiif_link = https://impresso-project.ch/api/proxy/iiif/LLE-1975-11-21-a-p0032/3104,3083,657,64/full/0/default.jpg
qui	O	O	O	O	O	O	_	_	_	_	_	_
partieipent	O	O	O	O	O	O	_	_	_	_	_	_
aux	O	O	O	O	O	O	_	_	_	_	_	_
negociations	O	O	O	O	O	O	_	_	_	_	_	_
,	O	O	O	O	O	O	_	_	_	_	_	_
M	O	O	O	O	O	O	_	_	EndOfLine	_	_	_
# segment_iiif_link = https://impresso-project.ch/api/proxy/iiif/LLE-1975-11-21-a-p0032/3103,3118,656,64/full/0/default.jpg
Wolfgang	O	O	O	O	O	O	_	_	_	_	_	_
Behrends	O	O	O	O	O	O	_	_	_	_	_	_
(	O	O	O	O	O	O	_	_	_	_	_	_
Allemagne	O	O	O	O	O	O	_	_	_	_	_	_
di	O	O	O	O	O	O	_	_	EndOfLine	_	_	_
# segment_iiif_link = https://impresso-project.ch/api/proxy/iiif/LLE-1975-11-21-a-p0032/3103,3153,658,64/full/0/default.jpg
lOuest	O	O	O	O	O	O	_	_	_	_	_	_
)	O	O	O	O	O	O	_	_	_	_	_	_
a	O	O	O	O	O	O	_	_	_	_	_	_
declare	O	O	O	O	O	O	_	_	_	_	_	_
que	O	O	O	O	O	O	_	_	_	_	_	_
ce	O	O	O	O	O	O	_	_	_	_	_	_
serait	O	O	O	O	O	O	_	_	_	_	_	_
un	O	O	O	O	O	O	_	_	_	_	_	_
sigm	O	O	O	O	O	O	_	_	EndOfLine	_	_	_
# segment_iiif_link = https://impresso-project.ch/api/proxy/iiif/LLE-1975-11-21-a-p0032/3103,3188,656,64/full/0/default.jpg
de	O	O	O	O	O	O	_	_	_	_	_	_
progres	O	O	O	O	O	O	_	_	_	_	_	_
si	O	O	O	O	O	O	_	_	_	_	_	_
une	O	O	O	O	O	O	_	_	_	_	_	_
discussion	O	O	O	O	O	O	_	_	_	_	_	_
pouvai	O	O	O	O	O	O	_	_	EndOfLine	_	_	_
# segment_iiif_link = https://impresso-project.ch/api/proxy/iiif/LLE-1975-11-21-a-p0032/3096,3225,605,65/full/0/default.jpg
s	O	O	O	O	O	O	_	_	_	_	_	_
engager	O	O	O	O	O	O	_	_	_	_	_	_
sur	O	O	O	O	O	O	_	_	_	_	_	_
la	O	O	O	O	O	O	_	_	_	_	_	_
base	O	O	O	O	O	O	_	_	_	_	_	_
de	O	O	O	O	O	O	_	_	_	_	_	_
ces	O	O	O	O	O	O	_	_	_	_	_	_
donnees	O	O	O	O	O	O	_	_	_	_	_	_
.	O	O	O	O	O	O	_	_	EndOfLine	EndOfSentence	_	_
# segment_iiif_link = https://impresso-project.ch/api/proxy/iiif/LLE-1975-11-21-a-p0032/3137,3285,622,64/full/0/default.jpg
Un	O	O	O	O	O	O	_	_	_	_	_	_
porte	O	O	O	O	O	O	_	_	NoSpaceAfter	_	_	_
-	O	O	O	O	O	O	_	_	NoSpaceAfter	_	_	_
parole	O	O	O	O	O	O	_	_	_	_	_	_
des	O	O	O	O	O	O	_	_	_	_	_	_
sept	O	O	O	O	O	O	_	_	_	_	_	_
pays	O	O	O	O	O	O	_	_	_	_	_	_
du	O	O	O	O	O	O	_	_	_	_	_	_
Pac	O	O	O	O	O	O	_	_	EndOfLine	_	_	_
# segment_iiif_link = https://impresso-project.ch/api/proxy/iiif/LLE-1975-11-21-a-p0032/3099,3322,660,63/full/0/default.jpg
te	O	O	O	O	O	O	_	_	_	_	_	_
de	O	O	O	O	O	O	_	_	_	_	_	_
Varsovie	O	O	O	O	O	O	_	_	_	_	_	_
a	O	O	O	O	O	O	_	_	_	_	_	_
fait	O	O	O	O	O	O	_	_	_	_	_	_
remarquer	O	O	O	O	O	O	_	_	_	_	_	_
que	O	O	O	O	O	O	_	_	_	_	_	_
ce	O	O	O	O	O	O	_	_	EndOfLine	_	_	_
# segment_iiif_link = https://impresso-project.ch/api/proxy/iiif/LLE-1975-11-21-a-p0032/3099,3357,663,63/full/0/default.jpg
precisions	O	O	O	O	O	O	_	_	_	_	_	_
seraient	O	O	O	O	O	O	_	_	_	_	_	_
fournies	O	O	O	O	O	O	_	_	_	_	_	_
lorsque	O	O	O	O	O	O	_	_	_	_	_	_
1	O	O	O	O	O	O	_	_	_	_	_	_
;	O	O	O	O	O	O	_	_	EndOfLine	_	_	_
# segment_iiif_link = https://impresso-project.ch/api/proxy/iiif/LLE-1975-11-21-a-p0032/3099,3394,657,63/full/0/default.jpg
Conference	O	O	O	O	O	O	_	_	_	_	_	_
,	O	O	O	O	O	O	_	_	_	_	_	_
dont	O	O	O	O	O	O	_	_	_	_	_	_
c	O	O	O	O	O	O	_	_	_	_	_	_
etait	O	O	O	O	O	O	_	_	_	_	_	_
hier	O	O	O	O	O	O	_	_	_	_	_	_
la	O	O	O	O	O	O	_	_	_	_	_	_
quatre	O	O	O	O	O	O	_	_	EndOfLine	_	_	_
# segment_iiif_link = https://impresso-project.ch/api/proxy/iiif/LLE-1975-11-21-a-p0032/3101,3427,653,63/full/0/default.jpg
vingt	O	O	O	O	O	O	_	_	NoSpaceAfter	_	_	_
-	O	O	O	O	O	O	_	_	NoSpaceAfter	_	_	_
cinquieme	O	O	O	O	O	O	_	_	_	_	_	_
seance	O	O	O	O	O	O	_	_	_	_	_	_
pleniere	O	O	O	O	O	O	_	_	_	_	_	_
,	O	O	O	O	O	O	_	_	_	_	_	_
deci	O	O	O	O	O	O	_	_	EndOfLine	_	_	_
# segment_iiif_link = https://impresso-project.ch/api/proxy/iiif/LLE-1975-11-21-a-p0032/3101,3464,658,63/full/0/default.jpg
derait	O	O	O	O	O	O	_	_	_	_	_	_
quels	O	O	O	O	O	O	_	_	_	_	_	_
types	O	O	O	O	O	O	_	_	_	_	_	_
de	O	O	O	O	O	O	_	_	_	_	_	_
forces	O	O	O	O	O	O	_	_	_	_	_	_
doivent	O	O	O	O	O	O	_	_	_	_	_	_
etn	O	O	O	O	O	O	_	_	EndOfLine	_	_	_
# segment_iiif_link = https://impresso-project.ch/api/proxy/iiif/LLE-1975-11-21-a-p0032/3101,3497,658,63/full/0/default.jpg
reduites	O	O	O	O	O	O	_	_	_	_	_	_
et	O	O	O	O	O	O	_	_	_	_	_	_
quels	O	O	O	O	O	O	_	_	_	_	_	_
pays	O	O	O	O	O	O	_	_	_	_	_	_
doivent	O	O	O	O	O	O	_	_	_	_	_	_
les	O	O	O	O	O	O	_	_	_	_	_	_
re	O	O	O	O	O	O	_	_	EndOfLine	_	_	_
# segment_iiif_link = https://impresso-project.ch/api/proxy/iiif/LLE-1975-11-21-a-p0032/3096,3534,655,63/full/0/default.jpg
duire	O	O	O	O	O	O	_	_	_	_	_	_
.	O	O	O	O	O	O	_	_	_	EndOfSentence	_	_
«	O	O	O	O	O	O	_	_	_	_	_	_
Nous	O	O	O	O	O	O	_	_	_	_	_	_
ne	O	O	O	O	O	O	_	_	_	_	_	_
minimisons	O	O	O	O	O	O	_	_	_	_	_	_
pas	O	O	O	O	O	O	_	_	EndOfLine	_	_	_
# segment_iiif_link = https://impresso-project.ch/api/proxy/iiif/LLE-1975-11-21-a-p0032/3094,3569,657,63/full/0/default.jpg
limportance	O	O	O	O	O	O	_	_	_	_	_	_
de	O	O	O	O	O	O	_	_	_	_	_	_
ces	O	O	O	O	O	O	_	_	_	_	_	_
donnees	O	O	O	O	O	O	_	_	_	_	_	_
mais	O	O	O	O	O	O	_	_	_	_	_	_
nous	O	O	O	O	O	O	_	_	EndOfLine	_	_	_
# segment_iiif_link = https://impresso-project.ch/api/proxy/iiif/LLE-1975-11-21-a-p0032/3096,3606,666,63/full/0/default.jpg
estimons	O	O	O	O	O	O	_	_	_	_	_	_
quil	O	O	O	O	O	O	_	_	_	_	_	_
faut	O	O	O	O	O	O	_	_	_	_	_	_
en	O	O	O	O	O	O	_	_	_	_	_	_
parier	O	O	O	O	O	O	_	_	_	_	_	_
au	O	O	O	O	O	O	_	_	_	_	_	_
momeni	O	O	O	O	O	O	_	_	EndOfLine	_	_	_
# segment_iiif_link = https://impresso-project.ch/api/proxy/iiif/LLE-1975-11-21-a-p0032/3098,3639,356,63/full/0/default.jpg
approprie	O	O	O	O	O	O	_	_	_	_	_	_
»	O	O	O	O	O	O	_	_	_	_	_	_
,	O	O	O	O	O	O	_	_	_	_	_	_
a	O	O	O	O	O	O	_	_	NoSpaceAfter	_	_	_
-	O	O	O	O	O	O	_	_	NoSpaceAfter	_	_	_
t	O	O	O	O	O	O	_	_	NoSpaceAfter	_	_	_
-	O	O	O	O	O	O	_	_	NoSpaceAfter	_	_	_
il	O	O	O	O	O	O	_	_	_	_	_	_
dit	O	O	O	O	O	O	_	_	_	_	_	_
.	O	O	O	O	O	O	_	_	EndOfLine	EndOfSentence	_	_
# segment_iiif_link = https://impresso-project.ch/api/proxy/iiif/LLE-1975-11-21-a-p0032/3132,3691,629,65/full/0/default.jpg
Le	O	O	O	O	O	O	_	_	_	_	_	_
Pacte	O	O	O	O	O	O	_	_	_	_	_	_
de	O	O	O	O	O	O	_	_	_	_	_	_
Varsovie	O	O	O	O	O	O	_	_	_	_	_	_
,	O	O	O	O	O	O	_	_	_	_	_	_
a	O	O	O	O	O	O	_	_	NoSpaceAfter	_	_	_
-	O	O	O	O	O	O	_	_	NoSpaceAfter	_	_	_
t	O	O	O	O	O	O	_	_	NoSpaceAfter	_	_	_
-	O	O	O	O	O	O	_	_	NoSpaceAfter	_	_	_
il	O	O	O	O	O	O	_	_	_	_	_	_
explique	O	O	O	O	O	O	_	_	EndOfLine	_	_	_
# segment_iiif_link = https://impresso-project.ch/api/proxy/iiif/LLE-1975-11-21-a-p0032/3098,3729,663,63/full/0/default.jpg
attend	O	O	O	O	O	O	_	_	_	_	_	_
toujours	O	O	O	O	O	O	_	_	_	_	_	_
de	O	O	O	O	O	O	_	_	_	_	_	_
savoir	O	O	O	O	O	O	_	_	_	_	_	_
si	O	O	O	O	O	O	_	_	_	_	_	_
les	O	O	O	O	O	O	_	_	_	_	_	_
pays	O	O	O	O	O	O	_	_	_	_	_	_
d	O	O	O	O	O	O	_	_	_	_	_	_
(	O	O	O	O	O	O	_	_	EndOfLine	_	_	_
# segment_iiif_link = https://impresso-project.ch/api/proxy/iiif/LLE-1975-11-21-a-p0032/3098,3764,664,63/full/0/default.jpg
lOTAN	O	O	O	O	O	O	_	_	_	_	_	_
discuteront	O	O	O	O	O	O	_	_	_	_	_	_
de	O	O	O	O	O	O	_	_	_	_	_	_
la	O	O	O	O	O	O	_	_	_	_	_	_
reduetion	O	O	O	O	O	O	_	_	_	_	_	_
de	O	O	O	O	O	O	_	_	_	_	_	_
:	O	O	O	O	O	O	_	_	EndOfLine	_	_	_
# segment_iiif_link = https://impresso-project.ch/api/proxy/iiif/LLE-1975-11-21-a-p0032/3098,3799,663,63/full/0/default.jpg
forces	O	O	O	O	O	O	_	_	_	_	_	_
aeriennes	O	O	O	O	O	O	_	_	_	_	_	_
et	O	O	O	O	O	O	_	_	_	_	_	_
nucleaires	O	O	O	O	O	O	_	_	_	_	_	_
.	O	O	O	O	O	O	_	_	_	EndOfSentence	_	_
Poui	O	O	O	O	O	O	_	_	EndOfLine	_	_	_
# segment_iiif_link = https://impresso-project.ch/api/proxy/iiif/LLE-1975-11-21-a-p0032/3098,3834,663,64/full/0/default.jpg
linstant	O	O	O	O	O	O	_	_	_	_	_	_
,	O	O	O	O	O	O	_	_	_	_	_	_
ils	O	O	O	O	O	O	_	_	_	_	_	_
ont	O	O	O	O	O	O	_	_	_	_	_	_
restreint	O	O	O	O	O	O	_	_	_	_	_	_
la	O	O	O	O	O	O	_	_	_	_	_	_
discussior	O	O	O	O	O	O	_	_	EndOfLine	_	_	_
# segment_iiif_link = https://impresso-project.ch/api/proxy/iiif/LLE-1975-11-21-a-p0032/3099,3871,350,63/full/0/default.jpg
aux	O	O	O	O	O	O	_	_	_	_	_	_
forces	O	O	O	O	O	O	_	_	_	_	_	_
terrestres	O	O	O	O	O	O	_	_	_	_	_	_
.	O	O	O	O	O	O	_	_	EndOfLine	EndOfSentence	_	_
# segment_iiif_link = https://impresso-project.ch/api/proxy/iiif/LLE-1975-11-21-a-p0032/3131,3936,628,65/full/0/default.jpg
De	O	O	O	O	O	O	_	_	_	_	_	_
source	O	O	O	O	O	O	_	_	_	_	_	_
occidentale	O	O	O	O	O	O	_	_	_	_	_	_
,	O	O	O	O	O	O	_	_	_	_	_	_
on	O	O	O	O	O	O	_	_	_	_	_	_
declare	O	O	O	O	O	O	_	_	_	_	_	_
qu	O	O	O	O	O	O	_	_	_	_	_	_
(	O	O	O	O	O	O	_	_	EndOfLine	_	_	_
# segment_iiif_link = https://impresso-project.ch/api/proxy/iiif/LLE-1975-11-21-a-p0032/3098,3971,651,65/full/0/default.jpg
lOTAN	O	O	O	O	O	O	_	_	_	_	_	_
a	O	O	O	O	O	O	_	_	_	_	_	_
soumis	O	O	O	O	O	O	_	_	_	_	_	_
des	O	O	O	O	O	O	_	_	_	_	_	_
documents	O	O	O	O	O	O	_	_	_	_	_	_
preci	O	O	O	O	O	O	_	_	EndOfLine	_	_	_
# segment_iiif_link = https://impresso-project.ch/api/proxy/iiif/LLE-1975-11-21-a-p0032/3098,4006,656,65/full/0/default.jpg
sant	O	O	O	O	O	O	_	_	_	_	_	_
les	O	O	O	O	O	O	_	_	_	_	_	_
effectifs	O	O	O	O	O	O	_	_	_	_	_	_
en	O	O	O	O	O	O	_	_	_	_	_	_
hommes	O	O	O	O	O	O	_	_	_	_	_	_
et	O	O	O	O	O	O	_	_	_	_	_	_
en	O	O	O	O	O	O	_	_	_	_	_	_
char	O	O	O	O	O	O	_	_	EndOfLine	_	_	_
# segment_iiif_link = https://impresso-project.ch/api/proxy/iiif/LLE-1975-11-21-a-p0032/3098,4041,656,65/full/0/default.jpg
de	O	O	O	O	O	O	_	_	_	_	_	_
part	O	O	O	O	O	O	_	_	_	_	_	_
et	O	O	O	O	O	O	_	_	_	_	_	_
dautre	O	O	O	O	O	O	_	_	_	_	_	_
.	O	O	O	O	O	O	_	_	_	EndOfSentence	_	_
Ces	O	O	O	O	O	O	_	_	_	_	_	_
precisions	O	O	O	O	O	O	_	_	_	_	_	_
n	O	O	O	O	O	O	_	_	_	_	_	_
on	O	O	O	O	O	O	_	_	EndOfLine	_	_	_
# segment_iiif_link = https://impresso-project.ch/api/proxy/iiif/LLE-1975-11-21-a-p0032/3098,4076,656,65/full/0/default.jpg
pas	O	O	O	O	O	O	_	_	_	_	_	_
ete	O	O	O	O	O	O	_	_	_	_	_	_
rendues	O	O	O	O	O	O	_	_	_	_	_	_
publiques	O	O	O	O	O	O	_	_	_	_	_	_
mais	O	O	O	O	O	O	_	_	_	_	_	_
on	O	O	O	O	O	O	_	_	_	_	_	_
croi	O	O	O	O	O	O	_	_	EndOfLine	_	_	_
# segment_iiif_link = https://impresso-project.ch/api/proxy/iiif/LLE-1975-11-21-a-p0032/3098,4113,656,63/full/0/default.jpg
savoir	O	O	O	O	O	O	_	_	_	_	_	_
de	O	O	O	O	O	O	_	_	_	_	_	_
meme	O	O	O	O	O	O	_	_	_	_	_	_
source	O	O	O	O	O	O	_	_	_	_	_	_
quil	O	O	O	O	O	O	_	_	_	_	_	_
y	O	O	O	O	O	O	_	_	_	_	_	_
est	O	O	O	O	O	O	_	_	_	_	_	_
fai	O	O	O	O	O	O	_	_	EndOfLine	_	_	_
# segment_iiif_link = https://impresso-project.ch/api/proxy/iiif/LLE-1975-11-21-a-p0032/3098,4148,654,63/full/0/default.jpg
etat	O	O	O	O	O	O	_	_	_	_	_	_
,	O	O	O	O	O	O	_	_	_	_	_	_
pour	O	O	O	O	O	O	_	_	_	_	_	_
les	O	O	O	O	O	O	_	_	_	_	_	_
forces	O	O	O	O	O	O	_	_	_	_	_	_
terrestres	O	O	O	O	O	O	_	_	_	_	_	_
en	O	O	O	O	O	O	_	_	_	_	_	_
Euro	O	O	O	O	O	O	_	_	EndOfLine	_	_	_
# segment_iiif_link = https://impresso-project.ch/api/proxy/iiif/LLE-1975-11-21-a-p0032/3096,4183,658,63/full/0/default.jpg
pe	O	O	O	O	O	O	_	_	_	_	_	_
centrale	O	O	O	O	O	O	_	_	_	_	_	_
,	O	O	O	O	O	O	_	_	_	_	_	_
de	O	O	O	O	O	O	_	_	_	_	_	_
750	O	O	O	O	O	O	_	_	_	_	_	_
000	O	O	O	O	O	O	_	_	_	_	_	_
hommes	O	O	O	O	O	O	_	_	_	_	_	_
pour	O	O	O	O	O	O	_	_	_	_	_	_
le	O	O	O	O	O	O	_	_	EndOfLine	_	_	_
# segment_iiif_link = https://impresso-project.ch/api/proxy/iiif/LLE-1975-11-21-a-p0032/3098,4218,661,63/full/0/default.jpg
pays	O	O	O	O	O	O	_	_	_	_	_	_
de	O	O	O	O	O	O	_	_	_	_	_	_
lOTAN	O	O	O	O	O	O	_	_	_	_	_	_
et	O	O	O	O	O	O	_	_	_	_	_	_
de	O	O	O	O	O	O	_	_	_	_	_	_
925	O	O	O	O	O	O	_	_	_	_	_	_
000	O	O	O	O	O	O	_	_	_	_	_	_
pour	O	O	O	O	O	O	_	_	_	_	_	_
ceu	O	O	O	O	O	O	_	_	_	_	_	_
:	O	O	O	O	O	O	_	_	EndOfLine	_	_	_
# segment_iiif_link = https://impresso-project.ch/api/proxy/iiif/LLE-1975-11-21-a-p0032/3099,4253,520,63/full/0/default.jpg
du	O	O	O	O	O	O	_	_	_	_	_	_
Pacte	O	O	O	O	O	O	_	_	_	_	_	_
de	O	O	O	O	O	O	_	_	_	_	_	_
Varsovie	O	O	O	O	O	O	_	_	_	_	_	_
.	O	O	O	O	O	O	_	_	_	EndOfSentence	_	_
(	O	O	O	O	O	O	_	_	_	_	_	_
Reuter	B-org	O	B-org.ent.pressagency.Reuters	O	O	O	Q130879	_	_	_	LED0.00	_
)	O	O	O	O	O	O	_	_	EndOfLine	EndOfSentence	_	_

# language = fr
# newspaper = LLE
# date = 1985-01-03
# document_id = LLE-1985-01-03-a-i0122
# news-agency-as-source = Q40464, Q430109
# segment_iiif_link = https://impresso-project.ch/api/proxy/iiif/LLE-1985-01-03-a-p0008/2628,4606,495,102/full/0/default.jpg
Taxes	O	O	O	O	O	O	_	_	_	_	_	_
routières	O	O	O	O	O	O	_	_	_	_	_	_
suisses	O	O	O	O	O	O	_	_	EndOfLine	_	_	_
# segment_iiif_link = https://impresso-project.ch/api/proxy/iiif/LLE-1985-01-03-a-p0008/2212,4667,1307,156/full/0/default.jpg
La	O	O	O	O	O	O	_	_	_	_	_	_
France	O	O	O	O	O	O	_	_	_	_	_	_
attend	O	O	O	O	O	O	_	_	_	_	_	_
des	O	O	O	O	O	O	_	_	_	_	_	_
aménagements	O	O	O	O	O	O	_	_	EndOfLine	_	_	_
# segment_iiif_link = https://impresso-project.ch/api/proxy/iiif/LLE-1985-01-03-a-p0008/2235,4775,602,81/full/0/default.jpg
La	O	O	O	O	O	O	_	_	_	_	_	_
France	O	O	O	O	O	O	_	_	_	_	_	_
attend	O	O	O	O	O	O	_	_	_	_	_	_
du	O	O	O	O	O	O	_	_	_	_	_	_
Conseil	O	O	O	O	O	O	_	_	_	_	_	_
fédéral	O	O	O	O	O	O	_	_	_	_	_	_
,	O	O	O	O	O	O	_	_	EndOfLine	_	_	_
# segment_iiif_link = https://impresso-project.ch/api/proxy/iiif/LLE-1985-01-03-a-p0008/2193,4815,643,81/full/0/default.jpg
qui	O	O	O	O	O	O	_	_	_	_	_	_
doit	O	O	O	O	O	O	_	_	_	_	_	_
se	O	O	O	O	O	O	_	_	_	_	_	_
réunir	O	O	O	O	O	O	_	_	_	_	_	_
le	O	O	O	O	O	O	_	_	_	_	_	_
9	O	O	O	O	O	O	_	_	_	_	_	_
janvier	O	O	O	O	O	O	_	_	_	_	_	_
prochain	O	O	O	O	O	O	_	_	_	_	_	_
,	O	O	O	O	O	O	_	_	EndOfLine	_	_	_
# segment_iiif_link = https://impresso-project.ch/api/proxy/iiif/LLE-1985-01-03-a-p0008/2193,4856,641,81/full/0/default.jpg
des	O	O	O	O	O	O	_	_	_	_	_	_
aménagements	O	O	O	O	O	O	_	_	_	_	_	_
aux	O	O	O	O	O	O	_	_	_	_	_	_
taxes	O	O	O	O	O	O	_	_	_	_	_	_
que	O	O	O	O	O	O	_	_	_	_	_	_
la	O	O	O	O	O	O	_	_	EndOfLine	_	_	_
# segment_iiif_link = https://impresso-project.ch/api/proxy/iiif/LLE-1985-01-03-a-p0008/2193,4896,643,81/full/0/default.jpg
Suisse	O	O	O	O	O	O	_	_	_	_	_	_
prélève	O	O	O	O	O	O	_	_	_	_	_	_
depuis	O	O	O	O	O	O	_	_	_	_	_	_
le	O	O	O	O	O	O	_	_	_	_	_	_
1	O	O	O	O	O	O	_	_	_	_	_	_
janvier	O	O	O	O	O	O	_	_	_	_	_	_
sur	O	O	O	O	O	O	_	_	EndOfLine	_	_	_
# segment_iiif_link = https://impresso-project.ch/api/proxy/iiif/LLE-1985-01-03-a-p0008/2193,4935,643,81/full/0/default.jpg
tous	O	O	O	O	O	O	_	_	_	_	_	_
les	O	O	O	O	O	O	_	_	_	_	_	_
véhicules	O	O	O	O	O	O	_	_	_	_	_	_
circulant	O	O	O	O	O	O	_	_	_	_	_	_
sur	O	O	O	O	O	O	_	_	_	_	_	_
son	O	O	O	O	O	O	_	_	EndOfLine	_	_	_
# segment_iiif_link = https://impresso-project.ch/api/proxy/iiif/LLE-1985-01-03-a-p0008/2193,4975,628,81/full/0/default.jpg
territoire	O	O	O	O	O	O	_	_	_	_	_	_
,	O	O	O	O	O	O	_	_	_	_	_	_
notamment	O	O	O	O	O	O	_	_	_	_	_	_
pour	O	O	O	O	O	O	_	_	_	_	_	_
les	O	O	O	O	O	O	_	_	EndOfLine	_	_	_
# segment_iiif_link = https://impresso-project.ch/api/proxy/iiif/LLE-1985-01-03-a-p0008/2193,5014,641,81/full/0/default.jpg
transporteurs	O	O	O	O	O	O	_	_	_	_	_	_
effectuant	O	O	O	O	O	O	_	_	_	_	_	_
un	O	O	O	O	O	O	_	_	_	_	_	_
trafic	O	O	O	O	O	O	_	_	_	_	_	_
frontalier	O	O	O	O	O	O	_	_	_	_	_	_
,	O	O	O	O	O	O	_	_	EndOfLine	_	_	_
# segment_iiif_link = https://impresso-project.ch/api/proxy/iiif/LLE-1985-01-03-a-p0008/2193,5054,641,81/full/0/default.jpg
apprenait	O	O	O	O	O	O	_	_	NoSpaceAfter	_	_	_
-	O	O	O	O	O	O	_	_	NoSpaceAfter	_	_	_
on	O	O	O	O	O	O	_	_	_	_	_	_
hier	O	O	O	O	O	O	_	_	_	_	_	_
de	O	O	O	O	O	O	_	_	_	_	_	_
bonne	O	O	O	O	O	O	_	_	_	_	_	_
source	O	O	O	O	O	O	_	_	EndOfLine	_	_	_
# segment_iiif_link = https://impresso-project.ch/api/proxy/iiif/LLE-1985-01-03-a-p0008/2193,5095,613,80/full/0/default.jpg
auprès	O	O	O	O	O	O	_	_	_	_	_	_
des	O	O	O	O	O	O	_	_	_	_	_	_
pouvoirs	O	O	O	O	O	O	_	_	_	_	_	_
publics	O	O	O	O	O	O	_	_	_	_	_	_
français	O	O	O	O	O	O	_	_	_	_	_	_
.	O	O	O	O	O	O	_	_	EndOfLine	EndOfSentence	_	_
# segment_iiif_link = https://impresso-project.ch/api/proxy/iiif/LLE-1985-01-03-a-p0008/2233,5135,599,79/full/0/default.jpg
La	O	O	O	O	O	O	_	_	_	_	_	_
«	O	O	O	O	O	O	_	_	_	_	_	_
paix	O	O	O	O	O	O	_	_	_	_	_	_
armée	O	O	O	O	O	O	_	_	_	_	_	_
»	O	O	O	O	O	O	_	_	_	_	_	_
continue	O	O	O	O	O	O	_	_	_	_	_	_
donc	O	O	O	O	O	O	_	_	_	_	_	_
pour	O	O	O	O	O	O	_	_	EndOfLine	_	_	_
# segment_iiif_link = https://impresso-project.ch/api/proxy/iiif/LLE-1985-01-03-a-p0008/2193,5174,626,80/full/0/default.jpg
quelques	O	O	O	O	O	O	_	_	_	_	_	_
jours	O	O	O	O	O	O	_	_	_	_	_	_
au	O	O	O	O	O	O	_	_	_	_	_	_
moins	O	O	O	O	O	O	_	_	_	_	_	_
,	O	O	O	O	O	O	_	_	_	_	_	_
entre	O	O	O	O	O	O	_	_	_	_	_	_
le	O	O	O	O	O	O	_	_	EndOfLine	_	_	_
# segment_iiif_link = https://impresso-project.ch/api/proxy/iiif/LLE-1985-01-03-a-p0008/2193,5214,641,81/full/0/default.jpg
Gouvernement	O	O	O	O	O	O	_	_	_	_	_	_
suisse	O	O	O	O	O	O	_	_	_	_	_	_
,	O	O	O	O	O	O	_	_	_	_	_	_
ses	O	O	O	O	O	O	_	_	_	_	_	_
voisins	O	O	O	O	O	O	_	_	_	_	_	_
et	O	O	O	O	O	O	_	_	_	_	_	_
les	O	O	O	O	O	O	_	_	EndOfLine	_	_	_
# segment_iiif_link = https://impresso-project.ch/api/proxy/iiif/LLE-1985-01-03-a-p0008/2890,4772,626,81/full/0/default.jpg
transporteurs	O	O	O	O	O	O	_	_	_	_	_	_
internationaux	O	O	O	O	O	O	_	_	_	_	_	_
.	O	O	O	O	O	O	_	_	_	EndOfSentence	_	_
La	O	O	O	O	O	O	_	_	EndOfLine	_	_	_
# segment_iiif_link = https://impresso-project.ch/api/proxy/iiif/LLE-1985-01-03-a-p0008/2890,4812,638,81/full/0/default.jpg
Fédération	O	O	O	O	O	O	_	_	_	_	_	_
nationale	O	O	O	O	O	O	_	_	_	_	_	_
des	O	O	O	O	O	O	_	_	_	_	_	_
transports	O	O	O	O	O	O	_	_	_	_	_	_
routiers	O	O	O	O	O	O	_	_	EndOfLine	_	_	_
# segment_iiif_link = https://impresso-project.ch/api/proxy/iiif/LLE-1985-01-03-a-p0008/2890,4851,638,81/full/0/default.jpg
(	O	O	O	O	O	O	_	_	_	_	_	_
FNTR	O	O	O	O	O	O	_	_	_	_	_	_
)	O	O	O	O	O	O	_	_	_	_	_	_
française	O	O	O	O	O	O	_	_	_	_	_	_
a	O	O	O	O	O	O	_	_	_	_	_	_
indiqué	O	O	O	O	O	O	_	_	_	_	_	_
hier	O	O	O	O	O	O	_	_	_	_	_	_
qu	O	O	O	O	O	O	_	_	_	_	_	_
elle	O	O	O	O	O	O	_	_	EndOfLine	_	_	_
# segment_iiif_link = https://impresso-project.ch/api/proxy/iiif/LLE-1985-01-03-a-p0008/2890,4892,636,80/full/0/default.jpg
n	O	O	O	O	O	O	_	_	_	_	_	_
entreprendrait	O	O	O	O	O	O	_	_	_	_	_	_
rien	O	O	O	O	O	O	_	_	_	_	_	_
avant	O	O	O	O	O	O	_	_	_	_	_	_
la	O	O	O	O	O	O	_	_	_	_	_	_
réunion	O	O	O	O	O	O	_	_	EndOfLine	_	_	_
# segment_iiif_link = https://impresso-project.ch/api/proxy/iiif/LLE-1985-01-03-a-p0008/2890,4930,626,81/full/0/default.jpg
de	O	O	O	O	O	O	_	_	_	_	_	_
lUnion	O	O	O	O	O	O	_	_	_	_	_	_
routière	O	O	O	O	O	O	_	_	_	_	_	_
internationale	O	O	O	O	O	O	_	_	_	_	_	_
,	O	O	O	O	O	O	_	_	_	_	_	_
pré	O	O	O	O	O	O	_	_	EndOfLine	_	_	_
# segment_iiif_link = https://impresso-project.ch/api/proxy/iiif/LLE-1985-01-03-a-p0008/2890,4970,510,81/full/0/default.jpg
vue	O	O	O	O	O	O	_	_	_	_	_	_
pour	O	O	O	O	O	O	_	_	_	_	_	_
le	O	O	O	O	O	O	_	_	_	_	_	_
8	O	O	O	O	O	O	_	_	_	_	_	_
janvier	O	O	O	O	O	O	_	_	_	_	_	_
à	O	O	O	O	O	O	_	_	_	_	_	_
Genève	O	O	O	O	O	O	_	_	_	_	_	_
.	O	O	O	O	O	O	_	_	EndOfLine	EndOfSentence	_	_
# segment_iiif_link = https://impresso-project.ch/api/proxy/iiif/LLE-1985-01-03-a-p0008/2931,5051,597,79/full/0/default.jpg
Le	O	O	O	O	O	O	_	_	_	_	_	_
Gouvernement	O	O	O	O	O	O	_	_	_	_	_	_
français	O	O	O	O	O	O	_	_	_	_	_	_
n	O	O	O	O	O	O	_	_	_	_	_	_
a	O	O	O	O	O	O	_	_	_	_	_	_
pas	O	O	O	O	O	O	_	_	EndOfLine	_	_	_
# segment_iiif_link = https://impresso-project.ch/api/proxy/iiif/LLE-1985-01-03-a-p0008/2890,5090,638,80/full/0/default.jpg
encore	O	O	O	O	O	O	_	_	_	_	_	_
pris	O	O	O	O	O	O	_	_	_	_	_	_
de	O	O	O	O	O	O	_	_	_	_	_	_
«	O	O	O	O	O	O	_	_	_	_	_	_
véritable	O	O	O	O	O	O	_	_	_	_	_	_
mesure	O	O	O	O	O	O	_	_	_	_	_	_
de	O	O	O	O	O	O	_	_	EndOfLine	_	_	_
# segment_iiif_link = https://impresso-project.ch/api/proxy/iiif/LLE-1985-01-03-a-p0008/2890,5130,638,81/full/0/default.jpg
rétorsion	O	O	O	O	O	O	_	_	_	_	_	_
»	O	O	O	O	O	O	_	_	_	_	_	_
,	O	O	O	O	O	O	_	_	_	_	_	_
précise	O	O	O	O	O	O	_	_	NoSpaceAfter	_	_	_
-	O	O	O	O	O	O	_	_	NoSpaceAfter	_	_	_
t	O	O	O	O	O	O	_	_	NoSpaceAfter	_	_	_
-	O	O	O	O	O	O	_	_	NoSpaceAfter	_	_	_
on	O	O	O	O	O	O	_	_	_	_	_	_
au	O	O	O	O	O	O	_	_	_	_	_	_
secrétariat	O	O	O	O	O	O	_	_	EndOfLine	_	_	_
# segment_iiif_link = https://impresso-project.ch/api/proxy/iiif/LLE-1985-01-03-a-p0008/2890,5169,524,81/full/0/default.jpg
dEtat	O	O	O	O	O	O	_	_	_	_	_	_
français	O	O	O	O	O	O	_	_	_	_	_	_
aux	O	O	O	O	O	O	_	_	_	_	_	_
Transports	O	O	O	O	O	O	_	_	_	_	_	_
.	O	O	O	O	O	O	_	_	EndOfLine	EndOfSentence	_	_
# segment_iiif_link = https://impresso-project.ch/api/proxy/iiif/LLE-1985-01-03-a-p0008/3326,5209,198,79/full/0/default.jpg
(	O	O	O	O	O	O	_	_	_	_	_	_
ATS	B-org	O	B-org.ent.pressagency.ATS-SDA	O	O	O	Q430109	_	_	_	LED0.00	_
/	O	O	O	O	O	O	_	_	_	_	_	_
AFP	B-org	O	B-org.ent.pressagency.AFP	O	O	O	Q40464	_	_	_	LED0.00	_
)	O	O	O	O	O	O	_	_	EndOfLine	EndOfSentence	_	_

# language = fr
# newspaper = LLE
# date = 1985-09-27
# document_id = LLE-1985-09-27-a-i0245
# news-agency-as-source = Q430109
# segment_iiif_link = https://impresso-project.ch/api/proxy/iiif/LLE-1985-09-27-a-p0007/208,1463,398,103/full/0/default.jpg
Politique	O	O	O	O	O	O	_	_	_	_	_	_
monétaire	O	O	O	O	O	O	_	_	EndOfLine	_	_	_
# segment_iiif_link = https://impresso-project.ch/api/proxy/iiif/LLE-1985-09-27-a-p0007/175,1528,456,149/full/0/default.jpg
La	O	O	O	O	O	O	_	_	_	_	_	_
différence	O	O	O	O	O	O	_	_	EndOfLine	_	_	_
# segment_iiif_link = https://impresso-project.ch/api/proxy/iiif/LLE-1985-09-27-a-p0007/127,1652,584,76/full/0/default.jpg
La	O	O	O	O	O	O	_	_	_	_	_	_
Communauté	O	O	O	O	O	O	_	_	_	_	_	_
de	O	O	O	O	O	O	_	_	_	_	_	_
travail	O	O	O	O	O	O	_	_	EndOfLine	_	_	_
# segment_iiif_link = https://impresso-project.ch/api/proxy/iiif/LLE-1985-09-27-a-p0007/87,1693,637,77/full/0/default.jpg
Swissaid	O	O	O	O	O	O	_	_	_	_	_	_
/	O	O	O	O	O	O	_	_	_	_	_	_
Action	O	O	O	O	O	O	_	_	_	_	_	_
de	O	O	O	O	O	O	_	_	_	_	_	_
Carême	O	O	O	O	O	O	_	_	_	_	_	_
/	O	O	O	O	O	O	_	_	_	_	_	_
Pain	O	O	O	O	O	O	_	_	_	_	_	_
pour	O	O	O	O	O	O	_	_	_	_	_	_
le	O	O	O	O	O	O	_	_	EndOfLine	_	_	_
# segment_iiif_link = https://impresso-project.ch/api/proxy/iiif/LLE-1985-09-27-a-p0007/87,1733,622,75/full/0/default.jpg
prochain	O	O	O	O	O	O	_	_	_	_	_	_
/	O	O	O	O	O	O	_	_	_	_	_	_
Helvetas	O	O	O	O	O	O	_	_	_	_	_	_
appelle	O	O	O	O	O	O	_	_	_	_	_	_
le	O	O	O	O	O	O	_	_	EndOfLine	_	_	_
# segment_iiif_link = https://impresso-project.ch/api/proxy/iiif/LLE-1985-09-27-a-p0007/87,1773,636,77/full/0/default.jpg
conseiller	O	O	O	O	O	O	_	_	_	_	_	_
fédéral	O	O	O	O	O	O	_	_	_	_	_	_
Otto	O	O	O	O	O	O	_	_	_	_	_	_
Stich	O	O	O	O	O	O	_	_	_	_	_	_
à	O	O	O	O	O	O	_	_	_	_	_	_
une	O	O	O	O	O	O	_	_	_	_	_	_
«	O	O	O	O	O	O	_	_	_	_	_	_
politique	O	O	O	O	O	O	_	_	EndOfLine	_	_	_
# segment_iiif_link = https://impresso-project.ch/api/proxy/iiif/LLE-1985-09-27-a-p0007/87,1813,624,78/full/0/default.jpg
de	O	O	O	O	O	O	_	_	_	_	_	_
dialogue	O	O	O	O	O	O	_	_	_	_	_	_
différenciée	O	O	O	O	O	O	_	_	_	_	_	_
»	O	O	O	O	O	O	_	_	_	_	_	_
dans	O	O	O	O	O	O	_	_	_	_	_	_
les	O	O	O	O	O	O	_	_	EndOfLine	_	_	_
# segment_iiif_link = https://impresso-project.ch/api/proxy/iiif/LLE-1985-09-27-a-p0007/87,1854,624,77/full/0/default.jpg
questions	O	O	O	O	O	O	_	_	_	_	_	_
de	O	O	O	O	O	O	_	_	_	_	_	_
politique	O	O	O	O	O	O	_	_	_	_	_	_
monétaire	O	O	O	O	O	O	_	_	EndOfLine	_	_	_
# segment_iiif_link = https://impresso-project.ch/api/proxy/iiif/LLE-1985-09-27-a-p0007/87,1896,622,75/full/0/default.jpg
internationale	O	O	O	O	O	O	_	_	_	_	_	_
à	O	O	O	O	O	O	_	_	_	_	_	_
légard	O	O	O	O	O	O	_	_	_	_	_	_
des	O	O	O	O	O	O	_	_	_	_	_	_
pays	O	O	O	O	O	O	_	_	_	_	_	_
du	O	O	O	O	O	O	_	_	_	_	_	_
tiers	O	O	O	O	O	O	_	_	EndOfLine	_	_	_
# segment_iiif_link = https://impresso-project.ch/api/proxy/iiif/LLE-1985-09-27-a-p0007/641,1896,68,75/full/0/default.jpg
mn	O	O	O	O	O	O	_	_	EndOfLine|NoSpaceAfter	_	_	_
# segment_iiif_link = https://impresso-project.ch/api/proxy/iiif/LLE-1985-09-27-a-p0007/127,2017,584,75/full/0/default.jpg
n	O	O	O	O	O	O	_	_	NoSpaceAfter	_	_	_
-	O	O	O	O	O	O	_	_	NoSpaceAfter	_	_	_
He	O	O	O	O	O	O	_	_	_	_	_	_
Lé	O	O	O	O	O	O	_	_	_	_	_	_
dernier	O	O	O	O	O	O	_	_	_	_	_	_
bulletin	O	O	O	O	O	O	_	_	_	_	_	_
du	O	O	O	O	O	O	_	_	_	_	_	_
Service	O	O	O	O	O	O	_	_	EndOfLine	_	_	_
# segment_iiif_link = https://impresso-project.ch/api/proxy/iiif/LLE-1985-09-27-a-p0007/87,2057,636,75/full/0/default.jpg
dinformation	O	O	O	O	O	O	_	_	_	_	_	_
tiers	O	O	O	O	O	O	_	_	_	_	_	_
monde	O	O	O	O	O	O	_	_	_	_	_	_
(	O	O	O	O	O	O	_	_	_	_	_	_
I	O	O	O	O	O	O	_	_	_	_	_	_
3	O	O	O	O	O	O	_	_	_	_	_	_
m	O	O	O	O	O	O	_	_	_	_	_	_
)	O	O	O	O	O	O	_	_	_	_	_	_
indique	O	O	O	O	O	O	_	_	EndOfLine	_	_	_
# segment_iiif_link = https://impresso-project.ch/api/proxy/iiif/LLE-1985-09-27-a-p0007/85,2099,639,75/full/0/default.jpg
que	O	O	O	O	O	O	_	_	_	_	_	_
cet	O	O	O	O	O	O	_	_	_	_	_	_
appel	O	O	O	O	O	O	_	_	_	_	_	_
écrit	O	O	O	O	O	O	_	_	_	_	_	_
est	O	O	O	O	O	O	_	_	_	_	_	_
motivé	O	O	O	O	O	O	_	_	_	_	_	_
par	O	O	O	O	O	O	_	_	_	_	_	_
la	O	O	O	O	O	O	_	_	EndOfLine	_	_	_
# segment_iiif_link = https://impresso-project.ch/api/proxy/iiif/LLE-1985-09-27-a-p0007/87,2141,624,75/full/0/default.jpg
prochaine	O	O	O	O	O	O	_	_	_	_	_	_
session	O	O	O	O	O	O	_	_	_	_	_	_
annuelle	O	O	O	O	O	O	_	_	_	_	_	_
de	O	O	O	O	O	O	_	_	_	_	_	_
la	O	O	O	O	O	O	_	_	EndOfLine	_	_	_
# segment_iiif_link = https://impresso-project.ch/api/proxy/iiif/LLE-1985-09-27-a-p0007/85,2181,638,76/full/0/default.jpg
Banque	O	O	O	O	O	O	_	_	_	_	_	_
mondiale	O	O	O	O	O	O	_	_	_	_	_	_
et	O	O	O	O	O	O	_	_	_	_	_	_
du	O	O	O	O	O	O	_	_	_	_	_	_
Fonds	O	O	O	O	O	O	_	_	_	_	_	_
monétaire	O	O	O	O	O	O	_	_	EndOfLine	_	_	_
# segment_iiif_link = https://impresso-project.ch/api/proxy/iiif/LLE-1985-09-27-a-p0007/87,2222,639,75/full/0/default.jpg
international	O	O	O	O	O	O	_	_	_	_	_	_
(	O	O	O	O	O	O	_	_	_	_	_	_
FMI	O	O	O	O	O	O	_	_	_	_	_	_
)	O	O	O	O	O	O	_	_	_	_	_	_
,	O	O	O	O	O	O	_	_	_	_	_	_
qui	O	O	O	O	O	O	_	_	_	_	_	_
se	O	O	O	O	O	O	_	_	_	_	_	_
tiendra	O	O	O	O	O	O	_	_	_	_	_	_
du	O	O	O	O	O	O	_	_	_	_	_	_
8	O	O	O	O	O	O	_	_	EndOfLine	_	_	_
# segment_iiif_link = https://impresso-project.ch/api/proxy/iiif/LLE-1985-09-27-a-p0007/87,2270,637,55/full/0/default.jpg
an	O	O	O	O	O	O	_	_	_	_	_	_
1	O	O	O	O	O	O	_	_	_	_	_	_
1	O	O	O	O	O	O	_	_	_	_	_	_
riftnHrA	O	O	O	O	O	O	_	_	_	_	_	_
à	O	O	O	O	O	O	_	_	_	_	_	_
Ç	O	O	O	O	O	O	_	_	_	_	_	_
£	O	O	O	O	O	O	_	_	_	_	_	_
niil	O	O	O	O	O	O	_	_	_	_	_	_
I	O	O	O	O	O	O	_	_	_	_	_	_
^	O	O	O	O	O	O	_	_	_	_	_	_
m	O	O	O	O	O	O	_	_	_	_	_	_
crMiFinitp	O	O	O	O	O	O	_	_	EndOfLine	_	_	_
# segment_iiif_link = https://impresso-project.ch/api/proxy/iiif/LLE-1985-09-27-a-p0007/85,2302,636,76/full/0/default.jpg
que	O	O	O	O	O	O	_	_	_	_	_	_
,	O	O	O	O	O	O	_	_	_	_	_	_
lors	O	O	O	O	O	O	_	_	_	_	_	_
de	O	O	O	O	O	O	_	_	_	_	_	_
la	O	O	O	O	O	O	_	_	_	_	_	_
réunion	O	O	O	O	O	O	_	_	_	_	_	_
préalable	O	O	O	O	O	O	_	_	_	_	_	_
du	O	O	O	O	O	O	_	_	EndOfLine	_	_	_
# segment_iiif_link = https://impresso-project.ch/api/proxy/iiif/LLE-1985-09-27-a-p0007/85,2342,626,76/full/0/default.jpg
comité	O	O	O	O	O	O	_	_	_	_	_	_
intérimaire	O	O	O	O	O	O	_	_	_	_	_	_
,	O	O	O	O	O	O	_	_	_	_	_	_
lorgane	O	O	O	O	O	O	_	_	EndOfLine	_	_	_
# segment_iiif_link = https://impresso-project.ch/api/proxy/iiif/LLE-1985-09-27-a-p0007/85,2383,636,75/full/0/default.jpg
consultatif	O	O	O	O	O	O	_	_	_	_	_	_
le	O	O	O	O	O	O	_	_	_	_	_	_
plus	O	O	O	O	O	O	_	_	_	_	_	_
important	O	O	O	O	O	O	_	_	_	_	_	_
du	O	O	O	O	O	O	_	_	_	_	_	_
FMI	O	O	O	O	O	O	_	_	_	_	_	_
,	O	O	O	O	O	O	_	_	_	_	_	_
le	O	O	O	O	O	O	_	_	_	_	_	_
chef	O	O	O	O	O	O	_	_	_	_	_	_
du	O	O	O	O	O	O	_	_	EndOfLine	_	_	_
# segment_iiif_link = https://impresso-project.ch/api/proxy/iiif/LLE-1985-09-27-a-p0007/87,2423,624,75/full/0/default.jpg
Département	O	O	O	O	O	O	_	_	_	_	_	_
fédéral	O	O	O	O	O	O	_	_	_	_	_	_
des	O	O	O	O	O	O	_	_	_	_	_	_
finances	O	O	O	O	O	O	_	_	EndOfLine	_	_	_
# segment_iiif_link = https://impresso-project.ch/api/proxy/iiif/LLE-1985-09-27-a-p0007/85,2465,639,75/full/0/default.jpg
défende	O	O	O	O	O	O	_	_	_	_	_	_
une	O	O	O	O	O	O	_	_	_	_	_	_
politique	O	O	O	O	O	O	_	_	_	_	_	_
respectueuse	O	O	O	O	O	O	_	_	_	_	_	_
des	O	O	O	O	O	O	_	_	EndOfLine	_	_	_
# segment_iiif_link = https://impresso-project.ch/api/proxy/iiif/LLE-1985-09-27-a-p0007/85,2505,626,76/full/0/default.jpg
intérêts	O	O	O	O	O	O	_	_	_	_	_	_
des	O	O	O	O	O	O	_	_	_	_	_	_
pays	O	O	O	O	O	O	_	_	_	_	_	_
en	O	O	O	O	O	O	_	_	_	_	_	_
voie	O	O	O	O	O	O	_	_	_	_	_	_
de	O	O	O	O	O	O	_	_	EndOfLine	_	_	_
# segment_iiif_link = https://impresso-project.ch/api/proxy/iiif/LLE-1985-09-27-a-p0007/87,2546,637,75/full/0/default.jpg
développement	O	O	O	O	O	O	_	_	_	_	_	_
.	O	O	O	O	O	O	_	_	_	EndOfSentence	_	_
(	O	O	O	O	O	O	_	_	_	_	_	_
ATS	B-org	O	B-org.ent.pressagency.ATS-SDA	O	O	O	Q430109	_	_	_	LED0.00	_
)	O	O	O	O	O	O	_	_	EndOfLine	EndOfSentence	_	_

# language = fr
# newspaper = LLE
# date = 1986-09-23
# document_id = LLE-1986-09-23-a-i0242
# news-agency-as-source = Q40469
# segment_iiif_link = https://impresso-project.ch/api/proxy/iiif/LLE-1986-09-23-a-p0012/171,4231,1148,131/full/0/default.jpg
Première	O	O	O	O	O	O	_	_	_	_	_	_
médicale	O	O	O	O	O	O	_	_	_	_	_	_
en	O	O	O	O	O	O	_	_	_	_	_	_
Grande	O	O	O	O	O	O	_	_	NoSpaceAfter	_	_	_
-	O	O	O	O	O	O	_	_	NoSpaceAfter	_	_	_
Bretagne	O	O	O	O	O	O	_	_	EndOfLine	_	_	_
# segment_iiif_link = https://impresso-project.ch/api/proxy/iiif/LLE-1986-09-23-a-p0012/136,4335,1220,102/full/0/default.jpg
Greffe	O	O	O	O	O	O	_	_	_	_	_	_
d	O	O	O	O	O	O	_	_	_	_	_	_
un	O	O	O	O	O	O	_	_	_	_	_	_
coeur	O	O	O	O	O	O	_	_	_	_	_	_
et	O	O	O	O	O	O	_	_	_	_	_	_
de	O	O	O	O	O	O	_	_	_	_	_	_
courrions	O	O	O	O	O	O	_	_	_	_	_	_
sur	O	O	O	O	O	O	_	_	_	_	_	_
un	O	O	O	O	O	O	_	_	_	_	_	_
bébé	O	O	O	O	O	O	_	_	_	_	_	_
de	O	O	O	O	O	O	_	_	_	_	_	_
Vh	O	O	O	O	O	O	_	_	_	_	_	_
mois	O	O	O	O	O	O	_	_	EndOfLine	_	_	_
# segment_iiif_link = https://impresso-project.ch/api/proxy/iiif/LLE-1986-09-23-a-p0012/118,4419,593,75/full/0/default.jpg
Un	O	O	O	O	O	O	_	_	_	_	_	_
bébé	O	O	O	O	O	O	_	_	_	_	_	_
de	O	O	O	O	O	O	_	_	_	_	_	_
deux	O	O	O	O	O	O	_	_	_	_	_	_
mois	O	O	O	O	O	O	_	_	_	_	_	_
et	O	O	O	O	O	O	_	_	_	_	_	_
demi	O	O	O	O	O	O	_	_	_	_	_	_
vient	O	O	O	O	O	O	_	_	EndOfLine	_	_	_
# segment_iiif_link = https://impresso-project.ch/api/proxy/iiif/LLE-1986-09-23-a-p0012/75,4457,639,75/full/0/default.jpg
de	O	O	O	O	O	O	_	_	_	_	_	_
subir	O	O	O	O	O	O	_	_	_	_	_	_
une	O	O	O	O	O	O	_	_	_	_	_	_
double	O	O	O	O	O	O	_	_	_	_	_	_
greffe	O	O	O	O	O	O	_	_	_	_	_	_
du	O	O	O	O	O	O	_	_	_	_	_	_
coeur	O	O	O	O	O	O	_	_	_	_	_	_
et	O	O	O	O	O	O	_	_	_	_	_	_
des	O	O	O	O	O	O	_	_	EndOfLine	_	_	_
# segment_iiif_link = https://impresso-project.ch/api/proxy/iiif/LLE-1986-09-23-a-p0012/73,4494,626,77/full/0/default.jpg
poumons	O	O	O	O	O	O	_	_	_	_	_	_
,	O	O	O	O	O	O	_	_	_	_	_	_
organes	O	O	O	O	O	O	_	_	_	_	_	_
provenant	O	O	O	O	O	O	_	_	_	_	_	_
d	O	O	O	O	O	O	_	_	_	_	_	_
un	O	O	O	O	O	O	_	_	EndOfLine	_	_	_
# segment_iiif_link = https://impresso-project.ch/api/proxy/iiif/LLE-1986-09-23-a-p0012/78,4534,633,77/full/0/default.jpg
nouveau	O	O	O	O	O	O	_	_	NoSpaceAfter	_	_	_
-	O	O	O	O	O	O	_	_	NoSpaceAfter	_	_	_
né	O	O	O	O	O	O	_	_	_	_	_	_
de	O	O	O	O	O	O	_	_	_	_	_	_
cinq	O	O	O	O	O	O	_	_	_	_	_	_
jours	O	O	O	O	O	O	_	_	_	_	_	_
.	O	O	O	O	O	O	_	_	_	EndOfSentence	_	_
C	O	O	O	O	O	O	_	_	_	_	_	_
est	O	O	O	O	O	O	_	_	_	_	_	_
le	O	O	O	O	O	O	_	_	_	_	_	_
plus	O	O	O	O	O	O	_	_	EndOfLine	_	_	_
# segment_iiif_link = https://impresso-project.ch/api/proxy/iiif/LLE-1986-09-23-a-p0012/71,4574,642,75/full/0/default.jpg
jeune	O	O	O	O	O	O	_	_	_	_	_	_
malade	O	O	O	O	O	O	_	_	_	_	_	_
au	O	O	O	O	O	O	_	_	_	_	_	_
monde	O	O	O	O	O	O	_	_	_	_	_	_
à	O	O	O	O	O	O	_	_	_	_	_	_
avoir	O	O	O	O	O	O	_	_	_	_	_	_
subi	O	O	O	O	O	O	_	_	EndOfLine	_	_	_
# segment_iiif_link = https://impresso-project.ch/api/proxy/iiif/LLE-1986-09-23-a-p0012/78,4613,315,75/full/0/default.jpg
une	O	O	O	O	O	O	_	_	_	_	_	_
telle	O	O	O	O	O	O	_	_	_	_	_	_
opération	O	O	O	O	O	O	_	_	_	_	_	_
.	O	O	O	O	O	O	_	_	EndOfLine	EndOfSentence	_	_
# segment_iiif_link = https://impresso-project.ch/api/proxy/iiif/LLE-1986-09-23-a-p0012/121,4658,593,75/full/0/default.jpg
Le	O	O	O	O	O	O	_	_	_	_	_	_
petit	O	O	O	O	O	O	_	_	_	_	_	_
garçon	O	O	O	O	O	O	_	_	_	_	_	_
,	O	O	O	O	O	O	_	_	_	_	_	_
dont	O	O	O	O	O	O	_	_	_	_	_	_
lidentité	O	O	O	O	O	O	_	_	_	_	_	_
n	O	O	O	O	O	O	_	_	_	_	_	_
a	O	O	O	O	O	O	_	_	EndOfLine	_	_	_
# segment_iiif_link = https://impresso-project.ch/api/proxy/iiif/LLE-1986-09-23-a-p0012/78,4696,638,77/full/0/default.jpg
pas	O	O	O	O	O	O	_	_	_	_	_	_
été	O	O	O	O	O	O	_	_	_	_	_	_
révélée	O	O	O	O	O	O	_	_	_	_	_	_
,	O	O	O	O	O	O	_	_	_	_	_	_
a	O	O	O	O	O	O	_	_	_	_	_	_
été	O	O	O	O	O	O	_	_	_	_	_	_
opéré	O	O	O	O	O	O	_	_	_	_	_	_
samedi	O	O	O	O	O	O	_	_	_	_	_	_
par	O	O	O	O	O	O	_	_	_	_	_	_
le	O	O	O	O	O	O	_	_	EndOfLine	_	_	_
# segment_iiif_link = https://impresso-project.ch/api/proxy/iiif/LLE-1986-09-23-a-p0012/83,4745,621,58/full/0/default.jpg
D	O	O	O	O	O	O	_	_	_	_	_	_
r	O	O	O	O	O	O	_	_	_	_	_	_
Mnpdi	O	O	O	O	O	O	_	_	_	_	_	_
Ynrntih	O	O	O	O	O	O	_	_	_	_	_	_
l	O	O	O	O	O	O	_	_	_	_	_	_
un	O	O	O	O	O	O	_	_	_	_	_	_
rtoc	O	O	O	O	O	O	_	_	_	_	_	_
omnAe	O	O	O	O	O	O	_	_	_	_	_	_
mA	O	O	O	O	O	O	_	_	EndOfLine	_	_	_
# segment_iiif_link = https://impresso-project.ch/api/proxy/iiif/LLE-1986-09-23-a-p0012/178,4748,523,75/full/0/default.jpg
ô	O	O	O	O	O	O	_	_	_	_	_	_
1	O	O	O	O	O	O	_	_	_	_	_	_
^	O	O	O	O	O	O	_	_	NoSpaceAfter	_	_	_
^	O	O	O	O	O	O	_	_	_	_	_	_
yjvivi	O	O	O	O	O	O	_	_	_	_	_	_
tAit	O	O	O	O	O	O	_	_	_	_	_	_
wcj	O	O	O	O	O	O	_	_	_	_	_	_
gruriuz	O	O	O	O	O	O	_	_	_	_	_	_
spé	O	O	O	O	O	O	_	_	EndOfLine	_	_	_
# segment_iiif_link = https://impresso-project.ch/api/proxy/iiif/LLE-1986-09-23-a-p0012/161,4748,552,75/full/0/default.jpg
-	O	O	O	O	O	O	_	_	_	_	_	_
,	O	O	O	O	O	O	_	_	_	_	_	_
-	O	O	O	O	O	O	_	_	EndOfLine	_	_	_
# segment_iiif_link = https://impresso-project.ch/api/proxy/iiif/LLE-1986-09-23-a-p0012/83,4775,615,75/full/0/default.jpg
cialistes	O	O	O	O	O	O	_	_	_	_	_	_
de	O	O	O	O	O	O	_	_	_	_	_	_
greffes	O	O	O	O	O	O	_	_	_	_	_	_
du	O	O	O	O	O	O	_	_	_	_	_	_
coeur	O	O	O	O	O	O	_	_	_	_	_	_
en	O	O	O	O	O	O	_	_	EndOfLine	_	_	_
# segment_iiif_link = https://impresso-project.ch/api/proxy/iiif/LLE-1986-09-23-a-p0012/85,4812,618,76/full/0/default.jpg
Grande	O	O	O	O	O	O	_	_	NoSpaceAfter	_	_	_
-	O	O	O	O	O	O	_	_	NoSpaceAfter	_	_	_
Bretagne	O	O	O	O	O	O	_	_	_	_	_	_
.	O	O	O	O	O	O	_	_	_	EndOfSentence	_	_
Son	O	O	O	O	O	O	_	_	_	_	_	_
état	O	O	O	O	O	O	_	_	_	_	_	_
était	O	O	O	O	O	O	_	_	_	_	_	_
jugé	O	O	O	O	O	O	_	_	_	_	_	_
«	O	O	O	O	O	O	_	_	EndOfLine	_	_	_
# segment_iiif_link = https://impresso-project.ch/api/proxy/iiif/LLE-1986-09-23-a-p0012/83,4852,631,75/full/0/default.jpg
satisfaisant	O	O	O	O	O	O	_	_	_	_	_	_
»	O	O	O	O	O	O	_	_	_	_	_	_
lundi	O	O	O	O	O	O	_	_	_	_	_	_
,	O	O	O	O	O	O	_	_	_	_	_	_
selon	O	O	O	O	O	O	_	_	_	_	_	_
un	O	O	O	O	O	O	_	_	_	_	_	_
bulletin	O	O	O	O	O	O	_	_	_	_	_	_
médical	O	O	O	O	O	O	_	_	EndOfLine	_	_	_
# segment_iiif_link = https://impresso-project.ch/api/proxy/iiif/LLE-1986-09-23-a-p0012/86,4890,563,77/full/0/default.jpg
du	O	O	O	O	O	O	_	_	_	_	_	_
Ilarefield	O	O	O	O	O	O	_	_	_	_	_	_
Hospital	O	O	O	O	O	O	_	_	_	_	_	_
de	O	O	O	O	O	O	_	_	_	_	_	_
Londres	O	O	O	O	O	O	_	_	_	_	_	_
.	O	O	O	O	O	O	_	_	EndOfLine	EndOfSentence	_	_
# segment_iiif_link = https://impresso-project.ch/api/proxy/iiif/LLE-1986-09-23-a-p0012/128,4934,576,75/full/0/default.jpg
Pour	O	O	O	O	O	O	_	_	_	_	_	_
l	O	O	O	O	O	O	_	_	_	_	_	_
opération	O	O	O	O	O	O	_	_	_	_	_	_
qui	O	O	O	O	O	O	_	_	_	_	_	_
a	O	O	O	O	O	O	_	_	_	_	_	_
duré	O	O	O	O	O	O	_	_	_	_	_	_
six	O	O	O	O	O	O	_	_	EndOfLine	_	_	_
# segment_iiif_link = https://impresso-project.ch/api/proxy/iiif/LLE-1986-09-23-a-p0012/88,4970,628,77/full/0/default.jpg
heures	O	O	O	O	O	O	_	_	_	_	_	_
et	O	O	O	O	O	O	_	_	_	_	_	_
demie	O	O	O	O	O	O	_	_	_	_	_	_
,	O	O	O	O	O	O	_	_	_	_	_	_
le	O	O	O	O	O	O	_	_	_	_	_	_
D	O	O	O	O	O	O	_	_	_	_	_	_
Yacoub	O	O	O	O	O	O	_	_	_	_	_	_
sétait	O	O	O	O	O	O	_	_	_	_	_	_
rendu	O	O	O	O	O	O	_	_	EndOfLine	_	_	_
# segment_iiif_link = https://impresso-project.ch/api/proxy/iiif/LLE-1986-09-23-a-p0012/90,5011,629,76/full/0/default.jpg
en	O	O	O	O	O	O	_	_	_	_	_	_
Belgique	O	O	O	O	O	O	_	_	_	_	_	_
pour	O	O	O	O	O	O	_	_	_	_	_	_
recueillir	O	O	O	O	O	O	_	_	_	_	_	_
les	O	O	O	O	O	O	_	_	_	_	_	_
organes	O	O	O	O	O	O	_	_	EndOfLine	_	_	_
# segment_iiif_link = https://impresso-project.ch/api/proxy/iiif/LLE-1986-09-23-a-p0012/90,5051,628,75/full/0/default.jpg
du	O	O	O	O	O	O	_	_	_	_	_	_
nouveau	O	O	O	O	O	O	_	_	NoSpaceAfter	_	_	_
-	O	O	O	O	O	O	_	_	NoSpaceAfter	_	_	_
né	O	O	O	O	O	O	_	_	_	_	_	_
.	O	O	O	O	O	O	_	_	_	EndOfSentence	_	_
Aucun	O	O	O	O	O	O	_	_	_	_	_	_
détail	O	O	O	O	O	O	_	_	_	_	_	_
sur	O	O	O	O	O	O	_	_	_	_	_	_
son	O	O	O	O	O	O	_	_	EndOfLine	_	_	_
# segment_iiif_link = https://impresso-project.ch/api/proxy/iiif/LLE-1986-09-23-a-p0012/133,5136,586,75/full/0/default.jpg
Le	O	O	O	O	O	O	_	_	_	_	_	_
bébé	O	O	O	O	O	O	_	_	_	_	_	_
qui	O	O	O	O	O	O	_	_	_	_	_	_
a	O	O	O	O	O	O	_	_	_	_	_	_
subi	O	O	O	O	O	O	_	_	_	_	_	_
la	O	O	O	O	O	O	_	_	_	_	_	_
double	O	O	O	O	O	O	_	_	_	_	_	_
greffe	O	O	O	O	O	O	_	_	_	_	_	_
,	O	O	O	O	O	O	_	_	EndOfLine	_	_	_
# segment_iiif_link = https://impresso-project.ch/api/proxy/iiif/LLE-1986-09-23-a-p0012/91,5176,628,75/full/0/default.jpg
était	O	O	O	O	O	O	_	_	_	_	_	_
né	O	O	O	O	O	O	_	_	_	_	_	_
avec	O	O	O	O	O	O	_	_	_	_	_	_
un	O	O	O	O	O	O	_	_	_	_	_	_
seul	O	O	O	O	O	O	_	_	_	_	_	_
ventricule	O	O	O	O	O	O	_	_	_	_	_	_
,	O	O	O	O	O	O	_	_	_	_	_	_
des	O	O	O	O	O	O	_	_	EndOfLine	_	_	_
# segment_iiif_link = https://impresso-project.ch/api/proxy/iiif/LLE-1986-09-23-a-p0012/774,4420,644,77/full/0/default.jpg
le	O	O	O	O	O	O	_	_	_	_	_	_
.	O	O	O	O	O	O	_	_	_	EndOfSentence	_	_
«	O	O	O	O	O	O	_	_	_	_	_	_
Une	O	O	O	O	O	O	_	_	_	_	_	_
greffe	O	O	O	O	O	O	_	_	_	_	_	_
était	O	O	O	O	O	O	_	_	_	_	_	_
la	O	O	O	O	O	O	_	_	_	_	_	_
seule	O	O	O	O	O	O	_	_	_	_	_	_
solution	O	O	O	O	O	O	_	_	_	_	_	_
»	O	O	O	O	O	O	_	_	_	_	_	_
,	O	O	O	O	O	O	_	_	EndOfLine	_	_	_
# segment_iiif_link = https://impresso-project.ch/api/proxy/iiif/LLE-1986-09-23-a-p0012/773,4461,415,76/full/0/default.jpg
selon	O	O	O	O	O	O	_	_	_	_	_	_
le	O	O	O	O	O	O	_	_	_	_	_	_
bulletin	O	O	O	O	O	O	_	_	_	_	_	_
médical	O	O	O	O	O	O	_	_	_	_	_	_
.	O	O	O	O	O	O	_	_	EndOfLine	EndOfSentence	_	_
# segment_iiif_link = https://impresso-project.ch/api/proxy/iiif/LLE-1986-09-23-a-p0012/813,4512,601,76/full/0/default.jpg
Le	O	O	O	O	O	O	_	_	_	_	_	_
petit	O	O	O	O	O	O	_	_	_	_	_	_
garçon	O	O	O	O	O	O	_	_	_	_	_	_
,	O	O	O	O	O	O	_	_	_	_	_	_
dont	O	O	O	O	O	O	_	_	_	_	_	_
lidentité	O	O	O	O	O	O	_	_	_	_	_	_
n	O	O	O	O	O	O	_	_	_	_	_	_
a	O	O	O	O	O	O	_	_	EndOfLine	_	_	_
# segment_iiif_link = https://impresso-project.ch/api/proxy/iiif/LLE-1986-09-23-a-p0012/771,4554,645,75/full/0/default.jpg
pas	O	O	O	O	O	O	_	_	_	_	_	_
été	O	O	O	O	O	O	_	_	_	_	_	_
communiquée	O	O	O	O	O	O	_	_	_	_	_	_
à	O	O	O	O	O	O	_	_	_	_	_	_
la	O	O	O	O	O	O	_	_	_	_	_	_
demande	O	O	O	O	O	O	_	_	_	_	_	_
des	O	O	O	O	O	O	_	_	EndOfLine	_	_	_
# segment_iiif_link = https://impresso-project.ch/api/proxy/iiif/LLE-1986-09-23-a-p0012/771,4593,633,75/full/0/default.jpg
parents	O	O	O	O	O	O	_	_	_	_	_	_
,	O	O	O	O	O	O	_	_	_	_	_	_
a	O	O	O	O	O	O	_	_	_	_	_	_
été	O	O	O	O	O	O	_	_	_	_	_	_
placé	O	O	O	O	O	O	_	_	_	_	_	_
sous	O	O	O	O	O	O	_	_	_	_	_	_
assistance	O	O	O	O	O	O	_	_	EndOfLine	_	_	_
# segment_iiif_link = https://impresso-project.ch/api/proxy/iiif/LLE-1986-09-23-a-p0012/771,4634,643,77/full/0/default.jpg
respiratoire	O	O	O	O	O	O	_	_	_	_	_	_
et	O	O	O	O	O	O	_	_	_	_	_	_
isolé	O	O	O	O	O	O	_	_	_	_	_	_
derrière	O	O	O	O	O	O	_	_	_	_	_	_
des	O	O	O	O	O	O	_	_	_	_	_	_
parois	O	O	O	O	O	O	_	_	_	_	_	_
en	O	O	O	O	O	O	_	_	EndOfLine	_	_	_
# segment_iiif_link = https://impresso-project.ch/api/proxy/iiif/LLE-1986-09-23-a-p0012/773,4675,645,75/full/0/default.jpg
verre	O	O	O	O	O	O	_	_	_	_	_	_
qui	O	O	O	O	O	O	_	_	_	_	_	_
permettent	O	O	O	O	O	O	_	_	_	_	_	_
à	O	O	O	O	O	O	_	_	_	_	_	_
ses	O	O	O	O	O	O	_	_	_	_	_	_
parents	O	O	O	O	O	O	_	_	_	_	_	_
de	O	O	O	O	O	O	_	_	_	_	_	_
le	O	O	O	O	O	O	_	_	EndOfLine	_	_	_
# segment_iiif_link = https://impresso-project.ch/api/proxy/iiif/LLE-1986-09-23-a-p0012/774,4713,450,75/full/0/default.jpg
voir	O	O	O	O	O	O	_	_	_	_	_	_
mais	O	O	O	O	O	O	_	_	_	_	_	_
pas	O	O	O	O	O	O	_	_	_	_	_	_
de	O	O	O	O	O	O	_	_	_	_	_	_
le	O	O	O	O	O	O	_	_	_	_	_	_
toucher	O	O	O	O	O	O	_	_	_	_	_	_
.	O	O	O	O	O	O	_	_	EndOfLine	EndOfSentence	_	_
# segment_iiif_link = https://impresso-project.ch/api/proxy/iiif/LLE-1986-09-23-a-p0012/816,4761,588,77/full/0/default.jpg
La	O	O	O	O	O	O	_	_	_	_	_	_
malformation	O	O	O	O	O	O	_	_	_	_	_	_
du	O	O	O	O	O	O	_	_	_	_	_	_
coeur	O	O	O	O	O	O	_	_	_	_	_	_
avait	O	O	O	O	O	O	_	_	EndOfLine	_	_	_
# segment_iiif_link = https://impresso-project.ch/api/proxy/iiif/LLE-1986-09-23-a-p0012/776,4800,642,77/full/0/default.jpg
endommagé	O	O	O	O	O	O	_	_	_	_	_	_
les	O	O	O	O	O	O	_	_	_	_	_	_
poumons	O	O	O	O	O	O	_	_	_	_	_	_
,	O	O	O	O	O	O	_	_	_	_	_	_
rendant	O	O	O	O	O	O	_	_	_	_	_	_
une	O	O	O	O	O	O	_	_	EndOfLine	_	_	_
# segment_iiif_link = https://impresso-project.ch/api/proxy/iiif/LLE-1986-09-23-a-p0012/776,4848,390,56/full/0/default.jpg
nnilhlp	O	O	O	O	O	O	_	_	_	_	_	_
orofTo	O	O	O	O	O	O	_	_	_	_	_	_
nôooceniro	O	O	O	O	O	O	_	_	EndOfLine	_	_	_
# segment_iiif_link = https://impresso-project.ch/api/proxy/iiif/LLE-1986-09-23-a-p0012/813,4895,598,75/full/0/default.jpg
Le	O	O	O	O	O	O	_	_	_	_	_	_
D	O	O	O	O	O	O	_	_	_	_	_	_
r	O	O	O	O	O	O	_	_	_	_	_	_
Yacoub	O	O	O	O	O	O	_	_	_	_	_	_
,	O	O	O	O	O	O	_	_	_	_	_	_
originaire	O	O	O	O	O	O	_	_	_	_	_	_
dEgypte	O	O	O	O	O	O	_	_	_	_	_	_
,	O	O	O	O	O	O	_	_	EndOfLine	_	_	_
# segment_iiif_link = https://impresso-project.ch/api/proxy/iiif/LLE-1986-09-23-a-p0012/773,4932,631,77/full/0/default.jpg
qui	O	O	O	O	O	O	_	_	_	_	_	_
a	O	O	O	O	O	O	_	_	_	_	_	_
pratiqué	O	O	O	O	O	O	_	_	_	_	_	_
une	O	O	O	O	O	O	_	_	_	_	_	_
centaine	O	O	O	O	O	O	_	_	_	_	_	_
de	O	O	O	O	O	O	_	_	_	_	_	_
greffes	O	O	O	O	O	O	_	_	EndOfLine	_	_	_
# segment_iiif_link = https://impresso-project.ch/api/proxy/iiif/LLE-1986-09-23-a-p0012/771,4972,627,77/full/0/default.jpg
des	O	O	O	O	O	O	_	_	_	_	_	_
poumons	O	O	O	O	O	O	_	_	_	_	_	_
et	O	O	O	O	O	O	_	_	_	_	_	_
/	O	O	O	O	O	O	_	_	_	_	_	_
ou	O	O	O	O	O	O	_	_	_	_	_	_
du	O	O	O	O	O	O	_	_	_	_	_	_
coeur	O	O	O	O	O	O	_	_	_	_	_	_
,	O	O	O	O	O	O	_	_	_	_	_	_
est	O	O	O	O	O	O	_	_	_	_	_	_
en	O	O	O	O	O	O	_	_	EndOfLine	_	_	_
# segment_iiif_link = https://impresso-project.ch/api/proxy/iiif/LLE-1986-09-23-a-p0012/771,5012,627,75/full/0/default.jpg
liaison	O	O	O	O	O	O	_	_	_	_	_	_
constante	O	O	O	O	O	O	_	_	_	_	_	_
avec	O	O	O	O	O	O	_	_	_	_	_	_
une	O	O	O	O	O	O	_	_	_	_	_	_
banque	O	O	O	O	O	O	_	_	_	_	_	_
d	O	O	O	O	O	O	_	_	EndOfLine	_	_	_
# segment_iiif_link = https://impresso-project.ch/api/proxy/iiif/LLE-1986-09-23-a-p0012/773,5051,280,75/full/0/default.jpg
organes	O	O	O	O	O	O	_	_	_	_	_	_
informatisée	O	O	O	O	O	O	_	_	_	_	_	_
.	O	O	O	O	O	O	_	_	EndOfLine	EndOfSentence	_	_
# segment_iiif_link = https://impresso-project.ch/api/proxy/iiif/LLE-1986-09-23-a-p0012/814,5109,585,75/full/0/default.jpg
Il	O	O	O	O	O	O	_	_	_	_	_	_
se	O	O	O	O	O	O	_	_	_	_	_	_
rend	O	O	O	O	O	O	_	_	_	_	_	_
souvent	O	O	O	O	O	O	_	_	_	_	_	_
dans	O	O	O	O	O	O	_	_	_	_	_	_
diverses	O	O	O	O	O	O	_	_	EndOfLine	_	_	_
# segment_iiif_link = https://impresso-project.ch/api/proxy/iiif/LLE-1986-09-23-a-p0012/771,5146,625,77/full/0/default.jpg
régions	O	O	O	O	O	O	_	_	_	_	_	_
de	O	O	O	O	O	O	_	_	_	_	_	_
Grande	O	O	O	O	O	O	_	_	NoSpaceAfter	_	_	_
-	O	O	O	O	O	O	_	_	NoSpaceAfter	_	_	_
Bretagne	O	O	O	O	O	O	_	_	_	_	_	_
ou	O	O	O	O	O	O	_	_	_	_	_	_
en	O	O	O	O	O	O	_	_	EndOfLine	_	_	_
# segment_iiif_link = https://impresso-project.ch/api/proxy/iiif/LLE-1986-09-23-a-p0012/774,5184,625,76/full/0/default.jpg
Europe	O	O	O	O	O	O	_	_	_	_	_	_
pour	O	O	O	O	O	O	_	_	_	_	_	_
aller	O	O	O	O	O	O	_	_	_	_	_	_
chercher	O	O	O	O	O	O	_	_	_	_	_	_
l	O	O	O	O	O	O	_	_	_	_	_	_
organe	O	O	O	O	O	O	_	_	EndOfLine	_	_	_
# segment_iiif_link = https://impresso-project.ch/api/proxy/iiif/LLE-1986-09-23-a-p0012/773,5223,630,77/full/0/default.jpg
nécessaire	O	O	O	O	O	O	_	_	_	_	_	_
à	O	O	O	O	O	O	_	_	_	_	_	_
une	O	O	O	O	O	O	_	_	_	_	_	_
g	O	O	O	O	O	O	_	_	_	_	_	_
reffe	O	O	O	O	O	O	_	_	_	_	_	_
sur	O	O	O	O	O	O	_	_	_	_	_	_
ses	O	O	O	O	O	O	_	_	_	_	_	_
maladp	O	O	O	O	O	O	_	_	_	_	_	_
<	O	O	O	O	O	O	_	_	NoSpaceAfter	_	_	_
;	O	O	O	O	O	O	_	_	_	_	_	_
(	O	O	O	O	O	O	_	_	_	_	_	_
AP	B-org	O	B-org.ent.pressagency.AP	O	O	O	Q40469	_	_	_	LED0.00	_
\	O	O	O	O	O	O	_	_	EndOfLine	EndOfSentence	_	_

# language = fr
# newspaper = LLE
# date = 1992-02-04
# document_id = LLE-1992-02-04-a-i0081
# news-agency-as-source = Q40464
# segment_iiif_link = https://impresso-project.ch/api/proxy/iiif/LLE-1992-02-04-a-p0007/2213,4214,1299,191/full/0/default.jpg
Berlusconi	O	O	O	O	O	O	_	_	_	_	_	_
candidat	O	O	O	O	O	O	_	_	_	_	_	_
au	O	O	O	O	O	O	_	_	_	_	_	_
rachat	O	O	O	O	O	O	_	_	EndOfLine	_	_	_
# segment_iiif_link = https://impresso-project.ch/api/proxy/iiif/LLE-1992-02-04-a-p0007/2227,4367,600,75/full/0/default.jpg
Silvio	O	O	O	O	O	O	_	_	_	_	_	_
Berlusconi	O	O	O	O	O	O	_	_	_	_	_	_
,	O	O	O	O	O	O	_	_	_	_	_	_
président	O	O	O	O	O	O	_	_	_	_	_	_
di	O	O	O	O	O	O	_	_	EndOfLine	_	_	_
# segment_iiif_link = https://impresso-project.ch/api/proxy/iiif/LLE-1992-02-04-a-p0007/2188,4407,636,75/full/0/default.jpg
groupe	O	O	O	O	O	O	_	_	_	_	_	_
italien	O	O	O	O	O	O	_	_	_	_	_	_
Fininvest	O	O	O	O	O	O	_	_	_	_	_	_
,	O	O	O	O	O	O	_	_	_	_	_	_
a	O	O	O	O	O	O	_	_	_	_	_	_
confinm	O	O	O	O	O	O	_	_	EndOfLine	_	_	_
# segment_iiif_link = https://impresso-project.ch/api/proxy/iiif/LLE-1992-02-04-a-p0007/2188,4447,641,76/full/0/default.jpg
hier	O	O	O	O	O	O	_	_	_	_	_	_
sa	O	O	O	O	O	O	_	_	_	_	_	_
candidature	O	O	O	O	O	O	_	_	_	_	_	_
à	O	O	O	O	O	O	_	_	_	_	_	_
la	O	O	O	O	O	O	_	_	_	_	_	_
reprise	O	O	O	O	O	O	_	_	_	_	_	_
de	O	O	O	O	O	O	_	_	_	_	_	_
h	O	O	O	O	O	O	_	_	EndOfLine	_	_	_
# segment_iiif_link = https://impresso-project.ch/api/proxy/iiif/LLE-1992-02-04-a-p0007/2188,4486,632,77/full/0/default.jpg
chaîne	O	O	O	O	O	O	_	_	_	_	_	_
privée	O	O	O	O	O	O	_	_	_	_	_	_
française	O	O	O	O	O	O	_	_	_	_	_	_
la	O	O	O	O	O	O	_	_	_	_	_	_
Cinq	O	O	O	O	O	O	_	_	_	_	_	_
,	O	O	O	O	O	O	_	_	_	_	_	_
en	O	O	O	O	O	O	_	_	_	_	_	_
fail	O	O	O	O	O	O	_	_	EndOfLine	_	_	_
# segment_iiif_link = https://impresso-project.ch/api/proxy/iiif/LLE-1992-02-04-a-p0007/2188,4526,637,77/full/0/default.jpg
lite	O	O	O	O	O	O	_	_	_	_	_	_
.	O	O	O	O	O	O	_	_	_	EndOfSentence	_	_
Il	O	O	O	O	O	O	_	_	_	_	_	_
a	O	O	O	O	O	O	_	_	_	_	_	_
indiqué	O	O	O	O	O	O	_	_	_	_	_	_
«	O	O	O	O	O	O	_	_	_	_	_	_
qu	O	O	O	O	O	O	_	_	_	_	_	_
une	O	O	O	O	O	O	_	_	_	_	_	_
augmentatioi	O	O	O	O	O	O	_	_	EndOfLine	_	_	_
# segment_iiif_link = https://impresso-project.ch/api/proxy/iiif/LLE-1992-02-04-a-p0007/2188,4568,632,75/full/0/default.jpg
de	O	O	O	O	O	O	_	_	_	_	_	_
capital	O	O	O	O	O	O	_	_	_	_	_	_
de	O	O	O	O	O	O	_	_	_	_	_	_
1	O	O	O	O	O	O	_	_	_	_	_	_
,	O	O	O	O	O	O	_	_	_	_	_	_
5	O	O	O	O	O	O	_	_	_	_	_	_
milliard	O	O	O	O	O	O	_	_	_	_	_	_
de	O	O	O	O	O	O	_	_	_	_	_	_
FF	O	O	O	O	O	O	_	_	_	_	_	_
(	O	O	O	O	O	O	_	_	_	_	_	_
envi	O	O	O	O	O	O	_	_	EndOfLine	_	_	_
# segment_iiif_link = https://impresso-project.ch/api/proxy/iiif/LLE-1992-02-04-a-p0007/2188,4610,627,75/full/0/default.jpg
ron	O	O	O	O	O	O	_	_	_	_	_	_
38	O	O	O	O	O	O	_	_	_	_	_	_
millions	O	O	O	O	O	O	_	_	_	_	_	_
de	O	O	O	O	O	O	_	_	_	_	_	_
francs	O	O	O	O	O	O	_	_	_	_	_	_
)	O	O	O	O	O	O	_	_	_	_	_	_
serait	O	O	O	O	O	O	_	_	EndOfLine	_	_	_
# segment_iiif_link = https://impresso-project.ch/api/proxy/iiif/LLE-1992-02-04-a-p0007/2190,4650,629,75/full/0/default.jpg
nécessaire	O	O	O	O	O	O	_	_	_	_	_	_
pour	O	O	O	O	O	O	_	_	_	_	_	_
la	O	O	O	O	O	O	_	_	_	_	_	_
continuation	O	O	O	O	O	O	_	_	_	_	_	_
de	O	O	O	O	O	O	_	_	_	_	_	_
lactiviu	O	O	O	O	O	O	_	_	EndOfLine	_	_	_
# segment_iiif_link = https://impresso-project.ch/api/proxy/iiif/LLE-1992-02-04-a-p0007/2188,4691,514,75/full/0/default.jpg
de	O	O	O	O	O	O	_	_	_	_	_	_
la	O	O	O	O	O	O	_	_	_	_	_	_
chaîne	O	O	O	O	O	O	_	_	_	_	_	_
et	O	O	O	O	O	O	_	_	_	_	_	_
de	O	O	O	O	O	O	_	_	_	_	_	_
ses	O	O	O	O	O	O	_	_	_	_	_	_
filiales	O	O	O	O	O	O	_	_	_	_	_	_
»	O	O	O	O	O	O	_	_	_	_	_	_
.	O	O	O	O	O	O	_	_	EndOfLine	EndOfSentence	_	_
# segment_iiif_link = https://impresso-project.ch/api/proxy/iiif/LLE-1992-02-04-a-p0007/2227,4771,600,75/full/0/default.jpg
Cette	O	O	O	O	O	O	_	_	_	_	_	_
augmentation	O	O	O	O	O	O	_	_	_	_	_	_
de	O	O	O	O	O	O	_	_	_	_	_	_
capital	O	O	O	O	O	O	_	_	_	_	_	_
qui	O	O	O	O	O	O	_	_	_	_	_	_
s	O	O	O	O	O	O	_	_	_	_	_	_
(	O	O	O	O	O	O	_	_	EndOfLine	_	_	_
# segment_iiif_link = https://impresso-project.ch/api/proxy/iiif/LLE-1992-02-04-a-p0007/2188,4813,637,75/full/0/default.jpg
déroulerait	O	O	O	O	O	O	_	_	_	_	_	_
en	O	O	O	O	O	O	_	_	_	_	_	_
deux	O	O	O	O	O	O	_	_	_	_	_	_
temps	O	O	O	O	O	O	_	_	_	_	_	_
devrait	O	O	O	O	O	O	_	_	_	_	_	_
être	O	O	O	O	O	O	_	_	EndOfLine	_	_	_
# segment_iiif_link = https://impresso-project.ch/api/proxy/iiif/LLE-1992-02-04-a-p0007/2188,4853,636,75/full/0/default.jpg
ouverte	O	O	O	O	O	O	_	_	_	_	_	_
selon	O	O	O	O	O	O	_	_	_	_	_	_
lui	O	O	O	O	O	O	_	_	_	_	_	_
aux	O	O	O	O	O	O	_	_	_	_	_	_
actionnaires	O	O	O	O	O	O	_	_	_	_	_	_
ac	O	O	O	O	O	O	_	_	EndOfLine	_	_	_
# segment_iiif_link = https://impresso-project.ch/api/proxy/iiif/LLE-1992-02-04-a-p0007/2188,4893,634,75/full/0/default.jpg
tuels	O	O	O	O	O	O	_	_	_	_	_	_
et	O	O	O	O	O	O	_	_	_	_	_	_
éventuellement	O	O	O	O	O	O	_	_	_	_	_	_
à	O	O	O	O	O	O	_	_	_	_	_	_
dautres	O	O	O	O	O	O	_	_	_	_	_	_
par	O	O	O	O	O	O	_	_	EndOfLine	_	_	_
# segment_iiif_link = https://impresso-project.ch/api/proxy/iiif/LLE-1992-02-04-a-p0007/2188,4934,637,75/full/0/default.jpg
tenaires	O	O	O	O	O	O	_	_	_	_	_	_
extérieurs	O	O	O	O	O	O	_	_	_	_	_	_
avec	O	O	O	O	O	O	_	_	_	_	_	_
qui	O	O	O	O	O	O	_	_	_	_	_	_
il	O	O	O	O	O	O	_	_	_	_	_	_
a	O	O	O	O	O	O	_	_	_	_	_	_
déjà	O	O	O	O	O	O	_	_	EndOfLine	_	_	_
# segment_iiif_link = https://impresso-project.ch/api/proxy/iiif/LLE-1992-02-04-a-p0007/2188,4974,357,75/full/0/default.jpg
«	O	O	O	O	O	O	_	_	_	_	_	_
noué	O	O	O	O	O	O	_	_	_	_	_	_
des	O	O	O	O	O	O	_	_	_	_	_	_
contacts	O	O	O	O	O	O	_	_	_	_	_	_
»	O	O	O	O	O	O	_	_	_	_	_	_
.	O	O	O	O	O	O	_	_	EndOfLine	EndOfSentence	_	_
# segment_iiif_link = https://impresso-project.ch/api/proxy/iiif/LLE-1992-02-04-a-p0007/2227,5016,600,75/full/0/default.jpg
«	O	O	O	O	O	O	_	_	_	_	_	_
Nous	O	O	O	O	O	O	_	_	_	_	_	_
essaierons	O	O	O	O	O	O	_	_	_	_	_	_
de	O	O	O	O	O	O	_	_	_	_	_	_
maintenir	O	O	O	O	O	O	_	_	_	_	_	_
un	O	O	O	O	O	O	_	_	_	_	_	_
(	O	O	O	O	O	O	_	_	EndOfLine	_	_	_
# segment_iiif_link = https://impresso-project.ch/api/proxy/iiif/LLE-1992-02-04-a-p0007/2190,5056,634,75/full/0/default.jpg
participation	O	O	O	O	O	O	_	_	_	_	_	_
de	O	O	O	O	O	O	_	_	_	_	_	_
51	O	O	O	O	O	O	_	_	_	_	_	_
%	O	O	O	O	O	O	_	_	_	_	_	_
pour	O	O	O	O	O	O	_	_	_	_	_	_
les	O	O	O	O	O	O	_	_	_	_	_	_
parte	O	O	O	O	O	O	_	_	EndOfLine	_	_	_
# segment_iiif_link = https://impresso-project.ch/api/proxy/iiif/LLE-1992-02-04-a-p0007/2190,5096,639,75/full/0/default.jpg
naires	O	O	O	O	O	O	_	_	_	_	_	_
français	O	O	O	O	O	O	_	_	_	_	_	_
,	O	O	O	O	O	O	_	_	_	_	_	_
et	O	O	O	O	O	O	_	_	_	_	_	_
les	O	O	O	O	O	O	_	_	_	_	_	_
49	O	O	O	O	O	O	_	_	_	_	_	_
%	O	O	O	O	O	O	_	_	_	_	_	_
restants	O	O	O	O	O	O	_	_	_	_	_	_
i	O	O	O	O	O	O	_	_	EndOfLine	_	_	_
# segment_iiif_link = https://impresso-project.ch/api/proxy/iiif/LLE-1992-02-04-a-p0007/2188,5136,637,75/full/0/default.jpg
des	O	O	O	O	O	O	_	_	_	_	_	_
partenaires	O	O	O	O	O	O	_	_	_	_	_	_
européens	O	O	O	O	O	O	_	_	_	_	_	_
»	O	O	O	O	O	O	_	_	_	_	_	_
,	O	O	O	O	O	O	_	_	_	_	_	_
a	O	O	O	O	O	O	_	_	_	_	_	_
ajout	O	O	O	O	O	O	_	_	_	_	_	_
<	O	O	O	O	O	O	_	_	EndOfLine	_	_	_
# segment_iiif_link = https://impresso-project.ch/api/proxy/iiif/LLE-1992-02-04-a-p0007/2188,5177,636,75/full/0/default.jpg
Silvio	O	O	O	O	O	O	_	_	_	_	_	_
Berlusconi	O	O	O	O	O	O	_	_	_	_	_	_
dont	O	O	O	O	O	O	_	_	_	_	_	_
le	O	O	O	O	O	O	_	_	_	_	_	_
groupe	O	O	O	O	O	O	_	_	_	_	_	_
dé	O	O	O	O	O	O	_	_	EndOfLine	_	_	_
# segment_iiif_link = https://impresso-project.ch/api/proxy/iiif/LLE-1992-02-04-a-p0007/2188,5215,641,75/full/0/default.jpg
tient	O	O	O	O	O	O	_	_	_	_	_	_
,	O	O	O	O	O	O	_	_	_	_	_	_
rappelle	O	O	O	O	O	O	_	_	NoSpaceAfter	_	_	_
-	O	O	O	O	O	O	_	_	NoSpaceAfter	_	_	_
t	O	O	O	O	O	O	_	_	NoSpaceAfter	_	_	_
-	O	O	O	O	O	O	_	_	NoSpaceAfter	_	_	_
on	O	O	O	O	O	O	_	_	_	_	_	_
,	O	O	O	O	O	O	_	_	_	_	_	_
25	O	O	O	O	O	O	_	_	_	_	_	_
%	O	O	O	O	O	O	_	_	_	_	_	_
des	O	O	O	O	O	O	_	_	_	_	_	_
action	O	O	O	O	O	O	_	_	_	_	_	_
;	O	O	O	O	O	O	_	_	EndOfLine	_	_	_
# segment_iiif_link = https://impresso-project.ch/api/proxy/iiif/LLE-1992-02-04-a-p0007/2188,5257,186,75/full/0/default.jpg
de	O	O	O	O	O	O	_	_	_	_	_	_
la	O	O	O	O	O	O	_	_	_	_	_	_
Cinq	O	O	O	O	O	O	_	_	_	_	_	_
.	O	O	O	O	O	O	_	_	EndOfLine	EndOfSentence	_	_
# segment_iiif_link = https://impresso-project.ch/api/proxy/iiif/LLE-1992-02-04-a-p0007/2932,4367,595,75/full/0/default.jpg
Le	O	O	O	O	O	O	_	_	_	_	_	_
président	O	O	O	O	O	O	_	_	_	_	_	_
de	O	O	O	O	O	O	_	_	_	_	_	_
Fininvest	O	O	O	O	O	O	_	_	_	_	_	_
a	O	O	O	O	O	O	_	_	_	_	_	_
précisi	O	O	O	O	O	O	_	_	EndOfLine	_	_	_
# segment_iiif_link = https://impresso-project.ch/api/proxy/iiif/LLE-1992-02-04-a-p0007/2892,4407,635,75/full/0/default.jpg
que	O	O	O	O	O	O	_	_	_	_	_	_
son	O	O	O	O	O	O	_	_	_	_	_	_
projet	O	O	O	O	O	O	_	_	_	_	_	_
de	O	O	O	O	O	O	_	_	_	_	_	_
reprise	O	O	O	O	O	O	_	_	_	_	_	_
prévoit	O	O	O	O	O	O	_	_	_	_	_	_
li	O	O	O	O	O	O	_	_	EndOfLine	_	_	_
# segment_iiif_link = https://impresso-project.ch/api/proxy/iiif/LLE-1992-02-04-a-p0007/2894,4448,635,75/full/0/default.jpg
maintien	O	O	O	O	O	O	_	_	_	_	_	_
de	O	O	O	O	O	O	_	_	_	_	_	_
600	O	O	O	O	O	O	_	_	_	_	_	_
salariés	O	O	O	O	O	O	_	_	_	_	_	_
(	O	O	O	O	O	O	_	_	_	_	_	_
contre	O	O	O	O	O	O	_	_	_	_	_	_
90	O	O	O	O	O	O	_	_	_	_	_	_
(	O	O	O	O	O	O	_	_	EndOfLine	_	_	_
# segment_iiif_link = https://impresso-project.ch/api/proxy/iiif/LLE-1992-02-04-a-p0007/2892,4488,630,75/full/0/default.jpg
actuellement	O	O	O	O	O	O	_	_	_	_	_	_
)	O	O	O	O	O	O	_	_	_	_	_	_
.	O	O	O	O	O	O	_	_	_	EndOfSentence	_	_
Les	O	O	O	O	O	O	_	_	_	_	_	_
pertes	O	O	O	O	O	O	_	_	_	_	_	_
du	O	O	O	O	O	O	_	_	_	_	_	_
premie	O	O	O	O	O	O	_	_	EndOfLine	_	_	_
# segment_iiif_link = https://impresso-project.ch/api/proxy/iiif/LLE-1992-02-04-a-p0007/2892,4528,630,75/full/0/default.jpg
exercice	O	O	O	O	O	O	_	_	_	_	_	_
seraient	O	O	O	O	O	O	_	_	_	_	_	_
«	O	O	O	O	O	O	_	_	_	_	_	_
limitées	O	O	O	O	O	O	_	_	_	_	_	_
à	O	O	O	O	O	O	_	_	_	_	_	_
500	O	O	O	O	O	O	_	_	_	_	_	_
mil	O	O	O	O	O	O	_	_	EndOfLine	_	_	_
# segment_iiif_link = https://impresso-project.ch/api/proxy/iiif/LLE-1992-02-04-a-p0007/2894,4568,630,75/full/0/default.jpg
lions	O	O	O	O	O	O	_	_	_	_	_	_
de	O	O	O	O	O	O	_	_	_	_	_	_
francs	O	O	O	O	O	O	_	_	_	_	_	_
»	O	O	O	O	O	O	_	_	_	_	_	_
(	O	O	O	O	O	O	_	_	_	_	_	_
125	O	O	O	O	O	O	_	_	_	_	_	_
millions	O	O	O	O	O	O	_	_	_	_	_	_
de	O	O	O	O	O	O	_	_	_	_	_	_
franc	O	O	O	O	O	O	_	_	EndOfLine	_	_	_
# segment_iiif_link = https://impresso-project.ch/api/proxy/iiif/LLE-1992-02-04-a-p0007/2894,4610,637,75/full/0/default.jpg
suisses	O	O	O	O	O	O	_	_	_	_	_	_
)	O	O	O	O	O	O	_	_	_	_	_	_
avec	O	O	O	O	O	O	_	_	_	_	_	_
lespoir	O	O	O	O	O	O	_	_	_	_	_	_
de	O	O	O	O	O	O	_	_	_	_	_	_
parvenir	O	O	O	O	O	O	_	_	_	_	_	_
:	O	O	O	O	O	O	_	_	EndOfLine	_	_	_
# segment_iiif_link = https://impresso-project.ch/api/proxy/iiif/LLE-1992-02-04-a-p0007/2894,4650,632,75/full/0/default.jpg
léquilibre	O	O	O	O	O	O	_	_	_	_	_	_
dès	O	O	O	O	O	O	_	_	_	_	_	_
le	O	O	O	O	O	O	_	_	_	_	_	_
2	O	O	O	O	O	O	_	_	_	_	_	_
e	O	O	O	O	O	O	_	_	_	_	_	_
exercice	O	O	O	O	O	O	_	_	_	_	_	_
,	O	O	O	O	O	O	_	_	_	_	_	_
a	O	O	O	O	O	O	_	_	_	_	_	_
ajouti	O	O	O	O	O	O	_	_	EndOfLine	_	_	_
# segment_iiif_link = https://impresso-project.ch/api/proxy/iiif/LLE-1992-02-04-a-p0007/2892,4691,298,75/full/0/default.jpg
Silvio	O	O	O	O	O	O	_	_	_	_	_	_
Berlusconi	O	O	O	O	O	O	_	_	_	_	_	_
.	O	O	O	O	O	O	_	_	EndOfLine	EndOfSentence	_	_
# segment_iiif_link = https://impresso-project.ch/api/proxy/iiif/LLE-1992-02-04-a-p0007/2932,4731,587,75/full/0/default.jpg
Les	O	O	O	O	O	O	_	_	_	_	_	_
déboires	O	O	O	O	O	O	_	_	_	_	_	_
financiers	O	O	O	O	O	O	_	_	_	_	_	_
de	O	O	O	O	O	O	_	_	_	_	_	_
la	O	O	O	O	O	O	_	_	_	_	_	_
Cinq	O	O	O	O	O	O	_	_	_	_	_	_
(	O	O	O	O	O	O	_	_	EndOfLine	_	_	_
# segment_iiif_link = https://impresso-project.ch/api/proxy/iiif/LLE-1992-02-04-a-p0007/2894,4773,633,75/full/0/default.jpg
milliard	O	O	O	O	O	O	_	_	_	_	_	_
de	O	O	O	O	O	O	_	_	_	_	_	_
francs	O	O	O	O	O	O	_	_	_	_	_	_
suisses	O	O	O	O	O	O	_	_	_	_	_	_
de	O	O	O	O	O	O	_	_	_	_	_	_
pertes	O	O	O	O	O	O	_	_	_	_	_	_
ei	O	O	O	O	O	O	_	_	EndOfLine	_	_	_
# segment_iiif_link = https://impresso-project.ch/api/proxy/iiif/LLE-1992-02-04-a-p0007/2894,4813,630,75/full/0/default.jpg
sept	O	O	O	O	O	O	_	_	_	_	_	_
ans	O	O	O	O	O	O	_	_	_	_	_	_
)	O	O	O	O	O	O	_	_	_	_	_	_
,	O	O	O	O	O	O	_	_	_	_	_	_
son	O	O	O	O	O	O	_	_	_	_	_	_
récent	O	O	O	O	O	O	_	_	_	_	_	_
dépôt	O	O	O	O	O	O	_	_	_	_	_	_
de	O	O	O	O	O	O	_	_	_	_	_	_
bilan	O	O	O	O	O	O	_	_	EndOfLine	_	_	_
# segment_iiif_link = https://impresso-project.ch/api/proxy/iiif/LLE-1992-02-04-a-p0007/2894,4853,633,75/full/0/default.jpg
n	O	O	O	O	O	O	_	_	_	_	_	_
ont	O	O	O	O	O	O	_	_	_	_	_	_
jamais	O	O	O	O	O	O	_	_	_	_	_	_
entamé	O	O	O	O	O	O	_	_	_	_	_	_
la	O	O	O	O	O	O	_	_	_	_	_	_
pugnacité	O	O	O	O	O	O	_	_	_	_	_	_
d	O	O	O	O	O	O	_	_	_	_	_	_
(	O	O	O	O	O	O	_	_	EndOfLine	_	_	_
# segment_iiif_link = https://impresso-project.ch/api/proxy/iiif/LLE-1992-02-04-a-p0007/2894,4893,633,75/full/0/default.jpg
lhomme	O	O	O	O	O	O	_	_	_	_	_	_
daffaires	O	O	O	O	O	O	_	_	_	_	_	_
transalpin	O	O	O	O	O	O	_	_	_	_	_	_
,	O	O	O	O	O	O	_	_	_	_	_	_
bien	O	O	O	O	O	O	_	_	_	_	_	_
dé	O	O	O	O	O	O	_	_	EndOfLine	_	_	_
# segment_iiif_link = https://impresso-project.ch/api/proxy/iiif/LLE-1992-02-04-a-p0007/2892,4934,634,75/full/0/default.jpg
cidé	O	O	O	O	O	O	_	_	_	_	_	_
à	O	O	O	O	O	O	_	_	_	_	_	_
se	O	O	O	O	O	O	_	_	_	_	_	_
positionner	O	O	O	O	O	O	_	_	_	_	_	_
sur	O	O	O	O	O	O	_	_	_	_	_	_
le	O	O	O	O	O	O	_	_	_	_	_	_
marché	O	O	O	O	O	O	_	_	_	_	_	_
d	O	O	O	O	O	O	_	_	_	_	_	_
<	O	O	O	O	O	O	_	_	EndOfLine	_	_	_
# segment_iiif_link = https://impresso-project.ch/api/proxy/iiif/LLE-1992-02-04-a-p0007/2894,4976,632,75/full/0/default.jpg
la	O	O	O	O	O	O	_	_	_	_	_	_
télévision	O	O	O	O	O	O	_	_	_	_	_	_
en	O	O	O	O	O	O	_	_	_	_	_	_
France	O	O	O	O	O	O	_	_	_	_	_	_
quelle	O	O	O	O	O	O	_	_	_	_	_	_
que	O	O	O	O	O	O	_	_	_	_	_	_
soi	O	O	O	O	O	O	_	_	EndOfLine	_	_	_
# segment_iiif_link = https://impresso-project.ch/api/proxy/iiif/LLE-1992-02-04-a-p0007/2894,5016,248,75/full/0/default.jpg
la	O	O	O	O	O	O	_	_	_	_	_	_
conjoncture	O	O	O	O	O	O	_	_	_	_	_	_
.	O	O	O	O	O	O	_	_	EndOfLine	EndOfSentence	_	_
# segment_iiif_link = https://impresso-project.ch/api/proxy/iiif/LLE-1992-02-04-a-p0007/2932,5056,595,75/full/0/default.jpg
Avec	O	O	O	O	O	O	_	_	_	_	_	_
un	O	O	O	O	O	O	_	_	_	_	_	_
chiffre	O	O	O	O	O	O	_	_	_	_	_	_
daffaires	O	O	O	O	O	O	_	_	_	_	_	_
de	O	O	O	O	O	O	_	_	_	_	_	_
lordri	O	O	O	O	O	O	_	_	EndOfLine	_	_	_
# segment_iiif_link = https://impresso-project.ch/api/proxy/iiif/LLE-1992-02-04-a-p0007/2892,5096,635,75/full/0/default.jpg
de	O	O	O	O	O	O	_	_	_	_	_	_
13	O	O	O	O	O	O	_	_	_	_	_	_
milliards	O	O	O	O	O	O	_	_	_	_	_	_
de	O	O	O	O	O	O	_	_	_	_	_	_
francs	O	O	O	O	O	O	_	_	_	_	_	_
suisses	O	O	O	O	O	O	_	_	_	_	_	_
,	O	O	O	O	O	O	_	_	_	_	_	_
li	O	O	O	O	O	O	_	_	EndOfLine	_	_	_
# segment_iiif_link = https://impresso-project.ch/api/proxy/iiif/LLE-1992-02-04-a-p0007/2892,5136,629,75/full/0/default.jpg
groupe	O	O	O	O	O	O	_	_	_	_	_	_
Fininvest	O	O	O	O	O	O	_	_	_	_	_	_
a	O	O	O	O	O	O	_	_	_	_	_	_
une	O	O	O	O	O	O	_	_	_	_	_	_
activité	O	O	O	O	O	O	_	_	_	_	_	_
multi	O	O	O	O	O	O	_	_	EndOfLine	_	_	_
# segment_iiif_link = https://impresso-project.ch/api/proxy/iiif/LLE-1992-02-04-a-p0007/2894,5177,628,75/full/0/default.jpg
forme	O	O	O	O	O	O	_	_	_	_	_	_
:	O	O	O	O	O	O	_	_	_	_	_	_
grande	O	O	O	O	O	O	_	_	_	_	_	_
distribution	O	O	O	O	O	O	_	_	_	_	_	_
en	O	O	O	O	O	O	_	_	_	_	_	_
Italii	O	O	O	O	O	O	_	_	EndOfLine	_	_	_
# segment_iiif_link = https://impresso-project.ch/api/proxy/iiif/LLE-1992-02-04-a-p0007/2892,5217,634,75/full/0/default.jpg
avec	O	O	O	O	O	O	_	_	_	_	_	_
les	O	O	O	O	O	O	_	_	_	_	_	_
magasins	O	O	O	O	O	O	_	_	_	_	_	_
La	O	O	O	O	O	O	_	_	_	_	_	_
Standa	O	O	O	O	O	O	_	_	_	_	_	_
,	O	O	O	O	O	O	_	_	_	_	_	_
assuran	O	O	O	O	O	O	_	_	EndOfLine	_	_	_
# segment_iiif_link = https://impresso-project.ch/api/proxy/iiif/LLE-1992-02-04-a-p0007/2892,5259,634,75/full/0/default.jpg
ce	O	O	O	O	O	O	_	_	_	_	_	_
,	O	O	O	O	O	O	_	_	_	_	_	_
publicité	O	O	O	O	O	O	_	_	_	_	_	_
.	O	O	O	O	O	O	_	_	_	EndOfSentence	_	_
(	O	O	O	O	O	O	_	_	_	_	_	_
AFP	B-org	O	B-org.ent.pressagency.AFP	O	O	O	Q40464	_	EndOfLine	EndOfSentence	LED0.00	_

# language = fr
# newspaper = LLE
# date = 1992-06-13
# document_id = LLE-1992-06-13-a-i0047
# news-agency-as-source = _
# segment_iiif_link = https://impresso-project.ch/api/proxy/iiif/LLE-1992-06-13-a-p0024/1840,2185,282,65/full/0/default.jpg
Cherche	O	O	O	O	O	O	_	_	_	_	_	_
pour	O	O	O	O	O	O	_	_	_	_	_	_
ba	O	O	O	O	O	O	_	_	EndOfLine	_	_	_
# segment_iiif_link = https://impresso-project.ch/api/proxy/iiif/LLE-1992-06-13-a-p0024/1840,2225,204,64/full/0/default.jpg
teau	O	O	O	O	O	O	_	_	_	_	_	_
(	O	O	O	O	O	O	_	_	_	_	_	_
Zodiac	O	O	O	O	O	O	_	_	_	_	_	_
)	O	O	O	O	O	O	_	_	EndOfLine	_	_	_
# segment_iiif_link = https://impresso-project.ch/api/proxy/iiif/LLE-1992-06-13-a-p0024/1842,2297,931,65/full/0/default.jpg
pi	O	O	O	O	O	O	_	_	_	_	_	_
Af	O	O	O	O	O	O	_	_	_	_	_	_
*	O	O	O	O	O	O	_	_	_	_	_	_
c	O	O	O	O	O	O	_	_	_	_	_	_
A	O	O	O	O	O	O	_	_	_	_	_	_
vendre	O	O	O	O	O	O	_	_	_	_	_	_
,	O	O	O	O	O	O	_	_	_	_	_	_
de	O	O	O	O	O	O	_	_	_	_	_	_
particulier	O	O	O	O	O	O	_	_	_	_	_	_
à	O	O	O	O	O	O	_	_	_	_	_	_
particulier	O	O	O	O	O	O	_	_	EndOfLine	_	_	_
# segment_iiif_link = https://impresso-project.ch/api/proxy/iiif/LLE-1992-06-13-a-p0024/2216,2334,569,63/full/0/default.jpg
à	O	O	O	O	O	O	_	_	_	_	_	_
5	O	O	O	O	O	O	_	_	_	_	_	_
min	O	O	O	O	O	O	_	_	_	_	_	_
.	O	O	O	O	O	O	_	_	_	EndOfSentence	_	_
de	O	O	O	O	O	O	_	_	_	_	_	_
Romont	O	O	O	O	O	O	_	_	_	_	_	_
et	O	O	O	O	O	O	_	_	_	_	_	_
10	O	O	O	O	O	O	_	_	_	_	_	_
min	O	O	O	O	O	O	_	_	_	_	_	_
.	O	O	O	O	O	O	_	_	_	EndOfSentence	_	_
de	O	O	O	O	O	O	_	_	EndOfLine	_	_	_
# segment_iiif_link = https://impresso-project.ch/api/proxy/iiif/LLE-1992-06-13-a-p0024/1842,2357,464,75/full/0/default.jpg
DE	O	O	O	O	O	O	_	_	_	_	_	_
PARC	O	O	O	O	O	O	_	_	_	_	_	_
Bulle	O	O	O	O	O	O	_	_	_	_	_	_
,	O	O	O	O	O	O	_	_	EndOfLine	_	_	_
# segment_iiif_link = https://impresso-project.ch/api/proxy/iiif/LLE-1992-06-13-a-p0024/1840,2422,292,65/full/0/default.jpg
à	O	O	O	O	O	O	_	_	_	_	_	_
proximité	O	O	O	O	O	O	_	_	_	_	_	_
directe	O	O	O	O	O	O	_	_	EndOfLine	_	_	_
# segment_iiif_link = https://impresso-project.ch/api/proxy/iiif/LLE-1992-06-13-a-p0024/1840,2462,860,65/full/0/default.jpg
du	O	O	O	O	O	O	_	_	_	_	_	_
lac	O	O	O	O	O	O	_	_	_	_	_	_
,	O	O	O	O	O	O	_	_	_	_	_	_
entre	O	O	O	O	O	O	_	_	_	_	_	_
Esta	O	O	O	O	O	O	_	_	NoSpaceAfter	_	_	_
-	O	O	O	O	O	O	_	_	_	_	_	_
.	O	O	O	O	O	O	_	_	_	_	_	_
.	O	O	O	O	O	O	_	_	_	_	_	_
.	O	O	O	O	O	O	_	_	_	_	_	_
.	O	O	O	O	O	O	_	_	NoSpaceAfter	_	_	_
.	O	O	O	O	O	O	_	_	NoSpaceAfter	_	_	_
.	O	O	O	O	O	O	_	_	NoSpaceAfter	_	_	_
.	O	O	O	O	O	O	_	_	NoSpaceAfter	EndOfSentence	_	_
.	O	O	O	O	O	O	_	_	EndOfLine	EndOfSentence	_	_
# segment_iiif_link = https://impresso-project.ch/api/proxy/iiif/LLE-1992-06-13-a-p0024/1840,2494,948,75/full/0/default.jpg
vayer	O	O	O	O	O	O	_	_	_	_	_	_
et	O	O	O	O	O	O	_	_	_	_	_	_
Portai	O	O	O	O	O	O	_	_	NoSpaceAfter	_	_	_
-	O	O	O	O	O	O	_	_	_	_	_	_
a	O	O	O	O	O	O	_	_	_	_	_	_
)	O	O	O	O	O	O	_	_	_	_	_	_
superbe	O	O	O	O	O	O	_	_	_	_	_	_
villa	O	O	O	O	O	O	_	_	_	_	_	_
individuelle	O	O	O	O	O	O	_	_	EndOfLine	_	_	_
# segment_iiif_link = https://impresso-project.ch/api/proxy/iiif/LLE-1992-06-13-a-p0024/1842,2534,689,76/full/0/default.jpg
ban	O	O	O	O	O	O	_	_	_	_	_	_
de	O	O	O	O	O	O	_	_	_	_	_	_
5	O	O	O	O	O	O	_	_	_	_	_	_
1	O	O	O	O	O	O	_	_	_	_	_	_
/	O	O	O	O	O	O	_	_	_	_	_	_
2	O	O	O	O	O	O	_	_	_	_	_	_
pièces	O	O	O	O	O	O	_	_	EndOfLine	_	_	_
# segment_iiif_link = https://impresso-project.ch/api/proxy/iiif/LLE-1992-06-13-a-p0024/1993,2594,139,58/full/0/default.jpg
17	O	O	O	O	O	O	_	_	NoSpaceAfter	_	_	_
-	O	O	O	O	O	O	_	_	NoSpaceAfter	_	_	_
518848	O	O	O	O	O	O	_	_	EndOfLine	_	_	_
# segment_iiif_link = https://impresso-project.ch/api/proxy/iiif/LLE-1992-06-13-a-p0024/1842,2617,714,75/full/0/default.jpg
—	O	O	O	O	O	O	_	_	NoSpaceAfter	_	_	_
^	O	O	O	O	O	O	_	_	NoSpaceAfter	_	_	_
—	O	O	O	O	O	O	_	_	NoSpaceAfter	_	_	_
^	O	O	O	O	O	O	_	_	NoSpaceAfter	_	_	_
^	O	O	O	O	O	O	_	_	_	_	_	_
b	O	O	O	O	O	O	_	_	_	_	_	_
)	O	O	O	O	O	O	_	_	_	_	_	_
ferme	O	O	O	O	O	O	_	_	_	_	_	_
rénovée	O	O	O	O	O	O	_	_	EndOfLine	_	_	_
# segment_iiif_link = https://impresso-project.ch/api/proxy/iiif/LLE-1992-06-13-a-p0024/1843,2677,660,65/full/0/default.jpg
A	O	O	O	O	O	O	_	_	_	_	_	_
vendre	O	O	O	O	O	O	_	_	_	_	_	_
,	O	O	O	O	O	O	_	_	_	_	_	_
avec	O	O	O	O	O	O	_	_	_	_	_	_
cachet	O	O	O	O	O	O	_	_	EndOfLine	_	_	_
# segment_iiif_link = https://impresso-project.ch/api/proxy/iiif/LLE-1992-06-13-a-p0024/1843,2716,930,66/full/0/default.jpg
de	O	O	O	O	O	O	_	_	_	_	_	_
particulier	O	O	O	O	O	O	_	_	_	_	_	_
,	O	O	O	O	O	O	_	_	_	_	_	_
comprenant	O	O	O	O	O	O	_	_	_	_	_	_
2	O	O	O	O	O	O	_	_	_	_	_	_
grands	O	O	O	O	O	O	_	_	_	_	_	_
apparte	O	O	O	O	O	O	_	_	EndOfLine	_	_	_
# segment_iiif_link = https://impresso-project.ch/api/proxy/iiif/LLE-1992-06-13-a-p0024/1845,2776,883,75/full/0/default.jpg
immeuble	O	O	O	O	O	O	_	_	_	_	_	_
ments	O	O	O	O	O	O	_	_	_	_	_	_
de	O	O	O	O	O	O	_	_	_	_	_	_
3	O	O	O	O	O	O	_	_	_	_	_	_
Vl	O	O	O	O	O	O	_	_	_	_	_	_
P	O	O	O	O	O	O	_	_	_	_	_	_
èces	O	O	O	O	O	O	_	_	_	_	_	_
cnacun	O	O	O	O	O	O	_	_	_	_	_	_
-	O	O	O	O	O	O	_	_	EndOfLine	_	_	_
# segment_iiif_link = https://impresso-project.ch/api/proxy/iiif/LLE-1992-06-13-a-p0024/1845,2831,147,75/full/0/default.jpg
quartier	O	O	O	O	O	O	_	_	EndOfLine	_	_	_
# segment_iiif_link = https://impresso-project.ch/api/proxy/iiif/LLE-1992-06-13-a-p0024/1845,2884,748,77/full/0/default.jpg
de	O	O	O	O	O	O	_	_	_	_	_	_
Beauregard	O	O	O	O	O	O	_	_	_	_	_	_
c	O	O	O	O	O	O	_	_	_	_	_	_
)	O	O	O	O	O	O	_	_	_	_	_	_
2	O	O	O	O	O	O	_	_	_	_	_	_
villas	O	O	O	O	O	O	_	_	_	_	_	_
jumelées	O	O	O	O	O	O	_	_	EndOfLine	_	_	_
# segment_iiif_link = https://impresso-project.ch/api/proxy/iiif/LLE-1992-06-13-a-p0024/1845,2956,860,65/full/0/default.jpg
centre	O	O	O	O	O	O	_	_	NoSpaceAfter	_	_	_
-	O	O	O	O	O	O	_	_	NoSpaceAfter	_	_	_
ville	O	O	O	O	O	O	_	_	_	_	_	_
.	O	O	O	O	O	O	_	_	_	EndOfSentence	_	_
10	O	O	O	O	O	O	_	_	_	_	_	_
ap	O	O	O	O	O	O	_	_	NoSpaceAfter	_	_	_
-	O	O	O	O	O	O	_	_	_	_	_	_
de	O	O	O	O	O	O	_	_	_	_	_	_
™	O	O	O	O	O	O	_	_	_	_	_	_
Pèce	O	O	O	O	O	O	_	_	_	_	_	_
S	O	O	O	O	O	O	_	_	_	_	_	_
chaCUne	O	O	O	O	O	O	_	_	EndOfLine	_	_	_
# segment_iiif_link = https://impresso-project.ch/api/proxy/iiif/LLE-1992-06-13-a-p0024/1845,2997,292,65/full/0/default.jpg
partements	O	O	O	O	O	O	_	_	_	_	_	_
+	O	O	O	O	O	O	_	_	_	_	_	_
2	O	O	O	O	O	O	_	_	EndOfLine	_	_	_
# segment_iiif_link = https://impresso-project.ch/api/proxy/iiif/LLE-1992-06-13-a-p0024/1845,3037,421,66/full/0/default.jpg
studios	O	O	O	O	O	O	_	_	_	_	_	_
,	O	O	O	O	O	O	_	_	_	_	_	_
à	O	O	O	O	O	O	_	_	_	_	_	_
amena	O	O	O	O	O	O	_	_	NoSpaceAfter	_	_	_
-	O	O	O	O	O	O	_	_	_	_	_	_
_	O	O	O	O	O	O	_	_	_	_	_	_
,	O	O	O	O	O	O	_	_	EndOfLine	_	_	_
# segment_iiif_link = https://impresso-project.ch/api/proxy/iiif/LLE-1992-06-13-a-p0024/1917,3053,698,65/full/0/default.jpg
_	O	O	O	O	O	O	_	_	_	_	_	_
.	O	O	O	O	O	O	_	_	_	EndOfSentence	_	_
Calme	O	O	O	O	O	O	_	_	_	_	_	_
,	O	O	O	O	O	O	_	_	_	_	_	_
tranquillité	O	O	O	O	O	O	_	_	_	_	_	_
et	O	O	O	O	O	O	_	_	_	_	_	_
vue	O	O	O	O	O	O	_	_	_	_	_	_
.	O	O	O	O	O	O	_	_	EndOfLine	EndOfSentence	_	_
# segment_iiif_link = https://impresso-project.ch/api/proxy/iiif/LLE-1992-06-13-a-p0024/1845,3078,571,65/full/0/default.jpg
ger	O	O	O	O	O	O	_	_	_	_	_	_
.	O	O	O	O	O	O	_	_	_	EndOfSentence	_	_
Prix	O	O	O	O	O	O	_	_	_	_	_	_
:	O	O	O	O	O	O	_	_	_	_	_	_
^	O	O	O	O	O	O	_	_	EndOfLine	_	_	_
# segment_iiif_link = https://impresso-project.ch/api/proxy/iiif/LLE-1992-06-13-a-p0024/1845,3118,235,65/full/0/default.jpg
Fr	O	O	O	O	O	O	_	_	_	_	_	_
.	O	O	O	O	O	O	_	_	_	EndOfSentence	_	_
1	O	O	O	O	O	O	_	_	_	_	_	_
650	O	O	O	O	O	O	_	_	_	_	_	_
000	O	O	O	O	O	O	_	_	EndOfLine	_	_	_
# segment_iiif_link = https://impresso-project.ch/api/proxy/iiif/LLE-1992-06-13-a-p0024/1845,3164,818,65/full/0/default.jpg
.	O	O	O	O	O	O	_	_	NoSpaceAfter	EndOfSentence	_	_
-	O	O	O	O	O	O	_	_	NoSpaceAfter	_	_	_
Rendement	O	O	O	O	O	O	_	_	_	_	_	_
7	O	O	O	O	O	O	_	_	_	_	_	_
Vi	O	O	O	O	O	O	_	_	_	_	_	_
%	O	O	O	O	O	O	_	_	_	_	_	_
.	O	O	O	O	O	O	_	_	_	EndOfSentence	_	_
p	O	O	O	O	O	O	_	_	_	_	_	_
our	O	O	O	O	O	O	_	_	_	_	_	_
visiter	O	O	O	O	O	O	_	_	_	_	_	_
:	O	O	O	O	O	O	_	_	_	_	_	_
e	O	O	O	O	O	O	_	_	_	_	_	_
029	O	O	O	O	O	O	_	_	_	_	_	_
/	O	O	O	O	O	O	_	_	_	_	_	_
2	O	O	O	O	O	O	_	_	_	_	_	_
49	O	O	O	O	O	O	_	_	_	_	_	_
71	O	O	O	O	O	O	_	_	EndOfLine	_	_	_
# segment_iiif_link = https://impresso-project.ch/api/proxy/iiif/LLE-1992-06-13-a-p0024/1845,3224,290,64/full/0/default.jpg
Ecrire	O	O	O	O	O	O	_	_	_	_	_	_
sous	O	O	O	O	O	O	_	_	_	_	_	_
chiffre	O	O	O	O	O	O	_	_	EndOfLine	_	_	_
# segment_iiif_link = https://impresso-project.ch/api/proxy/iiif/LLE-1992-06-13-a-p0024/1845,3263,292,65/full/0/default.jpg
Va	O	O	O	O	O	O	_	_	_	_	_	_
/	O	O	O	O	O	O	_	_	_	_	_	_
017	O	O	O	O	O	O	_	_	NoSpaceAfter	_	_	_
-	O	O	O	O	O	O	_	_	NoSpaceAfter	_	_	_
761722	O	O	O	O	O	O	_	_	_	_	_	_
à	O	O	O	O	O	O	_	_	EndOfLine	_	_	_
# segment_iiif_link = https://impresso-project.ch/api/proxy/iiif/LLE-1992-06-13-a-p0024/2102,3264,12,64/full/0/default.jpg
,	O	O	O	O	O	O	_	_	EndOfLine	_	_	_
# segment_iiif_link = https://impresso-project.ch/api/proxy/iiif/LLE-1992-06-13-a-p0024/1845,3286,940,63/full/0/default.jpg
„	O	O	O	O	O	O	_	_	_	_	_	_
.	O	O	O	O	O	O	_	_	NoSpaceAfter	_	_	_
.	O	O	O	O	O	O	_	_	NoSpaceAfter	_	_	_
.	O	O	O	O	O	O	_	_	_	_	_	_
.	O	O	O	O	O	O	_	_	NoSpaceAfter	EndOfSentence	_	_
.	O	O	O	O	O	O	_	_	_	EndOfSentence	_	_
Aqences	O	O	O	O	O	O	_	_	_	_	_	_
s	O	O	O	O	O	O	_	_	_	_	_	_
abstenir	O	O	O	O	O	O	_	_	_	_	_	_
.	O	O	O	O	O	O	_	_	_	EndOfSentence	_	_
130	O	O	O	O	O	O	_	_	NoSpaceAfter	_	_	_
-	O	O	O	O	O	O	_	_	NoSpaceAfter	_	_	_
12292	O	O	O	O	O	O	_	_	EndOfLine	_	_	_
# segment_iiif_link = https://impresso-project.ch/api/proxy/iiif/LLE-1992-06-13-a-p0024/1845,3304,417,64/full/0/default.jpg
Publicitas	O	O	O	O	O	O	_	_	_	_	_	_
,	O	O	O	O	O	O	_	_	_	_	_	_
case	O	O	O	O	O	O	_	_	_	_	_	_
a	O	O	O	O	O	O	_	_	EndOfLine	_	_	_
# segment_iiif_link = https://impresso-project.ch/api/proxy/iiif/LLE-1992-06-13-a-p0024/1845,3344,225,65/full/0/default.jpg
postale	O	O	O	O	O	O	_	_	_	_	_	_
1064	O	O	O	O	O	O	_	_	_	_	_	_
,	O	O	O	O	O	O	_	_	EndOfLine	_	_	_
# segment_iiif_link = https://impresso-project.ch/api/proxy/iiif/LLE-1992-06-13-a-p0024/1850,3384,265,65/full/0/default.jpg
1701	O	O	O	O	O	O	_	_	_	_	_	_
Fribourg	O	O	O	O	O	O	_	_	_	_	_	_
1	O	O	O	O	O	O	_	_	_	_	_	_
.	O	O	O	O	O	O	_	_	EndOfLine	EndOfSentence	_	_
# segment_iiif_link = https://impresso-project.ch/api/proxy/iiif/LLE-1992-06-13-a-p0024/1845,3349,225,59/full/0/default.jpg
publdie	O	O	O	O	O	O	_	_	_	_	_	_
IUOH	O	O	O	O	O	O	_	_	_	_	_	_
,	O	O	O	O	O	O	_	_	EndOfLine	_	_	_
# segment_iiif_link = https://impresso-project.ch/api/proxy/iiif/LLE-1992-06-13-a-p0024/1850,3384,439,65/full/0/default.jpg
1701	O	O	O	O	O	O	_	_	_	_	_	_
Fribourg	O	O	O	O	O	O	_	_	_	_	_	_
1	O	O	O	O	O	O	_	_	_	_	_	_
.	O	O	O	O	O	O	_	_	_	EndOfSentence	_	_
.	O	O	O	O	O	O	_	_	EndOfLine	EndOfSentence	_	_

# language = fr
# newspaper = LNF
# date = 1847-02-26
# document_id = LNF-1847-02-26-a-i0003
# news-agency-as-source = _
# segment_iiif_link = https://impresso-project.ch/api/proxy/iiif/LNF-1847-02-26-a-p0002/52,88,639,49/full/0/default.jpg
Lucerne	O	O	O	O	O	O	_	_	NoSpaceAfter	_	_	_
,	O	O	O	O	O	O	_	_	_	_	_	_
dans	O	O	O	O	O	O	_	_	_	_	_	_
le	O	O	O	O	O	O	_	_	_	_	_	_
but	O	O	O	O	O	O	_	_	_	_	_	_
d	O	O	O	O	O	O	_	_	NoSpaceAfter	_	_	_
'	O	O	O	O	O	O	_	_	NoSpaceAfter	_	_	_
obtenir	O	O	O	O	O	O	_	_	_	_	_	_
le	O	O	O	O	O	O	_	_	_	_	_	_
renvoi	O	O	O	O	O	O	_	_	_	_	_	_
à	O	O	O	O	O	O	_	_	_	_	_	_
1848	O	O	O	O	O	O	_	_	_	_	_	_
de	O	O	O	O	O	O	_	_	_	_	_	_
l	O	O	O	O	O	O	_	_	NoSpaceAfter	_	_	_
'	O	O	O	O	O	O	_	_	NoSpaceAfter	_	_	_
inspection	O	O	O	O	O	O	_	_	EndOfLine	_	_	_
# segment_iiif_link = https://impresso-project.ch/api/proxy/iiif/LNF-1847-02-26-a-p0002/52,113,238,50/full/0/default.jpg
fédérale	O	O	O	O	O	O	_	_	_	_	_	_
de	O	O	O	O	O	O	_	_	_	_	_	_
ses	O	O	O	O	O	O	_	_	_	_	_	_
troupes	O	O	O	O	O	O	_	_	NoSpaceAfter	_	_	_
.	O	O	O	O	O	O	_	_	EndOfLine	EndOfSentence	_	_
# segment_iiif_link = https://impresso-project.ch/api/proxy/iiif/LNF-1847-02-26-a-p0002/79,139,611,50/full/0/default.jpg
—	O	O	O	O	O	O	_	_	_	_	_	_
Le	O	O	O	O	O	O	_	_	_	_	_	_
gouvernement	O	O	O	O	O	O	_	_	_	_	_	_
sarde	O	O	O	O	O	O	_	_	_	_	_	_
vient	O	O	O	O	O	O	_	_	_	_	_	_
de	O	O	O	O	O	O	_	_	_	_	_	_
faire	O	O	O	O	O	O	_	_	_	_	_	_
don	O	O	O	O	O	O	_	_	_	_	_	_
au	O	O	O	O	O	O	_	_	_	_	_	_
Directoire	O	O	O	O	O	O	_	_	EndOfLine	_	_	_
# segment_iiif_link = https://impresso-project.ch/api/proxy/iiif/LNF-1847-02-26-a-p0002/51,163,640,49/full/0/default.jpg
d	O	O	O	O	O	O	_	_	NoSpaceAfter	_	_	_
'	O	O	O	O	O	O	_	_	NoSpaceAfter	_	_	_
un	O	O	O	O	O	O	_	_	_	_	_	_
armement	O	O	O	O	O	O	_	_	_	_	_	_
complet	O	O	O	O	O	O	_	_	_	_	_	_
de	O	O	O	O	O	O	_	_	_	_	_	_
carabinier	O	O	O	O	O	O	_	_	NoSpaceAfter	_	_	_
,	O	O	O	O	O	O	_	_	_	_	_	_
qui	O	O	O	O	O	O	_	_	_	_	_	_
répond	O	O	O	O	O	O	_	_	_	_	_	_
parfaitement	O	O	O	O	O	O	_	_	EndOfLine	_	_	_
# segment_iiif_link = https://impresso-project.ch/api/proxy/iiif/LNF-1847-02-26-a-p0002/51,190,613,49/full/0/default.jpg
au	O	O	O	O	O	O	_	_	_	_	_	_
but	O	O	O	O	O	O	_	_	_	_	_	_
et	O	O	O	O	O	O	_	_	_	_	_	_
que	O	O	O	O	O	O	_	_	_	_	_	_
des	O	O	O	O	O	O	_	_	_	_	_	_
connaisseurs	O	O	O	O	O	O	_	_	_	_	_	_
ont	O	O	O	O	O	O	_	_	_	_	_	_
trouvé	O	O	O	O	O	O	_	_	_	_	_	_
digne	O	O	O	O	O	O	_	_	_	_	_	_
d	O	O	O	O	O	O	_	_	NoSpaceAfter	_	_	_
'	O	O	O	O	O	O	_	_	NoSpaceAfter	_	_	_
imitation	O	O	O	O	O	O	_	_	NoSpaceAfter	_	_	_
.	O	O	O	O	O	O	_	_	EndOfLine	EndOfSentence	_	_
# segment_iiif_link = https://impresso-project.ch/api/proxy/iiif/LNF-1847-02-26-a-p0002/77,221,613,50/full/0/default.jpg
—	O	O	O	O	O	O	_	_	_	_	_	_
Le	O	O	O	O	O	O	_	_	_	_	_	_
Directoire	O	O	O	O	O	O	_	_	_	_	_	_
a	O	O	O	O	O	O	_	_	_	_	_	_
informe	O	O	O	O	O	O	_	_	_	_	_	_
les	O	O	O	O	O	O	_	_	_	_	_	_
cantons	O	O	O	O	O	O	_	_	_	_	_	_
que	O	O	O	O	O	O	_	_	_	_	_	_
le	O	O	O	O	O	O	_	_	_	_	_	_
consul	O	O	O	O	O	O	_	_	_	_	_	_
suisse	O	O	O	O	O	O	_	_	_	_	_	_
de	O	O	O	O	O	O	_	_	EndOfLine	_	_	_
# segment_iiif_link = https://impresso-project.ch/api/proxy/iiif/LNF-1847-02-26-a-p0002/49,246,643,50/full/0/default.jpg
commerce	O	O	O	O	O	O	_	_	_	_	_	_
à	O	O	O	O	O	O	_	_	_	_	_	_
Lyon	O	O	O	O	O	O	_	_	NoSpaceAfter	_	_	_
,	O	O	O	O	O	O	_	_	_	_	_	_
M	O	O	O	O	O	O	_	_	NoSpaceAfter	_	_	_
.	O	O	O	O	O	O	_	_	_	_	_	_
Pierre	O	O	O	O	O	O	_	_	_	_	_	_
Galline	O	O	O	O	O	O	_	_	NoSpaceAfter	_	_	_
,	O	O	O	O	O	O	_	_	_	_	_	_
vient	O	O	O	O	O	O	_	_	_	_	_	_
de	O	O	O	O	O	O	_	_	_	_	_	_
mourir	O	O	O	O	O	O	_	_	_	_	_	_
;	O	O	O	O	O	O	_	_	_	_	_	_
son	O	O	O	O	O	O	_	_	_	_	_	_
fils	O	O	O	O	O	O	_	_	NoSpaceAfter	_	_	_
,	O	O	O	O	O	O	_	_	EndOfLine	_	_	_
# segment_iiif_link = https://impresso-project.ch/api/proxy/iiif/LNF-1847-02-26-a-p0002/49,272,639,50/full/0/default.jpg
M	O	O	O	O	O	O	_	_	NoSpaceAfter	_	_	_
.	O	O	O	O	O	O	_	_	_	_	_	_
Oscar	O	O	O	O	O	O	_	_	_	_	_	_
Galline	O	O	O	O	O	O	_	_	NoSpaceAfter	_	_	_
,	O	O	O	O	O	O	_	_	_	_	_	_
jusqu	O	O	O	O	O	O	_	_	NoSpaceAfter	_	_	_
'	O	O	O	O	O	O	_	_	NoSpaceAfter	_	_	_
ici	O	O	O	O	O	O	_	_	_	_	_	_
vice	O	O	O	O	O	O	_	_	NoSpaceAfter	_	_	_
-	O	O	O	O	O	O	_	_	NoSpaceAfter	_	_	_
consul	O	O	O	O	O	O	_	_	NoSpaceAfter	_	_	_
,	O	O	O	O	O	O	_	_	_	_	_	_
gérera	O	O	O	O	O	O	_	_	_	_	_	_
jusqu	O	O	O	O	O	O	_	_	NoSpaceAfter	_	_	_
'	O	O	O	O	O	O	_	_	NoSpaceAfter	_	_	_
à	O	O	O	O	O	O	_	_	_	_	_	_
nouvel	O	O	O	O	O	O	_	_	EndOfLine	_	_	_
# segment_iiif_link = https://impresso-project.ch/api/proxy/iiif/LNF-1847-02-26-a-p0002/49,298,299,49/full/0/default.jpg
ordre	O	O	O	O	O	O	_	_	_	_	_	_
les	O	O	O	O	O	O	_	_	_	_	_	_
affaires	O	O	O	O	O	O	_	_	_	_	_	_
du	O	O	O	O	O	O	_	_	_	_	_	_
consulat	O	O	O	O	O	O	_	_	NoSpaceAfter	_	_	_
.	O	O	O	O	O	O	_	_	EndOfLine	EndOfSentence	_	_
# segment_iiif_link = https://impresso-project.ch/api/proxy/iiif/LNF-1847-02-26-a-p0002/73,328,616,50/full/0/default.jpg
.	O	O	O	O	O	O	_	_	_	EndOfSentence	_	_
IÎ	O	O	O	O	O	O	_	_	_	_	_	_
1.11	O	O	O	O	O	O	_	_	_	_	_	_
N	O	O	O	O	O	O	_	_	_	_	_	_
1	O	O	O	O	O	O	_	_	_	_	_	_
:	O	O	O	O	O	O	_	_	NoSpaceAfter	_	_	_
.	O	O	O	O	O	O	_	_	_	EndOfSentence	_	_
—	O	O	O	O	O	O	_	_	_	_	_	_
Les	O	O	O	O	O	O	_	_	_	_	_	_
rapports	O	O	O	O	O	O	_	_	_	_	_	_
cntreRerne	O	O	O	O	O	O	_	_	_	_	_	_
et	O	O	O	O	O	O	_	_	_	_	_	_
Lucerne	O	O	O	O	O	O	_	_	_	_	_	_
sont	O	O	O	O	O	O	_	_	_	_	_	_
de	O	O	O	O	O	O	_	_	EndOfLine	_	_	_
# segment_iiif_link = https://impresso-project.ch/api/proxy/iiif/LNF-1847-02-26-a-p0002/47,355,641,50/full/0/default.jpg
nouveau	O	O	O	O	O	O	_	_	_	_	_	_
rétablis	O	O	O	O	O	O	_	_	_	_	_	_
sur	O	O	O	O	O	O	_	_	_	_	_	_
l	O	O	O	O	O	O	_	_	NoSpaceAfter	_	_	_
'	O	O	O	O	O	O	_	_	NoSpaceAfter	_	_	_
ancien	O	O	O	O	O	O	_	_	_	_	_	_
pied	O	O	O	O	O	O	_	_	NoSpaceAfter	_	_	_
.	O	O	O	O	O	O	_	_	_	EndOfSentence	_	_
Les	O	O	O	O	O	O	_	_	_	_	_	_
deux	O	O	O	O	O	O	_	_	_	_	_	_
gouvernements	O	O	O	O	O	O	_	_	_	_	_	_
ont	O	O	O	O	O	O	_	_	EndOfLine	_	_	_
# segment_iiif_link = https://impresso-project.ch/api/proxy/iiif/LNF-1847-02-26-a-p0002/47,380,533,50/full/0/default.jpg
révoqué	O	O	O	O	O	O	_	_	_	_	_	_
les	O	O	O	O	O	O	_	_	_	_	_	_
mesures	O	O	O	O	O	O	_	_	_	_	_	_
restrictives	O	O	O	O	O	O	_	_	_	_	_	_
qu	O	O	O	O	O	O	_	_	NoSpaceAfter	_	_	_
'	O	O	O	O	O	O	_	_	NoSpaceAfter	_	_	_
ils	O	O	O	O	O	O	_	_	_	_	_	_
avaient	O	O	O	O	O	O	_	_	_	_	_	_
prises	O	O	O	O	O	O	_	_	NoSpaceAfter	_	_	_
.	O	O	O	O	O	O	_	_	EndOfLine	EndOfSentence	_	_
# segment_iiif_link = https://impresso-project.ch/api/proxy/iiif/LNF-1847-02-26-a-p0002/76,407,615,50/full/0/default.jpg
—	O	O	O	O	O	O	_	_	_	_	_	_
Le	O	O	O	O	O	O	_	_	_	_	_	_
prix	O	O	O	O	O	O	_	_	_	_	_	_
des	O	O	O	O	O	O	_	_	_	_	_	_
grains	O	O	O	O	O	O	_	_	_	_	_	_
a	O	O	O	O	O	O	_	_	_	_	_	_
de	O	O	O	O	O	O	_	_	_	_	_	_
nouveau	O	O	O	O	O	O	_	_	_	_	_	_
baissé	O	O	O	O	O	O	_	_	_	_	_	_
au	O	O	O	O	O	O	_	_	_	_	_	_
dernier	O	O	O	O	O	O	_	_	_	_	_	_
marché	O	O	O	O	O	O	_	_	EndOfLine	_	_	_
# segment_iiif_link = https://impresso-project.ch/api/proxy/iiif/LNF-1847-02-26-a-p0002/48,432,369,49/full/0/default.jpg
de	O	O	O	O	O	O	_	_	_	_	_	_
Berne	O	O	O	O	O	O	_	_	NoSpaceAfter	_	_	_
,	O	O	O	O	O	O	_	_	_	_	_	_
de	O	O	O	O	O	O	_	_	_	_	_	_
A	O	O	O	O	O	O	_	_	_	_	_	_
fr	O	O	O	O	O	O	_	_	NoSpaceAfter	_	_	_
.	O	O	O	O	O	O	_	_	_	_	_	_
environ	O	O	O	O	O	O	_	_	_	_	_	_
par	O	O	O	O	O	O	_	_	_	_	_	_
sac	O	O	O	O	O	O	_	_	NoSpaceAfter	_	_	_
.	O	O	O	O	O	O	_	_	EndOfLine	EndOfSentence	_	_
# segment_iiif_link = https://impresso-project.ch/api/proxy/iiif/LNF-1847-02-26-a-p0002/72,458,616,49/full/0/default.jpg
—	O	O	O	O	O	O	_	_	_	_	_	_
M	O	O	O	O	O	O	_	_	NoSpaceAfter	_	_	_
.	O	O	O	O	O	O	_	_	_	_	_	_
Louis	O	O	O	O	O	O	_	_	_	_	_	_
Jecker	O	O	O	O	O	O	_	_	NoSpaceAfter	_	_	_
,	O	O	O	O	O	O	_	_	_	_	_	_
de	O	O	O	O	O	O	_	_	_	_	_	_
Porrentruy	O	O	O	O	O	O	_	_	NoSpaceAfter	_	_	_
,	O	O	O	O	O	O	_	_	_	_	_	_
établi	O	O	O	O	O	O	_	_	_	_	_	_
à	O	O	O	O	O	O	_	_	_	_	_	_
Paris	O	O	O	O	O	O	_	_	NoSpaceAfter	_	_	_
,	O	O	O	O	O	O	_	_	_	_	_	_
a	O	O	O	O	O	O	_	_	_	_	_	_
envoyé	O	O	O	O	O	O	_	_	EndOfLine	_	_	_
# segment_iiif_link = https://impresso-project.ch/api/proxy/iiif/LNF-1847-02-26-a-p0002/46,484,617,49/full/0/default.jpg
un	O	O	O	O	O	O	_	_	_	_	_	_
don	O	O	O	O	O	O	_	_	_	_	_	_
de	O	O	O	O	O	O	_	_	_	_	_	_
2,000	O	O	O	O	O	O	_	_	_	_	_	_
fr	O	O	O	O	O	O	_	_	_	_	_	_
.	O	O	O	O	O	O	_	_	NoSpaceAfter	EndOfSentence	_	_
,	O	O	O	O	O	O	_	_	_	_	_	_
destinés	O	O	O	O	O	O	_	_	_	_	_	_
aux	O	O	O	O	O	O	_	_	_	_	_	_
pauvres	O	O	O	O	O	O	_	_	_	_	_	_
de	O	O	O	O	O	O	_	_	_	_	_	_
sa	O	O	O	O	O	O	_	_	_	_	_	_
ville	O	O	O	O	O	O	_	_	_	_	_	_
natale	O	O	O	O	O	O	_	_	NoSpaceAfter	_	_	_
.	O	O	O	O	O	O	_	_	EndOfLine	EndOfSentence	_	_
# segment_iiif_link = https://impresso-project.ch/api/proxy/iiif/LNF-1847-02-26-a-p0002/73,510,616,50/full/0/default.jpg
—	O	O	O	O	O	O	_	_	_	_	_	_
Il	O	O	O	O	O	O	_	_	_	_	_	_
paraît	O	O	O	O	O	O	_	_	_	_	_	_
que	O	O	O	O	O	O	_	_	_	_	_	_
la	O	O	O	O	O	O	_	_	_	_	_	_
cherté	O	O	O	O	O	O	_	_	_	_	_	_
des	O	O	O	O	O	O	_	_	_	_	_	_
vivres	O	O	O	O	O	O	_	_	_	_	_	_
est	O	O	O	O	O	O	_	_	_	_	_	_
à	O	O	O	O	O	O	_	_	_	_	_	_
l	O	O	O	O	O	O	_	_	NoSpaceAfter	_	_	_
'	O	O	O	O	O	O	_	_	NoSpaceAfter	_	_	_
apogée	O	O	O	O	O	O	_	_	_	_	_	_
de	O	O	O	O	O	O	_	_	_	_	_	_
son	O	O	O	O	O	O	_	_	EndOfLine	_	_	_
# segment_iiif_link = https://impresso-project.ch/api/proxy/iiif/LNF-1847-02-26-a-p0002/45,536,648,50/full/0/default.jpg
désastreux	O	O	O	O	O	O	_	_	_	_	_	_
empire	O	O	O	O	O	O	_	_	NoSpaceAfter	_	_	_
.	O	O	O	O	O	O	_	_	_	EndOfSentence	_	_
Les	O	O	O	O	O	O	_	_	_	_	_	_
mesures	O	O	O	O	O	O	_	_	_	_	_	_
prises	O	O	O	O	O	O	_	_	_	_	_	_
par	O	O	O	O	O	O	_	_	_	_	_	_
le	O	O	O	O	O	O	_	_	_	_	_	_
gouvernement	O	O	O	O	O	O	_	_	NoSpaceAfter	_	_	_
,	O	O	O	O	O	O	_	_	EndOfLine	_	_	_
# segment_iiif_link = https://impresso-project.ch/api/proxy/iiif/LNF-1847-02-26-a-p0002/44,560,643,50/full/0/default.jpg
le	O	O	O	O	O	O	_	_	_	_	_	_
manque	O	O	O	O	O	O	_	_	_	_	_	_
du	O	O	O	O	O	O	_	_	_	_	_	_
numéraire	O	O	O	O	O	O	_	_	_	_	_	_
et	O	O	O	O	O	O	_	_	_	_	_	_
le	O	O	O	O	O	O	_	_	_	_	_	_
beau	O	O	O	O	O	O	_	_	_	_	_	_
temps	O	O	O	O	O	O	_	_	_	_	_	_
auront	O	O	O	O	O	O	_	_	_	_	_	_
sans	O	O	O	O	O	O	_	_	_	_	_	_
doute	O	O	O	O	O	O	_	_	EndOfLine	_	_	_
# segment_iiif_link = https://impresso-project.ch/api/proxy/iiif/LNF-1847-02-26-a-p0002/43,586,647,50/full/0/default.jpg
concouru	O	O	O	O	O	O	_	_	_	_	_	_
à	O	O	O	O	O	O	_	_	_	_	_	_
amener	O	O	O	O	O	O	_	_	_	_	_	_
ce	O	O	O	O	O	O	_	_	_	_	_	_
réjouissant	O	O	O	O	O	O	_	_	_	_	_	_
résultat	O	O	O	O	O	O	_	_	NoSpaceAfter	_	_	_
.	O	O	O	O	O	O	_	_	_	EndOfSentence	_	_
Il	O	O	O	O	O	O	_	_	_	_	_	_
n	O	O	O	O	O	O	_	_	NoSpaceAfter	_	_	_
'	O	O	O	O	O	O	_	_	NoSpaceAfter	_	_	_
y	O	O	O	O	O	O	_	_	_	_	_	_
a	O	O	O	O	O	O	_	_	_	_	_	_
pas	O	O	O	O	O	O	_	_	_	_	_	_
p	O	O	O	O	O	O	_	_	_	_	_	_
lus	O	O	O	O	O	O	_	_	_	_	_	_
de	O	O	O	O	O	O	_	_	EndOfLine	_	_	_
# segment_iiif_link = https://impresso-project.ch/api/proxy/iiif/LNF-1847-02-26-a-p0002/47,613,643,49/full/0/default.jpg
i	O	O	O	O	O	O	_	_	_	_	_	_
5	O	O	O	O	O	O	_	_	_	_	_	_
jours	O	O	O	O	O	O	_	_	NoSpaceAfter	_	_	_
,	O	O	O	O	O	O	_	_	_	_	_	_
personne	O	O	O	O	O	O	_	_	_	_	_	_
ne	O	O	O	O	O	O	_	_	_	_	_	_
voulait	O	O	O	O	O	O	_	_	_	_	_	_
vendre	O	O	O	O	O	O	_	_	NoSpaceAfter	_	_	_
,	O	O	O	O	O	O	_	_	_	_	_	_
aujourd	O	O	O	O	O	O	_	_	NoSpaceAfter	_	_	_
'	O	O	O	O	O	O	_	_	NoSpaceAfter	_	_	_
hui	O	O	O	O	O	O	_	_	_	_	_	_
chacun	O	O	O	O	O	O	_	_	EndOfLine	_	_	_
# segment_iiif_link = https://impresso-project.ch/api/proxy/iiif/LNF-1847-02-26-a-p0002/44,639,646,49/full/0/default.jpg
cherche	O	O	O	O	O	O	_	_	_	_	_	_
à	O	O	O	O	O	O	_	_	_	_	_	_
se	O	O	O	O	O	O	_	_	_	_	_	_
défjire	O	O	O	O	O	O	_	_	_	_	_	_
de	O	O	O	O	O	O	_	_	_	_	_	_
son	O	O	O	O	O	O	_	_	_	_	_	_
superflu	O	O	O	O	O	O	_	_	NoSpaceAfter	_	_	_
.	O	O	O	O	O	O	_	_	_	EndOfSentence	_	_
Dans	O	O	O	O	O	O	_	_	_	_	_	_
I	O	O	O	O	O	O	_	_	_	_	_	_
Emmenthal	O	O	O	O	O	O	_	_	NoSpaceAfter	_	_	_
,	O	O	O	O	O	O	_	_	_	_	_	_
les	O	O	O	O	O	O	_	_	EndOfLine	_	_	_
# segment_iiif_link = https://impresso-project.ch/api/proxy/iiif/LNF-1847-02-26-a-p0002/43,664,640,49/full/0/default.jpg
boulangers	O	O	O	O	O	O	_	_	_	_	_	_
n	O	O	O	O	O	O	_	_	NoSpaceAfter	_	_	_
'	O	O	O	O	O	O	_	_	NoSpaceAfter	_	_	_
ont	O	O	O	O	O	O	_	_	_	_	_	_
pour	O	O	O	O	O	O	_	_	_	_	_	_
ainsi	O	O	O	O	O	O	_	_	_	_	_	_
dire	O	O	O	O	O	O	_	_	_	_	_	_
plus	O	O	O	O	O	O	_	_	_	_	_	_
rien	O	O	O	O	O	O	_	_	_	_	_	_
a	O	O	O	O	O	O	_	_	_	_	_	_
faire	O	O	O	O	O	O	_	_	NoSpaceAfter	_	_	_
,	O	O	O	O	O	O	_	_	_	_	_	_
on	O	O	O	O	O	O	_	_	_	_	_	_
se	O	O	O	O	O	O	_	_	_	_	_	_
nourrit	O	O	O	O	O	O	_	_	EndOfLine	_	_	_
# segment_iiif_link = https://impresso-project.ch/api/proxy/iiif/LNF-1847-02-26-a-p0002/43,687,645,50/full/0/default.jpg
d	O	O	O	O	O	O	_	_	NoSpaceAfter	_	_	_
'	O	O	O	O	O	O	_	_	NoSpaceAfter	_	_	_
autre	O	O	O	O	O	O	_	_	_	_	_	_
chose	O	O	O	O	O	O	_	_	_	_	_	_
p	O	O	O	O	O	O	_	_	_	_	_	_
lutôt	O	O	O	O	O	O	_	_	_	_	_	_
que	O	O	O	O	O	O	_	_	_	_	_	_
de	O	O	O	O	O	O	_	_	_	_	_	_
pain	O	O	O	O	O	O	_	_	NoSpaceAfter	_	_	_
.	O	O	O	O	O	O	_	_	_	EndOfSentence	_	_
Bien	O	O	O	O	O	O	_	_	_	_	_	_
des	O	O	O	O	O	O	_	_	_	_	_	_
portes	O	O	O	O	O	O	_	_	NoSpaceAfter	_	_	_
,	O	O	O	O	O	O	_	_	_	_	_	_
fermées	O	O	O	O	O	O	_	_	EndOfLine	_	_	_
# segment_iiif_link = https://impresso-project.ch/api/proxy/iiif/LNF-1847-02-26-a-p0002/42,716,645,48/full/0/default.jpg
qu	O	O	O	O	O	O	_	_	NoSpaceAfter	_	_	_
'	O	O	O	O	O	O	_	_	NoSpaceAfter	_	_	_
ici	O	O	O	O	O	O	_	_	_	_	_	_
au	O	O	O	O	O	O	_	_	_	_	_	_
soulagement	O	O	O	O	O	O	_	_	_	_	_	_
de	O	O	O	O	O	O	_	_	_	_	_	_
l	O	O	O	O	O	O	_	_	NoSpaceAfter	_	_	_
'	O	O	O	O	O	O	_	_	NoSpaceAfter	_	_	_
indigence	O	O	O	O	O	O	_	_	NoSpaceAfter	_	_	_
,	O	O	O	O	O	O	_	_	_	_	_	_
se	O	O	O	O	O	O	_	_	_	_	_	_
sont	O	O	O	O	O	O	_	_	_	_	_	_
enfin	O	O	O	O	O	O	_	_	_	_	_	_
ouvertes	O	O	O	O	O	O	_	_	_	_	_	_
;	O	O	O	O	O	O	_	_	_	_	_	_
il	O	O	O	O	O	O	_	_	EndOfLine	_	_	_
# segment_iiif_link = https://impresso-project.ch/api/proxy/iiif/LNF-1847-02-26-a-p0002/41,741,647,50/full/0/default.jpg
se	O	O	O	O	O	O	_	_	_	_	_	_
peut	O	O	O	O	O	O	_	_	NoSpaceAfter	_	_	_
,	O	O	O	O	O	O	_	_	_	_	_	_
que	O	O	O	O	O	O	_	_	_	_	_	_
la	O	O	O	O	O	O	_	_	_	_	_	_
crainte	O	O	O	O	O	O	_	_	_	_	_	_
d	O	O	O	O	O	O	_	_	NoSpaceAfter	_	_	_
'	O	O	O	O	O	O	_	_	NoSpaceAfter	_	_	_
excès	O	O	O	O	O	O	_	_	_	_	_	_
a	O	O	O	O	O	O	_	_	_	_	_	_
aussi	O	O	O	O	O	O	_	_	_	_	_	_
contribué	O	O	O	O	O	O	_	_	_	_	_	_
â	O	O	O	O	O	O	_	_	_	_	_	_
tirer	O	O	O	O	O	O	_	_	_	_	_	_
la	O	O	O	O	O	O	_	_	EndOfLine	_	_	_
# segment_iiif_link = https://impresso-project.ch/api/proxy/iiif/LNF-1847-02-26-a-p0002/41,766,645,50/full/0/default.jpg
eharite	O	O	O	O	O	O	_	_	_	_	_	_
de	O	O	O	O	O	O	_	_	_	_	_	_
son	O	O	O	O	O	O	_	_	_	_	_	_
état	O	O	O	O	O	O	_	_	_	_	_	_
de	O	O	O	O	O	O	_	_	_	_	_	_
somnolence	O	O	O	O	O	O	_	_	NoSpaceAfter	_	_	_
.	O	O	O	O	O	O	_	_	_	EndOfSentence	_	_
On	O	O	O	O	O	O	_	_	_	_	_	_
voit	O	O	O	O	O	O	_	_	_	_	_	_
de	O	O	O	O	O	O	_	_	_	_	_	_
jour	O	O	O	O	O	O	_	_	_	_	_	_
en	O	O	O	O	O	O	_	_	_	_	_	_
jour	O	O	O	O	O	O	_	_	_	_	_	_
mieux	O	O	O	O	O	O	_	_	EndOfLine	_	_	_
# segment_iiif_link = https://impresso-project.ch/api/proxy/iiif/LNF-1847-02-26-a-p0002/41,793,644,50/full/0/default.jpg
que	O	O	O	O	O	O	_	_	_	_	_	_
la	O	O	O	O	O	O	_	_	_	_	_	_
cherté	O	O	O	O	O	O	_	_	_	_	_	_
n	O	O	O	O	O	O	_	_	NoSpaceAfter	_	_	_
'	O	O	O	O	O	O	_	_	NoSpaceAfter	_	_	_
est	O	O	O	O	O	O	_	_	_	_	_	_
que	O	O	O	O	O	O	_	_	_	_	_	_
factice	O	O	O	O	O	O	_	_	NoSpaceAfter	_	_	_
,	O	O	O	O	O	O	_	_	_	_	_	_
en	O	O	O	O	O	O	_	_	_	_	_	_
majeure	O	O	O	O	O	O	_	_	_	_	_	_
partie	O	O	O	O	O	O	_	_	_	_	_	_
du	O	O	O	O	O	O	_	_	_	_	_	_
moins	O	O	O	O	O	O	_	_	NoSpaceAfter	_	_	_
,	O	O	O	O	O	O	_	_	_	_	_	_
et	O	O	O	O	O	O	_	_	EndOfLine	_	_	_
# segment_iiif_link = https://impresso-project.ch/api/proxy/iiif/LNF-1847-02-26-a-p0002/41,820,649,49/full/0/default.jpg
qu	O	O	O	O	O	O	_	_	NoSpaceAfter	_	_	_
'	O	O	O	O	O	O	_	_	NoSpaceAfter	_	_	_
elle	O	O	O	O	O	O	_	_	_	_	_	_
a	O	O	O	O	O	O	_	_	_	_	_	_
été	O	O	O	O	O	O	_	_	_	_	_	_
provoquée	O	O	O	O	O	O	_	_	_	_	_	_
non	O	O	O	O	O	O	_	_	_	_	_	_
par	O	O	O	O	O	O	_	_	_	_	_	_
un	O	O	O	O	O	O	_	_	_	_	_	_
manque	O	O	O	O	O	O	_	_	_	_	_	_
réel	O	O	O	O	O	O	_	_	_	_	_	_
de	O	O	O	O	O	O	_	_	_	_	_	_
subsistances	O	O	O	O	O	O	_	_	NoSpaceAfter	_	_	_
,	O	O	O	O	O	O	_	_	EndOfLine	_	_	_
# segment_iiif_link = https://impresso-project.ch/api/proxy/iiif/LNF-1847-02-26-a-p0002/41,845,368,49/full/0/default.jpg
mais	O	O	O	O	O	O	_	_	_	_	_	_
par	O	O	O	O	O	O	_	_	_	_	_	_
la	O	O	O	O	O	O	_	_	_	_	_	_
cupidité	O	O	O	O	O	O	_	_	_	_	_	_
des	O	O	O	O	O	O	_	_	_	_	_	_
détenteurs	O	O	O	O	O	O	_	_	NoSpaceAfter	_	_	_
.	O	O	O	O	O	O	_	_	EndOfLine	EndOfSentence	_	_
# segment_iiif_link = https://impresso-project.ch/api/proxy/iiif/LNF-1847-02-26-a-p0002/68,869,621,50/full/0/default.jpg
Thoune	O	O	O	O	O	O	_	_	NoSpaceAfter	_	_	_
.	O	O	O	O	O	O	_	_	_	EndOfSentence	_	_
—	O	O	O	O	O	O	_	_	_	_	_	_
On	O	O	O	O	O	O	_	_	_	_	_	_
a	O	O	O	O	O	O	_	_	_	_	_	_
découvert	O	O	O	O	O	O	_	_	NoSpaceAfter	_	_	_
,	O	O	O	O	O	O	_	_	_	_	_	_
à	O	O	O	O	O	O	_	_	_	_	_	_
Gwatt	O	O	O	O	O	O	_	_	NoSpaceAfter	_	_	_
,	O	O	O	O	O	O	_	_	_	_	_	_
une	O	O	O	O	O	O	_	_	_	_	_	_
bande	O	O	O	O	O	O	_	_	_	_	_	_
de	O	O	O	O	O	O	_	_	_	_	_	_
voleurs	O	O	O	O	O	O	_	_	NoSpaceAfter	_	_	_
,	O	O	O	O	O	O	_	_	EndOfLine	_	_	_
# segment_iiif_link = https://impresso-project.ch/api/proxy/iiif/LNF-1847-02-26-a-p0002/40,895,650,50/full/0/default.jpg
c	O	O	O	O	O	O	_	_	NoSpaceAfter	_	_	_
'	O	O	O	O	O	O	_	_	NoSpaceAfter	_	_	_
est	O	O	O	O	O	O	_	_	_	_	_	_
la	O	O	O	O	O	O	_	_	_	_	_	_
famille	O	O	O	O	O	O	_	_	_	_	_	_
Kissling	O	O	O	O	O	O	_	_	NoSpaceAfter	_	_	_
,	O	O	O	O	O	O	_	_	_	_	_	_
qui	O	O	O	O	O	O	_	_	_	_	_	_
se	O	O	O	O	O	O	_	_	_	_	_	_
compose	O	O	O	O	O	O	_	_	_	_	_	_
du	O	O	O	O	O	O	_	_	_	_	_	_
père	O	O	O	O	O	O	_	_	_	_	_	_
et	O	O	O	O	O	O	_	_	_	_	_	_
de	O	O	O	O	O	O	_	_	_	_	_	_
la	O	O	O	O	O	O	_	_	_	_	_	_
mère	O	O	O	O	O	O	_	_	NoSpaceAfter	_	_	_
,	O	O	O	O	O	O	_	_	EndOfLine	_	_	_
# segment_iiif_link = https://impresso-project.ch/api/proxy/iiif/LNF-1847-02-26-a-p0002/39,920,641,50/full/0/default.jpg
de	O	O	O	O	O	O	_	_	_	_	_	_
deux	O	O	O	O	O	O	_	_	_	_	_	_
fils	O	O	O	O	O	O	_	_	_	_	_	_
adultes	O	O	O	O	O	O	_	_	_	_	_	_
et	O	O	O	O	O	O	_	_	_	_	_	_
d	O	O	O	O	O	O	_	_	NoSpaceAfter	_	_	_
'	O	O	O	O	O	O	_	_	NoSpaceAfter	_	_	_
une	O	O	O	O	O	O	_	_	_	_	_	_
fille	O	O	O	O	O	O	_	_	_	_	_	_
mariée	O	O	O	O	O	O	_	_	NoSpaceAfter	_	_	_
.	O	O	O	O	O	O	_	_	_	EndOfSentence	_	_
Cette	O	O	O	O	O	O	_	_	_	_	_	_
bande	O	O	O	O	O	O	_	_	_	_	_	_
exploitait	O	O	O	O	O	O	_	_	EndOfLine	_	_	_
# segment_iiif_link = https://impresso-project.ch/api/proxy/iiif/LNF-1847-02-26-a-p0002/39,947,651,50/full/0/default.jpg
les	O	O	O	O	O	O	_	_	_	_	_	_
foires	O	O	O	O	O	O	_	_	NoSpaceAfter	_	_	_
,	O	O	O	O	O	O	_	_	_	_	_	_
les	O	O	O	O	O	O	_	_	_	_	_	_
auberges	O	O	O	O	O	O	_	_	NoSpaceAfter	_	_	_
,	O	O	O	O	O	O	_	_	_	_	_	_
les	O	O	O	O	O	O	_	_	_	_	_	_
maisons	O	O	O	O	O	O	_	_	_	_	_	_
particulières	O	O	O	O	O	O	_	_	_	_	_	_
et	O	O	O	O	O	O	_	_	_	_	_	_
les	O	O	O	O	O	O	_	_	_	_	_	_
grand	O	O	O	O	O	O	_	_	NoSpaceAfter	_	_	_
'	O	O	O	O	O	O	_	_	NoSpaceAfter	_	_	_
-	O	O	O	O	O	O	_	_	EndOfLine|NoSpaceAfter	_	_	_
# segment_iiif_link = https://impresso-project.ch/api/proxy/iiif/LNF-1847-02-26-a-p0002/38,973,647,49/full/0/default.jpg
routes	O	O	O	O	O	O	_	_	NoSpaceAfter	_	_	_
.	O	O	O	O	O	O	_	_	NoSpaceAfter	EndOfSentence	_	_
.	O	O	O	O	O	O	_	_	_	EndOfSentence	_	_
On	O	O	O	O	O	O	_	_	_	_	_	_
a	O	O	O	O	O	O	_	_	_	_	_	_
découvert	O	O	O	O	O	O	_	_	NoSpaceAfter	_	_	_
,	O	O	O	O	O	O	_	_	_	_	_	_
soit	O	O	O	O	O	O	_	_	_	_	_	_
dans	O	O	O	O	O	O	_	_	_	_	_	_
leur	O	O	O	O	O	O	_	_	_	_	_	_
maison	O	O	O	O	O	O	_	_	NoSpaceAfter	_	_	_
,	O	O	O	O	O	O	_	_	_	_	_	_
soit	O	O	O	O	O	O	_	_	_	_	_	_
caché	O	O	O	O	O	O	_	_	_	_	_	_
dans	O	O	O	O	O	O	_	_	EndOfLine	_	_	_
# segment_iiif_link = https://impresso-project.ch/api/proxy/iiif/LNF-1847-02-26-a-p0002/37,999,648,49/full/0/default.jpg
une	O	O	O	O	O	O	_	_	_	_	_	_
caverne	O	O	O	O	O	O	_	_	NoSpaceAfter	_	_	_
,	O	O	O	O	O	O	_	_	_	_	_	_
une	O	O	O	O	O	O	_	_	_	_	_	_
quantité	O	O	O	O	O	O	_	_	_	_	_	_
prodigieuse	O	O	O	O	O	O	_	_	_	_	_	_
d	O	O	O	O	O	O	_	_	NoSpaceAfter	_	_	_
'	O	O	O	O	O	O	_	_	NoSpaceAfter	_	_	_
objets	O	O	O	O	O	O	_	_	_	_	_	_
volés	O	O	O	O	O	O	_	_	NoSpaceAfter	_	_	_
,	O	O	O	O	O	O	_	_	_	_	_	_
tels	O	O	O	O	O	O	_	_	_	_	_	_
que	O	O	O	O	O	O	_	_	EndOfLine	_	_	_
# segment_iiif_link = https://impresso-project.ch/api/proxy/iiif/LNF-1847-02-26-a-p0002/39,1025,645,49/full/0/default.jpg
draps	O	O	O	O	O	O	_	_	NoSpaceAfter	_	_	_
,	O	O	O	O	O	O	_	_	_	_	_	_
coffres	O	O	O	O	O	O	_	_	NoSpaceAfter	_	_	_
,	O	O	O	O	O	O	_	_	_	_	_	_
chaudières	O	O	O	O	O	O	_	_	NoSpaceAfter	_	_	_
,	O	O	O	O	O	O	_	_	_	_	_	_
services	O	O	O	O	O	O	_	_	_	_	_	_
de	O	O	O	O	O	O	_	_	_	_	_	_
table	O	O	O	O	O	O	_	_	NoSpaceAfter	_	_	_
,	O	O	O	O	O	O	_	_	_	_	_	_
cuirs	O	O	O	O	O	O	_	_	NoSpaceAfter	_	_	_
,	O	O	O	O	O	O	_	_	_	_	_	_
dames	O	O	O	O	O	O	_	_	NoSpaceAfter	_	_	_
-	O	O	O	O	O	O	_	_	NoSpaceAfter	_	_	_
jeannes	O	O	O	O	O	O	_	_	EndOfLine	_	_	_
# segment_iiif_link = https://impresso-project.ch/api/proxy/iiif/LNF-1847-02-26-a-p0002/38,1049,599,50/full/0/default.jpg
clissées	O	O	O	O	O	O	_	_	_	_	_	_
ou	O	O	O	O	O	O	_	_	_	_	_	_
empaillées	O	O	O	O	O	O	_	_	NoSpaceAfter	_	_	_
,	O	O	O	O	O	O	_	_	_	_	_	_
remplies	O	O	O	O	O	O	_	_	_	_	_	_
d	O	O	O	O	O	O	_	_	NoSpaceAfter	_	_	_
'	O	O	O	O	O	O	_	_	NoSpaceAfter	_	_	_
eau	O	O	O	O	O	O	_	_	_	_	_	_
de	O	O	O	O	O	O	_	_	NoSpaceAfter	_	_	_
-	O	O	O	O	O	O	_	_	NoSpaceAfter	_	_	_
cerises	O	O	O	O	O	O	_	_	NoSpaceAfter	_	_	_
,	O	O	O	O	O	O	_	_	_	_	_	_
etc	O	O	O	O	O	O	_	_	_	_	_	_
.	O	O	O	O	O	O	_	_	NoSpaceAfter	EndOfSentence	_	_
,	O	O	O	O	O	O	_	_	_	_	_	_
etc	O	O	O	O	O	O	_	_	NoSpaceAfter	_	_	_
.	O	O	O	O	O	O	_	_	EndOfLine	EndOfSentence	_	_
# segment_iiif_link = https://impresso-project.ch/api/proxy/iiif/LNF-1847-02-26-a-p0002/64,1080,622,50/full/0/default.jpg
Ilaut	O	O	O	O	O	O	_	_	NoSpaceAfter	_	_	_
-	O	O	O	O	O	O	_	_	NoSpaceAfter	_	_	_
Simrnenthal	O	O	O	O	O	O	_	_	NoSpaceAfter	_	_	_
.	O	O	O	O	O	O	_	_	_	EndOfSentence	_	_
—	O	O	O	O	O	O	_	_	NoSpaceAfter	_	_	_
L	O	O	O	O	O	O	_	_	_	_	_	_
espoir	O	O	O	O	O	O	_	_	_	_	_	_
d	O	O	O	O	O	O	_	_	NoSpaceAfter	_	_	_
'	O	O	O	O	O	O	_	_	NoSpaceAfter	_	_	_
avoir	O	O	O	O	O	O	_	_	_	_	_	_
un	O	O	O	O	O	O	_	_	_	_	_	_
printemps	O	O	O	O	O	O	_	_	_	_	_	_
précoce	O	O	O	O	O	O	_	_	EndOfLine	_	_	_
# segment_iiif_link = https://impresso-project.ch/api/proxy/iiif/LNF-1847-02-26-a-p0002/37,1106,650,49/full/0/default.jpg
est	O	O	O	O	O	O	_	_	_	_	_	_
déou	O	O	O	O	O	O	_	_	NoSpaceAfter	_	_	_
,	O	O	O	O	O	O	_	_	_	_	_	_
dit	O	O	O	O	O	O	_	_	_	_	_	_
un	O	O	O	O	O	O	_	_	_	_	_	_
correspondant	O	O	O	O	O	O	_	_	_	_	_	_
du	O	O	O	O	O	O	_	_	_	_	_	_
Verfussuiigs	O	O	O	O	O	O	_	_	_	_	_	_
/	O	O	O	O	O	O	_	_	_	_	_	_
ieund	O	O	O	O	O	O	_	_	NoSpaceAfter	_	_	_
.	O	O	O	O	O	O	_	_	_	EndOfSentence	_	_
Les	O	O	O	O	O	O	_	_	_	_	_	_
i	O	O	O	O	O	O	_	_	_	_	_	_
3	O	O	O	O	O	O	_	_	NoSpaceAfter	_	_	_
,	O	O	O	O	O	O	_	_	EndOfLine	_	_	_
# segment_iiif_link = https://impresso-project.ch/api/proxy/iiif/LNF-1847-02-26-a-p0002/40,1135,645,50/full/0/default.jpg
i	O	O	O	O	O	O	_	_	_	_	_	_
4	O	O	O	O	O	O	_	_	_	_	_	_
i	O	O	O	O	O	O	_	_	_	_	_	_
-	O	O	O	O	O	O	_	_	NoSpaceAfter	_	_	_
5	O	O	O	O	O	O	_	_	_	_	_	_
et	O	O	O	O	O	O	_	_	_	_	_	_
16	O	O	O	O	O	O	_	_	_	_	_	_
février	O	O	O	O	O	O	_	_	NoSpaceAfter	_	_	_
,	O	O	O	O	O	O	_	_	_	_	_	_
il	O	O	O	O	O	O	_	_	_	_	_	_
a	O	O	O	O	O	O	_	_	_	_	_	_
nei	O	O	O	O	O	O	_	_	_	_	_	_
gé	O	O	O	O	O	O	_	_	_	_	_	_
sans	O	O	O	O	O	O	_	_	_	_	_	_
interruption	O	O	O	O	O	O	_	_	_	_	_	_
dans	O	O	O	O	O	O	_	_	_	_	_	_
nos	O	O	O	O	O	O	_	_	EndOfLine	_	_	_
# segment_iiif_link = https://impresso-project.ch/api/proxy/iiif/LNF-1847-02-26-a-p0002/37,1158,648,50/full/0/default.jpg
parages	O	O	O	O	O	O	_	_	NoSpaceAfter	_	_	_
.	O	O	O	O	O	O	_	_	_	EndOfSentence	_	_
Le	O	O	O	O	O	O	_	_	_	_	_	_
i	O	O	O	O	O	O	_	_	_	_	_	_
5	O	O	O	O	O	O	_	_	NoSpaceAfter	_	_	_
,	O	O	O	O	O	O	_	_	_	_	_	_
quantitéd	O	O	O	O	O	O	_	_	NoSpaceAfter	_	_	_
'	O	O	O	O	O	O	_	_	NoSpaceAfter	_	_	_
avalanches	O	O	O	O	O	O	_	_	_	_	_	_
sesont	O	O	O	O	O	O	_	_	_	_	_	_
détachées	O	O	O	O	O	O	_	_	_	_	_	_
des	O	O	O	O	O	O	_	_	_	_	_	_
monts	O	O	O	O	O	O	_	_	NoSpaceAfter	_	_	_
.	O	O	O	O	O	O	_	_	EndOfLine	EndOfSentence	_	_
# segment_iiif_link = https://impresso-project.ch/api/proxy/iiif/LNF-1847-02-26-a-p0002/36,1184,647,50/full/0/default.jpg
Au	O	O	O	O	O	O	_	_	_	_	_	_
Fermel	O	O	O	O	O	O	_	_	NoSpaceAfter	_	_	_
,	O	O	O	O	O	O	_	_	_	_	_	_
elles	O	O	O	O	O	O	_	_	_	_	_	_
ont	O	O	O	O	O	O	_	_	_	_	_	_
emporté	O	O	O	O	O	O	_	_	_	_	_	_
six	O	O	O	O	O	O	_	_	_	_	_	_
fenils	O	O	O	O	O	O	_	_	NoSpaceAfter	_	_	_
.	O	O	O	O	O	O	_	_	_	EndOfSentence	_	_
A	O	O	O	O	O	O	_	_	_	_	_	_
Blanhenbourg	O	O	O	O	O	O	_	_	NoSpaceAfter	_	_	_
,	O	O	O	O	O	O	_	_	_	_	_	_
un	O	O	O	O	O	O	_	_	EndOfLine	_	_	_
# segment_iiif_link = https://impresso-project.ch/api/proxy/iiif/LNF-1847-02-26-a-p0002/37,1210,647,50/full/0/default.jpg
de	O	O	O	O	O	O	_	_	_	_	_	_
ces	O	O	O	O	O	O	_	_	_	_	_	_
impétueux	O	O	O	O	O	O	_	_	_	_	_	_
torrents	O	O	O	O	O	O	_	_	_	_	_	_
de	O	O	O	O	O	O	_	_	_	_	_	_
neige	O	O	O	O	O	O	_	_	_	_	_	_
a	O	O	O	O	O	O	_	_	_	_	_	_
couvert	O	O	O	O	O	O	_	_	_	_	_	_
la	O	O	O	O	O	O	_	_	_	_	_	_
route	O	O	O	O	O	O	_	_	_	_	_	_
ct	O	O	O	O	O	O	_	_	EndOfLine	_	_	_
# segment_iiif_link = https://impresso-project.ch/api/proxy/iiif/LNF-1847-02-26-a-p0002/39,1234,645,50/full/0/default.jpg
intercepté	O	O	O	O	O	O	_	_	_	_	_	_
le	O	O	O	O	O	O	_	_	_	_	_	_
passage	O	O	O	O	O	O	_	_	_	_	_	_
;	O	O	O	O	O	O	_	_	_	_	_	_
les	O	O	O	O	O	O	_	_	_	_	_	_
deux	O	O	O	O	O	O	_	_	_	_	_	_
parois	O	O	O	O	O	O	_	_	_	_	_	_
qui	O	O	O	O	O	O	_	_	_	_	_	_
s	O	O	O	O	O	O	_	_	NoSpaceAfter	_	_	_
'	O	O	O	O	O	O	_	_	NoSpaceAfter	_	_	_
élèvent	O	O	O	O	O	O	_	_	_	_	_	_
à	O	O	O	O	O	O	_	_	_	_	_	_
16	O	O	O	O	O	O	_	_	_	_	_	_
pieds	O	O	O	O	O	O	_	_	_	_	_	_
de	O	O	O	O	O	O	_	_	EndOfLine	_	_	_
# segment_iiif_link = https://impresso-project.ch/api/proxy/iiif/LNF-1847-02-26-a-p0002/37,1260,646,49/full/0/default.jpg
hauteur	O	O	O	O	O	O	_	_	_	_	_	_
de	O	O	O	O	O	O	_	_	_	_	_	_
chaque	O	O	O	O	O	O	_	_	_	_	_	_
côté	O	O	O	O	O	O	_	_	_	_	_	_
de	O	O	O	O	O	O	_	_	_	_	_	_
la	O	O	O	O	O	O	_	_	_	_	_	_
route	O	O	O	O	O	O	_	_	NoSpaceAfter	_	_	_
,	O	O	O	O	O	O	_	_	_	_	_	_
peuvent	O	O	O	O	O	O	_	_	_	_	_	_
nous	O	O	O	O	O	O	_	_	_	_	_	_
donner	O	O	O	O	O	O	_	_	_	_	_	_
une	O	O	O	O	O	O	_	_	EndOfLine	_	_	_
# segment_iiif_link = https://impresso-project.ch/api/proxy/iiif/LNF-1847-02-26-a-p0002/36,1286,651,49/full/0/default.jpg
idée	O	O	O	O	O	O	_	_	_	_	_	_
des	O	O	O	O	O	O	_	_	_	_	_	_
efforts	O	O	O	O	O	O	_	_	_	_	_	_
qu	O	O	O	O	O	O	_	_	NoSpaceAfter	_	_	_
'	O	O	O	O	O	O	_	_	NoSpaceAfter	_	_	_
il	O	O	O	O	O	O	_	_	_	_	_	_
a	O	O	O	O	O	O	_	_	_	_	_	_
fallu	O	O	O	O	O	O	_	_	_	_	_	_
faire	O	O	O	O	O	O	_	_	_	_	_	_
pour	O	O	O	O	O	O	_	_	_	_	_	_
rétablir	O	O	O	O	O	O	_	_	_	_	_	_
la	O	O	O	O	O	O	_	_	_	_	_	_
circulation	O	O	O	O	O	O	_	_	NoSpaceAfter	_	_	_
,	O	O	O	O	O	O	_	_	EndOfLine	_	_	_
# segment_iiif_link = https://impresso-project.ch/api/proxy/iiif/LNF-1847-02-26-a-p0002/36,1312,648,49/full/0/default.jpg
tout	O	O	O	O	O	O	_	_	_	_	_	_
comme	O	O	O	O	O	O	_	_	_	_	_	_
du	O	O	O	O	O	O	_	_	_	_	_	_
volume	O	O	O	O	O	O	_	_	_	_	_	_
de	O	O	O	O	O	O	_	_	_	_	_	_
cette	O	O	O	O	O	O	_	_	_	_	_	_
avalanche	O	O	O	O	O	O	_	_	NoSpaceAfter	_	_	_
,	O	O	O	O	O	O	_	_	_	_	_	_
qui	O	O	O	O	O	O	_	_	_	_	_	_
a	O	O	O	O	O	O	_	_	NoSpaceAfter	_	_	_
,	O	O	O	O	O	O	_	_	_	_	_	_
dit	O	O	O	O	O	O	_	_	NoSpaceAfter	_	_	_
-	O	O	O	O	O	O	_	_	NoSpaceAfter	_	_	_
on	O	O	O	O	O	O	_	_	NoSpaceAfter	_	_	_
,	O	O	O	O	O	O	_	_	_	_	_	_
causé	O	O	O	O	O	O	_	_	EndOfLine	_	_	_
# segment_iiif_link = https://impresso-project.ch/api/proxy/iiif/LNF-1847-02-26-a-p0002/36,1338,646,50/full/0/default.jpg
de	O	O	O	O	O	O	_	_	_	_	_	_
grands	O	O	O	O	O	O	_	_	_	_	_	_
dé	O	O	O	O	O	O	_	_	_	_	_	_
g	O	O	O	O	O	O	_	_	_	_	_	_
âts	O	O	O	O	O	O	_	_	_	_	_	_
dans	O	O	O	O	O	O	_	_	_	_	_	_
les	O	O	O	O	O	O	_	_	_	_	_	_
forêts	O	O	O	O	O	O	_	_	_	_	_	_
qu	O	O	O	O	O	O	_	_	NoSpaceAfter	_	_	_
'	O	O	O	O	O	O	_	_	NoSpaceAfter	_	_	_
elle	O	O	O	O	O	O	_	_	_	_	_	_
a	O	O	O	O	O	O	_	_	_	_	_	_
parcourues	O	O	O	O	O	O	_	_	NoSpaceAfter	_	_	_
.	O	O	O	O	O	O	_	_	EndOfLine	EndOfSentence	_	_
# segment_iiif_link = https://impresso-project.ch/api/proxy/iiif/LNF-1847-02-26-a-p0002/35,1363,652,50/full/0/default.jpg
Heureusement	O	O	O	O	O	O	_	_	NoSpaceAfter	_	_	_
,	O	O	O	O	O	O	_	_	_	_	_	_
personne	O	O	O	O	O	O	_	_	_	_	_	_
n	O	O	O	O	O	O	_	_	NoSpaceAfter	_	_	_
'	O	O	O	O	O	O	_	_	NoSpaceAfter	_	_	_
a	O	O	O	O	O	O	_	_	_	_	_	_
perdu	O	O	O	O	O	O	_	_	_	_	_	_
la	O	O	O	O	O	O	_	_	_	_	_	_
vie	O	O	O	O	O	O	_	_	_	_	_	_
dans	O	O	O	O	O	O	_	_	_	_	_	_
tous	O	O	O	O	O	O	_	_	_	_	_	_
ces	O	O	O	O	O	O	_	_	_	_	_	_
bouleversements	O	O	O	O	O	O	_	_	NoSpaceAfter	_	_	_
,	O	O	O	O	O	O	_	_	EndOfLine	_	_	_
# segment_iiif_link = https://impresso-project.ch/api/proxy/iiif/LNF-1847-02-26-a-p0002/62,1396,623,49/full/0/default.jpg
Zunicii	O	O	O	O	O	O	_	_	NoSpaceAfter	_	_	_
.	O	O	O	O	O	O	_	_	_	EndOfSentence	_	_
—	O	O	O	O	O	O	_	_	_	_	_	_
Le	O	O	O	O	O	O	_	_	_	_	_	_
19	O	O	O	O	O	O	_	_	_	_	_	_
février	O	O	O	O	O	O	_	_	NoSpaceAfter	_	_	_
,	O	O	O	O	O	O	_	_	_	_	_	_
la	O	O	O	O	O	O	_	_	_	_	_	_
poste	O	O	O	O	O	O	_	_	_	_	_	_
de	O	O	O	O	O	O	_	_	_	_	_	_
Bâle	O	O	O	O	O	O	_	_	_	_	_	_
est	O	O	O	O	O	O	_	_	_	_	_	_
arrivée	O	O	O	O	O	O	_	_	_	_	_	_
â	O	O	O	O	O	O	_	_	EndOfLine	_	_	_
# segment_iiif_link = https://impresso-project.ch/api/proxy/iiif/LNF-1847-02-26-a-p0002/34,1420,649,49/full/0/default.jpg
Zurich	O	O	O	O	O	O	_	_	_	_	_	_
avec	O	O	O	O	O	O	_	_	_	_	_	_
un	O	O	O	O	O	O	_	_	_	_	_	_
voyageur	O	O	O	O	O	O	_	_	_	_	_	_
mort	O	O	O	O	O	O	_	_	_	_	_	_
;	O	O	O	O	O	O	_	_	_	_	_	_
c	O	O	O	O	O	O	_	_	NoSpaceAfter	_	_	_
'	O	O	O	O	O	O	_	_	NoSpaceAfter	_	_	_
était	O	O	O	O	O	O	_	_	_	_	_	_
un	O	O	O	O	O	O	_	_	_	_	_	_
jeune	O	O	O	O	O	O	_	_	_	_	_	_
homme	O	O	O	O	O	O	_	_	_	_	_	_
de	O	O	O	O	O	O	_	_	EndOfLine	_	_	_
# segment_iiif_link = https://impresso-project.ch/api/proxy/iiif/LNF-1847-02-26-a-p0002/35,1446,651,50/full/0/default.jpg
Wollerau	O	O	O	O	O	O	_	_	NoSpaceAfter	_	_	_
,	O	O	O	O	O	O	_	_	_	_	_	_
canton	O	O	O	O	O	O	_	_	_	_	_	_
de	O	O	O	O	O	O	_	_	_	_	_	_
Schwytz	O	O	O	O	O	O	_	_	NoSpaceAfter	_	_	_
,	O	O	O	O	O	O	_	_	_	_	_	_
âgé	O	O	O	O	O	O	_	_	_	_	_	_
de	O	O	O	O	O	O	_	_	_	_	_	_
25	O	O	O	O	O	O	_	_	_	_	_	_
ans	O	O	O	O	O	O	_	_	NoSpaceAfter	_	_	_
,	O	O	O	O	O	O	_	_	_	_	_	_
qui	O	O	O	O	O	O	_	_	_	_	_	_
a	O	O	O	O	O	O	_	_	_	_	_	_
succombé	O	O	O	O	O	O	_	_	_	_	_	_
à	O	O	O	O	O	O	_	_	EndOfLine	_	_	_
# segment_iiif_link = https://impresso-project.ch/api/proxy/iiif/LNF-1847-02-26-a-p0002/35,1470,463,50/full/0/default.jpg
l	O	O	O	O	O	O	_	_	NoSpaceAfter	_	_	_
'	O	O	O	O	O	O	_	_	NoSpaceAfter	_	_	_
éthisie	O	O	O	O	O	O	_	_	_	_	_	_
dont	O	O	O	O	O	O	_	_	_	_	_	_
il	O	O	O	O	O	O	_	_	_	_	_	_
était	O	O	O	O	O	O	_	_	_	_	_	_
atteint	O	O	O	O	O	O	_	_	_	_	_	_
depuis	O	O	O	O	O	O	_	_	_	_	_	_
longtemps	O	O	O	O	O	O	_	_	NoSpaceAfter	_	_	_
.	O	O	O	O	O	O	_	_	EndOfLine	EndOfSentence	_	_
# segment_iiif_link = https://impresso-project.ch/api/proxy/iiif/LNF-1847-02-26-a-p0002/63,1502,618,48/full/0/default.jpg
LUCEIIME	O	O	O	O	O	O	_	_	NoSpaceAfter	_	_	_
.	O	O	O	O	O	O	_	_	_	EndOfSentence	_	_
—	O	O	O	O	O	O	_	_	NoSpaceAfter	_	_	_
•	O	O	O	O	O	O	_	_	_	_	_	_
Le	O	O	O	O	O	O	_	_	_	_	_	_
21	O	O	O	O	O	O	_	_	_	_	_	_
février	O	O	O	O	O	O	_	_	NoSpaceAfter	_	_	_
,	O	O	O	O	O	O	_	_	_	_	_	_
on	O	O	O	O	O	O	_	_	_	_	_	_
a	O	O	O	O	O	O	_	_	_	_	_	_
conduit	O	O	O	O	O	O	_	_	_	_	_	_
à	O	O	O	O	O	O	_	_	_	_	_	_
Lucerne	O	O	O	O	O	O	_	_	_	_	_	_
quatre	O	O	O	O	O	O	_	_	EndOfLine	_	_	_
# segment_iiif_link = https://impresso-project.ch/api/proxy/iiif/LNF-1847-02-26-a-p0002/36,1526,647,50/full/0/default.jpg
individus	O	O	O	O	O	O	_	_	NoSpaceAfter	_	_	_
,	O	O	O	O	O	O	_	_	_	_	_	_
accusés	O	O	O	O	O	O	_	_	_	_	_	_
d	O	O	O	O	O	O	_	_	NoSpaceAfter	_	_	_
'	O	O	O	O	O	O	_	_	NoSpaceAfter	_	_	_
une	O	O	O	O	O	O	_	_	_	_	_	_
tcnt	O	O	O	O	O	O	_	_	NoSpaceAfter	_	_	_
.	O	O	O	O	O	O	_	_	_	EndOfSentence	_	_
itive	O	O	O	O	O	O	_	_	_	_	_	_
de	O	O	O	O	O	O	_	_	_	_	_	_
vol	O	O	O	O	O	O	_	_	_	_	_	_
de	O	O	O	O	O	O	_	_	_	_	_	_
grains	O	O	O	O	O	O	_	_	NoSpaceAfter	_	_	_
,	O	O	O	O	O	O	_	_	_	_	_	_
faite	O	O	O	O	O	O	_	_	_	_	_	_
au	O	O	O	O	O	O	_	_	EndOfLine	_	_	_
# segment_iiif_link = https://impresso-project.ch/api/proxy/iiif/LNF-1847-02-26-a-p0002/35,1551,649,49/full/0/default.jpg
"	O	O	O	O	O	O	_	_	NoSpaceAfter	_	_	_
Wu	O	O	O	O	O	O	_	_	NoSpaceAfter	_	_	_
,	O	O	O	O	O	O	_	_	_	_	_	_
'	O	O	O	O	O	O	_	_	NoSpaceAfter	_	_	_
zenbach	O	O	O	O	O	O	_	_	NoSpaceAfter	_	_	_
,	O	O	O	O	O	O	_	_	_	_	_	_
grande	O	O	O	O	O	O	_	_	_	_	_	_
ferme	O	O	O	O	O	O	_	_	_	_	_	_
située	O	O	O	O	O	O	_	_	_	_	_	_
prés	O	O	O	O	O	O	_	_	_	_	_	_
dt	O	O	O	O	O	O	_	_	NoSpaceAfter	_	_	_
-	O	O	O	O	O	O	_	_	NoSpaceAfter	_	_	_
'	O	O	O	O	O	O	_	_	NoSpaceAfter	_	_	_
la	O	O	O	O	O	O	_	_	_	_	_	_
ville	O	O	O	O	O	O	_	_	NoSpaceAfter	_	_	_
.	O	O	O	O	O	O	_	_	_	EndOfSentence	_	_
Une	O	O	O	O	O	O	_	_	EndOfLine	_	_	_
# segment_iiif_link = https://impresso-project.ch/api/proxy/iiif/LNF-1847-02-26-a-p0002/34,1579,650,50/full/0/default.jpg
circonstance	O	O	O	O	O	O	_	_	_	_	_	_
assez	O	O	O	O	O	O	_	_	_	_	_	_
plaisante	O	O	O	O	O	O	_	_	_	_	_	_
a	O	O	O	O	O	O	_	_	_	_	_	_
fourni	O	O	O	O	O	O	_	_	_	_	_	_
les	O	O	O	O	O	O	_	_	_	_	_	_
moyens	O	O	O	O	O	O	_	_	_	_	_	_
de	O	O	O	O	O	O	_	_	_	_	_	_
se	O	O	O	O	O	O	_	_	_	_	_	_
mettre	O	O	O	O	O	O	_	_	_	_	_	_
sur	O	O	O	O	O	O	_	_	_	_	_	_
les	O	O	O	O	O	O	_	_	EndOfLine	_	_	_
# segment_iiif_link = https://impresso-project.ch/api/proxy/iiif/LNF-1847-02-26-a-p0002/34,1603,646,50/full/0/default.jpg
traces	O	O	O	O	O	O	_	_	_	_	_	_
de	O	O	O	O	O	O	_	_	_	_	_	_
ces	O	O	O	O	O	O	_	_	_	_	_	_
maraudeurs	O	O	O	O	O	O	_	_	NoSpaceAfter	_	_	_
.	O	O	O	O	O	O	_	_	_	EndOfSentence	_	_
Ils	O	O	O	O	O	O	_	_	_	_	_	_
avaient	O	O	O	O	O	O	_	_	_	_	_	_
avec	O	O	O	O	O	O	_	_	_	_	_	_
eux	O	O	O	O	O	O	_	_	_	_	_	_
un	O	O	O	O	O	O	_	_	_	_	_	_
petit	O	O	O	O	O	O	_	_	_	_	_	_
garçon	O	O	O	O	O	O	_	_	EndOfLine	_	_	_
# segment_iiif_link = https://impresso-project.ch/api/proxy/iiif/LNF-1847-02-26-a-p0002/35,1632,645,46/full/0/default.jpg
qu	O	O	O	O	O	O	_	_	NoSpaceAfter	_	_	_
'	O	O	O	O	O	O	_	_	NoSpaceAfter	_	_	_
ils	O	O	O	O	O	O	_	_	_	_	_	_
étaient	O	O	O	O	O	O	_	_	_	_	_	_
intentionnés	O	O	O	O	O	O	_	_	_	_	_	_
de	O	O	O	O	O	O	_	_	_	_	_	_
faire	O	O	O	O	O	O	_	_	_	_	_	_
entrer	O	O	O	O	O	O	_	_	_	_	_	_
dans	O	O	O	O	O	O	_	_	_	_	_	_
le	O	O	O	O	O	O	_	_	_	_	_	_
grenier	O	O	O	O	O	O	_	_	NoSpaceAfter	_	_	_
,	O	O	O	O	O	O	_	_	_	_	_	_
afin	O	O	O	O	O	O	_	_	EndOfLine	_	_	_
# segment_iiif_link = https://impresso-project.ch/api/proxy/iiif/LNF-1847-02-26-a-p0002/37,1657,646,46/full/0/default.jpg
qu	O	O	O	O	O	O	_	_	NoSpaceAfter	_	_	_
'	O	O	O	O	O	O	_	_	NoSpaceAfter	_	_	_
il	O	O	O	O	O	O	_	_	_	_	_	_
leur	O	O	O	O	O	O	_	_	_	_	_	_
en	O	O	O	O	O	O	_	_	_	_	_	_
ouvrît	O	O	O	O	O	O	_	_	_	_	_	_
la	O	O	O	O	O	O	_	_	_	_	_	_
porte	O	O	O	O	O	O	_	_	NoSpaceAfter	_	_	_
,	O	O	O	O	O	O	_	_	_	_	_	_
par	O	O	O	O	O	O	_	_	_	_	_	_
une	O	O	O	O	O	O	_	_	_	_	_	_
ouverture	O	O	O	O	O	O	_	_	_	_	_	_
pratiquée	O	O	O	O	O	O	_	_	_	_	_	_
à	O	O	O	O	O	O	_	_	_	_	_	_
cet	O	O	O	O	O	O	_	_	EndOfLine	_	_	_
# segment_iiif_link = https://impresso-project.ch/api/proxy/iiif/LNF-1847-02-26-a-p0002/36,1681,641,49/full/0/default.jpg
effet	O	O	O	O	O	O	_	_	_	_	_	_
dans	O	O	O	O	O	O	_	_	_	_	_	_
la	O	O	O	O	O	O	_	_	_	_	_	_
paroi	O	O	O	O	O	O	_	_	NoSpaceAfter	_	_	_
.	O	O	O	O	O	O	_	_	_	EndOfSentence	_	_
L	O	O	O	O	O	O	_	_	NoSpaceAfter	_	_	_
'	O	O	O	O	O	O	_	_	NoSpaceAfter	_	_	_
enfant	O	O	O	O	O	O	_	_	NoSpaceAfter	_	_	_
,	O	O	O	O	O	O	_	_	_	_	_	_
après	O	O	O	O	O	O	_	_	_	_	_	_
avoir	O	O	O	O	O	O	_	_	_	_	_	_
traverse	O	O	O	O	O	O	_	_	_	_	_	_
I	O	O	O	O	O	O	_	_	_	_	_	_
ouverture	O	O	O	O	O	O	_	_	EndOfLine	_	_	_
# segment_iiif_link = https://impresso-project.ch/api/proxy/iiif/LNF-1847-02-26-a-p0002/35,1708,650,46/full/0/default.jpg
jusqu	O	O	O	O	O	O	_	_	NoSpaceAfter	_	_	_
'	O	O	O	O	O	O	_	_	NoSpaceAfter	_	_	_
à	O	O	O	O	O	O	_	_	_	_	_	_
mi	O	O	O	O	O	O	_	_	NoSpaceAfter	_	_	_
-	O	O	O	O	O	O	_	_	NoSpaceAfter	_	_	_
corps	O	O	O	O	O	O	_	_	NoSpaceAfter	_	_	_
,	O	O	O	O	O	O	_	_	_	_	_	_
s	O	O	O	O	O	O	_	_	NoSpaceAfter	_	_	_
'	O	O	O	O	O	O	_	_	NoSpaceAfter	_	_	_
est	O	O	O	O	O	O	_	_	_	_	_	_
vu	O	O	O	O	O	O	_	_	_	_	_	_
pris	O	O	O	O	O	O	_	_	NoSpaceAfter	_	_	_
.	O	O	O	O	O	O	_	_	_	EndOfSentence	_	_
Ne	O	O	O	O	O	O	_	_	_	_	_	_
pouvant	O	O	O	O	O	O	_	_	_	_	_	_
p	O	O	O	O	O	O	_	_	_	_	_	_
lus	O	O	O	O	O	O	_	_	_	_	_	_
ni	O	O	O	O	O	O	_	_	_	_	_	_
eu	O	O	O	O	O	O	_	_	_	_	_	_
avant	O	O	O	O	O	O	_	_	NoSpaceAfter	_	_	_
,	O	O	O	O	O	O	_	_	EndOfLine	_	_	_
# segment_iiif_link = https://impresso-project.ch/api/proxy/iiif/LNF-1847-02-26-a-p0002/36,1732,647,50/full/0/default.jpg
ni	O	O	O	O	O	O	_	_	_	_	_	_
en	O	O	O	O	O	O	_	_	_	_	_	_
arrière	O	O	O	O	O	O	_	_	NoSpaceAfter	_	_	_
,	O	O	O	O	O	O	_	_	_	_	_	_
il	O	O	O	O	O	O	_	_	_	_	_	_
commença	O	O	O	O	O	O	_	_	_	_	_	_
à	O	O	O	O	O	O	_	_	_	_	_	_
pousser	O	O	O	O	O	O	_	_	_	_	_	_
tles	O	O	O	O	O	O	_	_	_	_	_	_
cris	O	O	O	O	O	O	_	_	_	_	_	_
lamentables	O	O	O	O	O	O	_	_	NoSpaceAfter	_	_	_
,	O	O	O	O	O	O	_	_	_	_	_	_
ce	O	O	O	O	O	O	_	_	EndOfLine	_	_	_
# segment_iiif_link = https://impresso-project.ch/api/proxy/iiif/LNF-1847-02-26-a-p0002/36,1759,645,50/full/0/default.jpg
qui	O	O	O	O	O	O	_	_	_	_	_	_
attira	O	O	O	O	O	O	_	_	_	_	_	_
le	O	O	O	O	O	O	_	_	_	_	_	_
fermier	O	O	O	O	O	O	_	_	NoSpaceAfter	_	_	_
,	O	O	O	O	O	O	_	_	_	_	_	_
qui	O	O	O	O	O	O	_	_	_	_	_	_
arriva	O	O	O	O	O	O	_	_	_	_	_	_
armé	O	O	O	O	O	O	_	_	_	_	_	_
d	O	O	O	O	O	O	_	_	NoSpaceAfter	_	_	_
'	O	O	O	O	O	O	_	_	NoSpaceAfter	_	_	_
une	O	O	O	O	O	O	_	_	_	_	_	_
fourche	O	O	O	O	O	O	_	_	_	_	_	_
à	O	O	O	O	O	O	_	_	_	_	_	_
étable	O	O	O	O	O	O	_	_	NoSpaceAfter	_	_	_
,	O	O	O	O	O	O	_	_	_	_	_	_
et	O	O	O	O	O	O	_	_	EndOfLine	_	_	_
# segment_iiif_link = https://impresso-project.ch/api/proxy/iiif/LNF-1847-02-26-a-p0002/36,1784,649,50/full/0/default.jpg
s	O	O	O	O	O	O	_	_	NoSpaceAfter	_	_	_
'	O	O	O	O	O	O	_	_	NoSpaceAfter	_	_	_
empara	O	O	O	O	O	O	_	_	_	_	_	_
du	O	O	O	O	O	O	_	_	_	_	_	_
petit	O	O	O	O	O	O	_	_	_	_	_	_
voleur	O	O	O	O	O	O	_	_	NoSpaceAfter	_	_	_
.	O	O	O	O	O	O	_	_	_	EndOfSentence	_	_
Quant	O	O	O	O	O	O	_	_	_	_	_	_
aux	O	O	O	O	O	O	_	_	_	_	_	_
grands	O	O	O	O	O	O	_	_	NoSpaceAfter	_	_	_
,	O	O	O	O	O	O	_	_	_	_	_	_
il	O	O	O	O	O	O	_	_	_	_	_	_
les	O	O	O	O	O	O	_	_	_	_	_	_
laissa	O	O	O	O	O	O	_	_	_	_	_	_
courir	O	O	O	O	O	O	_	_	NoSpaceAfter	_	_	_
,	O	O	O	O	O	O	_	_	EndOfLine	_	_	_
# segment_iiif_link = https://impresso-project.ch/api/proxy/iiif/LNF-1847-02-26-a-p0002/36,1810,646,50/full/0/default.jpg
vu	O	O	O	O	O	O	_	_	_	_	_	_
qu	O	O	O	O	O	O	_	_	NoSpaceAfter	_	_	_
'	O	O	O	O	O	O	_	_	NoSpaceAfter	_	_	_
ils	O	O	O	O	O	O	_	_	_	_	_	_
avaient	O	O	O	O	O	O	_	_	_	_	_	_
de	O	O	O	O	O	O	_	_	_	_	_	_
meilleures	O	O	O	O	O	O	_	_	_	_	_	_
jimbes	O	O	O	O	O	O	_	_	_	_	_	_
que	O	O	O	O	O	O	_	_	_	_	_	_
lui	O	O	O	O	O	O	_	_	_	_	_	_
;	O	O	O	O	O	O	_	_	_	_	_	_
mais	O	O	O	O	O	O	_	_	_	_	_	_
le	O	O	O	O	O	O	_	_	_	_	_	_
garçon	O	O	O	O	O	O	_	_	EndOfLine	_	_	_
# segment_iiif_link = https://impresso-project.ch/api/proxy/iiif/LNF-1847-02-26-a-p0002/35,1835,421,49/full/0/default.jpg
ne	O	O	O	O	O	O	_	_	_	_	_	_
tarda	O	O	O	O	O	O	_	_	_	_	_	_
pas	O	O	O	O	O	O	_	_	_	_	_	_
a	O	O	O	O	O	O	_	_	_	_	_	_
dénoncer	O	O	O	O	O	O	_	_	_	_	_	_
ses	O	O	O	O	O	O	_	_	_	_	_	_
compagnons	O	O	O	O	O	O	_	_	NoSpaceAfter	_	_	_
.	O	O	O	O	O	O	_	_	EndOfLine	EndOfSentence	_	_
# segment_iiif_link = https://impresso-project.ch/api/proxy/iiif/LNF-1847-02-26-a-p0002/64,1865,618,50/full/0/default.jpg
—	O	O	O	O	O	O	_	_	_	_	_	_
Le	O	O	O	O	O	O	_	_	_	_	_	_
20	O	O	O	O	O	O	_	_	_	_	_	_
février	O	O	O	O	O	O	_	_	NoSpaceAfter	_	_	_
,	O	O	O	O	O	O	_	_	_	_	_	_
le	O	O	O	O	O	O	_	_	_	_	_	_
courrier	O	O	O	O	O	O	_	_	_	_	_	_
d	O	O	O	O	O	O	_	_	_	_	_	_
Italie	O	O	O	O	O	O	_	_	_	_	_	_
est	O	O	O	O	O	O	_	_	_	_	_	_
arrive	O	O	O	O	O	O	_	_	NoSpaceAfter	_	_	_
,	O	O	O	O	O	O	_	_	_	_	_	_
malgré	O	O	O	O	O	O	_	_	_	_	_	_
le	O	O	O	O	O	O	_	_	EndOfLine	_	_	_
# segment_iiif_link = https://impresso-project.ch/api/proxy/iiif/LNF-1847-02-26-a-p0002/37,1891,645,50/full/0/default.jpg
beau	O	O	O	O	O	O	_	_	_	_	_	_
temps	O	O	O	O	O	O	_	_	NoSpaceAfter	_	_	_
,	O	O	O	O	O	O	_	_	_	_	_	_
trop	O	O	O	O	O	O	_	_	_	_	_	_
tard	O	O	O	O	O	O	_	_	_	_	_	_
a	O	O	O	O	O	O	_	_	_	_	_	_
Fliielen	O	O	O	O	O	O	_	_	NoSpaceAfter	_	_	_
,	O	O	O	O	O	O	_	_	_	_	_	_
pour	O	O	O	O	O	O	_	_	_	_	_	_
prendre	O	O	O	O	O	O	_	_	_	_	_	_
le	O	O	O	O	O	O	_	_	_	_	_	_
bateau	O	O	O	O	O	O	_	_	_	_	_	_
à	O	O	O	O	O	O	_	_	EndOfLine	_	_	_
# segment_iiif_link = https://impresso-project.ch/api/proxy/iiif/LNF-1847-02-26-a-p0002/36,1918,646,50/full/0/default.jpg
vapeur	O	O	O	O	O	O	_	_	NoSpaceAfter	_	_	_
.	O	O	O	O	O	O	_	_	_	EndOfSentence	_	_
C	O	O	O	O	O	O	_	_	NoSpaceAfter	_	_	_
'	O	O	O	O	O	O	_	_	NoSpaceAfter	_	_	_
est	O	O	O	O	O	O	_	_	_	_	_	_
l	O	O	O	O	O	O	_	_	NoSpaceAfter	_	_	_
'	O	O	O	O	O	O	_	_	NoSpaceAfter	_	_	_
énorme	O	O	O	O	O	O	_	_	_	_	_	_
quantité	O	O	O	O	O	O	_	_	_	_	_	_
de	O	O	O	O	O	O	_	_	_	_	_	_
chars	O	O	O	O	O	O	_	_	_	_	_	_
chargés	O	O	O	O	O	O	_	_	_	_	_	_
de	O	O	O	O	O	O	_	_	_	_	_	_
grains	O	O	O	O	O	O	_	_	_	_	_	_
qu	O	O	O	O	O	O	_	_	NoSpaceAfter	_	_	_
'	O	O	O	O	O	O	_	_	NoSpaceAfter	_	_	_
il	O	O	O	O	O	O	_	_	EndOfLine	_	_	_
# segment_iiif_link = https://impresso-project.ch/api/proxy/iiif/LNF-1847-02-26-a-p0002/36,1943,647,49/full/0/default.jpg
a	O	O	O	O	O	O	_	_	_	_	_	_
rencontrés	O	O	O	O	O	O	_	_	_	_	_	_
sur	O	O	O	O	O	O	_	_	_	_	_	_
la	O	O	O	O	O	O	_	_	_	_	_	_
route	O	O	O	O	O	O	_	_	NoSpaceAfter	_	_	_
,	O	O	O	O	O	O	_	_	_	_	_	_
quia	O	O	O	O	O	O	_	_	_	_	_	_
causé	O	O	O	O	O	O	_	_	_	_	_	_
ce	O	O	O	O	O	O	_	_	_	_	_	_
retard	O	O	O	O	O	O	_	_	NoSpaceAfter	_	_	_
.	O	O	O	O	O	O	_	_	_	EndOfSentence	_	_
Plus	O	O	O	O	O	O	_	_	_	_	_	_
de	O	O	O	O	O	O	_	_	_	_	_	_
1,000	O	O	O	O	O	O	_	_	EndOfLine	_	_	_
# segment_iiif_link = https://impresso-project.ch/api/proxy/iiif/LNF-1847-02-26-a-p0002/36,1970,648,49/full/0/default.jpg
bœufs	O	O	O	O	O	O	_	_	_	_	_	_
sont	O	O	O	O	O	O	_	_	_	_	_	_
employés	O	O	O	O	O	O	_	_	_	_	_	_
au	O	O	O	O	O	O	_	_	_	_	_	_
St	O	O	O	O	O	O	_	_	_	_	_	_
.	O	O	O	O	O	O	_	_	NoSpaceAfter	EndOfSentence	_	_
-	O	O	O	O	O	O	_	_	NoSpaceAfter	_	_	_
Gotthard	O	O	O	O	O	O	_	_	_	_	_	_
pour	O	O	O	O	O	O	_	_	_	_	_	_
le	O	O	O	O	O	O	_	_	_	_	_	_
transport	O	O	O	O	O	O	_	_	_	_	_	_
des	O	O	O	O	O	O	_	_	EndOfLine	_	_	_
# segment_iiif_link = https://impresso-project.ch/api/proxy/iiif/LNF-1847-02-26-a-p0002/747,89,641,49/full/0/default.jpg
réales	O	O	O	O	O	O	_	_	NoSpaceAfter	_	_	_
.	O	O	O	O	O	O	_	_	_	EndOfSentence	_	_
—	O	O	O	O	O	O	_	_	_	_	_	_
Les	O	O	O	O	O	O	_	_	_	_	_	_
prix	O	O	O	O	O	O	_	_	_	_	_	_
du	O	O	O	O	O	O	_	_	_	_	_	_
pain	O	O	O	O	O	O	_	_	_	_	_	_
qui	O	O	O	O	O	O	_	_	_	_	_	_
étaient	O	O	O	O	O	O	_	_	_	_	_	_
déjà	O	O	O	O	O	O	_	_	_	_	_	_
descendus	O	O	O	O	O	O	_	_	NoSpaceAfter	_	_	_
,	O	O	O	O	O	O	_	_	_	_	_	_
ont	O	O	O	O	O	O	_	_	EndOfLine	_	_	_
# segment_iiif_link = https://impresso-project.ch/api/proxy/iiif/LNF-1847-02-26-a-p0002/747,114,395,50/full/0/default.jpg
encore	O	O	O	O	O	O	_	_	_	_	_	_
fléchi	O	O	O	O	O	O	_	_	_	_	_	_
le	O	O	O	O	O	O	_	_	_	_	_	_
23	O	O	O	O	O	O	_	_	NoSpaceAfter	_	_	_
,	O	O	O	O	O	O	_	_	_	_	_	_
de	O	O	O	O	O	O	_	_	_	_	_	_
3	O	O	O	O	O	O	_	_	_	_	_	_
rappes	O	O	O	O	O	O	_	_	_	_	_	_
la	O	O	O	O	O	O	_	_	_	_	_	_
livre	O	O	O	O	O	O	_	_	NoSpaceAfter	_	_	_
.	O	O	O	O	O	O	_	_	EndOfLine	EndOfSentence	_	_
# segment_iiif_link = https://impresso-project.ch/api/proxy/iiif/LNF-1847-02-26-a-p0002/772,132,616,60/full/0/default.jpg
T	O	O	O	O	O	O	_	_	_	_	_	_
ESSIN	O	O	O	O	O	O	_	_	NoSpaceAfter	_	_	_
.	O	O	O	O	O	O	_	_	_	EndOfSentence	_	_
—	O	O	O	O	O	O	_	_	_	_	_	_
Le	O	O	O	O	O	O	_	_	_	_	_	_
gouvernement	O	O	O	O	O	O	_	_	_	_	_	_
du	O	O	O	O	O	O	_	_	_	_	_	_
Tessin	O	O	O	O	O	O	_	_	NoSpaceAfter	_	_	_
,	O	O	O	O	O	O	_	_	_	_	_	_
dès	O	O	O	O	O	O	_	_	_	_	_	_
qu	O	O	O	O	O	O	_	_	NoSpaceAfter	_	_	_
'	O	O	O	O	O	O	_	_	NoSpaceAfter	_	_	_
il	O	O	O	O	O	O	_	_	_	_	_	_
a	O	O	O	O	O	O	_	_	_	_	_	_
eu	O	O	O	O	O	O	_	_	EndOfLine	_	_	_
# segment_iiif_link = https://impresso-project.ch/api/proxy/iiif/LNF-1847-02-26-a-p0002/746,165,641,50/full/0/default.jpg
connaissance	O	O	O	O	O	O	_	_	_	_	_	_
que	O	O	O	O	O	O	_	_	_	_	_	_
Je	O	O	O	O	O	O	_	_	_	_	_	_
gouverneur	O	O	O	O	O	O	_	_	_	_	_	_
de	O	O	O	O	O	O	_	_	_	_	_	_
Milan	O	O	O	O	O	O	_	_	_	_	_	_
avait	O	O	O	O	O	O	_	_	_	_	_	_
prohibé	O	O	O	O	O	O	_	_	_	_	_	_
la	O	O	O	O	O	O	_	_	_	_	_	_
sottie	O	O	O	O	O	O	_	_	_	_	_	_
des	O	O	O	O	O	O	_	_	EndOfLine	_	_	_
# segment_iiif_link = https://impresso-project.ch/api/proxy/iiif/LNF-1847-02-26-a-p0002/746,190,641,50/full/0/default.jpg
grains	O	O	O	O	O	O	_	_	NoSpaceAfter	_	_	_
,	O	O	O	O	O	O	_	_	_	_	_	_
a	O	O	O	O	O	O	_	_	_	_	_	_
envoyé	O	O	O	O	O	O	_	_	_	_	_	_
une	O	O	O	O	O	O	_	_	_	_	_	_
députation	O	O	O	O	O	O	_	_	_	_	_	_
à	O	O	O	O	O	O	_	_	_	_	_	_
Milan	O	O	O	O	O	O	_	_	NoSpaceAfter	_	_	_
,	O	O	O	O	O	O	_	_	_	_	_	_
pour	O	O	O	O	O	O	_	_	_	_	_	_
engager	O	O	O	O	O	O	_	_	_	_	_	_
l	O	O	O	O	O	O	_	_	NoSpaceAfter	_	_	_
'	O	O	O	O	O	O	_	_	EndOfLine|NoSpaceAfter	_	_	_
# segment_iiif_link = https://impresso-project.ch/api/proxy/iiif/LNF-1847-02-26-a-p0002/745,217,641,49/full/0/default.jpg
autorité	O	O	O	O	O	O	_	_	_	_	_	_
à	O	O	O	O	O	O	_	_	_	_	_	_
révoquer	O	O	O	O	O	O	_	_	_	_	_	_
son	O	O	O	O	O	O	_	_	_	_	_	_
arrêté	O	O	O	O	O	O	_	_	_	_	_	_
et	O	O	O	O	O	O	_	_	_	_	_	_
pour	O	O	O	O	O	O	_	_	_	_	_	_
demander	O	O	O	O	O	O	_	_	_	_	_	_
que	O	O	O	O	O	O	_	_	_	_	_	_
les	O	O	O	O	O	O	_	_	_	_	_	_
traités	O	O	O	O	O	O	_	_	EndOfLine	_	_	_
# segment_iiif_link = https://impresso-project.ch/api/proxy/iiif/LNF-1847-02-26-a-p0002/744,243,643,49/full/0/default.jpg
soient	O	O	O	O	O	O	_	_	_	_	_	_
respectés	O	O	O	O	O	O	_	_	NoSpaceAfter	_	_	_
.	O	O	O	O	O	O	_	_	_	EndOfSentence	_	_
Un	O	O	O	O	O	O	_	_	_	_	_	_
traité	O	O	O	O	O	O	_	_	NoSpaceAfter	_	_	_
,	O	O	O	O	O	O	_	_	_	_	_	_
signé	O	O	O	O	O	O	_	_	_	_	_	_
en	O	O	O	O	O	O	_	_	_	_	_	_
1818	O	O	O	O	O	O	_	_	NoSpaceAfter	_	_	_
,	O	O	O	O	O	O	_	_	_	_	_	_
entre	O	O	O	O	O	O	_	_	_	_	_	_
le	O	O	O	O	O	O	_	_	EndOfLine	_	_	_
# segment_iiif_link = https://impresso-project.ch/api/proxy/iiif/LNF-1847-02-26-a-p0002/746,269,642,49/full/0/default.jpg
gouvernement	O	O	O	O	O	O	_	_	_	_	_	_
du	O	O	O	O	O	O	_	_	_	_	_	_
Tessin	O	O	O	O	O	O	_	_	_	_	_	_
et	O	O	O	O	O	O	_	_	_	_	_	_
celui	O	O	O	O	O	O	_	_	_	_	_	_
de	O	O	O	O	O	O	_	_	_	_	_	_
Milan	O	O	O	O	O	O	_	_	NoSpaceAfter	_	_	_
,	O	O	O	O	O	O	_	_	_	_	_	_
accorde	O	O	O	O	O	O	_	_	_	_	_	_
au	O	O	O	O	O	O	_	_	_	_	_	_
premier	O	O	O	O	O	O	_	_	_	_	_	_
la	O	O	O	O	O	O	_	_	_	_	_	_
faculté	O	O	O	O	O	O	_	_	EndOfLine	_	_	_
# segment_iiif_link = https://impresso-project.ch/api/proxy/iiif/LNF-1847-02-26-a-p0002/745,294,501,50/full/0/default.jpg
de	O	O	O	O	O	O	_	_	_	_	_	_
tirer	O	O	O	O	O	O	_	_	_	_	_	_
de	O	O	O	O	O	O	_	_	_	_	_	_
la	O	O	O	O	O	O	_	_	_	_	_	_
Lombardie	O	O	O	O	O	O	_	_	_	_	_	_
70,000	O	O	O	O	O	O	_	_	_	_	_	_
scheffels	O	O	O	O	O	O	_	_	_	_	_	_
par	O	O	O	O	O	O	_	_	_	_	_	_
an	O	O	O	O	O	O	_	_	NoSpaceAfter	_	_	_
.	O	O	O	O	O	O	_	_	EndOfLine	EndOfSentence	_	_
# segment_iiif_link = https://impresso-project.ch/api/proxy/iiif/LNF-1847-02-26-a-p0002/774,320,616,50/full/0/default.jpg
—	O	O	O	O	O	O	_	_	_	_	_	_
Des	O	O	O	O	O	O	_	_	_	_	_	_
nouvelles	O	O	O	O	O	O	_	_	_	_	_	_
de	O	O	O	O	O	O	_	_	_	_	_	_
Lugano	O	O	O	O	O	O	_	_	NoSpaceAfter	_	_	_
,	O	O	O	O	O	O	_	_	_	_	_	_
portant	O	O	O	O	O	O	_	_	_	_	_	_
la	O	O	O	O	O	O	_	_	_	_	_	_
date	O	O	O	O	O	O	_	_	_	_	_	_
du	O	O	O	O	O	O	_	_	_	_	_	_
19	O	O	O	O	O	O	_	_	_	_	_	_
février	O	O	O	O	O	O	_	_	NoSpaceAfter	_	_	_
,	O	O	O	O	O	O	_	_	EndOfLine	_	_	_
# segment_iiif_link = https://impresso-project.ch/api/proxy/iiif/LNF-1847-02-26-a-p0002/745,345,646,50/full/0/default.jpg
mandent	O	O	O	O	O	O	_	_	_	_	_	_
que	O	O	O	O	O	O	_	_	_	_	_	_
des	O	O	O	O	O	O	_	_	_	_	_	_
émeutes	O	O	O	O	O	O	_	_	_	_	_	_
ont	O	O	O	O	O	O	_	_	_	_	_	_
éclaté	O	O	O	O	O	O	_	_	_	_	_	_
sur	O	O	O	O	O	O	_	_	_	_	_	_
les	O	O	O	O	O	O	_	_	_	_	_	_
marchés	O	O	O	O	O	O	_	_	_	_	_	_
de	O	O	O	O	O	O	_	_	_	_	_	_
Varése	O	O	O	O	O	O	_	_	NoSpaceAfter	_	_	_
,	O	O	O	O	O	O	_	_	EndOfLine	_	_	_
# segment_iiif_link = https://impresso-project.ch/api/proxy/iiif/LNF-1847-02-26-a-p0002/744,372,642,50/full/0/default.jpg
de	O	O	O	O	O	O	_	_	_	_	_	_
Laveno	O	O	O	O	O	O	_	_	_	_	_	_
et	O	O	O	O	O	O	_	_	_	_	_	_
de	O	O	O	O	O	O	_	_	_	_	_	_
Sesto	O	O	O	O	O	O	_	_	NoSpaceAfter	_	_	_
-	O	O	O	O	O	O	_	_	NoSpaceAfter	_	_	_
Calende	O	O	O	O	O	O	_	_	NoSpaceAfter	_	_	_
,	O	O	O	O	O	O	_	_	_	_	_	_
situées	O	O	O	O	O	O	_	_	_	_	_	_
sur	O	O	O	O	O	O	_	_	_	_	_	_
les	O	O	O	O	O	O	_	_	_	_	_	_
frontières	O	O	O	O	O	O	_	_	_	_	_	_
de	O	O	O	O	O	O	_	_	_	_	_	_
la	O	O	O	O	O	O	_	_	EndOfLine	_	_	_
# segment_iiif_link = https://impresso-project.ch/api/proxy/iiif/LNF-1847-02-26-a-p0002/745,397,643,50/full/0/default.jpg
Lombardie	O	O	O	O	O	O	_	_	_	_	_	_
et	O	O	O	O	O	O	_	_	_	_	_	_
du	O	O	O	O	O	O	_	_	_	_	_	_
Tessin	O	O	O	O	O	O	_	_	_	_	_	_
ainsi	O	O	O	O	O	O	_	_	_	_	_	_
que	O	O	O	O	O	O	_	_	_	_	_	_
sur	O	O	O	O	O	O	_	_	_	_	_	_
le	O	O	O	O	O	O	_	_	_	_	_	_
marché	O	O	O	O	O	O	_	_	_	_	_	_
de	O	O	O	O	O	O	_	_	_	_	_	_
Castello	O	O	O	O	O	O	_	_	_	_	_	_
sur	O	O	O	O	O	O	_	_	EndOfLine	_	_	_
# segment_iiif_link = https://impresso-project.ch/api/proxy/iiif/LNF-1847-02-26-a-p0002/746,423,644,49/full/0/default.jpg
les	O	O	O	O	O	O	_	_	_	_	_	_
frontières	O	O	O	O	O	O	_	_	_	_	_	_
sardes	O	O	O	O	O	O	_	_	NoSpaceAfter	_	_	_
.	O	O	O	O	O	O	_	_	_	EndOfSentence	_	_
Dans	O	O	O	O	O	O	_	_	_	_	_	_
ces	O	O	O	O	O	O	_	_	_	_	_	_
endroits	O	O	O	O	O	O	_	_	NoSpaceAfter	_	_	_
,	O	O	O	O	O	O	_	_	_	_	_	_
les	O	O	O	O	O	O	_	_	_	_	_	_
paysans	O	O	O	O	O	O	_	_	_	_	_	_
se	O	O	O	O	O	O	_	_	_	_	_	_
sont	O	O	O	O	O	O	_	_	EndOfLine	_	_	_
# segment_iiif_link = https://impresso-project.ch/api/proxy/iiif/LNF-1847-02-26-a-p0002/745,448,643,49/full/0/default.jpg
troupés	O	O	O	O	O	O	_	_	_	_	_	_
pour	O	O	O	O	O	O	_	_	_	_	_	_
se	O	O	O	O	O	O	_	_	_	_	_	_
ruer	O	O	O	O	O	O	_	_	_	_	_	_
surtout	O	O	O	O	O	O	_	_	_	_	_	_
sur	O	O	O	O	O	O	_	_	_	_	_	_
des	O	O	O	O	O	O	_	_	_	_	_	_
acheteurs	O	O	O	O	O	O	_	_	_	_	_	_
suisses	O	O	O	O	O	O	_	_	_	_	_	_
qui	O	O	O	O	O	O	_	_	NoSpaceAfter	_	_	_
,	O	O	O	O	O	O	_	_	EndOfLine	_	_	_
# segment_iiif_link = https://impresso-project.ch/api/proxy/iiif/LNF-1847-02-26-a-p0002/744,473,642,50/full/0/default.jpg
raît	O	O	O	O	O	O	_	_	NoSpaceAfter	_	_	_
-	O	O	O	O	O	O	_	_	NoSpaceAfter	_	_	_
il	O	O	O	O	O	O	_	_	NoSpaceAfter	_	_	_
,	O	O	O	O	O	O	_	_	_	_	_	_
n	O	O	O	O	O	O	_	_	NoSpaceAfter	_	_	_
'	O	O	O	O	O	O	_	_	NoSpaceAfter	_	_	_
ont	O	O	O	O	O	O	_	_	_	_	_	_
pas	O	O	O	O	O	O	_	_	_	_	_	_
usé	O	O	O	O	O	O	_	_	_	_	_	_
de	O	O	O	O	O	O	_	_	_	_	_	_
toute	O	O	O	O	O	O	_	_	_	_	_	_
la	O	O	O	O	O	O	_	_	_	_	_	_
circonspection	O	O	O	O	O	O	_	_	_	_	_	_
nécessaire	O	O	O	O	O	O	_	_	_	_	_	_
dans	O	O	O	O	O	O	_	_	EndOfLine	_	_	_
# segment_iiif_link = https://impresso-project.ch/api/proxy/iiif/LNF-1847-02-26-a-p0002/744,499,645,50/full/0/default.jpg
leurs	O	O	O	O	O	O	_	_	_	_	_	_
transactions	O	O	O	O	O	O	_	_	_	_	_	_
mercantiles	O	O	O	O	O	O	_	_	_	_	_	_
;	O	O	O	O	O	O	_	_	_	_	_	_
des	O	O	O	O	O	O	_	_	_	_	_	_
provisions	O	O	O	O	O	O	_	_	_	_	_	_
onl	O	O	O	O	O	O	_	_	_	_	_	_
été	O	O	O	O	O	O	_	_	_	_	_	_
enlevées	O	O	O	O	O	O	_	_	NoSpaceAfter	_	_	_
,	O	O	O	O	O	O	_	_	EndOfLine	_	_	_
# segment_iiif_link = https://impresso-project.ch/api/proxy/iiif/LNF-1847-02-26-a-p0002/744,525,640,50/full/0/default.jpg
des	O	O	O	O	O	O	_	_	_	_	_	_
magasins	O	O	O	O	O	O	_	_	_	_	_	_
pillés	O	O	O	O	O	O	_	_	NoSpaceAfter	_	_	_
.	O	O	O	O	O	O	_	_	_	EndOfSentence	_	_
On	O	O	O	O	O	O	_	_	_	_	_	_
a	O	O	O	O	O	O	_	_	_	_	_	_
dû	O	O	O	O	O	O	_	_	_	_	_	_
avoir	O	O	O	O	O	O	_	_	_	_	_	_
recours	O	O	O	O	O	O	_	_	_	_	_	_
à	O	O	O	O	O	O	_	_	_	_	_	_
la	O	O	O	O	O	O	_	_	_	_	_	_
force	O	O	O	O	O	O	_	_	NoSpaceAfter	_	_	_
-	O	O	O	O	O	O	_	_	NoSpaceAfter	_	_	_
armée	O	O	O	O	O	O	_	_	EndOfLine	_	_	_
# segment_iiif_link = https://impresso-project.ch/api/proxy/iiif/LNF-1847-02-26-a-p0002/744,551,640,50/full/0/default.jpg
pour	O	O	O	O	O	O	_	_	_	_	_	_
réprimer	O	O	O	O	O	O	_	_	_	_	_	_
les	O	O	O	O	O	O	_	_	_	_	_	_
desordres	O	O	O	O	O	O	_	_	NoSpaceAfter	_	_	_
.	O	O	O	O	O	O	_	_	_	EndOfSentence	_	_
Dans	O	O	O	O	O	O	_	_	_	_	_	_
ces	O	O	O	O	O	O	_	_	_	_	_	_
rencontres	O	O	O	O	O	O	_	_	NoSpaceAfter	_	_	_
,	O	O	O	O	O	O	_	_	_	_	_	_
les	O	O	O	O	O	O	_	_	_	_	_	_
paysans	O	O	O	O	O	O	_	_	EndOfLine	_	_	_
# segment_iiif_link = https://impresso-project.ch/api/proxy/iiif/LNF-1847-02-26-a-p0002/744,577,639,49/full/0/default.jpg
ont	O	O	O	O	O	O	_	_	_	_	_	_
laissé	O	O	O	O	O	O	_	_	_	_	_	_
quelques	O	O	O	O	O	O	_	_	_	_	_	_
morts	O	O	O	O	O	O	_	_	_	_	_	_
et	O	O	O	O	O	O	_	_	_	_	_	_
p	O	O	O	O	O	O	_	_	_	_	_	_
lusieurs	O	O	O	O	O	O	_	_	_	_	_	_
blessés	O	O	O	O	O	O	_	_	NoSpaceAfter	_	_	_
.	O	O	O	O	O	O	_	_	_	EndOfSentence	_	_
Vu	O	O	O	O	O	O	_	_	_	_	_	_
l	O	O	O	O	O	O	_	_	NoSpaceAfter	_	_	_
'	O	O	O	O	O	O	_	_	NoSpaceAfter	_	_	_
exaspération	O	O	O	O	O	O	_	_	EndOfLine	_	_	_
# segment_iiif_link = https://impresso-project.ch/api/proxy/iiif/LNF-1847-02-26-a-p0002/744,604,640,49/full/0/default.jpg
des	O	O	O	O	O	O	_	_	_	_	_	_
esprits	O	O	O	O	O	O	_	_	_	_	_	_
et	O	O	O	O	O	O	_	_	_	_	_	_
la	O	O	O	O	O	O	_	_	_	_	_	_
fureur	O	O	O	O	O	O	_	_	_	_	_	_
du	O	O	O	O	O	O	_	_	_	_	_	_
p	O	O	O	O	O	O	_	_	_	_	_	_
illage	O	O	O	O	O	O	_	_	_	_	_	_
des	O	O	O	O	O	O	_	_	_	_	_	_
paysans	O	O	O	O	O	O	_	_	NoSpaceAfter	_	_	_
,	O	O	O	O	O	O	_	_	_	_	_	_
tous	O	O	O	O	O	O	_	_	_	_	_	_
les	O	O	O	O	O	O	_	_	EndOfLine	_	_	_
# segment_iiif_link = https://impresso-project.ch/api/proxy/iiif/LNF-1847-02-26-a-p0002/744,629,638,49/full/0/default.jpg
transports	O	O	O	O	O	O	_	_	_	_	_	_
de	O	O	O	O	O	O	_	_	_	_	_	_
comestibles	O	O	O	O	O	O	_	_	NoSpaceAfter	_	_	_
,	O	O	O	O	O	O	_	_	_	_	_	_
venant	O	O	O	O	O	O	_	_	_	_	_	_
de	O	O	O	O	O	O	_	_	_	_	_	_
là	O	O	O	O	O	O	_	_	_	_	_	_
Lombardie	O	O	O	O	O	O	_	_	NoSpaceAfter	_	_	_
,	O	O	O	O	O	O	_	_	_	_	_	_
destinés	O	O	O	O	O	O	_	_	_	_	_	_
pour	O	O	O	O	O	O	_	_	EndOfLine	_	_	_
# segment_iiif_link = https://impresso-project.ch/api/proxy/iiif/LNF-1847-02-26-a-p0002/744,655,642,49/full/0/default.jpg
la	O	O	O	O	O	O	_	_	_	_	_	_
Suisse	O	O	O	O	O	O	_	_	NoSpaceAfter	_	_	_
,	O	O	O	O	O	O	_	_	_	_	_	_
sont	O	O	O	O	O	O	_	_	_	_	_	_
accompagnés	O	O	O	O	O	O	_	_	_	_	_	_
d	O	O	O	O	O	O	_	_	NoSpaceAfter	_	_	_
'	O	O	O	O	O	O	_	_	NoSpaceAfter	_	_	_
une	O	O	O	O	O	O	_	_	_	_	_	_
bonne	O	O	O	O	O	O	_	_	_	_	_	_
escorte	O	O	O	O	O	O	_	_	_	_	_	_
jusqu	O	O	O	O	O	O	_	_	NoSpaceAfter	_	_	_
'	O	O	O	O	O	O	_	_	NoSpaceAfter	_	_	_
à	O	O	O	O	O	O	_	_	_	_	_	_
la	O	O	O	O	O	O	_	_	EndOfLine	_	_	_
# segment_iiif_link = https://impresso-project.ch/api/proxy/iiif/LNF-1847-02-26-a-p0002/744,681,639,50/full/0/default.jpg
frontière	O	O	O	O	O	O	_	_	NoSpaceAfter	_	_	_
.	O	O	O	O	O	O	_	_	_	EndOfSentence	_	_
Depuis	O	O	O	O	O	O	_	_	_	_	_	_
le	O	O	O	O	O	O	_	_	_	_	_	_
u	O	O	O	O	O	O	_	_	NoSpaceAfter	_	_	_
)	O	O	O	O	O	O	_	_	_	_	_	_
février	O	O	O	O	O	O	_	_	NoSpaceAfter	_	_	_
,	O	O	O	O	O	O	_	_	_	_	_	_
la	O	O	O	O	O	O	_	_	_	_	_	_
Lombardie	O	O	O	O	O	O	_	_	_	_	_	_
a	O	O	O	O	O	O	_	_	_	_	_	_
prohibé	O	O	O	O	O	O	_	_	_	_	_	_
l	O	O	O	O	O	O	_	_	NoSpaceAfter	_	_	_
'	O	O	O	O	O	O	_	_	EndOfLine|NoSpaceAfter	_	_	_
# segment_iiif_link = https://impresso-project.ch/api/proxy/iiif/LNF-1847-02-26-a-p0002/744,706,640,50/full/0/default.jpg
exportation	O	O	O	O	O	O	_	_	_	_	_	_
des	O	O	O	O	O	O	_	_	_	_	_	_
aliments	O	O	O	O	O	O	_	_	_	_	_	_
de	O	O	O	O	O	O	_	_	_	_	_	_
toute	O	O	O	O	O	O	_	_	_	_	_	_
nature	O	O	O	O	O	O	_	_	NoSpaceAfter	_	_	_
.	O	O	O	O	O	O	_	_	_	EndOfSentence	_	_
Cette	O	O	O	O	O	O	_	_	_	_	_	_
mesure	O	O	O	O	O	O	_	_	_	_	_	_
a	O	O	O	O	O	O	_	_	_	_	_	_
été	O	O	O	O	O	O	_	_	_	_	_	_
dictée	O	O	O	O	O	O	_	_	EndOfLine	_	_	_
# segment_iiif_link = https://impresso-project.ch/api/proxy/iiif/LNF-1847-02-26-a-p0002/744,733,640,50/full/0/default.jpg
par	O	O	O	O	O	O	_	_	_	_	_	_
ia	O	O	O	O	O	O	_	_	_	_	_	_
politique	O	O	O	O	O	O	_	_	_	_	_	_
plutôt	O	O	O	O	O	O	_	_	_	_	_	_
que	O	O	O	O	O	O	_	_	_	_	_	_
par	O	O	O	O	O	O	_	_	_	_	_	_
une	O	O	O	O	O	O	_	_	_	_	_	_
urgence	O	O	O	O	O	O	_	_	_	_	_	_
économique	O	O	O	O	O	O	_	_	_	_	_	_
;	O	O	O	O	O	O	_	_	_	_	_	_
car	O	O	O	O	O	O	_	_	EndOfLine	_	_	_
# segment_iiif_link = https://impresso-project.ch/api/proxy/iiif/LNF-1847-02-26-a-p0002/743,757,642,50/full/0/default.jpg
elle	O	O	O	O	O	O	_	_	_	_	_	_
a	O	O	O	O	O	O	_	_	_	_	_	_
été	O	O	O	O	O	O	_	_	_	_	_	_
prise	O	O	O	O	O	O	_	_	_	_	_	_
non	O	O	O	O	O	O	_	_	_	_	_	_
pour	O	O	O	O	O	O	_	_	_	_	_	_
prévenir	O	O	O	O	O	O	_	_	_	_	_	_
une	O	O	O	O	O	O	_	_	_	_	_	_
disette	O	O	O	O	O	O	_	_	NoSpaceAfter	_	_	_
,	O	O	O	O	O	O	_	_	_	_	_	_
car	O	O	O	O	O	O	_	_	_	_	_	_
il	O	O	O	O	O	O	_	_	_	_	_	_
y	O	O	O	O	O	O	_	_	_	_	_	_
a	O	O	O	O	O	O	_	_	_	_	_	_
assez	O	O	O	O	O	O	_	_	EndOfLine	_	_	_
# segment_iiif_link = https://impresso-project.ch/api/proxy/iiif/LNF-1847-02-26-a-p0002/743,784,641,49/full/0/default.jpg
de	O	O	O	O	O	O	_	_	_	_	_	_
tout	O	O	O	O	O	O	_	_	NoSpaceAfter	_	_	_
,	O	O	O	O	O	O	_	_	_	_	_	_
mais	O	O	O	O	O	O	_	_	_	_	_	_
pour	O	O	O	O	O	O	_	_	_	_	_	_
apaiser	O	O	O	O	O	O	_	_	_	_	_	_
les	O	O	O	O	O	O	_	_	_	_	_	_
flots	O	O	O	O	O	O	_	_	_	_	_	_
populaires	O	O	O	O	O	O	_	_	NoSpaceAfter	_	_	_
.	O	O	O	O	O	O	_	_	_	EndOfSentence	_	_
On	O	O	O	O	O	O	_	_	_	_	_	_
croit	O	O	O	O	O	O	_	_	_	_	_	_
du	O	O	O	O	O	O	_	_	EndOfLine	_	_	_
# segment_iiif_link = https://impresso-project.ch/api/proxy/iiif/LNF-1847-02-26-a-p0002/742,809,577,49/full/0/default.jpg
reste	O	O	O	O	O	O	_	_	_	_	_	_
que	O	O	O	O	O	O	_	_	_	_	_	_
cet	O	O	O	O	O	O	_	_	_	_	_	_
état	O	O	O	O	O	O	_	_	_	_	_	_
de	O	O	O	O	O	O	_	_	_	_	_	_
choses	O	O	O	O	O	O	_	_	_	_	_	_
ne	O	O	O	O	O	O	_	_	_	_	_	_
sera	O	O	O	O	O	O	_	_	_	_	_	_
pas	O	O	O	O	O	O	_	_	_	_	_	_
de	O	O	O	O	O	O	_	_	_	_	_	_
longue	O	O	O	O	O	O	_	_	_	_	_	_
durée	O	O	O	O	O	O	_	_	NoSpaceAfter	_	_	_
.	O	O	O	O	O	O	_	_	EndOfLine	EndOfSentence	_	_
# segment_iiif_link = https://impresso-project.ch/api/proxy/iiif/LNF-1847-02-26-a-p0002/768,836,618,49/full/0/default.jpg
Au	O	O	O	O	O	O	_	_	_	_	_	_
surplus	O	O	O	O	O	O	_	_	NoSpaceAfter	_	_	_
,	O	O	O	O	O	O	_	_	_	_	_	_
cette	O	O	O	O	O	O	_	_	_	_	_	_
entrave	O	O	O	O	O	O	_	_	_	_	_	_
mise	O	O	O	O	O	O	_	_	_	_	_	_
â	O	O	O	O	O	O	_	_	_	_	_	_
la	O	O	O	O	O	O	_	_	_	_	_	_
libre	O	O	O	O	O	O	_	_	_	_	_	_
circulation	O	O	O	O	O	O	_	_	_	_	_	_
des	O	O	O	O	O	O	_	_	EndOfLine	_	_	_
# segment_iiif_link = https://impresso-project.ch/api/proxy/iiif/LNF-1847-02-26-a-p0002/742,860,641,50/full/0/default.jpg
comestibles	O	O	O	O	O	O	_	_	NoSpaceAfter	_	_	_
,	O	O	O	O	O	O	_	_	_	_	_	_
n	O	O	O	O	O	O	_	_	NoSpaceAfter	_	_	_
'	O	O	O	O	O	O	_	_	NoSpaceAfter	_	_	_
aura	O	O	O	O	O	O	_	_	_	_	_	_
pas	O	O	O	O	O	O	_	_	_	_	_	_
des	O	O	O	O	O	O	_	_	_	_	_	_
conséquences	O	O	O	O	O	O	_	_	_	_	_	_
bien	O	O	O	O	O	O	_	_	_	_	_	_
alarmantes	O	O	O	O	O	O	_	_	_	_	_	_
pour	O	O	O	O	O	O	_	_	EndOfLine	_	_	_
# segment_iiif_link = https://impresso-project.ch/api/proxy/iiif/LNF-1847-02-26-a-p0002/742,886,644,50/full/0/default.jpg
nous	O	O	O	O	O	O	_	_	NoSpaceAfter	_	_	_
,	O	O	O	O	O	O	_	_	_	_	_	_
attendu	O	O	O	O	O	O	_	_	_	_	_	_
que	O	O	O	O	O	O	_	_	NoSpaceAfter	_	_	_
,	O	O	O	O	O	O	_	_	_	_	_	_
suivant	O	O	O	O	O	O	_	_	_	_	_	_
les	O	O	O	O	O	O	_	_	_	_	_	_
avis	O	O	O	O	O	O	_	_	_	_	_	_
d	O	O	O	O	O	O	_	_	NoSpaceAfter	_	_	_
'	O	O	O	O	O	O	_	_	NoSpaceAfter	_	_	_
un	O	O	O	O	O	O	_	_	_	_	_	_
témoin	O	O	O	O	O	O	_	_	_	_	_	_
oculaire	O	O	O	O	O	O	_	_	NoSpaceAfter	_	_	_
,	O	O	O	O	O	O	_	_	_	_	_	_
il	O	O	O	O	O	O	_	_	_	_	_	_
y	O	O	O	O	O	O	_	_	_	_	_	_
a	O	O	O	O	O	O	_	_	EndOfLine	_	_	_
# segment_iiif_link = https://impresso-project.ch/api/proxy/iiif/LNF-1847-02-26-a-p0002/742,912,642,50/full/0/default.jpg
dans	O	O	O	O	O	O	_	_	_	_	_	_
le	O	O	O	O	O	O	_	_	_	_	_	_
canton	O	O	O	O	O	O	_	_	_	_	_	_
du	O	O	O	O	O	O	_	_	_	_	_	_
Tessin	O	O	O	O	O	O	_	_	_	_	_	_
une	O	O	O	O	O	O	_	_	_	_	_	_
telle	O	O	O	O	O	O	_	_	_	_	_	_
quantité	O	O	O	O	O	O	_	_	_	_	_	_
de	O	O	O	O	O	O	_	_	_	_	_	_
denrées	O	O	O	O	O	O	_	_	EndOfLine	_	_	_
# segment_iiif_link = https://impresso-project.ch/api/proxy/iiif/LNF-1847-02-26-a-p0002/741,938,642,50/full/0/default.jpg
alimentaires	O	O	O	O	O	O	_	_	_	_	_	_
destinées	O	O	O	O	O	O	_	_	_	_	_	_
pour	O	O	O	O	O	O	_	_	_	_	_	_
la	O	O	O	O	O	O	_	_	_	_	_	_
Suisse	O	O	O	O	O	O	_	_	_	_	_	_
que	O	O	O	O	O	O	_	_	NoSpaceAfter	_	_	_
,	O	O	O	O	O	O	_	_	_	_	_	_
malgré	O	O	O	O	O	O	_	_	_	_	_	_
les	O	O	O	O	O	O	_	_	_	_	_	_
nombreux	O	O	O	O	O	O	_	_	_	_	_	_
moyens	O	O	O	O	O	O	_	_	EndOfLine	_	_	_
# segment_iiif_link = https://impresso-project.ch/api/proxy/iiif/LNF-1847-02-26-a-p0002/741,964,645,49/full/0/default.jpg
de	O	O	O	O	O	O	_	_	_	_	_	_
transport	O	O	O	O	O	O	_	_	_	_	_	_
qui	O	O	O	O	O	O	_	_	_	_	_	_
existent	O	O	O	O	O	O	_	_	NoSpaceAfter	_	_	_
,	O	O	O	O	O	O	_	_	_	_	_	_
tant	O	O	O	O	O	O	_	_	_	_	_	_
au	O	O	O	O	O	O	_	_	_	_	_	_
passage	O	O	O	O	O	O	_	_	_	_	_	_
du	O	O	O	O	O	O	_	_	_	_	_	_
St	O	O	O	O	O	O	_	_	_	_	_	_
.	O	O	O	O	O	O	_	_	NoSpaceAfter	EndOfSentence	_	_
-	O	O	O	O	O	O	_	_	NoSpaceAfter	_	_	_
Gotthard	O	O	O	O	O	O	_	_	_	_	_	_
qu	O	O	O	O	O	O	_	_	NoSpaceAfter	_	_	_
'	O	O	O	O	O	O	_	_	NoSpaceAfter	_	_	_
à	O	O	O	O	O	O	_	_	EndOfLine	_	_	_
# segment_iiif_link = https://impresso-project.ch/api/proxy/iiif/LNF-1847-02-26-a-p0002/741,990,643,49/full/0/default.jpg
celui	O	O	O	O	O	O	_	_	_	_	_	_
du	O	O	O	O	O	O	_	_	_	_	_	_
S	O	O	O	O	O	O	_	_	_	_	_	_
p	O	O	O	O	O	O	_	_	_	_	_	_
Jiigen	O	O	O	O	O	O	_	_	NoSpaceAfter	_	_	_
,	O	O	O	O	O	O	_	_	_	_	_	_
il	O	O	O	O	O	O	_	_	_	_	_	_
faudra	O	O	O	O	O	O	_	_	_	_	_	_
p	O	O	O	O	O	O	_	_	_	_	_	_
lusieurs	O	O	O	O	O	O	_	_	_	_	_	_
mois	O	O	O	O	O	O	_	_	_	_	_	_
pour	O	O	O	O	O	O	_	_	_	_	_	_
en	O	O	O	O	O	O	_	_	_	_	_	_
effectuer	O	O	O	O	O	O	_	_	EndOfLine	_	_	_
# segment_iiif_link = https://impresso-project.ch/api/proxy/iiif/LNF-1847-02-26-a-p0002/741,1015,138,49/full/0/default.jpg
la	O	O	O	O	O	O	_	_	_	_	_	_
translation	O	O	O	O	O	O	_	_	NoSpaceAfter	_	_	_
.	O	O	O	O	O	O	_	_	EndOfLine	EndOfSentence	_	_
# segment_iiif_link = https://impresso-project.ch/api/proxy/iiif/LNF-1847-02-26-a-p0002/765,1039,620,48/full/0/default.jpg
VAUD	O	O	O	O	O	O	_	_	NoSpaceAfter	_	_	_
.	O	O	O	O	O	O	_	_	_	EndOfSentence	_	_
—	O	O	O	O	O	O	_	_	_	_	_	_
Le	O	O	O	O	O	O	_	_	_	_	_	_
canton	O	O	O	O	O	O	_	_	_	_	_	_
de	O	O	O	O	O	O	_	_	_	_	_	_
Vaud	O	O	O	O	O	O	_	_	_	_	_	_
vient	O	O	O	O	O	O	_	_	_	_	_	_
de	O	O	O	O	O	O	_	_	_	_	_	_
lever	O	O	O	O	O	O	_	_	_	_	_	_
tous	O	O	O	O	O	O	_	_	_	_	_	_
les	O	O	O	O	O	O	_	_	_	_	_	_
droits	O	O	O	O	O	O	_	_	_	_	_	_
de	O	O	O	O	O	O	_	_	EndOfLine	_	_	_
# segment_iiif_link = https://impresso-project.ch/api/proxy/iiif/LNF-1847-02-26-a-p0002/742,1064,543,50/full/0/default.jpg
transit	O	O	O	O	O	O	_	_	_	_	_	_
pour	O	O	O	O	O	O	_	_	_	_	_	_
le	O	O	O	O	O	O	_	_	_	_	_	_
passage	O	O	O	O	O	O	_	_	_	_	_	_
des	O	O	O	O	O	O	_	_	_	_	_	_
céréales	O	O	O	O	O	O	_	_	_	_	_	_
sur	O	O	O	O	O	O	_	_	_	_	_	_
son	O	O	O	O	O	O	_	_	_	_	_	_
territoire	O	O	O	O	O	O	_	_	NoSpaceAfter	_	_	_
.	O	O	O	O	O	O	_	_	EndOfLine	EndOfSentence	_	_
# segment_iiif_link = https://impresso-project.ch/api/proxy/iiif/LNF-1847-02-26-a-p0002/997,1100,130,50/full/0/default.jpg
FIUBOUIIG	O	O	O	O	O	O	_	_	NoSpaceAfter	_	_	_
.	O	O	O	O	O	O	_	_	EndOfLine	EndOfSentence	_	_
# segment_iiif_link = https://impresso-project.ch/api/proxy/iiif/LNF-1847-02-26-a-p0002/764,1129,616,50/full/0/default.jpg
La	O	O	O	O	O	O	_	_	_	_	_	_
bourgeoisie	O	O	O	O	O	O	_	_	_	_	_	_
de	O	O	O	O	O	O	_	_	_	_	_	_
Fribourg	O	O	O	O	O	O	_	_	_	_	_	_
est	O	O	O	O	O	O	_	_	_	_	_	_
convoquée	O	O	O	O	O	O	_	_	_	_	_	_
pour	O	O	O	O	O	O	_	_	_	_	_	_
dimanche	O	O	O	O	O	O	_	_	EndOfLine	_	_	_
# segment_iiif_link = https://impresso-project.ch/api/proxy/iiif/LNF-1847-02-26-a-p0002/740,1155,642,50/full/0/default.jpg
prochain	O	O	O	O	O	O	_	_	NoSpaceAfter	_	_	_
,	O	O	O	O	O	O	_	_	_	_	_	_
28	O	O	O	O	O	O	_	_	_	_	_	_
février	O	O	O	O	O	O	_	_	NoSpaceAfter	_	_	_
.	O	O	O	O	O	O	_	_	_	EndOfSentence	_	_
L	O	O	O	O	O	O	_	_	NoSpaceAfter	_	_	_
'	O	O	O	O	O	O	_	_	NoSpaceAfter	_	_	_
assemblée	O	O	O	O	O	O	_	_	_	_	_	_
aura	O	O	O	O	O	O	_	_	_	_	_	_
à	O	O	O	O	O	O	_	_	_	_	_	_
s	O	O	O	O	O	O	_	_	NoSpaceAfter	_	_	_
'	O	O	O	O	O	O	_	_	NoSpaceAfter	_	_	_
occuper	O	O	O	O	O	O	_	_	_	_	_	_
de	O	O	O	O	O	O	_	_	EndOfLine	_	_	_
# segment_iiif_link = https://impresso-project.ch/api/proxy/iiif/LNF-1847-02-26-a-p0002/739,1180,642,49/full/0/default.jpg
propositions	O	O	O	O	O	O	_	_	_	_	_	_
de	O	O	O	O	O	O	_	_	_	_	_	_
réception	O	O	O	O	O	O	_	_	_	_	_	_
à	O	O	O	O	O	O	_	_	_	_	_	_
la	O	O	O	O	O	O	_	_	_	_	_	_
bourgeoisie	O	O	O	O	O	O	_	_	NoSpaceAfter	_	_	_
,	O	O	O	O	O	O	_	_	_	_	_	_
de	O	O	O	O	O	O	_	_	_	_	_	_
la	O	O	O	O	O	O	_	_	_	_	_	_
nomination	O	O	O	O	O	O	_	_	_	_	_	_
d	O	O	O	O	O	O	_	_	NoSpaceAfter	_	_	_
'	O	O	O	O	O	O	_	_	NoSpaceAfter	_	_	_
un	O	O	O	O	O	O	_	_	EndOfLine	_	_	_
# segment_iiif_link = https://impresso-project.ch/api/proxy/iiif/LNF-1847-02-26-a-p0002/740,1205,643,49/full/0/default.jpg
membre	O	O	O	O	O	O	_	_	_	_	_	_
de	O	O	O	O	O	O	_	_	_	_	_	_
la	O	O	O	O	O	O	_	_	_	_	_	_
commission	O	O	O	O	O	O	_	_	_	_	_	_
examinatrice	O	O	O	O	O	O	_	_	_	_	_	_
des	O	O	O	O	O	O	_	_	_	_	_	_
comptes	O	O	O	O	O	O	_	_	_	_	_	_
et	O	O	O	O	O	O	_	_	_	_	_	_
de	O	O	O	O	O	O	_	_	_	_	_	_
la	O	O	O	O	O	O	_	_	EndOfLine	_	_	_
# segment_iiif_link = https://impresso-project.ch/api/proxy/iiif/LNF-1847-02-26-a-p0002/741,1230,196,50/full/0/default.jpg
commission	O	O	O	O	O	O	_	_	_	_	_	_
du	O	O	O	O	O	O	_	_	_	_	_	_
feu	O	O	O	O	O	O	_	_	NoSpaceAfter	_	_	_
.	O	O	O	O	O	O	_	_	EndOfLine	EndOfSentence	_	_
# segment_iiif_link = https://impresso-project.ch/api/proxy/iiif/LNF-1847-02-26-a-p0002/767,1271,615,50/full/0/default.jpg
Par	O	O	O	O	O	O	_	_	_	_	_	_
suite	O	O	O	O	O	O	_	_	_	_	_	_
de	O	O	O	O	O	O	_	_	_	_	_	_
la	O	O	O	O	O	O	_	_	_	_	_	_
dernière	O	O	O	O	O	O	_	_	_	_	_	_
baisse	O	O	O	O	O	O	_	_	_	_	_	_
du	O	O	O	O	O	O	_	_	_	_	_	_
prix	O	O	O	O	O	O	_	_	_	_	_	_
des	O	O	O	O	O	O	_	_	_	_	_	_
grains	O	O	O	O	O	O	_	_	NoSpaceAfter	_	_	_
,	O	O	O	O	O	O	_	_	_	_	_	_
Je	O	O	O	O	O	O	_	_	_	_	_	_
prix	O	O	O	O	O	O	_	_	_	_	_	_
du	O	O	O	O	O	O	_	_	EndOfLine	_	_	_
# segment_iiif_link = https://impresso-project.ch/api/proxy/iiif/LNF-1847-02-26-a-p0002/740,1297,641,50/full/0/default.jpg
pain	O	O	O	O	O	O	_	_	_	_	_	_
est	O	O	O	O	O	O	_	_	_	_	_	_
descendu	O	O	O	O	O	O	_	_	_	_	_	_
de	O	O	O	O	O	O	_	_	_	_	_	_
i	O	O	O	O	O	O	_	_	_	_	_	_
5	O	O	O	O	O	O	_	_	_	_	_	_
rappes	O	O	O	O	O	O	_	_	_	_	_	_
le	O	O	O	O	O	O	_	_	_	_	_	_
pain	O	O	O	O	O	O	_	_	_	_	_	_
de	O	O	O	O	O	O	_	_	_	_	_	_
4	O	O	O	O	O	O	_	_	_	_	_	_
livres	O	O	O	O	O	O	_	_	NoSpaceAfter	_	_	_
.	O	O	O	O	O	O	_	_	_	EndOfSentence	_	_
Voici	O	O	O	O	O	O	_	_	_	_	_	_
la	O	O	O	O	O	O	_	_	_	_	_	_
taxe	O	O	O	O	O	O	_	_	EndOfLine	_	_	_
# segment_iiif_link = https://impresso-project.ch/api/proxy/iiif/LNF-1847-02-26-a-p0002/740,1324,639,49/full/0/default.jpg
actuelle	O	O	O	O	O	O	_	_	_	_	_	_
du	O	O	O	O	O	O	_	_	_	_	_	_
pain	O	O	O	O	O	O	_	_	_	_	_	_
:	O	O	O	O	O	O	_	_	_	_	_	_
pain	O	O	O	O	O	O	_	_	_	_	_	_
blanc	O	O	O	O	O	O	_	_	_	_	_	_
9	O	O	O	O	O	O	_	_	_	_	_	_
A	O	O	O	O	O	O	_	_	_	_	_	_
cruches	O	O	O	O	O	O	_	_	_	_	_	_
la	O	O	O	O	O	O	_	_	_	_	_	_
livre	O	O	O	O	O	O	_	_	_	_	_	_
;	O	O	O	O	O	O	_	_	_	_	_	_
mi	O	O	O	O	O	O	_	_	NoSpaceAfter	_	_	_
-	O	O	O	O	O	O	_	_	NoSpaceAfter	_	_	_
blanc	O	O	O	O	O	O	_	_	EndOfLine	_	_	_
# segment_iiif_link = https://impresso-project.ch/api/proxy/iiif/LNF-1847-02-26-a-p0002/740,1356,197,50/full/0/default.jpg
9	O	O	O	O	O	O	_	_	_	_	_	_
cr	O	O	O	O	O	O	_	_	NoSpaceAfter	_	_	_
.	O	O	O	O	O	O	_	_	_	EndOfSentence	_	_
;	O	O	O	O	O	O	_	_	_	_	_	_
bis	O	O	O	O	O	O	_	_	_	_	_	_
8	O	O	O	O	O	O	_	_	_	_	_	_
Va	O	O	O	O	O	O	_	_	_	_	_	_
cr	O	O	O	O	O	O	_	_	NoSpaceAfter	_	_	_
.	O	O	O	O	O	O	_	_	EndOfLine	EndOfSentence	_	_
# segment_iiif_link = https://impresso-project.ch/api/proxy/iiif/LNF-1847-02-26-a-p0002/767,1375,615,49/full/0/default.jpg
Le	O	O	O	O	O	O	_	_	_	_	_	_
jour	O	O	O	O	O	O	_	_	_	_	_	_
de	O	O	O	O	O	O	_	_	_	_	_	_
la	O	O	O	O	O	O	_	_	_	_	_	_
foire	O	O	O	O	O	O	_	_	NoSpaceAfter	_	_	_
,	O	O	O	O	O	O	_	_	_	_	_	_
il	O	O	O	O	O	O	_	_	_	_	_	_
s	O	O	O	O	O	O	_	_	NoSpaceAfter	_	_	_
'	O	O	O	O	O	O	_	_	NoSpaceAfter	_	_	_
est	O	O	O	O	O	O	_	_	_	_	_	_
vendu	O	O	O	O	O	O	_	_	_	_	_	_
du	O	O	O	O	O	O	_	_	_	_	_	_
froment	O	O	O	O	O	O	_	_	_	_	_	_
à	O	O	O	O	O	O	_	_	_	_	_	_
40,4	O	O	O	O	O	O	_	_	_	_	_	_
2	O	O	O	O	O	O	_	_	_	_	_	_
ot	O	O	O	O	O	O	_	_	_	_	_	_
44	O	O	O	O	O	O	_	_	_	_	_	_
fr	O	O	O	O	O	O	_	_	NoSpaceAfter	_	_	_
.	O	O	O	O	O	O	_	_	EndOfLine	_	_	_
# segment_iiif_link = https://impresso-project.ch/api/proxy/iiif/LNF-1847-02-26-a-p0002/741,1400,65,50/full/0/default.jpg
le	O	O	O	O	O	O	_	_	_	_	_	_
sac	O	O	O	O	O	O	_	_	NoSpaceAfter	_	_	_
.	O	O	O	O	O	O	_	_	EndOfLine	EndOfSentence	_	_
# segment_iiif_link = https://impresso-project.ch/api/proxy/iiif/LNF-1847-02-26-a-p0002/768,1439,617,49/full/0/default.jpg
Avant	O	O	O	O	O	O	_	_	NoSpaceAfter	_	_	_
-	O	O	O	O	O	O	_	_	NoSpaceAfter	_	_	_
hier	O	O	O	O	O	O	_	_	NoSpaceAfter	_	_	_
,	O	O	O	O	O	O	_	_	_	_	_	_
six	O	O	O	O	O	O	_	_	_	_	_	_
ressortissants	O	O	O	O	O	O	_	_	_	_	_	_
de	O	O	O	O	O	O	_	_	_	_	_	_
l	O	O	O	O	O	O	_	_	NoSpaceAfter	_	_	_
'	O	O	O	O	O	O	_	_	NoSpaceAfter	_	_	_
Entlibuch	O	O	O	O	O	O	_	_	_	_	_	_
se	O	O	O	O	O	O	_	_	_	_	_	_
sont	O	O	O	O	O	O	_	_	_	_	_	_
rendus	O	O	O	O	O	O	_	_	_	_	_	_
à	O	O	O	O	O	O	_	_	EndOfLine	_	_	_
# segment_iiif_link = https://impresso-project.ch/api/proxy/iiif/LNF-1847-02-26-a-p0002/741,1465,640,49/full/0/default.jpg
la	O	O	O	O	O	O	_	_	_	_	_	_
foire	O	O	O	O	O	O	_	_	_	_	_	_
de	O	O	O	O	O	O	_	_	_	_	_	_
Morat	O	O	O	O	O	O	_	_	_	_	_	_
pour	O	O	O	O	O	O	_	_	_	_	_	_
acheter	O	O	O	O	O	O	_	_	_	_	_	_
des	O	O	O	O	O	O	_	_	_	_	_	_
chevaux	O	O	O	O	O	O	_	_	_	_	_	_
hors	O	O	O	O	O	O	_	_	_	_	_	_
de	O	O	O	O	O	O	_	_	_	_	_	_
service	O	O	O	O	O	O	_	_	NoSpaceAfter	_	_	_
.	O	O	O	O	O	O	_	_	EndOfLine	EndOfSentence	_	_
# segment_iiif_link = https://impresso-project.ch/api/proxy/iiif/LNF-1847-02-26-a-p0002/741,1490,641,50/full/0/default.jpg
Il	O	O	O	O	O	O	_	_	_	_	_	_
paraît	O	O	O	O	O	O	_	_	_	_	_	_
que	O	O	O	O	O	O	_	_	_	_	_	_
la	O	O	O	O	O	O	_	_	_	_	_	_
misère	O	O	O	O	O	O	_	_	_	_	_	_
est	O	O	O	O	O	O	_	_	_	_	_	_
grande	O	O	O	O	O	O	_	_	_	_	_	_
dans	O	O	O	O	O	O	_	_	_	_	_	_
cette	O	O	O	O	O	O	_	_	_	_	_	_
partie	O	O	O	O	O	O	_	_	_	_	_	_
du	O	O	O	O	O	O	_	_	_	_	_	_
canton	O	O	O	O	O	O	_	_	EndOfLine	_	_	_
# segment_iiif_link = https://impresso-project.ch/api/proxy/iiif/LNF-1847-02-26-a-p0002/741,1516,644,50/full/0/default.jpg
de	O	O	O	O	O	O	_	_	_	_	_	_
Lucerne	O	O	O	O	O	O	_	_	NoSpaceAfter	_	_	_
,	O	O	O	O	O	O	_	_	_	_	_	_
car	O	O	O	O	O	O	_	_	_	_	_	_
ces	O	O	O	O	O	O	_	_	_	_	_	_
chevaux	O	O	O	O	O	O	_	_	_	_	_	_
sont	O	O	O	O	O	O	_	_	_	_	_	_
destinés	O	O	O	O	O	O	_	_	_	_	_	_
à	O	O	O	O	O	O	_	_	_	_	_	_
être	O	O	O	O	O	O	_	_	_	_	_	_
abattus	O	O	O	O	O	O	_	_	_	_	_	_
et	O	O	O	O	O	O	_	_	_	_	_	_
livrés	O	O	O	O	O	O	_	_	EndOfLine	_	_	_
# segment_iiif_link = https://impresso-project.ch/api/proxy/iiif/LNF-1847-02-26-a-p0002/742,1541,198,50/full/0/default.jpg
â	O	O	O	O	O	O	_	_	_	_	_	_
Ja	O	O	O	O	O	O	_	_	_	_	_	_
consommation	O	O	O	O	O	O	_	_	NoSpaceAfter	_	_	_
.	O	O	O	O	O	O	_	_	EndOfLine	EndOfSentence	_	_

# language = fr
# newspaper = LSE
# date = 1939-03-02
# document_id = LSE-1939-03-02-a-i0030
# news-agency-as-source = unk, Q2826560
# segment_iiif_link = https://impresso-project.ch/api/proxy/iiif/LSE-1939-03-02-a-p0004/72,887,426,59/full/0/default.jpg
Vigoureuse	O	O	O	O	O	O	_	_	_	_	_	_
intervention	O	O	O	O	O	O	_	_	_	_	_	_
du	O	O	O	O	O	O	_	_	_	_	_	_
major	O	O	O	O	O	O	_	_	_	_	_	_
Attiee	O	O	O	O	O	O	_	_	EndOfLine	_	_	_
# segment_iiif_link = https://impresso-project.ch/api/proxy/iiif/LSE-1939-03-02-a-p0004/242,930,236,41/full/0/default.jpg
Londres	O	O	O	O	O	O	_	_	NoSpaceAfter	_	_	_
,	O	O	O	O	O	O	_	_	_	_	_	_
1	O	O	O	O	O	O	_	_	_	_	_	_
er	O	O	O	O	O	O	_	_	_	_	_	_
mars	O	O	O	O	O	O	_	_	NoSpaceAfter	_	_	_
.	O	O	O	O	O	O	_	_	_	EndOfSentence	_	_
(	O	O	O	O	O	O	_	_	NoSpaceAfter	_	_	_
Havas	B-org	O	B-org.ent.pressagency.Havas	O	O	O	Q2826560	_	NoSpaceAfter	_	LED0.00	_
.	O	O	O	O	O	O	_	_	NoSpaceAfter	_	_	_
)	O	O	O	O	O	O	_	_	EndOfLine	EndOfSentence	_	_
# segment_iiif_link = https://impresso-project.ch/api/proxy/iiif/LSE-1939-03-02-a-p0004/92,948,406,41/full/0/default.jpg
A	O	O	O	O	O	O	_	_	_	_	_	_
la	O	O	O	O	O	O	_	_	_	_	_	_
Chambre	O	O	O	O	O	O	_	_	_	_	_	_
des	O	O	O	O	O	O	_	_	_	_	_	_
Communes	O	O	O	O	O	O	_	_	NoSpaceAfter	_	_	_
,	O	O	O	O	O	O	_	_	_	_	_	_
Attiee	O	O	O	O	O	O	_	_	NoSpaceAfter	_	_	_
,	O	O	O	O	O	O	_	_	_	_	_	_
tra	O	O	O	O	O	O	_	_	EndOfLine	_	_	_
# segment_iiif_link = https://impresso-project.ch/api/proxy/iiif/LSE-1939-03-02-a-p0004/73,968,424,41/full/0/default.jpg
travailliste	O	O	O	O	O	O	_	_	NoSpaceAfter	_	_	_
,	O	O	O	O	O	O	_	_	_	_	_	_
a	O	O	O	O	O	O	_	_	_	_	_	_
ouvert	O	O	O	O	O	O	_	_	_	_	_	_
le	O	O	O	O	O	O	_	_	_	_	_	_
débat	O	O	O	O	O	O	_	_	_	_	_	_
sur	O	O	O	O	O	O	_	_	_	_	_	_
la	O	O	O	O	O	O	_	_	_	_	_	_
reconnaissance	O	O	O	O	O	O	_	_	EndOfLine	_	_	_
# segment_iiif_link = https://impresso-project.ch/api/proxy/iiif/LSE-1939-03-02-a-p0004/73,987,425,41/full/0/default.jpg
du	O	O	O	O	O	O	_	_	_	_	_	_
général	O	O	O	O	O	O	_	_	_	_	_	_
Franco	O	O	O	O	O	O	_	_	_	_	_	_
en	O	O	O	O	O	O	_	_	_	_	_	_
donnant	O	O	O	O	O	O	_	_	_	_	_	_
connaissance	O	O	O	O	O	O	_	_	_	_	_	_
du	O	O	O	O	O	O	_	_	EndOfLine	_	_	_
# segment_iiif_link = https://impresso-project.ch/api/proxy/iiif/LSE-1939-03-02-a-p0004/73,1006,426,41/full/0/default.jpg
texte	O	O	O	O	O	O	_	_	_	_	_	_
de	O	O	O	O	O	O	_	_	_	_	_	_
la	O	O	O	O	O	O	_	_	_	_	_	_
motion	O	O	O	O	O	O	_	_	_	_	_	_
de	O	O	O	O	O	O	_	_	_	_	_	_
censure	O	O	O	O	O	O	_	_	_	_	_	_
contre	O	O	O	O	O	O	_	_	_	_	_	_
le	O	O	O	O	O	O	_	_	_	_	_	_
gouver	O	O	O	O	O	O	_	_	EndOfLine	_	_	_
# segment_iiif_link = https://impresso-project.ch/api/proxy/iiif/LSE-1939-03-02-a-p0004/70,1025,429,41/full/0/default.jpg
gouvernement	O	O	O	O	O	O	_	_	NoSpaceAfter	_	_	_
.	O	O	O	O	O	O	_	_	_	EndOfSentence	_	_
L	O	O	O	O	O	O	_	_	NoSpaceAfter	_	_	_
’	O	O	O	O	O	O	_	_	NoSpaceAfter	_	_	_
opinion	O	O	O	O	O	O	_	_	_	_	_	_
de	O	O	O	O	O	O	_	_	_	_	_	_
la	O	O	O	O	O	O	_	_	_	_	_	_
Chambre	O	O	O	O	O	O	_	_	NoSpaceAfter	_	_	_
,	O	O	O	O	O	O	_	_	_	_	_	_
dit	O	O	O	O	O	O	_	_	_	_	_	_
cette	O	O	O	O	O	O	_	_	_	_	_	_
mo	O	O	O	O	O	O	_	_	EndOfLine	_	_	_
# segment_iiif_link = https://impresso-project.ch/api/proxy/iiif/LSE-1939-03-02-a-p0004/73,1044,425,41/full/0/default.jpg
motion	O	O	O	O	O	O	_	_	NoSpaceAfter	_	_	_
,	O	O	O	O	O	O	_	_	_	_	_	_
est	O	O	O	O	O	O	_	_	_	_	_	_
que	O	O	O	O	O	O	_	_	_	_	_	_
la	O	O	O	O	O	O	_	_	_	_	_	_
décision	O	O	O	O	O	O	_	_	_	_	_	_
du	O	O	O	O	O	O	_	_	_	_	_	_
gouvernement	O	O	O	O	O	O	_	_	_	_	_	_
de	O	O	O	O	O	O	_	_	_	_	_	_
re	O	O	O	O	O	O	_	_	EndOfLine	_	_	_
# segment_iiif_link = https://impresso-project.ch/api/proxy/iiif/LSE-1939-03-02-a-p0004/73,1063,425,41/full/0/default.jpg
connaître	O	O	O	O	O	O	_	_	_	_	_	_
sans	O	O	O	O	O	O	_	_	_	_	_	_
conditions	O	O	O	O	O	O	_	_	_	_	_	_
les	O	O	O	O	O	O	_	_	_	_	_	_
forces	O	O	O	O	O	O	_	_	_	_	_	_
espagnoles	O	O	O	O	O	O	_	_	EndOfLine	_	_	_
# segment_iiif_link = https://impresso-project.ch/api/proxy/iiif/LSE-1939-03-02-a-p0004/71,1082,427,41/full/0/default.jpg
insurgées	O	O	O	O	O	O	_	_	_	_	_	_
qui	O	O	O	O	O	O	_	_	_	_	_	_
doivent	O	O	O	O	O	O	_	_	_	_	_	_
compter	O	O	O	O	O	O	_	_	_	_	_	_
sur	O	O	O	O	O	O	_	_	_	_	_	_
l	O	O	O	O	O	O	_	_	NoSpaceAfter	_	_	_
’	O	O	O	O	O	O	_	_	NoSpaceAfter	_	_	_
intervention	O	O	O	O	O	O	_	_	EndOfLine	_	_	_
# segment_iiif_link = https://impresso-project.ch/api/proxy/iiif/LSE-1939-03-02-a-p0004/73,1101,425,41/full/0/default.jpg
étrangère	O	O	O	O	O	O	_	_	NoSpaceAfter	_	_	_
,	O	O	O	O	O	O	_	_	_	_	_	_
constitue	O	O	O	O	O	O	_	_	_	_	_	_
un	O	O	O	O	O	O	_	_	_	_	_	_
affront	O	O	O	O	O	O	_	_	_	_	_	_
délibéré	O	O	O	O	O	O	_	_	_	_	_	_
envers	O	O	O	O	O	O	_	_	EndOfLine	_	_	_
# segment_iiif_link = https://impresso-project.ch/api/proxy/iiif/LSE-1939-03-02-a-p0004/73,1120,426,41/full/0/default.jpg
le	O	O	O	O	O	O	_	_	_	_	_	_
gouvernement	O	O	O	O	O	O	_	_	_	_	_	_
légitime	O	O	O	O	O	O	_	_	_	_	_	_
d	O	O	O	O	O	O	_	_	NoSpaceAfter	_	_	_
’	O	O	O	O	O	O	_	_	NoSpaceAfter	_	_	_
un	O	O	O	O	O	O	_	_	_	_	_	_
pays	O	O	O	O	O	O	_	_	_	_	_	_
ami	O	O	O	O	O	O	_	_	NoSpaceAfter	_	_	_
,	O	O	O	O	O	O	_	_	_	_	_	_
une	O	O	O	O	O	O	_	_	_	_	_	_
vio	O	O	O	O	O	O	_	_	EndOfLine	_	_	_
# segment_iiif_link = https://impresso-project.ch/api/proxy/iiif/LSE-1939-03-02-a-p0004/73,1139,425,41/full/0/default.jpg
violation	O	O	O	O	O	O	_	_	_	_	_	_
grossière	O	O	O	O	O	O	_	_	_	_	_	_
des	O	O	O	O	O	O	_	_	_	_	_	_
traditions	O	O	O	O	O	O	_	_	_	_	_	_
internationales	O	O	O	O	O	O	_	_	_	_	_	_
et	O	O	O	O	O	O	_	_	EndOfLine	_	_	_
# segment_iiif_link = https://impresso-project.ch/api/proxy/iiif/LSE-1939-03-02-a-p0004/73,1158,426,41/full/0/default.jpg
marque	O	O	O	O	O	O	_	_	_	_	_	_
une	O	O	O	O	O	O	_	_	_	_	_	_
nouvelle	O	O	O	O	O	O	_	_	_	_	_	_
étape	O	O	O	O	O	O	_	_	_	_	_	_
d	O	O	O	O	O	O	_	_	NoSpaceAfter	_	_	_
’	O	O	O	O	O	O	_	_	NoSpaceAfter	_	_	_
une	O	O	O	O	O	O	_	_	_	_	_	_
politique	O	O	O	O	O	O	_	_	_	_	_	_
dé	O	O	O	O	O	O	_	_	EndOfLine	_	_	_
# segment_iiif_link = https://impresso-project.ch/api/proxy/iiif/LSE-1939-03-02-a-p0004/73,1177,425,41/full/0/default.jpg
détruisant	O	O	O	O	O	O	_	_	_	_	_	_
progressivement	O	O	O	O	O	O	_	_	_	_	_	_
la	O	O	O	O	O	O	_	_	_	_	_	_
confiance	O	O	O	O	O	O	_	_	_	_	_	_
de	O	O	O	O	O	O	_	_	_	_	_	_
tous	O	O	O	O	O	O	_	_	EndOfLine	_	_	_
# segment_iiif_link = https://impresso-project.ch/api/proxy/iiif/LSE-1939-03-02-a-p0004/73,1196,425,41/full/0/default.jpg
les	O	O	O	O	O	O	_	_	_	_	_	_
pays	O	O	O	O	O	O	_	_	_	_	_	_
démocratiques	O	O	O	O	O	O	_	_	_	_	_	_
dans	O	O	O	O	O	O	_	_	_	_	_	_
la	O	O	O	O	O	O	_	_	_	_	_	_
bonne	O	O	O	O	O	O	_	_	_	_	_	_
foi	O	O	O	O	O	O	_	_	_	_	_	_
de	O	O	O	O	O	O	_	_	_	_	_	_
la	O	O	O	O	O	O	_	_	EndOfLine	_	_	_
# segment_iiif_link = https://impresso-project.ch/api/proxy/iiif/LSE-1939-03-02-a-p0004/73,1215,150,41/full/0/default.jpg
Grande	O	O	O	O	O	O	_	_	NoSpaceAfter	_	_	_
-	O	O	O	O	O	O	_	_	NoSpaceAfter	_	_	_
Bretagne	O	O	O	O	O	O	_	_	NoSpaceAfter	_	_	_
,	O	O	O	O	O	O	_	_	EndOfLine	_	_	_
# segment_iiif_link = https://impresso-project.ch/api/proxy/iiif/LSE-1939-03-02-a-p0004/92,1234,406,41/full/0/default.jpg
Attiee	O	O	O	O	O	O	_	_	_	_	_	_
demande	O	O	O	O	O	O	_	_	_	_	_	_
ensuite	O	O	O	O	O	O	_	_	_	_	_	_
pourquoi	O	O	O	O	O	O	_	_	_	_	_	_
le	O	O	O	O	O	O	_	_	_	_	_	_
gouver	O	O	O	O	O	O	_	_	EndOfLine	_	_	_
# segment_iiif_link = https://impresso-project.ch/api/proxy/iiif/LSE-1939-03-02-a-p0004/73,1253,425,41/full/0/default.jpg
gouvernement	O	O	O	O	O	O	_	_	_	_	_	_
reconnaît	O	O	O	O	O	O	_	_	_	_	_	_
«	O	O	O	O	O	O	_	_	_	_	_	_
de	O	O	O	O	O	O	_	_	_	_	_	_
Jure	O	O	O	O	O	O	_	_	_	_	_	_
»	O	O	O	O	O	O	_	_	_	_	_	_
le	O	O	O	O	O	O	_	_	_	_	_	_
gouvernement	O	O	O	O	O	O	_	_	EndOfLine	_	_	_
# segment_iiif_link = https://impresso-project.ch/api/proxy/iiif/LSE-1939-03-02-a-p0004/73,1272,425,41/full/0/default.jpg
Franco	O	O	O	O	O	O	_	_	_	_	_	_
auquel	O	O	O	O	O	O	_	_	_	_	_	_
il	O	O	O	O	O	O	_	_	_	_	_	_
refusa	O	O	O	O	O	O	_	_	_	_	_	_
la	O	O	O	O	O	O	_	_	_	_	_	_
belligérance	O	O	O	O	O	O	_	_	NoSpaceAfter	_	_	_
.	O	O	O	O	O	O	_	_	_	EndOfSentence	_	_
Il	O	O	O	O	O	O	_	_	_	_	_	_
dresse	O	O	O	O	O	O	_	_	EndOfLine	_	_	_
# segment_iiif_link = https://impresso-project.ch/api/proxy/iiif/LSE-1939-03-02-a-p0004/72,1291,427,41/full/0/default.jpg
un	O	O	O	O	O	O	_	_	_	_	_	_
parallèle	O	O	O	O	O	O	_	_	_	_	_	_
entre	O	O	O	O	O	O	_	_	_	_	_	_
le	O	O	O	O	O	O	_	_	_	_	_	_
gouvernement	O	O	O	O	O	O	_	_	_	_	_	_
nationaliste	O	O	O	O	O	O	_	_	_	_	_	_
et	O	O	O	O	O	O	_	_	EndOfLine	_	_	_
# segment_iiif_link = https://impresso-project.ch/api/proxy/iiif/LSE-1939-03-02-a-p0004/73,1310,426,41/full/0/default.jpg
le	O	O	O	O	O	O	_	_	_	_	_	_
gouvernement	O	O	O	O	O	O	_	_	_	_	_	_
républicain	O	O	O	O	O	O	_	_	_	_	_	_
qui	O	O	O	O	O	O	_	_	_	_	_	_
observa	O	O	O	O	O	O	_	_	_	_	_	_
tou	O	O	O	O	O	O	_	_	EndOfLine	_	_	_
# segment_iiif_link = https://impresso-project.ch/api/proxy/iiif/LSE-1939-03-02-a-p0004/73,1329,425,41/full/0/default.jpg
toujours	O	O	O	O	O	O	_	_	_	_	_	_
le	O	O	O	O	O	O	_	_	_	_	_	_
droit	O	O	O	O	O	O	_	_	_	_	_	_
international	O	O	O	O	O	O	_	_	NoSpaceAfter	_	_	_
,	O	O	O	O	O	O	_	_	_	_	_	_
paya	O	O	O	O	O	O	_	_	_	_	_	_
ses	O	O	O	O	O	O	_	_	_	_	_	_
dettes	O	O	O	O	O	O	_	_	_	_	_	_
et	O	O	O	O	O	O	_	_	EndOfLine	_	_	_
# segment_iiif_link = https://impresso-project.ch/api/proxy/iiif/LSE-1939-03-02-a-p0004/73,1348,425,41/full/0/default.jpg
évacua	O	O	O	O	O	O	_	_	_	_	_	_
les	O	O	O	O	O	O	_	_	_	_	_	_
volontaires	O	O	O	O	O	O	_	_	_	_	_	_
étrangers	O	O	O	O	O	O	_	_	NoSpaceAfter	_	_	_
.	O	O	O	O	O	O	_	_	_	EndOfSentence	_	_
Il	O	O	O	O	O	O	_	_	_	_	_	_
apparaît	O	O	O	O	O	O	_	_	_	_	_	_
que	O	O	O	O	O	O	_	_	EndOfLine	_	_	_
# segment_iiif_link = https://impresso-project.ch/api/proxy/iiif/LSE-1939-03-02-a-p0004/73,1367,426,41/full/0/default.jpg
le	O	O	O	O	O	O	_	_	_	_	_	_
premier	O	O	O	O	O	O	_	_	_	_	_	_
ministre	O	O	O	O	O	O	_	_	_	_	_	_
reconnaîtra	O	O	O	O	O	O	_	_	_	_	_	_
toujours	O	O	O	O	O	O	_	_	_	_	_	_
un	O	O	O	O	O	O	_	_	_	_	_	_
gou	O	O	O	O	O	O	_	_	EndOfLine	_	_	_
# segment_iiif_link = https://impresso-project.ch/api/proxy/iiif/LSE-1939-03-02-a-p0004/74,1387,424,41/full/0/default.jpg
gouvernement	O	O	O	O	O	O	_	_	_	_	_	_
qui	O	O	O	O	O	O	_	_	_	_	_	_
viole	O	O	O	O	O	O	_	_	_	_	_	_
le	O	O	O	O	O	O	_	_	_	_	_	_
droit	O	O	O	O	O	O	_	_	_	_	_	_
international	O	O	O	O	O	O	_	_	_	_	_	_
et	O	O	O	O	O	O	_	_	EndOfLine	_	_	_
# segment_iiif_link = https://impresso-project.ch/api/proxy/iiif/LSE-1939-03-02-a-p0004/73,1405,426,41/full/0/default.jpg
toutes	O	O	O	O	O	O	_	_	_	_	_	_
les	O	O	O	O	O	O	_	_	_	_	_	_
lois	O	O	O	O	O	O	_	_	_	_	_	_
humaines	O	O	O	O	O	O	_	_	NoSpaceAfter	_	_	_
.	O	O	O	O	O	O	_	_	_	EndOfSentence	_	_
Le	O	O	O	O	O	O	_	_	_	_	_	_
premier	O	O	O	O	O	O	_	_	_	_	_	_
ministre	O	O	O	O	O	O	_	_	EndOfLine	_	_	_
# segment_iiif_link = https://impresso-project.ch/api/proxy/iiif/LSE-1939-03-02-a-p0004/73,1424,425,41/full/0/default.jpg
poignarde	O	O	O	O	O	O	_	_	_	_	_	_
dans	O	O	O	O	O	O	_	_	_	_	_	_
le	O	O	O	O	O	O	_	_	_	_	_	_
dos	O	O	O	O	O	O	_	_	_	_	_	_
les	O	O	O	O	O	O	_	_	_	_	_	_
défenseurs	O	O	O	O	O	O	_	_	_	_	_	_
héroïques	O	O	O	O	O	O	_	_	EndOfLine	_	_	_
# segment_iiif_link = https://impresso-project.ch/api/proxy/iiif/LSE-1939-03-02-a-p0004/73,1443,426,41/full/0/default.jpg
de	O	O	O	O	O	O	_	_	_	_	_	_
la	O	O	O	O	O	O	_	_	_	_	_	_
démocratie	O	O	O	O	O	O	_	_	NoSpaceAfter	_	_	_
.	O	O	O	O	O	O	_	_	_	EndOfSentence	_	_
Dans	O	O	O	O	O	O	_	_	_	_	_	_
les	O	O	O	O	O	O	_	_	_	_	_	_
dominions	O	O	O	O	O	O	_	_	_	_	_	_
et	O	O	O	O	O	O	_	_	_	_	_	_
dans	O	O	O	O	O	O	_	_	EndOfLine	_	_	_
# segment_iiif_link = https://impresso-project.ch/api/proxy/iiif/LSE-1939-03-02-a-p0004/73,1462,426,41/full/0/default.jpg
les	O	O	O	O	O	O	_	_	_	_	_	_
Etats	O	O	O	O	O	O	_	_	NoSpaceAfter	_	_	_
-	O	O	O	O	O	O	_	_	NoSpaceAfter	_	_	_
Unis	O	O	O	O	O	O	_	_	_	_	_	_
et	O	O	O	O	O	O	_	_	_	_	_	_
dans	O	O	O	O	O	O	_	_	_	_	_	_
toutes	O	O	O	O	O	O	_	_	_	_	_	_
les	O	O	O	O	O	O	_	_	_	_	_	_
démocraties	O	O	O	O	O	O	_	_	EndOfLine	_	_	_
# segment_iiif_link = https://impresso-project.ch/api/proxy/iiif/LSE-1939-03-02-a-p0004/73,1481,426,41/full/0/default.jpg
du	O	O	O	O	O	O	_	_	_	_	_	_
monde	O	O	O	O	O	O	_	_	NoSpaceAfter	_	_	_
,	O	O	O	O	O	O	_	_	_	_	_	_
on	O	O	O	O	O	O	_	_	_	_	_	_
éprouve	O	O	O	O	O	O	_	_	_	_	_	_
une	O	O	O	O	O	O	_	_	_	_	_	_
grande	O	O	O	O	O	O	_	_	_	_	_	_
méfiance	O	O	O	O	O	O	_	_	_	_	_	_
à	O	O	O	O	O	O	_	_	EndOfLine	_	_	_
# segment_iiif_link = https://impresso-project.ch/api/proxy/iiif/LSE-1939-03-02-a-p0004/73,1500,426,41/full/0/default.jpg
l	O	O	O	O	O	O	_	_	NoSpaceAfter	_	_	_
'	O	O	O	O	O	O	_	_	NoSpaceAfter	_	_	_
égard	O	O	O	O	O	O	_	_	_	_	_	_
d	O	O	O	O	O	O	_	_	NoSpaceAfter	_	_	_
’	O	O	O	O	O	O	_	_	NoSpaceAfter	_	_	_
un	O	O	O	O	O	O	_	_	_	_	_	_
gouvernement	O	O	O	O	O	O	_	_	_	_	_	_
qui	O	O	O	O	O	O	_	_	_	_	_	_
refuse	O	O	O	O	O	O	_	_	_	_	_	_
de	O	O	O	O	O	O	_	_	_	_	_	_
main	O	O	O	O	O	O	_	_	EndOfLine	_	_	_
# segment_iiif_link = https://impresso-project.ch/api/proxy/iiif/LSE-1939-03-02-a-p0004/72,1519,350,41/full/0/default.jpg
maintenir	O	O	O	O	O	O	_	_	_	_	_	_
les	O	O	O	O	O	O	_	_	_	_	_	_
vieilles	O	O	O	O	O	O	_	_	_	_	_	_
traditions	O	O	O	O	O	O	_	_	_	_	_	_
de	O	O	O	O	O	O	_	_	_	_	_	_
ce	O	O	O	O	O	O	_	_	_	_	_	_
pays	O	O	O	O	O	O	_	_	NoSpaceAfter	_	_	_
.	O	O	O	O	O	O	_	_	EndOfLine	EndOfSentence	_	_
# segment_iiif_link = https://impresso-project.ch/api/proxy/iiif/LSE-1939-03-02-a-p0004/119,1551,333,41/full/0/default.jpg
LES	O	O	O	O	O	O	_	_	_	_	_	_
RAISONS	O	O	O	O	O	O	_	_	_	_	_	_
DE	O	O	O	O	O	O	_	_	_	_	_	_
CHAMBERLAIN	O	O	O	O	O	O	_	_	EndOfLine	_	_	_
# segment_iiif_link = https://impresso-project.ch/api/proxy/iiif/LSE-1939-03-02-a-p0004/92,1574,407,41/full/0/default.jpg
Répondant	O	O	O	O	O	O	_	_	_	_	_	_
à	O	O	O	O	O	O	_	_	_	_	_	_
l	O	O	O	O	O	O	_	_	NoSpaceAfter	_	_	_
'	O	O	O	O	O	O	_	_	NoSpaceAfter	_	_	_
interpellation	O	O	O	O	O	O	_	_	_	_	_	_
de	O	O	O	O	O	O	_	_	_	_	_	_
M	O	O	O	O	O	O	_	_	NoSpaceAfter	_	_	_
.	O	O	O	O	O	O	_	_	_	_	_	_
Attiee	O	O	O	O	O	O	_	_	NoSpaceAfter	_	_	_
,	O	O	O	O	O	O	_	_	_	_	_	_
M	O	O	O	O	O	O	_	_	NoSpaceAfter	_	_	_
.	O	O	O	O	O	O	_	_	EndOfLine	_	_	_
# segment_iiif_link = https://impresso-project.ch/api/proxy/iiif/LSE-1939-03-02-a-p0004/74,1593,424,41/full/0/default.jpg
Chamberlain	O	O	O	O	O	O	_	_	_	_	_	_
a	O	O	O	O	O	O	_	_	_	_	_	_
déclaré	O	O	O	O	O	O	_	_	_	_	_	_
que	O	O	O	O	O	O	_	_	_	_	_	_
si	O	O	O	O	O	O	_	_	_	_	_	_
le	O	O	O	O	O	O	_	_	_	_	_	_
gouvernement	O	O	O	O	O	O	_	_	EndOfLine	_	_	_
# segment_iiif_link = https://impresso-project.ch/api/proxy/iiif/LSE-1939-03-02-a-p0004/74,1612,423,41/full/0/default.jpg
anglais	O	O	O	O	O	O	_	_	_	_	_	_
n	O	O	O	O	O	O	_	_	NoSpaceAfter	_	_	_
'	O	O	O	O	O	O	_	_	NoSpaceAfter	_	_	_
avait	O	O	O	O	O	O	_	_	_	_	_	_
pas	O	O	O	O	O	O	_	_	_	_	_	_
reconnu	O	O	O	O	O	O	_	_	_	_	_	_
Franco	O	O	O	O	O	O	_	_	NoSpaceAfter	_	_	_
,	O	O	O	O	O	O	_	_	_	_	_	_
son	O	O	O	O	O	O	_	_	_	_	_	_
attitude	O	O	O	O	O	O	_	_	EndOfLine	_	_	_
# segment_iiif_link = https://impresso-project.ch/api/proxy/iiif/LSE-1939-03-02-a-p0004/73,1631,425,41/full/0/default.jpg
n	O	O	O	O	O	O	_	_	NoSpaceAfter	_	_	_
'	O	O	O	O	O	O	_	_	NoSpaceAfter	_	_	_
aurait	O	O	O	O	O	O	_	_	_	_	_	_
pas	O	O	O	O	O	O	_	_	_	_	_	_
aidé	O	O	O	O	O	O	_	_	_	_	_	_
le	O	O	O	O	O	O	_	_	_	_	_	_
gouvernement	O	O	O	O	O	O	_	_	_	_	_	_
républicain	O	O	O	O	O	O	_	_	EndOfLine	_	_	_
# segment_iiif_link = https://impresso-project.ch/api/proxy/iiif/LSE-1939-03-02-a-p0004/74,1650,424,41/full/0/default.jpg
ni	O	O	O	O	O	O	_	_	_	_	_	_
le	O	O	O	O	O	O	_	_	_	_	_	_
peuple	O	O	O	O	O	O	_	_	_	_	_	_
de	O	O	O	O	O	O	_	_	_	_	_	_
Madrid	O	O	O	O	O	O	_	_	NoSpaceAfter	_	_	_
.	O	O	O	O	O	O	_	_	_	EndOfSentence	_	_
Cela	O	O	O	O	O	O	_	_	_	_	_	_
aurait	O	O	O	O	O	O	_	_	_	_	_	_
rendu	O	O	O	O	O	O	_	_	_	_	_	_
plus	O	O	O	O	O	O	_	_	EndOfLine	_	_	_
# segment_iiif_link = https://impresso-project.ch/api/proxy/iiif/LSE-1939-03-02-a-p0004/74,1669,426,41/full/0/default.jpg
difficiles	O	O	O	O	O	O	_	_	_	_	_	_
nos	O	O	O	O	O	O	_	_	_	_	_	_
rapports	O	O	O	O	O	O	_	_	_	_	_	_
avec	O	O	O	O	O	O	_	_	_	_	_	_
le	O	O	O	O	O	O	_	_	_	_	_	_
nouveau	O	O	O	O	O	O	_	_	_	_	_	_
gouver	O	O	O	O	O	O	_	_	EndOfLine	_	_	_
# segment_iiif_link = https://impresso-project.ch/api/proxy/iiif/LSE-1939-03-02-a-p0004/74,1688,424,41/full/0/default.jpg
gouvernement	O	O	O	O	O	O	_	_	_	_	_	_
et	O	O	O	O	O	O	_	_	_	_	_	_
détruit	O	O	O	O	O	O	_	_	_	_	_	_
toute	O	O	O	O	O	O	_	_	_	_	_	_
possibilité	O	O	O	O	O	O	_	_	_	_	_	_
d	O	O	O	O	O	O	_	_	NoSpaceAfter	_	_	_
'	O	O	O	O	O	O	_	_	NoSpaceAfter	_	_	_
influence	O	O	O	O	O	O	_	_	EndOfLine	_	_	_
# segment_iiif_link = https://impresso-project.ch/api/proxy/iiif/LSE-1939-03-02-a-p0004/74,1707,426,41/full/0/default.jpg
que	O	O	O	O	O	O	_	_	_	_	_	_
nous	O	O	O	O	O	O	_	_	_	_	_	_
pouvons	O	O	O	O	O	O	_	_	_	_	_	_
espérer	O	O	O	O	O	O	_	_	_	_	_	_
avoir	O	O	O	O	O	O	_	_	_	_	_	_
sur	O	O	O	O	O	O	_	_	_	_	_	_
lui	O	O	O	O	O	O	_	_	NoSpaceAfter	_	_	_
.	O	O	O	O	O	O	_	_	_	EndOfSentence	_	_
Ce	O	O	O	O	O	O	_	_	_	_	_	_
qu	O	O	O	O	O	O	_	_	NoSpaceAfter	_	_	_
’	O	O	O	O	O	O	_	_	NoSpaceAfter	_	_	_
il	O	O	O	O	O	O	_	_	EndOfLine	_	_	_
# segment_iiif_link = https://impresso-project.ch/api/proxy/iiif/LSE-1939-03-02-a-p0004/74,1726,425,41/full/0/default.jpg
faut	O	O	O	O	O	O	_	_	NoSpaceAfter	_	_	_
,	O	O	O	O	O	O	_	_	_	_	_	_
maintenant	O	O	O	O	O	O	_	_	NoSpaceAfter	_	_	_
,	O	O	O	O	O	O	_	_	_	_	_	_
c	O	O	O	O	O	O	_	_	NoSpaceAfter	_	_	_
’	O	O	O	O	O	O	_	_	NoSpaceAfter	_	_	_
est	O	O	O	O	O	O	_	_	_	_	_	_
la	O	O	O	O	O	O	_	_	_	_	_	_
cessation	O	O	O	O	O	O	_	_	_	_	_	_
des	O	O	O	O	O	O	_	_	_	_	_	_
hostilités	O	O	O	O	O	O	_	_	NoSpaceAfter	_	_	_
.	O	O	O	O	O	O	_	_	EndOfLine	EndOfSentence	_	_
# segment_iiif_link = https://impresso-project.ch/api/proxy/iiif/LSE-1939-03-02-a-p0004/74,1745,425,41/full/0/default.jpg
L	O	O	O	O	O	O	_	_	NoSpaceAfter	_	_	_
’	O	O	O	O	O	O	_	_	NoSpaceAfter	_	_	_
Angleterre	O	O	O	O	O	O	_	_	_	_	_	_
fera	O	O	O	O	O	O	_	_	_	_	_	_
tout	O	O	O	O	O	O	_	_	_	_	_	_
ce	O	O	O	O	O	O	_	_	_	_	_	_
qu	O	O	O	O	O	O	_	_	NoSpaceAfter	_	_	_
'	O	O	O	O	O	O	_	_	NoSpaceAfter	_	_	_
il	O	O	O	O	O	O	_	_	_	_	_	_
est	O	O	O	O	O	O	_	_	_	_	_	_
possible	O	O	O	O	O	O	_	_	_	_	_	_
dans	O	O	O	O	O	O	_	_	EndOfLine	_	_	_
# segment_iiif_link = https://impresso-project.ch/api/proxy/iiif/LSE-1939-03-02-a-p0004/74,1764,425,41/full/0/default.jpg
ce	O	O	O	O	O	O	_	_	_	_	_	_
sens	O	O	O	O	O	O	_	_	NoSpaceAfter	_	_	_
,	O	O	O	O	O	O	_	_	_	_	_	_
espérant	O	O	O	O	O	O	_	_	_	_	_	_
qu	O	O	O	O	O	O	_	_	NoSpaceAfter	_	_	_
'	O	O	O	O	O	O	_	_	NoSpaceAfter	_	_	_
un	O	O	O	O	O	O	_	_	_	_	_	_
armistice	O	O	O	O	O	O	_	_	_	_	_	_
ne	O	O	O	O	O	O	_	_	_	_	_	_
sera	O	O	O	O	O	O	_	_	_	_	_	_
pas	O	O	O	O	O	O	_	_	EndOfLine	_	_	_
# segment_iiif_link = https://impresso-project.ch/api/proxy/iiif/LSE-1939-03-02-a-p0004/74,1783,151,41/full/0/default.jpg
long	O	O	O	O	O	O	_	_	_	_	_	_
à	O	O	O	O	O	O	_	_	_	_	_	_
intervenir	O	O	O	O	O	O	_	_	NoSpaceAfter	_	_	_
.	O	O	O	O	O	O	_	_	EndOfLine	EndOfSentence	_	_
# segment_iiif_link = https://impresso-project.ch/api/proxy/iiif/LSE-1939-03-02-a-p0004/113,1815,347,41/full/0/default.jpg
Elles	O	O	O	O	O	O	_	_	_	_	_	_
n	O	O	O	O	O	O	_	_	NoSpaceAfter	_	_	_
’	O	O	O	O	O	O	_	_	NoSpaceAfter	_	_	_
impressionnent	O	O	O	O	O	O	_	_	_	_	_	_
pas	O	O	O	O	O	O	_	_	_	_	_	_
la	O	O	O	O	O	O	_	_	_	_	_	_
Chambre	O	O	O	O	O	O	_	_	EndOfLine	_	_	_
# segment_iiif_link = https://impresso-project.ch/api/proxy/iiif/LSE-1939-03-02-a-p0004/93,1838,407,41/full/0/default.jpg
Sir	O	O	O	O	O	O	_	_	_	_	_	_
Archibald	O	O	O	O	O	O	_	_	_	_	_	_
Sinclair	O	O	O	O	O	O	_	_	NoSpaceAfter	_	_	_
,	O	O	O	O	O	O	_	_	_	_	_	_
chef	O	O	O	O	O	O	_	_	_	_	_	_
de	O	O	O	O	O	O	_	_	_	_	_	_
l	O	O	O	O	O	O	_	_	NoSpaceAfter	_	_	_
'	O	O	O	O	O	O	_	_	NoSpaceAfter	_	_	_
opposition	O	O	O	O	O	O	_	_	_	_	_	_
li	O	O	O	O	O	O	_	_	EndOfLine	_	_	_
# segment_iiif_link = https://impresso-project.ch/api/proxy/iiif/LSE-1939-03-02-a-p0004/74,1856,426,41/full/0/default.jpg
bérale	O	O	O	O	O	O	_	_	NoSpaceAfter	_	_	_
,	O	O	O	O	O	O	_	_	_	_	_	_
déclare	O	O	O	O	O	O	_	_	_	_	_	_
que	O	O	O	O	O	O	_	_	_	_	_	_
le	O	O	O	O	O	O	_	_	_	_	_	_
discours	O	O	O	O	O	O	_	_	_	_	_	_
de	O	O	O	O	O	O	_	_	_	_	_	_
M	O	O	O	O	O	O	_	_	NoSpaceAfter	_	_	_
.	O	O	O	O	O	O	_	_	_	_	_	_
Chamber	O	O	O	O	O	O	_	_	EndOfLine	_	_	_
# segment_iiif_link = https://impresso-project.ch/api/proxy/iiif/LSE-1939-03-02-a-p0004/75,1876,424,41/full/0/default.jpg
Chamberlain	O	O	O	O	O	O	_	_	_	_	_	_
n	O	O	O	O	O	O	_	_	NoSpaceAfter	_	_	_
'	O	O	O	O	O	O	_	_	NoSpaceAfter	_	_	_
a	O	O	O	O	O	O	_	_	_	_	_	_
aucunement	O	O	O	O	O	O	_	_	_	_	_	_
impressionné	O	O	O	O	O	O	_	_	_	_	_	_
la	O	O	O	O	O	O	_	_	_	_	_	_
Chambre	O	O	O	O	O	O	_	_	NoSpaceAfter	_	_	_
.	O	O	O	O	O	O	_	_	EndOfLine	EndOfSentence	_	_
# segment_iiif_link = https://impresso-project.ch/api/proxy/iiif/LSE-1939-03-02-a-p0004/74,1894,425,41/full/0/default.jpg
Il	O	O	O	O	O	O	_	_	_	_	_	_
a	O	O	O	O	O	O	_	_	_	_	_	_
accusé	O	O	O	O	O	O	_	_	_	_	_	_
le	O	O	O	O	O	O	_	_	_	_	_	_
gouvernement	O	O	O	O	O	O	_	_	_	_	_	_
de	O	O	O	O	O	O	_	_	_	_	_	_
pratiquer	O	O	O	O	O	O	_	_	_	_	_	_
une	O	O	O	O	O	O	_	_	EndOfLine	_	_	_
# segment_iiif_link = https://impresso-project.ch/api/proxy/iiif/LSE-1939-03-02-a-p0004/74,1913,426,41/full/0/default.jpg
politique	O	O	O	O	O	O	_	_	_	_	_	_
de	O	O	O	O	O	O	_	_	_	_	_	_
banqueroute	O	O	O	O	O	O	_	_	_	_	_	_
et	O	O	O	O	O	O	_	_	_	_	_	_
de	O	O	O	O	O	O	_	_	_	_	_	_
suicide	O	O	O	O	O	O	_	_	NoSpaceAfter	_	_	_
.	O	O	O	O	O	O	_	_	_	EndOfSentence	_	_
«	O	O	O	O	O	O	_	_	_	_	_	_
La	O	O	O	O	O	O	_	_	_	_	_	_
re	O	O	O	O	O	O	_	_	EndOfLine	_	_	_
# segment_iiif_link = https://impresso-project.ch/api/proxy/iiif/LSE-1939-03-02-a-p0004/74,1932,427,41/full/0/default.jpg
reconnaissance	O	O	O	O	O	O	_	_	_	_	_	_
de	O	O	O	O	O	O	_	_	_	_	_	_
Franco	O	O	O	O	O	O	_	_	_	_	_	_
est	O	O	O	O	O	O	_	_	_	_	_	_
une	O	O	O	O	O	O	_	_	_	_	_	_
nouvelle	O	O	O	O	O	O	_	_	_	_	_	_
humi	O	O	O	O	O	O	_	_	EndOfLine	_	_	_
# segment_iiif_link = https://impresso-project.ch/api/proxy/iiif/LSE-1939-03-02-a-p0004/74,1951,424,41/full/0/default.jpg
humiliation	O	O	O	O	O	O	_	_	_	_	_	_
pour	O	O	O	O	O	O	_	_	_	_	_	_
l	O	O	O	O	O	O	_	_	NoSpaceAfter	_	_	_
'	O	O	O	O	O	O	_	_	NoSpaceAfter	_	_	_
Angleterre	O	O	O	O	O	O	_	_	_	_	_	_
et	O	O	O	O	O	O	_	_	_	_	_	_
un	O	O	O	O	O	O	_	_	_	_	_	_
autre	O	O	O	O	O	O	_	_	_	_	_	_
triomphe	O	O	O	O	O	O	_	_	EndOfLine	_	_	_
# segment_iiif_link = https://impresso-project.ch/api/proxy/iiif/LSE-1939-03-02-a-p0004/75,1970,405,41/full/0/default.jpg
des	O	O	O	O	O	O	_	_	_	_	_	_
dictatures	O	O	O	O	O	O	_	_	_	_	_	_
sur	O	O	O	O	O	O	_	_	_	_	_	_
la	O	O	O	O	O	O	_	_	_	_	_	_
démocratie	O	O	O	O	O	O	_	_	_	_	_	_
»	O	O	O	O	O	O	_	_	NoSpaceAfter	_	_	_
,	O	O	O	O	O	O	_	_	_	_	_	_
conclut	O	O	O	O	O	O	_	_	NoSpaceAfter	_	_	_
-	O	O	O	O	O	O	_	_	NoSpaceAfter	_	_	_
il	O	O	O	O	O	O	_	_	NoSpaceAfter	_	_	_
.	O	O	O	O	O	O	_	_	EndOfLine	EndOfSentence	_	_
# segment_iiif_link = https://impresso-project.ch/api/proxy/iiif/LSE-1939-03-02-a-p0004/122,1997,328,41/full/0/default.jpg
La	O	O	O	O	O	O	_	_	_	_	_	_
motion	O	O	O	O	O	O	_	_	_	_	_	_
de	O	O	O	O	O	O	_	_	_	_	_	_
censure	O	O	O	O	O	O	_	_	_	_	_	_
est	O	O	O	O	O	O	_	_	_	_	_	_
repoussée	O	O	O	O	O	O	_	_	EndOfLine	_	_	_
# segment_iiif_link = https://impresso-project.ch/api/proxy/iiif/LSE-1939-03-02-a-p0004/94,2020,406,41/full/0/default.jpg
La	O	O	O	O	O	O	_	_	_	_	_	_
Chambre	O	O	O	O	O	O	_	_	_	_	_	_
des	O	O	O	O	O	O	_	_	_	_	_	_
Communes	O	O	O	O	O	O	_	_	_	_	_	_
a	O	O	O	O	O	O	_	_	_	_	_	_
rejeté	O	O	O	O	O	O	_	_	_	_	_	_
par	O	O	O	O	O	O	_	_	_	_	_	_
344	O	O	O	O	O	O	_	_	EndOfLine	_	_	_
# segment_iiif_link = https://impresso-project.ch/api/proxy/iiif/LSE-1939-03-02-a-p0004/75,2039,424,41/full/0/default.jpg
voix	O	O	O	O	O	O	_	_	_	_	_	_
contre	O	O	O	O	O	O	_	_	_	_	_	_
137	O	O	O	O	O	O	_	_	_	_	_	_
la	O	O	O	O	O	O	_	_	_	_	_	_
motion	O	O	O	O	O	O	_	_	_	_	_	_
de	O	O	O	O	O	O	_	_	_	_	_	_
censure	O	O	O	O	O	O	_	_	_	_	_	_
proposée	O	O	O	O	O	O	_	_	EndOfLine	_	_	_
# segment_iiif_link = https://impresso-project.ch/api/proxy/iiif/LSE-1939-03-02-a-p0004/75,2059,241,41/full/0/default.jpg
par	O	O	O	O	O	O	_	_	_	_	_	_
l	O	O	O	O	O	O	_	_	NoSpaceAfter	_	_	_
’	O	O	O	O	O	O	_	_	NoSpaceAfter	_	_	_
opposition	O	O	O	O	O	O	_	_	_	_	_	_
travailliste	O	O	O	O	O	O	_	_	NoSpaceAfter	_	_	_
.	O	O	O	O	O	O	_	_	EndOfLine	EndOfSentence	_	_
# segment_iiif_link = https://impresso-project.ch/api/proxy/iiif/LSE-1939-03-02-a-p0004/210,2085,154,41/full/0/default.jpg
Les	O	O	O	O	O	O	_	_	_	_	_	_
commentaires	O	O	O	O	O	O	_	_	EndOfLine	_	_	_
# segment_iiif_link = https://impresso-project.ch/api/proxy/iiif/LSE-1939-03-02-a-p0004/93,2106,408,41/full/0/default.jpg
Le	O	O	O	O	O	O	_	_	_	_	_	_
«	O	O	O	O	O	O	_	_	_	_	_	_
News	O	O	O	O	O	O	_	_	NoSpaceAfter	_	_	_
-	O	O	O	O	O	O	_	_	NoSpaceAfter	_	_	_
Chronicle	O	O	O	O	O	O	_	_	_	_	_	_
»	O	O	O	O	O	O	_	_	NoSpaceAfter	_	_	_
,	O	O	O	O	O	O	_	_	_	_	_	_
organe	O	O	O	O	O	O	_	_	_	_	_	_
libéral	O	O	O	O	O	O	_	_	NoSpaceAfter	_	_	_
,	O	O	O	O	O	O	_	_	_	_	_	_
dit	O	O	O	O	O	O	_	_	_	_	_	_
que	O	O	O	O	O	O	_	_	EndOfLine	_	_	_
# segment_iiif_link = https://impresso-project.ch/api/proxy/iiif/LSE-1939-03-02-a-p0004/74,2126,428,41/full/0/default.jpg
les	O	O	O	O	O	O	_	_	_	_	_	_
assurances	O	O	O	O	O	O	_	_	_	_	_	_
données	O	O	O	O	O	O	_	_	_	_	_	_
au	O	O	O	O	O	O	_	_	_	_	_	_
gouvernement	O	O	O	O	O	O	_	_	_	_	_	_
britanni	O	O	O	O	O	O	_	_	EndOfLine	_	_	_
# segment_iiif_link = https://impresso-project.ch/api/proxy/iiif/LSE-1939-03-02-a-p0004/74,2144,428,41/full/0/default.jpg
britannique	O	O	O	O	O	O	_	_	_	_	_	_
par	O	O	O	O	O	O	_	_	_	_	_	_
le	O	O	O	O	O	O	_	_	_	_	_	_
général	O	O	O	O	O	O	_	_	_	_	_	_
Franco	O	O	O	O	O	O	_	_	_	_	_	_
sont	O	O	O	O	O	O	_	_	_	_	_	_
sans	O	O	O	O	O	O	_	_	_	_	_	_
valeur	O	O	O	O	O	O	_	_	NoSpaceAfter	_	_	_
.	O	O	O	O	O	O	_	_	_	EndOfSentence	_	_
Le	O	O	O	O	O	O	_	_	EndOfLine	_	_	_
# segment_iiif_link = https://impresso-project.ch/api/proxy/iiif/LSE-1939-03-02-a-p0004/74,2163,427,41/full/0/default.jpg
gouvernement	O	O	O	O	O	O	_	_	_	_	_	_
a	O	O	O	O	O	O	_	_	_	_	_	_
reconnu	O	O	O	O	O	O	_	_	_	_	_	_
Franco	O	O	O	O	O	O	_	_	NoSpaceAfter	_	_	_
,	O	O	O	O	O	O	_	_	_	_	_	_
ne	O	O	O	O	O	O	_	_	_	_	_	_
voulant	O	O	O	O	O	O	_	_	_	_	_	_
pas	O	O	O	O	O	O	_	_	EndOfLine	_	_	_
# segment_iiif_link = https://impresso-project.ch/api/proxy/iiif/LSE-1939-03-02-a-p0004/74,2182,427,41/full/0/default.jpg
reconnaître	O	O	O	O	O	O	_	_	_	_	_	_
en	O	O	O	O	O	O	_	_	_	_	_	_
même	O	O	O	O	O	O	_	_	_	_	_	_
temps	O	O	O	O	O	O	_	_	_	_	_	_
le	O	O	O	O	O	O	_	_	_	_	_	_
danger	O	O	O	O	O	O	_	_	_	_	_	_
le	O	O	O	O	O	O	_	_	_	_	_	_
sa	O	O	O	O	O	O	_	_	_	_	_	_
propre	O	O	O	O	O	O	_	_	EndOfLine	_	_	_
# segment_iiif_link = https://impresso-project.ch/api/proxy/iiif/LSE-1939-03-02-a-p0004/74,2201,427,41/full/0/default.jpg
politique	O	O	O	O	O	O	_	_	NoSpaceAfter	_	_	_
.	O	O	O	O	O	O	_	_	_	EndOfSentence	_	_
La	O	O	O	O	O	O	_	_	_	_	_	_
reconnaissance	O	O	O	O	O	O	_	_	_	_	_	_
constitue	O	O	O	O	O	O	_	_	_	_	_	_
le	O	O	O	O	O	O	_	_	_	_	_	_
comble	O	O	O	O	O	O	_	_	EndOfLine	_	_	_
# segment_iiif_link = https://impresso-project.ch/api/proxy/iiif/LSE-1939-03-02-a-p0004/75,2220,427,41/full/0/default.jpg
d	O	O	O	O	O	O	_	_	NoSpaceAfter	_	_	_
'	O	O	O	O	O	O	_	_	NoSpaceAfter	_	_	_
une	O	O	O	O	O	O	_	_	_	_	_	_
politique	O	O	O	O	O	O	_	_	_	_	_	_
de	O	O	O	O	O	O	_	_	_	_	_	_
honte	O	O	O	O	O	O	_	_	_	_	_	_
et	O	O	O	O	O	O	_	_	_	_	_	_
l	O	O	O	O	O	O	_	_	NoSpaceAfter	_	_	_
'	O	O	O	O	O	O	_	_	NoSpaceAfter	_	_	_
un	O	O	O	O	O	O	_	_	_	_	_	_
des	O	O	O	O	O	O	_	_	_	_	_	_
chapitres	O	O	O	O	O	O	_	_	_	_	_	_
les	O	O	O	O	O	O	_	_	EndOfLine	_	_	_
# segment_iiif_link = https://impresso-project.ch/api/proxy/iiif/LSE-1939-03-02-a-p0004/75,2239,332,41/full/0/default.jpg
plus	O	O	O	O	O	O	_	_	_	_	_	_
sombres	O	O	O	O	O	O	_	_	_	_	_	_
de	O	O	O	O	O	O	_	_	_	_	_	_
l	O	O	O	O	O	O	_	_	NoSpaceAfter	_	_	_
'	O	O	O	O	O	O	_	_	NoSpaceAfter	_	_	_
histoire	O	O	O	O	O	O	_	_	_	_	_	_
britannique	O	O	O	O	O	O	_	_	NoSpaceAfter	_	_	_
.	O	O	O	O	O	O	_	_	EndOfLine	EndOfSentence	_	_
# segment_iiif_link = https://impresso-project.ch/api/proxy/iiif/LSE-1939-03-02-a-p0004/74,2263,426,50/full/0/default.jpg
Les	O	O	O	O	O	O	_	_	_	_	_	_
conséquences	O	O	O	O	O	O	_	_	_	_	_	_
de	O	O	O	O	O	O	_	_	_	_	_	_
la	O	O	O	O	O	O	_	_	_	_	_	_
reconnaissance	O	O	O	O	O	O	_	_	_	_	_	_
ge	O	O	O	O	O	O	_	_	_	_	_	_
Franco	O	O	O	O	O	O	_	_	EndOfLine	_	_	_
# segment_iiif_link = https://impresso-project.ch/api/proxy/iiif/LSE-1939-03-02-a-p0004/305,2293,176,41/full/0/default.jpg
Rome	O	O	O	O	O	O	_	_	NoSpaceAfter	_	_	_
,	O	O	O	O	O	O	_	_	_	_	_	_
2	O	O	O	O	O	O	_	_	_	_	_	_
mars	O	O	O	O	O	O	_	_	NoSpaceAfter	_	_	_
,	O	O	O	O	O	O	_	_	_	_	_	_
(	O	O	O	O	O	O	_	_	NoSpaceAfter	_	_	_
Ag	O	O	O	O	O	O	_	_	NoSpaceAfter	_	LED0.00	_
.	O	O	O	O	O	O	_	_	NoSpaceAfter	_	LED0.00	_
)	O	O	O	O	O	O	_	_	EndOfLine	_	_	_
# segment_iiif_link = https://impresso-project.ch/api/proxy/iiif/LSE-1939-03-02-a-p0004/94,2315,409,39/full/0/default.jpg
La	O	O	O	O	O	O	_	_	_	_	_	_
«	O	O	O	O	O	O	_	_	_	_	_	_
Tribuna	O	O	O	O	O	O	_	_	_	_	_	_
»	O	O	O	O	O	O	_	_	_	_	_	_
écrit	O	O	O	O	O	O	_	_	_	_	_	_
:	O	O	O	O	O	O	_	_	_	_	_	_
«	O	O	O	O	O	O	_	_	_	_	_	_
La	O	O	O	O	O	O	_	_	_	_	_	_
France	O	O	O	O	O	O	_	_	_	_	_	_
et	O	O	O	O	O	O	_	_	_	_	_	_
l	O	O	O	O	O	O	_	_	NoSpaceAfter	_	_	_
’	O	O	O	O	O	O	_	_	NoSpaceAfter	_	_	_
Angle	O	O	O	O	O	O	_	_	EndOfLine	_	_	_
# segment_iiif_link = https://impresso-project.ch/api/proxy/iiif/LSE-1939-03-02-a-p0004/75,2334,428,39/full/0/default.jpg
l	O	O	O	O	O	O	_	_	NoSpaceAfter	_	_	_
’	O	O	O	O	O	O	_	_	NoSpaceAfter	_	_	_
Angleterre	O	O	O	O	O	O	_	_	_	_	_	_
se	O	O	O	O	O	O	_	_	_	_	_	_
sont	O	O	O	O	O	O	_	_	_	_	_	_
décidées	O	O	O	O	O	O	_	_	_	_	_	_
à	O	O	O	O	O	O	_	_	_	_	_	_
reconnaître	O	O	O	O	O	O	_	_	_	_	_	_
le	O	O	O	O	O	O	_	_	_	_	_	_
gouverne	O	O	O	O	O	O	_	_	EndOfLine	_	_	_
# segment_iiif_link = https://impresso-project.ch/api/proxy/iiif/LSE-1939-03-02-a-p0004/77,2353,424,38/full/0/default.jpg
gouvernement	O	O	O	O	O	O	_	_	_	_	_	_
du	O	O	O	O	O	O	_	_	_	_	_	_
général	O	O	O	O	O	O	_	_	_	_	_	_
Franco	O	O	O	O	O	O	_	_	_	_	_	_
comme	O	O	O	O	O	O	_	_	_	_	_	_
gouvernement	O	O	O	O	O	O	_	_	EndOfLine	_	_	_
# segment_iiif_link = https://impresso-project.ch/api/proxy/iiif/LSE-1939-03-02-a-p0004/75,2372,426,39/full/0/default.jpg
légitime	O	O	O	O	O	O	_	_	_	_	_	_
d	O	O	O	O	O	O	_	_	NoSpaceAfter	_	_	_
'	O	O	O	O	O	O	_	_	NoSpaceAfter	_	_	_
Espagne	O	O	O	O	O	O	_	_	NoSpaceAfter	_	_	_
.	O	O	O	O	O	O	_	_	_	_	_	_
La	O	O	O	O	O	O	_	_	_	_	_	_
reconnaissance	O	O	O	O	O	O	_	_	_	_	_	_
est	O	O	O	O	O	O	_	_	_	_	_	_
pleine	O	O	O	O	O	O	_	_	EndOfLine	_	_	_
# segment_iiif_link = https://impresso-project.ch/api/proxy/iiif/LSE-1939-03-02-a-p0004/75,2391,428,39/full/0/default.jpg
et	O	O	O	O	O	O	_	_	_	_	_	_
totale	O	O	O	O	O	O	_	_	NoSpaceAfter	_	_	_
,	O	O	O	O	O	O	_	_	_	_	_	_
c	O	O	O	O	O	O	_	_	NoSpaceAfter	_	_	_
’	O	O	O	O	O	O	_	_	NoSpaceAfter	_	_	_
est	O	O	O	O	O	O	_	_	NoSpaceAfter	_	_	_
-	O	O	O	O	O	O	_	_	NoSpaceAfter	_	_	_
à	O	O	O	O	O	O	_	_	NoSpaceAfter	_	_	_
-	O	O	O	O	O	O	_	_	NoSpaceAfter	_	_	_
dire	O	O	O	O	O	O	_	_	_	_	_	_
sans	O	O	O	O	O	O	_	_	_	_	_	_
le	O	O	O	O	O	O	_	_	_	_	_	_
maintien	O	O	O	O	O	O	_	_	_	_	_	_
de	O	O	O	O	O	O	_	_	_	_	_	_
la	O	O	O	O	O	O	_	_	_	_	_	_
qua	O	O	O	O	O	O	_	_	EndOfLine	_	_	_
# segment_iiif_link = https://impresso-project.ch/api/proxy/iiif/LSE-1939-03-02-a-p0004/75,2410,428,39/full/0/default.jpg
lité	O	O	O	O	O	O	_	_	_	_	_	_
de	O	O	O	O	O	O	_	_	_	_	_	_
belligérant	O	O	O	O	O	O	_	_	_	_	_	_
à	O	O	O	O	O	O	_	_	_	_	_	_
l	O	O	O	O	O	O	_	_	NoSpaceAfter	_	_	_
'	O	O	O	O	O	O	_	_	NoSpaceAfter	_	_	_
égard	O	O	O	O	O	O	_	_	_	_	_	_
du	O	O	O	O	O	O	_	_	_	_	_	_
gouvernement	O	O	O	O	O	O	_	_	_	_	_	_
ago	O	O	O	O	O	O	_	_	EndOfLine	_	_	_
# segment_iiif_link = https://impresso-project.ch/api/proxy/iiif/LSE-1939-03-02-a-p0004/75,2429,426,38/full/0/default.jpg
agonisant	O	O	O	O	O	O	_	_	_	_	_	_
du	O	O	O	O	O	O	_	_	_	_	_	_
Dr	O	O	O	O	O	O	_	_	_	_	_	_
Négrin	O	O	O	O	O	O	_	_	NoSpaceAfter	_	_	_
.	O	O	O	O	O	O	_	_	_	_	_	_
Par	O	O	O	O	O	O	_	_	_	_	_	_
cette	O	O	O	O	O	O	_	_	_	_	_	_
reconnaissance	O	O	O	O	O	O	_	_	_	_	_	_
de	O	O	O	O	O	O	_	_	EndOfLine	_	_	_
# segment_iiif_link = https://impresso-project.ch/api/proxy/iiif/LSE-1939-03-02-a-p0004/76,2447,427,39/full/0/default.jpg
Franco	O	O	O	O	O	O	_	_	NoSpaceAfter	_	_	_
,	O	O	O	O	O	O	_	_	_	_	_	_
les	O	O	O	O	O	O	_	_	_	_	_	_
républicains	O	O	O	O	O	O	_	_	_	_	_	_
espagnols	O	O	O	O	O	O	_	_	_	_	_	_
acquièrent	O	O	O	O	O	O	_	_	_	_	_	_
au	O	O	O	O	O	O	_	_	EndOfLine	_	_	_
# segment_iiif_link = https://impresso-project.ch/api/proxy/iiif/LSE-1939-03-02-a-p0004/76,2466,426,39/full/0/default.jpg
automatiquement	O	O	O	O	O	O	_	_	_	_	_	_
la	O	O	O	O	O	O	_	_	_	_	_	_
position	O	O	O	O	O	O	_	_	_	_	_	_
de	O	O	O	O	O	O	_	_	_	_	_	_
«	O	O	O	O	O	O	_	_	_	_	_	_
rebelles	O	O	O	O	O	O	_	_	_	_	_	_
»	O	O	O	O	O	O	_	_	_	_	_	_
pour	O	O	O	O	O	O	_	_	_	_	_	_
les	O	O	O	O	O	O	_	_	EndOfLine	_	_	_
# segment_iiif_link = https://impresso-project.ch/api/proxy/iiif/LSE-1939-03-02-a-p0004/76,2485,425,38/full/0/default.jpg
gouvernements	O	O	O	O	O	O	_	_	_	_	_	_
français	O	O	O	O	O	O	_	_	_	_	_	_
et	O	O	O	O	O	O	_	_	_	_	_	_
anglais	O	O	O	O	O	O	_	_	_	_	_	_
et	O	O	O	O	O	O	_	_	_	_	_	_
la	O	O	O	O	O	O	_	_	_	_	_	_
situation	O	O	O	O	O	O	_	_	EndOfLine	_	_	_
# segment_iiif_link = https://impresso-project.ch/api/proxy/iiif/LSE-1939-03-02-a-p0004/76,2503,426,39/full/0/default.jpg
en	O	O	O	O	O	O	_	_	_	_	_	_
Espagne	O	O	O	O	O	O	_	_	NoSpaceAfter	_	_	_
,	O	O	O	O	O	O	_	_	_	_	_	_
à	O	O	O	O	O	O	_	_	_	_	_	_
l	O	O	O	O	O	O	_	_	NoSpaceAfter	_	_	_
'	O	O	O	O	O	O	_	_	NoSpaceAfter	_	_	_
égard	O	O	O	O	O	O	_	_	_	_	_	_
des	O	O	O	O	O	O	_	_	_	_	_	_
facteurs	O	O	O	O	O	O	_	_	_	_	_	_
internationaux	O	O	O	O	O	O	_	_	NoSpaceAfter	_	_	_
,	O	O	O	O	O	O	_	_	EndOfLine	_	_	_
# segment_iiif_link = https://impresso-project.ch/api/proxy/iiif/LSE-1939-03-02-a-p0004/77,2523,427,38/full/0/default.jpg
perd	O	O	O	O	O	O	_	_	_	_	_	_
son	O	O	O	O	O	O	_	_	_	_	_	_
caractère	O	O	O	O	O	O	_	_	_	_	_	_
de	O	O	O	O	O	O	_	_	_	_	_	_
guerre	O	O	O	O	O	O	_	_	_	_	_	_
civile	O	O	O	O	O	O	_	_	_	_	_	_
et	O	O	O	O	O	O	_	_	_	_	_	_
prend	O	O	O	O	O	O	_	_	_	_	_	_
sim	O	O	O	O	O	O	_	_	EndOfLine	_	_	_
# segment_iiif_link = https://impresso-project.ch/api/proxy/iiif/LSE-1939-03-02-a-p0004/77,2542,427,39/full/0/default.jpg
simplement	O	O	O	O	O	O	_	_	_	_	_	_
le	O	O	O	O	O	O	_	_	_	_	_	_
caractère	O	O	O	O	O	O	_	_	_	_	_	_
d	O	O	O	O	O	O	_	_	NoSpaceAfter	_	_	_
’	O	O	O	O	O	O	_	_	NoSpaceAfter	_	_	_
une	O	O	O	O	O	O	_	_	_	_	_	_
affaire	O	O	O	O	O	O	_	_	_	_	_	_
interne	O	O	O	O	O	O	_	_	NoSpaceAfter	_	_	_
.	O	O	O	O	O	O	_	_	_	EndOfSentence	_	_
La	O	O	O	O	O	O	_	_	_	_	_	_
li	O	O	O	O	O	O	_	_	EndOfLine	_	_	_
# segment_iiif_link = https://impresso-project.ch/api/proxy/iiif/LSE-1939-03-02-a-p0004/77,2561,425,39/full/0/default.jpg
liquidation	O	O	O	O	O	O	_	_	_	_	_	_
de	O	O	O	O	O	O	_	_	_	_	_	_
cette	O	O	O	O	O	O	_	_	_	_	_	_
situation	O	O	O	O	O	O	_	_	_	_	_	_
relève	O	O	O	O	O	O	_	_	_	_	_	_
uniquement	O	O	O	O	O	O	_	_	_	_	_	_
du	O	O	O	O	O	O	_	_	EndOfLine	_	_	_
# segment_iiif_link = https://impresso-project.ch/api/proxy/iiif/LSE-1939-03-02-a-p0004/505,1815,5,41/full/0/default.jpg
,	O	O	O	O	O	O	_	_	EndOfLine	EndOfSentence	_	_

# language = fr
# newspaper = LSE
# date = 1948-03-06
# document_id = LSE-1948-03-06-a-i0058
# news-agency-as-source = Q40464
# segment_iiif_link = https://impresso-project.ch/api/proxy/iiif/LSE-1948-03-06-a-p0006/152,931,289,53/full/0/default.jpg
M	O	O	O	O	O	O	_	_	NoSpaceAfter	_	_	_
.	O	O	O	O	O	O	_	_	_	_	_	_
Prochaska	O	O	O	O	O	O	_	_	_	_	_	_
a	O	O	O	O	O	O	_	_	_	_	_	_
pu	O	O	O	O	O	O	_	_	_	_	_	_
s	O	O	O	O	O	O	_	_	NoSpaceAfter	_	_	_
’	O	O	O	O	O	O	_	_	NoSpaceAfter	_	_	_
enfuir	O	O	O	O	O	O	_	_	EndOfLine	_	_	_
# segment_iiif_link = https://impresso-project.ch/api/proxy/iiif/LSE-1948-03-06-a-p0006/351,966,133,41/full/0/default.jpg
Prague	O	O	O	O	O	O	_	_	NoSpaceAfter	_	_	_
,	O	O	O	O	O	O	_	_	_	_	_	_
5	O	O	O	O	O	O	_	_	_	_	_	_
mars	O	O	O	O	O	O	_	_	NoSpaceAfter	_	_	_
.	O	O	O	O	O	O	_	_	EndOfLine	EndOfSentence	_	_
# segment_iiif_link = https://impresso-project.ch/api/proxy/iiif/LSE-1948-03-06-a-p0006/106,985,398,41/full/0/default.jpg
Le	O	O	O	O	O	O	_	_	_	_	_	_
«	O	O	O	O	O	O	_	_	_	_	_	_
Mladà	O	O	O	O	O	O	_	_	_	_	_	_
Fronta	O	O	O	O	O	O	_	_	_	_	_	_
»	O	O	O	O	O	O	_	_	NoSpaceAfter	_	_	_
,	O	O	O	O	O	O	_	_	_	_	_	_
organe	O	O	O	O	O	O	_	_	_	_	_	_
des	O	O	O	O	O	O	_	_	_	_	_	_
jeunesses	O	O	O	O	O	O	_	_	_	_	_	_
com	O	O	O	O	O	O	_	_	EndOfLine	_	_	_
# segment_iiif_link = https://impresso-project.ch/api/proxy/iiif/LSE-1948-03-06-a-p0006/84,1003,419,42/full/0/default.jpg
communistes	O	O	O	O	O	O	_	_	_	_	_	_
tchèques	O	O	O	O	O	O	_	_	NoSpaceAfter	_	_	_
,	O	O	O	O	O	O	_	_	_	_	_	_
annonce	O	O	O	O	O	O	_	_	_	_	_	_
que	O	O	O	O	O	O	_	_	_	_	_	_
M	O	O	O	O	O	O	_	_	NoSpaceAfter	_	_	_
,	O	O	O	O	O	O	_	_	_	_	_	_
Adolphe	O	O	O	O	O	O	_	_	_	_	_	_
Pro	O	O	O	O	O	O	_	_	EndOfLine	_	_	_
# segment_iiif_link = https://impresso-project.ch/api/proxy/iiif/LSE-1948-03-06-a-p0006/84,1023,419,41/full/0/default.jpg
Prochaska	O	O	O	O	O	O	_	_	NoSpaceAfter	_	_	_
,	O	O	O	O	O	O	_	_	_	_	_	_
ancien	O	O	O	O	O	O	_	_	_	_	_	_
ministre	O	O	O	O	O	O	_	_	_	_	_	_
tchécoslovaque	O	O	O	O	O	O	_	_	_	_	_	_
de	O	O	O	O	O	O	_	_	_	_	_	_
L	O	O	O	O	O	O	_	_	NoSpaceAfter	_	_	_
’	O	O	O	O	O	O	_	_	NoSpaceAfter	_	_	_
hy	O	O	O	O	O	O	_	_	EndOfLine	_	_	_
# segment_iiif_link = https://impresso-project.ch/api/proxy/iiif/LSE-1948-03-06-a-p0006/84,1042,418,41/full/0/default.jpg
giène	O	O	O	O	O	O	_	_	NoSpaceAfter	_	_	_
,	O	O	O	O	O	O	_	_	_	_	_	_
et	O	O	O	O	O	O	_	_	_	_	_	_
sa	O	O	O	O	O	O	_	_	_	_	_	_
femme	O	O	O	O	O	O	_	_	NoSpaceAfter	_	_	_
,	O	O	O	O	O	O	_	_	_	_	_	_
sont	O	O	O	O	O	O	_	_	_	_	_	_
parvenus	O	O	O	O	O	O	_	_	_	_	_	_
à	O	O	O	O	O	O	_	_	_	_	_	_
s	O	O	O	O	O	O	_	_	NoSpaceAfter	_	_	_
’	O	O	O	O	O	O	_	_	NoSpaceAfter	_	_	_
enfuir	O	O	O	O	O	O	_	_	_	_	_	_
ec	O	O	O	O	O	O	_	_	EndOfLine	_	_	_
# segment_iiif_link = https://impresso-project.ch/api/proxy/iiif/LSE-1948-03-06-a-p0006/83,1061,419,41/full/0/default.jpg
Allemagne	O	O	O	O	O	O	_	_	NoSpaceAfter	_	_	_
.	O	O	O	O	O	O	_	_	_	EndOfSentence	_	_
Leur	O	O	O	O	O	O	_	_	_	_	_	_
fille	O	O	O	O	O	O	_	_	_	_	_	_
Milada	O	O	O	O	O	O	_	_	NoSpaceAfter	_	_	_
,	O	O	O	O	O	O	_	_	_	_	_	_
au	O	O	O	O	O	O	_	_	_	_	_	_
contraire	O	O	O	O	O	O	_	_	NoSpaceAfter	_	_	_
,	O	O	O	O	O	O	_	_	_	_	_	_
a	O	O	O	O	O	O	_	_	_	_	_	_
été	O	O	O	O	O	O	_	_	EndOfLine	_	_	_
# segment_iiif_link = https://impresso-project.ch/api/proxy/iiif/LSE-1948-03-06-a-p0006/84,1080,419,41/full/0/default.jpg
arrêtée	O	O	O	O	O	O	_	_	_	_	_	_
alors	O	O	O	O	O	O	_	_	_	_	_	_
qu	O	O	O	O	O	O	_	_	NoSpaceAfter	_	_	_
'	O	O	O	O	O	O	_	_	NoSpaceAfter	_	_	_
elle	O	O	O	O	O	O	_	_	_	_	_	_
essayait	O	O	O	O	O	O	_	_	_	_	_	_
de	O	O	O	O	O	O	_	_	_	_	_	_
passer	O	O	O	O	O	O	_	_	_	_	_	_
à	O	O	O	O	O	O	_	_	_	_	_	_
l	O	O	O	O	O	O	_	_	NoSpaceAfter	_	_	_
’	O	O	O	O	O	O	_	_	NoSpaceAfter	_	_	_
étran	O	O	O	O	O	O	_	_	EndOfLine	_	_	_
# segment_iiif_link = https://impresso-project.ch/api/proxy/iiif/LSE-1948-03-06-a-p0006/83,1099,30,41/full/0/default.jpg
l	O	O	O	O	O	O	_	_	NoSpaceAfter	_	_	_
’	O	O	O	O	O	O	_	_	NoSpaceAfter	_	_	_
étranger	O	O	O	O	O	O	_	_	NoSpaceAfter	_	_	_
.	O	O	O	O	O	O	_	_	EndOfLine	EndOfSentence	_	_
# segment_iiif_link = https://impresso-project.ch/api/proxy/iiif/LSE-1948-03-06-a-p0006/102,1118,403,41/full/0/default.jpg
M	O	O	O	O	O	O	_	_	NoSpaceAfter	_	_	_
.	O	O	O	O	O	O	_	_	_	_	_	_
Prochaska	O	O	O	O	O	O	_	_	NoSpaceAfter	_	_	_
,	O	O	O	O	O	O	_	_	_	_	_	_
une	O	O	O	O	O	O	_	_	_	_	_	_
des	O	O	O	O	O	O	_	_	_	_	_	_
victimes	O	O	O	O	O	O	_	_	_	_	_	_
du	O	O	O	O	O	O	_	_	_	_	_	_
dernier	O	O	O	O	O	O	_	_	_	_	_	_
re	O	O	O	O	O	O	_	_	EndOfLine	_	_	_
# segment_iiif_link = https://impresso-project.ch/api/proxy/iiif/LSE-1948-03-06-a-p0006/83,1137,420,42/full/0/default.jpg
remaniement	O	O	O	O	O	O	_	_	_	_	_	_
fninistériel	O	O	O	O	O	O	_	_	NoSpaceAfter	_	_	_
,	O	O	O	O	O	O	_	_	_	_	_	_
appartenait	O	O	O	O	O	O	_	_	_	_	_	_
au	O	O	O	O	O	O	_	_	_	_	_	_
Parti	O	O	O	O	O	O	_	_	_	_	_	_
popu	O	O	O	O	O	O	_	_	EndOfLine	_	_	_
# segment_iiif_link = https://impresso-project.ch/api/proxy/iiif/LSE-1948-03-06-a-p0006/83,1157,419,41/full/0/default.jpg
populaire	O	O	O	O	O	O	_	_	_	_	_	_
catholique	O	O	O	O	O	O	_	_	NoSpaceAfter	_	_	_
.	O	O	O	O	O	O	_	_	_	EndOfSentence	_	_
Mlle	O	O	O	O	O	O	_	_	_	_	_	_
Prochaska	O	O	O	O	O	O	_	_	_	_	_	_
a	O	O	O	O	O	O	_	_	_	_	_	_
été	O	O	O	O	O	O	_	_	_	_	_	_
appréhen	O	O	O	O	O	O	_	_	EndOfLine	_	_	_
# segment_iiif_link = https://impresso-project.ch/api/proxy/iiif/LSE-1948-03-06-a-p0006/83,1176,418,41/full/0/default.jpg
dée	O	O	O	O	O	O	_	_	_	_	_	_
dans	O	O	O	O	O	O	_	_	_	_	_	_
le	O	O	O	O	O	O	_	_	_	_	_	_
massif	O	O	O	O	O	O	_	_	_	_	_	_
montagneux	O	O	O	O	O	O	_	_	_	_	_	_
à	O	O	O	O	O	O	_	_	_	_	_	_
la	O	O	O	O	O	O	_	_	_	_	_	_
frontière	O	O	O	O	O	O	_	_	EndOfLine	_	_	_
# segment_iiif_link = https://impresso-project.ch/api/proxy/iiif/LSE-1948-03-06-a-p0006/82,1195,418,42/full/0/default.jpg
bavaroise	O	O	O	O	O	O	_	_	NoSpaceAfter	_	_	_
,	O	O	O	O	O	O	_	_	_	_	_	_
où	O	O	O	O	O	O	_	_	_	_	_	_
le	O	O	O	O	O	O	_	_	_	_	_	_
député	O	O	O	O	O	O	_	_	_	_	_	_
socialiste	O	O	O	O	O	O	_	_	_	_	_	_
Deci	O	O	O	O	O	O	_	_	_	_	_	_
et	O	O	O	O	O	O	_	_	_	_	_	_
son	O	O	O	O	O	O	_	_	EndOfLine	_	_	_
# segment_iiif_link = https://impresso-project.ch/api/proxy/iiif/LSE-1948-03-06-a-p0006/82,1214,419,41/full/0/default.jpg
secrétaire	O	O	O	O	O	O	_	_	_	_	_	_
ont	O	O	O	O	O	O	_	_	_	_	_	_
été	O	O	O	O	O	O	_	_	_	_	_	_
également	O	O	O	O	O	O	_	_	_	_	_	_
arrêtés	O	O	O	O	O	O	_	_	_	_	_	_
dans	O	O	O	O	O	O	_	_	_	_	_	_
leur	O	O	O	O	O	O	_	_	EndOfLine	_	_	_
# segment_iiif_link = https://impresso-project.ch/api/proxy/iiif/LSE-1948-03-06-a-p0006/82,1232,41,42/full/0/default.jpg
fuite	O	O	O	O	O	O	_	_	_	_	_	_
*	O	O	O	O	O	O	_	_	EndOfLine	_	_	_
# segment_iiif_link = https://impresso-project.ch/api/proxy/iiif/LSE-1948-03-06-a-p0006/105,1257,379,54/full/0/default.jpg
La	O	O	O	O	O	O	_	_	_	_	_	_
vérité	O	O	O	O	O	O	_	_	_	_	_	_
gottwaldienne	O	O	O	O	O	O	_	_	_	_	_	_
trioi	O	O	O	O	O	O	_	_	_	_	_	_
;	O	O	O	O	O	O	_	_	_	_	_	_
4	O	O	O	O	O	O	_	_	NoSpaceAfter	_	_	_
.	O	O	O	O	O	O	_	_	_	EndOfSentence	_	_
Æ	O	O	O	O	O	O	_	_	_	_	_	_
:	O	O	O	O	O	O	_	_	_	_	_	_
’	O	O	O	O	O	O	_	_	NoSpaceAfter	_	_	_
p	O	O	O	O	O	O	_	_	EndOfLine	_	_	_
# segment_iiif_link = https://impresso-project.ch/api/proxy/iiif/LSE-1948-03-06-a-p0006/350,1292,131,42/full/0/default.jpg
Prague	O	O	O	O	O	O	_	_	NoSpaceAfter	_	_	_
.	O	O	O	O	O	O	_	_	_	EndOfSentence	_	_
5	O	O	O	O	O	O	_	_	_	_	_	_
mars	O	O	O	O	O	O	_	_	NoSpaceAfter	_	_	_
.	O	O	O	O	O	O	_	_	EndOfLine	EndOfSentence	_	_
# segment_iiif_link = https://impresso-project.ch/api/proxy/iiif/LSE-1948-03-06-a-p0006/100,1311,400,41/full/0/default.jpg
«	O	O	O	O	O	O	_	_	_	_	_	_
0	O	O	O	O	O	O	_	_	_	_	_	_
lous	O	O	O	O	O	O	_	_	_	_	_	_
nous	O	O	O	O	O	O	_	_	_	_	_	_
réunissons	O	O	O	O	O	O	_	_	_	_	_	_
15	O	O	O	O	O	O	_	_	_	_	_	_
jours	O	O	O	O	O	O	_	_	_	_	_	_
après	O	O	O	O	O	O	_	_	_	_	_	_
l	O	O	O	O	O	O	_	_	NoSpaceAfter	_	_	_
’	O	O	O	O	O	O	_	_	NoSpaceAfter	_	_	_
attaque	O	O	O	O	O	O	_	_	EndOfLine	_	_	_
# segment_iiif_link = https://impresso-project.ch/api/proxy/iiif/LSE-1948-03-06-a-p0006/80,1330,420,41/full/0/default.jpg
directe	O	O	O	O	O	O	_	_	NoSpaceAfter	_	_	_
,	O	O	O	O	O	O	_	_	_	_	_	_
contre	O	O	O	O	O	O	_	_	_	_	_	_
le	O	O	O	O	O	O	_	_	_	_	_	_
gouvernement	O	O	O	O	O	O	_	_	_	_	_	_
et	O	O	O	O	O	O	_	_	_	_	_	_
le	O	O	O	O	O	O	_	_	_	_	_	_
Front	O	O	O	O	O	O	_	_	_	_	_	_
na	O	O	O	O	O	O	_	_	EndOfLine	_	_	_
# segment_iiif_link = https://impresso-project.ch/api/proxy/iiif/LSE-1948-03-06-a-p0006/80,1349,420,42/full/0/default.jpg
national	O	O	O	O	O	O	_	_	NoSpaceAfter	_	_	_
,	O	O	O	O	O	O	_	_	_	_	_	_
d	O	O	O	O	O	O	_	_	NoSpaceAfter	_	_	_
’	O	O	O	O	O	O	_	_	NoSpaceAfter	_	_	_
une	O	O	O	O	O	O	_	_	_	_	_	_
clique	O	O	O	O	O	O	_	_	_	_	_	_
de	O	O	O	O	O	O	_	_	_	_	_	_
saboteurs	O	O	O	O	O	O	_	_	_	_	_	_
et	O	O	O	O	O	O	_	_	_	_	_	_
de	O	O	O	O	O	O	_	_	_	_	_	_
réaction	O	O	O	O	O	O	_	_	EndOfLine	_	_	_
# segment_iiif_link = https://impresso-project.ch/api/proxy/iiif/LSE-1948-03-06-a-p0006/79,1368,420,41/full/0/default.jpg
réactionnaires	O	O	O	O	O	O	_	_	_	_	_	_
»	O	O	O	O	O	O	_	_	NoSpaceAfter	_	_	_
,	O	O	O	O	O	O	_	_	_	_	_	_
a	O	O	O	O	O	O	_	_	_	_	_	_
déclaré	O	O	O	O	O	O	_	_	NoSpaceAfter	_	_	_
,	O	O	O	O	O	O	_	_	_	_	_	_
vendredi	O	O	O	O	O	O	_	_	_	_	_	_
matin	O	O	O	O	O	O	_	_	NoSpaceAfter	_	_	_
,	O	O	O	O	O	O	_	_	_	_	_	_
en	O	O	O	O	O	O	_	_	_	_	_	_
ouvrant	O	O	O	O	O	O	_	_	EndOfLine	_	_	_
# segment_iiif_link = https://impresso-project.ch/api/proxy/iiif/LSE-1948-03-06-a-p0006/79,1387,421,42/full/0/default.jpg
la	O	O	O	O	O	O	_	_	_	_	_	_
première	O	O	O	O	O	O	_	_	_	_	_	_
réunion	O	O	O	O	O	O	_	_	_	_	_	_
du	O	O	O	O	O	O	_	_	_	_	_	_
nouveau	O	O	O	O	O	O	_	_	_	_	_	_
Conseil	O	O	O	O	O	O	_	_	_	_	_	_
des	O	O	O	O	O	O	_	_	_	_	_	_
mi	O	O	O	O	O	O	_	_	EndOfLine	_	_	_
# segment_iiif_link = https://impresso-project.ch/api/proxy/iiif/LSE-1948-03-06-a-p0006/79,1407,401,41/full/0/default.jpg
ministres	O	O	O	O	O	O	_	_	_	_	_	_
tchécoslovaques	O	O	O	O	O	O	_	_	NoSpaceAfter	_	_	_
,	O	O	O	O	O	O	_	_	_	_	_	_
le	O	O	O	O	O	O	_	_	_	_	_	_
président	O	O	O	O	O	O	_	_	_	_	_	_
Gottwald	O	O	O	O	O	O	_	_	NoSpaceAfter	_	_	_
.	O	O	O	O	O	O	_	_	EndOfLine	EndOfSentence	_	_
# segment_iiif_link = https://impresso-project.ch/api/proxy/iiif/LSE-1948-03-06-a-p0006/97,1426,402,41/full/0/default.jpg
«	O	O	O	O	O	O	_	_	_	_	_	_
Aujourd	O	O	O	O	O	O	_	_	NoSpaceAfter	_	_	_
’	O	O	O	O	O	O	_	_	NoSpaceAfter	_	_	_
hui	O	O	O	O	O	O	_	_	_	_	_	_
que	O	O	O	O	O	O	_	_	_	_	_	_
la	O	O	O	O	O	O	_	_	_	_	_	_
colère	O	O	O	O	O	O	_	_	_	_	_	_
populaire	O	O	O	O	O	O	_	_	NoSpaceAfter	_	_	_
,	O	O	O	O	O	O	_	_	_	_	_	_
a	O	O	O	O	O	O	_	_	NoSpaceAfter	_	_	_
-	O	O	O	O	O	O	_	_	NoSpaceAfter	_	_	_
t	O	O	O	O	O	O	_	_	NoSpaceAfter	_	_	_
-	O	O	O	O	O	O	_	_	NoSpaceAfter	_	_	_
il	O	O	O	O	O	O	_	_	EndOfLine	_	_	_
# segment_iiif_link = https://impresso-project.ch/api/proxy/iiif/LSE-1948-03-06-a-p0006/78,1445,420,42/full/0/default.jpg
ajouté	O	O	O	O	O	O	_	_	NoSpaceAfter	_	_	_
,	O	O	O	O	O	O	_	_	_	_	_	_
a	O	O	O	O	O	O	_	_	_	_	_	_
balayé	O	O	O	O	O	O	_	_	_	_	_	_
les	O	O	O	O	O	O	_	_	_	_	_	_
ministres	O	O	O	O	O	O	_	_	_	_	_	_
réactionnaires	O	O	O	O	O	O	_	_	_	_	_	_
et	O	O	O	O	O	O	_	_	EndOfLine	_	_	_
# segment_iiif_link = https://impresso-project.ch/api/proxy/iiif/LSE-1948-03-06-a-p0006/77,1465,422,41/full/0/default.jpg
leurs	O	O	O	O	O	O	_	_	_	_	_	_
associés	O	O	O	O	O	O	_	_	NoSpaceAfter	_	_	_
,	O	O	O	O	O	O	_	_	_	_	_	_
le	O	O	O	O	O	O	_	_	_	_	_	_
gouvernement	O	O	O	O	O	O	_	_	NoSpaceAfter	_	_	_
,	O	O	O	O	O	O	_	_	_	_	_	_
remanié	O	O	O	O	O	O	_	_	_	_	_	_
et	O	O	O	O	O	O	_	_	_	_	_	_
com	O	O	O	O	O	O	_	_	EndOfLine	_	_	_
# segment_iiif_link = https://impresso-project.ch/api/proxy/iiif/LSE-1948-03-06-a-p0006/77,1484,420,41/full/0/default.jpg
plété	O	O	O	O	O	O	_	_	NoSpaceAfter	_	_	_
,	O	O	O	O	O	O	_	_	_	_	_	_
s	O	O	O	O	O	O	_	_	NoSpaceAfter	_	_	_
’	O	O	O	O	O	O	_	_	NoSpaceAfter	_	_	_
assoit	O	O	O	O	O	O	_	_	_	_	_	_
à	O	O	O	O	O	O	_	_	_	_	_	_
une	O	O	O	O	O	O	_	_	_	_	_	_
table	O	O	O	O	O	O	_	_	_	_	_	_
propre	O	O	O	O	O	O	_	_	_	_	_	_
dans	O	O	O	O	O	O	_	_	_	_	_	_
une	O	O	O	O	O	O	_	_	_	_	_	_
pièce	O	O	O	O	O	O	_	_	EndOfLine	_	_	_
# segment_iiif_link = https://impresso-project.ch/api/proxy/iiif/LSE-1948-03-06-a-p0006/78,1503,420,41/full/0/default.jpg
aérée	O	O	O	O	O	O	_	_	NoSpaceAfter	_	_	_
.	O	O	O	O	O	O	_	_	_	_	_	_
Il	O	O	O	O	O	O	_	_	_	_	_	_
s	O	O	O	O	O	O	_	_	NoSpaceAfter	_	_	_
’	O	O	O	O	O	O	_	_	NoSpaceAfter	_	_	_
agit	O	O	O	O	O	O	_	_	_	_	_	_
maintenant	O	O	O	O	O	O	_	_	_	_	_	_
de	O	O	O	O	O	O	_	_	_	_	_	_
ne	O	O	O	O	O	O	_	_	_	_	_	_
pas	O	O	O	O	O	O	_	_	_	_	_	_
décevoir	O	O	O	O	O	O	_	_	_	_	_	_
la	O	O	O	O	O	O	_	_	EndOfLine	_	_	_
# segment_iiif_link = https://impresso-project.ch/api/proxy/iiif/LSE-1948-03-06-a-p0006/77,1522,420,41/full/0/default.jpg
volonté	O	O	O	O	O	O	_	_	_	_	_	_
du	O	O	O	O	O	O	_	_	_	_	_	_
peuple	O	O	O	O	O	O	_	_	_	_	_	_
et	O	O	O	O	O	O	_	_	_	_	_	_
de	O	O	O	O	O	O	_	_	_	_	_	_
satisfaire	O	O	O	O	O	O	_	_	_	_	_	_
les	O	O	O	O	O	O	_	_	_	_	_	_
nouvelles	O	O	O	O	O	O	_	_	EndOfLine	_	_	_
# segment_iiif_link = https://impresso-project.ch/api/proxy/iiif/LSE-1948-03-06-a-p0006/77,1541,420,42/full/0/default.jpg
revendications	O	O	O	O	O	O	_	_	_	_	_	_
exprimées	O	O	O	O	O	O	_	_	_	_	_	_
par	O	O	O	O	O	O	_	_	_	_	_	_
lui	O	O	O	O	O	O	_	_	_	_	_	_
en	O	O	O	O	O	O	_	_	_	_	_	_
ces	O	O	O	O	O	O	_	_	_	_	_	_
journées	O	O	O	O	O	O	_	_	EndOfLine	_	_	_
# segment_iiif_link = https://impresso-project.ch/api/proxy/iiif/LSE-1948-03-06-a-p0006/77,1561,420,41/full/0/default.jpg
mouvementées	O	O	O	O	O	O	_	_	NoSpaceAfter	_	_	_
.	O	O	O	O	O	O	_	_	_	_	_	_
Je	O	O	O	O	O	O	_	_	_	_	_	_
veux	O	O	O	O	O	O	_	_	_	_	_	_
croire	O	O	O	O	O	O	_	_	_	_	_	_
que	O	O	O	O	O	O	_	_	_	_	_	_
cette	O	O	O	O	O	O	_	_	_	_	_	_
fois	O	O	O	O	O	O	_	_	EndOfLine	_	_	_
# segment_iiif_link = https://impresso-project.ch/api/proxy/iiif/LSE-1948-03-06-a-p0006/76,1580,421,41/full/0/default.jpg
notre	O	O	O	O	O	O	_	_	_	_	_	_
gouvernement	O	O	O	O	O	O	_	_	_	_	_	_
montrera	O	O	O	O	O	O	_	_	_	_	_	_
comment	O	O	O	O	O	O	_	_	_	_	_	_
doit	O	O	O	O	O	O	_	_	_	_	_	_
tra	O	O	O	O	O	O	_	_	EndOfLine	_	_	_
# segment_iiif_link = https://impresso-project.ch/api/proxy/iiif/LSE-1948-03-06-a-p0006/76,1599,421,41/full/0/default.jpg
travailler	O	O	O	O	O	O	_	_	_	_	_	_
un	O	O	O	O	O	O	_	_	_	_	_	_
gouvernement	O	O	O	O	O	O	_	_	_	_	_	_
véritablement	O	O	O	O	O	O	_	_	_	_	_	_
popu	O	O	O	O	O	O	_	_	EndOfLine	_	_	_
# segment_iiif_link = https://impresso-project.ch/api/proxy/iiif/LSE-1948-03-06-a-p0006/76,1617,119,41/full/0/default.jpg
populaire	O	O	O	O	O	O	_	_	NoSpaceAfter	_	_	_
.	O	O	O	O	O	O	_	_	_	_	_	_
»	O	O	O	O	O	O	_	_	_	_	_	_
(	O	O	O	O	O	O	_	_	NoSpaceAfter	_	_	_
AFP	B-org	O	B-org.ent.pressagency.AFP	O	O	O	Q40464	_	NoSpaceAfter	_	LED0.00	_
.	O	O	O	O	O	O	_	_	NoSpaceAfter	_	_	_
)	O	O	O	O	O	O	_	_	EndOfLine	EndOfSentence	_	_

# language = fr
# newspaper = LSE
# date = 1949-01-26
# document_id = LSE-1949-01-26-a-i0060
# news-agency-as-source = Q130879
# segment_iiif_link = https://impresso-project.ch/api/proxy/iiif/LSE-1949-01-26-a-p0006/1468,2130,279,57/full/0/default.jpg
Défense	O	O	O	O	O	O	_	_	_	_	_	_
Scandinave	O	O	O	O	O	O	_	_	EndOfLine	_	_	_
# segment_iiif_link = https://impresso-project.ch/api/proxy/iiif/LSE-1949-01-26-a-p0006/1460,2167,294,42/full/0/default.jpg
Divergences	O	O	O	O	O	O	_	_	_	_	_	_
quant	O	O	O	O	O	O	_	_	_	_	_	_
à	O	O	O	O	O	O	_	_	_	_	_	_
ses	O	O	O	O	O	O	_	_	_	_	_	_
modalités	O	O	O	O	O	O	_	_	EndOfLine	_	_	_
# segment_iiif_link = https://impresso-project.ch/api/proxy/iiif/LSE-1949-01-26-a-p0006/1635,2190,164,42/full/0/default.jpg
Londres	O	O	O	O	O	O	_	_	NoSpaceAfter	_	_	_
,	O	O	O	O	O	O	_	_	_	_	_	_
25	O	O	O	O	O	O	_	_	_	_	_	_
janvier	O	O	O	O	O	O	_	_	NoSpaceAfter	_	_	_
.	O	O	O	O	O	O	_	_	EndOfLine	EndOfSentence	_	_
# segment_iiif_link = https://impresso-project.ch/api/proxy/iiif/LSE-1949-01-26-a-p0006/1417,2210,401,42/full/0/default.jpg
M	O	O	O	O	O	O	_	_	NoSpaceAfter	_	_	_
.	O	O	O	O	O	O	_	_	_	_	_	_
Lange	O	O	O	O	O	O	_	_	NoSpaceAfter	_	_	_
,	O	O	O	O	O	O	_	_	_	_	_	_
ministre	O	O	O	O	O	O	_	_	_	_	_	_
norvégien	O	O	O	O	O	O	_	_	_	_	_	_
dss	O	O	O	O	O	O	_	_	_	_	_	_
affaires	O	O	O	O	O	O	_	_	_	_	_	_
étran	O	O	O	O	O	O	_	_	EndOfLine	_	_	_
# segment_iiif_link = https://impresso-project.ch/api/proxy/iiif/LSE-1949-01-26-a-p0006/1398,2229,420,42/full/0/default.jpg
gères	O	O	O	O	O	O	_	_	NoSpaceAfter	_	_	_
,	O	O	O	O	O	O	_	_	_	_	_	_
a	O	O	O	O	O	O	_	_	_	_	_	_
déclaré	O	O	O	O	O	O	_	_	_	_	_	_
à	O	O	O	O	O	O	_	_	_	_	_	_
un	O	O	O	O	O	O	_	_	_	_	_	_
reporter	O	O	O	O	O	O	_	_	_	_	_	_
de	O	O	O	O	O	O	_	_	_	_	_	_
la	O	O	O	O	O	O	_	_	_	_	_	_
radio	O	O	O	O	O	O	_	_	NoSpaceAfter	_	_	_
-	O	O	O	O	O	O	_	_	NoSpaceAfter	_	_	_
diffu	O	O	O	O	O	O	_	_	EndOfLine	_	_	_
# segment_iiif_link = https://impresso-project.ch/api/proxy/iiif/LSE-1949-01-26-a-p0006/1399,2248,419,42/full/0/default.jpg
radio	O	O	O	O	O	O	_	_	NoSpaceAfter	_	_	_
-	O	O	O	O	O	O	_	_	NoSpaceAfter	_	_	_
diffusion	O	O	O	O	O	O	_	_	_	_	_	_
de	O	O	O	O	O	O	_	_	_	_	_	_
son	O	O	O	O	O	O	_	_	_	_	_	_
pays	O	O	O	O	O	O	_	_	_	_	_	_
que	O	O	O	O	O	O	_	_	_	_	_	_
les	O	O	O	O	O	O	_	_	_	_	_	_
pourparlers	O	O	O	O	O	O	_	_	_	_	_	_
engagés	O	O	O	O	O	O	_	_	_	_	_	_
en	O	O	O	O	O	O	_	_	EndOfLine	_	_	_
# segment_iiif_link = https://impresso-project.ch/api/proxy/iiif/LSE-1949-01-26-a-p0006/1398,2267,419,42/full/0/default.jpg
entre	O	O	O	O	O	O	_	_	_	_	_	_
les	O	O	O	O	O	O	_	_	_	_	_	_
représentants	O	O	O	O	O	O	_	_	_	_	_	_
des	O	O	O	O	O	O	_	_	_	_	_	_
pays	O	O	O	O	O	O	_	_	_	_	_	_
scandinaves	O	O	O	O	O	O	_	_	_	_	_	_
ne	O	O	O	O	O	O	_	_	EndOfLine	_	_	_
# segment_iiif_link = https://impresso-project.ch/api/proxy/iiif/LSE-1949-01-26-a-p0006/1397,2286,420,42/full/0/default.jpg
visaient	O	O	O	O	O	O	_	_	_	_	_	_
nullement	O	O	O	O	O	O	_	_	_	_	_	_
à	O	O	O	O	O	O	_	_	_	_	_	_
amener	O	O	O	O	O	O	_	_	_	_	_	_
des	O	O	O	O	O	O	_	_	_	_	_	_
décisions	O	O	O	O	O	O	_	_	_	_	_	_
défini	O	O	O	O	O	O	_	_	EndOfLine	_	_	_
# segment_iiif_link = https://impresso-project.ch/api/proxy/iiif/LSE-1949-01-26-a-p0006/1399,2305,418,43/full/0/default.jpg
définitives	O	O	O	O	O	O	_	_	_	_	_	_
et	O	O	O	O	O	O	_	_	_	_	_	_
avaient	O	O	O	O	O	O	_	_	_	_	_	_
une	O	O	O	O	O	O	_	_	_	_	_	_
importance	O	O	O	O	O	O	_	_	_	_	_	_
et	O	O	O	O	O	O	_	_	_	_	_	_
un	O	O	O	O	O	O	_	_	_	_	_	_
caractère	O	O	O	O	O	O	_	_	EndOfLine	_	_	_
# segment_iiif_link = https://impresso-project.ch/api/proxy/iiif/LSE-1949-01-26-a-p0006/1398,2324,240,42/full/0/default.jpg
«	O	O	O	O	O	O	_	_	_	_	_	_
d	O	O	O	O	O	O	_	_	NoSpaceAfter	_	_	_
'	O	O	O	O	O	O	_	_	NoSpaceAfter	_	_	_
information	O	O	O	O	O	O	_	_	_	_	_	_
réciproque	O	O	O	O	O	O	_	_	_	_	_	_
»	O	O	O	O	O	O	_	_	NoSpaceAfter	_	_	_
.	O	O	O	O	O	O	_	_	EndOfLine	EndOfSentence	_	_
# segment_iiif_link = https://impresso-project.ch/api/proxy/iiif/LSE-1949-01-26-a-p0006/1417,2343,400,42/full/0/default.jpg
Il	O	O	O	O	O	O	_	_	_	_	_	_
a	O	O	O	O	O	O	_	_	_	_	_	_
ajouté	O	O	O	O	O	O	_	_	_	_	_	_
que	O	O	O	O	O	O	_	_	_	_	_	_
la	O	O	O	O	O	O	_	_	_	_	_	_
réuoion	O	O	O	O	O	O	_	_	_	_	_	_
de	O	O	O	O	O	O	_	_	_	_	_	_
Copenhague	O	O	O	O	O	O	_	_	_	_	_	_
avait	O	O	O	O	O	O	_	_	EndOfLine	_	_	_
# segment_iiif_link = https://impresso-project.ch/api/proxy/iiif/LSE-1949-01-26-a-p0006/1399,2361,418,43/full/0/default.jpg
donné	O	O	O	O	O	O	_	_	_	_	_	_
des	O	O	O	O	O	O	_	_	_	_	_	_
résultats	O	O	O	O	O	O	_	_	_	_	_	_
très	O	O	O	O	O	O	_	_	_	_	_	_
satisfaisants	O	O	O	O	O	O	_	_	NoSpaceAfter	_	_	_
,	O	O	O	O	O	O	_	_	_	_	_	_
qu	O	O	O	O	O	O	_	_	NoSpaceAfter	_	_	_
'	O	O	O	O	O	O	_	_	NoSpaceAfter	_	_	_
une	O	O	O	O	O	O	_	_	EndOfLine	_	_	_
# segment_iiif_link = https://impresso-project.ch/api/proxy/iiif/LSE-1949-01-26-a-p0006/1399,2381,418,42/full/0/default.jpg
entente	O	O	O	O	O	O	_	_	_	_	_	_
avait	O	O	O	O	O	O	_	_	_	_	_	_
pu	O	O	O	O	O	O	_	_	_	_	_	_
intervenir	O	O	O	O	O	O	_	_	_	_	_	_
sur	O	O	O	O	O	O	_	_	_	_	_	_
de	O	O	O	O	O	O	_	_	_	_	_	_
nombreux	O	O	O	O	O	O	_	_	EndOfLine	_	_	_
# segment_iiif_link = https://impresso-project.ch/api/proxy/iiif/LSE-1949-01-26-a-p0006/1398,2400,419,42/full/0/default.jpg
points	O	O	O	O	O	O	_	_	_	_	_	_
et	O	O	O	O	O	O	_	_	_	_	_	_
que	O	O	O	O	O	O	_	_	_	_	_	_
des	O	O	O	O	O	O	_	_	_	_	_	_
diveryences	O	O	O	O	O	O	_	_	NoSpaceAfter	_	_	_
,	O	O	O	O	O	O	_	_	_	_	_	_
nombreuses	O	O	O	O	O	O	_	_	_	_	_	_
aussi	O	O	O	O	O	O	_	_	NoSpaceAfter	_	_	_
,	O	O	O	O	O	O	_	_	EndOfLine	_	_	_
# segment_iiif_link = https://impresso-project.ch/api/proxy/iiif/LSE-1949-01-26-a-p0006/1398,2419,418,42/full/0/default.jpg
s	O	O	O	O	O	O	_	_	NoSpaceAfter	_	_	_
'	O	O	O	O	O	O	_	_	NoSpaceAfter	_	_	_
étaient	O	O	O	O	O	O	_	_	_	_	_	_
manifestées	O	O	O	O	O	O	_	_	NoSpaceAfter	_	_	_
,	O	O	O	O	O	O	_	_	_	_	_	_
notamment	O	O	O	O	O	O	_	_	_	_	_	_
à	O	O	O	O	O	O	_	_	_	_	_	_
propos	O	O	O	O	O	O	_	_	_	_	_	_
des	O	O	O	O	O	O	_	_	EndOfLine	_	_	_
# segment_iiif_link = https://impresso-project.ch/api/proxy/iiif/LSE-1949-01-26-a-p0006/1398,2438,419,42/full/0/default.jpg
conséquences	O	O	O	O	O	O	_	_	_	_	_	_
et	O	O	O	O	O	O	_	_	_	_	_	_
des	O	O	O	O	O	O	_	_	_	_	_	_
conditions	O	O	O	O	O	O	_	_	_	_	_	_
d	O	O	O	O	O	O	_	_	NoSpaceAfter	_	_	_
'	O	O	O	O	O	O	_	_	NoSpaceAfter	_	_	_
une	O	O	O	O	O	O	_	_	_	_	_	_
éventuelle	O	O	O	O	O	O	_	_	EndOfLine	_	_	_
# segment_iiif_link = https://impresso-project.ch/api/proxy/iiif/LSE-1949-01-26-a-p0006/1397,2457,335,42/full/0/default.jpg
union	O	O	O	O	O	O	_	_	_	_	_	_
défensive	O	O	O	O	O	O	_	_	_	_	_	_
des	O	O	O	O	O	O	_	_	_	_	_	_
pays	O	O	O	O	O	O	_	_	_	_	_	_
scandinaves	O	O	O	O	O	O	_	_	NoSpaceAfter	_	_	_
.	O	O	O	O	O	O	_	_	EndOfLine	EndOfSentence	_	_
# segment_iiif_link = https://impresso-project.ch/api/proxy/iiif/LSE-1949-01-26-a-p0006/1416,2476,401,42/full/0/default.jpg
Il	O	O	O	O	O	O	_	_	_	_	_	_
a	O	O	O	O	O	O	_	_	_	_	_	_
en	O	O	O	O	O	O	_	_	_	_	_	_
outre	O	O	O	O	O	O	_	_	_	_	_	_
précisé	O	O	O	O	O	O	_	_	_	_	_	_
que	O	O	O	O	O	O	_	_	_	_	_	_
si	O	O	O	O	O	O	_	_	_	_	_	_
la	O	O	O	O	O	O	_	_	_	_	_	_
Conférence	O	O	O	O	O	O	_	_	EndOfLine	_	_	_
# segment_iiif_link = https://impresso-project.ch/api/proxy/iiif/LSE-1949-01-26-a-p0006/1397,2494,420,43/full/0/default.jpg
d	O	O	O	O	O	O	_	_	NoSpaceAfter	_	_	_
’	O	O	O	O	O	O	_	_	NoSpaceAfter	_	_	_
Oslo	O	O	O	O	O	O	_	_	NoSpaceAfter	_	_	_
,	O	O	O	O	O	O	_	_	_	_	_	_
qui	O	O	O	O	O	O	_	_	_	_	_	_
doit	O	O	O	O	O	O	_	_	_	_	_	_
s	O	O	O	O	O	O	_	_	NoSpaceAfter	_	_	_
’	O	O	O	O	O	O	_	_	NoSpaceAfter	_	_	_
ouvrir	O	O	O	O	O	O	_	_	_	_	_	_
le	O	O	O	O	O	O	_	_	_	_	_	_
29	O	O	O	O	O	O	_	_	_	_	_	_
janvier	O	O	O	O	O	O	_	_	NoSpaceAfter	_	_	_
,	O	O	O	O	O	O	_	_	_	_	_	_
n	O	O	O	O	O	O	_	_	NoSpaceAfter	_	_	_
’	O	O	O	O	O	O	_	_	NoSpaceAfter	_	_	_
aboutissait	O	O	O	O	O	O	_	_	EndOfLine	_	_	_
# segment_iiif_link = https://impresso-project.ch/api/proxy/iiif/LSE-1949-01-26-a-p0006/1397,2514,419,42/full/0/default.jpg
à	O	O	O	O	O	O	_	_	_	_	_	_
aucune	O	O	O	O	O	O	_	_	_	_	_	_
accord	O	O	O	O	O	O	_	_	NoSpaceAfter	_	_	_
,	O	O	O	O	O	O	_	_	_	_	_	_
chacun	O	O	O	O	O	O	_	_	_	_	_	_
des	O	O	O	O	O	O	_	_	_	_	_	_
trois	O	O	O	O	O	O	_	_	_	_	_	_
Etats	O	O	O	O	O	O	_	_	_	_	_	_
scandi	O	O	O	O	O	O	_	_	EndOfLine	_	_	_
# segment_iiif_link = https://impresso-project.ch/api/proxy/iiif/LSE-1949-01-26-a-p0006/1396,2533,420,42/full/0/default.jpg
scandinaves	O	O	O	O	O	O	_	_	_	_	_	_
prendrait	O	O	O	O	O	O	_	_	_	_	_	_
ses	O	O	O	O	O	O	_	_	_	_	_	_
responsabilités	O	O	O	O	O	O	_	_	_	_	_	_
en	O	O	O	O	O	O	_	_	_	_	_	_
matière	O	O	O	O	O	O	_	_	EndOfLine	_	_	_
# segment_iiif_link = https://impresso-project.ch/api/proxy/iiif/LSE-1949-01-26-a-p0006/1396,2552,420,42/full/0/default.jpg
de	O	O	O	O	O	O	_	_	_	_	_	_
sécurité	O	O	O	O	O	O	_	_	_	_	_	_
et	O	O	O	O	O	O	_	_	_	_	_	_
de	O	O	O	O	O	O	_	_	_	_	_	_
défense	O	O	O	O	O	O	_	_	_	_	_	_
nationales	O	O	O	O	O	O	_	_	NoSpaceAfter	_	_	_
.	O	O	O	O	O	O	_	_	_	EndOfSentence	_	_
Au	O	O	O	O	O	O	_	_	_	_	_	_
demeu	O	O	O	O	O	O	_	_	EndOfLine	_	_	_
# segment_iiif_link = https://impresso-project.ch/api/proxy/iiif/LSE-1949-01-26-a-p0006/1396,2571,420,42/full/0/default.jpg
demeurant	O	O	O	O	O	O	_	_	NoSpaceAfter	_	_	_
,	O	O	O	O	O	O	_	_	_	_	_	_
quel	O	O	O	O	O	O	_	_	_	_	_	_
que	O	O	O	O	O	O	_	_	_	_	_	_
soit	O	O	O	O	O	O	_	_	_	_	_	_
le	O	O	O	O	O	O	_	_	_	_	_	_
tour	O	O	O	O	O	O	_	_	_	_	_	_
que	O	O	O	O	O	O	_	_	_	_	_	_
prennent	O	O	O	O	O	O	_	_	_	_	_	_
les	O	O	O	O	O	O	_	_	EndOfLine	_	_	_
# segment_iiif_link = https://impresso-project.ch/api/proxy/iiif/LSE-1949-01-26-a-p0006/1396,2590,420,42/full/0/default.jpg
choses	O	O	O	O	O	O	_	_	NoSpaceAfter	_	_	_
,	O	O	O	O	O	O	_	_	_	_	_	_
les	O	O	O	O	O	O	_	_	_	_	_	_
nations	O	O	O	O	O	O	_	_	_	_	_	_
scandinaves	O	O	O	O	O	O	_	_	_	_	_	_
continueront	O	O	O	O	O	O	_	_	_	_	_	_
de	O	O	O	O	O	O	_	_	EndOfLine	_	_	_
# segment_iiif_link = https://impresso-project.ch/api/proxy/iiif/LSE-1949-01-26-a-p0006/1396,2609,420,42/full/0/default.jpg
collaborer	O	O	O	O	O	O	_	_	_	_	_	_
entre	O	O	O	O	O	O	_	_	_	_	_	_
elles	O	O	O	O	O	O	_	_	NoSpaceAfter	_	_	_
,	O	O	O	O	O	O	_	_	_	_	_	_
comme	O	O	O	O	O	O	_	_	_	_	_	_
elles	O	O	O	O	O	O	_	_	_	_	_	_
l	O	O	O	O	O	O	_	_	NoSpaceAfter	_	_	_
’	O	O	O	O	O	O	_	_	NoSpaceAfter	_	_	_
ont	O	O	O	O	O	O	_	_	_	_	_	_
fait	O	O	O	O	O	O	_	_	_	_	_	_
au	O	O	O	O	O	O	_	_	EndOfLine	_	_	_
# segment_iiif_link = https://impresso-project.ch/api/proxy/iiif/LSE-1949-01-26-a-p0006/1396,2628,419,42/full/0/default.jpg
cours	O	O	O	O	O	O	_	_	_	_	_	_
des	O	O	O	O	O	O	_	_	_	_	_	_
deux	O	O	O	O	O	O	_	_	_	_	_	_
dernières	O	O	O	O	O	O	_	_	_	_	_	_
générations	O	O	O	O	O	O	_	_	NoSpaceAfter	_	_	_
,	O	O	O	O	O	O	_	_	_	_	_	_
(	O	O	O	O	O	O	_	_	NoSpaceAfter	_	_	_
Reuter	B-org	O	B-org.ent.pressagency.Reuters	O	O	O	Q130879	_	NoSpaceAfter	_	LED0.00	_
.	O	O	O	O	O	O	_	_	NoSpaceAfter	_	_	_
)	O	O	O	O	O	O	_	_	EndOfLine	EndOfSentence	_	_

# language = fr
# newspaper = indeplux
# date = 1872-06-27
# document_id = indeplux-1872-06-27-a-i0003
# news-agency-as-source = _
# segment_iiif_link = https://iiif.eluxemburgensia.lu/iiif/2/ark:%2f70795%2f1kg20v%2fpages%2f3/409,4667,227,51/full/0/default.jpg
Avis	O	O	O	O	O	O	_	_	_	_	_	_
séparé	O	O	O	O	O	O	_	_	NoSpaceAfter	_	_	_
.	O	O	O	O	O	O	_	_	EndOfLine	EndOfSentence	_	_
# segment_iiif_link = https://iiif.eluxemburgensia.lu/iiif/2/ark:%2f70795%2f1kg20v%2fpages%2f3/138,4716,820,53/full/0/default.jpg
Un	O	O	O	O	O	O	_	_	_	_	_	_
membre	O	O	O	O	O	O	_	_	_	_	_	_
du	O	O	O	O	O	O	_	_	_	_	_	_
Conseil	O	O	O	O	O	O	_	_	NoSpaceAfter	_	_	_
,	O	O	O	O	O	O	_	_	_	_	_	_
tout	O	O	O	O	O	O	_	_	_	_	_	_
en	O	O	O	O	O	O	_	_	_	_	_	_
donnant	O	O	O	O	O	O	_	_	EndOfLine	_	_	_
# segment_iiif_link = https://iiif.eluxemburgensia.lu/iiif/2/ark:%2f70795%2f1kg20v%2fpages%2f3/92,4771,861,43/full/0/default.jpg
son	O	O	O	O	O	O	_	_	_	_	_	_
vote	O	O	O	O	O	O	_	_	_	_	_	_
approbatif	O	O	O	O	O	O	_	_	_	_	_	_
au	O	O	O	O	O	O	_	_	_	_	_	_
traité	O	O	O	O	O	O	_	_	_	_	_	_
indivisible	O	O	O	O	O	O	_	_	_	_	_	_
du	O	O	O	O	O	O	_	_	EndOfLine	_	_	_
# segment_iiif_link = https://iiif.eluxemburgensia.lu/iiif/2/ark:%2f70795%2f1kg20v%2fpages%2f3/96,4808,859,48/full/0/default.jpg
1	O	O	O	O	O	O	_	_	_	_	_	_
1	O	O	O	O	O	O	_	_	_	_	_	_
juin	O	O	O	O	O	O	_	_	NoSpaceAfter	_	_	_
,	O	O	O	O	O	O	_	_	_	_	_	_
soumis	O	O	O	O	O	O	_	_	_	_	_	_
au	O	O	O	O	O	O	_	_	_	_	_	_
Conseil	O	O	O	O	O	O	_	_	NoSpaceAfter	_	_	_
,	O	O	O	O	O	O	_	_	_	_	_	_
et	O	O	O	O	O	O	_	_	_	_	_	_
au	O	O	O	O	O	O	_	_	_	_	_	_
projet	O	O	O	O	O	O	_	_	_	_	_	_
de	O	O	O	O	O	O	_	_	EndOfLine	_	_	_
# segment_iiif_link = https://iiif.eluxemburgensia.lu/iiif/2/ark:%2f70795%2f1kg20v%2fpages%2f3/92,4850,867,53/full/0/default.jpg
loi	O	O	O	O	O	O	_	_	_	_	_	_
destiné	O	O	O	O	O	O	_	_	_	_	_	_
à	O	O	O	O	O	O	_	_	_	_	_	_
le	O	O	O	O	O	O	_	_	_	_	_	_
sanctionner	O	O	O	O	O	O	_	_	NoSpaceAfter	_	_	_
,	O	O	O	O	O	O	_	_	_	_	_	_
regrette	O	O	O	O	O	O	_	_	_	_	_	_
que	O	O	O	O	O	O	_	_	EndOfLine	_	_	_
# segment_iiif_link = https://iiif.eluxemburgensia.lu/iiif/2/ark:%2f70795%2f1kg20v%2fpages%2f3/93,4901,866,62/full/0/default.jpg
quelques	O	O	O	O	O	O	_	_	_	_	_	_
pièces	O	O	O	O	O	O	_	_	_	_	_	_
importantes	O	O	O	O	O	O	_	_	_	_	_	_
seulement	O	O	O	O	O	O	_	_	_	_	_	_
du	O	O	O	O	O	O	_	_	EndOfLine	_	_	_
# segment_iiif_link = https://iiif.eluxemburgensia.lu/iiif/2/ark:%2f70795%2f1kg20v%2fpages%2f3/94,4940,866,58/full/0/default.jpg
dossier	O	O	O	O	O	O	_	_	_	_	_	_
concernant	O	O	O	O	O	O	_	_	_	_	_	_
cette	O	O	O	O	O	O	_	_	_	_	_	_
grave	O	O	O	O	O	O	_	_	_	_	_	_
affaire	O	O	O	O	O	O	_	_	_	_	_	_
aient	O	O	O	O	O	O	_	_	EndOfLine	_	_	_
# segment_iiif_link = https://iiif.eluxemburgensia.lu/iiif/2/ark:%2f70795%2f1kg20v%2fpages%2f3/94,4984,862,55/full/0/default.jpg
été	O	O	O	O	O	O	_	_	_	_	_	_
communiquées	O	O	O	O	O	O	_	_	NoSpaceAfter	_	_	_
.	O	O	O	O	O	O	_	_	_	EndOfSentence	_	_
U	O	O	O	O	O	O	_	_	_	_	_	_
eut	O	O	O	O	O	O	_	_	_	_	_	_
été	O	O	O	O	O	O	_	_	_	_	_	_
important	O	O	O	O	O	O	_	_	_	_	_	_
que	O	O	O	O	O	O	_	_	EndOfLine	_	_	_
# segment_iiif_link = https://iiif.eluxemburgensia.lu/iiif/2/ark:%2f70795%2f1kg20v%2fpages%2f3/94,5025,864,51/full/0/default.jpg
le	O	O	O	O	O	O	_	_	_	_	_	_
Conseil	O	O	O	O	O	O	_	_	_	_	_	_
eût	O	O	O	O	O	O	_	_	_	_	_	_
pu	O	O	O	O	O	O	_	_	_	_	_	_
en	O	O	O	O	O	O	_	_	_	_	_	_
apprécier	O	O	O	O	O	O	_	_	_	_	_	_
tous	O	O	O	O	O	O	_	_	_	_	_	_
les	O	O	O	O	O	O	_	_	_	_	_	_
dé	O	O	O	O	O	O	_	_	NoSpaceAfter	_	_	_
-	O	O	O	O	O	O	_	_	EndOfLine	_	_	_
# segment_iiif_link = https://iiif.eluxemburgensia.lu/iiif/2/ark:%2f70795%2f1kg20v%2fpages%2f3/94,5068,865,74/full/0/default.jpg
tai	O	O	O	O	O	O	_	_	NoSpaceAfter	_	_	_
)	O	O	O	O	O	O	_	_	NoSpaceAfter	_	_	_
s	O	O	O	O	O	O	_	_	NoSpaceAfter	_	_	_
,	O	O	O	O	O	O	_	_	_	_	_	_
connaître	O	O	O	O	O	O	_	_	_	_	_	_
la	O	O	O	O	O	O	_	_	_	_	_	_
marche	O	O	O	O	O	O	_	_	_	_	_	_
des	O	O	O	O	O	O	_	_	_	_	_	_
négociations	O	O	O	O	O	O	_	_	EndOfLine	_	_	_
# segment_iiif_link = https://iiif.eluxemburgensia.lu/iiif/2/ark:%2f70795%2f1kg20v%2fpages%2f3/96,5118,863,64/full/0/default.jpg
3U	O	O	O	O	O	O	_	_	NoSpaceAfter	_	_	_
}	O	O	O	O	O	O	_	_	_	_	_	_
ont	O	O	O	O	O	O	_	_	_	_	_	_
été	O	O	O	O	O	O	_	_	_	_	_	_
suivies	O	O	O	O	O	O	_	_	_	_	_	_
à	O	O	O	O	O	O	_	_	_	_	_	_
Berlin	O	O	O	O	O	O	_	_	NoSpaceAfter	_	_	_
,	O	O	O	O	O	O	_	_	_	_	_	_
les	O	O	O	O	O	O	_	_	_	_	_	_
propositions	O	O	O	O	O	O	_	_	EndOfLine	_	_	_
# segment_iiif_link = https://iiif.eluxemburgensia.lu/iiif/2/ark:%2f70795%2f1kg20v%2fpages%2f3/99,5161,860,83/full/0/default.jpg
Primitives	O	O	O	O	O	O	_	_	_	_	_	_
qui	O	O	O	O	O	O	_	_	_	_	_	_
ont	O	O	O	O	O	O	_	_	_	_	_	_
été	O	O	O	O	O	O	_	_	_	_	_	_
présentées	O	O	O	O	O	O	_	_	_	_	_	_
à	O	O	O	O	O	O	_	_	_	_	_	_
la	O	O	O	O	O	O	_	_	_	_	_	_
Chan	O	O	O	O	O	O	_	_	NoSpaceAfter	_	_	_
-	O	O	O	O	O	O	_	_	EndOfLine	_	_	_
# segment_iiif_link = https://iiif.eluxemburgensia.lu/iiif/2/ark:%2f70795%2f1kg20v%2fpages%2f3/96,5238,863,51/full/0/default.jpg
ciat	O	O	O	O	O	O	_	_	_	_	_	_
ie	O	O	O	O	O	O	_	_	_	_	_	_
Allemande	O	O	O	O	O	O	_	_	NoSpaceAfter	_	_	_
,	O	O	O	O	O	O	_	_	_	_	_	_
les	O	O	O	O	O	O	_	_	_	_	_	_
rapports	O	O	O	O	O	O	_	_	_	_	_	_
des	O	O	O	O	O	O	_	_	_	_	_	_
négo	O	O	O	O	O	O	_	_	NoSpaceAfter	_	_	_
-	O	O	O	O	O	O	_	_	EndOfLine	_	_	_
# segment_iiif_link = https://iiif.eluxemburgensia.lu/iiif/2/ark:%2f70795%2f1kg20v%2fpages%2f3/98,5279,862,47/full/0/default.jpg
(	O	O	O	O	O	O	_	_	NoSpaceAfter	_	_	_
in	O	O	O	O	O	O	_	_	_	_	_	_
fUr	O	O	O	O	O	O	_	_	_	_	_	_
1	O	O	O	O	O	O	_	_	_	_	_	_
chargés	O	O	O	O	O	O	_	_	_	_	_	_
de	O	O	O	O	O	O	_	_	_	_	_	_
cette	O	O	O	O	O	O	_	_	_	_	_	_
mission	O	O	O	O	O	O	_	_	_	_	_	_
par	O	O	O	O	O	O	_	_	_	_	_	_
le	O	O	O	O	O	O	_	_	EndOfLine	_	_	_
# segment_iiif_link = https://iiif.eluxemburgensia.lu/iiif/2/ark:%2f70795%2f1kg20v%2fpages%2f3/150,5299,465,81/full/0/default.jpg
Jument	O	O	O	O	O	O	_	_	_	_	_	_
grand	O	O	O	O	O	O	_	_	NoSpaceAfter	_	_	_
-	O	O	O	O	O	O	_	_	NoSpaceAfter	_	_	_
ducal	O	O	O	O	O	O	_	_	NoSpaceAfter	_	_	_
.	O	O	O	O	O	O	_	_	EndOfLine	EndOfSentence	_	_
# segment_iiif_link = https://iiif.eluxemburgensia.lu/iiif/2/ark:%2f70795%2f1kg20v%2fpages%2f3/96,5348,862,76/full/0/default.jpg
0bii	O	O	O	O	O	O	_	_	NoSpaceAfter	_	_	_
~	O	O	O	O	O	O	_	_	NoSpaceAfter	_	_	_
AS	O	O	O	O	O	O	_	_	NoSpaceAfter	_	_	_
\	O	O	O	O	O	O	_	_	_	_	_	_
e	O	O	O	O	O	O	_	_	_	_	_	_
Conseil	O	O	O	O	O	O	_	_	_	_	_	_
n	O	O	O	O	O	O	_	_	NoSpaceAfter	_	_	_
’	O	O	O	O	O	O	_	_	NoSpaceAfter	_	_	_
eût	O	O	O	O	O	O	_	_	_	_	_	_
peut	O	O	O	O	O	O	_	_	NoSpaceAfter	_	_	_
-	O	O	O	O	O	O	_	_	NoSpaceAfter	_	_	_
être	O	O	O	O	O	O	_	_	_	_	_	_
pas	O	O	O	O	O	O	_	_	_	_	_	_
été	O	O	O	O	O	O	_	_	EndOfLine	_	_	_
# segment_iiif_link = https://iiif.eluxemburgensia.lu/iiif/2/ark:%2f70795%2f1kg20v%2fpages%2f3/94,5420,865,48/full/0/default.jpg
Droha	O	O	O	O	O	O	_	_	NoSpaceAfter	_	_	_
*	O	O	O	O	O	O	_	_	NoSpaceAfter	_	_	_
;	O	O	O	O	O	O	_	_	NoSpaceAfter	_	_	_
™	O	O	O	O	O	O	_	_	_	_	_	_
f	O	O	O	O	O	O	_	_	NoSpaceAfter	_	_	_
?	O	O	O	O	O	O	_	_	NoSpaceAfter	EndOfSentence	_	_
*	O	O	O	O	O	O	_	_	NoSpaceAfter	_	_	_
r	O	O	O	O	O	O	_	_	NoSpaceAfter	_	_	_
°	O	O	O	O	O	O	_	_	_	_	_	_
des	O	O	O	O	O	O	_	_	_	_	_	_
réserves	O	O	O	O	O	O	_	_	_	_	_	_
au	O	O	O	O	O	O	_	_	_	_	_	_
sujet	O	O	O	O	O	O	_	_	_	_	_	_
de	O	O	O	O	O	O	_	_	_	_	_	_
l	O	O	O	O	O	O	_	_	NoSpaceAfter	_	_	_
’	O	O	O	O	O	O	_	_	NoSpaceAfter	_	_	_
ap	O	O	O	O	O	O	_	_	NoSpaceAfter	_	_	_
-	O	O	O	O	O	O	_	_	EndOfLine	_	_	_
# segment_iiif_link = https://iiif.eluxemburgensia.lu/iiif/2/ark:%2f70795%2f1kg20v%2fpages%2f3/95,5468,864,49/full/0/default.jpg
rantes	O	O	O	O	O	O	_	_	_	_	_	_
fin	O	O	O	O	O	O	_	_	_	_	_	_
?	O	O	O	O	O	O	_	_	NoSpaceAfter	EndOfSentence	_	_
U	O	O	O	O	O	O	_	_	NoSpaceAfter	_	_	_
.	O	O	O	O	O	O	_	_	_	EndOfSentence	_	_
trait	O	O	O	O	O	O	_	_	NoSpaceAfter	_	_	_
®	O	O	O	O	O	O	_	_	_	_	_	_
Par	O	O	O	O	O	O	_	_	_	_	_	_
l08	O	O	O	O	O	O	_	_	_	_	_	_
Puissances	O	O	O	O	O	O	_	_	_	_	_	_
ga	O	O	O	O	O	O	_	_	NoSpaceAfter	_	_	_
-	O	O	O	O	O	O	_	_	EndOfLine	_	_	_
# segment_iiif_link = https://iiif.eluxemburgensia.lu/iiif/2/ark:%2f70795%2f1kg20v%2fpages%2f3/94,5511,867,49/full/0/default.jpg
nn	O	O	O	O	O	O	_	_	NoSpaceAfter	_	_	_
’	O	O	O	O	O	O	_	_	NoSpaceAfter	_	_	_
il	O	O	O	O	O	O	_	_	_	_	_	_
rô	O	O	O	O	O	O	_	_	_	_	_	_
urait6	O	O	O	O	O	O	_	_	_	_	_	_
Londres	O	O	O	O	O	O	_	_	_	_	_	_
de	O	O	O	O	O	O	_	_	_	_	_	_
1867	O	O	O	O	O	O	_	_	NoSpaceAfter	_	_	_
,	O	O	O	O	O	O	_	_	_	_	_	_
puis	O	O	O	O	O	O	_	_	NoSpaceAfter	_	_	_
-	O	O	O	O	O	O	_	_	EndOfLine	_	_	_
# segment_iiif_link = https://iiif.eluxemburgensia.lu/iiif/2/ark:%2f70795%2f1kg20v%2fpages%2f3/94,5524,866,55/full/0/default.jpg
qu	O	O	O	O	O	O	_	_	_	_	_	_
.1	O	O	O	O	O	O	_	_	_	_	_	_
resuite	O	O	O	O	O	O	_	_	_	_	_	_
du	O	O	O	O	O	O	_	_	_	_	_	_
dernier	O	O	O	O	O	O	_	_	_	_	_	_
§	O	O	O	O	O	O	_	_	_	_	_	_
contenant	O	O	O	O	O	O	_	_	_	_	_	_
les	O	O	O	O	O	O	_	_	_	_	_	_
ob	O	O	O	O	O	O	_	_	NoSpaceAfter	_	_	_
-	O	O	O	O	O	O	_	_	EndOfLine	_	_	_
# segment_iiif_link = https://iiif.eluxemburgensia.lu/iiif/2/ark:%2f70795%2f1kg20v%2fpages%2f3/1008,246,857,51/full/0/default.jpg
servations	O	O	O	O	O	O	_	_	_	_	_	_
des	O	O	O	O	O	O	_	_	_	_	_	_
négociateurs	O	O	O	O	O	O	_	_	_	_	_	_
Luxembourgeois	O	O	O	O	O	O	_	_	EndOfLine	_	_	_
# segment_iiif_link = https://iiif.eluxemburgensia.lu/iiif/2/ark:%2f70795%2f1kg20v%2fpages%2f3/1008,292,859,62/full/0/default.jpg
(	O	O	O	O	O	O	_	_	NoSpaceAfter	_	_	_
p	O	O	O	O	O	O	_	_	NoSpaceAfter	_	_	_
.	O	O	O	O	O	O	_	_	_	_	_	_
18	O	O	O	O	O	O	_	_	_	_	_	_
du	O	O	O	O	O	O	_	_	_	_	_	_
recueil	O	O	O	O	O	O	_	_	_	_	_	_
publié	O	O	O	O	O	O	_	_	NoSpaceAfter	_	_	_
)	O	O	O	O	O	O	_	_	NoSpaceAfter	_	_	_
,	O	O	O	O	O	O	_	_	_	_	_	_
que	O	O	O	O	O	O	_	_	_	_	_	_
déjà	O	O	O	O	O	O	_	_	_	_	_	_
dans	O	O	O	O	O	O	_	_	_	_	_	_
la	O	O	O	O	O	O	_	_	EndOfLine	_	_	_
# segment_iiif_link = https://iiif.eluxemburgensia.lu/iiif/2/ark:%2f70795%2f1kg20v%2fpages%2f3/1008,330,858,57/full/0/default.jpg
deuxième	O	O	O	O	O	O	_	_	_	_	_	_
conférence	O	O	O	O	O	O	_	_	_	_	_	_
il	O	O	O	O	O	O	_	_	_	_	_	_
avait	O	O	O	O	O	O	_	_	_	_	_	_
été	O	O	O	O	O	O	_	_	_	_	_	_
convenu	O	O	O	O	O	O	_	_	EndOfLine	_	_	_
# segment_iiif_link = https://iiif.eluxemburgensia.lu/iiif/2/ark:%2f70795%2f1kg20v%2fpages%2f3/1007,392,857,51/full/0/default.jpg
que	O	O	O	O	O	O	_	_	_	_	_	_
la	O	O	O	O	O	O	_	_	_	_	_	_
signature	O	O	O	O	O	O	_	_	_	_	_	_
du	O	O	O	O	O	O	_	_	_	_	_	_
document	O	O	O	O	O	O	_	_	_	_	_	_
officiel	O	O	O	O	O	O	_	_	_	_	_	_
ne	O	O	O	O	O	O	_	_	EndOfLine	_	_	_
# segment_iiif_link = https://iiif.eluxemburgensia.lu/iiif/2/ark:%2f70795%2f1kg20v%2fpages%2f3/1007,421,859,56/full/0/default.jpg
devait	O	O	O	O	O	O	_	_	_	_	_	_
être	O	O	O	O	O	O	_	_	_	_	_	_
donnée	O	O	O	O	O	O	_	_	_	_	_	_
qu	O	O	O	O	O	O	_	_	NoSpaceAfter	_	_	_
’	O	O	O	O	O	O	_	_	NoSpaceAfter	_	_	_
après	O	O	O	O	O	O	_	_	_	_	_	_
l	O	O	O	O	O	O	_	_	NoSpaceAfter	_	_	_
’	O	O	O	O	O	O	_	_	NoSpaceAfter	_	_	_
adhésion	O	O	O	O	O	O	_	_	_	_	_	_
des	O	O	O	O	O	O	_	_	EndOfLine	_	_	_
# segment_iiif_link = https://iiif.eluxemburgensia.lu/iiif/2/ark:%2f70795%2f1kg20v%2fpages%2f3/1006,471,858,55/full/0/default.jpg
Puissances	O	O	O	O	O	O	_	_	_	_	_	_
garantes	O	O	O	O	O	O	_	_	NoSpaceAfter	_	_	_
,	O	O	O	O	O	O	_	_	_	_	_	_
ce	O	O	O	O	O	O	_	_	_	_	_	_
qui	O	O	O	O	O	O	_	_	_	_	_	_
explique	O	O	O	O	O	O	_	_	_	_	_	_
l	O	O	O	O	O	O	_	_	NoSpaceAfter	_	_	_
’	O	O	O	O	O	O	_	_	NoSpaceAfter	_	_	_
absence	O	O	O	O	O	O	_	_	EndOfLine	_	_	_
# segment_iiif_link = https://iiif.eluxemburgensia.lu/iiif/2/ark:%2f70795%2f1kg20v%2fpages%2f3/1008,517,858,54/full/0/default.jpg
d	O	O	O	O	O	O	_	_	NoSpaceAfter	_	_	_
’	O	O	O	O	O	O	_	_	NoSpaceAfter	_	_	_
une	O	O	O	O	O	O	_	_	_	_	_	_
stipulation	O	O	O	O	O	O	_	_	NoSpaceAfter	_	_	_
,	O	O	O	O	O	O	_	_	_	_	_	_
à	O	O	O	O	O	O	_	_	_	_	_	_
cet	O	O	O	O	O	O	_	_	_	_	_	_
égard	O	O	O	O	O	O	_	_	NoSpaceAfter	_	_	_
,	O	O	O	O	O	O	_	_	_	_	_	_
dans	O	O	O	O	O	O	_	_	_	_	_	_
le	O	O	O	O	O	O	_	_	_	_	_	_
contre	O	O	O	O	O	O	_	_	_	_	_	_
-	O	O	O	O	O	O	_	_	EndOfLine	_	_	_
# segment_iiif_link = https://iiif.eluxemburgensia.lu/iiif/2/ark:%2f70795%2f1kg20v%2fpages%2f3/1006,564,861,62/full/0/default.jpg
projet	O	O	O	O	O	O	_	_	_	_	_	_
de	O	O	O	O	O	O	_	_	_	_	_	_
la	O	O	O	O	O	O	_	_	_	_	_	_
Chancellerie	O	O	O	O	O	O	_	_	_	_	_	_
du	O	O	O	O	O	O	_	_	_	_	_	_
28	O	O	O	O	O	O	_	_	_	_	_	_
avril	O	O	O	O	O	O	_	_	NoSpaceAfter	_	_	_
;	O	O	O	O	O	O	_	_	_	_	_	_
et	O	O	O	O	O	O	_	_	EndOfLine	_	_	_
# segment_iiif_link = https://iiif.eluxemburgensia.lu/iiif/2/ark:%2f70795%2f1kg20v%2fpages%2f3/1007,608,859,53/full/0/default.jpg
l	O	O	O	O	O	O	_	_	NoSpaceAfter	_	_	_
’	O	O	O	O	O	O	_	_	NoSpaceAfter	_	_	_
on	O	O	O	O	O	O	_	_	_	_	_	_
ne	O	O	O	O	O	O	_	_	_	_	_	_
comprend	O	O	O	O	O	O	_	_	_	_	_	_
pas	O	O	O	O	O	O	_	_	_	_	_	_
dès	O	O	O	O	O	O	_	_	_	_	_	_
lors	O	O	O	O	O	O	_	_	_	_	_	_
pourquoi	O	O	O	O	O	O	_	_	NoSpaceAfter	_	_	_
,	O	O	O	O	O	O	_	_	EndOfLine	_	_	_
# segment_iiif_link = https://iiif.eluxemburgensia.lu/iiif/2/ark:%2f70795%2f1kg20v%2fpages%2f3/1008,654,856,53/full/0/default.jpg
dans	O	O	O	O	O	O	_	_	_	_	_	_
l	O	O	O	O	O	O	_	_	NoSpaceAfter	_	_	_
’	O	O	O	O	O	O	_	_	NoSpaceAfter	_	_	_
exposé	O	O	O	O	O	O	_	_	_	_	_	_
des	O	O	O	O	O	O	_	_	_	_	_	_
motifs	O	O	O	O	O	O	_	_	_	_	_	_
à	O	O	O	O	O	O	_	_	_	_	_	_
l	O	O	O	O	O	O	_	_	NoSpaceAfter	_	_	_
’	O	O	O	O	O	O	_	_	NoSpaceAfter	_	_	_
appui	O	O	O	O	O	O	_	_	_	_	_	_
du	O	O	O	O	O	O	_	_	_	_	_	_
contre	O	O	O	O	O	O	_	_	NoSpaceAfter	_	_	_
-	O	O	O	O	O	O	_	_	EndOfLine	_	_	_
# segment_iiif_link = https://iiif.eluxemburgensia.lu/iiif/2/ark:%2f70795%2f1kg20v%2fpages%2f3/1007,701,857,62/full/0/default.jpg
projet	O	O	O	O	O	O	_	_	_	_	_	_
Luxembourgeois	O	O	O	O	O	O	_	_	_	_	_	_
du	O	O	O	O	O	O	_	_	_	_	_	_
17	O	O	O	O	O	O	_	_	_	_	_	_
mai	O	O	O	O	O	O	_	_	_	_	_	_
(	O	O	O	O	O	O	_	_	NoSpaceAfter	_	_	_
p	O	O	O	O	O	O	_	_	NoSpaceAfter	_	_	_
.	O	O	O	O	O	O	_	_	_	_	_	_
24	O	O	O	O	O	O	_	_	NoSpaceAfter	_	_	_
,	O	O	O	O	O	O	_	_	_	_	_	_
2	O	O	O	O	O	O	_	_	NoSpaceAfter	_	_	_
°	O	O	O	O	O	O	_	_	NoSpaceAfter	_	_	_
)	O	O	O	O	O	O	_	_	NoSpaceAfter	_	_	_
,	O	O	O	O	O	O	_	_	EndOfLine	_	_	_
# segment_iiif_link = https://iiif.eluxemburgensia.lu/iiif/2/ark:%2f70795%2f1kg20v%2fpages%2f3/1008,757,858,41/full/0/default.jpg
on	O	O	O	O	O	O	_	_	_	_	_	_
ait	O	O	O	O	O	O	_	_	_	_	_	_
demandé	O	O	O	O	O	O	_	_	_	_	_	_
que	O	O	O	O	O	O	_	_	_	_	_	_
la	O	O	O	O	O	O	_	_	_	_	_	_
ratification	O	O	O	O	O	O	_	_	NoSpaceAfter	_	_	_
,	O	O	O	O	O	O	_	_	_	_	_	_
à	O	O	O	O	O	O	_	_	_	_	_	_
donner	O	O	O	O	O	O	_	_	EndOfLine	_	_	_
# segment_iiif_link = https://iiif.eluxemburgensia.lu/iiif/2/ark:%2f70795%2f1kg20v%2fpages%2f3/1008,803,857,41/full/0/default.jpg
au	O	O	O	O	O	O	_	_	_	_	_	_
préalable	O	O	O	O	O	O	_	_	_	_	_	_
cepen	O	O	O	O	O	O	_	_	_	_	_	_
ant	O	O	O	O	O	O	_	_	_	_	_	_
par	O	O	O	O	O	O	_	_	_	_	_	_
les	O	O	O	O	O	O	_	_	_	_	_	_
Puissances	O	O	O	O	O	O	_	_	EndOfLine	_	_	_
# segment_iiif_link = https://iiif.eluxemburgensia.lu/iiif/2/ark:%2f70795%2f1kg20v%2fpages%2f3/1007,839,726,61/full/0/default.jpg
garantes	O	O	O	O	O	O	_	_	NoSpaceAfter	_	_	_
,	O	O	O	O	O	O	_	_	_	_	_	_
figurât	O	O	O	O	O	O	_	_	_	_	_	_
dans	O	O	O	O	O	O	_	_	_	_	_	_
le	O	O	O	O	O	O	_	_	_	_	_	_
traité	O	O	O	O	O	O	_	_	_	_	_	_
même	O	O	O	O	O	O	_	_	NoSpaceAfter	_	_	_
.	O	O	O	O	O	O	_	_	EndOfLine	EndOfSentence	_	_
# segment_iiif_link = https://iiif.eluxemburgensia.lu/iiif/2/ark:%2f70795%2f1kg20v%2fpages%2f3/1051,883,814,51/full/0/default.jpg
Ainsi	O	O	O	O	O	O	_	_	_	_	_	_
le	O	O	O	O	O	O	_	_	_	_	_	_
Conseil	O	O	O	O	O	O	_	_	_	_	_	_
n	O	O	O	O	O	O	_	_	NoSpaceAfter	_	_	_
’	O	O	O	O	O	O	_	_	NoSpaceAfter	_	_	_
a	O	O	O	O	O	O	_	_	_	_	_	_
encore	O	O	O	O	O	O	_	_	_	_	_	_
reçu	O	O	O	O	O	O	_	_	_	_	_	_
aucun	O	O	O	O	O	O	_	_	EndOfLine	_	_	_
# segment_iiif_link = https://iiif.eluxemburgensia.lu/iiif/2/ark:%2f70795%2f1kg20v%2fpages%2f3/1007,928,860,62/full/0/default.jpg
renseignement	O	O	O	O	O	O	_	_	_	_	_	_
au	O	O	O	O	O	O	_	_	_	_	_	_
sujet	O	O	O	O	O	O	_	_	_	_	_	_
de	O	O	O	O	O	O	_	_	_	_	_	_
la	O	O	O	O	O	O	_	_	_	_	_	_
combinaison	O	O	O	O	O	O	_	_	EndOfLine	_	_	_
# segment_iiif_link = https://iiif.eluxemburgensia.lu/iiif/2/ark:%2f70795%2f1kg20v%2fpages%2f3/1008,973,858,51/full/0/default.jpg
d	O	O	O	O	O	O	_	_	NoSpaceAfter	_	_	_
’	O	O	O	O	O	O	_	_	NoSpaceAfter	_	_	_
une	O	O	O	O	O	O	_	_	_	_	_	_
Société	O	O	O	O	O	O	_	_	_	_	_	_
composée	O	O	O	O	O	O	_	_	_	_	_	_
d	O	O	O	O	O	O	_	_	NoSpaceAfter	_	_	_
’	O	O	O	O	O	O	_	_	NoSpaceAfter	_	_	_
éléments	O	O	O	O	O	O	_	_	_	_	_	_
allemands	O	O	O	O	O	O	_	_	EndOfLine	_	_	_
# segment_iiif_link = https://iiif.eluxemburgensia.lu/iiif/2/ark:%2f70795%2f1kg20v%2fpages%2f3/1008,1021,841,49/full/0/default.jpg
et	O	O	O	O	O	O	_	_	_	_	_	_
constituée	O	O	O	O	O	O	_	_	_	_	_	_
d	O	O	O	O	O	O	_	_	NoSpaceAfter	_	_	_
’	O	O	O	O	O	O	_	_	NoSpaceAfter	_	_	_
une	O	O	O	O	O	O	_	_	_	_	_	_
manière	O	O	O	O	O	O	_	_	_	_	_	_
qui	O	O	O	O	O	O	_	_	_	_	_	_
devait	O	O	O	O	O	O	_	_	EndOfLine	_	_	_
# segment_iiif_link = https://iiif.eluxemburgensia.lu/iiif/2/ark:%2f70795%2f1kg20v%2fpages%2f3/1008,1073,843,42/full/0/default.jpg
rassurer	O	O	O	O	O	O	_	_	_	_	_	_
le	O	O	O	O	O	O	_	_	_	_	_	_
Gouvernement	O	O	O	O	O	O	_	_	_	_	_	_
Allemand	O	O	O	O	O	O	_	_	NoSpaceAfter	_	_	_
,	O	O	O	O	O	O	_	_	EndOfLine	_	_	_
# segment_iiif_link = https://iiif.eluxemburgensia.lu/iiif/2/ark:%2f70795%2f1kg20v%2fpages%2f3/1007,1118,844,41/full/0/default.jpg
combinaison	O	O	O	O	O	O	_	_	_	_	_	_
dont	O	O	O	O	O	O	_	_	_	_	_	_
parle	O	O	O	O	O	O	_	_	_	_	_	_
la	O	O	O	O	O	O	_	_	_	_	_	_
lettre	O	O	O	O	O	O	_	_	_	_	_	_
—	O	O	O	O	O	O	_	_	_	_	_	_
instructions	O	O	O	O	O	O	_	_	EndOfLine	_	_	_
# segment_iiif_link = https://iiif.eluxemburgensia.lu/iiif/2/ark:%2f70795%2f1kg20v%2fpages%2f3/1006,1151,861,51/full/0/default.jpg
données	O	O	O	O	O	O	_	_	_	_	_	_
aux	O	O	O	O	O	O	_	_	_	_	_	_
négociateurs	O	O	O	O	O	O	_	_	NoSpaceAfter	_	_	_
,	O	O	O	O	O	O	_	_	_	_	_	_
du	O	O	O	O	O	O	_	_	_	_	_	_
16	O	O	O	O	O	O	_	_	_	_	_	_
mars	O	O	O	O	O	O	_	_	_	_	_	_
1872	O	O	O	O	O	O	_	_	NoSpaceAfter	_	_	_
,	O	O	O	O	O	O	_	_	_	_	_	_
et	O	O	O	O	O	O	_	_	EndOfLine	_	_	_
# segment_iiif_link = https://iiif.eluxemburgensia.lu/iiif/2/ark:%2f70795%2f1kg20v%2fpages%2f3/1007,1205,861,53/full/0/default.jpg
que	O	O	O	O	O	O	_	_	_	_	_	_
le	O	O	O	O	O	O	_	_	_	_	_	_
Gouvernement	O	O	O	O	O	O	_	_	_	_	_	_
Luxembourgeois	O	O	O	O	O	O	_	_	_	_	_	_
aurait	O	O	O	O	O	O	_	_	EndOfLine	_	_	_
# segment_iiif_link = https://iiif.eluxemburgensia.lu/iiif/2/ark:%2f70795%2f1kg20v%2fpages%2f3/1007,1241,846,54/full/0/default.jpg
été	O	O	O	O	O	O	_	_	_	_	_	_
dans	O	O	O	O	O	O	_	_	_	_	_	_
le	O	O	O	O	O	O	_	_	_	_	_	_
cas	O	O	O	O	O	O	_	_	_	_	_	_
de	O	O	O	O	O	O	_	_	_	_	_	_
soumettre	O	O	O	O	O	O	_	_	_	_	_	_
à	O	O	O	O	O	O	_	_	_	_	_	_
la	O	O	O	O	O	O	_	_	EndOfLine	_	_	_
# segment_iiif_link = https://iiif.eluxemburgensia.lu/iiif/2/ark:%2f70795%2f1kg20v%2fpages%2f3/1761,1240,92,53/full/0/default.jpg
Chancelle	O	O	O	O	O	O	_	_	EndOfLine|NoSpaceAfter	_	_	_
# segment_iiif_link = https://iiif.eluxemburgensia.lu/iiif/2/ark:%2f70795%2f1kg20v%2fpages%2f3/1053,1329,815,64/full/0/default.jpg
rie	O	O	O	O	O	O	_	_	NoSpaceAfter	_	_	_
.	O	O	O	O	O	O	_	_	_	EndOfSentence	_	_
Déposé	O	O	O	O	O	O	_	_	_	_	_	_
en	O	O	O	O	O	O	_	_	_	_	_	_
séance	O	O	O	O	O	O	_	_	_	_	_	_
du	O	O	O	O	O	O	_	_	_	_	_	_
21	O	O	O	O	O	O	_	_	_	_	_	_
juin	O	O	O	O	O	O	_	_	_	_	_	_
1872	O	O	O	O	O	O	_	_	NoSpaceAfter	_	_	_
,	O	O	O	O	O	O	_	_	_	_	_	_
en	O	O	O	O	O	O	_	_	EndOfLine	_	_	_
# segment_iiif_link = https://iiif.eluxemburgensia.lu/iiif/2/ark:%2f70795%2f1kg20v%2fpages%2f3/1008,1374,858,57/full/0/default.jpg
conformité	O	O	O	O	O	O	_	_	_	_	_	_
de	O	O	O	O	O	O	_	_	_	_	_	_
l	O	O	O	O	O	O	_	_	NoSpaceAfter	_	_	_
’	O	O	O	O	O	O	_	_	NoSpaceAfter	_	_	_
art	O	O	O	O	O	O	_	_	NoSpaceAfter	_	_	_
.	O	O	O	O	O	O	_	_	_	EndOfSentence	_	_
32	O	O	O	O	O	O	_	_	_	_	_	_
du	O	O	O	O	O	O	_	_	_	_	_	_
règlement	O	O	O	O	O	O	_	_	_	_	_	_
d	O	O	O	O	O	O	_	_	NoSpaceAfter	_	_	_
’	O	O	O	O	O	O	_	_	NoSpaceAfter	_	_	_
ordre	O	O	O	O	O	O	_	_	EndOfLine	_	_	_
# segment_iiif_link = https://iiif.eluxemburgensia.lu/iiif/2/ark:%2f70795%2f1kg20v%2fpages%2f3/1007,1423,621,55/full/0/default.jpg
intérieur	O	O	O	O	O	O	_	_	_	_	_	_
pour	O	O	O	O	O	O	_	_	_	_	_	_
le	O	O	O	O	O	O	_	_	_	_	_	_
Conseil	O	O	O	O	O	O	_	_	_	_	_	_
d	O	O	O	O	O	O	_	_	NoSpaceAfter	_	_	_
’	O	O	O	O	O	O	_	_	NoSpaceAfter	_	_	_
Etat	O	O	O	O	O	O	_	_	NoSpaceAfter	_	_	_
.	O	O	O	O	O	O	_	_	EndOfLine	EndOfSentence	_	_
# segment_iiif_link = https://iiif.eluxemburgensia.lu/iiif/2/ark:%2f70795%2f1kg20v%2fpages%2f3/1052,1527,814,54/full/0/default.jpg
Nous	O	O	O	O	O	O	_	_	_	_	_	_
apprenons	O	O	O	O	O	O	_	_	_	_	_	_
avec	O	O	O	O	O	O	_	_	_	_	_	_
plaisir	O	O	O	O	O	O	_	_	_	_	_	_
que	O	O	O	O	O	O	_	_	_	_	_	_
le	O	O	O	O	O	O	_	_	_	_	_	_
corps	O	O	O	O	O	O	_	_	EndOfLine	_	_	_
# segment_iiif_link = https://iiif.eluxemburgensia.lu/iiif/2/ark:%2f70795%2f1kg20v%2fpages%2f3/1008,1574,859,51/full/0/default.jpg
de	O	O	O	O	O	O	_	_	_	_	_	_
musique	O	O	O	O	O	O	_	_	_	_	_	_
du	O	O	O	O	O	O	_	_	_	_	_	_
10e	O	O	O	O	O	O	_	_	_	_	_	_
régiment	O	O	O	O	O	O	_	_	_	_	_	_
de	O	O	O	O	O	O	_	_	_	_	_	_
ligne	O	O	O	O	O	O	_	_	_	_	_	_
belge	O	O	O	O	O	O	_	_	EndOfLine	_	_	_
# segment_iiif_link = https://iiif.eluxemburgensia.lu/iiif/2/ark:%2f70795%2f1kg20v%2fpages%2f3/1009,1618,843,53/full/0/default.jpg
doit	O	O	O	O	O	O	_	_	_	_	_	_
venir	O	O	O	O	O	O	_	_	_	_	_	_
dimanche	O	O	O	O	O	O	_	_	_	_	_	_
prochain	O	O	O	O	O	O	_	_	_	_	_	_
donner	O	O	O	O	O	O	_	_	_	_	_	_
un	O	O	O	O	O	O	_	_	EndOfLine	_	_	_
# segment_iiif_link = https://iiif.eluxemburgensia.lu/iiif/2/ark:%2f70795%2f1kg20v%2fpages%2f3/1009,1667,852,49/full/0/default.jpg
concert	O	O	O	O	O	O	_	_	_	_	_	_
à	O	O	O	O	O	O	_	_	_	_	_	_
Luxembourg	O	O	O	O	O	O	_	_	NoSpaceAfter	_	_	_
.	O	O	O	O	O	O	_	_	_	EndOfSentence	_	_
Tous	O	O	O	O	O	O	_	_	_	_	_	_
les	O	O	O	O	O	O	_	_	_	_	_	_
solistes	O	O	O	O	O	O	_	_	_	_	_	_
de	O	O	O	O	O	O	_	_	_	_	_	_
ce	O	O	O	O	O	O	_	_	EndOfLine	_	_	_
# segment_iiif_link = https://iiif.eluxemburgensia.lu/iiif/2/ark:%2f70795%2f1kg20v%2fpages%2f3/1009,1720,857,53/full/0/default.jpg
corps	O	O	O	O	O	O	_	_	_	_	_	_
d	O	O	O	O	O	O	_	_	NoSpaceAfter	_	_	_
’	O	O	O	O	O	O	_	_	NoSpaceAfter	_	_	_
élite	O	O	O	O	O	O	_	_	_	_	_	_
sont	O	O	O	O	O	O	_	_	_	_	_	_
de	O	O	O	O	O	O	_	_	_	_	_	_
véritables	O	O	O	O	O	O	_	_	_	_	_	_
artistes	O	O	O	O	O	O	_	_	_	_	_	_
;	O	O	O	O	O	O	_	_	_	_	_	_
nous	O	O	O	O	O	O	_	_	EndOfLine	_	_	_
# segment_iiif_link = https://iiif.eluxemburgensia.lu/iiif/2/ark:%2f70795%2f1kg20v%2fpages%2f3/1008,1767,857,42/full/0/default.jpg
ne	O	O	O	O	O	O	_	_	_	_	_	_
nommons	O	O	O	O	O	O	_	_	_	_	_	_
que	O	O	O	O	O	O	_	_	_	_	_	_
M	O	O	O	O	O	O	_	_	NoSpaceAfter	_	_	_
.	O	O	O	O	O	O	_	_	_	_	_	_
Yandervorst	O	O	O	O	O	O	_	_	NoSpaceAfter	_	_	_
,	O	O	O	O	O	O	_	_	_	_	_	_
le	O	O	O	O	O	O	_	_	_	_	_	_
premier	O	O	O	O	O	O	_	_	EndOfLine	_	_	_
# segment_iiif_link = https://iiif.eluxemburgensia.lu/iiif/2/ark:%2f70795%2f1kg20v%2fpages%2f3/1008,1802,860,61/full/0/default.jpg
hautbois	O	O	O	O	O	O	_	_	NoSpaceAfter	_	_	_
,	O	O	O	O	O	O	_	_	_	_	_	_
que	O	O	O	O	O	O	_	_	_	_	_	_
nos	O	O	O	O	O	O	_	_	_	_	_	_
amateurs	O	O	O	O	O	O	_	_	_	_	_	_
ont	O	O	O	O	O	O	_	_	_	_	_	_
déjà	O	O	O	O	O	O	_	_	_	_	_	_
entendu	O	O	O	O	O	O	_	_	EndOfLine	_	_	_
# segment_iiif_link = https://iiif.eluxemburgensia.lu/iiif/2/ark:%2f70795%2f1kg20v%2fpages%2f3/1009,1847,856,53/full/0/default.jpg
dans	O	O	O	O	O	O	_	_	NoSpaceAfter	_	_	_
”	O	O	O	O	O	O	_	_	NoSpaceAfter	_	_	_
un	O	O	O	O	O	O	_	_	_	_	_	_
des	O	O	O	O	O	O	_	_	_	_	_	_
beaux	O	O	O	O	O	O	_	_	_	_	_	_
concerts	O	O	O	O	O	O	_	_	_	_	_	_
que	O	O	O	O	O	O	_	_	_	_	_	_
la	O	O	O	O	O	O	_	_	_	_	_	_
société	O	O	O	O	O	O	_	_	EndOfLine	_	_	_
# segment_iiif_link = https://iiif.eluxemburgensia.lu/iiif/2/ark:%2f70795%2f1kg20v%2fpages%2f3/1009,1894,858,51/full/0/default.jpg
de	O	O	O	O	O	O	_	_	_	_	_	_
lecture	O	O	O	O	O	O	_	_	_	_	_	_
offre	O	O	O	O	O	O	_	_	_	_	_	_
de	O	O	O	O	O	O	_	_	_	_	_	_
temps	O	O	O	O	O	O	_	_	_	_	_	_
en	O	O	O	O	O	O	_	_	_	_	_	_
temps	O	O	O	O	O	O	_	_	_	_	_	_
à	O	O	O	O	O	O	_	_	_	_	_	_
ses	O	O	O	O	O	O	_	_	EndOfLine	_	_	_
# segment_iiif_link = https://iiif.eluxemburgensia.lu/iiif/2/ark:%2f70795%2f1kg20v%2fpages%2f3/1008,1937,860,54/full/0/default.jpg
membres	O	O	O	O	O	O	_	_	NoSpaceAfter	_	_	_
.	O	O	O	O	O	O	_	_	_	EndOfSentence	_	_
Il	O	O	O	O	O	O	_	_	_	_	_	_
jouera	O	O	O	O	O	O	_	_	NoSpaceAfter	_	_	_
,	O	O	O	O	O	O	_	_	_	_	_	_
selon	O	O	O	O	O	O	_	_	_	_	_	_
ce	O	O	O	O	O	O	_	_	_	_	_	_
que	O	O	O	O	O	O	_	_	_	_	_	_
nous	O	O	O	O	O	O	_	_	_	_	_	_
a	O	O	O	O	O	O	_	_	_	_	_	_
dit	O	O	O	O	O	O	_	_	EndOfLine	_	_	_
# segment_iiif_link = https://iiif.eluxemburgensia.lu/iiif/2/ark:%2f70795%2f1kg20v%2fpages%2f3/1009,1984,857,50/full/0/default.jpg
le	O	O	O	O	O	O	_	_	_	_	_	_
chef	O	O	O	O	O	O	_	_	NoSpaceAfter	_	_	_
,	O	O	O	O	O	O	_	_	_	_	_	_
M	O	O	O	O	O	O	_	_	NoSpaceAfter	_	_	_
.	O	O	O	O	O	O	_	_	_	_	_	_
Walhain	O	O	O	O	O	O	_	_	NoSpaceAfter	_	_	_
,	O	O	O	O	O	O	_	_	_	_	_	_
une	O	O	O	O	O	O	_	_	_	_	_	_
grande	O	O	O	O	O	O	_	_	_	_	_	_
fantaisie	O	O	O	O	O	O	_	_	_	_	_	_
de	O	O	O	O	O	O	_	_	EndOfLine	_	_	_
# segment_iiif_link = https://iiif.eluxemburgensia.lu/iiif/2/ark:%2f70795%2f1kg20v%2fpages%2f3/1009,2028,856,49/full/0/default.jpg
concert	O	O	O	O	O	O	_	_	_	_	_	_
sur	O	O	O	O	O	O	_	_	_	_	_	_
des	O	O	O	O	O	O	_	_	_	_	_	_
airs	O	O	O	O	O	O	_	_	_	_	_	_
de	O	O	O	O	O	O	_	_	_	_	_	_
l	O	O	O	O	O	O	_	_	NoSpaceAfter	_	_	_
’	O	O	O	O	O	O	_	_	NoSpaceAfter	_	_	_
opéra	O	O	O	O	O	O	_	_	_	_	_	_
„	O	O	O	O	O	O	_	_	NoSpaceAfter	_	_	_
don	O	O	O	O	O	O	_	_	_	_	_	_
Pas	O	O	O	O	O	O	_	_	NoSpaceAfter	_	_	_
-	O	O	O	O	O	O	_	_	EndOfLine	_	_	_
# segment_iiif_link = https://iiif.eluxemburgensia.lu/iiif/2/ark:%2f70795%2f1kg20v%2fpages%2f3/1008,2069,858,62/full/0/default.jpg
quale	O	O	O	O	O	O	_	_	NoSpaceAfter	_	_	_
.	O	O	O	O	O	O	_	_	NoSpaceAfter	EndOfSentence	_	_
“	O	O	O	O	O	O	_	_	_	_	_	_
Nous	O	O	O	O	O	O	_	_	_	_	_	_
regrettons	O	O	O	O	O	O	_	_	_	_	_	_
de	O	O	O	O	O	O	_	_	_	_	_	_
ne	O	O	O	O	O	O	_	_	_	_	_	_
pasr	O	O	O	O	O	O	_	_	_	_	_	_
connaître	O	O	O	O	O	O	_	_	EndOfLine	_	_	_
# segment_iiif_link = https://iiif.eluxemburgensia.lu/iiif/2/ark:%2f70795%2f1kg20v%2fpages%2f3/1008,2115,857,49/full/0/default.jpg
le	O	O	O	O	O	O	_	_	_	_	_	_
programme	O	O	O	O	O	O	_	_	_	_	_	_
tout	O	O	O	O	O	O	_	_	_	_	_	_
entier	O	O	O	O	O	O	_	_	NoSpaceAfter	_	_	_
,	O	O	O	O	O	O	_	_	_	_	_	_
cependant	O	O	O	O	O	O	_	_	_	_	_	_
nous	O	O	O	O	O	O	_	_	EndOfLine	_	_	_
# segment_iiif_link = https://iiif.eluxemburgensia.lu/iiif/2/ark:%2f70795%2f1kg20v%2fpages%2f3/1008,2166,858,42/full/0/default.jpg
avons	O	O	O	O	O	O	_	_	_	_	_	_
appris	O	O	O	O	O	O	_	_	_	_	_	_
que	O	O	O	O	O	O	_	_	NoSpaceAfter	_	_	_
,	O	O	O	O	O	O	_	_	_	_	_	_
outre	O	O	O	O	O	O	_	_	_	_	_	_
plusieurs	O	O	O	O	O	O	_	_	_	_	_	_
morceaux	O	O	O	O	O	O	_	_	EndOfLine	_	_	_
# segment_iiif_link = https://iiif.eluxemburgensia.lu/iiif/2/ark:%2f70795%2f1kg20v%2fpages%2f3/1008,2199,860,58/full/0/default.jpg
d	O	O	O	O	O	O	_	_	NoSpaceAfter	_	_	_
’	O	O	O	O	O	O	_	_	NoSpaceAfter	_	_	_
orchestre	O	O	O	O	O	O	_	_	NoSpaceAfter	_	_	_
,	O	O	O	O	O	O	_	_	_	_	_	_
le	O	O	O	O	O	O	_	_	_	_	_	_
concert	O	O	O	O	O	O	_	_	_	_	_	_
se	O	O	O	O	O	O	_	_	_	_	_	_
composera	O	O	O	O	O	O	_	_	_	_	_	_
d	O	O	O	O	O	O	_	_	NoSpaceAfter	_	_	_
’	O	O	O	O	O	O	_	_	NoSpaceAfter	_	_	_
un	O	O	O	O	O	O	_	_	EndOfLine	_	_	_
# segment_iiif_link = https://iiif.eluxemburgensia.lu/iiif/2/ark:%2f70795%2f1kg20v%2fpages%2f3/1007,2245,858,50/full/0/default.jpg
solo	O	O	O	O	O	O	_	_	_	_	_	_
de	O	O	O	O	O	O	_	_	_	_	_	_
flûte	O	O	O	O	O	O	_	_	_	_	_	_
et	O	O	O	O	O	O	_	_	_	_	_	_
finira	O	O	O	O	O	O	_	_	_	_	_	_
par	O	O	O	O	O	O	_	_	_	_	_	_
un	O	O	O	O	O	O	_	_	_	_	_	_
morceau	O	O	O	O	O	O	_	_	_	_	_	_
à	O	O	O	O	O	O	_	_	_	_	_	_
grand	O	O	O	O	O	O	_	_	EndOfLine	_	_	_
# segment_iiif_link = https://iiif.eluxemburgensia.lu/iiif/2/ark:%2f70795%2f1kg20v%2fpages%2f3/1008,2287,858,58/full/0/default.jpg
effet	O	O	O	O	O	O	_	_	NoSpaceAfter	_	_	_
,	O	O	O	O	O	O	_	_	_	_	_	_
„	O	O	O	O	O	O	_	_	NoSpaceAfter	_	_	_
le	O	O	O	O	O	O	_	_	_	_	_	_
Bouqu	O	O	O	O	O	O	_	_	_	_	_	_
t	O	O	O	O	O	O	_	_	NoSpaceAfter	_	_	_
"	O	O	O	O	O	O	_	_	_	_	_	_
de	O	O	O	O	O	O	_	_	_	_	_	_
mélodies	O	O	O	O	O	O	_	_	_	_	_	_
dans	O	O	O	O	O	O	_	_	_	_	_	_
lequel	O	O	O	O	O	O	_	_	EndOfLine	_	_	_
# segment_iiif_link = https://iiif.eluxemburgensia.lu/iiif/2/ark:%2f70795%2f1kg20v%2fpages%2f3/1007,2332,861,61/full/0/default.jpg
chaque	O	O	O	O	O	O	_	_	_	_	_	_
instrument	O	O	O	O	O	O	_	_	_	_	_	_
trouve	O	O	O	O	O	O	_	_	_	_	_	_
le	O	O	O	O	O	O	_	_	_	_	_	_
moyen	O	O	O	O	O	O	_	_	_	_	_	_
de	O	O	O	O	O	O	_	_	_	_	_	_
se	O	O	O	O	O	O	_	_	EndOfLine	_	_	_
# segment_iiif_link = https://iiif.eluxemburgensia.lu/iiif/2/ark:%2f70795%2f1kg20v%2fpages%2f3/1007,2377,188,62/full/0/default.jpg
distinguer	O	O	O	O	O	O	_	_	NoSpaceAfter	_	_	_
.	O	O	O	O	O	O	_	_	EndOfLine	EndOfSentence	_	_
# segment_iiif_link = https://iiif.eluxemburgensia.lu/iiif/2/ark:%2f70795%2f1kg20v%2fpages%2f3/1051,2422,814,50/full/0/default.jpg
Un	O	O	O	O	O	O	_	_	_	_	_	_
concert	O	O	O	O	O	O	_	_	NoSpaceAfter	_	_	_
,	O	O	O	O	O	O	_	_	_	_	_	_
exécuté	O	O	O	O	O	O	_	_	_	_	_	_
par	O	O	O	O	O	O	_	_	_	_	_	_
un	O	O	O	O	O	O	_	_	_	_	_	_
des	O	O	O	O	O	O	_	_	_	_	_	_
meilleurs	O	O	O	O	O	O	_	_	EndOfLine	_	_	_
# segment_iiif_link = https://iiif.eluxemburgensia.lu/iiif/2/ark:%2f70795%2f1kg20v%2fpages%2f3/1007,2476,858,51/full/0/default.jpg
corps	O	O	O	O	O	O	_	_	_	_	_	_
de	O	O	O	O	O	O	_	_	_	_	_	_
musique	O	O	O	O	O	O	_	_	_	_	_	_
de	O	O	O	O	O	O	_	_	_	_	_	_
la	O	O	O	O	O	O	_	_	_	_	_	_
Belgique	O	O	O	O	O	O	_	_	NoSpaceAfter	_	_	_
,	O	O	O	O	O	O	_	_	_	_	_	_
qui	O	O	O	O	O	O	_	_	_	_	_	_
doit	O	O	O	O	O	O	_	_	EndOfLine	_	_	_
# segment_iiif_link = https://iiif.eluxemburgensia.lu/iiif/2/ark:%2f70795%2f1kg20v%2fpages%2f3/1007,2512,862,51/full/0/default.jpg
aller	O	O	O	O	O	O	_	_	_	_	_	_
jouer	O	O	O	O	O	O	_	_	_	_	_	_
pendant	O	O	O	O	O	O	_	_	_	_	_	_
plusieurs	O	O	O	O	O	O	_	_	_	_	_	_
semaines	O	O	O	O	O	O	_	_	_	_	_	_
à	O	O	O	O	O	O	_	_	_	_	_	_
Liège	O	O	O	O	O	O	_	_	EndOfLine	_	_	_
# segment_iiif_link = https://iiif.eluxemburgensia.lu/iiif/2/ark:%2f70795%2f1kg20v%2fpages%2f3/1008,2559,860,49/full/0/default.jpg
et	O	O	O	O	O	O	_	_	_	_	_	_
à	O	O	O	O	O	O	_	_	_	_	_	_
Ostende	O	O	O	O	O	O	_	_	NoSpaceAfter	_	_	_
,	O	O	O	O	O	O	_	_	_	_	_	_
est	O	O	O	O	O	O	_	_	_	_	_	_
une	O	O	O	O	O	O	_	_	_	_	_	_
vraie	O	O	O	O	O	O	_	_	_	_	_	_
bonne	O	O	O	O	O	O	_	_	_	_	_	_
fortune	O	O	O	O	O	O	_	_	EndOfLine	_	_	_
# segment_iiif_link = https://iiif.eluxemburgensia.lu/iiif/2/ark:%2f70795%2f1kg20v%2fpages%2f3/1006,2612,859,54/full/0/default.jpg
pour	O	O	O	O	O	O	_	_	_	_	_	_
les	O	O	O	O	O	O	_	_	_	_	_	_
Luxembourgeois	O	O	O	O	O	O	_	_	_	_	_	_
et	O	O	O	O	O	O	_	_	_	_	_	_
nous	O	O	O	O	O	O	_	_	_	_	_	_
engageons	O	O	O	O	O	O	_	_	EndOfLine	_	_	_
# segment_iiif_link = https://iiif.eluxemburgensia.lu/iiif/2/ark:%2f70795%2f1kg20v%2fpages%2f3/1007,2652,863,49/full/0/default.jpg
tout	O	O	O	O	O	O	_	_	_	_	_	_
le	O	O	O	O	O	O	_	_	_	_	_	_
monde	O	O	O	O	O	O	_	_	_	_	_	_
à	O	O	O	O	O	O	_	_	_	_	_	_
profiter	O	O	O	O	O	O	_	_	_	_	_	_
de	O	O	O	O	O	O	_	_	_	_	_	_
cette	O	O	O	O	O	O	_	_	_	_	_	_
occasion	O	O	O	O	O	O	_	_	EndOfLine	_	_	_
# segment_iiif_link = https://iiif.eluxemburgensia.lu/iiif/2/ark:%2f70795%2f1kg20v%2fpages%2f3/1007,2707,848,55/full/0/default.jpg
pour	O	O	O	O	O	O	_	_	_	_	_	_
entendre	O	O	O	O	O	O	_	_	_	_	_	_
de	O	O	O	O	O	O	_	_	_	_	_	_
la	O	O	O	O	O	O	_	_	_	_	_	_
bonne	O	O	O	O	O	O	_	_	_	_	_	_
musique	O	O	O	O	O	O	_	_	NoSpaceAfter	_	_	_
,	O	O	O	O	O	O	_	_	_	_	_	_
et	O	O	O	O	O	O	_	_	EndOfLine	_	_	_
# segment_iiif_link = https://iiif.eluxemburgensia.lu/iiif/2/ark:%2f70795%2f1kg20v%2fpages%2f3/1009,2753,862,55/full/0/default.jpg
d	O	O	O	O	O	O	_	_	NoSpaceAfter	_	_	_
’	O	O	O	O	O	O	_	_	NoSpaceAfter	_	_	_
encourager	O	O	O	O	O	O	_	_	_	_	_	_
par	O	O	O	O	O	O	_	_	_	_	_	_
une	O	O	O	O	O	O	_	_	_	_	_	_
nombreuse	O	O	O	O	O	O	_	_	_	_	_	_
assistance	O	O	O	O	O	O	_	_	_	_	_	_
ces	O	O	O	O	O	O	_	_	EndOfLine	_	_	_
# segment_iiif_link = https://iiif.eluxemburgensia.lu/iiif/2/ark:%2f70795%2f1kg20v%2fpages%2f3/1008,2791,846,54/full/0/default.jpg
Messieurs	O	O	O	O	O	O	_	_	_	_	_	_
à	O	O	O	O	O	O	_	_	_	_	_	_
revenir	O	O	O	O	O	O	_	_	_	_	_	_
plus	O	O	O	O	O	O	_	_	_	_	_	_
souvent	O	O	O	O	O	O	_	_	_	_	_	_
à	O	O	O	O	O	O	_	_	EndOfLine	_	_	_
# segment_iiif_link = https://iiif.eluxemburgensia.lu/iiif/2/ark:%2f70795%2f1kg20v%2fpages%2f3/1723,2792,131,56/full/0/default.jpg
Luxemb	O	O	O	O	O	O	_	_	EndOfLine|NoSpaceAfter	_	_	_

# language = fr
# newspaper = indeplux
# date = 1900-12-12
# document_id = indeplux-1900-12-12-a-i0018
# news-agency-as-source = Q2826560
# segment_iiif_link = https://iiif.eluxemburgensia.lu/iiif/2/ark:%2f70795%2fbj46zm%2fpages%2f3/3533,1843,364,81/full/0/default.jpg
Dépêches	O	O	O	O	O	O	_	_	EndOfLine	_	_	_
# segment_iiif_link = https://iiif.eluxemburgensia.lu/iiif/2/ark:%2f70795%2fbj46zm%2fpages%2f3/3477,1913,499,61/full/0/default.jpg
de	O	O	O	O	O	O	_	_	_	_	_	_
l	O	O	O	O	O	O	_	_	NoSpaceAfter	_	_	_
’	O	O	O	O	O	O	_	_	NoSpaceAfter	_	_	_
Agence	B-org	O	B-org.ent.pressagency.Havas	O	O	O	Q2826560	_	_	_	LED0.00	_
Havas	B-org	O	B-org.ent.pressagency.Havas	O	O	O	Q2826560	_	EndOfLine	_	LED0.00	_
# segment_iiif_link = https://iiif.eluxemburgensia.lu/iiif/2/ark:%2f70795%2fbj46zm%2fpages%2f3/3398,2012,697,62/full/0/default.jpg
Londres	O	O	O	O	O	O	_	_	NoSpaceAfter	_	_	_
,	O	O	O	O	O	O	_	_	_	_	_	_
12	O	O	O	O	O	O	_	_	_	_	_	_
déc	O	O	O	O	O	O	_	_	NoSpaceAfter	_	_	_
.	O	O	O	O	O	O	_	_	_	EndOfSentence	_	_
—	O	O	O	O	O	O	_	_	_	_	_	_
La	O	O	O	O	O	O	_	_	_	_	_	_
chambre	O	O	O	O	O	O	_	_	_	_	_	_
a	O	O	O	O	O	O	_	_	EndOfLine	_	_	_
# segment_iiif_link = https://iiif.eluxemburgensia.lu/iiif/2/ark:%2f70795%2fbj46zm%2fpages%2f3/3354,2068,741,49/full/0/default.jpg
voté	O	O	O	O	O	O	_	_	_	_	_	_
avec	O	O	O	O	O	O	_	_	_	_	_	_
284	O	O	O	O	O	O	_	_	_	_	_	_
contre	O	O	O	O	O	O	_	_	_	_	_	_
8	O	O	O	O	O	O	_	_	_	_	_	_
voix	O	O	O	O	O	O	_	_	_	_	_	_
le	O	O	O	O	O	O	_	_	_	_	_	_
crédit	O	O	O	O	O	O	_	_	EndOfLine	_	_	_
# segment_iiif_link = https://iiif.eluxemburgensia.lu/iiif/2/ark:%2f70795%2fbj46zm%2fpages%2f3/3353,2118,742,62/full/0/default.jpg
supplémentaire	O	O	O	O	O	O	_	_	_	_	_	_
de	O	O	O	O	O	O	_	_	_	_	_	_
seize	O	O	O	O	O	O	_	_	_	_	_	_
millions	O	O	O	O	O	O	_	_	_	_	_	_
pour	O	O	O	O	O	O	_	_	EndOfLine	_	_	_
# segment_iiif_link = https://iiif.eluxemburgensia.lu/iiif/2/ark:%2f70795%2fbj46zm%2fpages%2f3/3353,2174,543,53/full/0/default.jpg
la	O	O	O	O	O	O	_	_	_	_	_	_
continuation	O	O	O	O	O	O	_	_	_	_	_	_
de	O	O	O	O	O	O	_	_	_	_	_	_
la	O	O	O	O	O	O	_	_	_	_	_	_
guerre	O	O	O	O	O	O	_	_	NoSpaceAfter	_	_	_
.	O	O	O	O	O	O	_	_	EndOfLine	EndOfSentence	_	_
# segment_iiif_link = https://iiif.eluxemburgensia.lu/iiif/2/ark:%2f70795%2fbj46zm%2fpages%2f3/3398,2228,697,55/full/0/default.jpg
Le	O	O	O	O	O	O	_	_	_	_	_	_
Cap	O	O	O	O	O	O	_	_	NoSpaceAfter	_	_	_
,	O	O	O	O	O	O	_	_	_	_	_	_
12	O	O	O	O	O	O	_	_	_	_	_	_
déc	O	O	O	O	O	O	_	_	NoSpaceAfter	_	_	_
.	O	O	O	O	O	O	_	_	_	EndOfSentence	_	_
—	O	O	O	O	O	O	_	_	_	_	_	_
Aux	O	O	O	O	O	O	_	_	_	_	_	_
Africanders	O	O	O	O	O	O	_	_	EndOfLine	_	_	_
# segment_iiif_link = https://iiif.eluxemburgensia.lu/iiif/2/ark:%2f70795%2fbj46zm%2fpages%2f3/3354,2283,741,57/full/0/default.jpg
qui	O	O	O	O	O	O	_	_	_	_	_	_
lui	O	O	O	O	O	O	_	_	_	_	_	_
remirent	O	O	O	O	O	O	_	_	_	_	_	_
les	O	O	O	O	O	O	_	_	_	_	_	_
ordres	O	O	O	O	O	O	_	_	_	_	_	_
du	O	O	O	O	O	O	_	_	_	_	_	_
jour	O	O	O	O	O	O	_	_	_	_	_	_
du	O	O	O	O	O	O	_	_	EndOfLine	_	_	_
# segment_iiif_link = https://iiif.eluxemburgensia.lu/iiif/2/ark:%2f70795%2fbj46zm%2fpages%2f3/3354,2338,742,57/full/0/default.jpg
congrès	O	O	O	O	O	O	_	_	_	_	_	_
de	O	O	O	O	O	O	_	_	_	_	_	_
Worcester	O	O	O	O	O	O	_	_	NoSpaceAfter	_	_	_
,	O	O	O	O	O	O	_	_	_	_	_	_
Milner	O	O	O	O	O	O	_	_	_	_	_	_
a	O	O	O	O	O	O	_	_	_	_	_	_
répondu	O	O	O	O	O	O	_	_	EndOfLine	_	_	_
# segment_iiif_link = https://iiif.eluxemburgensia.lu/iiif/2/ark:%2f70795%2fbj46zm%2fpages%2f3/3354,2398,220,45/full/0/default.jpg
comme	O	O	O	O	O	O	_	_	_	_	_	_
suit	O	O	O	O	O	O	_	_	NoSpaceAfter	_	_	_
.	O	O	O	O	O	O	_	_	EndOfLine	EndOfSentence	_	_
# segment_iiif_link = https://iiif.eluxemburgensia.lu/iiif/2/ark:%2f70795%2fbj46zm%2fpages%2f3/3402,2444,693,54/full/0/default.jpg
«	O	O	O	O	O	O	_	_	NoSpaceAfter	_	_	_
Je	O	O	O	O	O	O	_	_	_	_	_	_
soumettrai	O	O	O	O	O	O	_	_	_	_	_	_
les	O	O	O	O	O	O	_	_	_	_	_	_
ordres	O	O	O	O	O	O	_	_	_	_	_	_
du	O	O	O	O	O	O	_	_	_	_	_	_
jour	O	O	O	O	O	O	_	_	_	_	_	_
au	O	O	O	O	O	O	_	_	EndOfLine	_	_	_
# segment_iiif_link = https://iiif.eluxemburgensia.lu/iiif/2/ark:%2f70795%2fbj46zm%2fpages%2f3/3354,2501,720,58/full/0/default.jpg
gouvernement	O	O	O	O	O	O	_	_	_	_	_	_
anglais	O	O	O	O	O	O	_	_	_	_	_	_
;	O	O	O	O	O	O	_	_	_	_	_	_
je	O	O	O	O	O	O	_	_	_	_	_	_
doute	O	O	O	O	O	O	_	_	EndOfLine	_	_	_
# segment_iiif_link = https://iiif.eluxemburgensia.lu/iiif/2/ark:%2f70795%2fbj46zm%2fpages%2f3/3355,2552,736,53/full/0/default.jpg
cependant	O	O	O	O	O	O	_	_	_	_	_	_
qne	O	O	O	O	O	O	_	_	_	_	_	_
ce	O	O	O	O	O	O	_	_	_	_	_	_
soit	O	O	O	O	O	O	_	_	_	_	_	_
mon	O	O	O	O	O	O	_	_	_	_	_	_
devoir	O	O	O	O	O	O	_	_	_	_	_	_
de	O	O	O	O	O	O	_	_	_	_	_	_
le	O	O	O	O	O	O	_	_	_	_	_	_
faire	O	O	O	O	O	O	_	_	NoSpaceAfter	_	_	_
.	O	O	O	O	O	O	_	_	EndOfLine	EndOfSentence	_	_
# segment_iiif_link = https://iiif.eluxemburgensia.lu/iiif/2/ark:%2f70795%2fbj46zm%2fpages%2f3/3355,2605,740,53/full/0/default.jpg
Mais	O	O	O	O	O	O	_	_	_	_	_	_
en	O	O	O	O	O	O	_	_	_	_	_	_
présence	O	O	O	O	O	O	_	_	_	_	_	_
de	O	O	O	O	O	O	_	_	_	_	_	_
la	O	O	O	O	O	O	_	_	_	_	_	_
surexcitation	O	O	O	O	O	O	_	_	_	_	_	_
et	O	O	O	O	O	O	_	_	EndOfLine	_	_	_
# segment_iiif_link = https://iiif.eluxemburgensia.lu/iiif/2/ark:%2f70795%2fbj46zm%2fpages%2f3/3354,2658,741,54/full/0/default.jpg
de	O	O	O	O	O	O	_	_	_	_	_	_
l	O	O	O	O	O	O	_	_	NoSpaceAfter	_	_	_
’	O	O	O	O	O	O	_	_	NoSpaceAfter	_	_	_
amertome	O	O	O	O	O	O	_	_	_	_	_	_
qni	O	O	O	O	O	O	_	_	_	_	_	_
régnent	O	O	O	O	O	O	_	_	NoSpaceAfter	_	_	_
,	O	O	O	O	O	O	_	_	_	_	_	_
il	O	O	O	O	O	O	_	_	_	_	_	_
vaut	O	O	O	O	O	O	_	_	_	_	_	_
mieux	O	O	O	O	O	O	_	_	EndOfLine	_	_	_
# segment_iiif_link = https://iiif.eluxemburgensia.lu/iiif/2/ark:%2f70795%2fbj46zm%2fpages%2f3/3354,2713,740,62/full/0/default.jpg
pécher	O	O	O	O	O	O	_	_	_	_	_	_
par	O	O	O	O	O	O	_	_	_	_	_	_
excès	O	O	O	O	O	O	_	_	_	_	_	_
de	O	O	O	O	O	O	_	_	_	_	_	_
conciliation	O	O	O	O	O	O	_	_	NoSpaceAfter	_	_	_
.	O	O	O	O	O	O	_	_	_	EndOfSentence	_	_
Quelle	O	O	O	O	O	O	_	_	EndOfLine	_	_	_
# segment_iiif_link = https://iiif.eluxemburgensia.lu/iiif/2/ark:%2f70795%2fbj46zm%2fpages%2f3/3354,2766,737,54/full/0/default.jpg
utilité	O	O	O	O	O	O	_	_	_	_	_	_
peuvent	O	O	O	O	O	O	_	_	_	_	_	_
avoir	O	O	O	O	O	O	_	_	_	_	_	_
des	O	O	O	O	O	O	_	_	_	_	_	_
ordres	O	O	O	O	O	O	_	_	_	_	_	_
du	O	O	O	O	O	O	_	_	_	_	_	_
jour	O	O	O	O	O	O	_	_	EndOfLine	_	_	_
# segment_iiif_link = https://iiif.eluxemburgensia.lu/iiif/2/ark:%2f70795%2fbj46zm%2fpages%2f3/3354,2818,305,51/full/0/default.jpg
de	O	O	O	O	O	O	_	_	_	_	_	_
cette	O	O	O	O	O	O	_	_	_	_	_	_
nature	O	O	O	O	O	O	_	_	_	_	_	_
?	O	O	O	O	O	O	_	_	EndOfLine	EndOfSentence	_	_
# segment_iiif_link = https://iiif.eluxemburgensia.lu/iiif/2/ark:%2f70795%2fbj46zm%2fpages%2f3/3396,2870,694,55/full/0/default.jpg
Comment	O	O	O	O	O	O	_	_	_	_	_	_
songer	O	O	O	O	O	O	_	_	_	_	_	_
à	O	O	O	O	O	O	_	_	_	_	_	_
amener	O	O	O	O	O	O	_	_	_	_	_	_
la	O	O	O	O	O	O	_	_	_	_	_	_
paix	O	O	O	O	O	O	_	_	_	_	_	_
en	O	O	O	O	O	O	_	_	EndOfLine	_	_	_
# segment_iiif_link = https://iiif.eluxemburgensia.lu/iiif/2/ark:%2f70795%2fbj46zm%2fpages%2f3/3351,2926,740,62/full/0/default.jpg
encourageant	O	O	O	O	O	O	_	_	_	_	_	_
chez	O	O	O	O	O	O	_	_	_	_	_	_
ceux	O	O	O	O	O	O	_	_	_	_	_	_
qui	O	O	O	O	O	O	_	_	_	_	_	_
font	O	O	O	O	O	O	_	_	_	_	_	_
de	O	O	O	O	O	O	_	_	_	_	_	_
la	O	O	O	O	O	O	_	_	EndOfLine	_	_	_
# segment_iiif_link = https://iiif.eluxemburgensia.lu/iiif/2/ark:%2f70795%2fbj46zm%2fpages%2f3/3351,2977,739,54/full/0/default.jpg
résistance	O	O	O	O	O	O	_	_	_	_	_	_
sans	O	O	O	O	O	O	_	_	_	_	_	_
issue	O	O	O	O	O	O	_	_	_	_	_	_
l	O	O	O	O	O	O	_	_	NoSpaceAfter	_	_	_
’	O	O	O	O	O	O	_	_	NoSpaceAfter	_	_	_
idée	O	O	O	O	O	O	_	_	_	_	_	_
que	O	O	O	O	O	O	_	_	_	_	_	_
l	O	O	O	O	O	O	_	_	NoSpaceAfter	_	_	_
’	O	O	O	O	O	O	_	_	NoSpaceAfter	_	_	_
Aogle	O	O	O	O	O	O	_	_	NoSpaceAfter	_	_	_
-	O	O	O	O	O	O	_	_	EndOfLine	_	_	_
# segment_iiif_link = https://iiif.eluxemburgensia.lu/iiif/2/ark:%2f70795%2fbj46zm%2fpages%2f3/3350,3033,742,51/full/0/default.jpg
terre	O	O	O	O	O	O	_	_	_	_	_	_
rendra	O	O	O	O	O	O	_	_	_	_	_	_
l	O	O	O	O	O	O	_	_	NoSpaceAfter	_	_	_
’	O	O	O	O	O	O	_	_	NoSpaceAfter	_	_	_
indépendance	O	O	O	O	O	O	_	_	_	_	_	_
aux	O	O	O	O	O	O	_	_	_	_	_	_
deux	O	O	O	O	O	O	_	_	EndOfLine	_	_	_
# segment_iiif_link = https://iiif.eluxemburgensia.lu/iiif/2/ark:%2f70795%2fbj46zm%2fpages%2f3/3350,3083,720,64/full/0/default.jpg
Républiques	O	O	O	O	O	O	_	_	NoSpaceAfter	_	_	_
,	O	O	O	O	O	O	_	_	_	_	_	_
alors	O	O	O	O	O	O	_	_	_	_	_	_
que	O	O	O	O	O	O	_	_	_	_	_	_
tous	O	O	O	O	O	O	_	_	_	_	_	_
les	O	O	O	O	O	O	_	_	EndOfLine	_	_	_
# segment_iiif_link = https://iiif.eluxemburgensia.lu/iiif/2/ark:%2f70795%2fbj46zm%2fpages%2f3/3351,3139,718,53/full/0/default.jpg
conservateurs	O	O	O	O	O	O	_	_	_	_	_	_
et	O	O	O	O	O	O	_	_	_	_	_	_
la	O	O	O	O	O	O	_	_	_	_	_	_
masse	O	O	O	O	O	O	_	_	_	_	_	_
des	O	O	O	O	O	O	_	_	_	_	_	_
libéraux	O	O	O	O	O	O	_	_	EndOfLine	_	_	_
# segment_iiif_link = https://iiif.eluxemburgensia.lu/iiif/2/ark:%2f70795%2fbj46zm%2fpages%2f3/3350,3191,741,62/full/0/default.jpg
d	O	O	O	O	O	O	_	_	NoSpaceAfter	_	_	_
’	O	O	O	O	O	O	_	_	NoSpaceAfter	_	_	_
Angleterre	O	O	O	O	O	O	_	_	NoSpaceAfter	_	_	_
,	O	O	O	O	O	O	_	_	_	_	_	_
que	O	O	O	O	O	O	_	_	_	_	_	_
toutes	O	O	O	O	O	O	_	_	_	_	_	_
les	O	O	O	O	O	O	_	_	_	_	_	_
colonies	O	O	O	O	O	O	_	_	_	_	_	_
anglaises	O	O	O	O	O	O	_	_	EndOfLine	_	_	_
# segment_iiif_link = https://iiif.eluxemburgensia.lu/iiif/2/ark:%2f70795%2fbj46zm%2fpages%2f3/3350,3245,741,61/full/0/default.jpg
et	O	O	O	O	O	O	_	_	NoSpaceAfter	_	_	_
,	O	O	O	O	O	O	_	_	_	_	_	_
dans	O	O	O	O	O	O	_	_	_	_	_	_
les	O	O	O	O	O	O	_	_	_	_	_	_
colonies	O	O	O	O	O	O	_	_	_	_	_	_
du	O	O	O	O	O	O	_	_	_	_	_	_
Cap	O	O	O	O	O	O	_	_	NoSpaceAfter	_	_	_
,	O	O	O	O	O	O	_	_	_	_	_	_
tous	O	O	O	O	O	O	_	_	_	_	_	_
les	O	O	O	O	O	O	_	_	EndOfLine	_	_	_
# segment_iiif_link = https://iiif.eluxemburgensia.lu/iiif/2/ark:%2f70795%2fbj46zm%2fpages%2f3/3350,3298,737,62/full/0/default.jpg
indigènes	O	O	O	O	O	O	_	_	_	_	_	_
et	O	O	O	O	O	O	_	_	_	_	_	_
la	O	O	O	O	O	O	_	_	_	_	_	_
moitié	O	O	O	O	O	O	_	_	_	_	_	_
de	O	O	O	O	O	O	_	_	_	_	_	_
la	O	O	O	O	O	O	_	_	_	_	_	_
population	O	O	O	O	O	O	_	_	EndOfLine	_	_	_
# segment_iiif_link = https://iiif.eluxemburgensia.lu/iiif/2/ark:%2f70795%2fbj46zm%2fpages%2f3/3350,3350,739,54/full/0/default.jpg
blanche	O	O	O	O	O	O	_	_	_	_	_	_
sont	O	O	O	O	O	O	_	_	_	_	_	_
en	O	O	O	O	O	O	_	_	_	_	_	_
faveur	O	O	O	O	O	O	_	_	_	_	_	_
de	O	O	O	O	O	O	_	_	_	_	_	_
l	O	O	O	O	O	O	_	_	NoSpaceAfter	_	_	_
’	O	O	O	O	O	O	_	_	NoSpaceAfter	_	_	_
annexion	O	O	O	O	O	O	_	_	_	_	_	_
des	O	O	O	O	O	O	_	_	EndOfLine	_	_	_
# segment_iiif_link = https://iiif.eluxemburgensia.lu/iiif/2/ark:%2f70795%2fbj46zm%2fpages%2f3/3350,3404,222,63/full/0/default.jpg
Républiques	O	O	O	O	O	O	_	_	NoSpaceAfter	_	_	_
.	O	O	O	O	O	O	_	_	EndOfLine	EndOfSentence	_	_
# segment_iiif_link = https://iiif.eluxemburgensia.lu/iiif/2/ark:%2f70795%2fbj46zm%2fpages%2f3/3394,3458,695,54/full/0/default.jpg
Il	O	O	O	O	O	O	_	_	_	_	_	_
est	O	O	O	O	O	O	_	_	_	_	_	_
donc	O	O	O	O	O	O	_	_	_	_	_	_
regrettable	O	O	O	O	O	O	_	_	_	_	_	_
qn	O	O	O	O	O	O	_	_	NoSpaceAfter	_	_	_
’	O	O	O	O	O	O	_	_	NoSpaceAfter	_	_	_
on	O	O	O	O	O	O	_	_	_	_	_	_
dise	O	O	O	O	O	O	_	_	_	_	_	_
ici	O	O	O	O	O	O	_	_	EndOfLine	_	_	_
# segment_iiif_link = https://iiif.eluxemburgensia.lu/iiif/2/ark:%2f70795%2fbj46zm%2fpages%2f3/3350,3512,738,62/full/0/default.jpg
quoique	O	O	O	O	O	O	_	_	_	_	_	_
ce	O	O	O	O	O	O	_	_	_	_	_	_
soit	O	O	O	O	O	O	_	_	_	_	_	_
qui	O	O	O	O	O	O	_	_	_	_	_	_
ait	O	O	O	O	O	O	_	_	_	_	_	_
pour	O	O	O	O	O	O	_	_	_	_	_	_
effet	O	O	O	O	O	O	_	_	_	_	_	_
de	O	O	O	O	O	O	_	_	EndOfLine	_	_	_
# segment_iiif_link = https://iiif.eluxemburgensia.lu/iiif/2/ark:%2f70795%2fbj46zm%2fpages%2f3/3350,3567,723,51/full/0/default.jpg
continuer	O	O	O	O	O	O	_	_	_	_	_	_
à	O	O	O	O	O	O	_	_	_	_	_	_
tromper	O	O	O	O	O	O	_	_	_	_	_	_
les	O	O	O	O	O	O	_	_	_	_	_	_
boers	O	O	O	O	O	O	_	_	NoSpaceAfter	_	_	_
,	O	O	O	O	O	O	_	_	_	_	_	_
de	O	O	O	O	O	O	_	_	EndOfLine	_	_	_
# segment_iiif_link = https://iiif.eluxemburgensia.lu/iiif/2/ark:%2f70795%2fbj46zm%2fpages%2f3/3350,3620,738,51/full/0/default.jpg
continuer	O	O	O	O	O	O	_	_	_	_	_	_
à	O	O	O	O	O	O	_	_	_	_	_	_
encourager	O	O	O	O	O	O	_	_	_	_	_	_
la	O	O	O	O	O	O	_	_	_	_	_	_
résistance	O	O	O	O	O	O	_	_	_	_	_	_
et	O	O	O	O	O	O	_	_	_	_	_	_
de	O	O	O	O	O	O	_	_	EndOfLine	_	_	_
# segment_iiif_link = https://iiif.eluxemburgensia.lu/iiif/2/ark:%2f70795%2fbj46zm%2fpages%2f3/3350,3672,529,54/full/0/default.jpg
créer	O	O	O	O	O	O	_	_	_	_	_	_
de	O	O	O	O	O	O	_	_	_	_	_	_
nouveaux	O	O	O	O	O	O	_	_	_	_	_	_
malheurs	O	O	O	O	O	O	_	_	NoSpaceAfter	_	_	_
.	O	O	O	O	O	O	_	_	EndOfLine	EndOfSentence	_	_
# segment_iiif_link = https://iiif.eluxemburgensia.lu/iiif/2/ark:%2f70795%2fbj46zm%2fpages%2f3/3393,3726,695,55/full/0/default.jpg
La	O	O	O	O	O	O	_	_	_	_	_	_
Haye	O	O	O	O	O	O	_	_	NoSpaceAfter	_	_	_
,	O	O	O	O	O	O	_	_	_	_	_	_
12	O	O	O	O	O	O	_	_	_	_	_	_
déc	O	O	O	O	O	O	_	_	NoSpaceAfter	_	_	_
.	O	O	O	O	O	O	_	_	_	EndOfSentence	_	_
—	O	O	O	O	O	O	_	_	_	_	_	_
La	O	O	O	O	O	O	_	_	_	_	_	_
légation	O	O	O	O	O	O	_	_	_	_	_	_
de	O	O	O	O	O	O	_	_	EndOfLine	_	_	_
# segment_iiif_link = https://iiif.eluxemburgensia.lu/iiif/2/ark:%2f70795%2fbj46zm%2fpages%2f3/3349,3778,724,53/full/0/default.jpg
la	O	O	O	O	O	O	_	_	_	_	_	_
République	O	O	O	O	O	O	_	_	_	_	_	_
sud	O	O	O	O	O	O	_	_	NoSpaceAfter	_	_	_
-	O	O	O	O	O	O	_	_	NoSpaceAfter	_	_	_
africaine	O	O	O	O	O	O	_	_	_	_	_	_
démeut	O	O	O	O	O	O	_	_	EndOfLine	_	_	_
# segment_iiif_link = https://iiif.eluxemburgensia.lu/iiif/2/ark:%2f70795%2fbj46zm%2fpages%2f3/3350,3833,739,55/full/0/default.jpg
formellement	O	O	O	O	O	O	_	_	_	_	_	_
le	O	O	O	O	O	O	_	_	_	_	_	_
bruit	O	O	O	O	O	O	_	_	_	_	_	_
que	O	O	O	O	O	O	_	_	_	_	_	_
l	O	O	O	O	O	O	_	_	NoSpaceAfter	_	_	_
’	O	O	O	O	O	O	_	_	NoSpaceAfter	_	_	_
empereur	O	O	O	O	O	O	_	_	_	_	_	_
de	O	O	O	O	O	O	_	_	EndOfLine	_	_	_
# segment_iiif_link = https://iiif.eluxemburgensia.lu/iiif/2/ark:%2f70795%2fbj46zm%2fpages%2f3/3349,3885,739,55/full/0/default.jpg
Russie	O	O	O	O	O	O	_	_	_	_	_	_
aurait	O	O	O	O	O	O	_	_	_	_	_	_
avisé	O	O	O	O	O	O	_	_	_	_	_	_
le	O	O	O	O	O	O	_	_	_	_	_	_
président	O	O	O	O	O	O	_	_	_	_	_	_
Kroger	O	O	O	O	O	O	_	_	EndOfLine	_	_	_
# segment_iiif_link = https://iiif.eluxemburgensia.lu/iiif/2/ark:%2f70795%2fbj46zm%2fpages%2f3/3349,3941,451,58/full/0/default.jpg
qu	O	O	O	O	O	O	_	_	NoSpaceAfter	_	_	_
’	O	O	O	O	O	O	_	_	NoSpaceAfter	_	_	_
il	O	O	O	O	O	O	_	_	_	_	_	_
ne	O	O	O	O	O	O	_	_	_	_	_	_
le	O	O	O	O	O	O	_	_	_	_	_	_
recevrait	O	O	O	O	O	O	_	_	_	_	_	_
pas	O	O	O	O	O	O	_	_	NoSpaceAfter	_	_	_
.	O	O	O	O	O	O	_	_	EndOfLine	EndOfSentence	_	_

# language = fr
# newspaper = indeplux
# date = 1903-05-20
# document_id = indeplux-1903-05-20-a-i0003
# news-agency-as-source = Q130879
# segment_iiif_link = https://iiif.eluxemburgensia.lu/iiif/2/ark:%2f70795%2f8f2mx9%2fpages%2f3/1020,382,641,100/full/0/default.jpg
NOUVELLES	O	O	O	O	O	O	_	_	_	_	_	_
DU	O	O	O	O	O	O	_	_	_	_	_	_
JOUR	O	O	O	O	O	O	_	_	EndOfLine	_	_	_
# segment_iiif_link = https://iiif.eluxemburgensia.lu/iiif/2/ark:%2f70795%2f8f2mx9%2fpages%2f3/1021,523,697,53/full/0/default.jpg
Les	O	O	O	O	O	O	_	_	_	_	_	_
dépêches	O	O	O	O	O	O	_	_	NoSpaceAfter	_	_	_
'	O	O	O	O	O	O	_	_	NoSpaceAfter	_	_	_
alarmhtes	O	O	O	O	O	O	_	_	NoSpaceAfter	_	_	_
.	O	O	O	O	O	O	_	_	_	EndOfSentence	_	_
—	O	O	O	O	O	O	_	_	_	_	_	_
L	O	O	O	O	O	O	_	_	NoSpaceAfter	_	_	_
’	O	O	O	O	O	O	_	_	NoSpaceAfter	_	_	_
agence	O	O	O	O	O	O	_	_	EndOfLine	_	_	_
# segment_iiif_link = https://iiif.eluxemburgensia.lu/iiif/2/ark:%2f70795%2f8f2mx9%2fpages%2f3/976,567,741,61/full/0/default.jpg
anglaise	O	O	O	O	O	O	_	_	_	_	_	_
Reuter	B-org	O	B-org.ent.pressagency.Reuters	O	O	O	Q130879	_	_	_	LED0.00	_
et	O	O	O	O	O	O	_	_	_	_	_	_
le	O	O	O	O	O	O	_	_	_	_	_	_
Times	O	O	O	O	O	O	_	_	_	_	_	_
de	O	O	O	O	O	O	_	_	_	_	_	_
Londres	O	O	O	O	O	O	_	_	EndOfLine	_	_	_
# segment_iiif_link = https://iiif.eluxemburgensia.lu/iiif/2/ark:%2f70795%2f8f2mx9%2fpages%2f3/976,613,740,51/full/0/default.jpg
continuent	O	O	O	O	O	O	_	_	_	_	_	_
à	O	O	O	O	O	O	_	_	_	_	_	_
publier	O	O	O	O	O	O	_	_	_	_	_	_
les	O	O	O	O	O	O	_	_	_	_	_	_
renseignements	O	O	O	O	O	O	_	_	EndOfLine	_	_	_
# segment_iiif_link = https://iiif.eluxemburgensia.lu/iiif/2/ark:%2f70795%2f8f2mx9%2fpages%2f3/975,657,728,51/full/0/default.jpg
les	O	O	O	O	O	O	_	_	_	_	_	_
plus	O	O	O	O	O	O	_	_	_	_	_	_
sensationnels	O	O	O	O	O	O	_	_	_	_	_	_
et	O	O	O	O	O	O	_	_	_	_	_	_
les	O	O	O	O	O	O	_	_	_	_	_	_
plus	O	O	O	O	O	O	_	_	EndOfLine	_	_	_
# segment_iiif_link = https://iiif.eluxemburgensia.lu/iiif/2/ark:%2f70795%2f8f2mx9%2fpages%2f3/976,702,741,58/full/0/default.jpg
alarmistes	O	O	O	O	O	O	_	_	NoSpaceAfter	_	_	_
,	O	O	O	O	O	O	_	_	_	_	_	_
en	O	O	O	O	O	O	_	_	_	_	_	_
même	O	O	O	O	O	O	_	_	_	_	_	_
temps	O	O	O	O	O	O	_	_	_	_	_	_
que	O	O	O	O	O	O	_	_	_	_	_	_
les	O	O	O	O	O	O	_	_	_	_	_	_
plus	O	O	O	O	O	O	_	_	EndOfLine	_	_	_
# segment_iiif_link = https://iiif.eluxemburgensia.lu/iiif/2/ark:%2f70795%2f8f2mx9%2fpages%2f3/976,745,741,60/full/0/default.jpg
contradictoires	O	O	O	O	O	O	_	_	NoSpaceAfter	_	_	_
,	O	O	O	O	O	O	_	_	_	_	_	_
sur	O	O	O	O	O	O	_	_	_	_	_	_
les	O	O	O	O	O	O	_	_	_	_	_	_
événements	O	O	O	O	O	O	_	_	_	_	_	_
de	O	O	O	O	O	O	_	_	EndOfLine	_	_	_
# segment_iiif_link = https://iiif.eluxemburgensia.lu/iiif/2/ark:%2f70795%2f8f2mx9%2fpages%2f3/976,790,726,51/full/0/default.jpg
Macédoine	O	O	O	O	O	O	_	_	NoSpaceAfter	_	_	_
.	O	O	O	O	O	O	_	_	_	EndOfSentence	_	_
L	O	O	O	O	O	O	_	_	NoSpaceAfter	_	_	_
’	O	O	O	O	O	O	_	_	NoSpaceAfter	_	_	_
agence	O	O	O	O	O	O	_	_	_	_	_	_
Reuter	B-org	O	B-org.ent.pressagency.Reuters	O	O	O	Q130879	_	NoSpaceAfter	_	LED0.00	_
,	O	O	O	O	O	O	_	_	_	_	_	_
elle	O	O	O	O	O	O	_	_	NoSpaceAfter	_	_	_
,	O	O	O	O	O	O	_	_	EndOfLine	_	_	_
# segment_iiif_link = https://iiif.eluxemburgensia.lu/iiif/2/ark:%2f70795%2f8f2mx9%2fpages%2f3/975,836,742,51/full/0/default.jpg
prétend	O	O	O	O	O	O	_	_	_	_	_	_
qu	O	O	O	O	O	O	_	_	NoSpaceAfter	_	_	_
’	O	O	O	O	O	O	_	_	NoSpaceAfter	_	_	_
au	O	O	O	O	O	O	_	_	_	_	_	_
combat	O	O	O	O	O	O	_	_	_	_	_	_
qui	O	O	O	O	O	O	_	_	_	_	_	_
a	O	O	O	O	O	O	_	_	_	_	_	_
eu	O	O	O	O	O	O	_	_	_	_	_	_
lieu	O	O	O	O	O	O	_	_	_	_	_	_
entre	O	O	O	O	O	O	_	_	EndOfLine	_	_	_
# segment_iiif_link = https://iiif.eluxemburgensia.lu/iiif/2/ark:%2f70795%2f8f2mx9%2fpages%2f3/975,879,726,51/full/0/default.jpg
les	O	O	O	O	O	O	_	_	_	_	_	_
troupes	O	O	O	O	O	O	_	_	_	_	_	_
impériales	O	O	O	O	O	O	_	_	_	_	_	_
et	O	O	O	O	O	O	_	_	_	_	_	_
albanaises	O	O	O	O	O	O	_	_	EndOfLine	_	_	_
# segment_iiif_link = https://iiif.eluxemburgensia.lu/iiif/2/ark:%2f70795%2f8f2mx9%2fpages%2f3/976,924,743,50/full/0/default.jpg
pendant	O	O	O	O	O	O	_	_	_	_	_	_
la	O	O	O	O	O	O	_	_	_	_	_	_
marche	O	O	O	O	O	O	_	_	_	_	_	_
de	O	O	O	O	O	O	_	_	_	_	_	_
Chemsi	O	O	O	O	O	O	_	_	_	_	_	_
Pacha	O	O	O	O	O	O	_	_	_	_	_	_
sur	O	O	O	O	O	O	_	_	EndOfLine	_	_	_
# segment_iiif_link = https://iiif.eluxemburgensia.lu/iiif/2/ark:%2f70795%2f8f2mx9%2fpages%2f3/975,969,728,60/full/0/default.jpg
Ipek	O	O	O	O	O	O	_	_	NoSpaceAfter	_	_	_
,	O	O	O	O	O	O	_	_	_	_	_	_
plusieurs	O	O	O	O	O	O	_	_	_	_	_	_
centaines	O	O	O	O	O	O	_	_	_	_	_	_
d	O	O	O	O	O	O	_	_	NoSpaceAfter	_	_	_
’	O	O	O	O	O	O	_	_	_	_	_	_
Albanais	O	O	O	O	O	O	_	_	EndOfLine	_	_	_
# segment_iiif_link = https://iiif.eluxemburgensia.lu/iiif/2/ark:%2f70795%2f8f2mx9%2fpages%2f3/976,1014,743,51/full/0/default.jpg
auraient	O	O	O	O	O	O	_	_	_	_	_	_
été	O	O	O	O	O	O	_	_	_	_	_	_
tués	O	O	O	O	O	O	_	_	_	_	_	_
et	O	O	O	O	O	O	_	_	_	_	_	_
blessés	O	O	O	O	O	O	_	_	_	_	_	_
;	O	O	O	O	O	O	_	_	_	_	_	_
tandis	O	O	O	O	O	O	_	_	_	_	_	_
que	O	O	O	O	O	O	_	_	_	_	_	_
le	O	O	O	O	O	O	_	_	EndOfLine	_	_	_
# segment_iiif_link = https://iiif.eluxemburgensia.lu/iiif/2/ark:%2f70795%2f8f2mx9%2fpages%2f3/977,1058,740,51/full/0/default.jpg
Times	O	O	O	O	O	O	_	_	_	_	_	_
dit	O	O	O	O	O	O	_	_	_	_	_	_
:	O	O	O	O	O	O	_	_	_	_	_	_
«	O	O	O	O	O	O	_	_	_	_	_	_
Les	O	O	O	O	O	O	_	_	_	_	_	_
Albanais	O	O	O	O	O	O	_	_	_	_	_	_
semblent	O	O	O	O	O	O	_	_	_	_	_	_
avoir	O	O	O	O	O	O	_	_	EndOfLine	_	_	_
# segment_iiif_link = https://iiif.eluxemburgensia.lu/iiif/2/ark:%2f70795%2f8f2mx9%2fpages%2f3/975,1102,727,60/full/0/default.jpg
infligé	O	O	O	O	O	O	_	_	_	_	_	_
dans	O	O	O	O	O	O	_	_	_	_	_	_
leur	O	O	O	O	O	O	_	_	_	_	_	_
attaque	O	O	O	O	O	O	_	_	_	_	_	_
des	O	O	O	O	O	O	_	_	_	_	_	_
pertes	O	O	O	O	O	O	_	_	EndOfLine	_	_	_
# segment_iiif_link = https://iiif.eluxemburgensia.lu/iiif/2/ark:%2f70795%2f8f2mx9%2fpages%2f3/975,1145,743,53/full/0/default.jpg
élevées	O	O	O	O	O	O	_	_	_	_	_	_
aux	O	O	O	O	O	O	_	_	_	_	_	_
Turcs	O	O	O	O	O	O	_	_	NoSpaceAfter	_	_	_
,	O	O	O	O	O	O	_	_	_	_	_	_
mais	O	O	O	O	O	O	_	_	_	_	_	_
ils	O	O	O	O	O	O	_	_	_	_	_	_
ont	O	O	O	O	O	O	_	_	_	_	_	_
ensuite	O	O	O	O	O	O	_	_	EndOfLine	_	_	_
# segment_iiif_link = https://iiif.eluxemburgensia.lu/iiif/2/ark:%2f70795%2f8f2mx9%2fpages%2f3/976,1190,726,53/full/0/default.jpg
été	O	O	O	O	O	O	_	_	_	_	_	_
dispersés	O	O	O	O	O	O	_	_	_	_	_	_
par	O	O	O	O	O	O	_	_	_	_	_	_
ces	O	O	O	O	O	O	_	_	_	_	_	_
derniers	O	O	O	O	O	O	_	_	_	_	_	_
qui	O	O	O	O	O	O	_	_	_	_	_	_
dé	O	O	O	O	O	O	_	_	EndOfLine	_	_	_
# segment_iiif_link = https://iiif.eluxemburgensia.lu/iiif/2/ark:%2f70795%2f8f2mx9%2fpages%2f3/976,1236,742,50/full/0/default.jpg
truisirent	O	O	O	O	O	O	_	_	_	_	_	_
120	O	O	O	O	O	O	_	_	_	_	_	_
fortins	O	O	O	O	O	O	_	_	_	_	_	_
albanais	O	O	O	O	O	O	_	_	NoSpaceAfter	_	_	_
.	O	O	O	O	O	O	_	_	_	_	_	_
Le	O	O	O	O	O	O	_	_	EndOfLine	_	_	_
# segment_iiif_link = https://iiif.eluxemburgensia.lu/iiif/2/ark:%2f70795%2f8f2mx9%2fpages%2f3/976,1280,740,51/full/0/default.jpg
combat	O	O	O	O	O	O	_	_	_	_	_	_
aurait	O	O	O	O	O	O	_	_	_	_	_	_
eu	O	O	O	O	O	O	_	_	_	_	_	_
lieu	O	O	O	O	O	O	_	_	_	_	_	_
près	O	O	O	O	O	O	_	_	_	_	_	_
du	O	O	O	O	O	O	_	_	_	_	_	_
pont	O	O	O	O	O	O	_	_	_	_	_	_
de	O	O	O	O	O	O	_	_	EndOfLine	_	_	_
# segment_iiif_link = https://iiif.eluxemburgensia.lu/iiif/2/ark:%2f70795%2f8f2mx9%2fpages%2f3/976,1325,150,50/full/0/default.jpg
Bistiza	O	O	O	O	O	O	_	_	NoSpaceAfter	_	_	_
»	O	O	O	O	O	O	_	_	NoSpaceAfter	_	_	_
.	O	O	O	O	O	O	_	_	EndOfLine	EndOfSentence	_	_
# segment_iiif_link = https://iiif.eluxemburgensia.lu/iiif/2/ark:%2f70795%2f8f2mx9%2fpages%2f3/1019,1368,682,50/full/0/default.jpg
Etant	O	O	O	O	O	O	_	_	_	_	_	_
donnée	O	O	O	O	O	O	_	_	_	_	_	_
leur	O	O	O	O	O	O	_	_	_	_	_	_
source	O	O	O	O	O	O	_	_	NoSpaceAfter	_	_	_
,	O	O	O	O	O	O	_	_	_	_	_	_
ces	O	O	O	O	O	O	_	_	EndOfLine	_	_	_
# segment_iiif_link = https://iiif.eluxemburgensia.lu/iiif/2/ark:%2f70795%2f8f2mx9%2fpages%2f3/976,1413,744,50/full/0/default.jpg
nouvelles	O	O	O	O	O	O	_	_	_	_	_	_
demandent	O	O	O	O	O	O	_	_	_	_	_	_
confirmation	O	O	O	O	O	O	_	_	NoSpaceAfter	_	_	_
,	O	O	O	O	O	O	_	_	_	_	_	_
comme	O	O	O	O	O	O	_	_	EndOfLine	_	_	_
# segment_iiif_link = https://iiif.eluxemburgensia.lu/iiif/2/ark:%2f70795%2f8f2mx9%2fpages%2f3/976,1457,740,51/full/0/default.jpg
le	O	O	O	O	O	O	_	_	_	_	_	_
bruit	O	O	O	O	O	O	_	_	_	_	_	_
lancé	O	O	O	O	O	O	_	_	_	_	_	_
par	O	O	O	O	O	O	_	_	_	_	_	_
l	O	O	O	O	O	O	_	_	NoSpaceAfter	_	_	_
’	O	O	O	O	O	O	_	_	NoSpaceAfter	_	_	_
agence	O	O	O	O	O	O	_	_	_	_	_	_
Reuter	O	O	O	O	O	O	Q130879	_	NoSpaceAfter	_	LED0.00	_
,	O	O	O	O	O	O	_	_	EndOfLine	_	_	_
# segment_iiif_link = https://iiif.eluxemburgensia.lu/iiif/2/ark:%2f70795%2f8f2mx9%2fpages%2f3/976,1502,732,58/full/0/default.jpg
d	O	O	O	O	O	O	_	_	NoSpaceAfter	_	_	_
’	O	O	O	O	O	O	_	_	NoSpaceAfter	_	_	_
après	O	O	O	O	O	O	_	_	_	_	_	_
lequel	O	O	O	O	O	O	_	_	_	_	_	_
«	O	O	O	O	O	O	_	_	NoSpaceAfter	_	_	_
un	O	O	O	O	O	O	_	_	_	_	_	_
grand	O	O	O	O	O	O	_	_	_	_	_	_
nombre	O	O	O	O	O	O	_	_	EndOfLine	_	_	_
# segment_iiif_link = https://iiif.eluxemburgensia.lu/iiif/2/ark:%2f70795%2f8f2mx9%2fpages%2f3/976,1547,744,51/full/0/default.jpg
d	O	O	O	O	O	O	_	_	NoSpaceAfter	_	_	_
’	O	O	O	O	O	O	_	_	NoSpaceAfter	_	_	_
officiers	O	O	O	O	O	O	_	_	_	_	_	_
et	O	O	O	O	O	O	_	_	_	_	_	_
soldats	O	O	O	O	O	O	_	_	_	_	_	_
de	O	O	O	O	O	O	_	_	_	_	_	_
l	O	O	O	O	O	O	_	_	NoSpaceAfter	_	_	_
’	O	O	O	O	O	O	_	_	NoSpaceAfter	_	_	_
armée	O	O	O	O	O	O	_	_	_	_	_	_
bulgare	O	O	O	O	O	O	_	_	_	_	_	_
sont	O	O	O	O	O	O	_	_	EndOfLine	_	_	_
# segment_iiif_link = https://iiif.eluxemburgensia.lu/iiif/2/ark:%2f70795%2f8f2mx9%2fpages%2f3/976,1601,744,42/full/0/default.jpg
en	O	O	O	O	O	O	_	_	_	_	_	_
train	O	O	O	O	O	O	_	_	_	_	_	_
de	O	O	O	O	O	O	_	_	_	_	_	_
déserter	O	O	O	O	O	O	_	_	_	_	_	_
et	O	O	O	O	O	O	_	_	_	_	_	_
d	O	O	O	O	O	O	_	_	NoSpaceAfter	_	_	_
’	O	O	O	O	O	O	_	_	NoSpaceAfter	_	_	_
aller	O	O	O	O	O	O	_	_	_	_	_	_
prendre	O	O	O	O	O	O	_	_	EndOfLine	_	_	_
# segment_iiif_link = https://iiif.eluxemburgensia.lu/iiif/2/ark:%2f70795%2f8f2mx9%2fpages%2f3/976,1635,486,51/full/0/default.jpg
les	O	O	O	O	O	O	_	_	_	_	_	_
armes	O	O	O	O	O	O	_	_	_	_	_	_
en	O	O	O	O	O	O	_	_	_	_	_	_
Macédoine	O	O	O	O	O	O	_	_	NoSpaceAfter	_	_	_
»	O	O	O	O	O	O	_	_	NoSpaceAfter	_	_	_
.	O	O	O	O	O	O	_	_	EndOfLine	EndOfSentence	_	_
# segment_iiif_link = https://iiif.eluxemburgensia.lu/iiif/2/ark:%2f70795%2f8f2mx9%2fpages%2f3/1021,1680,698,51/full/0/default.jpg
Le	O	O	O	O	O	O	_	_	_	_	_	_
nouveau	O	O	O	O	O	O	_	_	_	_	_	_
cabinet	O	O	O	O	O	O	_	_	_	_	_	_
bulgare	O	O	O	O	O	O	_	_	NoSpaceAfter	_	_	_
.	O	O	O	O	O	O	_	_	_	EndOfSentence	_	_
—	O	O	O	O	O	O	_	_	_	_	_	_
Malgré	O	O	O	O	O	O	_	_	EndOfLine	_	_	_
# segment_iiif_link = https://iiif.eluxemburgensia.lu/iiif/2/ark:%2f70795%2f8f2mx9%2fpages%2f3/976,1723,747,51/full/0/default.jpg
les	O	O	O	O	O	O	_	_	_	_	_	_
bruits	O	O	O	O	O	O	_	_	_	_	_	_
contraires	O	O	O	O	O	O	_	_	NoSpaceAfter	_	_	_
,	O	O	O	O	O	O	_	_	_	_	_	_
le	O	O	O	O	O	O	_	_	_	_	_	_
général	O	O	O	O	O	O	_	_	_	_	_	_
Petrofï	O	O	O	O	O	O	_	_	EndOfLine	_	_	_
# segment_iiif_link = https://iiif.eluxemburgensia.lu/iiif/2/ark:%2f70795%2f8f2mx9%2fpages%2f3/976,1777,744,42/full/0/default.jpg
a	O	O	O	O	O	O	_	_	_	_	_	_
réussi	O	O	O	O	O	O	_	_	_	_	_	_
à	O	O	O	O	O	O	_	_	_	_	_	_
constituer	O	O	O	O	O	O	_	_	_	_	_	_
le	O	O	O	O	O	O	_	_	_	_	_	_
nouveau	O	O	O	O	O	O	_	_	_	_	_	_
cabinet	O	O	O	O	O	O	_	_	EndOfLine	_	_	_
# segment_iiif_link = https://iiif.eluxemburgensia.lu/iiif/2/ark:%2f70795%2f8f2mx9%2fpages%2f3/976,1811,743,61/full/0/default.jpg
bulgare	O	O	O	O	O	O	_	_	NoSpaceAfter	_	_	_
,	O	O	O	O	O	O	_	_	_	_	_	_
en	O	O	O	O	O	O	_	_	_	_	_	_
remplacement	O	O	O	O	O	O	_	_	_	_	_	_
du	O	O	O	O	O	O	_	_	_	_	_	_
cabinet	O	O	O	O	O	O	_	_	EndOfLine	_	_	_
# segment_iiif_link = https://iiif.eluxemburgensia.lu/iiif/2/ark:%2f70795%2f8f2mx9%2fpages%2f3/976,1856,729,60/full/0/default.jpg
Daneff	O	O	O	O	O	O	_	_	NoSpaceAfter	_	_	_
,	O	O	O	O	O	O	_	_	_	_	_	_
démissionnaire	O	O	O	O	O	O	_	_	NoSpaceAfter	_	_	_
.	O	O	O	O	O	O	_	_	_	EndOfSentence	_	_
Il	O	O	O	O	O	O	_	_	_	_	_	_
est	O	O	O	O	O	O	_	_	_	_	_	_
ainsi	O	O	O	O	O	O	_	_	EndOfLine	_	_	_
# segment_iiif_link = https://iiif.eluxemburgensia.lu/iiif/2/ark:%2f70795%2f8f2mx9%2fpages%2f3/976,1900,729,60/full/0/default.jpg
composé	O	O	O	O	O	O	_	_	_	_	_	_
:	O	O	O	O	O	O	_	_	_	_	_	_
général	O	O	O	O	O	O	_	_	_	_	_	_
Petrofï	O	O	O	O	O	O	_	_	NoSpaceAfter	_	_	_
,	O	O	O	O	O	O	_	_	_	_	_	_
président	O	O	O	O	O	O	_	_	_	_	_	_
du	O	O	O	O	O	O	_	_	EndOfLine	_	_	_
# segment_iiif_link = https://iiif.eluxemburgensia.lu/iiif/2/ark:%2f70795%2f8f2mx9%2fpages%2f3/976,1944,742,51/full/0/default.jpg
Conseil	O	O	O	O	O	O	_	_	_	_	_	_
et	O	O	O	O	O	O	_	_	_	_	_	_
ministre	O	O	O	O	O	O	_	_	_	_	_	_
des	O	O	O	O	O	O	_	_	_	_	_	_
affaires	O	O	O	O	O	O	_	_	_	_	_	_
étrangères	O	O	O	O	O	O	_	_	NoSpaceAfter	_	_	_
;	O	O	O	O	O	O	_	_	EndOfLine	_	_	_
# segment_iiif_link = https://iiif.eluxemburgensia.lu/iiif/2/ark:%2f70795%2f8f2mx9%2fpages%2f3/976,1987,741,60/full/0/default.jpg
Petkofï	O	O	O	O	O	O	_	_	NoSpaceAfter	_	_	_
,	O	O	O	O	O	O	_	_	_	_	_	_
intérieur	O	O	O	O	O	O	_	_	_	_	_	_
;	O	O	O	O	O	O	_	_	_	_	_	_
Guenadieff	O	O	O	O	O	O	_	_	NoSpaceAfter	_	_	_
,	O	O	O	O	O	O	_	_	_	_	_	_
justice	O	O	O	O	O	O	_	_	_	_	_	_
;	O	O	O	O	O	O	_	_	EndOfLine	_	_	_
# segment_iiif_link = https://iiif.eluxemburgensia.lu/iiif/2/ark:%2f70795%2f8f2mx9%2fpages%2f3/977,2032,740,61/full/0/default.jpg
Chesselamanoff	O	O	O	O	O	O	_	_	NoSpaceAfter	_	_	_
,	O	O	O	O	O	O	_	_	_	_	_	_
instruction	O	O	O	O	O	O	_	_	_	_	_	_
publique	O	O	O	O	O	O	_	_	_	_	_	_
;	O	O	O	O	O	O	_	_	EndOfLine	_	_	_
# segment_iiif_link = https://iiif.eluxemburgensia.lu/iiif/2/ark:%2f70795%2f8f2mx9%2fpages%2f3/976,2077,740,60/full/0/default.jpg
Manacheff	O	O	O	O	O	O	_	_	NoSpaceAfter	_	_	_
,	O	O	O	O	O	O	_	_	_	_	_	_
finances	O	O	O	O	O	O	_	_	_	_	_	_
;	O	O	O	O	O	O	_	_	_	_	_	_
colonel	O	O	O	O	O	O	_	_	_	_	_	_
Savofï	O	O	O	O	O	O	_	_	NoSpaceAfter	_	_	_
,	O	O	O	O	O	O	_	_	EndOfLine	_	_	_
# segment_iiif_link = https://iiif.eluxemburgensia.lu/iiif/2/ark:%2f70795%2f8f2mx9%2fpages%2f3/976,2131,729,50/full/0/default.jpg
guerre	O	O	O	O	O	O	_	_	_	_	_	_
;	O	O	O	O	O	O	_	_	_	_	_	_
Popoff	O	O	O	O	O	O	_	_	NoSpaceAfter	_	_	_
,	O	O	O	O	O	O	_	_	_	_	_	_
travaux	O	O	O	O	O	O	_	_	_	_	_	_
publics	O	O	O	O	O	O	_	_	_	_	_	_
et	O	O	O	O	O	O	_	_	EndOfLine	_	_	_
# segment_iiif_link = https://iiif.eluxemburgensia.lu/iiif/2/ark:%2f70795%2f8f2mx9%2fpages%2f3/976,2176,741,42/full/0/default.jpg
commerce	O	O	O	O	O	O	_	_	NoSpaceAfter	_	_	_
.	O	O	O	O	O	O	_	_	_	EndOfSentence	_	_
Il	O	O	O	O	O	O	_	_	_	_	_	_
y	O	O	O	O	O	O	_	_	_	_	_	_
a	O	O	O	O	O	O	_	_	_	_	_	_
là	O	O	O	O	O	O	_	_	_	_	_	_
trois	O	O	O	O	O	O	_	_	_	_	_	_
stamboulovistes	O	O	O	O	O	O	_	_	_	_	_	_
:	O	O	O	O	O	O	_	_	EndOfLine	_	_	_
# segment_iiif_link = https://iiif.eluxemburgensia.lu/iiif/2/ark:%2f70795%2f8f2mx9%2fpages%2f3/976,2209,743,50/full/0/default.jpg
MM	O	O	O	O	O	O	_	_	NoSpaceAfter	_	_	_
.	O	O	O	O	O	O	_	_	_	EndOfSentence	_	_
Petrofï	O	O	O	O	O	O	_	_	NoSpaceAfter	_	_	_
,	O	O	O	O	O	O	_	_	_	_	_	_
Petkofï	O	O	O	O	O	O	_	_	_	_	_	_
et	O	O	O	O	O	O	_	_	_	_	_	_
Guenadieff	O	O	O	O	O	O	_	_	_	_	_	_
;	O	O	O	O	O	O	_	_	_	_	_	_
les	O	O	O	O	O	O	_	_	EndOfLine	_	_	_
# segment_iiif_link = https://iiif.eluxemburgensia.lu/iiif/2/ark:%2f70795%2f8f2mx9%2fpages%2f3/977,2258,729,55/full/0/default.jpg
quatre	O	O	O	O	O	O	_	_	_	_	_	_
autres	O	O	O	O	O	O	_	_	_	_	_	_
sont	O	O	O	O	O	O	_	_	_	_	_	_
des	O	O	O	O	O	O	_	_	_	_	_	_
hommes	O	O	O	O	O	O	_	_	_	_	_	_
de	O	O	O	O	O	O	_	_	EndOfLine	_	_	_
# segment_iiif_link = https://iiif.eluxemburgensia.lu/iiif/2/ark:%2f70795%2f8f2mx9%2fpages%2f3/977,2298,515,53/full/0/default.jpg
confiance	O	O	O	O	O	O	_	_	_	_	_	_
du	O	O	O	O	O	O	_	_	_	_	_	_
prince	O	O	O	O	O	O	_	_	_	_	_	_
Ferdinand	O	O	O	O	O	O	_	_	NoSpaceAfter	_	_	_
.	O	O	O	O	O	O	_	_	EndOfLine	EndOfSentence	_	_
# segment_iiif_link = https://iiif.eluxemburgensia.lu/iiif/2/ark:%2f70795%2f8f2mx9%2fpages%2f3/1022,2343,679,55/full/0/default.jpg
Révocation	O	O	O	O	O	O	_	_	_	_	_	_
du	O	O	O	O	O	O	_	_	_	_	_	_
gouverneur	O	O	O	O	O	O	_	_	_	_	_	_
de	O	O	O	O	O	O	_	_	_	_	_	_
Kîschi	O	O	O	O	O	O	_	_	EndOfLine	_	_	_
# segment_iiif_link = https://iiif.eluxemburgensia.lu/iiif/2/ark:%2f70795%2f8f2mx9%2fpages%2f3/977,2387,743,55/full/0/default.jpg
neflf	O	O	O	O	O	O	_	_	NoSpaceAfter	_	_	_
.	O	O	O	O	O	O	_	_	_	EndOfSentence	_	_
—	O	O	O	O	O	O	_	_	_	_	_	_
Un	O	O	O	O	O	O	_	_	_	_	_	_
ukase	O	O	O	O	O	O	_	_	_	_	_	_
impérial	O	O	O	O	O	O	_	_	NoSpaceAfter	_	_	_
,	O	O	O	O	O	O	_	_	_	_	_	_
en	O	O	O	O	O	O	_	_	_	_	_	_
date	O	O	O	O	O	O	_	_	_	_	_	_
du	O	O	O	O	O	O	_	_	EndOfLine	_	_	_
# segment_iiif_link = https://iiif.eluxemburgensia.lu/iiif/2/ark:%2f70795%2f8f2mx9%2fpages%2f3/976,2433,743,51/full/0/default.jpg
17	O	O	O	O	O	O	_	_	_	_	_	_
mai	O	O	O	O	O	O	_	_	NoSpaceAfter	_	_	_
,	O	O	O	O	O	O	_	_	_	_	_	_
relève	O	O	O	O	O	O	_	_	_	_	_	_
l	O	O	O	O	O	O	_	_	NoSpaceAfter	_	_	_
’	O	O	O	O	O	O	_	_	NoSpaceAfter	_	_	_
intendant	O	O	O	O	O	O	_	_	_	_	_	_
général	O	O	O	O	O	O	_	_	_	_	_	_
de	O	O	O	O	O	O	_	_	EndOfLine	_	_	_
# segment_iiif_link = https://iiif.eluxemburgensia.lu/iiif/2/ark:%2f70795%2f8f2mx9%2fpages%2f3/976,2476,743,58/full/0/default.jpg
Raaben	O	O	O	O	O	O	_	_	NoSpaceAfter	_	_	_
,	O	O	O	O	O	O	_	_	_	_	_	_
des	O	O	O	O	O	O	_	_	_	_	_	_
fonctions	O	O	O	O	O	O	_	_	_	_	_	_
de	O	O	O	O	O	O	_	_	_	_	_	_
gouverneur	O	O	O	O	O	O	_	_	_	_	_	_
de	O	O	O	O	O	O	_	_	EndOfLine	_	_	_
# segment_iiif_link = https://iiif.eluxemburgensia.lu/iiif/2/ark:%2f70795%2f8f2mx9%2fpages%2f3/976,2519,743,60/full/0/default.jpg
Kischineff	O	O	O	O	O	O	_	_	NoSpaceAfter	_	_	_
,	O	O	O	O	O	O	_	_	_	_	_	_
—	O	O	O	O	O	O	_	_	_	_	_	_
probablement	O	O	O	O	O	O	_	_	_	_	_	_
à	O	O	O	O	O	O	_	_	_	_	_	_
la	O	O	O	O	O	O	_	_	_	_	_	_
suite	O	O	O	O	O	O	_	_	EndOfLine	_	_	_
# segment_iiif_link = https://iiif.eluxemburgensia.lu/iiif/2/ark:%2f70795%2f8f2mx9%2fpages%2f3/977,2564,742,51/full/0/default.jpg
des	O	O	O	O	O	O	_	_	_	_	_	_
crimes	O	O	O	O	O	O	_	_	_	_	_	_
commis	O	O	O	O	O	O	_	_	NoSpaceAfter	_	_	_
,	O	O	O	O	O	O	_	_	_	_	_	_
dans	O	O	O	O	O	O	_	_	_	_	_	_
cette	O	O	O	O	O	O	_	_	_	_	_	_
ville	O	O	O	O	O	O	_	_	NoSpaceAfter	_	_	_
,	O	O	O	O	O	O	_	_	EndOfLine	_	_	_
# segment_iiif_link = https://iiif.eluxemburgensia.lu/iiif/2/ark:%2f70795%2f8f2mx9%2fpages%2f3/976,2611,288,49/full/0/default.jpg
contre	O	O	O	O	O	O	_	_	_	_	_	_
les	O	O	O	O	O	O	_	_	_	_	_	_
juifs	O	O	O	O	O	O	_	_	NoSpaceAfter	_	_	_
.	O	O	O	O	O	O	_	_	EndOfLine	EndOfSentence	_	_
# segment_iiif_link = https://iiif.eluxemburgensia.lu/iiif/2/ark:%2f70795%2f8f2mx9%2fpages%2f3/1025,2654,693,53/full/0/default.jpg
La	O	O	O	O	O	O	_	_	_	_	_	_
visite	O	O	O	O	O	O	_	_	_	_	_	_
du	O	O	O	O	O	O	_	_	_	_	_	_
roi	O	O	O	O	O	O	_	_	_	_	_	_
de	O	O	O	O	O	O	_	_	_	_	_	_
Danemark	O	O	O	O	O	O	_	_	_	_	_	_
au	O	O	O	O	O	O	_	_	EndOfLine	_	_	_
# segment_iiif_link = https://iiif.eluxemburgensia.lu/iiif/2/ark:%2f70795%2f8f2mx9%2fpages%2f3/980,2697,725,61/full/0/default.jpg
président	O	O	O	O	O	O	_	_	_	_	_	_
Loubet	O	O	O	O	O	O	_	_	NoSpaceAfter	_	_	_
.	O	O	O	O	O	O	_	_	_	EndOfSentence	_	_
—	O	O	O	O	O	O	_	_	_	_	_	_
On	O	O	O	O	O	O	_	_	_	_	_	_
mande	O	O	O	O	O	O	_	_	_	_	_	_
de	O	O	O	O	O	O	_	_	EndOfLine	_	_	_
# segment_iiif_link = https://iiif.eluxemburgensia.lu/iiif/2/ark:%2f70795%2f8f2mx9%2fpages%2f3/977,2743,742,60/full/0/default.jpg
Copenhague	O	O	O	O	O	O	_	_	_	_	_	_
au	O	O	O	O	O	O	_	_	_	_	_	_
Temps	O	O	O	O	O	O	_	_	_	_	_	_
:	O	O	O	O	O	O	_	_	_	_	_	_
«	O	O	O	O	O	O	_	_	NoSpaceAfter	_	_	_
La	O	O	O	O	O	O	_	_	_	_	_	_
visite	O	O	O	O	O	O	_	_	_	_	_	_
officielle	O	O	O	O	O	O	_	_	EndOfLine	_	_	_
# segment_iiif_link = https://iiif.eluxemburgensia.lu/iiif/2/ark:%2f70795%2f8f2mx9%2fpages%2f3/979,2787,726,49/full/0/default.jpg
du	O	O	O	O	O	O	_	_	_	_	_	_
roi	O	O	O	O	O	O	_	_	_	_	_	_
Christian	O	O	O	O	O	O	_	_	_	_	_	_
à	O	O	O	O	O	O	_	_	_	_	_	_
Paris	O	O	O	O	O	O	_	_	_	_	_	_
est	O	O	O	O	O	O	_	_	EndOfLine	_	_	_
# segment_iiif_link = https://iiif.eluxemburgensia.lu/iiif/2/ark:%2f70795%2f8f2mx9%2fpages%2f3/977,2833,744,47/full/0/default.jpg
définitivement	O	O	O	O	O	O	_	_	_	_	_	_
fixée	O	O	O	O	O	O	_	_	NoSpaceAfter	_	_	_
.	O	O	O	O	O	O	_	_	_	_	_	_
Le	O	O	O	O	O	O	_	_	_	_	_	_
roi	O	O	O	O	O	O	_	_	_	_	_	_
partira	O	O	O	O	O	O	_	_	_	_	_	_
à	O	O	O	O	O	O	_	_	_	_	_	_
la	O	O	O	O	O	O	_	_	_	_	_	_
fin	O	O	O	O	O	O	_	_	_	_	_	_
de	O	O	O	O	O	O	_	_	EndOfLine	_	_	_
# segment_iiif_link = https://iiif.eluxemburgensia.lu/iiif/2/ark:%2f70795%2f8f2mx9%2fpages%2f3/979,2876,742,49/full/0/default.jpg
cette	O	O	O	O	O	O	_	_	_	_	_	_
semaine	O	O	O	O	O	O	_	_	_	_	_	_
pour	O	O	O	O	O	O	_	_	_	_	_	_
Wiesbaden	O	O	O	O	O	O	_	_	NoSpaceAfter	_	_	_
,	O	O	O	O	O	O	_	_	_	_	_	_
où	O	O	O	O	O	O	_	_	_	_	_	_
il	O	O	O	O	O	O	_	_	EndOfLine	_	_	_
# segment_iiif_link = https://iiif.eluxemburgensia.lu/iiif/2/ark:%2f70795%2f8f2mx9%2fpages%2f3/979,2916,726,53/full/0/default.jpg
fera	O	O	O	O	O	O	_	_	_	_	_	_
sa	O	O	O	O	O	O	_	_	_	_	_	_
cure	O	O	O	O	O	O	_	_	_	_	_	_
annuelle	O	O	O	O	O	O	_	_	NoSpaceAfter	_	_	_
.	O	O	O	O	O	O	_	_	_	_	_	_
De	O	O	O	O	O	O	_	_	_	_	_	_
là	O	O	O	O	O	O	_	_	_	_	_	_
il	O	O	O	O	O	O	_	_	_	_	_	_
se	O	O	O	O	O	O	_	_	EndOfLine	_	_	_
# segment_iiif_link = https://iiif.eluxemburgensia.lu/iiif/2/ark:%2f70795%2f8f2mx9%2fpages%2f3/980,2962,727,49/full/0/default.jpg
rendra	O	O	O	O	O	O	_	_	_	_	_	_
à	O	O	O	O	O	O	_	_	_	_	_	_
Gmunden	O	O	O	O	O	O	_	_	_	_	_	_
chez	O	O	O	O	O	O	_	_	_	_	_	_
sa	O	O	O	O	O	O	_	_	_	_	_	_
fille	O	O	O	O	O	O	_	_	NoSpaceAfter	_	_	_
,	O	O	O	O	O	O	_	_	_	_	_	_
la	O	O	O	O	O	O	_	_	EndOfLine	_	_	_
# segment_iiif_link = https://iiif.eluxemburgensia.lu/iiif/2/ark:%2f70795%2f8f2mx9%2fpages%2f3/979,3004,744,50/full/0/default.jpg
duchesse	O	O	O	O	O	O	_	_	_	_	_	_
de	O	O	O	O	O	O	_	_	_	_	_	_
Cumberland	O	O	O	O	O	O	_	_	NoSpaceAfter	_	_	_
.	O	O	O	O	O	O	_	_	_	_	_	_
II	O	O	O	O	O	O	_	_	_	_	_	_
sera	O	O	O	O	O	O	_	_	_	_	_	_
donc	O	O	O	O	O	O	_	_	_	_	_	_
à	O	O	O	O	O	O	_	_	EndOfLine	_	_	_
# segment_iiif_link = https://iiif.eluxemburgensia.lu/iiif/2/ark:%2f70795%2f8f2mx9%2fpages%2f3/979,3047,475,51/full/0/default.jpg
Paris	O	O	O	O	O	O	_	_	_	_	_	_
vers	O	O	O	O	O	O	_	_	_	_	_	_
la	O	O	O	O	O	O	_	_	_	_	_	_
fin	O	O	O	O	O	O	_	_	_	_	_	_
de	O	O	O	O	O	O	_	_	_	_	_	_
juin	O	O	O	O	O	O	_	_	NoSpaceAfter	_	_	_
.	O	O	O	O	O	O	_	_	EndOfLine	_	_	_
# segment_iiif_link = https://iiif.eluxemburgensia.lu/iiif/2/ark:%2f70795%2f8f2mx9%2fpages%2f3/1021,3091,683,55/full/0/default.jpg
Rome	O	O	O	O	O	O	_	_	NoSpaceAfter	_	_	_
.	O	O	O	O	O	O	_	_	_	_	_	_
—	O	O	O	O	O	O	_	_	_	_	_	_
Une	O	O	O	O	O	O	_	_	_	_	_	_
dépêche	O	O	O	O	O	O	_	_	_	_	_	_
de	O	O	O	O	O	O	_	_	EndOfLine	_	_	_
# segment_iiif_link = https://iiif.eluxemburgensia.lu/iiif/2/ark:%2f70795%2f8f2mx9%2fpages%2f3/976,3138,730,53/full/0/default.jpg
Paris	O	O	O	O	O	O	_	_	NoSpaceAfter	_	_	_
-	O	O	O	O	O	O	_	_	NoSpaceAfter	_	_	_
Nouvelles	O	O	O	O	O	O	_	_	_	_	_	_
fait	O	O	O	O	O	O	_	_	_	_	_	_
remarquer	O	O	O	O	O	O	_	_	_	_	_	_
que	O	O	O	O	O	O	_	_	NoSpaceAfter	_	_	_
,	O	O	O	O	O	O	_	_	_	_	_	_
depuis	O	O	O	O	O	O	_	_	_	_	_	_
le	O	O	O	O	O	O	_	_	EndOfLine	_	_	_
# segment_iiif_link = https://iiif.eluxemburgensia.lu/iiif/2/ark:%2f70795%2f8f2mx9%2fpages%2f3/979,3187,742,48/full/0/default.jpg
récent	O	O	O	O	O	O	_	_	_	_	_	_
voyage	O	O	O	O	O	O	_	_	_	_	_	_
de	O	O	O	O	O	O	_	_	_	_	_	_
Guillaume	O	O	O	O	O	O	_	_	_	_	_	_
II	O	O	O	O	O	O	_	_	NoSpaceAfter	_	_	_
,	O	O	O	O	O	O	_	_	_	_	_	_
il	O	O	O	O	O	O	_	_	_	_	_	_
y	O	O	O	O	O	O	_	_	_	_	_	_
a	O	O	O	O	O	O	_	_	_	_	_	_
une	O	O	O	O	O	O	_	_	EndOfLine	_	_	_
# segment_iiif_link = https://iiif.eluxemburgensia.lu/iiif/2/ark:%2f70795%2f8f2mx9%2fpages%2f3/977,3228,744,49/full/0/default.jpg
certaine	O	O	O	O	O	O	_	_	_	_	_	_
détente	O	O	O	O	O	O	_	_	_	_	_	_
dans	O	O	O	O	O	O	_	_	_	_	_	_
les	O	O	O	O	O	O	_	_	_	_	_	_
relations	O	O	O	O	O	O	_	_	_	_	_	_
du	O	O	O	O	O	O	_	_	EndOfLine	_	_	_
# segment_iiif_link = https://iiif.eluxemburgensia.lu/iiif/2/ark:%2f70795%2f8f2mx9%2fpages%2f3/977,3268,743,51/full/0/default.jpg
Vatican	O	O	O	O	O	O	_	_	_	_	_	_
et	O	O	O	O	O	O	_	_	_	_	_	_
de	O	O	O	O	O	O	_	_	_	_	_	_
l	O	O	O	O	O	O	_	_	NoSpaceAfter	_	_	_
’	O	O	O	O	O	O	_	_	NoSpaceAfter	_	_	_
Italie	O	O	O	O	O	O	_	_	_	_	_	_
officielle	O	O	O	O	O	O	_	_	_	_	_	_
;	O	O	O	O	O	O	_	_	_	_	_	_
des	O	O	O	O	O	O	_	_	_	_	_	_
deux	O	O	O	O	O	O	_	_	EndOfLine	_	_	_
# segment_iiif_link = https://iiif.eluxemburgensia.lu/iiif/2/ark:%2f70795%2f8f2mx9%2fpages%2f3/977,3311,744,62/full/0/default.jpg
côtés	O	O	O	O	O	O	_	_	NoSpaceAfter	_	_	_
,	O	O	O	O	O	O	_	_	_	_	_	_
on	O	O	O	O	O	O	_	_	_	_	_	_
manifeste	O	O	O	O	O	O	_	_	_	_	_	_
des	O	O	O	O	O	O	_	_	_	_	_	_
dispositions	O	O	O	O	O	O	_	_	_	_	_	_
plus	O	O	O	O	O	O	_	_	EndOfLine	_	_	_
# segment_iiif_link = https://iiif.eluxemburgensia.lu/iiif/2/ark:%2f70795%2f8f2mx9%2fpages%2f3/977,3359,217,53/full/0/default.jpg
conciliantes	O	O	O	O	O	O	_	_	NoSpaceAfter	_	_	_
.	O	O	O	O	O	O	_	_	EndOfLine	_	_	_
# segment_iiif_link = https://iiif.eluxemburgensia.lu/iiif/2/ark:%2f70795%2f8f2mx9%2fpages%2f3/1021,3404,697,51/full/0/default.jpg
Voici	O	O	O	O	O	O	_	_	_	_	_	_
un	O	O	O	O	O	O	_	_	_	_	_	_
exemple	O	O	O	O	O	O	_	_	_	_	_	_
de	O	O	O	O	O	O	_	_	_	_	_	_
cette	O	O	O	O	O	O	_	_	_	_	_	_
détente	O	O	O	O	O	O	_	_	NoSpaceAfter	_	_	_
:	O	O	O	O	O	O	_	_	EndOfLine	_	_	_
# segment_iiif_link = https://iiif.eluxemburgensia.lu/iiif/2/ark:%2f70795%2f8f2mx9%2fpages%2f3/977,3447,744,51/full/0/default.jpg
le	O	O	O	O	O	O	_	_	_	_	_	_
roi	O	O	O	O	O	O	_	_	_	_	_	_
Victor	O	O	O	O	O	O	_	_	NoSpaceAfter	_	_	_
-	O	O	O	O	O	O	_	_	NoSpaceAfter	_	_	_
Emmanuel	O	O	O	O	O	O	_	_	_	_	_	_
vient	O	O	O	O	O	O	_	_	_	_	_	_
de	O	O	O	O	O	O	_	_	_	_	_	_
visiter	O	O	O	O	O	O	_	_	EndOfLine	_	_	_
# segment_iiif_link = https://iiif.eluxemburgensia.lu/iiif/2/ark:%2f70795%2f8f2mx9%2fpages%2f3/977,3492,745,50/full/0/default.jpg
Florence	O	O	O	O	O	O	_	_	_	_	_	_
et	O	O	O	O	O	O	_	_	_	_	_	_
Venise	O	O	O	O	O	O	_	_	NoSpaceAfter	_	_	_
,	O	O	O	O	O	O	_	_	_	_	_	_
or	O	O	O	O	O	O	_	_	NoSpaceAfter	_	_	_
,	O	O	O	O	O	O	_	_	_	_	_	_
l	O	O	O	O	O	O	_	_	NoSpaceAfter	_	_	_
’	O	O	O	O	O	O	_	_	NoSpaceAfter	_	_	_
archevêque	O	O	O	O	O	O	_	_	_	_	_	_
de	O	O	O	O	O	O	_	_	EndOfLine	_	_	_
# segment_iiif_link = https://iiif.eluxemburgensia.lu/iiif/2/ark:%2f70795%2f8f2mx9%2fpages%2f3/977,3535,729,56/full/0/default.jpg
Florence	O	O	O	O	O	O	_	_	NoSpaceAfter	_	_	_
,	O	O	O	O	O	O	_	_	_	_	_	_
Mgr	O	O	O	O	O	O	_	_	NoSpaceAfter	_	_	_
.	O	O	O	O	O	O	_	_	_	_	_	_
Mistrangelo	O	O	O	O	O	O	_	_	_	_	_	_
et	O	O	O	O	O	O	_	_	_	_	_	_
le	O	O	O	O	O	O	_	_	EndOfLine	_	_	_
# segment_iiif_link = https://iiif.eluxemburgensia.lu/iiif/2/ark:%2f70795%2f8f2mx9%2fpages%2f3/977,3577,745,51/full/0/default.jpg
cardinal	O	O	O	O	O	O	_	_	_	_	_	_
Sarto	O	O	O	O	O	O	_	_	NoSpaceAfter	_	_	_
,	O	O	O	O	O	O	_	_	_	_	_	_
patriarche	O	O	O	O	O	O	_	_	_	_	_	_
de	O	O	O	O	O	O	_	_	_	_	_	_
Venise	O	O	O	O	O	O	_	_	NoSpaceAfter	_	_	_
,	O	O	O	O	O	O	_	_	_	_	_	_
ont	O	O	O	O	O	O	_	_	EndOfLine	_	_	_
# segment_iiif_link = https://iiif.eluxemburgensia.lu/iiif/2/ark:%2f70795%2f8f2mx9%2fpages%2f3/977,3623,744,50/full/0/default.jpg
mis	O	O	O	O	O	O	_	_	_	_	_	_
à	O	O	O	O	O	O	_	_	_	_	_	_
aller	O	O	O	O	O	O	_	_	_	_	_	_
présenter	O	O	O	O	O	O	_	_	_	_	_	_
leurs	O	O	O	O	O	O	_	_	_	_	_	_
hommages	O	O	O	O	O	O	_	_	EndOfLine	_	_	_
# segment_iiif_link = https://iiif.eluxemburgensia.lu/iiif/2/ark:%2f70795%2f8f2mx9%2fpages%2f3/977,3678,743,42/full/0/default.jpg
au	O	O	O	O	O	O	_	_	_	_	_	_
souverain	O	O	O	O	O	O	_	_	_	_	_	_
un	O	O	O	O	O	O	_	_	_	_	_	_
empressement	O	O	O	O	O	O	_	_	_	_	_	_
qui	O	O	O	O	O	O	_	_	_	_	_	_
a	O	O	O	O	O	O	_	_	EndOfLine	_	_	_
# segment_iiif_link = https://iiif.eluxemburgensia.lu/iiif/2/ark:%2f70795%2f8f2mx9%2fpages%2f3/977,3712,728,62/full/0/default.jpg
frappé	O	O	O	O	O	O	_	_	_	_	_	_
tout	O	O	O	O	O	O	_	_	_	_	_	_
le	O	O	O	O	O	O	_	_	_	_	_	_
monde	O	O	O	O	O	O	_	_	_	_	_	_
et	O	O	O	O	O	O	_	_	_	_	_	_
que	O	O	O	O	O	O	_	_	_	_	_	_
les	O	O	O	O	O	O	_	_	EndOfLine	_	_	_
# segment_iiif_link = https://iiif.eluxemburgensia.lu/iiif/2/ark:%2f70795%2f8f2mx9%2fpages%2f3/977,3767,743,42/full/0/default.jpg
journaux	O	O	O	O	O	O	_	_	_	_	_	_
ont	O	O	O	O	O	O	_	_	_	_	_	_
signalé	O	O	O	O	O	O	_	_	_	_	_	_
comme	O	O	O	O	O	O	_	_	_	_	_	_
un	O	O	O	O	O	O	_	_	_	_	_	_
symptôme	O	O	O	O	O	O	_	_	EndOfLine	_	_	_
# segment_iiif_link = https://iiif.eluxemburgensia.lu/iiif/2/ark:%2f70795%2f8f2mx9%2fpages%2f3/979,3802,740,51/full/0/default.jpg
de	O	O	O	O	O	O	_	_	_	_	_	_
conciliation	O	O	O	O	O	O	_	_	_	_	_	_
entre	O	O	O	O	O	O	_	_	_	_	_	_
l	O	O	O	O	O	O	_	_	NoSpaceAfter	_	_	_
’	O	O	O	O	O	O	_	_	NoSpaceAfter	_	_	_
Etat	O	O	O	O	O	O	_	_	_	_	_	_
et	O	O	O	O	O	O	_	_	_	_	_	_
l	O	O	O	O	O	O	_	_	NoSpaceAfter	_	_	_
’	O	O	O	O	O	O	_	_	NoSpaceAfter	_	_	_
Eglise	O	O	O	O	O	O	_	_	NoSpaceAfter	_	_	_
.	O	O	O	O	O	O	_	_	EndOfLine	_	_	_
# segment_iiif_link = https://iiif.eluxemburgensia.lu/iiif/2/ark:%2f70795%2f8f2mx9%2fpages%2f3/1021,3863,700,25/full/0/default.jpg
—	O	O	O	O	O	O	_	_	_	_	_	_
L	O	O	O	O	O	O	_	_	NoSpaceAfter	_	_	_
’	O	O	O	O	O	O	_	_	NoSpaceAfter	_	_	_
ex	O	O	O	O	O	O	_	_	NoSpaceAfter	_	_	_
-	O	O	O	O	O	O	_	_	NoSpaceAfter	_	_	_
impératrice	O	O	O	O	O	O	_	_	_	_	_	_
Eugénie	O	O	O	O	O	O	_	_	NoSpaceAfter	_	_	_
,	O	O	O	O	O	O	_	_	_	_	_	_
qui	O	O	O	O	O	O	_	_	_	_	_	_
est	O	O	O	O	O	O	_	_	EndOfLine	_	_	_
# segment_iiif_link = https://iiif.eluxemburgensia.lu/iiif/2/ark:%2f70795%2f8f2mx9%2fpages%2f3/977,3889,727,51/full/0/default.jpg
de	O	O	O	O	O	O	_	_	_	_	_	_
passage	O	O	O	O	O	O	_	_	_	_	_	_
à	O	O	O	O	O	O	_	_	_	_	_	_
Rome	O	O	O	O	O	O	_	_	NoSpaceAfter	_	_	_
,	O	O	O	O	O	O	_	_	_	_	_	_
n	O	O	O	O	O	O	_	_	NoSpaceAfter	_	_	_
’	O	O	O	O	O	O	_	_	NoSpaceAfter	_	_	_
a	O	O	O	O	O	O	_	_	_	_	_	_
vu	O	O	O	O	O	O	_	_	NoSpaceAfter	_	_	_
,	O	O	O	O	O	O	_	_	EndOfLine	_	_	_
# segment_iiif_link = https://iiif.eluxemburgensia.lu/iiif/2/ark:%2f70795%2f8f2mx9%2fpages%2f3/976,3937,728,49/full/0/default.jpg
contrairement	O	O	O	O	O	O	_	_	_	_	_	_
à	O	O	O	O	O	O	_	_	_	_	_	_
ce	O	O	O	O	O	O	_	_	_	_	_	_
qui	O	O	O	O	O	O	_	_	_	_	_	_
a	O	O	O	O	O	O	_	_	_	_	_	_
été	O	O	O	O	O	O	_	_	_	_	_	_
dit	O	O	O	O	O	O	_	_	NoSpaceAfter	_	_	_
,	O	O	O	O	O	O	_	_	_	_	_	_
aucun	O	O	O	O	O	O	_	_	EndOfLine	_	_	_
# segment_iiif_link = https://iiif.eluxemburgensia.lu/iiif/2/ark:%2f70795%2f8f2mx9%2fpages%2f3/977,3988,742,50/full/0/default.jpg
personnage	O	O	O	O	O	O	_	_	_	_	_	_
ni	O	O	O	O	O	O	_	_	_	_	_	_
du	O	O	O	O	O	O	_	_	_	_	_	_
Quirinal	O	O	O	O	O	O	_	_	NoSpaceAfter	_	_	_
,	O	O	O	O	O	O	_	_	_	_	_	_
ni	O	O	O	O	O	O	_	_	_	_	_	_
du	O	O	O	O	O	O	_	_	_	_	_	_
Vatican	O	O	O	O	O	O	_	_	NoSpaceAfter	_	_	_
.	O	O	O	O	O	O	_	_	EndOfLine	_	_	_
# segment_iiif_link = https://iiif.eluxemburgensia.lu/iiif/2/ark:%2f70795%2f8f2mx9%2fpages%2f3/976,4024,744,51/full/0/default.jpg
Elle	O	O	O	O	O	O	_	_	_	_	_	_
a	O	O	O	O	O	O	_	_	_	_	_	_
cependant	O	O	O	O	O	O	_	_	_	_	_	_
exprimé	O	O	O	O	O	O	_	_	_	_	_	_
le	O	O	O	O	O	O	_	_	_	_	_	_
désir	O	O	O	O	O	O	_	_	_	_	_	_
de	O	O	O	O	O	O	_	_	EndOfLine	_	_	_
# segment_iiif_link = https://iiif.eluxemburgensia.lu/iiif/2/ark:%2f70795%2f8f2mx9%2fpages%2f3/976,4068,744,50/full/0/default.jpg
voir	O	O	O	O	O	O	_	_	_	_	_	_
le	O	O	O	O	O	O	_	_	_	_	_	_
cardinal	O	O	O	O	O	O	_	_	_	_	_	_
Mathieu	O	O	O	O	O	O	_	_	_	_	_	_
auquel	O	O	O	O	O	O	_	_	NoSpaceAfter	_	_	_
,	O	O	O	O	O	O	_	_	_	_	_	_
assure	O	O	O	O	O	O	_	_	NoSpaceAfter	_	_	_
-	O	O	O	O	O	O	_	_	EndOfLine	_	_	_
# segment_iiif_link = https://iiif.eluxemburgensia.lu/iiif/2/ark:%2f70795%2f8f2mx9%2fpages%2f3/976,4115,744,57/full/0/default.jpg
t	O	O	O	O	O	O	_	_	NoSpaceAfter	_	_	_
-	O	O	O	O	O	O	_	_	NoSpaceAfter	_	_	_
on	O	O	O	O	O	O	_	_	NoSpaceAfter	_	_	_
,	O	O	O	O	O	O	_	_	_	_	_	_
elle	O	O	O	O	O	O	_	_	_	_	_	_
aurait	O	O	O	O	O	O	_	_	_	_	_	_
remis	O	O	O	O	O	O	_	_	_	_	_	_
une	O	O	O	O	O	O	_	_	_	_	_	_
lettre	O	O	O	O	O	O	_	_	_	_	_	_
pour	O	O	O	O	O	O	_	_	EndOfLine	_	_	_
# segment_iiif_link = https://iiif.eluxemburgensia.lu/iiif/2/ark:%2f70795%2f8f2mx9%2fpages%2f3/976,4155,148,51/full/0/default.jpg
le	O	O	O	O	O	O	_	_	_	_	_	_
Pape	O	O	O	O	O	O	_	_	NoSpaceAfter	_	_	_
.	O	O	O	O	O	O	_	_	EndOfLine	_	_	_
# segment_iiif_link = https://iiif.eluxemburgensia.lu/iiif/2/ark:%2f70795%2f8f2mx9%2fpages%2f3/1022,4200,682,54/full/0/default.jpg
Londres	O	O	O	O	O	O	_	_	NoSpaceAfter	_	_	_
.	O	O	O	O	O	O	_	_	_	_	_	_
—	O	O	O	O	O	O	_	_	_	_	_	_
La	O	O	O	O	O	O	_	_	_	_	_	_
Chambre	O	O	O	O	O	O	_	_	_	_	_	_
de	O	O	O	O	O	O	_	_	EndOfLine	_	_	_
# segment_iiif_link = https://iiif.eluxemburgensia.lu/iiif/2/ark:%2f70795%2f8f2mx9%2fpages%2f3/976,4254,742,42/full/0/default.jpg
commerce	O	O	O	O	O	O	_	_	_	_	_	_
française	O	O	O	O	O	O	_	_	_	_	_	_
vient	O	O	O	O	O	O	_	_	_	_	_	_
d	O	O	O	O	O	O	_	_	NoSpaceAfter	_	_	_
'	O	O	O	O	O	O	_	_	NoSpaceAfter	_	_	_
adresser	O	O	O	O	O	O	_	_	_	_	_	_
à	O	O	O	O	O	O	_	_	_	_	_	_
MM	O	O	O	O	O	O	_	_	NoSpaceAfter	_	_	_
.	O	O	O	O	O	O	_	_	EndOfLine	_	_	_
# segment_iiif_link = https://iiif.eluxemburgensia.lu/iiif/2/ark:%2f70795%2f8f2mx9%2fpages%2f3/976,4289,741,61/full/0/default.jpg
Trouillot	O	O	O	O	O	O	_	_	NoSpaceAfter	_	_	_
,	O	O	O	O	O	O	_	_	_	_	_	_
ministre	O	O	O	O	O	O	_	_	_	_	_	_
du	O	O	O	O	O	O	_	_	_	_	_	_
commerce	O	O	O	O	O	O	_	_	NoSpaceAfter	_	_	_
,	O	O	O	O	O	O	_	_	_	_	_	_
André	O	O	O	O	O	O	_	_	NoSpaceAfter	_	_	_
,	O	O	O	O	O	O	_	_	EndOfLine	_	_	_
# segment_iiif_link = https://iiif.eluxemburgensia.lu/iiif/2/ark:%2f70795%2f8f2mx9%2fpages%2f3/976,4334,742,51/full/0/default.jpg
ministre	O	O	O	O	O	O	_	_	_	_	_	_
de	O	O	O	O	O	O	_	_	_	_	_	_
la	O	O	O	O	O	O	_	_	_	_	_	_
guerre	O	O	O	O	O	O	_	_	NoSpaceAfter	_	_	_
,	O	O	O	O	O	O	_	_	_	_	_	_
Delcassé	O	O	O	O	O	O	_	_	NoSpaceAfter	_	_	_
,	O	O	O	O	O	O	_	_	_	_	_	_
ministre	O	O	O	O	O	O	_	_	EndOfLine	_	_	_
# segment_iiif_link = https://iiif.eluxemburgensia.lu/iiif/2/ark:%2f70795%2f8f2mx9%2fpages%2f3/976,4378,742,51/full/0/default.jpg
des	O	O	O	O	O	O	_	_	_	_	_	_
affaires	O	O	O	O	O	O	_	_	_	_	_	_
étrangères	O	O	O	O	O	O	_	_	NoSpaceAfter	_	_	_
,	O	O	O	O	O	O	_	_	_	_	_	_
un	O	O	O	O	O	O	_	_	_	_	_	_
vœu	O	O	O	O	O	O	_	_	_	_	_	_
portant	O	O	O	O	O	O	_	_	EndOfLine	_	_	_
# segment_iiif_link = https://iiif.eluxemburgensia.lu/iiif/2/ark:%2f70795%2f8f2mx9%2fpages%2f3/976,4433,726,49/full/0/default.jpg
que	O	O	O	O	O	O	_	_	_	_	_	_
les	O	O	O	O	O	O	_	_	_	_	_	_
fils	O	O	O	O	O	O	_	_	_	_	_	_
de	O	O	O	O	O	O	_	_	_	_	_	_
Français	O	O	O	O	O	O	_	_	_	_	_	_
résidant	O	O	O	O	O	O	_	_	_	_	_	_
en	O	O	O	O	O	O	_	_	EndOfLine	_	_	_
# segment_iiif_link = https://iiif.eluxemburgensia.lu/iiif/2/ark:%2f70795%2f8f2mx9%2fpages%2f3/975,4468,741,60/full/0/default.jpg
Angleterre	O	O	O	O	O	O	_	_	NoSpaceAfter	_	_	_
,	O	O	O	O	O	O	_	_	_	_	_	_
ne	O	O	O	O	O	O	_	_	_	_	_	_
feraient	O	O	O	O	O	O	_	_	_	_	_	_
plus	O	O	O	O	O	O	_	_	_	_	_	_
qu	O	O	O	O	O	O	_	_	NoSpaceAfter	_	_	_
'	O	O	O	O	O	O	_	_	NoSpaceAfter	_	_	_
une	O	O	O	O	O	O	_	_	_	_	_	_
année	O	O	O	O	O	O	_	_	EndOfLine	_	_	_
# segment_iiif_link = https://iiif.eluxemburgensia.lu/iiif/2/ark:%2f70795%2f8f2mx9%2fpages%2f3/976,4511,364,53/full/0/default.jpg
de	O	O	O	O	O	O	_	_	_	_	_	_
service	O	O	O	O	O	O	_	_	_	_	_	_
militaire	O	O	O	O	O	O	_	_	NoSpaceAfter	_	_	_
.	O	O	O	O	O	O	_	_	EndOfLine	_	_	_
# segment_iiif_link = https://iiif.eluxemburgensia.lu/iiif/2/ark:%2f70795%2f8f2mx9%2fpages%2f3/1021,4557,695,53/full/0/default.jpg
Dresde	O	O	O	O	O	O	_	_	NoSpaceAfter	_	_	_
.	O	O	O	O	O	O	_	_	_	_	_	_
—	O	O	O	O	O	O	_	_	_	_	_	_
On	O	O	O	O	O	O	_	_	_	_	_	_
annonce	O	O	O	O	O	O	_	_	_	_	_	_
que	O	O	O	O	O	O	_	_	_	_	_	_
le	O	O	O	O	O	O	_	_	_	_	_	_
prince	O	O	O	O	O	O	_	_	EndOfLine	_	_	_
# segment_iiif_link = https://iiif.eluxemburgensia.lu/iiif/2/ark:%2f70795%2f8f2mx9%2fpages%2f3/975,4600,744,51/full/0/default.jpg
Max	O	O	O	O	O	O	_	_	_	_	_	_
de	O	O	O	O	O	O	_	_	_	_	_	_
Saxe	O	O	O	O	O	O	_	_	NoSpaceAfter	_	_	_
,	O	O	O	O	O	O	_	_	_	_	_	_
le	O	O	O	O	O	O	_	_	_	_	_	_
plus	O	O	O	O	O	O	_	_	_	_	_	_
jeune	O	O	O	O	O	O	_	_	_	_	_	_
des	O	O	O	O	O	O	_	_	_	_	_	_
fils	O	O	O	O	O	O	_	_	_	_	_	_
du	O	O	O	O	O	O	_	_	EndOfLine	_	_	_
# segment_iiif_link = https://iiif.eluxemburgensia.lu/iiif/2/ark:%2f70795%2f8f2mx9%2fpages%2f3/975,4646,743,50/full/0/default.jpg
roi	O	O	O	O	O	O	_	_	_	_	_	_
de	O	O	O	O	O	O	_	_	_	_	_	_
Saxe	O	O	O	O	O	O	_	_	NoSpaceAfter	_	_	_
,	O	O	O	O	O	O	_	_	_	_	_	_
sera	O	O	O	O	O	O	_	_	_	_	_	_
nommé	O	O	O	O	O	O	_	_	_	_	_	_
archevêque	O	O	O	O	O	O	_	_	EndOfLine	_	_	_
# segment_iiif_link = https://iiif.eluxemburgensia.lu/iiif/2/ark:%2f70795%2f8f2mx9%2fpages%2f3/975,4689,728,53/full/0/default.jpg
d	O	O	O	O	O	O	_	_	NoSpaceAfter	_	_	_
'	O	O	O	O	O	O	_	_	NoSpaceAfter	_	_	_
Olmutz	O	O	O	O	O	O	_	_	_	_	_	_
en	O	O	O	O	O	O	_	_	_	_	_	_
Moravie	O	O	O	O	O	O	_	_	_	_	_	_
à	O	O	O	O	O	O	_	_	_	_	_	_
la	O	O	O	O	O	O	_	_	_	_	_	_
place	O	O	O	O	O	O	_	_	_	_	_	_
de	O	O	O	O	O	O	_	_	EndOfLine	_	_	_
# segment_iiif_link = https://iiif.eluxemburgensia.lu/iiif/2/ark:%2f70795%2f8f2mx9%2fpages%2f3/975,4732,288,61/full/0/default.jpg
l	O	O	O	O	O	O	_	_	NoSpaceAfter	_	_	_
’	O	O	O	O	O	O	_	_	NoSpaceAfter	_	_	_
archevêque	O	O	O	O	O	O	_	_	_	_	_	_
Kohn	O	O	O	O	O	O	_	_	NoSpaceAfter	_	_	_
.	O	O	O	O	O	O	_	_	EndOfLine	_	_	_
# segment_iiif_link = https://iiif.eluxemburgensia.lu/iiif/2/ark:%2f70795%2f8f2mx9%2fpages%2f3/1019,4778,697,50/full/0/default.jpg
Le	O	O	O	O	O	O	_	_	_	_	_	_
prince	O	O	O	O	O	O	_	_	_	_	_	_
Max	O	O	O	O	O	O	_	_	_	_	_	_
de	O	O	O	O	O	O	_	_	_	_	_	_
Saxe	O	O	O	O	O	O	_	_	_	_	_	_
s	O	O	O	O	O	O	_	_	NoSpaceAfter	_	_	_
’	O	O	O	O	O	O	_	_	NoSpaceAfter	_	_	_
est	O	O	O	O	O	O	_	_	_	_	_	_
fait	O	O	O	O	O	O	_	_	EndOfLine	_	_	_
# segment_iiif_link = https://iiif.eluxemburgensia.lu/iiif/2/ark:%2f70795%2f8f2mx9%2fpages%2f3/975,4821,726,62/full/0/default.jpg
prêtre	O	O	O	O	O	O	_	_	_	_	_	_
en	O	O	O	O	O	O	_	_	_	_	_	_
1896	O	O	O	O	O	O	_	_	NoSpaceAfter	_	_	_
.	O	O	O	O	O	O	_	_	_	_	_	_
Il	O	O	O	O	O	O	_	_	_	_	_	_
est	O	O	O	O	O	O	_	_	_	_	_	_
actuellement	O	O	O	O	O	O	_	_	EndOfLine	_	_	_
# segment_iiif_link = https://iiif.eluxemburgensia.lu/iiif/2/ark:%2f70795%2f8f2mx9%2fpages%2f3/975,4867,740,51/full/0/default.jpg
professeur	O	O	O	O	O	O	_	_	_	_	_	_
de	O	O	O	O	O	O	_	_	_	_	_	_
théologie	O	O	O	O	O	O	_	_	_	_	_	_
à	O	O	O	O	O	O	_	_	_	_	_	_
l	O	O	O	O	O	O	_	_	NoSpaceAfter	_	_	_
’	O	O	O	O	O	O	_	_	NoSpaceAfter	_	_	_
Université	O	O	O	O	O	O	_	_	_	_	_	_
de	O	O	O	O	O	O	_	_	EndOfLine	_	_	_
# segment_iiif_link = https://iiif.eluxemburgensia.lu/iiif/2/ark:%2f70795%2f8f2mx9%2fpages%2f3/975,4911,360,61/full/0/default.jpg
Fribourg	O	O	O	O	O	O	_	_	_	_	_	_
en	O	O	O	O	O	O	_	_	_	_	_	_
Suisse	O	O	O	O	O	O	_	_	NoSpaceAfter	_	_	_
.	O	O	O	O	O	O	_	_	EndOfLine	_	_	_
# segment_iiif_link = https://iiif.eluxemburgensia.lu/iiif/2/ark:%2f70795%2f8f2mx9%2fpages%2f3/1020,4955,694,53/full/0/default.jpg
Lisbonne	O	O	O	O	O	O	_	_	NoSpaceAfter	_	_	_
.	O	O	O	O	O	O	_	_	_	_	_	_
—	O	O	O	O	O	O	_	_	_	_	_	_
L	O	O	O	O	O	O	_	_	NoSpaceAfter	_	_	_
’	O	O	O	O	O	O	_	_	NoSpaceAfter	_	_	_
escadre	O	O	O	O	O	O	_	_	_	_	_	_
allemande	O	O	O	O	O	O	_	_	_	_	_	_
sous	O	O	O	O	O	O	_	_	EndOfLine	_	_	_
# segment_iiif_link = https://iiif.eluxemburgensia.lu/iiif/2/ark:%2f70795%2f8f2mx9%2fpages%2f3/976,4999,725,51/full/0/default.jpg
les	O	O	O	O	O	O	_	_	_	_	_	_
ordres	O	O	O	O	O	O	_	_	_	_	_	_
du	O	O	O	O	O	O	_	_	_	_	_	_
prince	O	O	O	O	O	O	_	_	_	_	_	_
Henri	O	O	O	O	O	O	_	_	_	_	_	_
de	O	O	O	O	O	O	_	_	_	_	_	_
Prusse	O	O	O	O	O	O	_	_	NoSpaceAfter	_	_	_
,	O	O	O	O	O	O	_	_	EndOfLine	_	_	_
# segment_iiif_link = https://iiif.eluxemburgensia.lu/iiif/2/ark:%2f70795%2f8f2mx9%2fpages%2f3/976,5044,725,61/full/0/default.jpg
composée	O	O	O	O	O	O	_	_	_	_	_	_
de	O	O	O	O	O	O	_	_	_	_	_	_
six	O	O	O	O	O	O	_	_	_	_	_	_
croiseurs	O	O	O	O	O	O	_	_	_	_	_	_
et	O	O	O	O	O	O	_	_	_	_	_	_
de	O	O	O	O	O	O	_	_	_	_	_	_
huit	O	O	O	O	O	O	_	_	EndOfLine	_	_	_
# segment_iiif_link = https://iiif.eluxemburgensia.lu/iiif/2/ark:%2f70795%2f8f2mx9%2fpages%2f3/975,5088,741,61/full/0/default.jpg
cuirassés	O	O	O	O	O	O	_	_	NoSpaceAfter	_	_	_
,	O	O	O	O	O	O	_	_	_	_	_	_
fait	O	O	O	O	O	O	_	_	_	_	_	_
des	O	O	O	O	O	O	_	_	_	_	_	_
évolutions	O	O	O	O	O	O	_	_	_	_	_	_
sur	O	O	O	O	O	O	_	_	_	_	_	_
la	O	O	O	O	O	O	_	_	_	_	_	_
côte	O	O	O	O	O	O	_	_	EndOfLine	_	_	_
# segment_iiif_link = https://iiif.eluxemburgensia.lu/iiif/2/ark:%2f70795%2f8f2mx9%2fpages%2f3/976,5134,650,51/full/0/default.jpg
de	O	O	O	O	O	O	_	_	_	_	_	_
Portugal	O	O	O	O	O	O	_	_	NoSpaceAfter	_	_	_
,	O	O	O	O	O	O	_	_	_	_	_	_
au	O	O	O	O	O	O	_	_	_	_	_	_
nord	O	O	O	O	O	O	_	_	_	_	_	_
de	O	O	O	O	O	O	_	_	_	_	_	_
Lisbonne	O	O	O	O	O	O	_	_	NoSpaceAfter	_	_	_
.	O	O	O	O	O	O	_	_	EndOfLine	_	_	_
# segment_iiif_link = https://iiif.eluxemburgensia.lu/iiif/2/ark:%2f70795%2f8f2mx9%2fpages%2f3/1021,5176,692,55/full/0/default.jpg
tiibrallar	O	O	O	O	O	O	_	_	NoSpaceAfter	_	_	_
.	O	O	O	O	O	O	_	_	_	_	_	_
—	O	O	O	O	O	O	_	_	_	_	_	_
Les	O	O	O	O	O	O	_	_	_	_	_	_
navires	O	O	O	O	O	O	_	_	_	_	_	_
de	O	O	O	O	O	O	_	_	_	_	_	_
guerre	O	O	O	O	O	O	_	_	EndOfLine	_	_	_
# segment_iiif_link = https://iiif.eluxemburgensia.lu/iiif/2/ark:%2f70795%2f8f2mx9%2fpages%2f3/976,5221,738,61/full/0/default.jpg
Brake	O	O	O	O	O	O	_	_	NoSpaceAfter	_	_	_
,	O	O	O	O	O	O	_	_	_	_	_	_
Rainbow	O	O	O	O	O	O	_	_	_	_	_	_
,	O	O	O	O	O	O	_	_	_	_	_	_
Vindictive	O	O	O	O	O	O	_	_	_	_	_	_
ont	O	O	O	O	O	O	_	_	_	_	_	_
quitté	O	O	O	O	O	O	_	_	EndOfLine	_	_	_
# segment_iiif_link = https://iiif.eluxemburgensia.lu/iiif/2/ark:%2f70795%2f8f2mx9%2fpages%2f3/976,5265,739,53/full/0/default.jpg
Gibraltar	O	O	O	O	O	O	_	_	_	_	_	_
hier	O	O	O	O	O	O	_	_	_	_	_	_
matin	O	O	O	O	O	O	_	_	NoSpaceAfter	_	_	_
,	O	O	O	O	O	O	_	_	_	_	_	_
se	O	O	O	O	O	O	_	_	_	_	_	_
rendant	O	O	O	O	O	O	_	_	_	_	_	_
dans	O	O	O	O	O	O	_	_	EndOfLine	_	_	_
# segment_iiif_link = https://iiif.eluxemburgensia.lu/iiif/2/ark:%2f70795%2f8f2mx9%2fpages%2f3/975,5310,394,51/full/0/default.jpg
les	O	O	O	O	O	O	_	_	_	_	_	_
eaux	O	O	O	O	O	O	_	_	_	_	_	_
de	O	O	O	O	O	O	_	_	_	_	_	_
Tetouan	O	O	O	O	O	O	_	_	NoSpaceAfter	_	_	_
.	O	O	O	O	O	O	_	_	EndOfLine	_	_	_
# segment_iiif_link = https://iiif.eluxemburgensia.lu/iiif/2/ark:%2f70795%2f8f2mx9%2fpages%2f3/1021,5354,695,53/full/0/default.jpg
On	O	O	O	O	O	O	_	_	_	_	_	_
attribue	O	O	O	O	O	O	_	_	_	_	_	_
une	O	O	O	O	O	O	_	_	_	_	_	_
extrême	O	O	O	O	O	O	_	_	_	_	_	_
gravité	O	O	O	O	O	O	_	_	_	_	_	_
à	O	O	O	O	O	O	_	_	EndOfLine	_	_	_
# segment_iiif_link = https://iiif.eluxemburgensia.lu/iiif/2/ark:%2f70795%2f8f2mx9%2fpages%2f3/976,5402,496,49/full/0/default.jpg
cette	O	O	O	O	O	O	_	_	_	_	_	_
démonstration	O	O	O	O	O	O	_	_	_	_	_	_
navale	O	O	O	O	O	O	_	_	EndOfLine	_	_	_
# segment_iiif_link = https://iiif.eluxemburgensia.lu/iiif/2/ark:%2f70795%2f8f2mx9%2fpages%2f3/1022,5443,693,54/full/0/default.jpg
Dublin	O	O	O	O	O	O	_	_	NoSpaceAfter	_	_	_
.	O	O	O	O	O	O	_	_	_	_	_	_
—	O	O	O	O	O	O	_	_	_	_	_	_
En	O	O	O	O	O	O	_	_	_	_	_	_
Irlande	O	O	O	O	O	O	_	_	NoSpaceAfter	_	_	_
,	O	O	O	O	O	O	_	_	_	_	_	_
à	O	O	O	O	O	O	_	_	_	_	_	_
la	O	O	O	O	O	O	_	_	_	_	_	_
suite	O	O	O	O	O	O	_	_	_	_	_	_
d	O	O	O	O	O	O	_	_	NoSpaceAfter	_	_	_
’	O	O	O	O	O	O	_	_	NoSpaceAfter	_	_	_
une	O	O	O	O	O	O	_	_	EndOfLine	_	_	_
# segment_iiif_link = https://iiif.eluxemburgensia.lu/iiif/2/ark:%2f70795%2f8f2mx9%2fpages%2f3/976,5488,738,61/full/0/default.jpg
question	O	O	O	O	O	O	_	_	_	_	_	_
posée	O	O	O	O	O	O	_	_	_	_	_	_
par	O	O	O	O	O	O	_	_	_	_	_	_
miss	O	O	O	O	O	O	_	_	_	_	_	_
Maud	O	O	O	O	O	O	_	_	_	_	_	_
Gönne	O	O	O	O	O	O	_	_	NoSpaceAfter	_	_	_
,	O	O	O	O	O	O	_	_	EndOfLine	_	_	_
# segment_iiif_link = https://iiif.eluxemburgensia.lu/iiif/2/ark:%2f70795%2f8f2mx9%2fpages%2f3/976,5544,723,42/full/0/default.jpg
une	O	O	O	O	O	O	_	_	_	_	_	_
bagarre	O	O	O	O	O	O	_	_	_	_	_	_
s	O	O	O	O	O	O	_	_	NoSpaceAfter	_	_	_
’	O	O	O	O	O	O	_	_	NoSpaceAfter	_	_	_
est	O	O	O	O	O	O	_	_	_	_	_	_
produite	O	O	O	O	O	O	_	_	_	_	_	_
dans	O	O	O	O	O	O	_	_	_	_	_	_
une	O	O	O	O	O	O	_	_	EndOfLine	_	_	_
# segment_iiif_link = https://iiif.eluxemburgensia.lu/iiif/2/ark:%2f70795%2f8f2mx9%2fpages%2f3/976,5578,739,50/full/0/default.jpg
réunion	O	O	O	O	O	O	_	_	_	_	_	_
politique	O	O	O	O	O	O	_	_	_	_	_	_
organisée	O	O	O	O	O	O	_	_	_	_	_	_
au	O	O	O	O	O	O	_	_	_	_	_	_
sujet	O	O	O	O	O	O	_	_	_	_	_	_
de	O	O	O	O	O	O	_	_	_	_	_	_
la	O	O	O	O	O	O	_	_	EndOfLine	_	_	_
# segment_iiif_link = https://iiif.eluxemburgensia.lu/iiif/2/ark:%2f70795%2f8f2mx9%2fpages%2f3/976,5622,739,61/full/0/default.jpg
réception	O	O	O	O	O	O	_	_	_	_	_	_
qui	O	O	O	O	O	O	_	_	_	_	_	_
sera	O	O	O	O	O	O	_	_	_	_	_	_
faite	O	O	O	O	O	O	_	_	_	_	_	_
au	O	O	O	O	O	O	_	_	_	_	_	_
roi	O	O	O	O	O	O	_	_	_	_	_	_
lors	O	O	O	O	O	O	_	_	_	_	_	_
de	O	O	O	O	O	O	_	_	EndOfLine	_	_	_
# segment_iiif_link = https://iiif.eluxemburgensia.lu/iiif/2/ark:%2f70795%2f8f2mx9%2fpages%2f3/976,5676,424,42/full/0/default.jpg
son	O	O	O	O	O	O	_	_	_	_	_	_
voyage	O	O	O	O	O	O	_	_	_	_	_	_
en	O	O	O	O	O	O	_	_	_	_	_	_
Irlande	O	O	O	O	O	O	_	_	NoSpaceAfter	_	_	_
.	O	O	O	O	O	O	_	_	EndOfLine	_	_	_
# segment_iiif_link = https://iiif.eluxemburgensia.lu/iiif/2/ark:%2f70795%2f8f2mx9%2fpages%2f3/1020,5709,695,55/full/0/default.jpg
L	O	O	O	O	O	O	_	_	NoSpaceAfter	_	_	_
’	O	O	O	O	O	O	_	_	NoSpaceAfter	_	_	_
estrade	O	O	O	O	O	O	_	_	_	_	_	_
où	O	O	O	O	O	O	_	_	_	_	_	_
se	O	O	O	O	O	O	_	_	_	_	_	_
trouvaient	O	O	O	O	O	O	_	_	_	_	_	_
le	O	O	O	O	O	O	_	_	_	_	_	_
maire	O	O	O	O	O	O	_	_	_	_	_	_
et	O	O	O	O	O	O	_	_	EndOfLine	_	_	_
# segment_iiif_link = https://iiif.eluxemburgensia.lu/iiif/2/ark:%2f70795%2f8f2mx9%2fpages%2f3/975,5756,741,53/full/0/default.jpg
les	O	O	O	O	O	O	_	_	_	_	_	_
notabilités	O	O	O	O	O	O	_	_	_	_	_	_
a	O	O	O	O	O	O	_	_	_	_	_	_
été	O	O	O	O	O	O	_	_	_	_	_	_
assaillie	O	O	O	O	O	O	_	_	_	_	_	_
par	O	O	O	O	O	O	_	_	_	_	_	_
deux	O	O	O	O	O	O	_	_	_	_	_	_
fois	O	O	O	O	O	O	_	_	EndOfLine	_	_	_
# segment_iiif_link = https://iiif.eluxemburgensia.lu/iiif/2/ark:%2f70795%2f8f2mx9%2fpages%2f3/976,5804,738,49/full/0/default.jpg
et	O	O	O	O	O	O	_	_	_	_	_	_
plusieurs	O	O	O	O	O	O	_	_	_	_	_	_
personnes	O	O	O	O	O	O	_	_	_	_	_	_
ont	O	O	O	O	O	O	_	_	_	_	_	_
été	O	O	O	O	O	O	_	_	_	_	_	_
blessées	O	O	O	O	O	O	_	_	NoSpaceAfter	_	_	_
,	O	O	O	O	O	O	_	_	EndOfLine	_	_	_
# segment_iiif_link = https://iiif.eluxemburgensia.lu/iiif/2/ark:%2f70795%2f8f2mx9%2fpages%2f3/975,5848,741,49/full/0/default.jpg
notamment	O	O	O	O	O	O	_	_	_	_	_	_
M	O	O	O	O	O	O	_	_	NoSpaceAfter	_	_	_
.	O	O	O	O	O	O	_	_	_	_	_	_
O	O	O	O	O	O	O	_	_	NoSpaceAfter	_	_	_
’	O	O	O	O	O	O	_	_	NoSpaceAfter	_	_	_
Donnell	O	O	O	O	O	O	_	_	NoSpaceAfter	_	_	_
,	O	O	O	O	O	O	_	_	_	_	_	_
membre	O	O	O	O	O	O	_	_	_	_	_	_
du	O	O	O	O	O	O	_	_	EndOfLine	_	_	_
# segment_iiif_link = https://iiif.eluxemburgensia.lu/iiif/2/ark:%2f70795%2f8f2mx9%2fpages%2f3/976,5891,741,58/full/0/default.jpg
Parlement	O	O	O	O	O	O	_	_	NoSpaceAfter	_	_	_
,	O	O	O	O	O	O	_	_	_	_	_	_
qu	O	O	O	O	O	O	_	_	NoSpaceAfter	_	_	_
’	O	O	O	O	O	O	_	_	NoSpaceAfter	_	_	_
on	O	O	O	O	O	O	_	_	_	_	_	_
a	O	O	O	O	O	O	_	_	_	_	_	_
dû	O	O	O	O	O	O	_	_	_	_	_	_
transporter	O	O	O	O	O	O	_	_	_	_	_	_
à	O	O	O	O	O	O	_	_	EndOfLine	_	_	_
# segment_iiif_link = https://iiif.eluxemburgensia.lu/iiif/2/ark:%2f70795%2f8f2mx9%2fpages%2f3/975,5933,151,62/full/0/default.jpg
l	O	O	O	O	O	O	_	_	NoSpaceAfter	_	_	_
’	O	O	O	O	O	O	_	_	NoSpaceAfter	_	_	_
hôpital	O	O	O	O	O	O	_	_	NoSpaceAfter	_	_	_
.	O	O	O	O	O	O	_	_	EndOfLine	_	_	_
# segment_iiif_link = https://iiif.eluxemburgensia.lu/iiif/2/ark:%2f70795%2f8f2mx9%2fpages%2f3/1021,5979,695,54/full/0/default.jpg
Nantes	O	O	O	O	O	O	_	_	NoSpaceAfter	_	_	_
.	O	O	O	O	O	O	_	_	_	_	_	_
—	O	O	O	O	O	O	_	_	_	_	_	_
Le	O	O	O	O	O	O	_	_	_	_	_	_
lieutenant	O	O	O	O	O	O	_	_	_	_	_	_
Portier	O	O	O	O	O	O	_	_	_	_	_	_
du	O	O	O	O	O	O	_	_	EndOfLine	_	_	_
# segment_iiif_link = https://iiif.eluxemburgensia.lu/iiif/2/ark:%2f70795%2f8f2mx9%2fpages%2f3/1774,170,743,53/full/0/default.jpg
93	O	O	O	O	O	O	_	_	NoSpaceAfter	_	_	_
*	O	O	O	O	O	O	_	_	_	_	_	_
d	O	O	O	O	O	O	_	_	NoSpaceAfter	_	_	_
’	O	O	O	O	O	O	_	_	NoSpaceAfter	_	_	_
infanterie	O	O	O	O	O	O	_	_	_	_	_	_
à	O	O	O	O	O	O	_	_	_	_	_	_
la	O	O	O	O	O	O	_	_	_	_	_	_
Roche	O	O	O	O	O	O	_	_	NoSpaceAfter	_	_	_
-	O	O	O	O	O	O	_	_	NoSpaceAfter	_	_	_
sur	O	O	O	O	O	O	_	_	NoSpaceAfter	_	_	_
-	O	O	O	O	O	O	_	_	NoSpaceAfter	_	_	_
Yon	O	O	O	O	O	O	_	_	_	_	_	_
qui	O	O	O	O	O	O	_	_	EndOfLine	_	_	_
# segment_iiif_link = https://iiif.eluxemburgensia.lu/iiif/2/ark:%2f70795%2f8f2mx9%2fpages%2f3/1774,216,743,51/full/0/default.jpg
refusa	O	O	O	O	O	O	_	_	_	_	_	_
de	O	O	O	O	O	O	_	_	_	_	_	_
conduire	O	O	O	O	O	O	_	_	_	_	_	_
sa	O	O	O	O	O	O	_	_	_	_	_	_
compagnie	O	O	O	O	O	O	_	_	_	_	_	_
aux	O	O	O	O	O	O	_	_	EndOfLine	_	_	_
# segment_iiif_link = https://iiif.eluxemburgensia.lu/iiif/2/ark:%2f70795%2f8f2mx9%2fpages%2f3/1774,259,742,53/full/0/default.jpg
Sables	O	O	O	O	O	O	_	_	_	_	_	_
d	O	O	O	O	O	O	_	_	NoSpaceAfter	_	_	_
’	O	O	O	O	O	O	_	_	NoSpaceAfter	_	_	_
Olonne	O	O	O	O	O	O	_	_	_	_	_	_
lors	O	O	O	O	O	O	_	_	_	_	_	_
des	O	O	O	O	O	O	_	_	_	_	_	_
mesures	O	O	O	O	O	O	_	_	_	_	_	_
prises	O	O	O	O	O	O	_	_	EndOfLine	_	_	_
# segment_iiif_link = https://iiif.eluxemburgensia.lu/iiif/2/ark:%2f70795%2f8f2mx9%2fpages%2f3/1774,308,743,49/full/0/default.jpg
contre	O	O	O	O	O	O	_	_	_	_	_	_
les	O	O	O	O	O	O	_	_	_	_	_	_
congréganistes	O	O	O	O	O	O	_	_	NoSpaceAfter	_	_	_
,	O	O	O	O	O	O	_	_	_	_	_	_
a	O	O	O	O	O	O	_	_	_	_	_	_
été	O	O	O	O	O	O	_	_	_	_	_	_
hier	O	O	O	O	O	O	_	_	EndOfLine	_	_	_
# segment_iiif_link = https://iiif.eluxemburgensia.lu/iiif/2/ark:%2f70795%2f8f2mx9%2fpages%2f3/1774,350,742,50/full/0/default.jpg
soir	O	O	O	O	O	O	_	_	_	_	_	_
écroué	O	O	O	O	O	O	_	_	_	_	_	_
à	O	O	O	O	O	O	_	_	_	_	_	_
la	O	O	O	O	O	O	_	_	_	_	_	_
prison	O	O	O	O	O	O	_	_	_	_	_	_
de	O	O	O	O	O	O	_	_	_	_	_	_
Nantes	O	O	O	O	O	O	_	_	NoSpaceAfter	_	_	_
.	O	O	O	O	O	O	_	_	EndOfLine	_	_	_
# segment_iiif_link = https://iiif.eluxemburgensia.lu/iiif/2/ark:%2f70795%2f8f2mx9%2fpages%2f3/1774,394,743,51/full/0/default.jpg
L	O	O	O	O	O	O	_	_	NoSpaceAfter	_	_	_
’	O	O	O	O	O	O	_	_	NoSpaceAfter	_	_	_
instruction	O	O	O	O	O	O	_	_	_	_	_	_
préliminaire	O	O	O	O	O	O	_	_	_	_	_	_
ouverte	O	O	O	O	O	O	_	_	_	_	_	_
contre	O	O	O	O	O	O	_	_	EndOfLine	_	_	_
# segment_iiif_link = https://iiif.eluxemburgensia.lu/iiif/2/ark:%2f70795%2f8f2mx9%2fpages%2f3/1774,439,727,50/full/0/default.jpg
lui	O	O	O	O	O	O	_	_	_	_	_	_
est	O	O	O	O	O	O	_	_	_	_	_	_
close	O	O	O	O	O	O	_	_	NoSpaceAfter	_	_	_
.	O	O	O	O	O	O	_	_	_	_	_	_
Le	O	O	O	O	O	O	_	_	_	_	_	_
général	O	O	O	O	O	O	_	_	_	_	_	_
Grisot	O	O	O	O	O	O	_	_	NoSpaceAfter	_	_	_
,	O	O	O	O	O	O	_	_	EndOfLine	_	_	_
# segment_iiif_link = https://iiif.eluxemburgensia.lu/iiif/2/ark:%2f70795%2f8f2mx9%2fpages%2f3/1774,484,742,50/full/0/default.jpg
commandant	O	O	O	O	O	O	_	_	_	_	_	_
le	O	O	O	O	O	O	_	_	_	_	_	_
11	O	O	O	O	O	O	_	_	NoSpaceAfter	_	_	_
*	O	O	O	O	O	O	_	_	_	_	_	_
corps	O	O	O	O	O	O	_	_	_	_	_	_
a	O	O	O	O	O	O	_	_	_	_	_	_
signé	O	O	O	O	O	O	_	_	_	_	_	_
l	O	O	O	O	O	O	_	_	NoSpaceAfter	_	_	_
’	O	O	O	O	O	O	_	_	NoSpaceAfter	_	_	_
ordre	O	O	O	O	O	O	_	_	EndOfLine	_	_	_
# segment_iiif_link = https://iiif.eluxemburgensia.lu/iiif/2/ark:%2f70795%2f8f2mx9%2fpages%2f3/1775,528,741,51/full/0/default.jpg
d	O	O	O	O	O	O	_	_	NoSpaceAfter	_	_	_
’	O	O	O	O	O	O	_	_	NoSpaceAfter	_	_	_
informer	O	O	O	O	O	O	_	_	_	_	_	_
et	O	O	O	O	O	O	_	_	_	_	_	_
le	O	O	O	O	O	O	_	_	_	_	_	_
parquet	O	O	O	O	O	O	_	_	_	_	_	_
militaire	O	O	O	O	O	O	_	_	_	_	_	_
est	O	O	O	O	O	O	_	_	EndOfLine	_	_	_
# segment_iiif_link = https://iiif.eluxemburgensia.lu/iiif/2/ark:%2f70795%2f8f2mx9%2fpages%2f3/1774,574,309,51/full/0/default.jpg
maintenant	O	O	O	O	O	O	_	_	_	_	_	_
saisi	O	O	O	O	O	O	_	_	NoSpaceAfter	_	_	_
.	O	O	O	O	O	O	_	_	EndOfLine	_	_	_
# segment_iiif_link = https://iiif.eluxemburgensia.lu/iiif/2/ark:%2f70795%2f8f2mx9%2fpages%2f3/1818,618,698,50/full/0/default.jpg
Le	O	O	O	O	O	O	_	_	_	_	_	_
lieutenant	O	O	O	O	O	O	_	_	_	_	_	_
Portier	O	O	O	O	O	O	_	_	_	_	_	_
occupe	O	O	O	O	O	O	_	_	_	_	_	_
à	O	O	O	O	O	O	_	_	_	_	_	_
la	O	O	O	O	O	O	_	_	EndOfLine	_	_	_
# segment_iiif_link = https://iiif.eluxemburgensia.lu/iiif/2/ark:%2f70795%2f8f2mx9%2fpages%2f3/1774,662,742,60/full/0/default.jpg
prison	O	O	O	O	O	O	_	_	_	_	_	_
la	O	O	O	O	O	O	_	_	_	_	_	_
même	O	O	O	O	O	O	_	_	_	_	_	_
cellule	O	O	O	O	O	O	_	_	_	_	_	_
que	O	O	O	O	O	O	_	_	_	_	_	_
le	O	O	O	O	O	O	_	_	_	_	_	_
colonel	O	O	O	O	O	O	_	_	EndOfLine	_	_	_
# segment_iiif_link = https://iiif.eluxemburgensia.lu/iiif/2/ark:%2f70795%2f8f2mx9%2fpages%2f3/1774,705,742,62/full/0/default.jpg
Saint	O	O	O	O	O	O	_	_	NoSpaceAfter	_	_	_
-	O	O	O	O	O	O	_	_	NoSpaceAfter	_	_	_
Rémy	O	O	O	O	O	O	_	_	NoSpaceAfter	_	_	_
.	O	O	O	O	O	O	_	_	_	_	_	_
Le	O	O	O	O	O	O	_	_	_	_	_	_
procès	O	O	O	O	O	O	_	_	_	_	_	_
aura	O	O	O	O	O	O	_	_	_	_	_	_
lieu	O	O	O	O	O	O	_	_	_	_	_	_
dans	O	O	O	O	O	O	_	_	EndOfLine	_	_	_
# segment_iiif_link = https://iiif.eluxemburgensia.lu/iiif/2/ark:%2f70795%2f8f2mx9%2fpages%2f3/1774,751,565,51/full/0/default.jpg
la	O	O	O	O	O	O	_	_	_	_	_	_
première	O	O	O	O	O	O	_	_	_	_	_	_
quinzaine	O	O	O	O	O	O	_	_	_	_	_	_
de	O	O	O	O	O	O	_	_	_	_	_	_
juin	O	O	O	O	O	O	_	_	NoSpaceAfter	_	_	_
.	O	O	O	O	O	O	_	_	EndOfLine	_	_	_
# segment_iiif_link = https://iiif.eluxemburgensia.lu/iiif/2/ark:%2f70795%2f8f2mx9%2fpages%2f3/1820,796,697,53/full/0/default.jpg
Madrid	O	O	O	O	O	O	_	_	NoSpaceAfter	_	_	_
.	O	O	O	O	O	O	_	_	_	_	_	_
—	O	O	O	O	O	O	_	_	_	_	_	_
Le	O	O	O	O	O	O	_	_	_	_	_	_
discours	O	O	O	O	O	O	_	_	_	_	_	_
du	O	O	O	O	O	O	_	_	_	_	_	_
trône	O	O	O	O	O	O	_	_	_	_	_	_
a	O	O	O	O	O	O	_	_	EndOfLine	_	_	_
# segment_iiif_link = https://iiif.eluxemburgensia.lu/iiif/2/ark:%2f70795%2f8f2mx9%2fpages%2f3/1774,849,697,50/full/0/default.jpg
paru	O	O	O	O	O	O	_	_	_	_	_	_
vague	O	O	O	O	O	O	_	_	_	_	_	_
et	O	O	O	O	O	O	_	_	_	_	_	_
peu	O	O	O	O	O	O	_	_	_	_	_	_
clair	O	O	O	O	O	O	_	_	_	_	_	_
à	O	O	O	O	O	O	_	_	_	_	_	_
la	O	O	O	O	O	O	_	_	_	_	_	_
presse	O	O	O	O	O	O	_	_	NoSpaceAfter	_	_	_
.	O	O	O	O	O	O	_	_	EndOfLine	_	_	_
# segment_iiif_link = https://iiif.eluxemburgensia.lu/iiif/2/ark:%2f70795%2f8f2mx9%2fpages%2f3/1817,884,699,50/full/0/default.jpg
Dans	O	O	O	O	O	O	_	_	_	_	_	_
leur	O	O	O	O	O	O	_	_	_	_	_	_
réunion	O	O	O	O	O	O	_	_	_	_	_	_
d	O	O	O	O	O	O	_	_	NoSpaceAfter	_	_	_
’	O	O	O	O	O	O	_	_	NoSpaceAfter	_	_	_
hier	O	O	O	O	O	O	_	_	NoSpaceAfter	_	_	_
,	O	O	O	O	O	O	_	_	_	_	_	_
les	O	O	O	O	O	O	_	_	_	_	_	_
sénateurs	O	O	O	O	O	O	_	_	EndOfLine	_	_	_
# segment_iiif_link = https://iiif.eluxemburgensia.lu/iiif/2/ark:%2f70795%2f8f2mx9%2fpages%2f3/1775,931,741,49/full/0/default.jpg
et	O	O	O	O	O	O	_	_	_	_	_	_
les	O	O	O	O	O	O	_	_	_	_	_	_
députés	O	O	O	O	O	O	_	_	_	_	_	_
libéraux	O	O	O	O	O	O	_	_	_	_	_	_
ont	O	O	O	O	O	O	_	_	_	_	_	_
décidé	O	O	O	O	O	O	_	_	_	_	_	_
que	O	O	O	O	O	O	_	_	EndOfLine	_	_	_
# segment_iiif_link = https://iiif.eluxemburgensia.lu/iiif/2/ark:%2f70795%2f8f2mx9%2fpages%2f3/1775,974,742,50/full/0/default.jpg
la	O	O	O	O	O	O	_	_	_	_	_	_
direction	O	O	O	O	O	O	_	_	_	_	_	_
du	O	O	O	O	O	O	_	_	_	_	_	_
parti	O	O	O	O	O	O	_	_	_	_	_	_
libéral	O	O	O	O	O	O	_	_	_	_	_	_
serait	O	O	O	O	O	O	_	_	_	_	_	_
confiée	O	O	O	O	O	O	_	_	EndOfLine	_	_	_
# segment_iiif_link = https://iiif.eluxemburgensia.lu/iiif/2/ark:%2f70795%2f8f2mx9%2fpages%2f3/1776,1027,740,42/full/0/default.jpg
aux	O	O	O	O	O	O	_	_	_	_	_	_
anciens	O	O	O	O	O	O	_	_	_	_	_	_
présidents	O	O	O	O	O	O	_	_	_	_	_	_
du	O	O	O	O	O	O	_	_	_	_	_	_
Sénat	O	O	O	O	O	O	_	_	_	_	_	_
et	O	O	O	O	O	O	_	_	_	_	_	_
de	O	O	O	O	O	O	_	_	EndOfLine	_	_	_
# segment_iiif_link = https://iiif.eluxemburgensia.lu/iiif/2/ark:%2f70795%2f8f2mx9%2fpages%2f3/1774,1063,742,50/full/0/default.jpg
la	O	O	O	O	O	O	_	_	_	_	_	_
Chambre	O	O	O	O	O	O	_	_	NoSpaceAfter	_	_	_
,	O	O	O	O	O	O	_	_	_	_	_	_
en	O	O	O	O	O	O	_	_	_	_	_	_
attendant	O	O	O	O	O	O	_	_	_	_	_	_
le	O	O	O	O	O	O	_	_	_	_	_	_
choix	O	O	O	O	O	O	_	_	_	_	_	_
d	O	O	O	O	O	O	_	_	NoSpaceAfter	_	_	_
’	O	O	O	O	O	O	_	_	NoSpaceAfter	_	_	_
un	O	O	O	O	O	O	_	_	EndOfLine	_	_	_
# segment_iiif_link = https://iiif.eluxemburgensia.lu/iiif/2/ark:%2f70795%2f8f2mx9%2fpages%2f3/1774,1107,743,51/full/0/default.jpg
chef	O	O	O	O	O	O	_	_	NoSpaceAfter	_	_	_
.	O	O	O	O	O	O	_	_	_	_	_	_
C	O	O	O	O	O	O	_	_	NoSpaceAfter	_	_	_
’	O	O	O	O	O	O	_	_	NoSpaceAfter	_	_	_
est	O	O	O	O	O	O	_	_	_	_	_	_
M	O	O	O	O	O	O	_	_	NoSpaceAfter	_	_	_
.	O	O	O	O	O	O	_	_	_	_	_	_
Monterio	O	O	O	O	O	O	_	_	_	_	_	_
Rios	O	O	O	O	O	O	_	_	_	_	_	_
qui	O	O	O	O	O	O	_	_	_	_	_	_
a	O	O	O	O	O	O	_	_	_	_	_	_
fait	O	O	O	O	O	O	_	_	EndOfLine	_	_	_
# segment_iiif_link = https://iiif.eluxemburgensia.lu/iiif/2/ark:%2f70795%2f8f2mx9%2fpages%2f3/1774,1152,743,60/full/0/default.jpg
adopter	O	O	O	O	O	O	_	_	_	_	_	_
cette	O	O	O	O	O	O	_	_	_	_	_	_
résolution	O	O	O	O	O	O	_	_	NoSpaceAfter	_	_	_
,	O	O	O	O	O	O	_	_	_	_	_	_
qui	O	O	O	O	O	O	_	_	_	_	_	_
dissimule	O	O	O	O	O	O	_	_	EndOfLine	_	_	_
# segment_iiif_link = https://iiif.eluxemburgensia.lu/iiif/2/ark:%2f70795%2f8f2mx9%2fpages%2f3/1774,1196,743,50/full/0/default.jpg
mal	O	O	O	O	O	O	_	_	_	_	_	_
les	O	O	O	O	O	O	_	_	_	_	_	_
divisions	O	O	O	O	O	O	_	_	_	_	_	_
persistantes	O	O	O	O	O	O	_	_	_	_	_	_
du	O	O	O	O	O	O	_	_	_	_	_	_
parti	O	O	O	O	O	O	_	_	EndOfLine	_	_	_
# segment_iiif_link = https://iiif.eluxemburgensia.lu/iiif/2/ark:%2f70795%2f8f2mx9%2fpages%2f3/1774,1240,121,53/full/0/default.jpg
libéral	O	O	O	O	O	O	_	_	NoSpaceAfter	_	_	_
.	O	O	O	O	O	O	_	_	EndOfLine	_	_	_
# segment_iiif_link = https://iiif.eluxemburgensia.lu/iiif/2/ark:%2f70795%2f8f2mx9%2fpages%2f3/1821,1286,696,53/full/0/default.jpg
Vienne	O	O	O	O	O	O	_	_	NoSpaceAfter	_	_	_
.	O	O	O	O	O	O	_	_	_	_	_	_
—	O	O	O	O	O	O	_	_	_	_	_	_
A	O	O	O	O	O	O	_	_	_	_	_	_
la	O	O	O	O	O	O	_	_	_	_	_	_
séance	O	O	O	O	O	O	_	_	_	_	_	_
de	O	O	O	O	O	O	_	_	_	_	_	_
la	O	O	O	O	O	O	_	_	_	_	_	_
Chambre	O	O	O	O	O	O	_	_	EndOfLine	_	_	_
# segment_iiif_link = https://iiif.eluxemburgensia.lu/iiif/2/ark:%2f70795%2f8f2mx9%2fpages%2f3/1775,1331,742,51/full/0/default.jpg
des	O	O	O	O	O	O	_	_	_	_	_	_
députés	O	O	O	O	O	O	_	_	NoSpaceAfter	_	_	_
,	O	O	O	O	O	O	_	_	_	_	_	_
M	O	O	O	O	O	O	_	_	NoSpaceAfter	_	_	_
.	O	O	O	O	O	O	_	_	_	_	_	_
Breiter	O	O	O	O	O	O	_	_	NoSpaceAfter	_	_	_
,	O	O	O	O	O	O	_	_	_	_	_	_
député	O	O	O	O	O	O	_	_	_	_	_	_
socialiste	O	O	O	O	O	O	_	_	EndOfLine	_	_	_
# segment_iiif_link = https://iiif.eluxemburgensia.lu/iiif/2/ark:%2f70795%2f8f2mx9%2fpages%2f3/1775,1374,726,60/full/0/default.jpg
polonais	O	O	O	O	O	O	_	_	NoSpaceAfter	_	_	_
,	O	O	O	O	O	O	_	_	_	_	_	_
interpelle	O	O	O	O	O	O	_	_	_	_	_	_
le	O	O	O	O	O	O	_	_	_	_	_	_
ministre	O	O	O	O	O	O	_	_	_	_	_	_
sur	O	O	O	O	O	O	_	_	EndOfLine	_	_	_
# segment_iiif_link = https://iiif.eluxemburgensia.lu/iiif/2/ark:%2f70795%2f8f2mx9%2fpages%2f3/1775,1419,740,58/full/0/default.jpg
l	O	O	O	O	O	O	_	_	NoSpaceAfter	_	_	_
’	O	O	O	O	O	O	_	_	NoSpaceAfter	_	_	_
émigration	O	O	O	O	O	O	_	_	_	_	_	_
des	O	O	O	O	O	O	_	_	_	_	_	_
moines	O	O	O	O	O	O	_	_	_	_	_	_
français	O	O	O	O	O	O	_	_	_	_	_	_
en	O	O	O	O	O	O	_	_	_	_	_	_
Galicie	O	O	O	O	O	O	_	_	NoSpaceAfter	_	_	_
.	O	O	O	O	O	O	_	_	EndOfLine	_	_	_
# segment_iiif_link = https://iiif.eluxemburgensia.lu/iiif/2/ark:%2f70795%2f8f2mx9%2fpages%2f3/1775,1463,728,49/full/0/default.jpg
Il	O	O	O	O	O	O	_	_	_	_	_	_
demande	O	O	O	O	O	O	_	_	_	_	_	_
si	O	O	O	O	O	O	_	_	_	_	_	_
le	O	O	O	O	O	O	_	_	_	_	_	_
gouvernement	O	O	O	O	O	O	_	_	_	_	_	_
a	O	O	O	O	O	O	_	_	EndOfLine	_	_	_
# segment_iiif_link = https://iiif.eluxemburgensia.lu/iiif/2/ark:%2f70795%2f8f2mx9%2fpages%2f3/1775,1508,742,50/full/0/default.jpg
l	O	O	O	O	O	O	_	_	NoSpaceAfter	_	_	_
’	O	O	O	O	O	O	_	_	NoSpaceAfter	_	_	_
intention	O	O	O	O	O	O	_	_	_	_	_	_
de	O	O	O	O	O	O	_	_	_	_	_	_
réprimer	O	O	O	O	O	O	_	_	_	_	_	_
l	O	O	O	O	O	O	_	_	NoSpaceAfter	_	_	_
’	O	O	O	O	O	O	_	_	NoSpaceAfter	_	_	_
envahissement	O	O	O	O	O	O	_	_	_	_	_	_
de	O	O	O	O	O	O	_	_	EndOfLine	_	_	_
# segment_iiif_link = https://iiif.eluxemburgensia.lu/iiif/2/ark:%2f70795%2f8f2mx9%2fpages%2f3/1775,1553,742,50/full/0/default.jpg
la	O	O	O	O	O	O	_	_	_	_	_	_
Galicie	O	O	O	O	O	O	_	_	_	_	_	_
par	O	O	O	O	O	O	_	_	_	_	_	_
des	O	O	O	O	O	O	_	_	_	_	_	_
moines	O	O	O	O	O	O	_	_	_	_	_	_
expulsés	O	O	O	O	O	O	_	_	_	_	_	_
de	O	O	O	O	O	O	_	_	EndOfLine	_	_	_
# segment_iiif_link = https://iiif.eluxemburgensia.lu/iiif/2/ark:%2f70795%2f8f2mx9%2fpages%2f3/1775,1596,743,51/full/0/default.jpg
France	O	O	O	O	O	O	_	_	_	_	_	_
et	O	O	O	O	O	O	_	_	_	_	_	_
d	O	O	O	O	O	O	_	_	NoSpaceAfter	_	_	_
’	O	O	O	O	O	O	_	_	NoSpaceAfter	_	_	_
y	O	O	O	O	O	O	_	_	_	_	_	_
interdire	O	O	O	O	O	O	_	_	_	_	_	_
l	O	O	O	O	O	O	_	_	NoSpaceAfter	_	_	_
’	O	O	O	O	O	O	_	_	NoSpaceAfter	_	_	_
établissement	O	O	O	O	O	O	_	_	EndOfLine	_	_	_
# segment_iiif_link = https://iiif.eluxemburgensia.lu/iiif/2/ark:%2f70795%2f8f2mx9%2fpages%2f3/1776,1651,556,42/full/0/default.jpg
en	O	O	O	O	O	O	_	_	_	_	_	_
masse	O	O	O	O	O	O	_	_	_	_	_	_
de	O	O	O	O	O	O	_	_	_	_	_	_
sujets	O	O	O	O	O	O	_	_	_	_	_	_
étrangers	O	O	O	O	O	O	_	_	NoSpaceAfter	_	_	_
.	O	O	O	O	O	O	_	_	EndOfLine	_	_	_
# segment_iiif_link = https://iiif.eluxemburgensia.lu/iiif/2/ark:%2f70795%2f8f2mx9%2fpages%2f3/1822,1685,694,54/full/0/default.jpg
Morlaix	O	O	O	O	O	O	_	_	NoSpaceAfter	_	_	_
.	O	O	O	O	O	O	_	_	_	_	_	_
—	O	O	O	O	O	O	_	_	_	_	_	_
Le	O	O	O	O	O	O	_	_	_	_	_	_
volier	O	O	O	O	O	O	_	_	_	_	_	_
Saint	O	O	O	O	O	O	_	_	NoSpaceAfter	_	_	_
-	O	O	O	O	O	O	_	_	_	_	_	_
Joseph	O	O	O	O	O	O	_	_	NoSpaceAfter	_	_	_
,	O	O	O	O	O	O	_	_	EndOfLine	_	_	_
# segment_iiif_link = https://iiif.eluxemburgensia.lu/iiif/2/ark:%2f70795%2f8f2mx9%2fpages%2f3/1776,1739,726,42/full/0/default.jpg
se	O	O	O	O	O	O	_	_	_	_	_	_
rendant	O	O	O	O	O	O	_	_	_	_	_	_
en	O	O	O	O	O	O	_	_	_	_	_	_
Angleterre	O	O	O	O	O	O	_	_	_	_	_	_
avec	O	O	O	O	O	O	_	_	_	_	_	_
le	O	O	O	O	O	O	_	_	EndOfLine	_	_	_
# segment_iiif_link = https://iiif.eluxemburgensia.lu/iiif/2/ark:%2f70795%2f8f2mx9%2fpages%2f3/1775,1774,728,53/full/0/default.jpg
matériel	O	O	O	O	O	O	_	_	_	_	_	_
des	O	O	O	O	O	O	_	_	_	_	_	_
pères	O	O	O	O	O	O	_	_	_	_	_	_
Bénédictins	O	O	O	O	O	O	_	_	_	_	_	_
qui	O	O	O	O	O	O	_	_	_	_	_	_
se	O	O	O	O	O	O	_	_	EndOfLine	_	_	_
# segment_iiif_link = https://iiif.eluxemburgensia.lu/iiif/2/ark:%2f70795%2f8f2mx9%2fpages%2f3/1775,1818,743,51/full/0/default.jpg
retirent	O	O	O	O	O	O	_	_	_	_	_	_
dans	O	O	O	O	O	O	_	_	_	_	_	_
le	O	O	O	O	O	O	_	_	_	_	_	_
pays	O	O	O	O	O	O	_	_	_	_	_	_
de	O	O	O	O	O	O	_	_	_	_	_	_
Galles	O	O	O	O	O	O	_	_	NoSpaceAfter	_	_	_
,	O	O	O	O	O	O	_	_	_	_	_	_
a	O	O	O	O	O	O	_	_	_	_	_	_
fait	O	O	O	O	O	O	_	_	EndOfLine	_	_	_
# segment_iiif_link = https://iiif.eluxemburgensia.lu/iiif/2/ark:%2f70795%2f8f2mx9%2fpages%2f3/1776,1863,741,58/full/0/default.jpg
naufrage	O	O	O	O	O	O	_	_	_	_	_	_
près	O	O	O	O	O	O	_	_	_	_	_	_
de	O	O	O	O	O	O	_	_	_	_	_	_
Falmouth	O	O	O	O	O	O	_	_	NoSpaceAfter	_	_	_
.	O	O	O	O	O	O	_	_	_	_	_	_
L	O	O	O	O	O	O	_	_	NoSpaceAfter	_	_	_
’	O	O	O	O	O	O	_	_	NoSpaceAfter	_	_	_
équipage	O	O	O	O	O	O	_	_	EndOfLine	_	_	_
# segment_iiif_link = https://iiif.eluxemburgensia.lu/iiif/2/ark:%2f70795%2f8f2mx9%2fpages%2f3/1776,1918,742,41/full/0/default.jpg
a	O	O	O	O	O	O	_	_	_	_	_	_
pu	O	O	O	O	O	O	_	_	_	_	_	_
être	O	O	O	O	O	O	_	_	_	_	_	_
sauvé	O	O	O	O	O	O	_	_	_	_	_	_
mais	O	O	O	O	O	O	_	_	_	_	_	_
le	O	O	O	O	O	O	_	_	_	_	_	_
navire	O	O	O	O	O	O	_	_	_	_	_	_
a	O	O	O	O	O	O	_	_	_	_	_	_
été	O	O	O	O	O	O	_	_	EndOfLine	_	_	_
# segment_iiif_link = https://iiif.eluxemburgensia.lu/iiif/2/ark:%2f70795%2f8f2mx9%2fpages%2f3/1776,1951,741,60/full/0/default.jpg
englouti	O	O	O	O	O	O	_	_	NoSpaceAfter	_	_	_
.	O	O	O	O	O	O	_	_	_	_	_	_
Le	O	O	O	O	O	O	_	_	_	_	_	_
matériel	O	O	O	O	O	O	_	_	_	_	_	_
des	O	O	O	O	O	O	_	_	_	_	_	_
Bénédictins	O	O	O	O	O	O	_	_	EndOfLine	_	_	_
# segment_iiif_link = https://iiif.eluxemburgensia.lu/iiif/2/ark:%2f70795%2f8f2mx9%2fpages%2f3/1775,1994,338,51/full/0/default.jpg
n	O	O	O	O	O	O	_	_	NoSpaceAfter	_	_	_
’	O	O	O	O	O	O	_	_	NoSpaceAfter	_	_	_
était	O	O	O	O	O	O	_	_	_	_	_	_
pas	O	O	O	O	O	O	_	_	_	_	_	_
assuré	O	O	O	O	O	O	_	_	NoSpaceAfter	_	_	_
.	O	O	O	O	O	O	_	_	EndOfLine	_	_	_
# segment_iiif_link = https://iiif.eluxemburgensia.lu/iiif/2/ark:%2f70795%2f8f2mx9%2fpages%2f3/1821,2039,696,61/full/0/default.jpg
Alger	O	O	O	O	O	O	_	_	NoSpaceAfter	_	_	_
.	O	O	O	O	O	O	_	_	_	_	_	_
—	O	O	O	O	O	O	_	_	_	_	_	_
On	O	O	O	O	O	O	_	_	_	_	_	_
mande	O	O	O	O	O	O	_	_	_	_	_	_
de	O	O	O	O	O	O	_	_	_	_	_	_
Beny	O	O	O	O	O	O	_	_	NoSpaceAfter	_	_	_
-	O	O	O	O	O	O	_	_	NoSpaceAfter	_	_	_
Ounis	O	O	O	O	O	O	_	_	NoSpaceAfter	_	_	_
,	O	O	O	O	O	O	_	_	EndOfLine	_	_	_
# segment_iiif_link = https://iiif.eluxemburgensia.lu/iiif/2/ark:%2f70795%2f8f2mx9%2fpages%2f3/1775,2084,741,60/full/0/default.jpg
village	O	O	O	O	O	O	_	_	_	_	_	_
du	O	O	O	O	O	O	_	_	_	_	_	_
sud	O	O	O	O	O	O	_	_	NoSpaceAfter	_	_	_
-	O	O	O	O	O	O	_	_	NoSpaceAfter	_	_	_
agérien	O	O	O	O	O	O	_	_	NoSpaceAfter	_	_	_
,	O	O	O	O	O	O	_	_	_	_	_	_
à	O	O	O	O	O	O	_	_	_	_	_	_
la	O	O	O	O	O	O	_	_	_	_	_	_
frontière	O	O	O	O	O	O	_	_	EndOfLine	_	_	_
# segment_iiif_link = https://iiif.eluxemburgensia.lu/iiif/2/ark:%2f70795%2f8f2mx9%2fpages%2f3/1775,2130,742,60/full/0/default.jpg
marocaine	O	O	O	O	O	O	_	_	NoSpaceAfter	_	_	_
,	O	O	O	O	O	O	_	_	_	_	_	_
que	O	O	O	O	O	O	_	_	_	_	_	_
des	O	O	O	O	O	O	_	_	_	_	_	_
rôdeurs	O	O	O	O	O	O	_	_	_	_	_	_
indigènes	O	O	O	O	O	O	_	_	EndOfLine	_	_	_
# segment_iiif_link = https://iiif.eluxemburgensia.lu/iiif/2/ark:%2f70795%2f8f2mx9%2fpages%2f3/1775,2176,728,49/full/0/default.jpg
ont	O	O	O	O	O	O	_	_	_	_	_	_
tué	O	O	O	O	O	O	_	_	_	_	_	_
hier	O	O	O	O	O	O	_	_	_	_	_	_
le	O	O	O	O	O	O	_	_	_	_	_	_
chef	O	O	O	O	O	O	_	_	_	_	_	_
du	O	O	O	O	O	O	_	_	_	_	_	_
poste	O	O	O	O	O	O	_	_	_	_	_	_
de	O	O	O	O	O	O	_	_	_	_	_	_
ce	O	O	O	O	O	O	_	_	EndOfLine	_	_	_
# segment_iiif_link = https://iiif.eluxemburgensia.lu/iiif/2/ark:%2f70795%2f8f2mx9%2fpages%2f3/1775,2218,743,61/full/0/default.jpg
village	O	O	O	O	O	O	_	_	NoSpaceAfter	_	_	_
,	O	O	O	O	O	O	_	_	_	_	_	_
ainsi	O	O	O	O	O	O	_	_	_	_	_	_
que	O	O	O	O	O	O	_	_	_	_	_	_
la	O	O	O	O	O	O	_	_	_	_	_	_
sentinelle	O	O	O	O	O	O	_	_	_	_	_	_
placée	O	O	O	O	O	O	_	_	_	_	_	_
à	O	O	O	O	O	O	_	_	_	_	_	_
50	O	O	O	O	O	O	_	_	EndOfLine	_	_	_
# segment_iiif_link = https://iiif.eluxemburgensia.lu/iiif/2/ark:%2f70795%2f8f2mx9%2fpages%2f3/1776,2264,728,50/full/0/default.jpg
mètres	O	O	O	O	O	O	_	_	_	_	_	_
en	O	O	O	O	O	O	_	_	_	_	_	_
avant	O	O	O	O	O	O	_	_	_	_	_	_
du	O	O	O	O	O	O	_	_	_	_	_	_
poste	O	O	O	O	O	O	_	_	NoSpaceAfter	_	_	_
.	O	O	O	O	O	O	_	_	_	_	_	_
11	O	O	O	O	O	O	_	_	_	_	_	_
a	O	O	O	O	O	O	_	_	_	_	_	_
été	O	O	O	O	O	O	_	_	EndOfLine	_	_	_
# segment_iiif_link = https://iiif.eluxemburgensia.lu/iiif/2/ark:%2f70795%2f8f2mx9%2fpages%2f3/1775,2307,465,61/full/0/default.jpg
impossible	O	O	O	O	O	O	_	_	_	_	_	_
de	O	O	O	O	O	O	_	_	_	_	_	_
les	O	O	O	O	O	O	_	_	_	_	_	_
rejoindre	O	O	O	O	O	O	_	_	NoSpaceAfter	_	_	_
.	O	O	O	O	O	O	_	_	EndOfLine	_	_	_
# segment_iiif_link = https://iiif.eluxemburgensia.lu/iiif/2/ark:%2f70795%2f8f2mx9%2fpages%2f3/1820,2351,698,60/full/0/default.jpg
Saint	O	O	O	O	O	O	_	_	NoSpaceAfter	_	_	_
-	O	O	O	O	O	O	_	_	NoSpaceAfter	_	_	_
Pétersbourg	O	O	O	O	O	O	_	_	_	_	_	_
—	O	O	O	O	O	O	_	_	_	_	_	_
Une	O	O	O	O	O	O	_	_	_	_	_	_
dépêche	O	O	O	O	O	O	_	_	EndOfLine	_	_	_
# segment_iiif_link = https://iiif.eluxemburgensia.lu/iiif/2/ark:%2f70795%2f8f2mx9%2fpages%2f3/1777,2395,741,60/full/0/default.jpg
d	O	O	O	O	O	O	_	_	NoSpaceAfter	_	_	_
’	O	O	O	O	O	O	_	_	NoSpaceAfter	_	_	_
Oufa	O	O	O	O	O	O	_	_	NoSpaceAfter	_	_	_
,	O	O	O	O	O	O	_	_	_	_	_	_
gouvernement	O	O	O	O	O	O	_	_	_	_	_	_
ou	O	O	O	O	O	O	_	_	_	_	_	_
circonscription	O	O	O	O	O	O	_	_	EndOfLine	_	_	_
# segment_iiif_link = https://iiif.eluxemburgensia.lu/iiif/2/ark:%2f70795%2f8f2mx9%2fpages%2f3/1777,2442,741,49/full/0/default.jpg
contenant	O	O	O	O	O	O	_	_	_	_	_	_
1	O	O	O	O	O	O	_	_	_	_	_	_
1	O	O	O	O	O	O	_	_	NoSpaceAfter	_	_	_
/	O	O	O	O	O	O	_	_	NoSpaceAfter	_	_	_
2	O	O	O	O	O	O	_	_	_	_	_	_
million	O	O	O	O	O	O	_	_	_	_	_	_
d	O	O	O	O	O	O	_	_	NoSpaceAfter	_	_	_
'	O	O	O	O	O	O	_	_	NoSpaceAfter	_	_	_
habitants	O	O	O	O	O	O	_	_	_	_	_	_
et	O	O	O	O	O	O	_	_	EndOfLine	_	_	_
# segment_iiif_link = https://iiif.eluxemburgensia.lu/iiif/2/ark:%2f70795%2f8f2mx9%2fpages%2f3/1776,2482,728,53/full/0/default.jpg
situé	O	O	O	O	O	O	_	_	_	_	_	_
à	O	O	O	O	O	O	_	_	_	_	_	_
1,500	O	O	O	O	O	O	_	_	_	_	_	_
kilomètres	O	O	O	O	O	O	_	_	_	_	_	_
à	O	O	O	O	O	O	_	_	_	_	_	_
l	O	O	O	O	O	O	_	_	NoSpaceAfter	_	_	_
’	O	O	O	O	O	O	_	_	NoSpaceAfter	_	_	_
est	O	O	O	O	O	O	_	_	_	_	_	_
de	O	O	O	O	O	O	_	_	EndOfLine	_	_	_
# segment_iiif_link = https://iiif.eluxemburgensia.lu/iiif/2/ark:%2f70795%2f8f2mx9%2fpages%2f3/1775,2539,744,50/full/0/default.jpg
Moscou	O	O	O	O	O	O	_	_	NoSpaceAfter	_	_	_
,	O	O	O	O	O	O	_	_	_	_	_	_
annonce	O	O	O	O	O	O	_	_	_	_	_	_
que	O	O	O	O	O	O	_	_	_	_	_	_
le	O	O	O	O	O	O	_	_	_	_	_	_
gouverneur	O	O	O	O	O	O	_	_	_	_	_	_
de	O	O	O	O	O	O	_	_	_	_	_	_
cette	O	O	O	O	O	O	_	_	EndOfLine	_	_	_
# segment_iiif_link = https://iiif.eluxemburgensia.lu/iiif/2/ark:%2f70795%2f8f2mx9%2fpages%2f3/1776,2574,745,60/full/0/default.jpg
province	O	O	O	O	O	O	_	_	NoSpaceAfter	_	_	_
,	O	O	O	O	O	O	_	_	_	_	_	_
M	O	O	O	O	O	O	_	_	NoSpaceAfter	_	_	_
.	O	O	O	O	O	O	_	_	_	_	_	_
Boglanovitch	O	O	O	O	O	O	_	_	NoSpaceAfter	_	_	_
,	O	O	O	O	O	O	_	_	_	_	_	_
a	O	O	O	O	O	O	_	_	_	_	_	_
été	O	O	O	O	O	O	_	_	_	_	_	_
tué	O	O	O	O	O	O	_	_	EndOfLine	_	_	_
# segment_iiif_link = https://iiif.eluxemburgensia.lu/iiif/2/ark:%2f70795%2f8f2mx9%2fpages%2f3/1777,2617,741,49/full/0/default.jpg
mardi	O	O	O	O	O	O	_	_	_	_	_	_
après	O	O	O	O	O	O	_	_	NoSpaceAfter	_	_	_
-	O	O	O	O	O	O	_	_	NoSpaceAfter	_	_	_
midi	O	O	O	O	O	O	_	_	_	_	_	_
par	O	O	O	O	O	O	_	_	_	_	_	_
deux	O	O	O	O	O	O	_	_	_	_	_	_
malfaiteurs	O	O	O	O	O	O	_	_	EndOfLine	_	_	_
# segment_iiif_link = https://iiif.eluxemburgensia.lu/iiif/2/ark:%2f70795%2f8f2mx9%2fpages%2f3/1778,2661,458,50/full/0/default.jpg
dans	O	O	O	O	O	O	_	_	_	_	_	_
la	O	O	O	O	O	O	_	_	_	_	_	_
gare	O	O	O	O	O	O	_	_	_	_	_	_
de	O	O	O	O	O	O	_	_	_	_	_	_
la	O	O	O	O	O	O	_	_	_	_	_	_
ville	O	O	O	O	O	O	_	_	NoSpaceAfter	_	_	_
.	O	O	O	O	O	O	_	_	EndOfLine	_	_	_
# segment_iiif_link = https://iiif.eluxemburgensia.lu/iiif/2/ark:%2f70795%2f8f2mx9%2fpages%2f3/1822,2704,699,54/full/0/default.jpg
Madrid	O	O	O	O	O	O	_	_	NoSpaceAfter	_	_	_
.	O	O	O	O	O	O	_	_	_	_	_	_
—	O	O	O	O	O	O	_	_	_	_	_	_
M	O	O	O	O	O	O	_	_	NoSpaceAfter	_	_	_
.	O	O	O	O	O	O	_	_	_	_	_	_
Villaverde	O	O	O	O	O	O	_	_	_	_	_	_
est	O	O	O	O	O	O	_	_	_	_	_	_
élu	O	O	O	O	O	O	_	_	NoSpaceAfter	_	_	_
,	O	O	O	O	O	O	_	_	_	_	_	_
par	O	O	O	O	O	O	_	_	EndOfLine	_	_	_
# segment_iiif_link = https://iiif.eluxemburgensia.lu/iiif/2/ark:%2f70795%2f8f2mx9%2fpages%2f3/1777,2750,742,51/full/0/default.jpg
231	O	O	O	O	O	O	_	_	_	_	_	_
voix	O	O	O	O	O	O	_	_	NoSpaceAfter	_	_	_
,	O	O	O	O	O	O	_	_	_	_	_	_
à	O	O	O	O	O	O	_	_	_	_	_	_
la	O	O	O	O	O	O	_	_	_	_	_	_
présidence	O	O	O	O	O	O	_	_	_	_	_	_
provisoire	O	O	O	O	O	O	_	_	_	_	_	_
de	O	O	O	O	O	O	_	_	EndOfLine	_	_	_
# segment_iiif_link = https://iiif.eluxemburgensia.lu/iiif/2/ark:%2f70795%2f8f2mx9%2fpages%2f3/1777,2795,465,50/full/0/default.jpg
la	O	O	O	O	O	O	_	_	_	_	_	_
Chambre	O	O	O	O	O	O	_	_	_	_	_	_
des	O	O	O	O	O	O	_	_	_	_	_	_
députés	O	O	O	O	O	O	_	_	NoSpaceAfter	_	_	_
.	O	O	O	O	O	O	_	_	EndOfLine	_	_	_
# segment_iiif_link = https://iiif.eluxemburgensia.lu/iiif/2/ark:%2f70795%2f8f2mx9%2fpages%2f3/1822,2841,699,50/full/0/default.jpg
New	O	O	O	O	O	O	_	_	_	_	_	_
-	O	O	O	O	O	O	_	_	_	_	_	_
Yov	O	O	O	O	O	O	_	_	_	_	_	_
k	O	O	O	O	O	O	_	_	NoSpaceAfter	_	_	_
.	O	O	O	O	O	O	_	_	_	_	_	_
—	O	O	O	O	O	O	_	_	_	_	_	_
Au	O	O	O	O	O	O	_	_	_	_	_	_
cours	O	O	O	O	O	O	_	_	_	_	_	_
d	O	O	O	O	O	O	_	_	NoSpaceAfter	_	_	_
’	O	O	O	O	O	O	_	_	NoSpaceAfter	_	_	_
une	O	O	O	O	O	O	_	_	_	_	_	_
collision	O	O	O	O	O	O	_	_	EndOfLine	_	_	_
# segment_iiif_link = https://iiif.eluxemburgensia.lu/iiif/2/ark:%2f70795%2f8f2mx9%2fpages%2f3/1777,2883,743,60/full/0/default.jpg
qui	O	O	O	O	O	O	_	_	_	_	_	_
s	O	O	O	O	O	O	_	_	NoSpaceAfter	_	_	_
’	O	O	O	O	O	O	_	_	NoSpaceAfter	_	_	_
est	O	O	O	O	O	O	_	_	_	_	_	_
produite	O	O	O	O	O	O	_	_	_	_	_	_
entre	O	O	O	O	O	O	_	_	_	_	_	_
des	O	O	O	O	O	O	_	_	_	_	_	_
grévistes	O	O	O	O	O	O	_	_	_	_	_	_
et	O	O	O	O	O	O	_	_	EndOfLine	_	_	_
# segment_iiif_link = https://iiif.eluxemburgensia.lu/iiif/2/ark:%2f70795%2f8f2mx9%2fpages%2f3/1778,2926,743,51/full/0/default.jpg
la	O	O	O	O	O	O	_	_	_	_	_	_
police	O	O	O	O	O	O	_	_	NoSpaceAfter	_	_	_
,	O	O	O	O	O	O	_	_	_	_	_	_
300	O	O	O	O	O	O	_	_	_	_	_	_
Italiens	O	O	O	O	O	O	_	_	_	_	_	_
ont	O	O	O	O	O	O	_	_	_	_	_	_
attaqué	O	O	O	O	O	O	_	_	_	_	_	_
les	O	O	O	O	O	O	_	_	EndOfLine	_	_	_
# segment_iiif_link = https://iiif.eluxemburgensia.lu/iiif/2/ark:%2f70795%2f8f2mx9%2fpages%2f3/1777,2971,743,60/full/0/default.jpg
gardiens	O	O	O	O	O	O	_	_	_	_	_	_
de	O	O	O	O	O	O	_	_	_	_	_	_
la	O	O	O	O	O	O	_	_	_	_	_	_
paix	O	O	O	O	O	O	_	_	_	_	_	_
à	O	O	O	O	O	O	_	_	_	_	_	_
coup	O	O	O	O	O	O	_	_	_	_	_	_
de	O	O	O	O	O	O	_	_	_	_	_	_
pierres	O	O	O	O	O	O	_	_	NoSpaceAfter	_	_	_
.	O	O	O	O	O	O	_	_	EndOfLine	_	_	_
# segment_iiif_link = https://iiif.eluxemburgensia.lu/iiif/2/ark:%2f70795%2f8f2mx9%2fpages%2f3/1779,3015,741,50/full/0/default.jpg
Un	O	O	O	O	O	O	_	_	_	_	_	_
agent	O	O	O	O	O	O	_	_	_	_	_	_
a	O	O	O	O	O	O	_	_	_	_	_	_
été	O	O	O	O	O	O	_	_	_	_	_	_
blessé	O	O	O	O	O	O	_	_	_	_	_	_
d	O	O	O	O	O	O	_	_	NoSpaceAfter	_	_	_
’	O	O	O	O	O	O	_	_	NoSpaceAfter	_	_	_
un	O	O	O	O	O	O	_	_	_	_	_	_
coup	O	O	O	O	O	O	_	_	_	_	_	_
de	O	O	O	O	O	O	_	_	EndOfLine	_	_	_
# segment_iiif_link = https://iiif.eluxemburgensia.lu/iiif/2/ark:%2f70795%2f8f2mx9%2fpages%2f3/1778,3059,164,57/full/0/default.jpg
poignard	O	O	O	O	O	O	_	_	NoSpaceAfter	_	_	_
.	O	O	O	O	O	O	_	_	EndOfLine	_	_	_
# segment_iiif_link = https://iiif.eluxemburgensia.lu/iiif/2/ark:%2f70795%2f8f2mx9%2fpages%2f3/1822,3101,698,55/full/0/default.jpg
Menton	O	O	O	O	O	O	_	_	NoSpaceAfter	_	_	_
.	O	O	O	O	O	O	_	_	_	_	_	_
—	O	O	O	O	O	O	_	_	_	_	_	_
L	O	O	O	O	O	O	_	_	NoSpaceAfter	_	_	_
’	O	O	O	O	O	O	_	_	NoSpaceAfter	_	_	_
ex	O	O	O	O	O	O	_	_	NoSpaceAfter	_	_	_
-	O	O	O	O	O	O	_	_	NoSpaceAfter	_	_	_
président	O	O	O	O	O	O	_	_	_	_	_	_
Kruger	O	O	O	O	O	O	_	_	NoSpaceAfter	_	_	_
,	O	O	O	O	O	O	_	_	EndOfLine	_	_	_
# segment_iiif_link = https://iiif.eluxemburgensia.lu/iiif/2/ark:%2f70795%2f8f2mx9%2fpages%2f3/1778,3145,743,62/full/0/default.jpg
accompagné	O	O	O	O	O	O	_	_	_	_	_	_
de	O	O	O	O	O	O	_	_	_	_	_	_
M	O	O	O	O	O	O	_	_	NoSpaceAfter	_	_	_
.	O	O	O	O	O	O	_	_	_	_	_	_
et	O	O	O	O	O	O	_	_	_	_	_	_
Mme	O	O	O	O	O	O	_	_	_	_	_	_
Elofï	O	O	O	O	O	O	_	_	NoSpaceAfter	_	_	_
,	O	O	O	O	O	O	_	_	_	_	_	_
de	O	O	O	O	O	O	_	_	_	_	_	_
son	O	O	O	O	O	O	_	_	EndOfLine	_	_	_
# segment_iiif_link = https://iiif.eluxemburgensia.lu/iiif/2/ark:%2f70795%2f8f2mx9%2fpages%2f3/1778,3191,743,53/full/0/default.jpg
médecin	O	O	O	O	O	O	_	_	_	_	_	_
et	O	O	O	O	O	O	_	_	_	_	_	_
de	O	O	O	O	O	O	_	_	_	_	_	_
son	O	O	O	O	O	O	_	_	_	_	_	_
secrétaire	O	O	O	O	O	O	_	_	NoSpaceAfter	_	_	_
,	O	O	O	O	O	O	_	_	_	_	_	_
est	O	O	O	O	O	O	_	_	_	_	_	_
parti	O	O	O	O	O	O	_	_	EndOfLine	_	_	_
# segment_iiif_link = https://iiif.eluxemburgensia.lu/iiif/2/ark:%2f70795%2f8f2mx9%2fpages%2f3/1779,3237,743,60/full/0/default.jpg
mardi	O	O	O	O	O	O	_	_	NoSpaceAfter	_	_	_
,	O	O	O	O	O	O	_	_	_	_	_	_
par	O	O	O	O	O	O	_	_	_	_	_	_
le	O	O	O	O	O	O	_	_	_	_	_	_
train	O	O	O	O	O	O	_	_	_	_	_	_
de	O	O	O	O	O	O	_	_	_	_	_	_
2	O	O	O	O	O	O	_	_	_	_	_	_
k	O	O	O	O	O	O	_	_	NoSpaceAfter	_	_	_
.	O	O	O	O	O	O	_	_	_	_	_	_
18	O	O	O	O	O	O	_	_	NoSpaceAfter	_	_	_
,	O	O	O	O	O	O	_	_	_	_	_	_
pour	O	O	O	O	O	O	_	_	EndOfLine	_	_	_
# segment_iiif_link = https://iiif.eluxemburgensia.lu/iiif/2/ark:%2f70795%2f8f2mx9%2fpages%2f3/1778,3281,403,50/full/0/default.jpg
Hilversum	O	O	O	O	O	O	_	_	_	_	_	_
(	O	O	O	O	O	O	_	_	NoSpaceAfter	_	_	_
Pays	O	O	O	O	O	O	_	_	NoSpaceAfter	_	_	_
-	O	O	O	O	O	O	_	_	NoSpaceAfter	_	_	_
Bas	O	O	O	O	O	O	_	_	NoSpaceAfter	_	_	_
)	O	O	O	O	O	O	_	_	NoSpaceAfter	_	_	_
.	O	O	O	O	O	O	_	_	EndOfLine	_	_	_
# segment_iiif_link = https://iiif.eluxemburgensia.lu/iiif/2/ark:%2f70795%2f8f2mx9%2fpages%2f3/1846,3323,607,60/full/0/default.jpg
Sanglant	O	O	O	O	O	O	_	_	_	_	_	_
combat	O	O	O	O	O	O	_	_	_	_	_	_
au	O	O	O	O	O	O	_	_	_	_	_	_
Somaliland	O	O	O	O	O	O	_	_	NoSpaceAfter	_	_	_
.	O	O	O	O	O	O	_	_	EndOfLine	_	_	_
# segment_iiif_link = https://iiif.eluxemburgensia.lu/iiif/2/ark:%2f70795%2f8f2mx9%2fpages%2f3/1822,3366,684,53/full/0/default.jpg
Londres	O	O	O	O	O	O	_	_	NoSpaceAfter	_	_	_
.	O	O	O	O	O	O	_	_	_	_	_	_
—	O	O	O	O	O	O	_	_	_	_	_	_
Le	O	O	O	O	O	O	_	_	_	_	_	_
War	O	O	O	O	O	O	_	_	_	_	_	_
Office	O	O	O	O	O	O	_	_	_	_	_	_
a	O	O	O	O	O	O	_	_	EndOfLine	_	_	_
# segment_iiif_link = https://iiif.eluxemburgensia.lu/iiif/2/ark:%2f70795%2f8f2mx9%2fpages%2f3/1778,3409,729,62/full/0/default.jpg
communiqué	O	O	O	O	O	O	_	_	_	_	_	_
fmardi	O	O	O	O	O	O	_	_	_	_	_	_
soir	O	O	O	O	O	O	_	_	NoSpaceAfter	_	_	_
,	O	O	O	O	O	O	_	_	_	_	_	_
la	O	O	O	O	O	O	_	_	_	_	_	_
dépêche	O	O	O	O	O	O	_	_	EndOfLine	_	_	_
# segment_iiif_link = https://iiif.eluxemburgensia.lu/iiif/2/ark:%2f70795%2f8f2mx9%2fpages%2f3/1778,3460,728,49/full/0/default.jpg
suivante	O	O	O	O	O	O	_	_	_	_	_	_
du	O	O	O	O	O	O	_	_	_	_	_	_
colonel	O	O	O	O	O	O	_	_	_	_	_	_
Rochefort	O	O	O	O	O	O	_	_	NoSpaceAfter	_	_	_
,	O	O	O	O	O	O	_	_	_	_	_	_
officier	O	O	O	O	O	O	_	_	EndOfLine	_	_	_
# segment_iiif_link = https://iiif.eluxemburgensia.lu/iiif/2/ark:%2f70795%2f8f2mx9%2fpages%2f3/1778,3502,743,58/full/0/default.jpg
anglais	O	O	O	O	O	O	_	_	_	_	_	_
attaché	O	O	O	O	O	O	_	_	_	_	_	_
à	O	O	O	O	O	O	_	_	_	_	_	_
la	O	O	O	O	O	O	_	_	_	_	_	_
colonne	O	O	O	O	O	O	_	_	_	_	_	_
abyssine	O	O	O	O	O	O	_	_	NoSpaceAfter	_	_	_
,	O	O	O	O	O	O	_	_	_	_	_	_
une	O	O	O	O	O	O	_	_	EndOfLine	_	_	_
# segment_iiif_link = https://iiif.eluxemburgensia.lu/iiif/2/ark:%2f70795%2f8f2mx9%2fpages%2f3/1778,3546,744,49/full/0/default.jpg
des	O	O	O	O	O	O	_	_	_	_	_	_
nombreuses	O	O	O	O	O	O	_	_	_	_	_	_
colonnes	O	O	O	O	O	O	_	_	_	_	_	_
contre	O	O	O	O	O	O	_	_	_	_	_	_
le	O	O	O	O	O	O	_	_	_	_	_	_
Mad	O	O	O	O	O	O	_	_	NoSpaceAfter	_	_	_
-	O	O	O	O	O	O	_	_	EndOfLine	_	_	_
# segment_iiif_link = https://iiif.eluxemburgensia.lu/iiif/2/ark:%2f70795%2f8f2mx9%2fpages%2f3/1778,3588,742,50/full/0/default.jpg
Mullah	O	O	O	O	O	O	_	_	_	_	_	_
du	O	O	O	O	O	O	_	_	_	_	_	_
Somaliland	O	O	O	O	O	O	_	_	NoSpaceAfter	_	_	_
:	O	O	O	O	O	O	_	_	_	_	_	_
<	O	O	O	O	O	O	_	_	NoSpaceAfter	_	_	_
4	O	O	O	O	O	O	_	_	_	_	_	_
mai	O	O	O	O	O	O	_	_	NoSpaceAfter	_	_	_
.	O	O	O	O	O	O	_	_	_	_	_	_
—	O	O	O	O	O	O	_	_	_	_	_	_
La	O	O	O	O	O	O	_	_	EndOfLine	_	_	_
# segment_iiif_link = https://iiif.eluxemburgensia.lu/iiif/2/ark:%2f70795%2f8f2mx9%2fpages%2f3/1778,3633,743,51/full/0/default.jpg
colonne	O	O	O	O	O	O	_	_	_	_	_	_
abyssine	O	O	O	O	O	O	_	_	_	_	_	_
a	O	O	O	O	O	O	_	_	_	_	_	_
été	O	O	O	O	O	O	_	_	_	_	_	_
attaquée	O	O	O	O	O	O	_	_	_	_	_	_
ce	O	O	O	O	O	O	_	_	_	_	_	_
matin	O	O	O	O	O	O	_	_	EndOfLine	_	_	_
# segment_iiif_link = https://iiif.eluxemburgensia.lu/iiif/2/ark:%2f70795%2f8f2mx9%2fpages%2f3/1779,3678,726,51/full/0/default.jpg
à	O	O	O	O	O	O	_	_	_	_	_	_
Gurilli	O	O	O	O	O	O	_	_	_	_	_	_
par	O	O	O	O	O	O	_	_	_	_	_	_
4,000	O	O	O	O	O	O	_	_	_	_	_	_
Derviches	O	O	O	O	O	O	_	_	_	_	_	_
au	O	O	O	O	O	O	_	_	EndOfLine	_	_	_
# segment_iiif_link = https://iiif.eluxemburgensia.lu/iiif/2/ark:%2f70795%2f8f2mx9%2fpages%2f3/1779,3726,741,48/full/0/default.jpg
moment	O	O	O	O	O	O	_	_	_	_	_	_
où	O	O	O	O	O	O	_	_	_	_	_	_
le	O	O	O	O	O	O	_	_	_	_	_	_
corps	O	O	O	O	O	O	_	_	_	_	_	_
principal	O	O	O	O	O	O	_	_	_	_	_	_
venait	O	O	O	O	O	O	_	_	_	_	_	_
de	O	O	O	O	O	O	_	_	EndOfLine	_	_	_
# segment_iiif_link = https://iiif.eluxemburgensia.lu/iiif/2/ark:%2f70795%2f8f2mx9%2fpages%2f3/1776,3765,738,51/full/0/default.jpg
fournir	O	O	O	O	O	O	_	_	_	_	_	_
une	O	O	O	O	O	O	_	_	_	_	_	_
marche	O	O	O	O	O	O	_	_	_	_	_	_
et	O	O	O	O	O	O	_	_	_	_	_	_
avant	O	O	O	O	O	O	_	_	_	_	_	_
qu	O	O	O	O	O	O	_	_	NoSpaceAfter	_	_	_
’	O	O	O	O	O	O	_	_	NoSpaceAfter	_	_	_
une	O	O	O	O	O	O	_	_	_	_	_	_
za	O	O	O	O	O	O	_	_	NoSpaceAfter	_	_	_
-	O	O	O	O	O	O	_	_	EndOfLine	_	_	_
# segment_iiif_link = https://iiif.eluxemburgensia.lu/iiif/2/ark:%2f70795%2f8f2mx9%2fpages%2f3/1776,3811,743,49/full/0/default.jpg
riba	O	O	O	O	O	O	_	_	_	_	_	_
ait	O	O	O	O	O	O	_	_	_	_	_	_
pu	O	O	O	O	O	O	_	_	_	_	_	_
être	O	O	O	O	O	O	_	_	_	_	_	_
élevée	O	O	O	O	O	O	_	_	NoSpaceAfter	_	_	_
.	O	O	O	O	O	O	_	_	_	_	_	_
Les	O	O	O	O	O	O	_	_	_	_	_	_
Derviches	O	O	O	O	O	O	_	_	EndOfLine	_	_	_
# segment_iiif_link = https://iiif.eluxemburgensia.lu/iiif/2/ark:%2f70795%2f8f2mx9%2fpages%2f3/1777,3855,741,60/full/0/default.jpg
attaquèrent	O	O	O	O	O	O	_	_	_	_	_	_
très	O	O	O	O	O	O	_	_	_	_	_	_
énergiquement	O	O	O	O	O	O	_	_	_	_	_	_
et	O	O	O	O	O	O	_	_	_	_	_	_
un	O	O	O	O	O	O	_	_	EndOfLine	_	_	_
# segment_iiif_link = https://iiif.eluxemburgensia.lu/iiif/2/ark:%2f70795%2f8f2mx9%2fpages%2f3/1777,3898,741,53/full/0/default.jpg
combat	O	O	O	O	O	O	_	_	_	_	_	_
acharné	O	O	O	O	O	O	_	_	_	_	_	_
s	O	O	O	O	O	O	_	_	NoSpaceAfter	_	_	_
’	O	O	O	O	O	O	_	_	NoSpaceAfter	_	_	_
engagea	O	O	O	O	O	O	_	_	NoSpaceAfter	_	_	_
.	O	O	O	O	O	O	_	_	_	_	_	_
Au	O	O	O	O	O	O	_	_	_	_	_	_
bout	O	O	O	O	O	O	_	_	_	_	_	_
de	O	O	O	O	O	O	_	_	EndOfLine	_	_	_
# segment_iiif_link = https://iiif.eluxemburgensia.lu/iiif/2/ark:%2f70795%2f8f2mx9%2fpages%2f3/1776,3944,745,51/full/0/default.jpg
trois	O	O	O	O	O	O	_	_	_	_	_	_
quarts	O	O	O	O	O	O	_	_	_	_	_	_
d	O	O	O	O	O	O	_	_	NoSpaceAfter	_	_	_
’	O	O	O	O	O	O	_	_	NoSpaceAfter	_	_	_
heure	O	O	O	O	O	O	_	_	NoSpaceAfter	_	_	_
,	O	O	O	O	O	O	_	_	_	_	_	_
les	O	O	O	O	O	O	_	_	_	_	_	_
Derviches	O	O	O	O	O	O	_	_	_	_	_	_
furent	O	O	O	O	O	O	_	_	EndOfLine	_	_	_
# segment_iiif_link = https://iiif.eluxemburgensia.lu/iiif/2/ark:%2f70795%2f8f2mx9%2fpages%2f3/1776,3987,743,62/full/0/default.jpg
repoussés	O	O	O	O	O	O	_	_	NoSpaceAfter	_	_	_
.	O	O	O	O	O	O	_	_	_	_	_	_
Beaucoup	O	O	O	O	O	O	_	_	_	_	_	_
d	O	O	O	O	O	O	_	_	NoSpaceAfter	_	_	_
’	O	O	O	O	O	O	_	_	NoSpaceAfter	_	_	_
entre	O	O	O	O	O	O	_	_	_	_	_	_
eux	O	O	O	O	O	O	_	_	_	_	_	_
se	O	O	O	O	O	O	_	_	EndOfLine	_	_	_
# segment_iiif_link = https://iiif.eluxemburgensia.lu/iiif/2/ark:%2f70795%2f8f2mx9%2fpages%2f3/1775,4033,744,61/full/0/default.jpg
noyèrent	O	O	O	O	O	O	_	_	_	_	_	_
en	O	O	O	O	O	O	_	_	_	_	_	_
traversant	O	O	O	O	O	O	_	_	_	_	_	_
une	O	O	O	O	O	O	_	_	_	_	_	_
rivière	O	O	O	O	O	O	_	_	NoSpaceAfter	_	_	_
.	O	O	O	O	O	O	_	_	_	_	_	_
Les	O	O	O	O	O	O	_	_	EndOfLine	_	_	_
# segment_iiif_link = https://iiif.eluxemburgensia.lu/iiif/2/ark:%2f70795%2f8f2mx9%2fpages%2f3/1775,4077,743,62/full/0/default.jpg
Abyssins	O	O	O	O	O	O	_	_	_	_	_	_
ont	O	O	O	O	O	O	_	_	_	_	_	_
perdu	O	O	O	O	O	O	_	_	_	_	_	_
21	O	O	O	O	O	O	_	_	_	_	_	_
hommes	O	O	O	O	O	O	_	_	_	_	_	_
tués	O	O	O	O	O	O	_	_	_	_	_	_
et	O	O	O	O	O	O	_	_	EndOfLine	_	_	_
# segment_iiif_link = https://iiif.eluxemburgensia.lu/iiif/2/ark:%2f70795%2f8f2mx9%2fpages%2f3/1777,4122,737,50/full/0/default.jpg
10	O	O	O	O	O	O	_	_	_	_	_	_
blessés	O	O	O	O	O	O	_	_	NoSpaceAfter	_	_	_
.	O	O	O	O	O	O	_	_	_	_	_	_
Les	O	O	O	O	O	O	_	_	_	_	_	_
Derviches	O	O	O	O	O	O	_	_	_	_	_	_
ont	O	O	O	O	O	O	_	_	_	_	_	_
eu	O	O	O	O	O	O	_	_	_	_	_	_
300	O	O	O	O	O	O	_	_	EndOfLine	_	_	_
# segment_iiif_link = https://iiif.eluxemburgensia.lu/iiif/2/ark:%2f70795%2f8f2mx9%2fpages%2f3/1777,4165,739,53/full/0/default.jpg
tués	O	O	O	O	O	O	_	_	NoSpaceAfter	_	_	_
.	O	O	O	O	O	O	_	_	_	_	_	_
La	O	O	O	O	O	O	_	_	_	_	_	_
colonne	O	O	O	O	O	O	_	_	_	_	_	_
abyssine	O	O	O	O	O	O	_	_	_	_	_	_
continuera	O	O	O	O	O	O	_	_	_	_	_	_
sa	O	O	O	O	O	O	_	_	EndOfLine	_	_	_
# segment_iiif_link = https://iiif.eluxemburgensia.lu/iiif/2/ark:%2f70795%2f8f2mx9%2fpages%2f3/1776,4210,741,51/full/0/default.jpg
marche	O	O	O	O	O	O	_	_	_	_	_	_
sur	O	O	O	O	O	O	_	_	_	_	_	_
les	O	O	O	O	O	O	_	_	_	_	_	_
puits	O	O	O	O	O	O	_	_	_	_	_	_
de	O	O	O	O	O	O	_	_	_	_	_	_
Dolassen	O	O	O	O	O	O	_	_	NoSpaceAfter	_	_	_
,	O	O	O	O	O	O	_	_	_	_	_	_
situés	O	O	O	O	O	O	_	_	EndOfLine	_	_	_
# segment_iiif_link = https://iiif.eluxemburgensia.lu/iiif/2/ark:%2f70795%2f8f2mx9%2fpages%2f3/1776,4255,329,51/full/0/default.jpg
à	O	O	O	O	O	O	_	_	_	_	_	_
30	O	O	O	O	O	O	_	_	_	_	_	_
milles	O	O	O	O	O	O	_	_	_	_	_	_
d	O	O	O	O	O	O	_	_	NoSpaceAfter	_	_	_
’	O	O	O	O	O	O	_	_	NoSpaceAfter	_	_	_
ici	O	O	O	O	O	O	_	_	NoSpaceAfter	_	_	_
.	O	O	O	O	O	O	_	_	NoSpaceAfter	_	_	_
»	O	O	O	O	O	O	_	_	EndOfLine	_	_	_
# segment_iiif_link = https://iiif.eluxemburgensia.lu/iiif/2/ark:%2f70795%2f8f2mx9%2fpages%2f3/1821,4300,697,51/full/0/default.jpg
Une	O	O	O	O	O	O	_	_	_	_	_	_
seconde	O	O	O	O	O	O	_	_	_	_	_	_
dépêche	O	O	O	O	O	O	_	_	_	_	_	_
dit	O	O	O	O	O	O	_	_	_	_	_	_
que	O	O	O	O	O	O	_	_	_	_	_	_
les	O	O	O	O	O	O	_	_	EndOfLine	_	_	_
# segment_iiif_link = https://iiif.eluxemburgensia.lu/iiif/2/ark:%2f70795%2f8f2mx9%2fpages%2f3/1774,4346,741,56/full/0/default.jpg
troupes	O	O	O	O	O	O	_	_	_	_	_	_
abyssines	O	O	O	O	O	O	_	_	_	_	_	_
ont	O	O	O	O	O	O	_	_	_	_	_	_
dû	O	O	O	O	O	O	_	_	_	_	_	_
rester	O	O	O	O	O	O	_	_	_	_	_	_
dans	O	O	O	O	O	O	_	_	_	_	_	_
la	O	O	O	O	O	O	_	_	EndOfLine	_	_	_
# segment_iiif_link = https://iiif.eluxemburgensia.lu/iiif/2/ark:%2f70795%2f8f2mx9%2fpages%2f3/1774,4387,743,61/full/0/default.jpg
région	O	O	O	O	O	O	_	_	_	_	_	_
jusqu	O	O	O	O	O	O	_	_	NoSpaceAfter	_	_	_
’	O	O	O	O	O	O	_	_	NoSpaceAfter	_	_	_
à	O	O	O	O	O	O	_	_	_	_	_	_
la	O	O	O	O	O	O	_	_	_	_	_	_
fin	O	O	O	O	O	O	_	_	_	_	_	_
des	O	O	O	O	O	O	_	_	_	_	_	_
pluies	O	O	O	O	O	O	_	_	NoSpaceAfter	_	_	_
.	O	O	O	O	O	O	_	_	_	EndOfSentence	_	_
Les	O	O	O	O	O	O	_	_	EndOfLine	_	_	_
# segment_iiif_link = https://iiif.eluxemburgensia.lu/iiif/2/ark:%2f70795%2f8f2mx9%2fpages%2f3/1774,4436,744,56/full/0/default.jpg
troupes	O	O	O	O	O	O	_	_	_	_	_	_
ont	O	O	O	O	O	O	_	_	_	_	_	_
fait	O	O	O	O	O	O	_	_	_	_	_	_
une	O	O	O	O	O	O	_	_	_	_	_	_
marche	O	O	O	O	O	O	_	_	_	_	_	_
jusqu	O	O	O	O	O	O	_	_	NoSpaceAfter	_	_	_
’	O	O	O	O	O	O	_	_	NoSpaceAfter	_	_	_
à	O	O	O	O	O	O	_	_	EndOfLine	_	_	_
# segment_iiif_link = https://iiif.eluxemburgensia.lu/iiif/2/ark:%2f70795%2f8f2mx9%2fpages%2f3/1774,4477,741,51/full/0/default.jpg
Mekenna	O	O	O	O	O	O	_	_	NoSpaceAfter	_	_	_
.	O	O	O	O	O	O	_	_	_	EndOfSentence	_	_
En	O	O	O	O	O	O	_	_	_	_	_	_
revenant	O	O	O	O	O	O	_	_	NoSpaceAfter	_	_	_
,	O	O	O	O	O	O	_	_	_	_	_	_
elles	O	O	O	O	O	O	_	_	_	_	_	_
ont	O	O	O	O	O	O	_	_	_	_	_	_
fait	O	O	O	O	O	O	_	_	_	_	_	_
des	O	O	O	O	O	O	_	_	EndOfLine	_	_	_
# segment_iiif_link = https://iiif.eluxemburgensia.lu/iiif/2/ark:%2f70795%2f8f2mx9%2fpages%2f3/1774,4522,741,60/full/0/default.jpg
prisonniers	O	O	O	O	O	O	_	_	_	_	_	_
qui	O	O	O	O	O	O	_	_	_	_	_	_
disent	O	O	O	O	O	O	_	_	_	_	_	_
que	O	O	O	O	O	O	_	_	_	_	_	_
le	O	O	O	O	O	O	_	_	_	_	_	_
Mullah	O	O	O	O	O	O	_	_	_	_	_	_
est	O	O	O	O	O	O	_	_	EndOfLine	_	_	_
# segment_iiif_link = https://iiif.eluxemburgensia.lu/iiif/2/ark:%2f70795%2f8f2mx9%2fpages%2f3/1774,4566,218,51/full/0/default.jpg
à	O	O	O	O	O	O	_	_	_	_	_	_
Oubertck	O	O	O	O	O	O	_	_	NoSpaceAfter	_	_	_
.	O	O	O	O	O	O	_	_	EndOfLine	EndOfSentence	_	_
# segment_iiif_link = https://iiif.eluxemburgensia.lu/iiif/2/ark:%2f70795%2f8f2mx9%2fpages%2f3/1817,4611,682,51/full/0/default.jpg
Le	O	O	O	O	O	O	_	_	_	_	_	_
corps	O	O	O	O	O	O	_	_	_	_	_	_
anglais	O	O	O	O	O	O	_	_	_	_	_	_
va	O	O	O	O	O	O	_	_	_	_	_	_
donc	O	O	O	O	O	O	_	_	EndOfLine	_	_	_
# segment_iiif_link = https://iiif.eluxemburgensia.lu/iiif/2/ark:%2f70795%2f8f2mx9%2fpages%2f3/1774,4659,741,48/full/0/default.jpg
probablement	O	O	O	O	O	O	_	_	_	_	_	_
se	O	O	O	O	O	O	_	_	_	_	_	_
diriger	O	O	O	O	O	O	_	_	_	_	_	_
vers	O	O	O	O	O	O	_	_	_	_	_	_
cet	O	O	O	O	O	O	_	_	_	_	_	_
endroit	O	O	O	O	O	O	_	_	NoSpaceAfter	_	_	_
,	O	O	O	O	O	O	_	_	_	_	_	_
dans	O	O	O	O	O	O	_	_	EndOfLine	_	_	_
# segment_iiif_link = https://iiif.eluxemburgensia.lu/iiif/2/ark:%2f70795%2f8f2mx9%2fpages%2f3/1772,4700,742,60/full/0/default.jpg
l	O	O	O	O	O	O	_	_	NoSpaceAfter	_	_	_
’	O	O	O	O	O	O	_	_	NoSpaceAfter	_	_	_
espoir	O	O	O	O	O	O	_	_	_	_	_	_
de	O	O	O	O	O	O	_	_	_	_	_	_
surprendre	O	O	O	O	O	O	_	_	_	_	_	_
le	O	O	O	O	O	O	_	_	_	_	_	_
chef	O	O	O	O	O	O	_	_	_	_	_	_
somali	O	O	O	O	O	O	_	_	_	_	_	_
;	O	O	O	O	O	O	_	_	EndOfLine	_	_	_
# segment_iiif_link = https://iiif.eluxemburgensia.lu/iiif/2/ark:%2f70795%2f8f2mx9%2fpages%2f3/1772,4745,743,49/full/0/default.jpg
mais	O	O	O	O	O	O	_	_	_	_	_	_
on	O	O	O	O	O	O	_	_	_	_	_	_
sait	O	O	O	O	O	O	_	_	_	_	_	_
que	O	O	O	O	O	O	_	_	_	_	_	_
celui	O	O	O	O	O	O	_	_	NoSpaceAfter	_	_	_
-	O	O	O	O	O	O	_	_	NoSpaceAfter	_	_	_
ci	O	O	O	O	O	O	_	_	_	_	_	_
a	O	O	O	O	O	O	_	_	_	_	_	_
le	O	O	O	O	O	O	_	_	_	_	_	_
désert	O	O	O	O	O	O	_	_	EndOfLine	_	_	_
# segment_iiif_link = https://iiif.eluxemburgensia.lu/iiif/2/ark:%2f70795%2f8f2mx9%2fpages%2f3/1772,4789,743,50/full/0/default.jpg
devant	O	O	O	O	O	O	_	_	_	_	_	_
lui	O	O	O	O	O	O	_	_	_	_	_	_
et	O	O	O	O	O	O	_	_	_	_	_	_
qu	O	O	O	O	O	O	_	_	NoSpaceAfter	_	_	_
’	O	O	O	O	O	O	_	_	NoSpaceAfter	_	_	_
il	O	O	O	O	O	O	_	_	_	_	_	_
n	O	O	O	O	O	O	_	_	NoSpaceAfter	_	_	_
’	O	O	O	O	O	O	_	_	NoSpaceAfter	_	_	_
aura	O	O	O	O	O	O	_	_	_	_	_	_
qu	O	O	O	O	O	O	_	_	NoSpaceAfter	_	_	_
’	O	O	O	O	O	O	_	_	NoSpaceAfter	_	_	_
à	O	O	O	O	O	O	_	_	_	_	_	_
s	O	O	O	O	O	O	_	_	NoSpaceAfter	_	_	_
’	O	O	O	O	O	O	_	_	NoSpaceAfter	_	_	_
y	O	O	O	O	O	O	_	_	_	_	_	_
réfugier	O	O	O	O	O	O	_	_	EndOfLine	_	_	_
# segment_iiif_link = https://iiif.eluxemburgensia.lu/iiif/2/ark:%2f70795%2f8f2mx9%2fpages%2f3/1772,4842,630,50/full/0/default.jpg
pour	O	O	O	O	O	O	_	_	_	_	_	_
devenir	O	O	O	O	O	O	_	_	_	_	_	_
presque	O	O	O	O	O	O	_	_	_	_	_	_
imprenable	O	O	O	O	O	O	_	_	NoSpaceAfter	_	_	_
.	O	O	O	O	O	O	_	_	EndOfLine	EndOfSentence	_	_

# language = fr
# newspaper = indeplux
# date = 1905-01-27
# document_id = indeplux-1905-01-27-a-i0026
# news-agency-as-source = _
# segment_iiif_link = https://iiif.eluxemburgensia.lu/iiif/2/ark:%2f70795%2fqx86kv%2fpages%2f4/793,393,1621,40/full/0/default.jpg
,	O	O	O	O	O	O	_	_	_	_	_	_
.	O	O	O	O	O	O	_	_	_	EndOfSentence	_	_
üî5	O	O	O	O	O	O	_	_	_	_	_	_
de	O	O	O	O	O	O	_	_	_	_	_	_
11	O	O	O	O	O	O	_	_	_	_	_	_
i	O	O	O	O	O	O	_	_	NoSpaceAfter	_	_	_
:	O	O	O	O	O	O	_	_	NoSpaceAfter	_	_	_
r	O	O	O	O	O	O	_	_	_	_	_	_
.	O	O	O	O	O	O	_	_	NoSpaceAfter	EndOfSentence	_	_
.	O	O	O	O	O	O	_	_	_	EndOfSentence	_	_
iî	O	O	O	O	O	O	_	_	NoSpaceAfter	_	_	_
'	O	O	O	O	O	O	_	_	EndOfLine	_	_	_
# segment_iiif_link = https://iiif.eluxemburgensia.lu/iiif/2/ark:%2f70795%2fqx86kv%2fpages%2f4/126,381,2285,211/full/0/default.jpg
1	O	O	O	O	O	O	_	_	_	_	_	_
*	O	O	O	O	O	O	_	_	_	_	_	_
_	O	O	O	O	O	O	_	_	NoSpaceAfter	_	_	_
-	O	O	O	O	O	O	_	_	NoSpaceAfter	_	_	_
y	O	O	O	O	O	O	_	_	_	_	_	_
-	O	O	O	O	O	O	_	_	_	_	_	_
i	O	O	O	O	O	O	_	_	EndOfLine	_	_	_
# segment_iiif_link = https://iiif.eluxemburgensia.lu/iiif/2/ark:%2f70795%2fqx86kv%2fpages%2f4/131,533,2281,129/full/0/default.jpg
ff	O	O	O	O	O	O	_	_	_	_	_	_
Bijouterie	O	O	O	O	O	O	_	_	NoSpaceAfter	_	_	_
,	O	O	O	O	O	O	_	_	_	_	_	_
Orfèvrerie	O	O	O	O	O	O	_	_	_	_	_	_
Joaillerie	O	O	O	O	O	O	_	_	NoSpaceAfter	_	_	_
,	O	O	O	O	O	O	_	_	_	_	_	_
Horlogerie	O	O	O	O	O	O	_	_	_	_	_	_
î	O	O	O	O	O	O	_	_	NoSpaceAfter	_	_	_
-	O	O	O	O	O	O	_	_	EndOfLine	_	_	_
# segment_iiif_link = https://iiif.eluxemburgensia.lu/iiif/2/ark:%2f70795%2fqx86kv%2fpages%2f4/137,706,2277,94/full/0/default.jpg
i	O	O	O	O	O	O	_	_	_	_	_	_
fp	O	O	O	O	O	O	_	_	EndOfLine	_	_	_
# segment_iiif_link = https://iiif.eluxemburgensia.lu/iiif/2/ark:%2f70795%2fqx86kv%2fpages%2f4/137,774,2276,62/full/0/default.jpg
=	O	O	O	O	O	O	_	_	NoSpaceAfter	_	_	_
1	O	O	O	O	O	O	_	_	_	_	_	_
FOURNISSEUR	O	O	O	O	O	O	_	_	_	_	_	_
DE	O	O	O	O	O	O	_	_	_	_	_	_
LÀ	O	O	O	O	O	O	_	_	_	_	_	_
COUR	O	O	O	O	O	O	_	_	NoSpaceAfter	_	_	_
.	O	O	O	O	O	O	_	_	_	EndOfSentence	_	_
]	O	O	O	O	O	O	_	_	NoSpaceAfter	_	_	_
M	O	O	O	O	O	O	_	_	EndOfLine	_	_	_
# segment_iiif_link = https://iiif.eluxemburgensia.lu/iiif/2/ark:%2f70795%2fqx86kv%2fpages%2f4/139,800,2276,103/full/0/default.jpg
fri	O	O	O	O	O	O	_	_	_	_	_	_
T	O	O	O	O	O	O	_	_	_	_	_	_
A	O	O	O	O	O	O	_	_	_	_	_	_
m	O	O	O	O	O	O	_	_	EndOfLine	_	_	_
# segment_iiif_link = https://iiif.eluxemburgensia.lu/iiif/2/ark:%2f70795%2fqx86kv%2fpages%2f4/137,868,2279,66/full/0/default.jpg
Jifl	O	O	O	O	O	O	_	_	_	_	_	_
Grand	O	O	O	O	O	O	_	_	_	_	_	_
choix	O	O	O	O	O	O	_	_	_	_	_	_
excessivement	O	O	O	O	O	O	_	_	_	_	_	_
varié	O	O	O	O	O	O	_	_	_	_	_	_
quant	O	O	O	O	O	O	_	_	_	_	_	_
à	O	O	O	O	O	O	_	_	_	_	_	_
la	O	O	O	O	O	O	_	_	_	_	_	_
richesse	O	O	O	O	O	O	_	_	_	_	_	_
et	O	O	O	O	O	O	_	_	_	_	_	_
au	O	O	O	O	O	O	_	_	_	_	_	_
bon	O	O	O	O	O	O	_	_	_	_	_	_
goût	O	O	O	O	O	O	_	_	_	_	_	_
de	O	O	O	O	O	O	_	_	_	_	_	_
|	O	O	O	O	O	O	_	_	NoSpaceAfter	_	_	_
r	O	O	O	O	O	O	_	_	NoSpaceAfter	_	_	_
=	O	O	O	O	O	O	_	_	NoSpaceAfter	_	_	_
i	O	O	O	O	O	O	_	_	EndOfLine	_	_	_
# segment_iiif_link = https://iiif.eluxemburgensia.lu/iiif/2/ark:%2f70795%2fqx86kv%2fpages%2f4/137,917,2281,102/full/0/default.jpg
P	O	O	O	O	O	O	_	_	NoSpaceAfter	_	_	_
'	O	O	O	O	O	O	_	_	_	_	_	_
Bagues	O	O	O	O	O	O	_	_	NoSpaceAfter	_	_	_
,	O	O	O	O	O	O	_	_	_	_	_	_
Broches	O	O	O	O	O	O	_	_	NoSpaceAfter	_	_	_
,	O	O	O	O	O	O	_	_	_	_	_	_
Colliers	O	O	O	O	O	O	_	_	NoSpaceAfter	_	_	_
,	O	O	O	O	O	O	_	_	_	_	_	_
Epingles	O	O	O	O	O	O	_	_	NoSpaceAfter	_	_	_
,	O	O	O	O	O	O	_	_	_	_	_	_
Bracelets	O	O	O	O	O	O	_	_	NoSpaceAfter	_	_	_
,	O	O	O	O	O	O	_	_	_	_	_	_
Montres	O	O	O	O	O	O	_	_	_	_	_	_
,	O	O	O	O	O	O	_	_	_	_	_	_
or	O	O	O	O	O	O	_	_	NoSpaceAfter	_	_	_
,	O	O	O	O	O	O	_	_	_	_	_	_
argent	O	O	O	O	O	O	_	_	_	_	_	_
et	O	O	O	O	O	O	_	_	_	_	_	_
fantaisie	O	O	O	O	O	O	_	_	_	_	_	_
etc	O	O	O	O	O	O	_	_	NoSpaceAfter	_	_	_
.	O	O	O	O	O	O	_	_	_	_	_	_
etc	O	O	O	O	O	O	_	_	NoSpaceAfter	_	_	_
.	O	O	O	O	O	O	_	_	_	EndOfSentence	_	_
-	O	O	O	O	O	O	_	_	NoSpaceAfter	_	_	_
JJ	O	O	O	O	O	O	_	_	EndOfLine	_	_	_
# segment_iiif_link = https://iiif.eluxemburgensia.lu/iiif/2/ark:%2f70795%2fqx86kv%2fpages%2f4/139,985,2275,83/full/0/default.jpg
tJÜ	O	O	O	O	O	O	_	_	_	_	_	_
COUVERTS	O	O	O	O	O	O	_	_	_	_	_	_
ARGENT	O	O	O	O	O	O	_	_	_	_	_	_
ET	O	O	O	O	O	O	_	_	_	_	_	_
ARGENTÉ	O	O	O	O	O	O	_	_	_	_	_	_
j	O	O	O	O	O	O	_	_	NoSpaceAfter	_	_	_
=	O	O	O	O	O	O	_	_	EndOfLine	_	_	_
# segment_iiif_link = https://iiif.eluxemburgensia.lu/iiif/2/ark:%2f70795%2fqx86kv%2fpages%2f4/137,1058,2270,63/full/0/default.jpg
M	O	O	O	O	O	O	_	_	_	_	_	_
Toute	O	O	O	O	O	O	_	_	_	_	_	_
l	O	O	O	O	O	O	_	_	NoSpaceAfter	_	_	_
’	O	O	O	O	O	O	_	_	NoSpaceAfter	_	_	_
orfèvrerie	O	O	O	O	O	O	_	_	_	_	_	_
argent	O	O	O	O	O	O	_	_	_	_	_	_
est	O	O	O	O	O	O	_	_	_	_	_	_
au	O	O	O	O	O	O	_	_	_	_	_	_
Ier	O	O	O	O	O	O	_	_	_	_	_	_
titre	O	O	O	O	O	O	_	_	_	_	_	_
de	O	O	O	O	O	O	_	_	_	_	_	_
France	O	O	O	O	O	O	_	_	_	_	_	_
il	O	O	O	O	O	O	_	_	EndOfLine	_	_	_
# segment_iiif_link = https://iiif.eluxemburgensia.lu/iiif/2/ark:%2f70795%2fqx86kv%2fpages%2f4/766,1112,1644,62/full/0/default.jpg
Métal	O	O	O	O	O	O	_	_	_	_	_	_
blanc	O	O	O	O	O	O	_	_	_	_	_	_
pour	O	O	O	O	O	O	_	_	_	_	_	_
Messieurs	O	O	O	O	O	O	_	_	_	_	_	_
les	O	O	O	O	O	O	_	_	_	_	_	_
hôteliers	O	O	O	O	O	O	_	_	_	_	_	_
et	O	O	O	O	O	O	_	_	_	_	_	_
restaurants	O	O	O	O	O	O	_	_	_	_	_	_
8389	O	O	O	O	O	O	_	_	_	_	_	_
fiu	O	O	O	O	O	O	_	_	EndOfLine	_	_	_
# segment_iiif_link = https://iiif.eluxemburgensia.lu/iiif/2/ark:%2f70795%2fqx86kv%2fpages%2f4/133,1144,2290,129/full/0/default.jpg
|	O	O	O	O	O	O	_	_	_	_	_	_
GRAVURE	O	O	O	O	O	O	_	_	_	_	_	_
H	O	O	O	O	O	O	_	_	EndOfLine	_	_	_
# segment_iiif_link = https://iiif.eluxemburgensia.lu/iiif/2/ark:%2f70795%2fqx86kv%2fpages%2f4/366,1261,2050,56/full/0/default.jpg
CACHETS	O	O	O	O	O	O	_	_	_	_	_	_
TIMBRES	O	O	O	O	O	O	_	_	NoSpaceAfter	_	_	_
,	O	O	O	O	O	O	_	_	_	_	_	_
SPÉCIALITÉ	O	O	O	O	O	O	_	_	_	_	_	_
DE	O	O	O	O	O	O	_	_	_	_	_	_
PLAQUES	O	O	O	O	O	O	_	_	_	_	_	_
DE	O	O	O	O	O	O	_	_	_	_	_	_
PORTES	O	O	O	O	O	O	_	_	_	_	_	_
|	O	O	O	O	O	O	_	_	NoSpaceAfter	_	_	_
M	O	O	O	O	O	O	_	_	EndOfLine	_	_	_
# segment_iiif_link = https://iiif.eluxemburgensia.lu/iiif/2/ark:%2f70795%2fqx86kv%2fpages%2f4/132,1318,2284,64/full/0/default.jpg
m	O	O	O	O	O	O	_	_	_	_	_	_
OBJETS	O	O	O	O	O	O	_	_	_	_	_	_
D	O	O	O	O	O	O	_	_	NoSpaceAfter	_	_	_
’	O	O	O	O	O	O	_	_	NoSpaceAfter	_	_	_
ART	O	O	O	O	O	O	_	_	_	_	_	_
|	O	O	O	O	O	O	_	_	NoSpaceAfter	_	_	_
JÜ	O	O	O	O	O	O	_	_	EndOfLine	_	_	_
# segment_iiif_link = https://iiif.eluxemburgensia.lu/iiif/2/ark:%2f70795%2fqx86kv%2fpages%2f4/132,1352,2285,106/full/0/default.jpg
jJj	O	O	O	O	O	O	_	_	_	_	_	_
MEMBRE	O	O	O	O	O	O	_	_	_	_	_	_
DE	O	O	O	O	O	O	_	_	_	_	_	_
LA	O	O	O	O	O	O	_	_	_	_	_	_
SOCIÉTÉ	O	O	O	O	O	O	_	_	_	_	_	_
DES	O	O	O	O	O	O	_	_	_	_	_	_
BRONZES	O	O	O	O	O	O	_	_	_	_	_	_
DE	O	O	O	O	O	O	_	_	_	_	_	_
PARIS	O	O	O	O	O	O	_	_	_	_	_	_
[	O	O	O	O	O	O	_	_	NoSpaceAfter	_	_	_
ÎJjJf	O	O	O	O	O	O	_	_	EndOfLine	_	_	_
# segment_iiif_link = https://iiif.eluxemburgensia.lu/iiif/2/ark:%2f70795%2fqx86kv%2fpages%2f4/157,1426,2254,75/full/0/default.jpg
h	O	O	O	O	O	O	_	_	_	_	_	_
Seul	O	O	O	O	O	O	_	_	_	_	_	_
dépositaire	O	O	O	O	O	O	_	_	_	_	_	_
pour	O	O	O	O	O	O	_	_	_	_	_	_
le	O	O	O	O	O	O	_	_	_	_	_	_
Luxembourg	O	O	O	O	O	O	_	_	_	_	_	_
[	O	O	O	O	O	O	_	_	NoSpaceAfter	_	_	_
rfj	O	O	O	O	O	O	_	_	EndOfLine	_	_	_
# segment_iiif_link = https://iiif.eluxemburgensia.lu/iiif/2/ark:%2f70795%2fqx86kv%2fpages%2f4/129,1471,2287,97/full/0/default.jpg
pjl	O	O	O	O	O	O	_	_	_	_	_	_
SEUL	O	O	O	O	O	O	_	_	_	_	_	_
REPRÉSENTANT	O	O	O	O	O	O	_	_	_	_	_	_
DES	O	O	O	O	O	O	_	_	_	_	_	_
ARTS	O	O	O	O	O	O	_	_	_	_	_	_
DÉCORATIFS	O	O	O	O	O	O	_	_	_	_	_	_
FRANÇAIS	O	O	O	O	O	O	_	_	_	_	_	_
ij	O	O	O	O	O	O	_	_	NoSpaceAfter	_	_	_
-	O	O	O	O	O	O	_	_	EndOfLine	_	_	_
# segment_iiif_link = https://iiif.eluxemburgensia.lu/iiif/2/ark:%2f70795%2fqx86kv%2fpages%2f4/138,1530,2273,71/full/0/default.jpg
M	O	O	O	O	O	O	_	_	_	_	_	_
Cous	O	O	O	O	O	O	_	_	_	_	_	_
les	O	O	O	O	O	O	_	_	_	_	_	_
objets	O	O	O	O	O	O	_	_	_	_	_	_
en	O	O	O	O	O	O	_	_	_	_	_	_
or	O	O	O	O	O	O	_	_	_	_	_	_
sont	O	O	O	O	O	O	_	_	_	_	_	_
à	O	O	O	O	O	O	_	_	_	_	_	_
i	O	O	O	O	O	O	_	_	NoSpaceAfter	_	_	_
$	O	O	O	O	O	O	_	_	_	_	_	_
carats	O	O	O	O	O	O	_	_	NoSpaceAfter	_	_	_
.	O	O	O	O	O	O	_	_	_	_	_	_
H	O	O	O	O	O	O	_	_	EndOfLine	_	_	_
# segment_iiif_link = https://iiif.eluxemburgensia.lu/iiif/2/ark:%2f70795%2fqx86kv%2fpages%2f4/139,1575,2284,161/full/0/default.jpg
1	O	O	O	O	O	O	_	_	_	_	_	_
Henri	O	O	O	O	O	O	_	_	_	_	_	_
Wunsch	O	O	O	O	O	O	_	_	NoSpaceAfter	_	_	_
-	O	O	O	O	O	O	_	_	NoSpaceAfter	_	_	_
Wolff	O	O	O	O	O	O	_	_	_	_	_	_
11	O	O	O	O	O	O	_	_	EndOfLine	_	_	_
# segment_iiif_link = https://iiif.eluxemburgensia.lu/iiif/2/ark:%2f70795%2fqx86kv%2fpages%2f4/139,1702,2280,108/full/0/default.jpg
II	O	O	O	O	O	O	_	_	NoSpaceAfter	_	_	_
]	O	O	O	O	O	O	_	_	_	_	_	_
fjue	O	O	O	O	O	O	_	_	_	_	_	_
du	O	O	O	O	O	O	_	_	_	_	_	_
génie	O	O	O	O	O	O	_	_	NoSpaceAfter	_	_	_
,	O	O	O	O	O	O	_	_	_	_	_	_
en	O	O	O	O	O	O	_	_	_	_	_	_
face	O	O	O	O	O	O	_	_	_	_	_	_
de	O	O	O	O	O	O	_	_	_	_	_	_
la	O	O	O	O	O	O	_	_	_	_	_	_
Poste	O	O	O	O	O	O	_	_	NoSpaceAfter	_	_	_
,	O	O	O	O	O	O	_	_	_	_	_	_
Cuxembourg	O	O	O	O	O	O	_	_	NoSpaceAfter	_	_	_
.	O	O	O	O	O	O	_	_	_	EndOfSentence	_	_
ffl	O	O	O	O	O	O	_	_	EndOfLine	_	_	_
# segment_iiif_link = https://iiif.eluxemburgensia.lu/iiif/2/ark:%2f70795%2fqx86kv%2fpages%2f4/140,1813,1288,121/full/0/default.jpg
|	O	O	O	O	O	O	_	_	NoSpaceAfter	_	_	_
]	O	O	O	O	O	O	_	_	_	_	_	_
|	O	O	O	O	O	O	_	_	_	_	_	_
Exposition	O	O	O	O	O	O	_	_	_	_	_	_
permanente	O	O	O	O	O	O	_	_	_	_	_	_
dans	O	O	O	O	O	O	_	_	_	_	_	_
ses	O	O	O	O	O	O	_	_	_	_	_	_
magasins	O	O	O	O	O	O	_	_	NoSpaceAfter	_	_	_
.	O	O	O	O	O	O	_	_	EndOfLine	EndOfSentence	_	_
